1.004454
1.003432
0.991755
1.001917
1.022057
1.010498
1.012265
1.004682
1.007499
1.001744
1.175549
1.015517
0.993336
1.004618
0.997622
0.998483
0.994991
0.993703
0.993739
0.999607
0.998542
0.995501
1.002530
1.004235
1.006927
0.994299
0.996873
0.993064
1.002164
0.999218
1.026996
1.021785
0.989754
1.003188
0.991706
1.000593
0.990206
0.995393
0.997652
0.986334
0.999641
0.999696
0.988513
0.999564
0.989808
0.991790
0.983379
0.987427
0.999173
0.988593
0.994330
0.995653
0.989233
1.002734
0.996141
0.989585
1.002934
0.990835
1.000410
0.992030
0.996626
0.988579
0.997692
1.005600
0.987545
1.004248
0.991670
0.995644
0.992489
1.004323
0.994935
0.994694
0.990162
0.997183
0.996989
0.999719
0.991594
1.001488
0.997789
0.982960
0.987989
0.990438
0.987330
0.987619
1.002790
0.988750
0.992702
0.981330
0.998794
0.990404
0.993670
0.987059
0.994620
0.992781
1.020389
1.023173
0.997982
0.999728
0.988041
0.993727
