0.201178
0.202401
0.201346
0.202013
0.201233
0.197274
0.200520
0.201922
0.202070
0.203949
0.237910
0.205824
0.202552
0.199855
0.194146
0.193866
0.197380
0.196798
0.195590
0.195726
0.197375
0.198957
0.195925
0.196540
0.195756
0.195708
0.200595
0.198319
0.197054
0.196867
0.198189
0.200995
0.197382
0.196706
0.196477
0.196326
0.198738
0.199808
0.197924
0.195135
0.193897
0.200192
0.198814
0.194274
0.194319
0.194197
0.196290
0.196530
0.194909
0.194403
0.194291
0.197144
0.201950
0.195762
0.195770
0.195612
0.196299
0.200099
0.197962
0.196130
0.195337
0.195581
0.200798
0.196583
0.194131
0.194155
0.194076
0.200259
0.192156
0.192178
0.191772
0.191795
0.198691
0.193490
0.195422
0.192065
0.188798
0.196754
0.194821
0.194707
0.194533
0.196664
0.201893
0.197730
0.198080
0.198351
0.196811
0.199146
0.196694
0.196019
0.195889
0.195759
0.198759
0.203446
0.195291
0.195450
0.196247
0.195949
0.194395
0.191666
