2.172951
2.164859
2.180194
2.168801
2.168601
2.180948
2.166652
2.164715
2.160378
2.171486
2.321194
2.183766
2.178342
2.166633
2.175149
2.192229
2.236827
2.178242
2.166215
2.169904
2.174088
2.172365
2.173214
2.175596
2.171612
2.163309
2.161812
2.174061
2.176526
2.170653
2.161576
2.186383
2.161324
2.179998
2.173777
2.165128
2.154572
2.167265
2.170031
2.173372
2.166507
2.162811
2.159582
2.163331
2.167400
2.219119
2.196128
2.170698
2.175412
2.168947
2.173733
2.165824
2.174415
2.157517
2.163106
2.164711
2.163366
2.162932
2.161556
2.164741
2.189070
2.185558
2.165501
2.172212
2.174334
2.167934
2.164051
2.169042
2.166279
2.160932
2.165095
2.163123
2.170009
2.174488
2.195418
2.219763
2.176041
2.173180
2.166985
2.160248
2.166851
2.170475
2.167606
2.170947
2.161871
2.171659
2.171695
2.168955
2.167943
2.172493
2.181597
2.171655
2.177247
2.167670
2.157315
2.167464
2.171863
2.169313
2.165100
2.171573
