1.517360
1.506563
1.512766
1.508694
1.501319
1.515280
1.509207
1.509010
1.510437
1.515032
1.637225
1.504721
1.521306
1.522722
1.513218
1.510274
1.514578
1.514289
1.516821
1.511710
1.508757
1.509883
1.506070
1.513184
1.512872
1.503216
1.513999
1.511790
1.515553
1.518198
1.518299
1.513327
1.517601
1.514661
1.519450
1.507996
1.505127
1.511660
1.550619
1.538125
1.517018
1.510927
1.504919
1.503476
1.516521
1.513386
1.503656
1.510657
1.508528
1.511087
1.497152
1.505582
1.502286
1.507577
1.506673
1.508733
1.501996
1.509768
1.511887
1.509264
1.511589
1.524585
1.515221
1.505282
1.505526
1.508793
1.504256
1.503916
1.520860
1.512016
1.498025
1.502993
1.512302
1.509384
1.502465
1.502672
1.506956
1.494310
1.504342
1.503481
1.534826
1.547399
1.513008
1.511470
1.494764
1.503476
1.512839
1.513119
1.505601
1.507812
1.521365
1.507132
1.503255
1.503830
1.492776
1.502941
1.517967
1.504744
1.505403
1.503554
