8.670446
8.602177
8.614320
8.605831
8.614300
8.618293
8.613239
8.679773
8.611723
8.614593
8.806747
8.651664
8.647037
8.633889
8.646459
8.678151
8.641840
8.628096
8.648782
8.650853
8.639441
8.640875
8.690918
8.647297
8.627430
8.626223
8.651057
8.623390
8.624198
8.693281
8.649338
8.636764
8.635084
8.645113
8.639850
8.630301
8.638231
8.694389
8.641351
8.649679
8.646326
8.626028
8.647687
8.644024
8.719710
8.639409
8.643715
8.647835
8.645911
8.630683
8.632918
8.671007
8.648394
8.634764
8.636519
8.644047
8.638315
8.634622
8.646547
8.697114
8.640657
8.620241
8.634011
8.639705
8.647622
8.623278
8.706534
8.643959
8.629015
8.644935
8.643006
8.661817
8.641215
8.639588
8.692277
8.631162
8.628502
8.647792
8.639866
8.628852
8.614982
8.682643
8.641145
8.638970
8.631560
8.661110
8.646958
8.643808
8.677840
8.650905
8.646334
8.622633
8.644562
8.628303
8.643267
8.634214
8.706506
8.643409
8.642108
8.641667
