3.020188
3.007469
3.032324
3.084420
3.017505
3.004694
3.008619
3.018826
3.000821
3.018763
3.202503
3.033037
3.027921
3.026876
3.037555
3.009390
3.015946
3.016755
3.024622
3.016222
3.015600
3.028446
3.000844
3.021684
3.103520
3.024995
3.029026
3.012069
3.025398
3.004645
3.015008
3.011723
3.014134
3.029263
3.016339
3.031805
3.012137
3.024932
3.017099
3.014757
3.016755
3.025270
3.016079
3.001001
3.009506
3.106623
3.017422
3.014877
3.003793
3.025866
3.021192
3.019322
3.020999
3.014250
3.022469
3.004445
3.036382
3.006582
3.003415
3.022252
3.021183
3.036852
2.999005
3.026792
3.014748
3.016221
3.092636
3.022820
3.017762
3.010500
3.022329
3.025958
3.019497
3.026730
3.011383
3.022598
3.018773
3.025379
3.021471
3.012319
3.031163
3.024365
3.015567
3.015481
3.009641
3.016696
3.015575
3.018081
3.009864
3.015028
3.041834
3.073584
3.027942
3.017125
3.024140
3.014581
3.008096
3.020107
3.017434
3.021098
