6.907997
6.913043
6.907803
6.912923
6.901970
6.886840
6.893717
6.954100
6.894739
6.882558
6.999735
6.891121
6.892278
6.881517
6.882241
6.894841
6.935846
6.933318
6.909603
6.897109
6.902006
6.909559
6.901497
6.907783
6.910658
6.886157
6.958999
6.895769
6.867837
6.870212
6.873173
6.885998
6.874201
6.877307
6.876685
6.959494
6.894593
6.880013
6.881215
6.902655
6.916465
6.897155
6.921122
6.888033
6.943399
6.898840
6.870000
6.883121
6.902769
6.907455
6.905744
6.887544
6.883758
6.902369
6.934947
6.878114
6.888635
6.883411
6.888895
6.903304
6.884003
6.873342
6.889928
6.964911
6.885242
6.883671
6.888692
6.870402
6.916192
6.878259
6.894454
6.880091
6.968165
6.909754
6.892896
6.899341
6.904399
6.906403
6.889534
6.903816
6.902861
6.974222
6.901458
6.888145
6.911411
6.911713
6.899617
6.889382
6.898629
6.902239
6.895855
6.962406
6.913155
6.910215
6.899533
6.907421
6.888320
6.899357
6.903398
6.892831
