0.078742
0.077364
0.077484
0.077224
0.077249
0.077217
0.077333
0.077348
0.077334
0.077796
0.096694
0.078447
0.074927
0.074406
0.074336
0.074514
0.076593
0.073058
0.073070
0.077166
0.073363
0.070881
0.072580
0.073745
0.073736
0.080279
0.080641
0.080636
0.080251
0.073702
0.075529
0.075313
0.074635
0.075883
0.070468
0.071556
0.073107
0.073221
0.073255
0.074348
0.074791
0.075745
0.075711
0.074841
0.074997
0.073213
0.076260
0.070644
0.070136
0.072697
0.073543
0.073540
0.073543
0.073538
0.073632
0.074226
0.073752
0.073542
0.073550
0.075452
0.072645
0.071889
0.072207
0.073327
0.073297
0.073324
0.073306
0.073353
0.074589
0.074233
0.073282
0.073991
0.075784
0.077938
0.072141
0.070551
0.071713
0.072538
0.072526
0.077352
0.079557
0.072560
0.072562
0.072635
0.072713
0.072533
0.072352
0.071742
0.069150
0.069146
0.071471
0.071735
0.071661
0.071684
0.071650
0.071700
0.071709
0.073747
0.072812
0.071705
