15.726171
15.729138
15.727825
15.795469
15.742691
15.728268
15.732087
15.793235
15.734198
15.719433
15.979625
15.832771
15.783843
15.785065
15.772621
15.813716
15.778183
15.737616
15.779601
15.757644
15.806522
15.764818
15.782296
15.748684
15.805272
15.751356
15.750412
15.764227
15.836954
15.760159
15.796420
15.782793
15.832720
15.773922
15.792020
15.760027
15.843377
15.776637
15.784646
15.782576
15.847445
15.783993
15.763186
15.785066
15.824658
15.779838
15.763516
15.782031
15.824249
15.770947
15.777954
15.780852
15.787980
15.848632
15.778786
15.772061
15.785691
15.842440
15.790116
15.787008
15.775169
15.822609
15.788148
15.787344
15.772231
15.839427
15.773924
15.789065
15.789825
15.825864
15.753980
15.781967
15.791820
15.825455
15.780057
15.803336
15.786382
15.839483
15.767365
15.769274
15.772709
15.827550
15.767084
15.751189
15.783126
15.831060
15.747521
15.776844
15.746833
15.831492
15.755021
15.784411
15.762256
15.834301
15.779155
15.772278
15.771152
15.823386
15.759225
15.784854
