0.687650
0.686086
0.690544
0.686957
0.687093
0.690236
0.696014
0.686733
0.687358
0.689007
0.788136
0.691934
0.684308
0.685867
0.681101
0.683531
0.683612
0.684527
0.681025
0.682220
0.677727
0.680012
0.675163
0.678481
0.681760
0.679769
0.679762
0.681173
0.679130
0.683125
0.686619
0.679175
0.681902
0.686367
0.683507
0.683935
0.685060
0.677450
0.680623
0.687365
0.681853
0.679487
0.683982
0.680039
0.683862
0.678523
0.684621
0.690468
0.685401
0.685026
0.693841
0.701442
0.698363
0.690106
0.684389
0.688022
0.682677
0.679796
0.686855
0.676875
0.684950
0.686093
0.678603
0.681584
0.684889
0.681128
0.683574
0.687080
0.675612
0.679426
0.681033
0.680679
0.678362
0.679225
0.680283
0.677857
0.685830
0.687890
0.672125
0.680385
0.682347
0.681027
0.679718
0.683321
0.677997
0.678730
0.681733
0.678028
0.677849
0.681916
0.676026
0.680414
0.683098
0.678057
0.680148
0.682689
0.679722
0.682024
0.679997
0.686490
