5.332514
5.329203
5.395946
5.330419
5.332331
5.314414
5.335393
5.330306
5.349759
5.324051
5.512477
5.349948
5.344522
5.340264
5.423237
5.343343
5.340276
5.346883
5.322088
5.337359
5.357141
5.348341
5.346689
5.342133
5.331670
5.357235
5.423201
5.356256
5.340765
5.357869
5.357307
5.346912
5.353531
5.343714
5.346416
5.345779
5.360697
5.347164
5.419467
5.342590
5.360220
5.329567
5.360464
5.335443
5.348423
5.342367
5.346026
5.349701
5.339485
5.332549
5.422605
5.337094
5.342308
5.337803
5.350507
5.350577
5.363497
5.356464
5.340545
5.354400
5.344856
5.349743
5.422235
5.340784
5.332846
5.335068
5.337808
5.343295
5.352736
5.344941
5.342307
5.341909
5.347084
5.353048
5.417775
5.340557
5.349648
5.341632
5.337013
5.346176
5.351188
5.359241
5.335792
5.345712
5.348064
5.350081
5.418175
5.348322
5.345220
5.338507
5.340993
5.336102
5.379008
5.339239
5.352153
5.342760
5.364801
5.361501
5.422071
5.327752
