10.712790
10.698696
10.729165
10.718470
10.690106
10.679329
10.679620
10.666371
10.734250
10.697074
10.924751
10.745203
10.714016
10.723612
10.766373
10.711096
10.727129
10.730496
10.723683
10.724825
10.784868
10.724419
10.729288
10.730860
10.738539
10.727754
10.778221
10.722594
10.726328
10.737082
10.732866
10.721659
10.796127
10.727005
10.706689
10.742178
10.711333
10.710685
10.795223
10.725637
10.734624
10.734190
10.725485
10.721835
10.787592
10.719141
10.733203
10.727621
10.720401
10.740836
10.793657
10.729673
10.723237
10.723260
10.734226
10.747026
10.792586
10.717178
10.713530
10.738186
10.697888
10.718651
10.774199
10.726807
10.720624
10.720124
10.724950
10.718784
10.768947
10.717893
10.724996
10.739752
10.728500
10.726216
10.788235
10.725111
10.725629
10.733412
10.731992
10.723226
10.780428
10.714136
10.729722
10.734638
10.713348
10.730258
10.772800
10.723602
10.712895
10.725812
10.718096
10.721187
10.789622
10.735366
10.711166
10.728746
10.717805
10.730752
10.788363
10.716963
