18.978341
19.040614
18.983399
18.999657
19.041533
18.979509
18.997400
18.996741
19.046394
18.979863
19.225515
19.098916
19.031069
19.044859
19.051456
19.066122
19.039067
19.035727
19.078058
19.040085
19.060010
19.087296
19.014583
19.023492
19.035796
19.062826
19.029331
19.044786
19.072939
19.026693
19.011560
19.084365
19.047107
19.053486
19.003987
19.085864
19.041355
19.038149
19.099680
19.030717
19.029322
19.097092
19.004760
19.024095
19.041503
19.091060
19.034032
19.036921
19.081857
19.036171
19.048056
19.069263
19.016890
19.014689
19.029154
19.098350
19.038072
19.041667
19.071911
19.016607
19.039015
19.085793
19.029974
19.047864
19.035475
19.084460
19.035183
19.058772
19.120566
19.032560
19.009923
19.050183
19.026874
19.038861
19.022304
19.059414
19.016709
19.038640
19.091649
19.036355
19.047415
19.040424
19.074882
19.020060
19.025669
19.064151
19.037324
19.065414
19.093919
19.041845
19.021566
19.028643
19.058922
19.053818
19.045331
19.077979
19.038446
19.038657
19.088997
19.015672
