22.445840
22.500234
22.463374
22.459536
22.500896
22.432549
22.434440
22.486540
22.431331
22.415110
22.734800
22.498618
22.486328
22.552134
22.487790
22.492048
22.500012
22.466881
22.531558
22.477133
22.491593
22.549424
22.461348
22.481001
22.527464
22.479997
22.496352
22.537329
22.467982
22.454225
22.533211
22.471514
22.461354
22.531390
22.482786
22.527868
22.436245
22.461846
22.525926
22.486779
22.488349
22.546523
22.477523
22.508864
22.514529
22.480137
22.442758
22.517199
22.487249
22.473431
22.523418
22.489520
22.543362
22.494662
22.502017
22.552453
22.469202
22.481678
22.545899
22.483224
22.454584
22.529166
22.476947
22.483737
22.508887
22.488757
22.485555
22.523293
22.464523
22.523309
22.469164
22.473509
22.522293
22.468186
22.479096
22.531707
22.472569
22.492275
22.511965
22.486768
22.475512
22.552558
22.476192
22.478769
22.522914
22.487698
22.519757
22.489322
22.469788
22.546976
22.468072
22.464957
22.529719
22.470947
22.500783
22.555632
22.488134
22.496681
22.528501
22.473274
