26.237450
26.272598
26.241844
26.295751
26.253780
26.292696
26.234161
26.271243
26.263350
26.225322
26.592487
26.301353
26.306348
26.346456
26.324025
26.364960
26.312003
26.342913
26.336607
26.314507
26.347067
26.298559
26.379583
26.307672
26.283350
26.334919
26.310207
26.331337
26.294952
26.273701
26.324417
26.301384
26.310322
26.282686
26.295503
26.276811
26.310278
26.349564
26.307287
26.383899
26.307616
26.284914
26.360525
26.306875
26.352240
26.303813
26.289773
26.343188
26.314039
26.346587
26.280948
26.336476
26.260568
26.269390
26.339784
26.313368
26.347857
26.288955
26.303256
26.367217
26.312102
26.359741
26.309247
26.295270
26.354681
26.285549
26.353104
26.298512
26.360890
26.307987
26.281113
26.351369
26.314020
26.327132
26.287809
26.272402
26.339196
26.256691
26.353369
26.294235
26.298148
26.337646
26.296061
26.345158
26.306000
26.349570
26.292497
26.288790
26.361432
26.328925
26.352483
26.312864
26.329337
26.350674
26.320212
26.331207
26.294922
26.323608
26.344011
26.314388
