13.189895
13.206068
13.191974
13.261606
13.194763
13.200185
13.197458
13.202580
13.241025
13.176515
13.527572
13.262738
13.265703
13.266412
13.229157
13.233839
13.236285
13.291938
13.231682
13.228228
13.259313
13.245161
13.310805
13.238929
13.233211
13.213674
13.232413
13.286571
13.242889
13.244940
13.243916
13.246602
13.295146
13.252801
13.241761
13.237483
13.241820
13.279032
13.223248
13.235197
13.248154
13.305753
13.242476
13.238358
13.239787
13.232534
13.298576
13.231690
13.220157
13.245410
13.248242
13.284084
13.226679
13.235606
13.243008
13.225615
13.279788
13.240966
13.256699
13.258804
13.240551
13.293259
13.220865
13.253663
13.248155
13.284835
13.261287
13.238619
13.245909
13.237033
13.306108
13.246277
13.230174
13.257218
13.223036
13.277263
13.221440
13.235916
13.234667
13.258826
13.302973
13.237512
13.246590
13.234590
13.253938
13.308618
13.238402
13.239435
13.240561
13.238651
13.298594
13.242500
13.238993
13.240798
13.300654
13.236171
13.230512
13.236461
13.208340
13.288679
