0.362883
0.362105
0.361569
0.363728
0.373230
0.362841
0.362323
0.361856
0.362126
0.367124
0.434859
0.367101
0.359803
0.352988
0.362354
0.357796
0.364468
0.370847
0.361988
0.360377
0.363124
0.359938
0.368020
0.355689
0.357845
0.361029
0.356326
0.351882
0.352370
0.349014
0.350398
0.354807
0.361320
0.355457
0.345033
0.343099
0.353075
0.342444
0.347480
0.350218
0.345001
0.341515
0.343255
0.342649
0.345109
0.349838
0.349121
0.351954
0.341549
0.346592
0.348892
0.348460
0.350277
0.351801
0.344267
0.344774
0.350480
0.346929
0.349004
0.348838
0.344607
0.349162
0.353749
0.353691
0.349597
0.347846
0.349124
0.350820
0.349573
0.350385
0.349415
0.351707
0.348808
0.354155
0.351771
0.353802
0.351330
0.345611
0.348092
0.352230
0.350771
0.356901
0.354692
0.352730
0.353155
0.359128
0.352784
0.353844
0.352506
0.351238
0.359515
0.354008
0.345994
0.356327
0.347846
0.351752
0.356045
0.347809
0.348752
0.357876
