4.056182
4.067984
4.041183
4.042109
4.054477
4.054478
4.053340
4.051703
4.086945
4.113401
4.230748
4.075366
4.070022
4.070586
4.060380
4.059024
4.064767
4.085613
4.061123
4.066945
4.064860
4.063043
4.077676
4.073298
4.127025
4.083370
4.060984
4.060736
4.070465
4.072099
4.065186
4.056830
4.067489
4.069961
4.072847
4.063018
4.063486
4.070468
4.066906
4.060410
4.143969
4.073496
4.059577
4.064848
4.045666
4.059992
4.063023
4.049095
4.073754
4.070474
4.062597
4.056795
4.075730
4.058034
4.067125
4.074003
4.131797
4.067171
4.065946
4.059102
4.059071
4.056152
4.049839
4.064062
4.070462
4.055003
4.066013
4.072220
4.060617
4.055015
4.060710
4.108934
4.108620
4.066674
4.059414
4.059455
4.052923
4.062827
4.065785
4.066340
4.076923
4.066427
4.072926
4.065118
4.061672
4.057712
4.056349
4.148373
4.078560
4.068459
4.063958
4.065736
4.057069
4.054821
4.064373
4.074664
4.080036
4.063223
4.058864
4.058195
