0.025020
0.024405
0.024280
0.024750
0.024241
0.024242
0.024236
0.024235
0.024232
0.024231
0.027653
0.024274
0.023708
0.024508
0.023882
0.023363
0.023343
0.023355
0.023352
0.023354
0.023371
0.023364
0.023352
0.023477
0.023590
0.023341
0.023344
0.023340
0.023342
0.023347
0.023386
0.023339
0.023337
0.023349
0.023360
0.023330
0.023329
0.022898
0.022906
0.023097
0.023006
0.022914
0.023164
0.023436
0.023329
0.024233
0.024104
0.023717
0.023327
0.023910
0.023422
0.023236
0.023234
0.023242
0.023234
0.023322
0.023729
0.022943
0.022994
0.022924
0.022919
0.022931
0.023179
0.022955
0.022965
0.022933
0.023169
0.022932
0.022944
0.022939
0.022940
0.022949
0.022925
0.022943
0.022945
0.022933
0.022917
0.022926
0.022926
0.022934
0.022938
0.022951
0.022928
0.022934
0.022951
0.022942
0.022930
0.022917
0.023275
0.023637
0.023202
0.023205
0.023210
0.023201
0.023202
0.023206
0.023211
0.023219
0.023200
0.024062
