8 27 17 1 26 23 22 9 21 28 13 16 19 24 3 18 11 12 14 2 6 25 5 15 10 20 0 7 4 
28 13 16 24 19 9 23 26 1 17 6 2 18 3 11 12 14 5 25 15 10 0 20 7 27 4 8 22 21 
8 23 26 2 6 1 17 27 4 0 7 20 10 15 25 5 14 12 11 3 18 24 19 16 9 13 28 21 22 
3 18 11 12 14 5 25 15 10 0 20 7 27 4 8 22 19 24 16 13 28 21 9 23 26 1 17 6 2 
25 6 1 17 27 4 8 22 19 24 16 13 28 21 9 23 26 2 18 3 11 12 14 5 15 10 20 7 0 
5 25 15 10 0 20 7 4 8 27 17 1 26 23 22 9 21 28 13 16 19 24 3 18 11 12 14 2 6 
5 25 15 10 20 7 0 4 8 27 17 1 26 23 22 9 21 28 13 16 19 24 3 18 11 12 14 2 6 
15 10 0 20 7 4 8 27 17 1 26 23 22 9 13 28 21 16 24 19 3 18 11 12 14 2 6 5 25 
0 10 15 25 5 6 2 18 3 11 12 14 24 19 16 13 28 21 9 22 8 23 26 1 17 27 4 7 20 
27 17 1 26 23 9 22 21 28 13 16 19 24 3 18 11 12 14 2 6 5 25 15 10 0 20 7 4 8 
17 1 26 23 22 9 13 28 21 16 24 19 3 18 11 12 14 2 6 5 25 15 10 0 20 7 4 8 27 
8 23 26 1 17 27 4 7 20 0 10 15 25 5 6 2 18 3 11 12 14 24 19 16 13 28 21 9 22 
5 25 15 10 20 7 0 4 27 17 1 26 23 8 22 21 9 13 28 16 19 24 3 18 11 12 14 2 6 
16 19 24 3 18 11 12 14 2 6 5 25 15 10 20 7 0 4 8 27 17 1 26 23 22 9 21 28 13 
27 4 8 22 21 28 13 16 24 19 9 23 26 1 17 6 2 18 3 11 12 14 5 25 15 10 20 0 7 
23 26 1 17 6 2 18 3 11 12 14 5 25 15 10 20 7 0 27 4 8 22 9 19 24 16 13 28 21 
26 1 17 6 2 18 3 11 12 14 5 25 15 10 0 20 7 27 4 8 22 21 28 13 9 19 24 16 23 
14 12 11 3 18 2 6 17 1 26 23 19 24 16 13 28 21 9 22 8 27 4 7 20 0 10 15 25 5 
22 9 21 28 13 16 24 19 18 3 11 12 14 2 6 5 25 15 10 20 7 0 4 27 17 1 26 23 8 
9 21 28 13 16 24 19 23 26 1 17 6 2 18 3 11 12 14 5 25 15 10 0 7 20 27 4 8 22 
17 1 26 23 22 9 13 28 21 16 19 24 3 18 11 12 14 2 6 5 25 15 10 0 20 7 4 8 27 
10 15 25 5 6 2 18 3 11 12 14 19 24 16 13 28 21 9 22 8 23 26 1 17 27 4 7 20 0 
27 17 1 26 23 22 9 21 28 13 16 24 19 18 3 11 12 14 2 6 5 25 15 10 0 20 7 4 8 
0 10 15 25 5 6 2 14 12 11 18 3 24 16 19 9 13 28 21 22 8 23 26 1 17 27 4 7 20 
0 10 15 25 5 6 2 14 12 11 18 3 24 16 19 9 13 28 21 22 8 23 26 1 17 27 4 7 20 
7 0 20 10 15 25 5 6 2 18 11 12 14 3 24 16 19 9 13 28 21 22 8 23 26 1 17 27 4 
23 26 1 17 6 2 18 3 11 12 14 5 25 15 10 0 20 7 27 4 8 22 21 28 13 16 24 19 9 
23 26 1 17 6 2 18 3 11 12 14 5 25 15 10 0 20 7 27 4 8 22 21 28 13 16 24 19 9 
1 17 6 2 18 3 11 12 14 5 25 15 10 20 7 0 27 4 8 22 21 28 13 16 24 19 9 23 26 
1 17 6 2 18 3 11 12 14 5 25 15 10 20 7 0 27 4 8 22 21 28 13 16 19 24 9 23 26 
1 17 6 2 18 3 11 12 14 5 25 15 10 20 7 0 27 4 8 22 9 21 28 13 16 19 24 23 26 
27 17 1 26 23 22 9 21 28 13 16 19 24 3 18 11 12 14 2 6 25 5 15 10 0 20 7 4 8 
27 17 1 26 23 22 9 21 28 13 16 19 24 3 18 11 12 14 2 6 5 25 15 10 0 20 7 4 8 
8 23 26 1 17 27 4 7 0 20 10 15 5 25 6 2 18 3 11 12 14 24 19 16 13 28 21 9 22 
23 26 1 17 6 2 18 3 11 12 14 5 25 15 10 0 20 7 27 4 8 22 9 21 28 13 16 24 19 
26 1 17 25 5 6 2 18 3 11 12 14 15 10 0 20 7 27 4 8 22 21 28 13 16 24 19 9 23 
17 1 26 23 22 9 21 28 13 16 24 19 18 3 11 12 14 2 6 5 25 15 10 0 20 7 4 8 27 
27 17 1 26 23 22 9 21 28 13 16 24 19 3 18 11 12 14 2 6 5 25 15 10 0 20 7 4 8 
22 21 28 13 16 24 19 9 23 26 2 18 3 11 12 14 15 10 0 7 20 25 5 6 1 17 27 4 8 
5 25 15 10 0 7 20 27 4 8 22 21 28 13 16 24 19 9 23 26 1 17 6 2 18 3 11 12 14 
6 2 18 3 11 12 14 5 15 10 20 7 0 25 17 1 26 23 9 19 24 16 13 28 21 22 8 4 27 
6 2 18 3 11 12 14 5 15 10 20 7 0 25 17 1 26 23 9 19 24 16 13 28 21 22 8 4 27 
27 8 22 9 19 24 16 13 28 21 23 26 1 17 6 2 18 3 11 12 14 5 25 15 10 0 20 7 4 
1 17 6 2 18 3 11 12 14 5 25 15 10 0 20 7 27 4 8 22 9 19 24 16 13 28 21 23 26 
1 17 6 2 18 3 11 12 14 5 25 15 10 20 7 0 27 4 8 22 9 21 28 13 16 19 24 26 23 
1 17 6 2 18 3 11 12 14 5 25 15 10 0 20 7 27 4 8 22 21 28 13 9 16 24 19 23 26 
27 17 1 26 23 22 9 13 28 21 16 19 24 3 18 11 12 14 2 6 5 25 15 10 0 20 7 4 8 
8 22 21 9 13 28 16 19 24 3 18 11 12 14 2 6 5 25 15 10 20 7 0 4 27 17 1 26 23 
18 3 11 12 14 15 10 20 7 0 25 5 6 2 26 23 1 17 27 4 8 22 9 21 28 13 16 24 19 
6 2 18 3 11 12 14 5 25 15 10 0 20 7 27 4 8 22 9 21 28 13 16 19 24 23 26 1 17 
6 2 18 3 11 12 14 5 25 15 10 0 20 7 27 4 8 22 9 21 28 13 16 19 24 23 26 1 17 
15 10 0 7 20 25 5 6 2 26 1 17 27 4 8 23 22 9 21 28 13 16 19 24 3 18 11 12 14 
8 22 21 28 13 16 19 24 9 23 26 1 17 6 2 18 3 11 12 14 5 25 15 10 0 20 7 27 4 
1 17 6 5 25 15 10 20 0 7 27 4 8 22 9 21 28 13 16 19 24 3 18 11 12 14 2 26 23 
19 24 16 13 28 21 22 23 26 1 17 6 2 18 3 11 12 14 5 25 15 10 20 7 0 27 4 8 9 
9 21 28 13 16 19 24 23 26 1 17 6 2 18 3 11 12 14 5 25 15 10 0 20 7 27 4 8 22 
23 26 1 17 6 2 18 3 11 12 14 5 25 15 10 0 20 7 4 27 8 22 9 21 28 13 16 19 24 
18 3 24 19 16 13 28 21 9 22 23 26 1 17 27 8 4 7 20 10 0 15 25 5 6 2 14 12 11 
27 4 8 22 21 28 13 16 24 19 9 23 26 1 17 6 2 18 3 11 12 14 5 25 15 10 0 20 7 
9 21 28 13 16 24 19 23 26 1 17 6 2 18 3 11 12 14 5 25 15 10 0 20 7 4 27 8 22 
23 26 1 17 6 2 18 3 11 12 14 5 25 15 10 0 20 7 27 4 8 22 9 21 28 13 16 19 24 
27 17 1 26 23 8 22 21 9 28 13 16 19 24 3 18 11 12 14 2 6 5 25 15 10 20 0 7 4 
27 17 1 26 23 8 22 21 9 28 13 16 19 24 3 18 11 12 14 2 6 5 25 15 10 20 0 7 4 
8 22 9 13 28 21 16 24 19 3 18 11 12 14 2 6 5 25 15 10 0 20 7 4 27 17 1 26 23 
7 20 0 10 15 25 5 6 2 18 3 11 12 14 24 19 16 13 28 21 9 22 8 23 26 1 17 27 4 
7 20 0 10 15 25 5 6 2 18 3 11 12 14 24 19 16 13 28 21 9 22 8 23 26 1 17 27 4 
3 18 11 12 14 2 6 5 25 15 10 0 20 7 4 27 17 1 26 23 8 22 9 13 28 21 16 19 24 
22 21 28 13 16 24 19 9 23 26 1 17 6 2 18 3 11 12 14 5 25 15 10 20 7 0 4 27 8 
11 18 3 24 19 16 13 28 21 9 22 23 26 1 17 27 8 4 7 20 0 10 15 25 5 6 2 14 12 
11 18 3 24 19 16 13 28 21 9 22 23 26 1 17 27 8 4 7 20 0 10 15 25 5 6 2 12 14 
22 9 21 28 13 16 19 24 14 12 11 3 18 2 6 5 25 15 10 0 20 7 4 27 17 1 26 23 8 
8 22 21 28 13 16 24 19 9 23 26 1 17 6 2 18 3 11 12 14 5 25 15 10 0 20 7 4 27 
12 14 11 18 3 24 19 16 13 28 21 9 22 23 26 1 17 27 8 4 7 20 0 10 15 5 25 6 2 
22 21 28 9 13 16 19 24 3 18 11 12 14 5 15 10 0 20 7 25 6 2 26 23 1 17 27 4 8 
4 8 22 9 19 24 16 13 28 21 23 26 1 17 6 2 18 3 11 12 14 5 25 15 10 20 7 0 27 
5 25 15 10 0 20 7 4 27 17 1 26 23 8 22 9 13 28 21 16 24 19 3 18 11 12 14 6 2 
2 6 5 25 10 15 20 7 0 4 8 27 17 1 26 23 22 9 21 28 13 16 19 24 3 18 11 12 14 
3 18 11 12 14 2 6 25 5 15 10 20 7 0 4 27 17 1 26 23 8 22 21 28 13 16 24 19 9 
8 23 26 1 17 27 4 7 0 20 10 15 25 5 6 2 18 3 11 12 14 24 16 13 28 21 9 19 22 
22 9 21 28 13 16 24 19 3 18 11 12 14 5 6 2 26 23 1 17 25 15 10 20 0 7 27 4 8 
27 17 1 6 2 18 3 11 12 14 5 25 15 10 20 0 7 4 8 22 21 28 13 16 19 24 9 23 26 
23 26 1 17 27 4 7 0 20 10 15 25 5 6 2 18 3 11 12 14 24 19 16 13 28 21 9 22 8 
22 9 19 24 16 13 28 21 23 26 1 17 6 2 18 3 11 12 14 5 25 15 10 0 20 7 27 4 8 
2 6 1 17 27 4 7 20 0 10 15 25 5 14 12 11 18 3 24 19 16 13 28 21 9 22 8 23 26 
15 10 0 20 7 27 4 8 22 21 28 13 16 24 19 9 23 26 1 17 6 2 18 3 11 12 14 5 25 
2 6 25 5 15 10 20 0 7 4 27 17 1 26 23 8 22 9 21 28 13 16 24 19 3 18 11 12 14 
9 19 24 16 13 28 21 22 23 26 1 17 6 2 18 3 11 12 14 5 25 15 10 0 20 7 27 4 8 
22 9 21 28 13 16 24 19 3 18 11 12 14 2 6 1 17 25 5 15 10 0 20 7 4 27 8 23 26 
17 6 2 18 3 11 12 14 5 25 15 10 20 0 7 27 4 8 22 9 21 28 13 16 24 19 26 23 1 
17 1 26 23 2 6 5 25 10 0 7 20 15 14 12 11 18 3 24 19 16 13 28 21 9 22 8 4 27 
8 22 9 21 28 13 16 24 19 3 18 11 12 14 2 6 5 25 15 10 0 20 7 4 27 17 1 26 23 
8 22 9 21 28 13 16 24 19 3 18 11 12 14 2 6 5 25 15 10 0 20 7 4 27 17 1 26 23 
17 1 26 23 22 9 21 28 13 16 24 19 3 18 11 12 14 2 6 5 25 15 10 0 20 7 4 8 27 
17 1 26 23 22 9 21 28 13 16 24 19 3 18 11 12 14 2 6 5 25 15 10 0 20 7 4 8 27 
4 27 17 1 26 23 8 22 21 28 13 9 19 24 16 3 18 11 12 14 2 6 25 5 15 10 0 20 7 
21 28 13 16 24 19 23 26 1 17 6 2 18 3 11 12 14 5 25 15 10 0 20 7 27 4 8 22 9 
9 19 24 16 13 28 21 22 23 26 1 17 6 2 18 3 11 12 14 5 25 15 10 0 20 7 27 4 8 
22 21 28 13 16 24 19 9 23 26 1 17 6 2 18 3 11 12 14 5 25 15 10 0 20 7 4 27 8 
19 24 3 18 11 12 14 6 2 5 25 15 10 20 7 0 4 27 17 1 26 23 8 22 9 21 28 13 16 
9 19 24 16 13 28 21 22 23 26 1 17 6 2 18 3 11 12 14 5 25 15 10 0 20 7 4 27 8 
