4 19 10 15 16 7 17 1 5 18 11 0 3 9 2 13 8 14 12 6 
4 19 10 15 16 7 17 1 5 18 11 0 3 9 2 13 8 14 12 6 
2 13 14 12 6 8 4 19 10 15 16 7 17 1 5 18 11 0 3 9 
18 11 0 3 9 13 2 4 19 8 14 12 6 10 15 16 7 17 5 1 
8 14 12 6 7 16 17 1 5 18 11 0 3 9 2 13 4 19 10 15 
8 14 12 6 7 16 17 1 5 18 11 0 3 9 2 13 4 19 10 15 
8 14 12 6 7 16 17 1 5 18 11 0 3 9 2 13 4 19 10 15 
8 14 12 6 7 16 17 1 5 18 11 0 3 9 2 13 4 19 10 15 
10 15 6 12 14 8 4 19 9 2 13 3 11 0 18 5 1 7 16 17 
16 17 1 7 5 18 11 0 3 9 2 13 4 19 10 15 6 12 14 8 
9 2 13 3 11 0 18 17 1 5 7 16 15 6 12 14 8 4 19 10 
0 11 3 9 2 13 6 12 14 8 4 19 10 15 7 16 17 1 5 18 
7 16 17 1 5 18 11 0 3 9 2 13 8 14 12 6 10 19 4 15 
9 2 13 4 19 10 15 6 12 14 8 7 16 17 1 5 18 11 0 3 
9 2 13 4 19 10 15 6 12 14 8 7 16 17 1 5 18 11 0 3 
10 15 6 12 14 8 4 19 2 13 3 0 11 9 18 5 17 1 7 16 
1 5 18 11 0 3 9 2 13 4 19 10 15 6 12 14 8 7 16 17 
16 17 1 5 18 11 0 3 9 2 13 4 19 10 15 6 12 14 8 7 
16 7 1 5 17 6 12 14 8 4 19 10 15 9 2 13 3 0 11 18 
11 0 18 5 1 17 16 7 10 15 6 12 14 8 4 19 13 2 9 3 
11 0 18 5 1 17 16 7 10 15 6 12 14 8 4 19 13 2 9 3 
16 7 1 5 11 0 3 13 2 4 19 10 15 6 12 14 8 9 18 17 
9 2 13 14 8 4 19 10 15 6 12 7 16 17 1 5 18 11 0 3 
13 14 8 4 19 10 15 6 12 7 16 17 1 5 18 11 0 3 9 2 
13 14 8 4 19 10 15 6 12 7 16 17 1 5 18 11 0 3 9 2 
18 11 0 3 9 2 13 6 12 14 8 4 19 10 15 16 7 17 1 5 
18 11 0 3 9 2 13 6 12 14 8 4 19 10 15 16 7 17 1 5 
15 6 12 14 8 4 19 10 2 13 3 9 18 11 0 5 1 17 16 7 
13 6 12 14 8 4 19 10 15 16 7 17 1 5 18 11 0 3 9 2 
13 6 12 14 8 4 19 10 15 16 7 17 1 5 18 11 0 3 9 2 
13 14 8 4 19 10 15 6 12 7 17 16 1 5 18 11 0 3 9 2 
13 6 12 14 8 4 19 10 15 16 7 17 1 5 18 11 0 3 9 2 
6 12 14 8 4 19 10 15 16 7 17 1 5 18 11 0 3 9 2 13 
15 16 7 17 1 5 18 11 0 3 9 2 13 14 8 4 19 10 12 6 
6 12 14 8 4 19 10 15 16 7 17 1 5 18 11 0 3 9 2 13 
6 12 14 8 4 19 10 15 16 7 17 1 5 18 11 0 3 9 2 13 
6 12 14 8 4 19 10 15 16 7 17 1 5 18 11 0 3 9 2 13 
16 7 17 1 5 18 11 0 3 9 2 13 14 8 4 19 10 15 6 12 
6 12 14 8 4 19 10 15 16 7 17 1 5 18 11 0 3 9 2 13 
4 19 10 15 16 7 17 1 5 18 11 0 3 9 2 13 14 8 12 6 
13 14 8 4 19 10 15 6 12 7 16 17 1 5 18 11 0 3 9 2 
10 15 6 12 14 8 7 16 17 1 5 18 11 0 3 9 13 2 4 19 
10 15 6 12 14 8 7 16 17 1 5 18 11 0 3 9 13 2 4 19 
5 18 11 0 3 9 2 13 4 19 10 15 6 12 14 8 7 16 17 1 
3 9 2 13 4 19 10 15 6 12 14 8 7 16 17 1 5 18 11 0 
0 3 9 2 13 4 19 10 15 6 12 14 8 7 16 17 1 5 18 11 
3 9 2 13 4 19 10 15 6 12 14 8 7 16 17 1 5 18 11 0 
0 3 9 2 13 4 19 10 15 6 12 14 8 7 16 17 1 5 18 11 
1 5 18 11 0 3 9 2 13 4 19 10 15 6 12 14 8 7 16 17 
11 0 3 9 2 13 4 19 10 15 6 12 14 8 7 16 17 1 5 18 
3 9 2 13 4 19 10 15 6 12 14 8 7 16 17 1 5 18 11 0 
9 2 13 4 19 10 15 6 12 14 8 7 16 17 1 5 18 11 0 3 
3 9 2 13 4 19 10 15 6 12 14 8 7 16 17 1 5 18 11 0 
9 2 13 4 19 10 15 6 12 14 8 7 16 17 1 5 18 11 0 3 
16 17 1 5 18 11 0 3 9 2 13 4 19 10 15 6 12 14 8 7 
16 17 1 5 18 11 0 3 9 2 13 4 19 10 15 8 14 12 6 7 
12 6 7 16 17 1 5 18 11 0 3 9 2 13 4 19 10 15 8 14 
14 8 4 19 10 15 16 17 7 1 5 18 11 0 3 9 2 13 6 12 
14 8 4 19 10 15 16 17 7 1 5 18 11 0 3 9 2 13 6 12 
14 8 4 19 10 15 16 17 7 1 5 18 11 0 3 9 2 13 6 12 
16 17 1 5 18 11 0 3 9 2 13 4 19 10 15 6 12 14 8 7 
16 17 1 5 18 11 0 3 9 2 13 4 19 10 15 6 12 14 8 7 
6 12 14 8 4 19 10 15 16 7 17 1 5 18 11 0 3 9 2 13 
3 9 2 13 4 19 10 15 6 12 14 8 7 16 17 1 5 18 11 0 
6 12 14 8 4 19 10 15 16 17 7 1 5 18 11 0 3 9 2 13 
6 12 14 8 4 19 10 15 16 17 7 1 5 18 11 0 3 9 2 13 
6 12 14 8 4 19 10 15 16 17 7 1 5 18 11 0 3 9 2 13 
6 12 14 8 4 19 10 15 16 17 7 1 5 18 11 0 3 9 2 13 
6 12 14 8 4 19 10 15 16 7 17 1 5 18 11 0 3 9 2 13 
6 12 14 8 4 19 10 15 16 7 17 1 5 18 11 0 3 9 2 13 
4 19 10 15 16 7 17 1 5 18 11 0 3 9 2 13 6 12 14 8 
0 3 9 2 13 6 12 14 8 4 19 10 15 16 7 17 1 5 18 11 
4 19 10 15 16 7 17 1 5 18 11 0 3 9 2 13 6 12 14 8 
4 19 10 15 16 7 17 1 5 18 11 0 3 9 2 13 6 12 14 8 
4 19 10 15 16 7 17 1 5 18 11 0 3 9 2 13 6 12 14 8 
4 19 10 15 16 7 17 1 5 18 11 0 3 9 2 13 6 12 14 8 
9 2 13 6 12 14 8 4 19 10 15 16 7 17 1 5 18 11 0 3 
16 7 17 1 5 18 11 0 3 9 2 13 6 12 14 8 4 19 10 15 
4 19 10 15 16 7 17 1 5 18 11 0 3 9 2 13 6 12 14 8 
16 7 17 1 5 18 11 0 3 9 2 13 6 12 14 8 4 19 10 15 
8 4 19 10 15 16 7 17 1 5 18 11 0 3 9 2 13 6 12 14 
4 19 10 15 16 7 17 1 5 18 11 0 3 9 2 13 6 12 14 8 
6 12 14 8 4 19 10 15 16 7 17 1 5 18 11 0 3 9 2 13 
6 12 14 8 4 19 10 15 16 7 17 1 5 18 11 0 3 9 2 13 
6 12 14 8 4 19 10 15 16 7 17 1 5 18 11 0 3 9 2 13 
6 12 14 8 4 19 10 15 16 7 17 1 5 18 11 0 3 9 2 13 
6 12 14 8 4 19 10 15 16 7 17 1 5 18 11 0 3 9 2 13 
6 12 14 8 4 19 10 15 16 7 17 1 5 18 11 0 3 9 2 13 
6 12 14 8 4 19 10 15 16 7 17 1 5 18 11 0 3 9 2 13 
1 5 18 11 0 3 9 2 13 4 19 10 15 6 12 14 8 16 7 17 
3 9 2 13 4 19 10 15 6 12 14 8 16 7 17 1 5 18 11 0 
1 5 18 11 0 3 9 2 13 4 19 10 15 6 12 14 8 16 7 17 
11 0 3 9 2 13 4 19 10 15 6 12 14 8 16 7 17 1 5 18 
7 17 1 5 18 11 0 3 9 2 13 4 19 10 15 6 12 14 8 16 
4 19 10 15 6 12 14 8 16 7 17 1 5 18 11 0 3 9 2 13 
17 1 5 18 11 0 3 9 2 13 4 19 10 15 6 12 14 8 16 7 
17 1 5 18 11 0 3 9 2 13 4 19 10 15 6 12 14 8 16 7 
4 19 10 15 6 12 14 8 16 7 17 1 5 18 11 0 3 9 2 13 
2 13 4 19 10 15 6 12 14 8 16 7 17 1 5 18 11 0 3 9 
4 19 10 15 6 12 14 8 16 7 17 1 5 18 11 0 3 9 2 13 
