41 9 33 22 19 24 32 1 38 7 40 26 30 0 31 35 23 16 2 42 20 43 15 21 14 3 25 17 11 4 34 12 13 39 37 8 6 28 36 10 29 18 27 5 
18 29 10 7 38 1 32 24 31 35 23 0 30 26 40 8 6 28 36 37 39 13 12 34 4 11 25 17 3 21 14 15 43 42 20 2 16 19 22 9 33 41 5 27 
7 38 1 32 24 31 35 23 0 30 12 34 4 11 25 17 3 21 14 15 43 42 20 2 16 19 22 9 33 41 5 27 18 29 10 28 6 8 36 37 39 13 40 26 
21 14 15 43 42 20 2 16 19 22 9 33 41 5 27 18 29 10 7 38 1 32 24 31 35 23 0 30 26 40 8 6 28 36 37 39 13 12 34 4 11 17 25 3 
9 41 5 27 18 29 10 38 1 32 24 31 35 23 0 30 26 40 7 28 6 8 36 37 39 13 12 34 4 11 25 17 3 14 21 15 43 42 20 2 16 19 22 33 
19 22 33 9 41 5 27 18 29 10 28 6 8 36 37 39 13 40 26 7 38 1 32 24 31 35 23 0 30 12 34 4 11 25 17 3 21 14 15 43 42 20 2 16 
9 41 5 27 18 29 10 38 1 32 24 31 35 23 0 30 26 40 7 28 6 8 36 37 39 13 12 34 4 11 17 25 3 21 14 15 43 42 20 2 16 19 22 33 
33 9 41 5 27 18 29 10 38 1 32 24 31 35 23 0 30 12 13 40 26 7 28 8 6 36 37 39 34 4 11 17 25 3 21 14 15 43 42 20 2 16 19 22 
11 25 17 3 21 14 15 43 42 20 2 16 19 22 9 33 41 5 27 18 29 10 38 1 32 24 31 35 23 0 30 26 40 7 28 6 8 36 37 39 13 12 34 4 
21 14 15 43 42 20 2 16 19 22 33 9 41 5 27 18 29 10 28 8 6 36 37 39 34 4 11 25 17 3 12 13 30 0 26 40 7 38 1 32 24 31 35 23 
21 14 15 43 42 20 2 16 19 22 33 9 41 5 27 18 29 10 28 8 6 36 37 39 34 4 11 25 17 3 12 13 30 0 26 40 7 38 1 32 24 31 35 23 
38 1 32 24 31 35 23 0 30 26 40 7 8 28 6 36 37 39 13 12 34 4 11 25 17 3 21 14 15 43 42 20 2 16 19 22 9 33 41 5 27 18 29 10 
7 38 1 32 24 31 35 23 0 30 12 34 4 11 25 17 3 21 14 15 43 42 20 2 16 19 22 9 33 41 5 27 18 29 10 28 36 6 8 37 39 13 40 26 
9 41 5 27 18 29 10 7 38 1 32 24 31 35 23 0 30 26 40 8 6 28 36 37 39 13 12 34 4 11 25 17 3 21 14 15 43 42 20 2 16 19 22 33 
9 41 5 27 18 29 10 38 1 32 24 31 35 23 0 30 26 40 7 28 6 8 36 37 39 13 12 34 4 11 25 17 3 21 14 15 43 42 20 2 16 19 22 33 
26 40 7 38 1 32 24 31 35 23 0 30 12 34 4 11 25 17 3 21 14 15 43 42 20 2 16 19 22 9 33 41 5 27 18 29 10 28 6 8 36 37 39 13 
7 38 1 32 24 31 35 23 0 30 12 34 4 11 25 17 3 14 21 15 43 42 20 2 16 19 22 9 33 41 5 27 18 29 10 28 6 8 36 37 39 13 40 26 
29 10 38 1 32 24 31 35 23 0 30 26 40 7 28 6 8 36 37 39 13 12 34 4 11 25 17 3 21 14 15 43 42 20 2 16 19 22 9 33 41 5 27 18 
31 35 23 16 2 43 42 20 15 21 14 3 25 17 11 4 34 12 13 39 37 8 6 36 28 10 29 18 27 5 41 9 33 22 19 24 32 1 38 7 40 26 30 0 
7 38 1 32 24 31 35 23 0 30 12 34 4 11 25 17 3 21 14 15 43 42 20 2 16 19 22 9 33 41 5 27 18 29 10 28 6 8 36 37 39 13 40 26 
7 38 1 32 24 31 35 23 0 30 12 34 4 11 25 17 3 21 14 15 43 42 20 2 16 19 22 9 33 41 5 27 18 29 10 28 6 8 36 37 39 13 40 26 
33 9 41 5 27 18 29 10 38 1 32 24 31 35 23 0 30 12 13 40 26 7 28 6 8 36 37 39 34 4 11 17 25 3 21 14 15 43 42 20 2 16 19 22 
7 38 1 32 24 31 35 23 0 30 12 34 4 11 17 25 3 21 14 15 43 42 20 2 16 19 22 9 33 41 5 27 18 29 10 28 6 8 36 37 39 13 40 26 
4 11 25 17 3 21 14 15 43 42 20 2 16 19 22 9 33 41 5 27 18 29 10 38 1 32 24 31 35 23 0 30 26 40 7 28 6 8 36 37 39 13 12 34 
29 10 38 1 32 24 31 35 23 0 30 26 40 7 28 8 6 36 37 39 13 12 34 4 11 25 17 3 21 14 15 43 42 20 2 16 19 22 9 33 41 5 27 18 
7 38 1 32 24 31 35 23 0 30 12 13 39 37 8 36 6 28 10 29 18 27 5 41 9 33 22 19 16 2 43 42 20 15 21 14 3 25 17 11 4 34 40 26 
25 17 11 4 34 12 13 39 37 36 6 8 28 10 29 18 27 5 41 9 33 22 19 24 32 1 38 7 40 26 30 0 31 35 23 16 2 43 42 20 15 21 14 3 
9 41 5 27 18 29 10 38 1 32 24 31 35 23 0 30 26 40 7 28 8 6 36 37 39 13 12 34 4 11 25 17 3 21 14 15 43 42 20 2 16 19 22 33 
28 6 8 36 37 39 13 12 34 4 11 25 17 3 21 14 15 43 42 20 2 16 19 22 9 33 41 5 27 18 29 10 38 1 32 24 31 35 23 0 30 26 40 7 
7 38 1 32 24 31 35 23 0 30 12 13 39 34 4 11 25 17 3 21 14 15 43 42 20 2 16 19 22 9 33 41 5 27 18 29 10 28 36 6 8 37 40 26 
1 32 24 31 35 23 0 30 26 40 7 28 6 36 8 37 39 13 12 34 4 11 25 17 3 21 14 15 43 42 20 2 16 19 22 9 33 41 5 27 18 29 10 38 
25 17 11 4 34 12 13 39 37 8 36 6 28 10 29 18 27 5 41 9 33 22 19 24 32 1 38 7 26 40 30 0 31 35 23 16 2 43 42 20 15 21 14 3 
9 41 5 27 18 29 10 38 1 32 24 31 35 23 0 30 26 40 7 28 36 6 8 37 39 13 12 34 4 11 25 17 3 21 14 15 43 42 20 2 16 19 22 33 
9 41 5 27 18 29 10 38 1 32 24 31 35 23 0 30 26 40 7 28 6 8 36 37 39 13 12 34 4 11 25 17 3 21 14 15 43 42 20 2 16 19 22 33 
33 9 41 5 27 18 29 10 38 1 32 24 31 35 23 0 30 26 40 7 28 6 8 36 37 39 13 12 34 4 11 25 17 3 21 14 15 43 42 20 2 16 19 22 
33 9 41 5 27 18 29 10 38 1 32 24 31 35 23 0 30 12 13 40 26 7 8 6 28 36 37 39 34 4 11 17 25 3 21 14 15 43 42 20 2 16 19 22 
9 41 5 27 18 29 10 38 1 32 24 31 35 23 0 30 26 40 7 28 6 8 36 37 39 13 12 34 4 11 25 17 3 21 14 15 43 42 20 2 16 19 22 33 
13 30 26 40 7 38 1 32 24 31 35 23 0 12 34 4 11 25 17 3 21 14 15 43 42 20 2 16 19 22 9 33 41 5 27 18 29 10 28 36 6 8 37 39 
20 42 43 2 16 19 22 9 33 41 5 27 18 29 10 38 1 32 24 31 35 23 0 30 26 40 7 8 6 28 36 37 39 13 12 34 4 11 25 17 3 21 14 15 
7 38 1 32 24 31 35 23 0 30 12 13 39 34 4 11 25 17 3 21 14 15 43 42 20 2 16 19 22 9 33 41 5 18 27 29 10 28 36 6 8 37 40 26 
34 4 11 25 17 3 21 14 15 43 42 20 2 16 35 23 31 0 30 26 40 7 38 1 32 24 19 22 9 33 41 5 27 18 29 10 28 6 8 36 37 39 13 12 
9 41 5 27 18 29 10 38 1 32 24 31 35 23 0 30 26 40 7 28 8 6 36 37 39 13 12 34 4 11 25 17 3 21 14 15 43 42 20 2 16 19 22 33 
36 6 8 28 10 29 18 27 5 41 9 33 22 19 16 2 43 42 20 15 21 14 3 25 17 11 4 34 12 30 0 31 23 35 24 32 1 38 7 26 40 13 39 37 
41 5 27 18 29 10 38 1 32 24 31 35 23 0 30 26 40 7 8 6 28 36 37 39 13 12 34 4 11 25 17 3 21 14 15 43 42 20 2 16 19 22 9 33 
33 9 41 5 27 18 29 10 38 1 32 24 31 35 23 0 30 26 40 7 28 6 8 36 37 39 13 12 34 4 11 25 17 3 21 14 15 43 42 20 2 16 19 22 
26 40 13 12 30 0 3 25 17 11 4 34 39 37 8 36 6 28 10 29 18 27 5 41 9 33 22 19 16 2 43 42 20 15 21 14 23 35 31 24 32 1 38 7 
25 17 11 4 34 39 37 8 36 6 28 10 29 18 27 5 41 9 33 22 19 24 32 1 38 7 40 26 13 12 30 0 31 35 23 16 2 43 42 20 15 21 14 3 
21 14 15 43 42 20 2 16 19 22 9 33 41 5 27 18 29 10 28 6 8 36 37 39 13 34 4 11 25 17 3 12 30 0 26 40 7 38 1 32 24 31 35 23 
33 9 41 5 27 18 29 10 38 1 32 24 31 35 23 0 30 26 40 7 8 6 28 36 37 39 13 12 34 4 11 25 17 3 21 14 15 43 42 20 2 16 19 22 
21 14 15 43 42 20 2 16 19 22 9 33 41 5 27 18 29 10 38 1 32 24 31 35 23 0 30 26 40 7 28 6 8 36 37 39 13 12 34 4 11 25 17 3 
38 1 32 24 31 35 23 0 30 12 34 4 11 25 17 3 21 14 15 43 42 20 2 16 19 22 9 33 41 5 27 18 29 10 28 6 8 36 37 39 13 40 26 7 
21 14 15 43 42 20 2 16 19 22 9 33 41 5 27 18 29 10 28 6 8 36 37 39 13 34 4 11 25 17 3 12 30 0 26 40 7 38 1 32 24 31 35 23 
3 25 17 11 4 34 13 40 26 7 38 1 32 24 31 35 23 0 30 12 39 37 8 36 6 28 10 29 18 27 5 41 9 33 22 19 16 2 43 42 20 15 21 14 
22 9 33 41 5 27 18 29 10 38 1 32 24 31 35 23 0 30 26 40 7 8 6 28 36 37 39 13 12 34 4 11 17 25 3 21 14 15 43 42 20 2 16 19 
23 35 31 24 32 1 38 27 18 5 41 9 33 22 19 16 2 43 42 20 15 21 14 3 25 17 11 4 34 12 13 39 37 8 36 6 28 10 29 7 40 26 30 0 
21 14 15 43 42 20 2 16 19 22 9 33 41 5 27 18 29 10 38 1 32 24 31 35 23 0 30 26 40 7 8 6 28 36 37 39 13 12 34 4 11 25 17 3 
9 33 41 5 27 18 29 10 38 1 32 24 31 35 23 0 30 26 40 7 28 6 8 36 37 39 13 12 34 4 11 25 17 3 21 14 15 43 42 20 2 16 19 22 
9 41 5 27 18 29 10 38 1 32 24 31 35 23 0 30 26 40 7 8 6 28 36 37 39 13 12 34 4 11 25 17 3 21 14 15 43 42 20 2 16 19 22 33 
12 30 0 23 35 31 24 32 1 38 27 18 5 41 9 33 22 19 16 2 43 42 20 15 21 14 3 25 17 11 4 34 39 37 8 36 6 28 10 29 7 40 26 13 
29 10 38 1 32 24 31 35 23 0 30 12 13 40 26 7 8 28 6 36 37 39 34 4 11 17 25 3 21 14 15 43 42 20 2 16 19 22 9 33 41 5 27 18 
32 1 38 7 40 26 30 0 31 35 23 16 2 43 42 20 15 21 14 3 25 17 11 4 34 12 13 39 37 8 6 36 28 10 29 18 27 5 41 9 33 22 19 24 
26 40 7 38 1 32 24 31 35 23 0 30 12 34 4 11 25 17 3 21 14 15 43 42 20 2 16 19 22 9 33 41 5 27 18 29 10 28 36 6 8 37 39 13 
14 21 15 43 42 20 2 16 19 22 9 33 41 5 27 18 29 38 1 32 24 31 35 23 0 30 26 40 7 10 28 36 6 8 37 39 13 12 34 4 11 25 17 3 
19 22 9 33 41 5 27 18 29 10 38 1 32 24 31 35 23 0 30 26 40 7 28 8 6 36 37 39 13 12 34 4 11 25 17 3 21 14 15 43 42 20 2 16 
21 14 15 43 42 20 2 16 19 22 9 33 41 5 27 18 29 10 28 6 8 36 37 39 13 34 4 11 25 17 3 12 30 0 26 40 7 38 1 32 24 31 35 23 
29 10 38 1 32 24 31 35 23 0 30 26 40 7 28 6 8 36 37 39 13 12 34 4 11 25 17 3 21 14 15 43 42 20 2 16 19 22 9 33 41 5 27 18 
9 41 5 27 18 29 10 38 1 32 24 31 35 23 0 30 26 40 7 28 6 36 8 37 39 13 12 34 4 11 25 17 3 21 14 15 43 42 20 2 16 19 22 33 
7 38 1 32 24 31 35 23 0 30 12 34 4 11 25 17 3 21 14 15 43 42 20 2 16 19 22 9 33 41 5 27 18 29 10 28 6 8 36 37 39 13 40 26 
4 34 12 30 0 23 35 31 24 32 1 38 7 40 26 13 39 37 8 36 6 28 10 29 27 18 5 41 9 33 22 19 16 2 43 42 20 15 21 14 3 25 17 11 
18 27 5 41 9 33 22 19 16 2 43 42 20 15 21 14 3 25 17 11 4 34 12 13 39 37 8 6 28 36 7 40 26 30 0 23 35 31 24 32 1 38 10 29 
9 41 5 18 27 38 1 32 24 31 35 23 0 30 12 13 40 26 7 29 10 28 36 6 8 37 39 34 4 11 25 17 3 21 14 15 43 42 20 2 16 19 22 33 
14 21 15 43 42 20 2 16 19 22 9 33 41 5 27 18 29 10 38 1 32 24 31 35 23 0 30 26 40 7 28 8 6 36 37 39 13 12 34 4 11 25 17 3 
21 14 15 43 42 20 2 16 19 22 9 33 41 5 27 18 29 10 28 6 8 36 37 39 13 34 4 11 25 17 3 12 30 0 26 40 7 38 1 32 24 31 35 23 
33 9 41 5 27 18 29 10 38 1 32 24 31 35 23 0 30 26 40 7 8 6 28 36 37 39 13 12 34 4 11 25 17 3 21 14 15 43 42 20 2 16 19 22 
26 40 13 12 30 0 31 35 23 16 2 43 42 20 15 21 14 3 25 17 11 4 34 39 37 8 6 36 28 10 29 18 27 5 41 9 33 22 19 24 32 1 38 7 
36 6 8 28 10 29 18 27 5 41 9 33 22 19 24 32 1 38 7 40 26 30 0 31 35 23 16 2 43 42 20 15 21 14 3 25 17 11 4 34 12 13 39 37 
29 10 38 1 32 24 31 35 23 0 30 26 40 7 28 6 8 36 37 39 13 12 34 4 11 25 17 3 21 14 15 43 42 20 2 16 19 22 9 33 41 5 27 18 
26 40 13 12 30 0 31 35 23 16 2 43 42 20 15 21 14 3 25 17 11 4 34 39 37 8 6 36 28 10 29 18 27 5 41 9 33 22 19 24 32 1 38 7 
5 27 18 29 10 38 1 32 24 31 35 23 0 30 12 13 40 26 7 28 6 8 36 37 39 34 4 11 25 17 3 21 14 15 43 42 20 2 16 19 22 9 33 41 
26 40 13 12 30 0 31 23 35 16 2 43 42 20 15 21 14 3 25 17 11 4 34 39 37 8 36 6 28 10 29 18 27 5 41 9 33 22 19 24 32 1 38 7 
1 32 24 31 35 23 0 30 26 40 7 38 27 18 5 41 9 33 22 19 16 2 43 42 20 15 21 14 3 25 17 11 4 34 12 13 39 37 8 36 6 28 10 29 
21 14 15 43 42 20 2 16 19 22 9 33 41 5 27 18 29 10 28 8 6 36 37 39 34 4 11 25 17 3 12 13 30 0 26 40 7 38 1 32 24 31 35 23 
2 43 42 20 15 21 14 3 25 17 11 4 34 12 30 26 40 7 38 1 32 24 31 35 23 0 13 39 37 8 36 6 28 10 29 18 27 5 41 9 33 22 19 16 
9 41 5 27 18 29 10 38 1 32 24 31 35 23 0 30 26 40 7 28 36 6 8 37 39 13 12 34 4 11 25 17 3 21 14 15 43 42 20 2 16 19 22 33 
26 40 7 38 1 32 24 31 35 23 0 30 12 34 4 11 25 17 3 21 14 15 43 42 20 2 16 19 22 9 33 41 5 27 18 29 10 28 6 8 36 37 39 13 
9 41 5 27 18 29 10 38 1 32 24 31 35 23 0 30 26 40 7 8 6 28 36 37 39 13 12 34 4 11 25 17 3 21 14 15 43 42 20 2 16 19 22 33 
9 41 5 27 18 29 10 38 1 32 24 31 35 23 0 30 26 40 7 8 6 28 36 37 39 13 12 34 4 11 25 17 3 21 14 15 43 42 20 2 16 19 22 33 
3 12 30 0 26 40 7 38 1 32 24 31 35 23 21 14 15 43 42 20 2 16 19 22 9 33 41 5 27 18 29 10 28 6 8 36 37 39 13 34 4 11 25 17 
19 22 9 33 41 5 27 18 29 10 38 1 32 24 31 35 23 0 30 26 40 7 28 6 8 36 37 39 13 12 34 4 11 25 17 3 21 14 15 43 42 20 2 16 
5 27 18 29 10 38 1 32 24 31 35 23 0 30 26 40 7 28 6 36 8 37 39 13 12 34 4 11 25 17 3 21 14 15 43 42 20 2 16 19 22 9 33 41 
28 6 8 36 37 39 13 30 26 40 7 38 1 32 24 31 35 23 0 12 34 4 11 25 17 3 21 14 15 43 42 20 2 16 19 22 9 33 41 5 27 18 29 10 
7 38 1 32 24 31 35 23 0 30 12 34 4 11 25 17 3 21 14 15 43 42 20 2 16 19 22 9 33 41 5 27 18 29 10 28 6 8 36 37 39 13 40 26 
38 1 32 24 31 35 23 0 30 12 34 4 11 25 17 3 21 14 15 43 42 20 2 16 19 22 9 33 41 5 27 18 29 10 28 6 8 36 37 39 13 40 26 7 
37 8 6 36 28 10 29 18 27 5 41 9 33 22 19 24 31 32 1 38 7 26 40 13 12 30 0 23 35 16 2 43 42 20 15 21 14 3 25 17 11 4 34 39 
21 14 15 43 42 20 2 16 19 22 9 33 41 5 27 18 29 10 28 6 8 36 37 39 34 4 11 25 17 3 12 13 30 0 26 40 7 38 1 32 24 31 35 23 
32 24 31 35 23 21 14 15 43 42 20 2 16 19 22 9 33 41 5 27 18 29 10 28 6 8 36 37 39 13 34 4 11 25 17 3 12 30 0 26 40 7 38 1 
29 10 38 1 32 24 31 35 23 0 30 26 40 7 8 6 28 36 37 39 13 12 34 4 11 25 17 3 21 14 15 43 42 20 2 16 19 22 9 33 41 5 18 27 
7 38 1 32 24 31 35 23 0 30 12 34 4 11 25 17 3 21 14 15 43 42 20 2 16 19 22 9 33 41 5 27 18 29 10 28 6 8 36 37 39 13 40 26 
22 9 33 41 5 27 18 29 10 38 1 32 24 31 35 23 0 30 26 40 7 8 6 28 36 37 39 13 12 34 4 11 17 25 3 21 14 15 43 42 20 2 16 19 
19 22 9 33 41 5 27 18 29 10 38 1 32 24 31 35 23 0 30 26 40 7 8 6 28 36 37 39 13 12 34 4 11 17 25 3 21 14 15 43 42 20 2 16 
