5 17 0 6 16 1 3 4 15 9 13 7 11 8 18 2 14 10 12 
5 17 0 6 16 1 3 4 15 9 13 7 11 8 18 2 14 10 12 
4 3 16 1 6 0 5 17 10 14 12 2 18 8 11 7 13 9 15 
12 5 0 17 6 16 1 3 4 15 9 13 7 11 8 18 2 14 10 
5 17 0 6 16 1 3 4 15 9 13 7 11 8 18 2 14 10 12 
5 17 0 6 16 1 3 4 15 9 13 7 11 8 18 2 14 10 12 
5 17 0 6 16 1 3 4 15 9 13 7 11 8 18 2 14 10 12 
18 2 14 10 12 5 0 17 6 1 16 3 4 15 9 13 11 8 7 
13 7 11 8 18 2 14 10 12 5 17 0 6 16 1 3 4 15 9 
5 0 17 6 1 16 3 4 15 9 13 11 8 7 18 2 14 10 12 
5 0 17 6 1 16 3 4 15 9 13 7 11 8 18 2 14 10 12 
5 0 17 6 1 16 3 4 15 9 13 7 11 8 18 2 14 10 12 
5 17 0 6 16 1 3 4 15 9 13 7 11 8 18 2 14 10 12 
5 17 0 6 16 1 3 4 15 9 13 7 11 8 18 2 14 10 12 
5 17 0 6 16 1 3 4 15 9 13 7 11 8 18 2 14 10 12 
9 13 7 11 8 18 2 14 10 12 5 0 17 6 1 16 3 4 15 
9 13 7 11 8 18 2 14 10 12 5 0 17 6 1 16 3 4 15 
7 11 8 18 2 14 10 12 5 0 17 6 1 16 3 4 15 9 13 
5 0 17 6 1 16 3 4 15 9 13 7 11 8 18 2 14 10 12 
12 5 0 17 6 16 1 3 4 15 9 13 7 11 8 18 2 14 10 
4 15 9 13 7 11 8 18 2 14 10 12 5 17 0 6 1 16 3 
5 17 0 6 16 1 3 4 15 9 13 7 11 8 18 2 14 10 12 
1 16 3 4 15 9 13 7 11 8 18 2 14 10 12 5 0 17 6 
12 5 17 0 6 16 1 3 4 15 9 13 7 11 8 18 2 14 10 
5 17 0 6 16 1 3 4 15 9 13 7 11 8 18 2 14 10 12 
5 0 17 6 16 1 3 4 15 9 13 11 8 7 18 2 14 10 12 
5 17 0 6 16 1 3 4 15 9 13 7 11 8 18 2 14 10 12 
5 17 0 6 16 1 3 4 15 9 13 7 11 8 18 2 14 10 12 
5 0 17 6 1 16 3 4 15 9 13 11 8 7 18 2 14 10 12 
5 17 0 6 16 1 3 4 15 9 13 7 11 8 18 2 14 10 12 
5 17 0 6 16 1 3 4 15 9 13 7 11 8 18 2 14 10 12 
7 11 8 18 2 14 10 12 5 0 17 6 1 16 3 4 15 9 13 
7 11 8 18 2 14 10 12 5 0 17 6 1 16 3 4 15 9 13 
18 2 14 10 12 5 17 0 6 16 1 3 4 15 9 13 7 11 8 
5 17 0 6 16 1 3 4 15 9 13 7 11 8 18 2 14 10 12 
5 17 0 6 16 1 3 4 15 9 13 7 11 8 18 2 14 10 12 
5 17 0 6 16 1 3 4 15 9 13 7 11 8 18 2 14 10 12 
5 17 0 6 16 1 3 4 15 9 13 7 11 8 18 2 14 10 12 
5 17 0 6 16 1 3 4 15 9 13 7 11 8 18 2 14 10 12 
10 14 2 18 8 11 7 13 9 15 4 3 16 1 6 0 17 5 12 
10 14 2 18 8 11 7 13 9 15 4 3 16 1 6 0 17 5 12 
10 14 2 18 8 11 7 13 9 15 4 3 16 1 6 0 17 5 12 
5 17 0 6 16 1 3 4 15 9 13 7 11 8 18 2 14 10 12 
5 17 0 6 16 1 3 4 15 9 13 7 11 8 18 2 14 10 12 
5 0 17 6 16 1 3 4 15 9 13 7 11 8 18 2 14 10 12 
5 0 17 6 16 1 3 4 15 9 13 7 11 8 18 2 14 10 12 
5 0 17 6 16 1 3 4 15 9 13 7 11 8 18 2 14 10 12 
5 17 0 6 16 1 3 4 15 9 13 7 11 8 18 2 14 10 12 
5 17 0 6 16 1 3 4 15 9 13 7 11 8 18 2 14 10 12 
15 9 13 7 11 8 18 2 14 10 12 5 0 17 6 16 1 3 4 
5 0 17 6 16 1 3 4 15 9 13 7 11 8 18 2 14 10 12 
9 13 7 11 8 18 2 14 10 12 5 17 0 6 16 1 3 4 15 
5 17 0 6 16 1 3 4 15 9 13 7 11 8 18 2 14 10 12 
12 5 0 17 6 16 1 3 4 15 9 13 7 11 8 18 2 14 10 
5 17 0 6 16 1 3 4 15 9 13 7 11 8 18 2 14 10 12 
5 17 0 6 16 1 3 4 15 9 13 7 11 8 18 2 14 10 12 
4 15 9 13 7 11 8 18 2 14 10 12 5 17 0 6 16 1 3 
5 17 0 6 1 16 3 4 15 9 13 7 11 8 18 2 14 10 12 
5 17 0 6 1 16 3 4 15 9 13 7 11 8 18 2 14 10 12 
4 15 9 13 7 11 8 18 2 14 10 12 5 17 0 6 16 1 3 
10 14 2 18 8 11 7 13 9 15 4 3 16 1 6 0 17 5 12 
5 17 0 6 16 1 3 4 15 9 13 7 11 8 18 2 14 10 12 
5 17 0 6 16 1 3 4 15 9 13 7 11 8 18 2 14 10 12 
5 17 0 6 16 1 3 4 15 9 13 7 11 8 18 2 14 10 12 
5 17 0 6 16 1 3 4 15 9 13 7 11 8 18 2 14 10 12 
18 2 14 10 12 5 0 17 6 16 1 3 4 15 9 13 7 11 8 
5 17 0 6 16 1 3 4 15 9 13 7 11 8 18 2 14 10 12 
5 17 0 6 16 1 3 4 15 9 13 7 11 8 18 2 14 10 12 
5 17 0 6 16 1 3 4 15 9 13 7 11 8 18 2 14 10 12 
5 17 0 6 16 1 3 4 15 9 13 7 11 8 18 2 14 10 12 
12 5 17 0 6 16 1 3 4 15 9 13 7 11 8 18 2 14 10 
11 8 18 2 14 10 12 5 17 0 6 16 1 3 4 15 9 13 7 
11 8 18 2 14 10 12 5 17 0 6 1 16 3 4 15 9 13 7 
11 8 18 2 14 10 12 5 17 0 6 1 16 3 4 15 9 13 7 
5 17 0 6 1 16 3 4 15 9 13 7 11 8 18 2 14 10 12 
5 17 0 6 16 1 3 4 15 9 13 7 11 8 18 2 14 10 12 
5 17 0 6 16 1 3 4 15 9 13 7 11 8 18 2 14 10 12 
5 17 0 6 16 1 3 4 15 9 13 7 11 8 18 2 14 10 12 
10 14 2 18 8 11 7 13 9 15 4 3 16 1 6 17 0 5 12 
3 16 1 6 0 5 17 10 14 12 2 18 8 11 7 13 9 15 4 
5 17 0 6 16 1 3 4 15 9 13 7 11 8 18 2 14 10 12 
5 17 0 6 1 16 3 4 15 9 13 7 11 8 18 2 14 10 12 
5 17 0 6 1 16 3 4 15 9 13 7 11 8 18 2 14 10 12 
5 17 0 6 16 1 3 4 15 9 13 7 11 8 18 2 14 10 12 
5 17 0 6 16 1 3 4 15 9 13 7 11 8 18 2 14 10 12 
12 5 17 0 6 16 1 3 4 15 9 13 7 11 8 18 2 14 10 
18 2 14 10 12 5 17 0 6 16 1 3 4 15 9 13 7 11 8 
13 7 11 8 18 2 14 10 12 5 17 0 6 16 1 3 4 15 9 
5 17 0 6 16 1 3 4 15 9 13 7 11 8 18 2 14 10 12 
5 17 0 6 16 1 3 4 15 9 13 7 11 8 18 2 14 10 12 
5 17 0 6 16 1 3 4 15 9 13 7 11 8 18 2 14 10 12 
5 17 0 6 16 1 3 4 15 9 13 7 11 8 18 2 14 10 12 
5 17 0 6 16 1 3 4 15 9 13 7 11 8 18 2 14 10 12 
5 17 0 6 16 1 3 4 15 9 13 7 11 8 18 2 14 10 12 
12 5 17 0 6 16 1 3 4 15 9 13 7 11 8 18 2 14 10 
8 11 7 13 9 15 4 3 16 1 6 0 17 5 12 10 14 2 18 
5 17 0 6 1 16 3 4 15 9 13 7 11 8 18 2 14 10 12 
2 18 8 11 7 13 9 15 4 3 1 16 6 0 17 5 12 10 14 
17 0 5 12 10 14 2 18 8 11 7 13 9 15 4 3 16 1 6 
10 14 2 18 8 11 7 13 9 15 4 3 16 1 6 0 17 5 12 
