3 2 5 8 7 6 4 1 0 
4 6 7 8 5 2 3 0 1 
4 6 7 8 5 2 3 0 1 
4 6 7 8 5 2 3 0 1 
4 6 7 8 5 2 3 0 1 
4 6 7 8 5 2 3 0 1 
4 6 7 8 5 2 3 0 1 
4 6 7 8 5 2 3 0 1 
4 6 7 8 5 2 3 0 1 
4 6 7 8 5 2 3 0 1 
4 6 7 8 5 2 3 0 1 
4 6 7 8 5 2 3 0 1 
4 6 7 8 5 2 3 0 1 
4 6 7 8 5 2 3 0 1 
4 6 7 8 5 2 3 0 1 
4 6 7 8 5 2 3 0 1 
4 6 7 8 5 2 3 0 1 
4 6 7 8 5 2 3 0 1 
4 6 7 8 5 2 3 0 1 
4 6 7 8 5 2 3 0 1 
4 6 7 8 5 2 3 0 1 
4 6 7 8 5 2 3 0 1 
4 6 7 8 5 2 3 0 1 
4 6 7 8 5 2 3 0 1 
4 6 7 8 5 2 3 0 1 
4 6 7 8 5 2 3 0 1 
4 6 7 8 5 2 3 0 1 
4 6 7 8 5 2 3 0 1 
4 6 7 8 5 2 3 0 1 
4 6 7 8 5 2 3 0 1 
4 6 7 8 5 2 3 0 1 
4 6 7 8 5 2 3 0 1 
4 6 7 8 5 2 3 0 1 
4 6 7 8 5 2 3 0 1 
4 6 7 8 5 2 3 0 1 
4 6 7 8 5 2 3 0 1 
4 6 7 8 5 2 3 0 1 
4 6 7 8 5 2 3 0 1 
4 6 7 8 5 2 3 0 1 
4 6 7 8 5 2 3 0 1 
4 6 7 8 5 2 3 0 1 
4 6 7 8 5 2 3 0 1 
4 6 7 8 5 2 3 0 1 
4 6 7 8 5 2 3 0 1 
4 6 7 8 5 2 3 0 1 
4 6 7 8 5 2 3 0 1 
4 6 7 8 5 2 3 0 1 
4 6 7 8 5 2 3 0 1 
4 6 7 8 5 2 3 0 1 
4 6 7 8 5 2 3 0 1 
4 6 7 8 5 2 3 0 1 
4 6 7 8 5 2 3 0 1 
4 6 7 8 5 2 3 0 1 
4 6 7 8 5 2 3 0 1 
4 6 7 8 5 2 3 0 1 
4 6 7 8 5 2 3 0 1 
4 6 7 8 5 2 3 0 1 
4 6 7 8 5 2 3 0 1 
4 6 7 8 5 2 3 0 1 
4 6 7 8 5 2 3 0 1 
4 6 7 8 5 2 3 0 1 
4 6 7 8 5 2 3 0 1 
4 6 7 8 5 2 3 0 1 
4 6 7 8 5 2 3 0 1 
4 6 7 8 5 2 3 0 1 
4 6 7 8 5 2 3 0 1 
4 6 7 8 5 2 3 0 1 
4 6 7 8 5 2 3 0 1 
4 6 7 8 5 2 3 0 1 
4 6 7 8 5 2 3 0 1 
4 6 7 8 5 2 3 0 1 
4 6 7 8 5 2 3 0 1 
4 6 7 8 5 2 3 0 1 
4 6 7 8 5 2 3 0 1 
4 6 7 8 5 2 3 0 1 
4 6 7 8 5 2 3 0 1 
4 6 7 8 5 2 3 0 1 
4 6 7 8 5 2 3 0 1 
4 6 7 8 5 2 3 0 1 
4 6 7 8 5 2 3 0 1 
4 6 7 8 5 2 3 0 1 
4 6 7 8 5 2 3 0 1 
4 6 7 8 5 2 3 0 1 
4 6 7 8 5 2 3 0 1 
4 6 7 8 5 2 3 0 1 
4 6 7 8 5 2 3 0 1 
4 6 7 8 5 2 3 0 1 
4 6 7 8 5 2 3 0 1 
4 6 7 8 5 2 3 0 1 
4 6 7 8 5 2 3 0 1 
4 6 7 8 5 2 3 0 1 
4 6 7 8 5 2 3 0 1 
4 6 7 8 5 2 3 0 1 
4 6 7 8 5 2 3 0 1 
4 6 7 8 5 2 3 0 1 
4 6 7 8 5 2 3 0 1 
4 6 7 8 5 2 3 0 1 
4 6 7 8 5 2 3 0 1 
4 6 7 8 5 2 3 0 1 
4 6 7 8 5 2 3 0 1 
