11 17 6 10 8 7 14 16 12 9 3 18 13 15 1 4 19 0 5 2 
2 0 15 1 4 19 5 11 17 6 10 8 7 14 16 12 9 3 18 13 
6 10 8 19 4 1 15 0 5 11 17 2 13 9 18 3 12 16 14 7 
0 15 1 4 19 5 11 17 6 10 8 7 14 16 12 9 3 18 13 2 
0 15 1 4 19 5 11 17 6 10 8 7 14 16 12 9 3 18 13 2 
0 15 1 4 19 5 11 17 6 10 8 7 14 16 12 9 3 18 13 2 
0 15 1 4 19 5 11 17 6 10 8 7 14 16 12 9 3 18 13 2 
17 11 5 0 15 1 4 19 8 10 6 7 14 16 12 9 3 18 13 2 
0 15 1 4 19 5 11 17 6 10 8 7 14 16 12 9 3 18 13 2 
0 15 1 4 19 5 11 17 6 10 8 7 14 16 12 9 3 18 13 2 
0 15 1 4 19 5 11 17 6 10 8 7 14 16 12 9 3 18 13 2 
0 15 1 4 19 5 11 17 6 10 8 7 14 16 12 9 3 18 13 2 
0 15 1 4 19 5 11 17 6 10 8 7 14 16 12 9 3 18 13 2 
5 0 15 1 4 19 8 6 10 7 14 16 12 9 3 18 13 2 17 11 
0 15 1 4 19 8 10 6 7 14 16 12 9 3 18 13 2 17 11 5 
0 15 1 4 19 8 10 6 7 14 16 12 9 3 18 13 2 17 11 5 
1 15 0 5 11 17 6 10 8 7 14 16 12 9 3 18 13 2 19 4 
0 15 1 4 19 5 11 17 6 10 8 7 14 16 12 9 3 18 13 2 
0 15 1 4 19 5 11 17 6 10 8 7 14 16 12 9 3 18 13 2 
0 15 1 4 19 5 11 17 6 10 8 7 14 16 12 9 3 18 13 2 
0 15 1 4 19 5 11 17 6 10 8 7 14 16 12 9 3 18 13 2 
0 15 1 4 19 5 11 17 6 10 8 7 14 16 12 9 3 18 13 2 
0 15 1 4 19 5 11 17 6 10 8 7 14 16 12 9 3 18 13 2 
15 1 4 19 5 11 17 6 10 8 7 14 16 12 9 3 18 13 2 0 
0 15 1 4 19 5 11 17 6 10 8 7 14 16 12 9 3 18 13 2 
0 15 1 4 19 5 11 17 6 10 8 7 14 16 12 9 3 18 13 2 
0 15 1 4 19 5 11 17 6 10 8 7 14 16 12 9 3 18 13 2 
2 0 15 1 4 19 5 11 17 6 10 8 7 14 16 12 9 3 18 13 
14 16 12 9 3 18 13 2 0 15 1 4 19 5 11 17 6 10 8 7 
0 15 1 4 19 5 11 17 6 10 8 7 14 16 12 9 3 18 13 2 
13 2 17 11 5 0 15 1 4 19 8 10 6 7 14 16 12 9 3 18 
0 15 1 4 19 5 11 17 6 10 8 7 14 16 12 9 3 18 13 2 
17 11 5 0 15 1 4 19 8 10 6 7 14 16 12 9 3 18 13 2 
11 5 0 15 1 4 19 8 6 10 7 14 16 12 9 3 18 13 2 17 
11 17 5 0 15 1 4 19 8 10 6 7 14 16 12 9 3 18 13 2 
0 15 1 4 19 5 11 17 6 10 7 8 14 16 12 9 3 18 13 2 
0 15 1 4 19 5 11 17 6 10 8 7 14 16 12 9 3 18 13 2 
0 15 1 4 19 5 11 17 6 10 8 7 14 16 12 9 3 18 13 2 
0 15 1 4 19 5 11 17 6 10 8 7 14 16 12 9 3 18 13 2 
6 10 8 7 14 16 12 9 3 18 13 2 17 11 5 0 15 1 4 19 
0 15 1 4 19 5 11 17 6 10 8 7 14 16 12 9 3 18 13 2 
0 15 1 4 19 5 11 17 6 10 8 7 14 16 12 9 3 18 13 2 
0 15 1 4 19 5 11 17 6 10 8 7 14 16 12 9 3 18 13 2 
0 15 1 4 19 5 11 17 6 10 8 7 14 16 12 9 3 18 13 2 
0 15 1 4 19 5 11 17 6 10 8 7 14 16 12 9 3 18 13 2 
0 15 1 4 19 5 11 17 6 10 8 7 14 16 12 9 3 18 13 2 
0 15 1 4 19 5 11 17 6 10 8 7 14 16 12 9 3 18 13 2 
11 5 0 15 1 4 19 8 10 6 7 14 16 12 9 3 18 13 2 17 
0 15 1 4 19 5 11 17 6 10 8 7 14 16 12 9 3 18 13 2 
8 10 6 7 14 16 12 9 3 18 13 2 17 11 5 0 15 1 4 19 
0 15 1 4 19 5 11 17 6 10 8 7 14 16 12 9 3 18 13 2 
0 15 1 4 19 5 11 17 6 10 8 7 14 16 12 9 3 18 13 2 
17 11 5 0 15 1 4 19 8 10 6 7 14 16 12 9 3 18 13 2 
5 0 15 1 4 19 8 6 10 7 14 16 12 9 3 18 13 2 17 11 
5 0 15 1 4 19 8 6 10 7 14 16 12 9 3 18 13 2 17 11 
11 5 0 15 1 4 19 8 10 6 7 14 16 12 9 3 18 13 2 17 
3 18 13 2 17 11 5 0 15 1 4 19 8 6 10 7 14 16 12 9 
17 11 5 0 15 1 4 19 8 10 6 7 14 16 12 9 3 18 13 2 
0 15 1 4 19 5 11 17 6 10 8 7 14 16 12 9 3 18 13 2 
13 2 0 15 1 4 19 5 11 17 6 10 8 7 14 16 12 9 3 18 
2 0 15 1 4 19 5 11 17 6 10 8 7 14 16 12 9 3 18 13 
2 0 15 1 4 19 5 11 17 6 10 8 7 14 16 12 9 3 18 13 
17 11 5 0 15 1 4 19 8 6 10 7 14 16 12 9 3 18 13 2 
2 0 15 1 4 19 5 11 17 6 10 8 7 14 16 12 9 3 18 13 
5 0 15 1 4 19 8 6 10 7 14 16 12 9 3 18 13 2 17 11 
14 16 12 9 3 18 13 2 0 15 1 4 19 5 11 17 6 10 8 7 
14 16 12 9 3 18 13 2 0 15 1 4 19 5 11 17 6 10 8 7 
19 5 11 17 6 10 8 7 14 16 12 9 3 18 13 2 0 15 1 4 
19 5 11 17 6 10 8 7 14 16 12 9 3 18 13 2 0 15 1 4 
17 11 5 0 15 1 4 19 8 6 10 7 14 16 12 9 3 18 13 2 
17 11 5 0 15 1 4 19 8 6 10 7 14 16 12 9 3 18 13 2 
14 16 12 9 3 18 13 2 0 15 1 4 19 5 11 17 6 10 8 7 
14 16 12 9 3 18 13 2 0 15 1 4 19 5 11 17 6 10 8 7 
14 16 12 9 3 18 13 2 0 15 1 4 19 5 11 17 6 10 8 7 
0 15 1 4 19 5 11 17 6 10 8 7 14 16 12 9 3 18 13 2 
0 15 1 4 19 5 11 17 6 10 8 7 14 16 12 9 3 18 13 2 
18 3 9 12 16 14 7 10 6 8 19 4 1 15 0 5 11 17 2 13 
18 3 9 12 16 14 7 10 6 8 19 4 1 15 0 5 11 17 2 13 
0 15 1 4 19 5 11 17 6 10 8 7 14 16 12 9 3 18 13 2 
0 15 1 4 19 5 11 17 6 10 8 7 14 16 12 9 3 18 13 2 
17 11 5 0 15 1 4 19 8 10 6 7 14 16 12 9 3 18 13 2 
17 11 5 0 15 1 4 19 8 6 10 7 14 16 12 9 3 18 13 2 
17 11 5 0 15 1 4 19 8 6 10 7 14 16 12 9 3 18 13 2 
2 0 15 1 4 19 5 11 17 6 10 8 7 14 16 12 9 3 18 13 
11 5 0 15 1 4 19 8 10 6 7 14 16 12 9 3 18 13 2 17 
15 1 4 19 5 11 17 6 10 8 7 14 16 12 9 3 18 13 2 0 
15 1 4 19 5 11 17 6 10 8 7 14 16 12 9 3 18 13 2 0 
0 15 1 4 19 5 11 17 6 10 8 7 14 16 12 9 3 18 13 2 
0 15 1 4 19 5 11 17 6 10 8 7 14 16 12 9 3 18 13 2 
3 9 12 16 14 7 10 6 8 19 4 1 15 0 5 11 17 2 13 18 
5 11 17 6 10 8 7 14 16 12 9 3 18 13 2 0 15 1 4 19 
2 0 15 1 4 19 5 11 17 6 10 8 7 14 16 12 9 3 18 13 
0 15 1 4 19 5 11 17 6 10 8 7 14 16 12 9 3 18 13 2 
0 15 1 4 19 5 11 17 6 10 8 7 14 16 12 9 3 18 13 2 
11 5 0 15 1 4 19 8 10 6 7 14 16 12 9 3 18 13 2 17 
11 5 0 15 1 4 19 8 10 6 7 14 16 12 9 3 18 13 2 17 
11 5 0 15 1 4 19 8 10 6 7 14 16 12 9 3 18 13 2 17 
15 1 4 19 5 11 17 6 10 8 7 14 16 12 9 3 18 13 2 0 
3 9 12 16 14 7 10 6 8 19 4 1 15 0 5 11 17 2 13 18 
3 9 12 16 14 7 10 6 8 19 4 1 15 0 5 11 17 2 13 18 
