14 17 21 22 7 20 10 6 16 12 9 8 23 5 2 15 4 19 0 13 18 11 1 3 
21 17 14 3 1 11 18 13 0 19 5 2 15 4 9 8 23 12 16 6 10 20 7 22 
16 6 10 20 7 22 17 21 14 3 1 11 18 13 0 19 5 2 15 4 8 23 9 12 
6 10 20 7 22 17 21 14 3 1 11 18 13 0 19 5 2 15 4 9 8 23 12 16 
8 23 9 12 16 6 10 20 7 22 17 21 14 3 1 11 18 13 0 19 15 4 2 5 
6 10 20 7 22 17 21 14 3 1 11 18 13 0 19 5 2 15 4 9 8 23 12 16 
6 10 20 7 22 17 21 14 3 1 11 18 13 0 19 5 2 15 4 9 8 23 12 16 
23 8 9 12 16 6 10 20 7 22 17 21 14 3 1 11 18 13 0 19 15 4 2 5 
22 7 20 10 6 16 12 9 8 23 5 2 4 15 19 0 13 18 11 1 3 14 17 21 
10 6 16 12 9 8 23 5 2 4 15 19 0 13 18 11 1 3 14 17 21 22 7 20 
17 21 22 7 20 10 6 16 12 9 8 23 5 2 4 15 19 0 13 18 11 1 3 14 
6 10 20 7 22 21 17 14 3 1 11 18 13 0 19 5 2 15 4 9 8 23 12 16 
16 6 10 20 7 22 17 21 14 3 1 11 18 13 0 19 5 2 15 4 9 8 23 12 
23 8 9 12 16 6 10 20 7 22 17 21 14 3 1 11 18 13 0 19 15 4 2 5 
0 13 18 11 1 3 14 17 21 22 7 20 10 6 16 12 9 8 23 5 2 4 15 19 
22 7 20 10 6 16 12 9 8 23 5 2 15 4 19 0 13 18 11 1 3 14 21 17 
22 7 20 10 6 16 12 9 8 23 5 2 4 15 19 0 13 18 11 1 3 14 17 21 
20 7 22 17 21 14 3 1 11 18 13 0 19 5 2 15 4 9 8 23 12 16 6 10 
6 10 20 7 22 17 21 14 3 1 11 18 13 0 19 5 2 15 4 8 23 9 12 16 
6 10 20 7 22 17 21 14 3 1 11 18 13 0 19 5 2 15 4 8 23 9 12 16 
6 10 20 7 22 17 21 14 3 1 11 18 13 0 19 5 2 15 4 8 23 9 12 16 
16 6 10 20 7 22 17 21 14 3 1 11 18 13 0 19 5 2 15 4 9 8 23 12 
14 17 21 22 7 20 10 6 16 12 9 8 23 5 2 4 15 19 0 13 18 11 1 3 
21 17 14 3 1 11 18 13 0 19 5 2 15 4 9 8 23 12 16 6 10 20 7 22 
23 8 9 12 16 6 10 20 7 22 17 21 14 3 1 11 18 13 0 19 5 2 15 4 
9 12 16 6 10 20 7 22 17 21 14 3 1 11 18 13 0 19 5 2 15 4 8 23 
7 20 10 6 16 12 9 8 23 5 2 4 15 19 0 13 18 11 1 3 14 17 21 22 
7 20 10 6 16 12 9 8 23 5 2 4 15 19 0 13 18 11 1 3 14 17 21 22 
23 8 9 12 16 6 10 20 7 22 21 17 14 3 1 11 18 13 0 19 15 4 2 5 
23 8 9 12 16 6 10 20 7 22 17 21 14 3 1 11 18 13 0 19 15 4 2 5 
20 10 6 16 12 9 8 23 5 2 4 15 19 0 13 18 11 1 3 14 17 21 22 7 
9 8 23 12 16 6 10 20 7 22 17 21 14 3 1 11 18 13 0 19 5 2 15 4 
16 6 10 20 7 22 17 21 14 3 1 11 18 13 0 19 5 2 15 4 9 8 23 12 
16 6 10 20 7 22 17 21 14 3 1 11 18 13 0 19 5 2 15 4 9 8 23 12 
0 13 18 11 1 3 14 17 21 22 7 20 10 6 16 12 9 8 23 5 2 4 15 19 
9 23 8 4 15 2 5 19 0 13 18 11 1 3 14 21 17 22 7 20 10 6 16 12 
23 8 9 12 16 6 10 20 7 22 17 21 14 3 1 11 18 13 0 19 15 4 2 5 
7 20 10 6 16 12 9 8 23 5 2 4 15 19 0 13 18 11 1 3 14 17 21 22 
12 9 8 23 5 2 4 15 19 0 13 18 11 1 3 14 21 17 22 7 20 10 6 16 
6 10 20 7 22 17 21 14 3 1 11 18 13 0 19 5 2 15 4 9 8 23 12 16 
17 21 22 7 20 10 6 16 12 9 8 23 5 2 4 15 19 0 13 18 11 1 3 14 
8 23 9 12 16 6 10 20 7 22 17 21 14 3 1 11 18 13 0 19 5 2 15 4 
13 18 11 1 3 14 17 21 22 7 20 10 6 16 12 9 8 23 5 2 4 15 19 0 
13 18 11 1 3 14 17 21 22 7 20 10 6 16 12 9 8 23 5 2 4 15 19 0 
20 7 22 17 21 14 3 1 11 18 13 0 19 5 2 15 4 9 8 23 12 16 6 10 
20 7 22 17 21 14 3 1 11 18 13 0 19 5 2 15 4 9 8 23 12 16 6 10 
14 17 21 22 7 20 10 6 16 12 9 8 23 5 2 4 15 19 0 13 18 11 1 3 
23 8 9 4 15 2 5 19 0 13 18 11 1 3 14 17 21 22 7 20 10 6 16 12 
1 11 18 13 0 19 5 2 15 4 9 8 23 12 16 6 10 20 7 22 17 21 14 3 
5 2 4 15 19 0 13 18 11 1 3 14 17 21 22 7 20 10 6 16 12 9 8 23 
8 23 9 12 16 6 10 20 7 22 17 21 14 3 1 11 18 13 0 19 15 4 2 5 
8 23 5 2 4 15 19 0 13 18 11 1 3 14 17 21 22 7 20 10 6 16 12 9 
7 20 10 6 16 12 9 8 23 5 2 15 4 19 0 13 18 11 1 3 14 17 21 22 
23 8 9 12 16 6 10 20 7 22 17 21 14 3 1 11 18 13 0 19 15 4 2 5 
9 12 16 6 10 20 7 22 17 21 14 3 1 11 18 13 0 15 4 2 19 5 23 8 
8 23 9 12 16 6 10 20 7 22 17 21 14 3 1 11 18 13 0 19 5 2 15 4 
9 4 15 2 5 19 0 13 18 11 1 3 14 21 17 22 7 20 10 6 16 12 8 23 
16 6 10 20 7 22 17 21 14 3 1 11 18 13 0 19 5 2 15 4 9 8 23 12 
23 8 9 12 16 6 10 20 7 22 17 21 14 3 1 11 18 13 0 19 15 4 2 5 
9 12 16 6 10 20 7 22 17 21 14 3 1 11 18 13 0 19 5 2 15 4 23 8 
20 7 22 17 21 14 3 1 11 18 13 0 19 5 2 15 4 9 8 23 12 16 6 10 
8 23 9 12 16 6 10 20 7 22 17 21 14 3 1 11 18 13 0 19 15 4 2 5 
16 6 10 20 7 22 17 21 14 3 1 11 18 13 0 19 5 2 15 4 9 8 23 12 
8 23 5 2 4 15 19 0 13 18 11 1 3 14 17 21 22 7 20 10 6 16 12 9 
8 23 9 12 16 6 10 20 7 22 17 21 14 3 1 11 18 13 0 19 15 4 2 5 
12 16 6 10 20 7 22 17 21 14 3 1 11 18 13 0 19 5 2 15 4 9 8 23 
22 7 20 10 6 16 12 9 8 23 5 2 4 15 19 0 13 18 11 1 3 14 17 21 
22 7 20 10 6 16 12 9 8 23 5 2 4 15 19 0 13 18 11 1 3 14 17 21 
8 23 9 12 16 6 10 20 7 22 17 21 14 3 1 11 18 13 0 19 5 2 15 4 
9 12 16 6 10 20 7 22 17 21 14 3 1 11 18 13 0 19 15 4 2 5 8 23 
9 12 16 6 10 20 7 22 17 21 14 3 1 11 18 13 0 19 15 4 2 5 8 23 
16 6 10 20 7 22 17 21 14 3 1 11 18 13 0 19 5 2 15 4 9 8 23 12 
16 6 10 20 7 22 17 21 14 3 1 11 18 13 0 19 5 2 15 4 9 8 23 12 
0 13 18 11 1 3 14 17 21 22 7 20 10 6 16 12 9 8 23 5 2 4 15 19 
9 8 23 12 16 6 10 20 7 22 17 21 14 3 1 11 18 13 0 19 5 2 15 4 
9 8 23 12 16 6 10 20 7 22 17 21 14 3 1 11 18 13 0 19 5 2 15 4 
20 10 6 16 12 9 8 23 5 2 4 15 19 0 13 18 11 1 3 14 17 21 22 7 
8 23 9 12 16 6 10 20 7 22 17 21 14 3 1 11 18 13 0 19 5 2 15 4 
7 20 10 6 16 12 9 8 23 5 2 4 15 19 0 13 18 11 1 3 14 17 21 22 
0 13 18 11 1 3 14 17 21 22 7 20 10 6 16 12 9 8 23 5 2 15 4 19 
9 12 16 6 10 20 7 22 17 21 14 3 1 11 18 13 0 19 15 4 2 5 8 23 
8 23 9 12 16 6 10 20 7 22 17 21 14 3 1 11 18 13 0 19 5 2 15 4 
0 13 18 11 1 3 14 17 21 22 7 20 10 6 16 12 9 8 23 5 2 4 15 19 
9 8 23 12 16 6 10 20 7 22 17 21 14 3 1 11 18 13 0 19 5 2 15 4 
6 10 20 7 22 17 21 14 3 1 11 18 13 0 19 5 2 15 4 9 8 23 12 16 
7 20 10 6 16 12 9 8 23 5 2 4 15 19 0 13 18 11 1 3 14 17 21 22 
7 20 10 6 16 12 9 8 23 5 2 4 15 19 0 13 18 11 1 3 14 17 21 22 
16 6 10 20 7 22 17 21 14 3 1 11 18 13 0 19 5 2 15 4 9 8 23 12 
16 6 10 20 7 22 17 21 14 3 1 11 18 13 0 19 5 2 15 4 9 8 23 12 
16 6 10 20 7 22 17 21 14 3 1 11 18 13 0 19 5 2 15 4 9 8 23 12 
16 6 10 20 7 22 17 21 14 3 1 11 18 13 0 19 5 2 15 4 9 8 23 12 
23 8 9 12 16 6 10 20 7 22 17 21 14 3 1 11 18 13 0 19 15 4 2 5 
23 8 9 12 16 6 10 20 7 22 17 21 14 3 1 11 18 13 0 19 5 2 15 4 
16 6 10 20 7 22 17 21 14 3 1 11 18 13 0 19 5 2 15 4 9 8 23 12 
6 10 20 7 22 17 21 14 3 1 11 18 13 0 19 5 2 15 4 9 8 23 12 16 
16 6 10 20 7 22 17 21 14 3 1 11 18 13 0 19 5 2 15 4 9 8 23 12 
10 6 16 12 9 8 23 5 2 4 15 19 0 13 18 11 1 3 14 17 21 22 7 20 
6 10 20 7 22 17 21 14 3 1 11 18 13 0 19 5 2 15 4 9 8 23 12 16 
23 8 9 12 16 6 10 20 7 22 17 21 14 3 1 11 18 13 0 19 15 4 2 5 
5 2 4 15 19 0 13 18 11 1 3 14 21 17 22 7 20 10 6 16 12 9 8 23 
