10 13 17 9 4 18 20 19 1 15 2 25 6 23 27 21 22 8 7 24 14 5 12 16 0 26 3 11 
15 1 4 9 25 6 17 13 10 11 3 26 0 16 12 20 18 19 5 14 24 22 8 7 27 23 21 2 
27 8 7 24 22 14 5 12 16 0 26 3 11 10 13 4 18 20 19 1 15 2 25 9 17 6 21 23 
18 4 13 10 11 3 26 0 16 12 5 14 22 24 7 8 27 23 21 2 25 6 17 9 1 15 19 20 
18 4 13 10 11 3 26 0 16 12 5 14 22 24 7 8 27 23 21 2 25 6 17 9 1 15 19 20 
7 8 27 23 21 2 15 1 19 18 20 4 9 25 6 17 13 10 11 3 26 0 16 12 5 14 24 22 
21 6 25 2 15 1 19 18 4 9 17 13 10 11 3 26 0 16 12 20 5 14 22 24 7 8 27 23 
7 8 27 23 21 2 15 1 19 18 4 9 25 6 17 13 10 11 3 26 0 16 12 20 5 14 24 22 
22 24 7 8 23 27 21 2 25 6 1 15 19 18 4 9 17 13 10 11 3 26 0 16 12 20 5 14 
24 22 8 7 27 23 21 2 15 1 19 18 4 9 25 6 17 13 10 11 3 26 0 16 12 20 5 14 
6 25 2 15 1 19 18 20 4 9 17 13 10 11 3 26 0 16 12 5 14 22 24 7 8 27 23 21 
5 14 24 22 8 7 27 23 21 2 15 1 19 18 4 9 25 6 17 13 10 11 3 26 0 16 12 20 
25 2 15 1 19 20 18 4 9 17 13 10 11 3 26 0 16 12 5 14 22 24 7 8 27 23 21 6 
6 25 9 4 18 20 19 1 15 2 21 23 27 8 7 22 24 14 5 12 16 0 26 3 11 10 13 17 
9 1 15 19 18 4 13 10 11 3 26 0 16 12 20 5 14 22 24 7 8 27 23 21 2 25 6 17 
2 25 6 17 9 1 15 19 18 4 13 10 11 3 26 0 16 12 20 5 14 24 22 8 7 27 23 21 
6 25 2 15 1 19 18 4 9 17 13 10 11 3 26 0 16 12 20 5 14 24 22 8 7 23 27 21 
5 14 22 24 7 8 27 23 21 2 15 1 19 18 4 9 25 6 17 10 13 11 3 26 0 16 12 20 
27 8 7 24 22 14 5 12 16 0 26 3 11 10 13 17 9 1 4 18 20 19 15 2 25 6 21 23 
20 18 4 1 15 2 25 6 9 17 13 10 11 3 26 0 16 12 5 14 22 24 7 8 27 23 21 19 
2 15 1 19 18 20 4 9 25 6 17 13 10 11 3 26 0 16 12 5 14 24 22 8 7 27 23 21 
7 8 27 23 21 2 15 1 19 20 18 4 9 25 6 17 13 10 11 3 26 0 16 12 5 14 22 24 
22 8 7 23 27 21 2 25 6 17 9 1 15 19 20 18 4 13 10 11 3 26 0 16 12 5 14 24 
11 3 26 0 16 12 5 14 24 22 8 7 23 27 21 2 15 1 19 18 20 4 9 25 6 17 13 10 
22 8 7 23 27 21 2 25 6 17 9 1 15 19 20 18 4 13 10 11 3 26 0 16 12 5 14 24 
24 22 7 8 27 23 21 2 15 1 19 20 18 4 9 25 6 17 13 10 11 3 26 0 16 12 5 14 
20 5 14 22 24 7 8 27 23 21 2 15 1 19 18 4 9 25 6 17 13 10 11 3 26 0 16 12 
18 20 19 4 9 25 6 17 13 10 11 3 26 0 16 12 5 14 22 24 7 8 27 23 21 2 15 1 
23 27 21 2 15 1 4 9 25 6 17 13 10 11 3 26 0 16 12 20 18 19 5 14 24 22 8 7 
22 8 7 27 23 21 2 15 1 4 9 25 6 17 13 10 11 3 26 0 16 12 20 18 19 5 14 24 
2 15 1 19 20 18 4 9 25 6 17 13 10 11 3 26 0 16 12 5 14 22 24 7 8 27 23 21 
5 14 22 24 7 8 27 23 21 2 15 1 19 18 4 9 25 6 17 13 10 11 3 26 0 16 12 20 
9 1 15 19 18 4 13 10 11 3 26 0 16 12 20 5 14 22 24 8 7 23 27 21 2 25 6 17 
9 1 15 19 18 4 13 10 11 3 26 0 16 12 20 5 14 22 24 7 8 27 23 21 2 25 6 17 
9 25 6 17 13 10 11 3 26 0 16 12 5 14 24 22 8 7 27 23 21 2 15 1 19 20 18 4 
2 15 1 19 18 4 9 25 6 17 13 10 11 3 26 0 16 12 20 5 14 22 24 7 8 27 23 21 
2 15 1 19 18 20 4 9 25 6 17 13 10 11 3 26 0 16 12 5 14 24 22 8 7 27 23 21 
7 8 23 27 21 2 15 1 4 9 25 6 17 13 10 11 3 26 0 16 12 20 19 18 5 14 22 24 
15 1 19 20 18 4 9 25 2 6 17 13 10 11 3 26 0 16 12 5 14 22 24 7 8 27 23 21 
22 24 7 8 27 23 21 2 15 1 19 18 4 9 25 6 17 13 10 11 3 26 0 16 12 20 5 14 
22 8 7 27 23 21 2 15 1 19 18 20 4 9 25 6 17 13 10 11 3 26 0 16 12 5 14 24 
16 12 5 14 22 24 7 8 27 23 21 2 15 1 19 18 20 4 9 25 6 17 13 10 11 3 26 0 
12 16 0 26 3 11 10 13 17 9 4 18 20 19 1 15 2 25 6 21 27 23 8 7 22 24 14 5 
2 15 1 19 20 18 4 9 25 6 17 13 10 11 3 26 0 16 12 5 14 22 24 7 8 27 23 21 
6 25 9 4 18 19 1 15 2 21 27 23 8 7 22 24 14 5 20 12 16 0 26 3 11 10 13 17 
2 15 1 19 18 20 4 9 25 6 17 13 10 11 3 26 0 16 12 5 14 24 22 8 7 27 23 21 
2 15 1 19 20 18 4 9 25 6 17 13 10 11 3 26 0 16 12 5 14 22 24 7 8 27 23 21 
27 21 2 15 1 19 20 18 4 9 25 6 17 13 10 11 3 26 0 16 12 5 14 22 24 7 8 23 
24 22 8 7 27 23 21 2 15 1 19 18 4 9 25 6 17 13 10 11 3 26 0 16 12 20 5 14 
7 8 22 21 27 23 2 15 1 19 18 4 9 25 6 17 13 10 11 3 26 0 16 12 20 5 14 24 
10 13 17 9 4 18 19 1 15 2 25 6 21 27 23 8 7 24 22 14 5 20 12 16 0 26 3 11 
17 6 25 9 4 18 19 1 15 2 21 23 27 8 7 24 22 14 5 20 12 16 0 26 3 11 10 13 
0 26 3 11 10 13 9 25 6 17 4 18 20 19 1 15 2 21 27 23 8 7 24 22 14 5 12 16 
22 24 7 8 27 23 21 2 15 1 19 18 4 9 25 6 17 13 10 11 3 26 0 16 12 20 5 14 
9 1 15 19 18 4 13 10 11 3 26 0 16 12 20 5 14 22 24 7 8 27 23 21 2 25 6 17 
9 25 6 17 13 10 11 3 26 0 16 12 5 14 24 22 8 7 27 23 21 2 15 1 19 20 18 4 
9 4 18 20 19 1 15 2 25 6 21 27 23 8 7 22 24 14 5 12 16 0 26 3 11 10 13 17 
26 3 11 10 13 17 6 25 9 4 18 20 19 1 15 2 21 27 23 8 7 24 22 14 5 12 16 0 
15 1 19 20 18 4 9 25 2 6 17 13 10 11 3 26 0 16 12 5 14 22 24 7 8 23 27 21 
27 23 21 2 15 1 19 20 18 4 9 25 6 17 13 10 11 3 26 0 16 12 5 14 22 24 7 8 
22 24 7 8 27 23 21 2 15 1 19 18 4 9 25 6 17 13 10 11 3 26 0 16 12 20 5 14 
19 20 18 4 9 25 6 17 13 10 11 3 26 0 16 12 5 14 22 24 7 8 27 23 21 2 15 1 
2 15 1 4 9 25 6 17 13 10 11 3 26 0 16 12 20 18 19 5 14 22 24 7 8 27 23 21 
23 27 8 7 24 22 14 5 12 16 0 26 3 11 10 13 17 6 25 9 4 18 20 19 1 15 2 21 
2 15 1 4 9 25 6 17 13 10 11 3 26 0 16 12 20 18 19 5 14 22 24 7 8 27 23 21 
5 14 22 24 7 8 27 23 21 2 15 1 4 9 25 6 17 13 10 11 3 26 0 16 12 20 18 19 
27 21 2 15 1 19 20 18 4 9 25 6 17 13 10 11 3 26 0 16 12 5 14 22 24 7 8 23 
2 15 1 19 18 20 4 9 25 6 17 13 10 11 3 26 0 16 12 5 14 24 22 7 8 23 27 21 
5 14 22 24 7 8 27 23 21 2 25 6 17 9 1 15 19 18 20 4 13 10 11 3 26 0 16 12 
5 14 24 22 7 8 27 23 21 2 15 1 19 18 20 4 9 25 6 17 13 10 11 3 26 0 16 12 
6 25 2 15 1 4 9 17 13 10 11 3 26 0 16 12 20 18 19 5 14 24 22 8 7 27 23 21 
24 7 8 27 23 21 2 15 1 19 20 18 4 9 25 6 17 13 10 11 3 26 0 16 12 5 14 22 
5 14 24 22 7 8 27 23 21 2 15 1 19 18 20 4 9 25 6 17 13 10 11 3 26 0 16 12 
25 9 4 18 20 19 1 15 2 21 23 27 8 7 24 22 14 5 12 16 0 26 3 11 10 13 17 6 
2 15 1 4 18 20 19 9 25 6 17 13 10 11 3 26 0 16 12 5 14 22 24 7 8 27 23 21 
11 3 26 0 16 12 19 18 20 5 14 24 22 8 7 23 27 21 2 15 1 4 9 25 6 17 13 10 
7 8 27 23 21 25 9 4 18 20 19 1 15 2 6 17 13 10 11 3 26 0 16 12 5 14 22 24 
2 15 1 19 18 20 4 9 25 6 17 13 10 11 3 26 0 16 12 5 14 24 22 8 7 23 27 21 
14 24 22 8 7 27 23 21 2 15 1 19 18 4 9 25 6 17 13 10 11 3 26 0 16 12 20 5 
19 20 18 4 9 25 6 17 13 10 11 3 26 0 16 12 5 14 22 24 7 8 27 23 21 2 15 1 
19 20 18 4 9 25 6 17 13 10 11 3 26 0 16 12 5 14 22 24 7 8 27 23 21 2 15 1 
6 25 9 4 1 15 2 21 27 23 8 7 24 22 14 5 19 18 20 12 16 0 26 3 11 10 13 17 
24 22 8 7 27 23 21 2 15 1 4 9 25 6 17 13 10 11 3 26 0 16 12 20 19 18 5 14 
24 22 8 7 23 27 21 2 15 1 19 20 18 4 9 25 6 17 13 10 11 3 26 0 16 12 5 14 
5 14 22 24 7 8 27 23 21 2 15 1 19 20 18 4 9 25 6 17 13 10 11 3 26 0 16 12 
25 9 4 18 20 19 1 15 2 21 27 23 8 7 24 22 14 5 12 16 0 26 3 11 10 13 17 6 
24 22 8 7 23 27 21 2 15 1 4 9 25 6 17 13 10 11 3 26 0 16 12 20 18 19 5 14 
24 22 8 7 23 27 21 2 15 1 19 18 4 9 25 6 17 13 10 11 3 26 0 16 12 20 5 14 
24 22 8 7 23 27 21 2 15 1 4 9 25 6 17 13 10 11 3 26 0 16 12 20 18 19 5 14 
2 15 1 19 18 20 4 9 25 6 17 13 10 11 3 26 0 16 12 5 14 24 22 8 7 27 23 21 
6 25 2 15 1 19 18 4 9 17 13 10 11 3 26 0 16 12 20 5 14 22 24 7 8 23 27 21 
25 9 4 18 20 19 1 15 2 21 23 27 8 7 24 22 14 5 12 16 0 26 3 11 10 13 17 6 
2 15 1 4 9 25 6 17 13 10 11 3 26 0 16 12 20 18 19 5 14 22 24 7 8 27 23 21 
23 27 21 2 15 1 19 18 4 9 25 6 17 13 10 11 3 26 0 16 12 20 5 14 24 22 8 7 
7 8 27 23 21 2 15 1 4 9 25 6 17 13 10 11 3 26 0 16 12 20 18 19 5 14 24 22 
2 15 1 19 18 4 9 25 6 17 13 10 11 3 26 0 16 12 20 5 14 22 24 7 8 27 23 21 
23 27 21 2 15 1 19 18 4 9 25 6 17 13 10 11 3 26 0 16 12 20 5 14 24 22 8 7 
22 21 27 23 6 25 2 15 1 19 20 18 4 9 17 13 10 11 3 26 0 16 12 5 14 24 7 8 
17 9 4 19 20 18 1 15 2 25 6 21 27 23 8 7 24 22 14 5 12 16 0 26 3 11 10 13 
1 19 18 20 4 9 25 6 17 13 10 11 3 26 0 16 12 5 14 22 24 7 8 27 23 21 2 15 
