27 22 31 9 37 16 8 3 24 25 28 6 21 29 38 7 0 33 2 12 5 26 18 1 35 36 14 20 30 19 11 34 23 15 17 32 13 4 10 
23 15 17 32 13 4 10 27 22 31 9 37 16 8 3 24 25 28 6 21 29 38 7 0 33 2 12 5 26 18 1 35 36 14 20 30 19 11 34 
23 15 17 32 13 4 10 27 22 31 9 37 16 8 3 24 25 28 6 21 29 38 7 0 33 2 12 5 26 18 1 35 36 14 20 30 19 11 34 
4 13 27 22 31 9 37 16 8 3 24 28 25 6 21 29 38 7 0 33 2 12 5 26 18 1 35 36 34 11 19 30 20 14 10 23 15 17 32 
8 3 24 25 28 6 21 29 38 7 0 33 2 12 5 26 18 1 35 36 14 20 30 19 11 34 17 15 23 10 4 13 32 27 22 31 9 37 16 
4 13 27 22 31 9 37 16 8 3 24 25 28 6 29 21 38 7 0 33 2 12 5 26 18 1 35 36 14 20 30 19 11 34 23 15 17 32 10 
4 13 27 22 31 9 37 16 8 3 24 25 28 6 21 29 38 7 0 33 2 12 5 26 18 1 35 36 14 20 34 11 19 30 23 15 17 32 10 
34 11 19 30 23 15 17 32 27 13 4 10 9 31 22 16 37 8 3 24 25 28 6 21 29 38 7 0 33 2 12 5 26 18 1 35 36 14 20 
25 28 6 29 21 38 7 0 33 2 12 5 26 18 1 35 36 14 20 30 19 11 34 23 15 17 32 27 13 4 10 9 31 22 37 16 8 3 24 
34 11 19 30 23 15 17 32 27 13 4 10 9 31 22 37 16 8 3 24 25 28 6 21 29 38 7 0 33 2 12 5 26 18 1 35 36 14 20 
4 13 27 22 31 9 37 16 8 3 24 25 28 6 21 29 38 7 0 33 2 12 5 26 18 1 35 36 14 20 30 19 11 34 23 15 17 32 10 
18 1 35 36 14 20 30 19 11 34 23 15 17 10 4 13 27 32 22 31 9 37 16 8 3 24 25 28 6 21 29 38 7 0 33 2 12 5 26 
11 19 30 15 23 10 4 13 27 32 17 22 31 9 37 16 8 3 24 25 28 6 21 29 38 7 0 33 2 12 5 26 18 1 35 36 14 20 34 
13 4 10 23 20 14 26 5 12 3 24 25 28 6 21 29 38 7 2 0 33 1 35 18 36 34 11 19 30 15 17 32 27 22 31 9 37 16 8 
16 37 9 31 22 27 32 13 4 10 23 15 17 30 19 11 34 20 14 18 1 35 36 26 5 12 2 0 33 7 38 21 29 6 28 25 24 3 8 
33 0 7 38 21 29 6 28 25 24 3 8 37 16 9 31 22 27 32 13 4 10 23 15 17 30 19 11 34 14 20 36 35 1 18 26 5 12 2 
33 0 7 38 28 6 21 29 25 24 3 8 16 37 9 31 22 27 13 4 10 23 15 17 32 30 19 11 34 20 14 36 35 1 18 26 5 12 2 
22 31 9 37 16 8 3 24 25 28 6 21 29 38 7 0 33 2 12 5 26 18 1 35 36 14 20 30 19 11 34 23 15 17 32 13 4 10 27 
22 31 9 37 16 8 3 24 25 28 6 21 29 38 7 0 33 2 12 5 26 18 1 35 36 14 20 34 11 19 30 15 17 32 27 13 4 10 23 
21 6 29 28 25 24 3 8 37 16 9 31 22 27 32 13 4 10 23 15 17 30 19 11 34 20 14 36 35 1 18 26 5 12 2 33 0 7 38 
16 37 9 31 22 27 32 13 4 10 23 15 17 30 19 11 34 20 14 18 1 35 36 26 5 12 2 7 0 33 38 21 6 29 28 25 24 3 8 
37 9 31 22 27 32 13 4 10 23 15 17 30 19 11 34 20 14 18 1 35 36 26 5 12 2 0 33 7 38 21 6 29 28 25 24 3 8 16 
18 1 35 36 14 20 34 11 19 30 15 17 23 10 4 13 27 32 22 31 9 37 16 8 3 24 28 25 6 29 21 38 7 0 33 2 12 5 26 
19 30 23 15 17 32 27 13 4 10 9 31 22 37 16 8 3 24 25 28 6 21 29 38 7 0 33 2 12 5 26 18 1 35 36 14 20 34 11 
37 9 31 22 27 32 13 4 10 23 15 17 30 19 11 34 20 14 36 18 1 35 26 5 12 2 7 0 33 38 21 29 6 28 25 24 3 8 16 
34 11 19 30 15 23 10 4 13 27 32 17 22 31 9 37 16 8 3 24 25 28 6 21 29 38 7 0 33 2 12 5 26 18 1 35 36 14 20 
19 30 23 15 17 32 27 13 4 10 9 31 22 37 16 8 3 24 25 28 6 21 29 38 7 0 33 2 12 5 26 18 1 35 36 14 20 34 11 
32 13 4 10 23 15 17 30 19 11 34 20 14 36 35 1 18 26 5 12 2 7 0 33 38 28 6 21 29 25 24 3 8 16 37 9 31 22 27 
16 37 9 31 22 27 13 4 10 23 15 17 32 30 19 11 34 20 14 36 35 1 18 26 5 12 2 7 0 33 38 21 29 6 28 25 24 3 8 
37 9 31 22 27 32 13 4 10 23 15 17 30 19 11 34 20 14 18 1 35 36 26 5 12 2 7 0 33 38 21 6 29 28 25 24 3 8 16 
4 13 27 22 31 9 37 16 8 3 24 25 28 6 21 29 38 7 0 33 2 12 5 26 18 1 35 36 34 11 19 30 20 14 23 15 17 32 10 
22 31 9 37 16 8 3 24 25 28 6 21 29 38 7 0 33 2 12 5 26 18 1 35 36 14 20 34 11 19 30 15 17 23 10 4 13 27 32 
33 0 7 38 6 21 29 28 25 24 3 8 16 37 9 31 22 27 32 13 4 10 23 15 17 30 19 11 34 20 14 36 35 1 18 26 5 12 2 
16 8 37 9 31 22 27 32 13 4 10 23 15 17 30 19 11 34 20 14 36 35 1 18 26 5 12 2 7 0 33 38 21 29 6 28 25 24 3 
21 29 6 28 25 24 3 8 16 37 9 31 22 27 13 4 10 23 15 17 32 30 19 11 34 20 14 36 35 1 18 26 5 12 2 7 0 33 38 
23 15 17 32 27 13 4 10 22 31 9 37 16 8 3 24 28 25 6 21 29 38 7 0 33 2 12 5 26 18 1 35 36 14 20 34 11 19 30 
28 25 29 6 21 38 7 0 33 2 12 5 26 18 1 35 36 14 20 34 11 19 30 23 15 17 32 27 13 4 10 9 31 22 37 16 8 3 24 
8 3 24 25 28 6 21 29 38 7 0 33 2 12 5 26 18 1 35 36 14 20 34 11 19 30 23 15 17 32 27 13 4 10 9 31 22 16 37 
8 3 24 25 28 6 21 29 38 7 0 33 2 12 5 26 18 1 35 36 14 20 34 11 19 30 23 15 17 32 27 13 4 10 9 31 22 16 37 
30 15 17 23 10 4 13 27 32 22 31 9 37 16 8 3 24 25 28 6 21 29 38 7 0 33 2 12 5 26 18 1 35 36 14 20 34 11 19 
26 5 12 2 33 0 7 38 28 25 6 21 29 24 3 8 37 16 9 31 22 27 32 13 4 10 23 15 17 30 19 11 34 20 14 36 18 1 35 
7 38 6 21 29 28 25 24 3 8 37 16 9 31 22 27 13 4 10 23 15 17 32 30 19 11 34 20 14 36 35 1 18 26 5 12 2 0 33 
30 15 17 23 10 4 13 27 32 22 31 9 37 16 8 3 24 28 25 6 21 29 38 7 0 33 2 12 5 26 18 1 35 36 14 20 34 11 19 
10 4 13 27 32 22 31 9 37 16 8 3 24 28 25 6 21 29 38 7 0 33 2 12 5 26 18 1 35 36 34 11 19 30 20 14 23 15 17 
30 23 15 17 32 27 13 4 10 9 31 22 37 16 8 3 24 25 28 6 21 29 38 7 0 33 2 12 5 26 18 1 35 36 14 20 34 11 19 
22 31 9 37 16 8 3 24 25 28 6 21 29 38 7 0 33 2 12 5 26 18 1 35 36 34 11 19 30 20 14 23 15 17 32 13 4 10 27 
20 14 34 11 19 30 15 17 23 10 4 13 27 32 22 31 9 37 16 8 3 24 25 28 6 21 29 38 7 0 33 2 12 5 26 18 1 35 36 
22 31 9 37 16 8 3 24 25 28 6 21 29 38 7 0 33 2 12 5 26 18 1 35 36 14 20 34 11 19 30 15 17 32 27 13 4 10 23 
1 18 26 5 12 2 7 0 33 38 6 21 29 28 25 24 3 8 37 16 9 31 22 27 32 13 4 10 23 15 17 30 19 11 34 20 14 36 35 
33 0 7 38 21 29 6 28 25 24 3 8 37 16 9 31 22 27 13 4 10 23 15 17 32 30 19 11 34 20 14 36 18 1 35 26 5 12 2 
25 28 6 21 29 38 7 0 33 2 12 5 26 18 1 35 36 34 11 19 30 20 14 23 15 17 32 27 13 4 10 9 31 22 37 16 8 3 24 
33 2 12 5 26 18 1 35 36 14 20 30 19 11 34 17 15 23 10 4 13 27 32 22 31 9 37 16 8 3 24 25 28 6 21 29 38 7 0 
22 31 9 37 16 8 3 24 25 28 6 21 29 38 7 0 33 2 12 5 26 18 1 35 36 14 20 34 11 19 30 15 17 32 27 13 4 10 23 
7 38 6 21 29 28 25 24 3 8 16 37 9 31 22 27 13 4 10 23 15 17 32 30 19 11 34 20 14 36 35 1 18 26 5 12 2 0 33 
27 22 31 9 37 16 8 3 24 25 28 6 21 29 38 7 0 33 2 12 5 26 18 1 35 36 14 20 34 11 19 30 15 17 32 13 4 10 23 
9 31 22 27 32 13 4 10 23 15 17 30 19 11 34 20 14 18 1 35 36 26 5 12 2 7 0 33 38 21 29 6 28 25 24 3 8 37 16 
22 27 32 13 4 10 23 15 17 30 19 11 34 20 14 18 1 35 36 26 5 12 2 7 0 33 38 6 21 29 28 25 24 3 8 16 37 9 31 
13 4 10 23 15 17 32 27 22 31 9 37 16 8 3 24 25 28 6 21 29 38 7 0 33 2 12 5 26 18 1 35 36 14 20 34 11 19 30 
12 5 26 18 1 35 36 14 34 11 19 30 20 23 15 17 32 27 13 4 10 9 31 22 37 16 8 3 24 25 28 6 21 29 38 7 0 33 2 
16 37 9 31 22 27 32 13 4 10 23 15 17 30 19 11 34 20 14 18 1 35 36 26 5 12 2 7 0 33 38 21 6 29 25 28 24 3 8 
37 9 31 22 27 32 13 4 10 23 15 17 30 19 11 34 20 14 36 18 1 35 33 0 7 2 12 5 26 38 21 29 6 28 25 24 3 8 16 
2 12 5 26 18 1 35 36 14 20 34 11 19 30 15 17 32 27 13 4 10 23 22 31 9 37 16 8 3 24 25 28 6 21 29 38 7 0 33 
4 13 27 22 31 9 37 16 8 3 24 25 28 6 21 29 38 7 0 33 2 12 5 26 18 1 35 36 14 20 30 19 11 34 23 15 17 32 10 
2 12 5 26 18 1 35 36 14 20 30 19 11 34 23 15 17 10 4 13 27 32 22 31 9 37 16 8 3 24 25 28 6 21 29 38 7 0 33 
15 17 32 27 22 31 9 37 16 8 3 24 25 28 6 21 29 38 7 0 33 2 12 5 26 18 1 35 36 14 20 30 19 11 34 23 10 4 13 
9 31 22 27 32 13 4 10 23 15 17 30 19 11 34 20 14 18 1 35 36 26 5 12 2 7 0 33 38 21 29 6 28 25 24 3 8 37 16 
10 23 15 17 32 27 13 4 22 31 9 37 16 8 3 24 25 28 6 21 29 38 7 0 33 2 12 5 26 18 1 35 36 14 20 34 11 19 30 
32 27 22 31 9 37 16 8 3 24 25 28 6 29 21 38 7 0 33 2 12 5 26 18 1 35 36 14 20 30 19 11 34 23 15 17 10 4 13 
34 11 19 30 15 17 23 10 4 13 32 27 22 31 9 37 16 8 3 24 25 28 6 21 29 38 7 0 33 2 12 5 26 18 1 35 36 14 20 
34 11 19 30 15 17 23 10 4 13 27 32 9 31 22 16 37 8 3 24 25 28 6 21 29 38 7 0 33 2 12 5 26 18 1 35 36 14 20 
4 10 23 15 17 32 27 13 22 31 9 37 16 8 3 24 25 28 6 21 29 38 7 0 33 2 12 5 26 18 1 35 36 14 20 34 11 19 30 
8 37 9 31 22 27 32 13 4 10 23 15 17 30 19 11 34 20 14 18 1 35 36 26 5 12 2 7 0 33 38 21 29 6 28 25 24 3 16 
22 31 9 37 16 8 3 24 25 28 6 21 29 38 7 0 33 2 12 5 26 18 1 35 36 14 20 30 19 11 34 23 15 17 32 27 13 4 10 
37 8 3 24 25 28 6 21 29 38 7 0 33 2 12 5 26 18 1 35 36 14 20 34 11 19 30 23 15 17 32 27 13 4 10 9 31 22 16 
2 7 38 6 21 29 28 25 24 3 8 16 37 9 31 22 27 32 13 4 10 23 15 17 30 19 11 34 20 14 36 18 1 35 33 0 12 5 26 
7 0 33 2 12 5 26 18 1 35 36 14 20 34 11 19 30 15 17 32 27 13 4 10 23 22 31 9 37 16 8 3 24 25 28 6 21 29 38 
23 15 17 10 4 13 27 32 22 31 9 37 16 8 3 24 25 28 6 21 29 38 7 0 33 2 12 5 26 18 1 35 36 14 20 30 19 11 34 
4 13 27 22 31 9 37 16 8 3 24 25 28 6 21 29 38 7 0 33 2 12 5 26 18 1 35 36 34 11 19 30 20 14 10 23 15 17 32 
7 0 33 2 12 5 26 18 1 35 36 14 20 34 11 19 30 23 15 17 32 27 13 4 10 9 31 22 16 37 8 3 24 25 28 6 21 29 38 
8 3 24 25 28 6 21 29 38 7 0 33 2 12 5 26 18 1 35 36 14 20 30 19 11 34 23 15 17 32 27 13 4 10 22 31 9 37 16 
12 5 26 18 1 35 36 14 20 34 11 19 30 23 15 17 32 27 13 4 10 9 31 22 37 16 8 3 24 25 28 6 21 29 38 7 0 33 2 
12 5 26 18 1 35 36 14 20 34 11 19 30 23 15 17 32 27 13 4 10 9 31 22 16 37 8 3 24 25 28 6 21 29 38 7 0 33 2 
4 10 23 15 17 32 27 13 22 31 9 37 16 8 3 24 25 28 6 21 29 38 7 0 33 2 12 5 26 18 1 35 36 14 20 34 11 19 30 
37 9 31 22 27 32 13 4 10 23 15 17 30 19 11 34 20 14 36 35 1 18 26 5 12 2 7 0 33 38 28 25 6 21 29 24 3 8 16 
4 10 23 15 17 32 27 13 22 31 9 37 16 8 3 24 25 28 6 21 29 38 7 0 33 2 12 5 26 18 1 35 36 14 20 34 11 19 30 
29 21 6 28 25 24 3 8 37 16 9 31 22 27 32 13 4 10 23 15 17 30 19 11 34 20 14 36 35 1 18 26 5 12 2 7 0 33 38 
9 31 22 27 32 13 4 10 23 15 17 30 19 11 34 20 14 36 35 1 18 26 5 12 2 7 0 33 38 6 21 29 28 25 24 3 8 37 16 
38 21 6 29 28 25 24 3 8 16 37 9 31 22 27 32 13 4 10 23 15 17 30 19 11 34 20 14 18 1 35 36 26 5 12 2 7 0 33 
17 15 23 10 4 13 27 32 22 31 9 37 16 8 3 24 25 28 6 21 29 38 7 0 33 2 12 5 26 18 1 35 36 14 20 30 19 11 34 
37 9 31 22 27 32 13 4 10 23 15 17 30 19 11 34 20 14 26 5 12 18 1 35 36 33 0 2 7 38 21 29 6 28 25 24 3 8 16 
37 9 31 22 27 13 4 10 23 15 17 32 30 19 11 34 20 14 36 35 1 18 26 5 12 2 7 0 33 38 21 29 6 28 25 24 3 8 16 
10 23 15 17 32 27 13 4 9 31 22 37 16 8 3 24 25 28 6 21 29 38 7 0 33 2 12 5 26 18 1 35 36 14 20 34 11 19 30 
3 24 25 28 6 21 29 38 7 0 33 2 12 5 26 18 1 35 36 14 20 34 11 19 30 15 17 32 27 13 4 10 23 22 31 9 37 16 8 
4 13 27 32 22 31 9 37 16 8 3 24 25 6 21 29 28 38 7 0 33 2 12 5 26 18 1 35 36 34 11 19 30 20 14 23 15 17 10 
33 0 7 38 21 6 29 25 28 24 3 8 16 37 9 31 22 27 32 13 4 10 23 15 17 30 19 11 34 20 14 36 35 1 18 26 5 12 2 
17 15 23 10 4 13 27 32 22 31 9 37 16 8 3 24 25 28 6 21 29 38 7 0 33 2 12 5 26 18 1 35 36 34 11 19 30 20 14 
18 1 35 36 14 20 34 11 19 30 23 15 17 32 27 13 4 10 9 31 22 37 16 8 3 24 25 28 6 21 29 38 7 0 33 2 12 5 26 
30 23 15 17 32 27 13 4 10 9 31 22 37 16 8 3 24 25 28 6 21 29 38 7 0 33 2 12 5 26 18 1 35 36 14 20 34 11 19 
12 5 26 18 1 35 36 14 34 11 19 30 20 23 15 17 32 27 13 4 10 9 31 22 37 16 8 3 24 25 28 6 21 29 38 7 0 33 2 
6 21 29 28 25 24 3 8 16 37 9 31 22 27 32 13 4 10 23 15 17 30 19 11 34 20 14 36 18 1 35 33 0 7 2 12 5 26 38 
