21 9 2 0 20 6 19 16 22 3 25 12 7 10 23 28 1 5 14 27 18 17 24 26 13 4 29 8 15 11 
19 20 6 16 22 3 25 12 7 10 23 28 1 5 14 27 18 17 24 26 13 4 29 8 15 11 21 9 2 0 
2 0 20 19 6 16 22 3 25 12 7 10 23 28 1 5 14 27 18 17 24 26 13 4 29 8 15 11 21 9 
2 0 20 19 6 16 22 3 25 12 7 10 23 28 1 5 14 27 18 17 24 26 13 4 29 8 15 11 21 9 
25 12 7 10 23 28 1 5 14 27 18 17 24 26 13 4 29 8 15 11 21 9 2 0 20 6 19 16 22 3 
15 11 21 9 2 0 20 19 6 16 22 3 25 12 7 10 23 28 1 5 14 27 18 17 24 26 13 4 29 8 
2 0 20 19 6 16 22 3 25 12 7 10 23 28 1 5 14 27 18 17 24 26 13 4 29 8 15 11 21 9 
8 29 4 13 26 24 17 18 27 14 5 1 28 23 10 7 12 25 3 22 16 6 20 19 0 2 9 21 11 15 
16 22 3 25 12 7 10 23 28 1 5 14 27 18 17 24 26 13 4 29 8 15 11 21 9 2 0 20 19 6 
17 18 27 14 5 1 28 23 10 7 12 25 3 22 16 6 20 19 0 2 9 21 11 15 8 29 4 13 26 24 
8 29 4 13 26 24 17 18 27 14 5 1 28 23 10 7 12 25 3 22 16 6 20 19 0 2 9 21 11 15 
20 19 6 16 22 3 25 12 7 10 23 28 1 5 14 27 18 17 24 26 13 4 29 8 15 11 21 9 2 0 
21 9 2 0 20 19 6 16 22 3 25 12 7 10 23 28 1 5 14 27 18 17 24 26 13 4 29 8 15 11 
15 11 21 9 2 0 20 19 6 16 22 3 25 12 7 10 23 28 1 5 14 27 18 17 24 26 13 4 29 8 
20 19 6 16 22 3 25 12 7 10 23 28 1 5 14 27 18 17 24 26 13 4 29 8 15 11 21 9 2 0 
19 20 6 16 22 3 25 12 7 10 23 28 1 5 14 27 18 17 24 26 13 4 29 8 15 11 21 9 2 0 
15 11 21 9 2 0 20 6 19 16 22 3 25 12 7 10 23 28 1 5 14 27 18 17 24 26 13 4 29 8 
20 6 16 22 3 25 12 7 10 23 28 1 5 14 27 18 17 24 26 13 4 29 8 15 11 21 9 2 0 19 
16 22 3 25 12 7 10 23 28 1 5 14 27 18 17 24 26 13 4 29 8 15 11 21 9 2 0 20 19 6 
25 12 7 10 23 28 1 5 14 27 18 17 24 26 13 4 29 8 15 11 21 9 2 0 20 6 19 16 22 3 
17 18 27 14 5 1 28 23 10 7 12 25 3 22 16 6 20 19 0 2 9 21 11 15 8 29 4 13 26 24 
2 0 20 19 6 16 22 3 25 12 7 10 23 28 1 5 14 27 18 17 24 26 13 4 29 8 15 11 21 9 
2 0 20 6 19 16 22 3 25 12 7 10 23 28 1 5 14 27 18 17 24 26 13 4 29 8 15 11 21 9 
19 20 6 16 22 3 25 12 7 10 23 28 1 5 14 27 17 18 24 26 13 4 29 8 15 11 21 9 2 0 
0 6 20 19 16 22 3 25 12 7 10 23 28 1 5 14 27 18 17 24 26 13 4 29 8 15 11 21 9 2 
