6 13 3 9 4 7 2 0 10 12 1 11 5 8 
1 12 10 9 4 0 2 7 6 13 3 8 5 11 
1 12 10 9 4 0 2 7 6 13 3 8 5 11 
4 9 10 12 1 11 5 3 13 8 6 7 2 0 
4 9 3 13 6 8 5 11 1 12 10 0 2 7 
4 9 3 13 6 8 5 11 1 12 10 0 2 7 
4 9 3 13 6 8 5 11 1 12 10 0 2 7 
4 9 3 13 6 8 5 11 1 12 10 0 2 7 
4 9 3 13 6 8 5 11 1 12 10 0 2 7 
4 9 3 13 6 8 5 11 1 12 10 0 2 7 
4 9 3 13 6 8 5 11 1 12 10 0 2 7 
4 9 3 13 6 8 5 11 1 12 10 0 2 7 
4 9 3 13 6 8 5 11 1 12 10 0 2 7 
4 9 3 13 6 8 5 11 1 12 10 0 2 7 
4 9 3 13 6 8 5 11 1 12 10 0 2 7 
6 13 3 8 5 11 1 12 10 9 4 0 2 7 
7 2 0 10 12 1 11 5 8 6 13 3 9 4 
7 2 0 10 12 1 11 5 8 6 13 3 9 4 
7 2 0 10 12 1 11 5 8 6 13 3 9 4 
6 13 3 8 5 11 1 12 10 9 4 0 2 7 
4 9 3 13 6 8 5 11 1 12 10 0 2 7 
4 9 3 13 6 8 5 11 1 12 10 0 2 7 
9 3 13 6 8 5 11 1 12 10 0 2 7 4 
4 9 3 13 6 8 5 11 1 12 10 0 2 7 
4 9 3 13 6 8 5 11 1 12 10 0 2 7 
12 1 11 5 8 3 13 6 7 2 0 4 9 10 
10 0 2 7 4 9 3 13 6 8 5 11 1 12 
10 0 2 7 4 9 3 13 6 8 5 11 1 12 
2 0 10 12 1 11 5 8 6 13 3 9 4 7 
3 13 6 8 5 11 1 12 10 0 2 7 4 9 
3 13 6 8 5 11 1 12 10 0 2 7 4 9 
9 3 13 6 8 5 11 1 12 10 0 2 7 4 
9 3 13 6 8 5 11 1 12 10 0 2 7 4 
3 13 6 8 5 11 1 12 10 0 2 7 4 9 
3 13 6 8 5 11 1 12 10 0 2 7 4 9 
3 13 6 8 5 11 1 12 10 0 2 7 4 9 
3 13 6 8 5 11 1 12 10 0 2 7 4 9 
9 3 13 6 8 5 11 1 12 10 0 2 7 4 
9 3 13 6 8 5 11 1 12 10 0 2 7 4 
9 3 13 6 8 5 11 1 12 10 0 2 7 4 
9 3 13 6 8 5 11 1 12 10 0 2 7 4 
1 12 10 0 2 7 4 9 3 13 6 8 5 11 
1 12 10 0 2 7 4 9 3 13 6 8 5 11 
1 12 10 9 4 0 2 7 6 13 3 8 5 11 
9 3 13 6 8 5 11 1 12 10 0 2 7 4 
13 6 8 5 11 1 12 10 0 2 7 4 9 3 
1 12 10 0 2 7 4 9 3 13 6 8 5 11 
9 4 0 2 7 6 13 3 8 5 11 1 12 10 
7 2 0 10 12 1 11 5 8 6 13 3 9 4 
3 13 6 8 5 11 1 12 10 0 2 7 4 9 
3 13 6 8 5 11 1 12 10 0 2 7 4 9 
8 5 11 1 12 10 0 2 7 4 9 3 13 6 
8 5 11 1 12 10 0 2 7 4 9 3 13 6 
3 13 6 8 5 11 1 12 10 0 2 7 4 9 
3 13 6 8 5 11 1 12 10 0 2 7 4 9 
4 9 3 13 6 8 5 11 1 12 10 0 2 7 
3 13 6 8 5 11 1 12 10 0 2 7 4 9 
3 13 6 8 5 11 1 12 10 0 2 7 4 9 
3 13 6 8 5 11 1 12 10 0 2 7 4 9 
5 11 1 12 10 0 2 7 4 9 3 13 6 8 
5 11 1 12 10 0 2 7 4 9 3 13 6 8 
3 13 6 8 5 11 1 12 10 0 2 7 4 9 
1 12 10 0 2 7 4 9 3 13 6 8 5 11 
1 12 10 0 2 7 4 9 3 13 6 8 5 11 
9 3 13 6 8 5 11 1 12 10 0 2 7 4 
9 3 13 6 8 5 11 1 12 10 0 2 7 4 
13 3 8 5 11 1 12 10 9 4 0 2 7 6 
7 2 0 10 12 1 11 5 8 6 13 3 9 4 
7 2 0 10 12 1 11 5 8 6 13 3 9 4 
7 2 0 10 12 1 11 5 8 6 13 3 9 4 
12 1 11 5 3 13 8 6 7 2 0 4 9 10 
6 13 3 8 5 11 1 12 10 9 4 0 2 7 
6 13 3 8 5 11 1 12 10 9 4 0 2 7 
6 13 3 8 5 11 1 12 10 9 4 0 2 7 
11 1 12 10 9 4 0 2 7 6 13 3 8 5 
11 1 12 10 9 4 0 2 7 6 13 3 8 5 
0 2 7 6 13 3 8 5 11 1 12 10 9 4 
0 2 7 6 13 3 8 5 11 1 12 10 9 4 
12 1 11 5 3 13 8 6 7 2 0 4 9 10 
11 1 12 10 9 4 0 2 7 6 13 3 8 5 
11 1 12 10 9 4 0 2 7 6 13 3 8 5 
3 13 6 8 5 11 1 12 10 0 2 7 4 9 
8 5 11 1 12 10 0 2 7 4 9 3 13 6 
8 5 11 1 12 10 0 2 7 4 9 3 13 6 
3 13 6 8 5 11 1 12 10 0 2 7 4 9 
3 13 6 8 5 11 1 12 10 0 2 7 4 9 
3 13 6 8 5 11 1 12 10 0 2 7 4 9 
3 13 6 8 5 11 1 12 10 0 2 7 4 9 
3 13 8 6 7 2 0 4 9 10 12 1 11 5 
8 6 13 3 9 4 7 2 0 10 12 1 11 5 
3 13 8 6 7 2 0 4 9 10 12 1 11 5 
3 13 8 6 7 2 0 4 9 10 12 1 11 5 
9 4 0 2 7 6 13 3 8 5 11 1 12 10 
3 13 8 6 7 2 0 4 9 10 12 1 11 5 
3 13 6 7 2 0 4 9 10 12 1 11 5 8 
7 2 0 10 12 1 11 5 8 6 13 3 9 4 
7 2 0 10 12 1 11 5 8 6 13 3 9 4 
7 2 0 10 12 1 11 5 8 6 13 3 9 4 
5 11 1 12 10 9 4 0 2 7 6 13 3 8 
3 13 6 8 5 11 1 12 10 0 2 7 4 9 
