5 25 11 46 32 26 37 19 14 45 16 1 2 3 21 38 15 31 23 27 39 22 6 10 17 42 9 12 18 33 35 40 28 48 30 8 49 41 24 34 7 29 43 44 4 0 13 20 47 36 
9 12 18 43 44 4 13 20 47 36 5 11 25 46 32 26 37 19 14 24 16 1 45 2 3 21 23 38 15 31 42 6 22 27 39 10 17 29 33 0 35 40 28 48 30 8 49 41 34 7 
34 8 49 41 24 16 1 2 3 21 23 38 15 31 7 29 33 35 0 13 20 47 36 4 44 43 18 12 9 17 42 6 22 10 27 39 45 14 19 37 26 32 46 11 5 25 48 28 40 30 
28 48 5 25 11 46 32 26 37 19 14 41 49 8 30 40 35 0 33 29 7 15 31 42 6 22 27 23 38 3 2 1 16 45 24 34 21 39 10 17 9 12 18 43 44 4 13 20 47 36 
5 11 25 46 32 26 37 19 14 45 16 1 2 3 21 23 27 6 10 22 39 38 15 31 42 17 9 12 18 43 44 4 13 20 47 36 0 35 33 29 7 34 8 49 41 24 30 40 48 28 
39 27 22 6 10 17 9 12 18 43 44 4 47 20 28 48 40 30 8 34 1 2 3 45 16 24 49 41 14 19 37 26 32 46 11 25 5 36 13 0 35 33 29 7 31 15 38 21 23 42 
40 48 28 0 35 33 29 7 31 15 21 38 23 27 39 22 10 6 42 17 9 12 18 43 44 4 13 20 47 36 5 25 11 46 32 26 37 19 14 41 49 24 1 16 45 3 2 34 8 30 
42 17 9 12 18 43 44 4 13 20 47 36 5 25 11 46 32 26 37 19 14 41 49 24 16 45 3 21 38 23 27 39 6 10 22 2 1 34 8 30 40 28 48 0 33 29 35 7 31 15 
39 21 38 15 31 42 6 22 10 17 9 12 18 43 44 4 47 13 20 36 5 25 11 46 32 26 37 19 14 24 49 41 8 30 40 48 28 0 35 33 29 7 34 1 16 45 3 2 23 27 
39 27 23 38 21 3 2 16 1 34 8 30 40 28 48 25 11 5 46 32 26 37 19 14 24 49 41 45 15 31 7 29 33 35 0 13 20 36 47 4 44 43 18 12 9 17 10 22 6 42 
33 29 12 9 17 42 6 10 22 39 27 23 21 38 15 31 7 34 8 30 40 48 28 20 47 13 0 35 41 49 24 16 1 2 3 45 14 19 37 26 32 46 11 25 5 36 4 44 43 18 
48 28 40 30 8 34 1 14 45 3 2 16 24 49 41 19 37 26 32 46 25 11 5 36 20 47 13 0 44 4 43 18 12 9 17 42 6 10 22 39 27 23 21 38 15 31 7 29 33 35 
25 48 28 40 35 33 29 9 12 18 43 44 4 13 20 47 36 0 30 8 49 41 24 16 1 2 3 21 38 23 27 39 22 6 10 17 42 31 15 7 34 45 14 19 37 26 32 46 11 5 
43 18 12 9 29 33 35 0 13 20 47 36 5 25 11 46 32 26 37 19 14 45 16 1 2 3 38 23 27 22 6 42 17 10 39 21 31 15 7 34 8 49 41 24 30 40 28 48 4 44 
5 25 11 46 32 26 37 19 14 45 16 1 24 49 41 8 30 40 28 48 0 13 4 44 43 18 12 9 17 10 22 6 42 31 15 38 23 27 39 21 3 2 34 7 33 29 35 47 20 36 
45 2 3 21 38 31 15 23 27 39 22 10 6 42 17 9 12 18 43 44 4 13 20 47 36 5 25 11 46 32 26 37 19 14 24 49 41 8 30 40 48 28 35 33 29 0 7 34 1 16 
5 36 47 4 44 43 18 12 9 17 42 31 15 38 21 23 27 39 22 10 6 3 2 1 16 45 24 49 41 14 19 37 26 32 46 25 11 48 28 40 30 8 34 7 29 33 35 0 13 20 
20 36 47 4 44 43 18 12 9 17 42 31 15 38 21 23 27 22 6 10 39 3 2 1 16 45 24 49 41 14 19 37 26 32 46 11 5 25 48 28 40 30 8 34 7 35 33 29 0 13 
31 15 38 23 21 39 27 22 6 10 17 42 9 12 18 43 44 4 47 36 20 13 0 35 33 29 7 34 8 49 41 24 16 45 14 19 37 26 32 46 11 25 5 48 28 40 30 1 2 3 
12 9 17 42 6 10 22 27 23 38 39 21 3 2 1 16 45 14 24 49 41 19 37 26 32 46 11 25 5 36 20 47 4 44 43 18 29 33 35 0 13 28 48 40 30 8 34 7 31 15 
45 2 3 21 23 38 15 31 42 6 22 27 39 10 17 9 12 18 43 44 4 13 0 47 20 36 5 11 46 32 26 37 19 41 49 8 30 25 48 28 40 35 33 29 7 34 1 16 14 24 
34 7 31 15 38 21 23 27 39 22 6 10 42 17 9 12 18 43 44 4 13 0 33 29 35 40 30 8 49 41 24 16 1 2 3 45 14 19 37 26 32 46 11 25 5 36 20 47 28 48 
32 26 37 19 14 45 16 1 2 3 21 38 23 27 39 22 10 6 42 17 9 12 18 43 44 4 13 47 20 36 5 11 46 25 48 28 40 35 0 33 29 7 31 15 34 8 30 49 24 41 
5 11 46 32 26 37 19 14 24 45 16 1 2 3 38 21 23 27 39 10 22 6 42 17 9 12 18 43 44 4 47 36 20 13 0 33 29 7 31 15 34 30 49 41 8 35 40 28 48 25 
9 12 18 43 44 4 13 0 47 20 36 5 11 25 46 32 26 37 19 14 41 49 8 30 40 28 48 35 33 29 7 34 24 16 1 2 3 45 38 15 31 42 6 22 39 27 21 23 10 17 
24 49 41 8 30 40 48 28 0 35 33 29 9 12 18 43 44 4 47 13 20 36 5 11 25 46 32 26 37 19 14 45 16 1 2 3 21 23 27 39 22 6 10 17 42 31 15 7 34 38 
21 38 23 27 22 10 6 42 17 9 12 18 43 44 4 13 20 47 36 5 25 11 46 32 26 37 19 14 45 3 2 1 16 24 49 41 8 30 40 28 48 35 0 33 29 7 34 15 31 39 
45 3 21 23 27 39 22 6 10 17 42 31 15 38 2 1 16 24 49 41 19 37 26 32 46 11 5 25 48 28 40 35 0 13 20 36 47 4 44 43 18 12 9 29 33 7 34 8 30 14 
18 43 44 4 13 20 47 36 5 25 11 46 32 26 37 19 14 24 16 45 3 2 1 34 8 49 41 30 40 48 28 0 35 33 12 9 17 10 22 39 27 23 21 38 15 31 42 6 7 29 
8 30 40 48 28 0 44 4 13 36 47 20 5 11 25 46 32 26 37 19 14 24 45 16 1 2 3 21 38 23 27 39 22 10 6 42 17 9 12 18 43 33 29 35 7 31 15 34 41 49 
24 49 41 8 30 40 28 48 25 5 11 46 32 26 37 19 14 45 16 1 2 3 21 38 23 39 27 22 6 10 17 42 31 15 7 9 12 18 43 44 4 13 20 36 47 0 35 33 29 34 
11 25 5 48 28 40 30 34 8 49 41 24 16 1 2 3 21 38 31 15 7 29 33 35 0 13 20 36 47 4 44 43 18 12 9 17 42 6 22 10 27 23 39 45 14 19 37 26 32 46 
19 14 24 49 41 8 30 40 28 48 13 0 35 33 29 31 7 34 1 2 3 45 16 21 38 15 23 27 39 22 10 17 6 42 9 12 18 43 44 4 47 20 36 5 25 11 46 32 26 37 
2 3 21 38 23 27 39 10 22 6 42 17 9 12 18 43 44 4 13 0 20 47 36 5 25 11 46 32 26 37 19 14 24 16 1 34 8 30 40 28 48 35 33 29 7 31 15 41 49 45 
9 12 18 43 44 4 13 20 47 36 5 25 11 46 32 26 37 19 14 24 2 3 21 38 15 23 27 39 22 6 10 17 42 31 7 29 33 35 0 28 48 40 30 8 49 41 45 16 1 34 
45 16 24 49 41 14 19 37 26 32 46 11 25 5 36 20 47 13 4 0 44 43 18 12 9 17 42 6 10 22 27 39 21 3 2 1 34 8 30 40 28 48 35 33 29 7 31 15 38 23 
22 39 27 23 21 38 2 1 16 24 34 8 30 40 28 48 25 5 11 46 32 26 37 19 14 41 49 7 29 33 35 0 13 20 36 47 4 44 43 18 12 9 17 10 6 42 31 15 3 45 
13 20 47 36 5 25 11 46 32 26 37 19 14 24 16 45 2 3 21 38 15 31 7 29 33 35 40 28 48 30 49 41 8 34 1 23 27 39 22 6 10 17 42 9 12 18 43 44 4 0 
4 44 43 18 12 9 17 10 22 6 42 31 15 38 23 27 39 21 3 2 1 16 45 49 41 24 14 19 37 26 32 46 11 25 48 28 40 30 8 34 7 35 33 29 0 13 47 36 5 20 
44 4 13 0 20 47 36 5 11 25 48 28 40 35 33 29 7 31 15 38 21 3 2 16 1 45 14 19 37 26 32 46 30 8 49 41 24 34 23 27 39 22 10 6 42 17 9 12 18 43 
0 35 33 29 7 34 24 45 16 1 2 3 21 38 15 31 42 17 10 6 22 27 23 39 9 12 18 43 44 4 13 20 47 36 5 11 46 32 26 37 19 14 41 49 8 30 40 28 48 25 
35 33 29 7 31 15 38 21 23 27 39 22 6 42 17 10 9 12 18 43 44 4 13 20 47 36 5 25 11 46 32 26 37 19 14 41 49 24 16 1 2 3 45 34 8 30 40 48 28 0 
31 15 38 23 27 22 6 42 17 9 12 18 43 44 4 13 20 47 36 5 11 25 46 32 26 37 19 14 24 49 41 8 30 40 28 48 35 0 33 29 7 34 1 16 45 2 3 21 39 10 
34 1 2 3 21 39 27 23 38 15 7 31 42 6 22 10 17 9 12 18 43 44 4 13 47 20 36 5 11 46 32 26 37 19 14 45 16 24 49 41 8 30 40 28 48 25 0 35 33 29 
49 41 8 30 40 48 28 25 11 46 32 26 37 19 14 45 16 1 2 3 21 38 23 27 39 22 10 6 42 17 9 12 18 43 44 4 13 47 20 36 5 0 35 33 29 7 31 15 34 24 
42 17 10 22 6 9 12 18 43 44 4 13 47 20 36 5 25 11 46 32 26 37 19 14 45 16 24 49 41 8 30 40 28 48 0 33 29 7 35 34 1 2 3 21 23 27 39 38 15 31 
49 41 8 30 40 48 28 25 11 46 32 26 37 19 14 24 1 16 45 2 3 21 39 27 23 38 15 31 42 6 22 10 17 9 12 18 43 44 4 13 20 47 36 5 0 35 33 29 7 34 
21 38 15 31 42 6 22 10 17 9 12 18 43 44 4 13 20 47 36 5 11 25 46 32 26 37 19 14 24 49 41 8 30 40 48 28 0 33 29 35 7 34 1 16 2 3 45 39 27 23 
29 31 15 38 21 23 27 39 10 22 6 42 17 9 12 18 43 44 4 13 20 47 36 5 25 11 46 32 26 37 19 14 24 16 1 2 3 45 34 8 49 41 30 40 48 28 0 33 7 35 
43 33 29 18 12 9 17 10 22 6 42 31 15 38 21 23 39 27 34 8 30 40 28 48 25 5 11 46 32 26 37 19 14 41 49 24 16 1 2 3 45 7 35 0 13 20 36 47 4 44 
33 29 18 43 44 4 13 20 47 36 5 25 11 46 32 26 37 19 14 41 49 8 34 7 31 15 38 23 27 39 22 6 42 17 9 12 10 21 3 2 1 16 45 24 30 40 28 48 0 35 
1 16 45 14 19 37 26 32 46 11 25 5 36 47 20 13 0 4 44 43 18 12 9 17 42 6 10 22 27 39 21 38 23 3 2 34 8 30 40 28 48 35 33 29 7 31 15 49 41 24 
25 11 5 36 20 47 13 4 44 43 18 12 9 29 33 35 0 28 48 40 30 8 49 41 24 45 16 1 2 3 21 23 27 39 22 6 42 17 10 15 7 31 38 34 14 19 37 26 32 46 
15 31 7 29 33 35 0 4 44 43 18 12 9 17 42 6 22 10 39 27 23 38 21 3 2 1 16 45 41 49 24 34 8 30 40 48 28 13 20 47 36 5 25 11 46 32 26 37 19 14 
28 48 25 5 11 46 32 26 37 19 14 24 16 45 41 49 8 30 40 35 33 29 31 15 7 34 1 2 3 21 38 23 27 39 10 22 6 42 17 9 12 18 43 44 4 13 0 47 36 20 
8 34 1 16 2 3 21 23 27 39 22 10 6 42 17 9 12 18 43 44 4 13 20 47 36 5 11 25 48 28 40 0 35 33 29 7 31 15 38 45 24 49 41 14 19 37 26 32 46 30 
31 7 34 1 16 41 49 8 30 40 28 48 25 5 11 46 32 26 37 19 14 24 45 2 3 21 38 23 27 39 22 10 17 6 42 9 12 18 43 44 4 47 36 20 13 0 33 29 35 15 
17 10 22 6 42 31 15 38 23 27 39 21 3 2 45 16 1 34 8 30 40 28 48 25 5 11 46 32 26 37 19 41 49 24 14 33 29 7 35 0 13 20 36 47 4 44 43 18 12 9 
15 31 42 6 22 27 39 21 3 2 16 1 24 49 41 8 30 40 28 48 25 5 11 46 32 26 37 19 14 45 34 7 29 33 35 0 13 20 47 36 4 44 43 18 12 9 17 10 23 38 
5 11 46 32 26 37 19 14 41 49 24 16 1 2 3 38 23 27 39 21 42 6 22 10 17 9 12 18 43 44 4 47 36 20 13 0 35 33 29 7 31 15 45 34 8 30 40 28 48 25 
42 17 9 12 18 43 44 4 13 20 47 36 5 11 25 46 32 26 37 19 14 41 49 24 16 2 3 21 23 27 22 6 10 39 38 15 31 7 29 33 35 0 28 48 40 30 8 34 1 45 
9 12 18 43 44 4 13 20 47 36 5 25 11 46 32 26 37 19 14 45 16 24 49 41 8 30 40 48 28 0 35 33 29 7 31 15 38 23 27 39 22 6 42 17 10 21 3 2 1 34 
21 3 2 1 16 45 24 49 41 14 19 37 26 32 46 11 25 48 28 40 30 8 34 7 31 29 33 35 0 13 20 47 36 5 4 44 43 18 12 9 17 42 6 10 22 27 39 38 15 23 
8 34 1 2 3 45 16 24 49 41 14 19 37 26 32 46 11 5 36 20 47 4 44 43 18 12 9 17 42 6 22 10 27 39 21 38 23 15 31 7 29 33 35 0 13 25 48 28 40 30 
36 5 11 25 48 28 40 30 8 34 15 38 23 27 22 6 10 17 9 12 18 43 44 4 47 20 13 0 35 33 29 7 31 42 39 21 3 2 1 16 45 14 24 49 41 19 37 26 32 46 
24 49 41 8 30 40 28 48 25 5 11 46 32 26 37 19 14 45 16 1 2 3 21 38 23 39 27 22 6 10 17 42 31 15 7 9 12 18 43 44 4 13 20 47 36 0 35 33 29 34 
0 13 20 47 36 4 44 43 33 35 40 30 8 34 7 29 18 12 9 17 10 22 6 42 31 15 38 23 27 39 21 3 2 1 16 45 24 49 41 14 19 37 26 32 46 11 25 5 48 28 
44 4 13 20 47 36 5 11 25 46 32 26 37 19 14 41 49 8 34 1 16 24 45 2 3 21 38 23 27 39 10 22 6 42 17 9 12 18 43 33 0 35 40 28 48 30 7 15 31 29 
27 23 38 15 31 42 17 9 12 18 43 44 4 13 20 47 36 5 25 11 46 32 26 37 19 14 41 49 8 30 40 28 48 0 35 33 29 7 34 45 24 16 1 2 3 21 39 10 22 6 
31 38 15 7 34 1 2 3 21 23 27 39 22 6 10 17 42 9 12 18 43 44 4 0 13 20 47 36 30 8 49 41 24 16 45 14 19 37 26 32 46 11 5 25 48 28 40 35 33 29 
2 3 21 38 23 39 27 22 10 6 42 17 9 12 18 43 44 4 13 20 47 36 5 11 25 46 32 26 37 19 14 45 24 16 1 34 8 49 41 30 40 48 28 0 35 29 33 7 15 31 
31 15 7 29 33 35 40 28 48 30 8 49 41 24 16 1 2 3 21 38 23 27 39 22 10 6 42 17 9 12 18 43 44 4 13 0 20 47 36 5 11 25 46 32 26 37 19 14 45 34 
21 38 15 31 42 6 22 10 17 9 12 18 43 44 4 13 20 47 36 5 11 25 46 32 26 37 19 14 24 49 41 8 30 40 48 28 35 0 33 29 7 34 1 16 45 2 3 23 27 39 
11 25 5 36 20 47 13 0 44 4 43 18 12 9 39 21 38 23 27 42 6 22 10 17 29 33 35 40 48 28 30 8 34 7 31 15 1 2 3 45 16 24 49 41 14 19 37 26 32 46 
7 31 15 38 21 23 27 39 22 10 6 42 17 9 12 18 43 44 4 13 20 47 36 5 25 11 46 32 26 37 19 14 24 16 1 2 3 45 49 41 30 8 34 40 48 28 0 35 33 29 
3 2 1 16 24 45 14 19 37 26 32 46 11 5 25 48 28 40 30 8 34 7 29 33 35 0 13 20 47 36 4 44 43 18 12 9 17 10 22 6 42 31 15 38 23 27 39 21 49 41 
27 23 21 3 2 45 16 1 24 49 41 14 19 37 26 32 46 25 11 5 36 20 47 0 35 33 29 7 31 15 38 10 22 6 42 17 9 12 18 43 44 4 13 28 48 40 30 8 34 39 
9 17 10 22 6 42 31 15 23 27 39 21 38 3 2 1 16 24 49 41 8 30 40 48 28 13 0 33 29 18 43 44 4 47 20 36 5 25 11 46 32 26 37 19 14 45 34 7 35 12 
31 15 34 1 16 45 2 3 21 23 27 39 22 6 10 17 42 9 12 18 43 44 4 13 20 47 36 5 11 46 32 26 37 19 14 24 49 41 8 30 40 48 28 25 0 35 33 29 7 38 
34 1 16 2 3 21 38 23 27 22 10 6 42 17 9 12 18 43 44 4 47 36 20 13 0 35 33 29 7 31 15 39 45 14 24 49 41 19 37 26 32 46 11 5 25 48 28 40 30 8 
11 46 32 26 37 19 41 49 14 45 16 24 1 2 3 21 38 23 27 39 22 6 10 17 42 31 15 7 34 8 30 40 35 33 29 18 12 9 43 44 4 47 36 20 13 0 28 48 25 5 
44 43 18 12 9 17 10 22 6 42 31 15 38 23 27 39 21 3 2 1 16 45 14 24 49 41 19 37 26 32 46 11 25 48 28 40 30 8 34 7 29 33 0 35 13 20 47 36 5 4 
18 43 44 4 13 20 47 36 5 28 48 25 11 46 32 26 37 19 14 41 49 24 16 2 1 34 8 30 40 35 33 29 12 9 17 42 6 10 22 39 27 23 38 21 3 45 15 31 7 0 
37 26 32 46 11 5 25 48 28 40 30 8 34 1 16 24 49 41 14 45 2 3 38 15 31 42 6 22 39 21 23 27 10 17 9 12 18 43 44 4 13 20 36 47 0 35 33 29 7 19 
14 19 37 26 32 46 11 25 5 36 20 47 4 44 43 18 12 9 17 10 6 27 39 22 42 31 15 38 21 23 2 3 45 16 1 24 49 41 8 30 40 48 28 0 13 35 33 29 7 34 
35 33 29 7 31 15 2 3 21 38 23 27 39 22 6 10 17 42 9 12 18 43 44 4 13 0 20 47 36 5 11 46 32 26 37 19 14 24 16 45 1 34 8 30 40 28 48 25 41 49 
15 7 31 42 6 22 10 17 9 12 18 43 44 4 13 20 47 36 5 25 11 46 32 26 37 19 41 49 8 30 40 48 28 0 35 33 29 39 27 23 38 21 3 2 1 16 24 45 14 34 
41 49 8 30 40 48 28 25 11 46 32 26 37 19 14 45 16 1 2 3 21 23 38 15 31 42 6 27 39 22 10 17 9 12 18 43 44 4 13 47 20 36 5 0 35 33 29 7 34 24 
16 1 2 3 38 21 23 27 39 22 6 10 17 42 31 15 7 33 35 40 30 8 49 41 19 37 26 32 46 11 25 48 28 5 36 47 20 13 0 44 4 43 18 12 9 29 34 24 14 45 
28 48 40 30 8 49 41 24 16 1 2 3 21 38 23 27 39 22 6 10 17 42 9 12 18 43 44 4 0 35 33 29 7 31 15 34 45 14 19 37 26 32 46 11 25 5 36 20 13 47 
29 33 35 40 48 28 25 5 11 46 32 26 37 19 14 45 16 1 2 3 21 23 38 15 31 42 6 22 27 39 10 17 9 12 18 43 44 4 0 13 20 47 36 30 8 49 41 24 34 7 
8 30 40 28 48 35 33 29 7 31 15 38 23 27 22 10 6 42 17 9 12 18 43 44 4 13 0 20 47 36 5 11 25 46 32 26 37 19 41 49 24 16 1 2 3 21 39 45 14 34 
49 41 8 34 31 15 7 38 23 27 22 6 10 17 9 12 18 43 44 4 13 0 35 33 29 42 39 21 3 2 16 1 24 45 14 19 37 26 32 46 11 25 5 36 20 47 28 48 40 30 
39 27 23 38 15 31 42 6 10 17 9 12 18 43 44 4 13 0 20 47 36 5 25 11 46 32 26 37 19 14 24 49 41 8 30 40 28 48 35 33 29 7 34 1 16 2 3 45 21 22 
25 5 11 46 32 26 37 19 14 45 16 1 2 3 21 31 15 38 23 27 39 22 10 6 42 17 9 12 18 43 44 4 13 20 47 36 35 40 30 8 49 41 24 34 7 29 33 0 28 48 
1 16 2 3 45 21 38 15 31 42 6 23 27 39 22 10 17 9 12 18 43 44 4 13 20 47 36 5 25 11 46 32 26 37 19 14 41 49 8 30 40 48 28 29 33 0 35 7 34 24 
7 31 15 38 21 3 2 1 16 45 24 34 8 30 40 28 48 25 5 11 46 32 26 37 19 14 41 49 29 33 35 0 13 20 36 47 4 44 43 18 12 9 17 42 6 10 22 27 23 39 
45 16 1 2 3 21 23 27 39 22 6 10 17 9 12 18 43 44 4 13 20 47 36 5 25 11 46 32 26 37 19 14 41 49 8 30 40 48 28 0 33 29 35 7 15 31 42 38 34 24 
14 24 16 1 2 3 21 38 15 31 7 34 8 30 40 48 28 20 47 4 44 43 18 12 9 17 42 6 10 22 39 27 23 29 33 35 0 13 36 5 11 25 46 32 26 37 19 41 49 45 
39 27 22 10 17 42 31 15 38 23 21 3 2 1 16 24 14 45 41 49 8 30 40 28 48 25 5 11 46 32 26 37 19 34 7 29 33 35 0 13 20 36 47 4 44 43 18 12 9 6 
