9 39 44 17 2 31 11 34 13 20 47 45 19 30 49 25 0 46 36 8 26 21 27 41 6 4 1 24 48 35 22 28 10 33 29 3 5 43 42 23 7 16 40 18 38 12 32 15 37 14 
15 32 37 25 0 36 46 8 26 21 27 41 6 4 1 24 35 48 22 28 10 33 29 3 5 43 42 23 7 16 40 18 12 38 9 39 44 17 2 11 34 13 47 45 19 30 49 20 31 14 
44 17 2 11 34 13 47 45 19 30 49 20 31 14 15 32 37 25 0 36 46 8 26 21 27 41 6 4 1 24 35 48 22 28 10 33 29 3 5 43 42 23 7 16 18 38 12 40 9 39 
3 5 43 42 23 7 16 40 9 39 44 17 2 11 34 45 19 30 49 20 13 47 31 14 15 32 37 25 46 36 0 38 18 12 26 8 21 27 41 6 4 1 24 35 48 22 28 10 33 29 
0 36 8 26 21 27 41 6 4 1 24 48 35 22 28 10 33 29 3 5 43 42 12 18 38 16 7 23 40 9 39 44 17 2 11 34 13 47 45 19 30 49 20 31 14 15 32 37 25 46 
12 18 38 0 25 46 36 8 26 21 27 41 6 4 1 24 35 48 22 28 10 33 29 3 5 43 42 23 7 16 40 9 39 44 17 2 11 34 13 47 45 19 30 49 20 31 14 15 37 32 
19 45 34 11 2 17 44 39 9 40 16 7 23 5 43 42 12 18 38 26 8 36 46 0 25 37 15 32 14 31 20 13 47 49 48 24 1 4 6 41 27 21 3 29 33 10 28 22 35 30 
3 5 43 42 23 7 16 40 18 12 38 32 37 15 14 39 9 44 17 2 11 34 13 47 45 19 30 49 20 31 25 0 36 46 8 26 21 27 41 6 4 1 24 35 48 22 28 10 33 29 
47 13 20 31 14 15 37 25 0 36 46 8 26 21 27 41 6 4 1 24 35 48 22 28 10 33 29 3 5 43 42 23 7 16 40 18 12 38 32 9 39 44 17 2 11 34 45 19 30 49 
9 39 44 17 2 11 34 13 47 45 19 30 49 20 31 14 15 32 37 25 0 36 46 8 26 21 27 41 6 4 1 24 35 48 22 28 10 33 29 3 5 43 42 23 7 16 40 18 38 12 
9 39 44 17 2 11 34 13 47 45 19 30 49 20 25 0 36 46 8 26 21 27 41 6 4 1 24 35 48 22 28 10 33 29 3 5 43 42 23 7 16 40 18 12 38 32 15 37 31 14 
20 13 47 45 19 30 49 25 0 36 46 8 26 21 27 41 6 4 1 24 35 48 22 28 10 33 29 3 5 43 42 23 12 18 38 16 7 40 9 39 44 14 15 32 37 31 17 2 11 34 
12 18 38 16 40 9 39 44 17 2 11 34 13 47 45 19 30 49 20 31 14 15 32 37 25 46 0 36 8 26 21 27 41 6 4 1 24 35 48 22 28 10 33 29 3 5 43 42 23 7 
31 2 11 34 13 20 47 45 19 30 49 48 24 35 22 1 4 6 41 28 10 33 29 27 21 26 8 36 46 0 38 18 12 43 5 3 23 42 7 16 40 9 39 44 17 14 15 32 37 25 
37 15 32 0 25 46 36 8 26 21 27 41 6 4 1 24 35 48 22 28 10 33 29 3 5 23 42 43 12 18 38 16 7 40 9 39 44 17 2 11 34 45 19 30 49 47 13 20 31 14 
38 18 12 42 43 23 7 16 40 9 39 44 17 2 11 34 13 47 45 19 30 49 20 31 14 15 32 37 25 0 36 46 8 26 21 27 41 6 4 1 24 35 48 22 28 10 33 29 3 5 
44 17 2 11 34 13 47 45 19 30 49 20 31 14 15 32 37 25 0 36 46 8 26 21 27 41 6 4 1 24 35 48 22 28 10 33 29 3 5 43 42 23 12 18 38 16 7 40 9 39 
39 9 44 17 2 11 34 13 20 47 45 19 30 49 25 0 36 46 8 26 21 27 41 6 4 1 24 35 48 22 28 10 33 29 3 5 43 42 23 7 16 40 18 38 12 32 15 37 31 14 
26 21 27 41 6 4 1 24 35 48 22 28 10 33 29 3 5 43 42 23 7 16 40 9 39 44 17 2 11 34 13 47 45 19 30 49 20 31 14 15 32 37 25 0 36 46 8 38 18 12 
31 14 15 32 37 25 0 36 46 8 26 21 27 41 6 4 1 24 48 35 22 28 10 33 29 3 5 43 42 23 12 18 38 16 7 40 9 39 44 17 2 11 34 47 45 19 30 49 20 13 
44 17 2 11 34 13 47 45 19 30 49 20 25 0 36 46 26 8 21 27 41 6 4 1 24 35 48 22 28 10 33 29 3 5 43 42 23 7 16 40 18 12 38 32 15 37 31 14 39 9 
18 38 12 16 40 9 39 44 17 2 11 34 13 47 45 19 30 49 20 31 14 15 32 37 25 0 36 46 8 26 21 27 41 6 4 1 24 48 35 22 28 10 33 29 3 5 43 42 23 7 
25 0 36 46 8 26 21 27 41 6 4 1 24 48 35 22 28 10 33 29 3 5 43 42 23 7 16 40 18 12 38 32 15 37 31 13 47 20 49 30 19 45 34 11 2 17 44 39 9 14 
17 2 11 34 13 20 47 45 19 30 49 46 36 0 25 31 37 15 32 38 18 12 26 8 21 27 41 6 4 1 24 35 48 22 28 10 29 33 3 5 43 42 23 7 16 40 9 39 44 14 
38 18 12 43 42 23 7 16 40 9 39 44 17 2 11 34 13 47 45 19 30 49 20 31 14 15 32 37 25 46 0 36 8 26 21 27 41 6 4 1 24 48 35 22 28 10 33 29 3 5 
14 44 17 2 11 34 13 47 45 19 30 49 20 31 37 15 32 0 25 46 36 8 26 21 27 41 6 4 1 24 35 48 22 28 10 33 29 3 5 43 42 23 12 18 38 16 7 40 9 39 
43 42 23 7 16 40 9 39 44 17 2 11 34 45 19 30 49 20 13 47 31 14 15 32 37 25 0 36 46 8 26 21 27 41 6 4 1 24 48 35 22 28 10 29 33 3 5 38 18 12 
11 34 47 45 19 30 49 20 13 31 14 15 32 37 25 0 36 46 8 26 21 27 41 6 4 1 24 35 48 22 28 10 33 29 3 5 43 42 7 23 12 18 38 16 40 9 39 44 17 2 
13 47 20 31 14 15 32 37 25 0 36 46 8 26 21 27 41 6 4 1 24 35 48 22 28 10 33 29 3 5 43 42 23 12 18 38 16 7 40 9 39 44 17 2 11 34 45 19 30 49 
44 17 2 11 34 13 47 45 19 30 49 20 31 14 15 32 37 25 0 36 46 8 26 21 27 41 6 4 1 24 35 48 22 28 10 33 29 3 5 43 42 23 7 16 40 18 12 38 9 39 
2 11 34 13 47 45 19 30 49 20 31 14 15 32 37 25 0 36 46 8 21 26 27 41 6 4 1 24 35 48 22 28 10 33 29 3 5 43 42 23 12 38 18 16 7 40 9 39 44 17 
9 39 44 17 2 11 34 13 47 45 19 30 49 20 25 0 36 46 8 26 21 27 41 6 4 1 24 35 48 22 28 10 33 29 3 5 43 42 23 7 16 40 18 38 12 32 15 37 31 14 
0 36 46 8 26 21 27 41 6 4 1 24 35 48 22 28 10 33 29 3 5 23 7 42 43 12 18 38 16 40 9 39 44 14 15 32 37 31 11 2 17 34 13 20 47 45 19 30 49 25 
48 24 1 4 6 41 27 21 26 8 36 46 0 25 37 15 32 14 31 20 13 47 34 11 2 17 44 39 9 40 16 7 12 18 38 43 42 23 5 3 29 33 10 28 22 35 30 19 45 49 
17 2 11 34 13 20 47 45 19 30 49 25 37 15 32 0 36 46 8 26 21 27 41 6 4 1 24 35 48 22 28 10 33 29 3 5 43 42 23 12 18 38 16 7 40 9 39 44 14 31 
31 11 34 13 47 45 19 30 49 46 36 0 25 37 15 32 38 18 12 26 8 21 27 41 6 4 1 24 48 35 22 28 10 33 29 3 5 43 42 23 7 16 40 9 39 44 14 17 2 20 
38 18 12 43 42 23 7 16 40 9 39 44 17 2 11 34 13 47 45 19 30 49 20 31 14 15 32 37 25 0 36 46 8 26 21 27 41 6 4 1 24 35 48 22 28 10 33 29 3 5 
36 46 8 26 21 27 41 6 4 1 24 35 48 22 28 10 33 29 3 5 43 42 23 12 18 38 16 7 40 9 39 44 17 2 11 34 13 47 45 19 30 49 20 31 14 15 32 37 25 0 
9 39 44 17 2 11 34 13 20 47 45 19 30 49 25 0 36 46 8 26 21 27 41 6 4 1 24 35 48 22 28 10 33 29 3 5 43 42 23 7 16 40 18 38 12 32 15 37 31 14 
44 17 2 11 34 13 20 47 45 19 30 49 25 0 36 46 8 26 21 27 41 6 4 1 24 35 48 22 28 10 33 29 3 5 43 42 23 7 16 40 18 12 38 32 15 37 31 14 39 9 
5 43 42 23 12 18 38 16 7 40 9 39 44 17 2 11 34 13 47 45 19 30 49 20 31 14 15 37 32 0 25 46 36 8 26 21 27 41 6 4 1 24 35 48 22 28 10 33 29 3 
9 39 44 17 2 11 34 13 47 45 19 30 49 20 31 14 15 32 37 25 0 36 46 8 26 21 27 41 6 4 1 24 35 48 22 28 10 33 29 3 5 43 42 12 18 38 16 7 23 40 
7 16 40 9 39 44 17 2 11 34 13 47 45 19 30 49 20 31 14 15 32 37 25 0 36 46 8 26 21 27 41 6 4 1 24 35 48 22 28 10 33 29 3 5 43 42 23 12 18 38 
12 18 38 0 36 8 26 21 27 41 6 4 1 24 48 35 22 28 10 33 29 3 5 43 42 23 7 16 40 9 39 44 17 2 11 34 13 47 45 19 30 49 20 31 14 15 37 32 25 46 
9 39 44 17 2 11 34 13 20 47 45 19 30 49 25 0 36 46 8 26 21 27 41 6 4 1 24 35 48 22 28 10 33 29 3 5 43 42 23 7 16 40 18 12 38 32 15 37 31 14 
7 16 40 9 39 44 17 2 11 34 13 47 45 19 30 49 20 31 14 15 37 32 0 25 46 36 8 26 21 27 41 6 4 1 24 35 48 22 28 10 33 29 3 5 43 42 23 12 18 38 
15 32 37 25 0 36 46 8 26 21 27 41 6 4 1 24 48 35 22 28 10 33 29 3 5 43 42 23 7 16 40 18 12 38 9 39 44 17 2 11 34 13 47 45 19 30 49 20 31 14 
46 0 36 8 26 21 27 41 6 4 1 24 35 22 28 10 33 29 3 5 43 42 23 12 18 38 16 7 40 9 39 44 17 2 11 34 31 14 15 32 37 25 20 13 47 45 19 30 49 48 
3 5 43 42 23 7 16 40 9 39 44 17 2 11 34 13 47 45 19 30 49 20 31 14 15 32 37 25 46 36 0 38 18 12 26 8 21 27 41 6 4 1 24 48 35 22 28 10 33 29 
33 29 3 5 23 42 43 12 18 38 16 7 40 9 39 44 17 2 11 34 13 47 45 19 30 49 20 31 14 15 32 37 25 0 36 46 8 26 21 27 41 6 4 1 24 35 48 22 28 10 
9 39 44 17 2 11 34 13 20 47 45 19 30 49 25 0 36 46 8 26 21 27 41 6 4 1 24 35 48 22 28 10 33 29 3 5 43 42 23 7 16 40 18 38 12 32 15 37 31 14 
38 18 12 42 23 7 16 40 9 39 44 17 2 11 34 13 47 45 19 30 49 20 31 14 15 32 37 25 0 36 46 8 26 21 27 41 6 4 1 24 35 48 22 28 10 33 29 3 5 43 
9 39 44 17 2 11 34 13 47 45 19 30 49 20 31 14 15 32 37 25 46 36 0 8 26 21 27 41 6 4 1 24 35 48 22 28 10 33 29 3 5 23 42 43 12 18 38 16 7 40 
16 40 9 39 44 17 2 11 34 13 47 45 19 30 49 20 31 14 15 32 37 25 46 0 36 8 26 21 27 41 6 4 1 24 35 48 22 28 10 33 29 3 5 43 42 23 7 12 38 18 
15 32 37 25 0 36 46 8 26 21 27 41 6 4 1 24 48 35 22 28 10 33 29 3 5 43 42 23 7 16 40 18 12 38 9 39 44 17 2 11 34 13 47 45 19 30 49 20 31 14 
48 24 1 4 6 41 27 21 26 8 36 46 0 25 37 15 32 14 44 17 2 11 34 13 47 45 19 30 49 20 31 39 9 40 16 7 12 18 38 43 42 23 5 3 29 33 10 28 22 35 
9 39 44 17 2 11 34 13 20 47 45 19 30 49 25 0 36 46 8 26 21 27 41 6 4 1 24 48 35 22 28 10 33 29 3 5 43 42 23 7 16 40 18 12 38 32 15 37 31 14 
14 44 17 2 11 34 13 47 45 19 30 49 20 31 37 15 32 0 25 46 36 8 26 21 27 41 6 4 1 24 35 48 22 28 10 33 29 3 23 5 43 42 12 18 38 16 7 40 9 39 
2 11 34 13 20 47 45 19 30 49 25 0 36 46 8 26 21 27 41 6 4 1 24 35 48 22 28 10 33 29 3 5 43 42 23 7 16 40 18 12 38 32 15 37 14 39 9 44 17 31 
47 13 20 31 14 15 32 37 25 0 36 46 8 26 21 27 41 6 4 1 24 35 48 22 28 10 33 29 3 5 43 42 23 7 16 40 18 38 12 9 39 44 17 2 11 34 45 19 30 49 
15 32 37 25 0 36 46 8 26 21 27 41 6 4 1 24 48 35 22 28 10 33 29 3 5 43 42 12 18 38 16 7 23 40 9 39 44 17 2 11 34 13 47 45 19 30 49 20 31 14 
19 45 47 20 13 34 11 2 17 44 39 9 14 31 37 15 32 0 36 46 8 26 21 27 41 6 4 1 24 48 35 22 28 10 33 29 3 5 43 42 23 7 16 40 18 12 38 25 49 30 
36 46 8 26 21 27 41 6 4 1 24 35 48 22 28 10 33 29 3 5 43 42 23 12 18 38 16 7 40 9 39 44 17 2 11 34 13 47 45 19 30 49 20 31 14 15 32 37 25 0 
44 17 2 11 34 13 20 47 45 19 30 49 25 0 36 46 8 26 21 27 41 6 4 1 24 35 48 22 28 10 33 29 3 5 43 42 23 7 16 40 18 38 12 32 15 37 31 14 39 9 
47 13 20 31 14 15 32 37 25 0 36 46 38 18 12 26 8 21 27 41 6 4 1 24 48 35 22 28 10 33 29 3 5 43 42 23 7 16 40 9 39 44 17 2 11 34 45 19 30 49 
48 24 1 4 6 41 27 21 26 8 36 46 0 25 37 15 32 14 44 17 2 11 34 13 47 45 19 30 49 20 31 39 9 40 16 7 12 18 38 43 42 23 5 3 29 33 10 28 22 35 
9 39 44 17 2 11 34 13 20 47 45 19 30 49 25 46 0 36 8 26 21 27 41 6 4 1 24 35 48 22 28 10 33 29 3 5 43 42 23 7 16 40 18 38 12 32 15 37 31 14 
9 39 44 17 2 11 34 13 47 45 19 30 49 20 31 14 15 32 37 25 0 36 46 8 26 21 27 41 6 4 1 24 35 48 22 28 10 33 29 3 5 43 42 23 12 18 38 16 7 40 
31 2 11 34 13 20 47 45 19 30 49 25 0 36 46 8 26 21 27 41 6 4 1 24 35 48 22 28 10 33 29 3 5 43 42 23 12 18 38 16 7 40 9 39 44 17 14 15 32 37 
15 32 37 25 0 36 46 8 26 21 27 41 6 4 1 24 48 35 22 28 10 33 29 3 5 43 42 23 12 18 38 16 7 40 9 39 44 17 2 11 34 13 47 45 19 30 49 20 31 14 
14 37 15 32 0 36 46 8 26 21 27 41 6 4 1 24 48 35 22 28 10 33 29 3 5 43 42 23 12 18 38 16 7 40 9 39 44 17 2 11 34 13 20 47 45 19 30 49 25 31 
6 4 1 24 35 48 22 28 10 33 29 3 5 43 42 23 7 16 40 9 39 44 17 2 11 34 31 20 13 47 45 19 30 49 25 46 36 0 32 15 37 14 38 18 12 26 8 21 27 41 
14 15 32 37 25 0 36 46 8 26 21 27 41 6 4 1 24 48 35 22 28 10 33 29 3 5 43 42 23 7 16 40 18 38 12 9 39 44 17 2 11 34 13 47 45 19 30 49 20 31 
5 43 42 23 7 16 40 9 39 44 17 2 11 34 13 20 47 45 19 30 49 46 36 0 25 37 31 14 15 32 38 18 12 26 8 21 27 41 6 4 1 24 35 48 22 28 10 33 29 3 
9 39 44 17 2 11 34 13 47 45 19 30 49 20 31 14 15 32 37 25 0 36 46 8 26 21 27 41 6 4 1 24 35 48 22 28 10 33 29 3 5 43 42 23 12 18 38 16 7 40 
9 39 44 17 2 11 34 13 47 45 19 30 49 20 31 14 15 32 37 25 0 36 46 8 26 21 27 41 6 4 1 24 35 48 22 28 10 33 29 3 5 43 42 23 12 18 38 16 7 40 
8 26 21 27 41 6 4 1 24 48 35 22 28 10 33 29 3 5 43 42 23 12 18 38 16 7 40 9 39 44 17 2 11 34 13 47 45 19 30 49 20 31 14 15 32 37 25 46 36 0 
47 13 20 31 14 15 32 37 25 0 36 46 8 26 21 27 41 6 4 1 24 35 48 22 28 10 33 29 3 5 43 42 23 12 18 38 16 7 40 9 39 44 17 2 11 34 45 19 30 49 
9 39 44 17 2 11 34 13 20 47 45 19 30 49 25 0 36 46 8 26 21 27 41 6 4 1 24 35 48 22 28 10 33 29 3 5 43 42 23 7 16 40 18 12 38 32 15 37 31 14 
47 13 20 31 14 15 32 37 25 0 36 46 8 26 21 27 41 6 4 1 24 48 35 22 28 10 33 29 3 5 43 42 23 7 16 40 18 12 38 9 39 44 17 2 11 34 45 19 30 49 
36 46 8 26 21 27 41 6 4 1 24 35 48 22 28 10 33 29 3 5 43 42 23 12 18 38 16 7 40 9 39 44 17 2 11 34 13 47 45 19 30 49 20 31 14 15 32 37 25 0 
27 41 6 4 1 24 48 35 22 28 10 33 29 3 5 43 42 23 7 16 40 9 39 44 17 2 11 34 13 20 47 45 19 30 49 46 36 0 25 37 31 14 15 32 38 18 12 26 21 8 
1 4 6 41 27 21 26 8 36 46 0 32 15 37 31 25 49 30 19 45 47 13 20 34 11 2 17 44 14 39 9 40 16 7 12 18 38 43 42 23 5 3 29 33 10 28 22 35 48 24 
26 8 21 27 41 6 4 1 24 48 35 22 28 10 33 29 3 5 43 42 23 12 18 38 16 7 40 9 39 44 17 2 11 34 13 47 45 19 30 49 20 31 14 15 32 37 25 0 36 46 
9 39 44 17 2 11 34 13 47 45 19 30 49 20 25 0 36 46 8 26 21 27 41 6 4 1 24 48 35 22 28 10 33 29 3 5 43 42 23 7 16 40 18 38 12 32 15 37 31 14 
17 2 11 34 13 20 47 45 19 30 49 25 0 36 46 8 26 21 27 41 6 4 1 24 35 48 22 28 10 33 29 3 5 43 42 23 7 16 40 18 12 38 32 15 37 31 14 44 39 9 
9 39 44 17 2 11 34 13 20 47 45 19 30 49 25 0 36 46 8 26 21 27 41 6 4 1 24 35 48 22 28 10 33 29 3 5 43 42 23 7 16 40 18 38 12 32 15 37 31 14 
13 20 31 14 15 32 37 25 0 36 46 8 26 21 27 41 6 4 1 24 48 35 22 28 10 33 29 3 5 43 42 23 7 16 40 18 38 12 9 39 44 17 2 11 34 45 19 30 49 47 
9 39 44 17 2 11 34 13 20 47 45 19 30 49 25 0 36 46 8 26 21 27 41 6 4 1 24 35 48 22 28 10 33 29 3 5 43 42 23 7 16 40 18 12 38 32 15 37 31 14 
34 13 20 49 30 19 45 47 31 14 15 32 37 25 46 0 36 8 26 21 27 41 6 4 1 24 35 48 22 28 10 33 29 3 5 43 42 23 12 18 38 16 7 40 9 39 44 17 2 11 
44 17 2 11 34 13 20 47 45 19 30 49 25 0 36 46 8 26 21 27 41 6 4 1 24 48 35 22 28 10 33 29 3 5 43 42 23 7 16 40 18 12 38 32 15 37 31 14 39 9 
18 12 43 42 7 16 40 9 39 44 17 2 11 34 13 47 45 19 30 49 20 31 14 15 32 37 25 0 36 46 8 26 21 27 41 6 4 1 24 35 48 22 28 10 33 29 3 5 23 38 
38 18 12 42 7 16 40 9 39 44 17 2 11 34 13 47 45 19 30 49 20 31 14 15 32 37 25 0 36 46 8 26 21 27 41 6 4 1 24 35 48 22 28 10 33 29 3 5 43 23 
17 2 11 34 13 47 45 19 30 49 20 31 37 15 32 0 36 46 25 38 18 12 26 8 21 27 41 6 4 1 24 35 48 22 28 10 33 29 3 5 43 42 23 7 16 40 9 39 44 14 
9 39 44 17 2 11 34 13 20 47 45 19 30 49 46 25 0 36 8 26 21 27 41 6 4 1 24 35 48 22 28 10 33 29 3 5 43 42 23 7 16 40 18 12 38 32 15 37 31 14 
11 34 13 47 45 19 30 49 20 31 14 15 32 37 25 0 36 46 8 26 21 27 41 6 4 1 24 35 48 22 28 10 33 29 3 5 43 42 23 7 16 40 18 12 38 9 39 44 17 2 
27 41 6 4 1 24 35 48 22 28 10 33 29 3 5 43 42 23 7 16 40 9 39 44 17 2 11 34 13 47 45 19 30 49 20 31 14 15 32 37 25 46 36 0 38 18 12 26 8 21 
45 19 30 49 47 13 20 31 14 15 32 37 25 46 36 0 38 18 12 26 8 21 27 41 6 4 1 24 35 48 22 28 10 33 29 3 5 43 42 23 7 16 40 9 39 44 17 2 11 34 
29 33 10 28 6 41 27 21 26 8 36 46 0 38 18 12 42 43 5 3 23 7 16 40 9 39 44 17 2 11 34 31 14 15 32 37 25 20 13 47 45 19 30 49 48 35 24 1 4 22 
30 19 45 47 13 20 49 48 24 1 4 6 41 27 21 26 8 36 46 0 25 37 32 15 14 31 11 34 2 17 44 39 9 40 16 7 12 18 38 23 42 43 5 3 29 33 10 28 22 35 
