28 8 23 20 31 15 32 35 0 38 25 2 39 11 22 16 1 37 19 9 21 6 14 33 24 26 5 18 13 34 27 12 30 17 4 36 29 3 10 7 
31 20 23 8 28 7 10 3 29 36 4 17 30 12 27 34 13 18 5 26 24 33 14 6 21 9 19 37 1 22 16 11 39 2 25 38 0 35 32 15 
32 35 0 38 25 2 39 11 22 16 1 37 9 19 21 6 14 33 24 26 5 18 13 34 27 12 17 4 36 29 3 10 7 28 8 30 23 20 31 15 
6 14 33 24 26 5 18 13 34 27 12 30 17 4 36 29 3 10 7 28 8 23 20 31 15 32 35 0 38 25 2 39 11 22 16 1 37 9 19 21 
2 39 11 22 1 16 37 9 19 21 6 14 33 24 26 5 18 13 34 27 12 30 17 4 36 29 3 10 7 28 8 23 20 31 15 32 35 0 38 25 
20 31 15 32 35 0 38 25 2 39 11 22 16 1 37 9 19 21 6 14 33 24 26 5 18 13 34 27 12 30 17 4 36 29 3 10 7 28 8 23 
31 20 23 8 28 7 3 10 29 36 4 17 30 12 27 34 13 18 5 26 24 33 14 6 21 9 19 37 1 16 22 11 39 2 25 38 0 35 32 15 
8 28 7 10 3 29 36 4 17 12 30 27 34 13 18 5 26 24 33 14 6 21 9 19 37 1 22 16 11 39 2 25 38 0 35 32 15 31 20 23 
25 38 0 35 32 15 31 20 23 8 28 7 10 3 29 36 4 17 12 30 27 34 13 18 5 26 24 33 14 6 21 19 9 37 1 22 16 11 39 2 
31 20 23 8 28 7 10 3 29 36 4 17 12 30 27 34 13 18 5 26 24 33 14 6 21 19 9 37 1 22 16 11 39 2 25 38 0 35 32 15 
30 12 17 27 34 13 18 5 26 24 33 14 6 21 9 19 37 1 22 16 11 39 2 25 38 0 35 32 15 31 20 23 8 28 7 10 3 29 36 4 
31 20 23 8 28 7 10 3 29 36 4 17 12 30 27 34 13 18 5 26 24 33 14 6 21 19 9 37 1 22 16 11 39 2 25 38 0 35 32 15 
9 19 21 6 14 33 24 26 5 18 13 34 27 12 30 17 4 36 29 3 10 7 28 8 23 20 31 15 32 35 0 38 25 2 39 11 22 16 1 37 
29 36 4 17 30 12 27 34 13 18 5 26 24 33 14 6 21 9 19 37 1 22 16 11 39 2 25 38 0 35 32 15 31 20 23 8 28 7 10 3 
28 8 23 20 31 15 32 35 0 38 25 2 39 11 22 16 1 37 9 19 21 6 14 33 24 26 5 18 13 34 27 12 30 17 4 36 29 10 3 7 
38 25 2 39 11 22 16 1 37 9 19 21 6 14 33 24 26 5 18 13 34 27 12 30 17 4 36 29 3 10 7 28 8 23 20 31 15 32 35 0 
23 8 28 7 3 10 29 36 4 17 30 12 27 34 13 18 5 26 24 33 14 6 21 9 19 37 1 22 16 11 39 2 25 38 0 35 32 15 31 20 
15 32 35 0 38 25 2 39 11 16 22 1 37 19 9 21 6 14 33 24 26 5 18 13 34 27 12 17 4 36 29 3 10 7 28 8 30 23 20 31 
21 6 14 33 24 26 5 18 13 34 27 12 17 4 36 29 10 3 7 28 8 30 23 20 31 15 32 35 0 38 25 2 39 11 22 16 1 37 9 19 
5 18 13 34 27 12 30 17 4 36 29 3 10 7 28 8 23 20 31 15 32 35 0 38 25 2 39 11 22 16 1 37 9 19 21 6 14 33 24 26 
0 35 32 15 20 31 23 8 28 7 10 3 29 36 4 17 12 30 27 34 13 18 5 26 24 33 6 14 21 9 19 37 1 22 16 11 39 2 25 38 
8 23 20 31 15 32 35 0 38 25 2 39 11 22 16 1 37 9 19 21 14 6 33 24 26 5 18 13 34 27 12 30 17 4 36 29 3 10 7 28 
31 20 23 8 28 7 3 10 29 36 4 17 12 30 27 34 13 18 5 26 24 33 14 6 21 9 19 37 1 22 16 11 39 2 25 38 0 35 32 15 
30 12 17 4 36 29 3 10 7 28 8 23 15 20 31 32 35 0 38 25 2 39 11 22 16 1 37 9 19 21 6 14 33 24 26 5 18 13 34 27 
27 12 30 17 4 36 29 3 10 7 28 8 23 20 31 15 32 35 0 38 25 2 39 11 22 16 1 37 19 9 21 6 14 33 24 26 5 18 13 34 
5 26 24 33 14 6 21 9 19 37 1 22 16 11 39 2 25 38 0 35 32 15 31 20 23 8 30 28 7 10 3 29 36 4 17 12 27 34 13 18 
37 9 19 21 6 14 33 24 26 5 18 13 34 27 12 30 17 4 36 29 3 10 7 28 8 23 20 31 15 32 35 0 38 25 2 39 11 16 22 1 
30 8 23 20 31 15 32 35 0 38 25 2 39 11 22 16 1 37 9 19 6 21 14 33 24 26 5 18 13 34 27 12 17 4 36 29 3 10 7 28 
28 8 23 20 31 15 32 35 0 38 25 2 39 11 16 22 1 37 19 9 21 6 14 33 24 26 5 18 13 34 27 12 30 17 4 36 29 3 10 7 
2 39 11 22 16 1 37 19 9 21 6 14 33 24 26 5 18 13 34 27 12 30 17 4 36 29 3 10 7 28 8 23 20 31 15 32 35 0 38 25 
3 10 29 36 4 17 30 12 27 34 13 18 5 26 24 33 14 6 21 19 9 37 1 22 16 11 39 2 25 38 0 35 32 15 31 20 23 8 28 7 
9 19 37 1 22 16 11 39 2 25 38 0 35 32 15 31 20 23 8 28 7 10 3 29 36 4 17 30 12 27 34 13 18 5 26 24 33 6 14 21 
15 32 35 0 38 25 2 39 11 22 16 1 37 9 19 21 6 14 33 24 26 5 18 13 34 27 12 30 17 4 36 29 3 10 7 28 8 23 20 31 
17 4 36 29 3 10 7 28 8 23 20 31 15 32 35 0 38 25 2 39 11 22 16 1 37 9 19 21 6 14 33 24 26 5 18 13 34 27 12 30 
15 23 8 28 7 10 3 29 36 4 17 12 30 27 34 13 18 5 26 24 33 14 6 21 19 9 37 1 22 16 11 39 2 25 38 0 35 32 31 20 
23 8 28 7 10 3 29 36 4 17 12 30 27 34 13 18 5 26 24 33 14 6 21 19 9 37 1 22 16 11 39 2 25 38 0 35 32 15 20 31 
29 3 10 7 28 8 23 20 31 15 32 35 0 38 25 2 39 11 22 16 1 37 9 19 21 6 14 33 24 26 5 18 13 34 27 12 30 17 4 36 
8 23 20 31 15 32 35 0 38 25 2 39 11 22 16 1 37 9 19 21 14 6 33 24 26 5 18 13 34 27 12 30 17 4 36 29 3 10 7 28 
3 10 29 36 4 17 30 12 27 34 13 18 5 26 24 33 14 6 21 9 19 37 1 22 16 11 39 2 25 38 0 35 32 15 20 31 23 8 28 7 
23 8 28 7 10 3 29 36 4 17 12 30 27 34 13 18 5 26 24 33 14 6 21 9 19 37 1 22 16 11 39 2 25 38 0 35 32 15 31 20 
20 31 15 32 35 0 38 25 2 39 11 22 16 1 37 9 19 21 6 14 33 24 26 5 18 13 34 27 12 17 4 36 29 3 10 7 28 8 30 23 
28 8 23 20 31 15 32 35 0 38 25 2 39 11 22 16 1 37 9 19 21 6 14 33 24 26 5 18 13 34 27 12 30 17 4 36 29 3 10 7 
12 17 4 36 29 3 10 7 28 8 23 20 31 15 32 35 0 38 25 2 39 11 22 16 1 37 19 9 21 6 14 33 24 26 5 18 13 34 27 30 
31 20 23 8 28 7 10 3 29 36 4 17 12 30 27 34 13 18 5 26 24 33 14 6 21 9 19 37 1 22 16 11 39 2 25 38 0 35 32 15 
29 3 10 7 28 30 8 23 20 31 15 32 35 0 38 25 2 39 11 16 22 1 37 9 19 21 6 14 33 24 26 5 18 13 34 27 12 17 4 36 
20 31 15 32 35 0 38 25 2 39 11 22 16 1 37 19 9 21 6 14 33 24 26 5 18 13 34 27 12 17 4 36 29 3 10 7 28 30 8 23 
9 19 21 6 14 33 24 26 5 18 13 34 27 12 30 17 4 36 29 3 10 7 28 8 23 20 31 15 32 35 0 38 25 2 39 11 22 16 1 37 
9 19 21 6 14 33 24 26 5 18 13 34 27 12 30 17 4 36 29 3 10 7 28 8 23 20 31 15 32 35 0 38 25 2 39 11 22 16 1 37 
36 29 3 10 7 28 8 23 20 31 15 32 35 0 38 25 2 39 11 22 16 1 37 9 19 21 6 14 33 24 26 5 18 13 34 27 12 30 17 4 
28 7 10 3 29 36 4 17 30 12 27 34 13 18 5 26 24 33 14 6 21 9 19 37 1 22 16 11 39 2 25 38 0 35 32 15 31 20 23 8 
3 10 7 28 8 23 20 31 15 32 35 0 38 25 2 39 11 22 16 1 37 9 19 21 14 6 33 24 26 5 18 13 34 27 12 30 17 4 36 29 
23 8 30 12 17 4 36 29 3 10 7 28 20 31 15 32 35 0 38 25 2 39 11 22 16 1 37 9 19 21 6 14 33 24 26 5 18 13 34 27 
7 28 8 23 15 20 31 32 35 0 38 25 2 39 11 16 22 1 37 9 19 21 6 14 33 24 26 5 18 13 34 27 12 30 17 4 36 29 3 10 
31 20 23 8 28 7 10 3 29 36 4 17 12 30 27 34 13 18 5 26 24 33 14 6 21 9 19 37 1 22 16 11 39 2 25 38 0 35 32 15 
34 27 12 30 17 4 36 29 3 10 7 28 8 23 20 31 15 32 35 0 38 25 2 39 11 22 16 1 37 9 19 21 6 14 33 24 26 5 18 13 
30 12 17 4 36 29 3 10 7 28 8 23 20 31 15 32 35 0 38 25 2 39 11 22 16 1 37 9 19 21 6 14 33 24 26 5 18 13 34 27 
21 14 6 33 24 26 5 18 13 34 27 12 30 17 4 36 29 3 10 7 28 8 23 20 31 15 32 35 0 38 25 2 39 11 22 16 1 37 9 19 
6 14 33 24 26 5 18 13 34 27 12 30 17 4 36 29 3 10 7 28 8 23 20 31 15 32 35 0 38 25 2 39 11 22 1 16 37 9 19 21 
36 29 3 10 7 28 8 23 20 31 15 32 35 0 38 25 2 39 11 22 16 1 37 19 9 21 14 6 33 24 26 5 18 13 34 27 12 30 17 4 
17 12 27 34 13 18 5 26 24 33 14 6 21 9 19 37 1 22 16 11 39 2 25 38 0 35 32 15 31 20 23 8 30 28 7 10 3 29 36 4 
30 12 27 34 13 18 5 26 24 33 14 6 21 9 19 37 1 22 16 11 39 2 25 38 0 35 32 15 31 20 23 8 28 7 10 3 29 36 4 17 
23 8 28 7 10 3 29 36 4 17 12 30 27 34 13 18 5 26 24 33 14 6 21 9 19 37 1 22 16 11 39 2 25 38 0 35 32 15 31 20 
15 32 35 0 38 25 2 39 11 22 16 1 37 9 19 21 6 14 33 24 26 5 18 13 34 27 12 30 17 4 36 29 3 10 7 28 8 23 20 31 
15 32 35 0 38 25 2 39 11 22 16 1 37 9 19 21 6 14 33 24 26 5 18 13 34 27 12 30 17 4 36 29 3 10 7 28 8 23 20 31 
9 19 37 1 22 16 11 39 2 25 38 0 35 32 15 31 20 23 8 28 7 10 3 29 36 4 17 30 12 27 34 13 18 5 26 24 33 6 14 21 
12 27 34 13 18 5 26 24 33 14 6 21 9 19 37 1 22 16 11 39 2 25 38 0 35 32 15 31 20 23 8 28 7 10 3 29 36 4 17 30 
7 28 8 23 20 31 15 32 35 0 38 25 2 39 11 22 16 1 37 19 9 21 6 14 33 24 26 5 18 13 34 27 12 30 17 4 36 29 3 10 
28 8 23 20 31 15 32 35 0 38 25 2 39 11 22 16 1 37 9 19 21 14 6 33 24 26 5 18 13 34 27 12 30 17 4 36 29 3 10 7 
10 3 29 36 4 17 30 12 27 34 13 18 5 26 24 33 14 6 21 9 19 37 1 22 16 11 39 2 25 38 0 35 32 15 31 20 23 8 28 7 
30 8 23 20 31 15 32 35 0 38 25 2 39 11 22 16 1 37 9 19 21 6 14 33 24 26 5 18 13 34 27 12 17 4 36 29 3 10 7 28 
30 12 17 4 36 29 3 10 7 28 8 23 20 31 15 32 35 0 38 25 2 39 11 22 16 1 37 9 19 21 6 14 33 24 26 5 18 13 34 27 
24 26 5 18 13 34 27 12 30 17 4 36 29 3 10 7 28 8 23 20 31 15 32 35 0 38 25 2 39 11 22 16 1 37 9 19 21 6 14 33 
17 30 12 27 34 13 18 5 26 24 33 14 6 21 9 19 37 1 22 16 11 39 2 25 38 0 35 32 15 20 31 23 8 28 7 10 3 29 36 4 
25 2 39 11 22 16 1 37 9 19 6 21 14 33 24 26 5 18 13 34 27 12 30 17 4 36 29 3 10 7 28 8 23 20 31 15 32 35 0 38 
2 39 11 22 16 1 37 9 19 21 6 14 33 24 26 5 18 13 34 27 12 30 17 4 36 29 3 10 7 28 8 23 20 31 15 32 35 0 38 25 
21 6 14 33 24 26 5 18 13 34 27 12 30 17 4 36 29 3 10 7 28 8 23 20 31 15 32 35 0 38 25 2 39 11 22 16 1 37 9 19 
31 20 23 8 28 7 10 3 29 36 4 17 12 30 27 34 13 18 5 26 24 33 14 6 21 19 9 37 1 22 16 11 39 2 25 38 0 35 32 15 
8 23 20 31 15 32 35 0 38 25 2 39 11 22 16 1 37 9 19 6 21 14 33 24 26 5 18 13 34 27 12 30 17 4 36 29 3 10 7 28 
20 31 15 32 35 0 38 25 2 39 11 22 16 1 37 9 19 21 6 14 33 24 26 5 18 13 34 27 12 30 17 4 36 29 3 10 7 28 8 23 
35 0 38 25 2 39 11 22 16 1 37 19 9 21 14 6 33 24 26 5 18 13 34 27 12 30 17 4 36 29 3 10 7 28 8 23 20 31 15 32 
18 13 34 27 12 30 17 4 36 29 3 10 7 28 8 23 20 31 15 32 35 0 38 25 2 39 11 22 16 1 37 9 19 21 6 14 33 24 26 5 
24 26 5 18 13 34 27 12 30 17 4 36 29 3 10 7 28 8 23 20 31 15 32 35 0 38 25 2 39 11 22 16 1 37 9 19 21 6 14 33 
7 28 8 23 20 31 15 32 35 0 38 25 2 39 11 22 16 1 37 9 19 21 6 14 33 24 26 5 18 13 34 27 12 30 17 4 36 29 3 10 
4 36 29 3 10 7 28 8 23 20 31 15 32 35 0 38 25 2 39 11 22 16 1 37 19 9 21 6 14 33 24 26 5 18 13 34 27 12 30 17 
6 14 33 24 26 5 18 13 34 27 12 30 17 4 36 29 3 10 7 28 8 23 20 31 15 32 35 0 38 25 2 39 11 22 16 1 37 9 19 21 
9 19 21 14 6 33 24 26 5 18 13 34 27 12 30 17 4 36 29 3 10 7 28 8 23 20 31 15 32 35 0 38 25 2 39 11 22 16 1 37 
5 26 24 33 14 6 21 19 9 37 1 22 16 11 39 2 25 38 0 35 32 15 20 31 23 8 28 7 10 3 29 36 4 17 12 30 27 34 13 18 
36 29 3 10 7 28 8 23 20 31 15 32 35 0 38 25 2 39 11 22 16 1 37 9 19 6 21 14 33 24 26 5 18 13 34 27 12 30 17 4 
28 8 23 20 31 15 32 35 0 38 25 2 39 11 22 16 1 37 9 19 21 6 14 33 24 26 5 18 13 34 27 12 30 17 4 36 29 3 10 7 
21 6 14 33 24 26 5 18 13 34 27 12 30 17 4 36 29 3 10 7 28 8 23 20 31 15 32 35 0 38 25 2 39 11 22 16 1 37 9 19 
2 39 11 22 16 1 37 9 19 21 6 14 33 24 26 5 18 13 34 27 12 17 4 36 29 3 10 7 28 30 8 23 20 31 15 32 35 0 38 25 
34 27 12 30 17 4 36 29 3 10 7 28 8 23 20 31 15 32 35 0 38 25 2 39 11 22 16 1 37 19 9 21 14 6 33 24 26 5 18 13 
20 31 32 35 0 38 25 2 39 11 16 22 1 37 9 19 21 6 14 33 24 26 5 18 13 34 27 12 30 17 4 36 29 3 10 7 28 8 23 15 
15 23 8 28 7 10 3 29 36 4 17 12 30 27 34 13 18 5 26 24 33 14 6 21 19 9 37 1 22 16 11 39 2 25 38 0 35 32 31 20 
23 8 28 7 10 3 29 36 4 17 12 30 27 34 13 18 5 26 24 33 14 6 21 9 19 37 1 16 22 11 39 2 25 38 0 35 32 15 31 20 
12 17 4 36 29 3 10 7 28 8 23 20 31 15 32 35 0 38 25 2 39 11 22 16 1 37 9 19 21 6 14 33 24 26 5 18 13 34 27 30 
30 12 27 34 13 18 5 26 24 33 14 6 21 9 19 37 1 22 16 11 39 2 25 38 0 35 32 15 20 31 23 8 28 7 3 10 29 36 4 17 
5 18 13 34 27 12 30 17 4 36 29 3 10 7 28 8 23 20 31 15 32 35 0 38 25 2 39 11 22 16 1 37 9 19 21 6 14 33 24 26 
31 20 23 8 28 7 10 3 29 36 4 17 12 30 27 34 13 18 5 26 24 33 14 6 21 9 19 37 1 22 16 11 39 2 25 38 0 35 32 15 
32 35 0 38 25 2 39 11 22 16 1 37 9 19 21 6 14 33 24 26 5 18 13 34 27 12 30 17 4 36 29 3 10 7 28 8 23 15 20 31 
