23 5 0 29 31 11 26 20 22 27 25 1 21 18 6 33 17 30 28 15 3 14 24 16 13 9 10 7 2 8 19 4 32 12 
32 12 33 17 4 19 8 2 7 10 9 13 16 24 14 3 15 28 30 6 18 25 1 21 27 22 20 26 11 31 29 0 5 23 
9 13 16 24 14 3 15 28 30 17 33 6 18 25 1 21 27 22 20 26 11 31 29 0 5 23 12 32 4 19 8 2 7 10 
6 33 17 30 28 15 3 14 24 16 13 9 10 7 2 8 19 4 32 12 23 5 0 29 31 11 26 20 22 27 25 1 21 18 
21 1 25 18 6 33 17 30 28 15 3 14 24 16 13 9 10 7 2 8 19 4 32 12 23 5 0 29 31 11 26 20 22 27 
20 26 11 31 29 0 5 23 12 32 4 19 8 2 7 10 9 13 16 24 14 3 15 28 30 17 33 6 18 25 1 21 27 22 
1 25 18 6 33 17 30 28 15 3 14 24 16 13 9 10 7 2 8 19 4 32 12 23 5 0 29 31 11 26 20 22 27 21 
5 0 29 31 11 26 20 22 27 25 1 21 18 6 33 17 30 28 15 3 14 24 16 13 9 10 7 2 8 19 4 32 12 23 
27 21 1 25 18 6 33 17 30 28 15 3 14 24 16 13 9 10 7 2 8 19 4 32 12 23 5 0 29 31 11 26 20 22 
19 8 2 7 10 9 13 16 24 3 14 15 28 30 17 33 6 18 25 1 21 27 22 20 26 11 31 29 0 5 23 12 32 4 
29 31 11 20 26 22 27 25 1 21 14 3 15 24 16 13 9 10 7 2 8 19 4 32 12 33 17 30 28 18 6 23 5 0 
9 13 16 24 14 3 15 28 30 17 33 6 18 25 1 21 27 22 20 26 11 31 29 0 5 23 12 32 4 19 8 2 7 10 
6 33 17 30 28 15 3 14 24 16 13 9 10 7 2 8 19 4 32 12 23 5 0 29 31 11 26 20 22 27 25 1 21 18 
9 13 16 24 14 3 15 28 30 17 33 6 18 25 1 21 27 22 20 26 11 31 29 0 5 23 12 32 4 19 8 2 7 10 
23 6 33 17 30 28 15 3 14 24 16 13 9 10 7 2 8 19 4 32 12 18 25 1 21 27 22 20 26 11 31 29 0 5 
20 26 11 31 29 0 5 23 6 33 17 12 32 4 19 8 2 7 10 16 13 9 24 14 3 15 28 30 18 25 1 21 27 22 
1 25 27 22 20 26 11 31 29 0 5 23 6 18 28 30 17 33 12 32 4 19 8 2 7 10 9 13 16 24 15 3 14 21 
33 17 30 28 15 3 14 24 16 13 9 10 7 2 8 19 4 32 12 23 5 0 29 31 11 26 20 22 27 25 1 21 18 6 
33 17 30 28 15 3 14 24 16 13 9 10 7 2 8 19 4 32 12 23 5 0 29 31 11 26 20 22 27 25 1 21 18 6 
21 1 25 18 6 33 17 30 28 15 3 14 24 16 13 9 10 7 2 8 19 4 32 12 23 5 0 29 31 11 26 20 22 27 
29 31 11 26 20 22 27 25 1 21 18 6 33 17 30 28 15 3 14 24 16 13 9 10 7 2 8 19 4 32 12 23 5 0 
18 25 1 21 27 22 20 26 11 31 29 0 5 23 12 32 4 19 8 2 7 10 16 13 9 24 14 3 15 28 30 17 33 6 
26 20 22 27 25 1 21 18 6 33 17 30 28 15 3 14 24 16 13 9 10 7 2 8 19 4 32 12 23 5 0 29 31 11 
18 6 33 17 30 28 15 3 14 24 16 13 9 10 7 2 8 19 4 32 12 23 5 0 29 31 11 26 20 22 27 25 1 21 
18 6 33 17 30 28 15 3 14 24 16 13 9 10 7 2 8 19 4 32 12 23 5 0 29 31 11 26 20 22 27 1 21 25 
18 6 33 17 30 28 15 3 14 24 16 13 9 10 7 2 8 19 4 32 12 23 5 0 29 31 11 26 20 22 27 25 1 21 
1 25 18 6 33 17 30 28 15 3 14 24 16 13 9 10 7 2 8 19 4 32 12 23 5 0 29 31 11 26 20 22 27 21 
18 6 33 17 30 28 15 3 14 24 16 13 9 10 7 2 8 19 4 32 12 23 5 0 29 31 11 26 20 22 27 25 1 21 
5 0 29 31 11 26 20 22 27 25 1 21 18 6 33 17 30 28 15 3 14 24 16 13 9 10 7 2 8 19 4 32 12 23 
20 26 11 31 29 0 5 23 12 32 4 19 8 2 7 10 16 13 9 24 14 3 15 28 30 17 33 6 18 25 1 21 27 22 
1 25 18 6 33 17 30 28 15 3 14 24 13 9 16 10 7 2 8 19 4 32 12 23 5 0 29 31 11 26 20 22 27 21 
7 10 9 13 16 24 14 3 15 28 30 17 33 6 18 25 1 21 27 22 26 20 11 31 29 0 5 23 12 32 4 19 8 2 
4 19 8 2 7 10 9 13 16 24 14 3 15 28 6 33 17 30 18 25 1 21 27 22 20 26 11 31 29 0 5 23 12 32 
21 1 25 18 6 33 17 30 28 15 3 14 24 16 13 9 10 7 2 8 19 4 32 12 23 5 0 29 31 11 20 26 22 27 
8 2 7 10 9 13 16 24 14 3 15 28 30 17 33 6 18 25 1 21 27 22 20 26 11 31 29 0 5 23 12 32 4 19 
1 25 18 6 33 17 30 28 15 3 14 24 16 13 9 10 7 2 8 19 4 32 12 23 5 0 29 31 11 26 20 22 27 21 
21 1 25 18 6 33 17 30 28 15 3 14 24 16 13 9 10 7 2 8 19 4 32 12 23 5 0 29 31 11 26 20 22 27 
27 25 1 21 18 6 33 17 30 28 15 3 14 24 16 13 9 10 7 2 8 19 4 32 12 23 5 0 29 31 11 26 20 22 
19 8 2 7 10 16 13 9 24 14 3 15 28 30 17 33 6 18 25 1 21 27 22 20 26 11 31 29 0 5 23 12 32 4 
29 31 11 26 20 22 27 25 1 21 18 6 33 17 30 28 15 3 14 24 16 13 9 10 7 2 8 19 4 32 12 23 5 0 
28 15 3 14 24 16 13 9 10 7 2 8 19 4 17 33 6 18 25 1 21 27 22 20 26 11 31 29 0 5 23 12 32 30 
6 33 17 30 28 15 3 14 24 16 13 9 10 7 2 8 19 4 32 12 23 5 0 29 31 11 26 20 22 27 25 1 21 18 
14 3 15 28 30 17 33 6 18 25 1 21 27 22 20 26 11 31 29 0 5 23 12 32 4 19 8 2 7 10 16 13 9 24 
21 1 25 18 28 15 3 14 24 16 13 9 10 7 2 8 19 4 32 12 33 17 30 6 23 5 0 29 31 11 26 20 22 27 
18 25 1 21 27 22 20 26 11 31 29 0 5 23 12 32 4 19 8 2 7 10 9 13 16 24 15 3 14 28 30 17 33 6 
18 6 33 17 30 28 15 3 14 24 16 13 9 10 7 2 8 19 4 32 12 23 5 0 29 31 11 26 20 22 27 25 1 21 
33 17 30 28 15 3 14 24 16 13 9 10 7 2 8 19 4 32 12 23 5 0 29 31 11 26 20 22 27 25 1 21 18 6 
9 13 24 14 3 15 28 30 17 33 6 18 25 1 21 27 22 20 26 11 31 29 0 5 23 12 32 4 19 8 2 7 10 16 
18 6 33 17 30 28 15 3 14 24 16 13 9 10 7 2 8 19 4 32 12 23 5 0 29 31 11 26 20 22 27 25 1 21 
1 25 18 6 33 17 30 28 15 3 14 24 16 13 9 10 7 2 8 19 4 32 12 23 5 0 29 31 11 26 20 22 27 21 
16 24 14 3 15 28 30 17 33 6 18 25 1 21 27 22 20 26 11 31 29 0 5 23 12 32 4 19 8 2 7 10 9 13 
21 1 25 18 6 33 17 30 28 15 3 14 24 16 13 9 10 7 2 8 19 4 32 12 23 5 0 29 31 11 26 20 22 27 
33 17 30 28 15 3 14 24 16 13 9 10 7 2 8 19 4 32 12 23 5 0 29 31 11 26 20 22 27 25 1 21 18 6 
0 5 23 12 32 4 19 8 2 7 10 16 13 9 24 14 3 15 28 30 17 33 6 18 25 1 21 27 22 20 26 11 31 29 
22 20 26 11 31 29 0 5 23 6 33 17 12 32 4 19 8 2 7 10 9 13 16 24 14 3 15 28 30 18 25 1 21 27 
8 2 7 10 9 13 16 24 14 3 15 28 30 17 33 6 18 25 1 21 27 22 20 26 11 31 29 0 5 23 12 32 4 19 
1 25 18 6 33 17 30 28 15 3 14 24 16 13 9 10 7 2 8 19 4 32 12 23 5 0 29 31 11 26 20 22 27 21 
27 22 20 26 11 31 29 0 5 23 12 32 4 19 8 2 7 10 16 13 9 24 14 3 15 28 30 17 33 6 18 25 1 21 
15 3 14 28 30 17 33 6 18 25 1 21 27 22 20 26 11 31 29 0 5 23 12 32 4 19 8 2 7 10 9 13 16 24 
19 8 2 7 10 9 13 16 24 3 14 15 28 30 33 17 6 18 25 1 21 27 22 20 26 11 31 29 0 5 23 12 32 4 
6 33 17 30 28 15 3 14 24 16 13 9 10 7 2 8 19 4 32 12 23 5 0 29 31 11 26 20 22 27 25 1 21 18 
8 2 7 10 16 13 9 24 14 3 15 28 30 17 33 6 18 25 1 21 27 22 20 26 11 31 29 0 5 23 12 32 4 19 
18 6 33 17 30 28 15 3 14 24 16 13 9 10 7 2 8 19 4 32 12 23 5 0 29 31 11 26 20 22 27 21 1 25 
13 16 24 14 3 15 28 30 17 33 6 18 25 1 21 27 22 20 26 11 31 29 0 5 23 12 32 4 19 8 2 7 10 9 
24 16 13 9 10 7 2 8 19 4 17 33 6 18 25 1 21 27 22 20 26 11 31 29 0 5 23 12 32 30 28 15 3 14 
1 25 18 6 33 17 30 28 15 3 14 24 16 13 9 10 7 2 8 19 4 32 12 23 5 0 29 31 11 26 20 22 27 21 
6 33 17 30 28 15 3 14 24 16 13 9 10 7 2 8 19 4 32 12 23 5 0 29 31 11 26 20 22 27 25 1 21 18 
21 1 25 18 6 33 17 30 28 15 3 14 24 16 13 9 10 7 2 8 19 4 32 12 23 5 0 29 31 11 26 20 22 27 
18 6 33 17 30 28 15 3 14 24 16 13 9 10 7 2 8 19 4 32 12 23 5 0 29 31 11 26 20 22 27 25 1 21 
13 16 24 14 3 15 28 30 17 33 6 18 25 1 21 27 22 20 26 11 31 29 0 5 23 12 32 4 19 8 2 7 10 9 
4 19 8 2 7 10 9 13 16 24 14 3 15 28 30 17 33 6 18 25 1 21 27 22 20 26 11 31 29 0 5 23 12 32 
14 3 15 28 30 17 33 6 18 25 1 21 27 22 20 26 11 31 29 0 5 23 12 32 4 19 8 2 7 10 16 13 9 24 
15 3 14 28 30 17 33 6 18 25 1 21 27 22 20 26 11 31 29 0 5 23 12 32 4 19 8 2 7 10 16 13 9 24 
6 33 17 30 28 15 3 14 24 16 13 9 10 7 2 8 19 4 32 12 23 5 0 29 31 11 26 20 22 27 25 1 21 18 
21 1 25 18 6 33 17 30 28 15 3 14 24 16 13 9 10 7 2 8 19 4 32 12 23 5 0 29 31 11 26 20 22 27 
1 25 18 6 33 17 30 28 15 3 14 24 16 13 9 10 7 2 8 19 4 32 12 23 5 0 29 31 11 26 20 22 27 21 
12 32 4 19 8 2 7 10 16 13 9 24 14 3 15 28 30 17 33 6 18 25 1 21 27 22 20 26 11 31 29 0 5 23 
1 25 18 6 33 17 30 28 15 3 14 24 16 13 9 10 7 2 8 19 4 32 12 23 5 0 29 31 11 26 20 22 27 21 
1 25 18 6 33 17 30 28 15 3 14 24 16 13 9 10 7 2 8 19 4 32 12 23 5 0 29 31 11 26 20 22 27 21 
16 24 14 3 15 28 30 17 33 6 18 25 1 21 27 22 20 26 11 31 29 0 5 23 12 32 4 19 8 2 7 10 9 13 
8 2 7 10 16 13 9 24 14 3 15 28 30 17 33 6 18 25 1 21 27 22 20 26 11 31 29 0 5 23 12 32 4 19 
19 8 2 7 10 16 13 9 24 14 3 15 28 30 17 33 6 18 25 1 21 27 22 20 26 11 31 29 0 5 23 12 32 4 
29 31 11 26 20 22 27 25 1 21 18 6 33 17 30 28 15 3 14 24 16 13 9 10 7 2 8 19 4 32 12 23 5 0 
1 25 18 6 33 17 30 28 15 3 14 24 9 13 16 10 7 2 8 19 4 32 12 23 5 0 29 31 11 26 20 22 27 21 
30 17 33 12 32 4 19 8 2 7 10 16 13 9 24 14 3 15 28 18 25 1 21 27 22 20 26 11 31 29 0 5 23 6 
23 12 32 33 17 4 19 8 2 7 10 9 13 16 24 15 3 14 28 30 6 18 25 1 21 27 22 20 26 11 31 29 0 5 
23 12 32 33 17 4 19 8 2 7 10 9 13 16 24 15 3 14 28 30 6 18 25 1 21 27 22 20 26 11 31 29 0 5 
30 28 15 3 14 24 16 13 9 10 7 2 8 19 4 17 33 6 18 25 1 21 27 22 20 26 11 31 29 0 5 23 12 32 
23 5 0 29 31 11 26 20 22 27 25 1 21 18 6 33 17 30 28 15 3 14 24 16 13 9 10 7 2 8 19 4 32 12 
3 15 28 30 17 33 6 18 25 1 21 27 22 20 26 11 31 29 0 5 23 12 32 4 19 8 2 7 10 9 13 16 24 14 
21 1 25 18 28 15 3 14 24 16 13 9 10 7 2 8 19 4 32 12 33 17 30 6 23 5 0 29 31 11 26 20 22 27 
21 1 25 18 28 15 3 14 24 16 13 9 10 7 2 8 19 4 32 12 33 17 30 6 23 5 0 29 31 11 26 20 22 27 
22 20 26 11 31 29 0 5 23 12 32 4 19 8 2 7 10 16 13 9 24 14 3 15 28 30 17 33 6 18 25 1 21 27 
22 20 26 11 31 29 0 5 23 6 30 17 33 12 32 4 19 8 2 7 10 9 13 16 24 14 3 15 28 18 25 1 21 27 
14 3 15 28 30 17 33 6 18 25 1 21 27 22 20 26 11 31 29 0 5 23 12 32 4 19 8 2 7 10 16 13 9 24 
6 33 17 30 28 15 3 14 24 16 13 9 10 7 2 8 19 4 32 12 23 5 0 29 31 11 26 20 22 27 25 1 21 18 
28 30 17 33 6 18 25 1 21 27 22 20 26 11 31 29 0 5 23 12 32 4 19 8 2 7 10 9 13 16 24 14 3 15 
31 11 26 20 22 27 25 1 21 18 6 33 17 30 28 15 3 14 24 16 13 9 10 7 2 8 19 4 32 12 23 5 0 29 
1 25 18 6 33 17 30 28 15 3 14 24 16 13 9 10 7 2 8 19 4 32 12 23 5 0 29 31 11 26 20 22 27 21 
28 15 3 14 24 16 13 9 10 7 2 8 19 4 32 12 33 17 30 18 25 1 21 27 22 20 26 11 31 29 0 5 23 6 
