25 38 12 5 29 36 34 31 35 45 27 26 28 16 48 15 2 17 47 6 33 40 42 37 7 24 22 44 21 1 3 9 32 0 18 30 4 20 8 13 41 23 39 43 19 10 11 46 14 
33 6 2 17 47 15 48 16 26 28 23 39 43 19 10 41 13 8 20 4 30 18 32 0 3 1 9 42 21 44 22 7 24 37 5 12 38 25 14 46 11 31 35 45 27 34 36 29 40 
29 36 34 31 35 45 27 26 28 16 48 15 2 17 47 6 33 40 42 21 1 3 9 32 0 18 30 4 20 8 13 41 23 39 19 10 43 11 46 14 25 38 12 5 37 7 24 22 44 
23 39 43 19 10 13 41 16 48 15 2 17 47 30 4 20 8 18 32 0 3 1 9 33 6 40 42 21 44 22 7 24 37 5 12 36 29 38 25 14 46 11 31 34 35 45 27 26 28 
32 9 3 1 21 44 22 7 24 37 42 40 29 36 12 5 38 25 14 46 11 31 34 35 45 27 26 28 23 43 39 19 10 13 41 16 48 15 2 6 33 17 47 30 4 20 8 18 0 
34 31 35 45 27 26 28 23 39 43 19 10 13 41 16 48 15 2 17 47 30 4 20 8 18 32 0 3 1 9 33 6 40 42 21 44 22 24 7 37 5 12 29 36 38 25 14 46 11 
36 29 40 42 21 44 22 24 7 37 5 12 38 25 14 46 11 31 34 35 45 27 26 28 16 23 39 43 19 10 13 41 20 8 4 30 18 32 0 3 1 9 33 6 2 15 48 17 47 
5 12 38 25 14 46 11 31 34 35 45 27 26 28 16 23 39 43 19 10 13 41 20 8 4 30 18 32 0 3 9 1 33 6 2 17 47 48 15 36 29 40 42 21 44 22 7 24 37 
12 5 37 7 24 22 44 21 1 3 9 32 0 18 30 4 20 8 13 41 23 39 43 19 10 28 26 16 48 15 2 17 47 6 33 40 42 29 36 34 31 35 45 27 11 46 14 25 38 
10 19 39 23 28 26 16 48 15 2 17 47 30 4 20 8 13 41 18 32 0 3 9 1 21 44 22 24 7 37 42 40 33 6 36 29 12 5 38 25 14 46 11 31 34 35 45 27 43 
39 23 28 26 27 45 35 34 31 46 11 14 25 38 12 5 29 36 40 42 37 7 24 22 44 21 1 3 9 32 0 18 30 4 20 13 41 16 48 15 2 6 33 17 47 8 10 19 43 
33 6 2 15 48 16 28 26 27 45 35 31 34 46 11 14 25 38 12 5 29 36 40 42 37 7 24 22 44 21 1 3 9 32 0 18 30 4 20 8 13 41 23 39 43 19 10 47 17 
12 5 29 36 34 31 35 45 27 26 28 16 48 15 2 17 47 6 33 40 42 37 7 24 22 44 21 1 3 9 32 0 18 30 4 20 8 13 41 23 39 43 19 10 11 46 14 25 38 
17 2 15 48 16 28 26 27 45 35 31 34 36 29 12 5 38 25 14 46 11 43 23 39 19 10 13 41 20 8 4 30 18 32 0 3 9 1 21 44 22 7 24 37 42 40 33 6 47 
47 17 2 15 48 16 28 26 27 45 35 31 34 36 29 12 5 38 25 14 46 11 43 39 23 19 10 41 13 8 20 4 30 18 32 0 3 9 1 21 44 22 7 24 37 42 40 33 6 
38 25 14 46 11 31 34 35 45 27 26 28 23 39 43 19 10 13 41 16 48 15 2 17 47 30 4 20 8 18 32 0 3 1 9 33 6 40 42 21 44 22 7 24 37 5 12 36 29 
26 28 16 48 15 2 17 47 30 20 8 4 18 32 0 3 1 9 33 6 40 42 21 44 22 24 7 37 5 29 36 12 38 25 14 46 11 31 34 35 45 27 43 39 23 41 13 10 19 
47 17 48 15 2 6 33 9 32 0 3 1 21 44 22 7 24 37 42 40 29 36 12 5 38 25 14 46 11 31 34 35 45 27 26 28 16 23 39 43 19 10 13 41 20 8 4 30 18 
47 17 48 15 2 6 33 9 32 0 3 1 21 44 22 7 24 37 42 40 29 36 12 5 38 25 14 46 11 31 34 35 45 27 26 28 16 23 39 43 19 10 13 41 20 8 4 30 18 
38 25 14 46 11 35 31 34 36 29 40 42 33 6 2 15 48 16 28 26 27 45 43 23 39 19 10 13 41 20 8 4 30 47 17 18 32 0 3 9 1 21 44 22 7 24 37 5 12 
13 41 16 48 15 2 17 47 30 4 20 8 18 32 0 3 1 9 33 6 40 42 21 44 22 7 24 37 5 12 29 36 38 25 14 46 11 31 34 35 45 27 26 28 23 39 43 19 10 
5 12 38 25 14 46 11 31 34 35 45 27 26 28 16 48 15 2 6 33 40 42 37 7 24 22 44 21 1 3 9 32 0 18 30 4 20 8 13 41 23 39 43 19 10 47 17 29 36 
18 32 0 3 9 1 21 44 22 24 7 37 42 40 29 36 12 5 38 25 14 46 11 31 34 35 45 27 26 28 16 48 15 2 6 33 17 47 30 4 20 13 41 23 39 43 19 10 8 
17 47 48 15 2 6 33 40 42 21 44 22 7 24 37 5 12 29 36 38 25 14 46 11 31 34 35 45 27 26 28 16 23 39 43 19 10 13 41 20 8 4 30 18 32 0 3 1 9 
18 32 0 3 9 1 21 44 22 24 7 37 42 40 33 6 2 15 48 16 28 26 27 45 35 31 34 36 29 12 5 38 25 14 46 11 43 23 39 19 10 13 41 20 8 4 30 47 17 
14 46 11 31 34 35 45 27 26 28 23 39 43 19 10 41 13 20 8 4 30 18 32 0 3 9 1 21 44 22 7 24 37 42 40 33 6 2 17 47 48 16 15 36 29 12 5 38 25 
13 41 39 23 28 26 16 48 15 2 17 47 30 4 20 8 18 32 0 3 1 9 33 6 40 42 21 44 22 24 7 37 5 12 29 36 38 25 14 46 11 31 34 35 27 45 43 19 10 
47 17 2 15 48 16 28 26 27 45 35 31 34 36 29 40 42 21 44 22 7 24 37 5 12 38 25 14 46 11 43 23 39 19 10 13 41 20 8 4 30 18 32 0 3 1 9 33 6 
8 13 41 16 48 15 2 17 47 30 4 20 18 32 0 3 1 9 33 6 40 42 21 44 22 7 24 37 5 29 36 12 38 25 14 46 11 31 34 35 45 27 26 28 23 39 43 19 10 
2 17 47 48 15 6 33 40 42 21 44 22 24 7 37 5 12 29 36 38 25 14 46 11 31 34 35 45 27 26 28 16 23 39 43 19 10 13 41 20 8 4 30 18 32 0 3 1 9 
7 24 22 44 21 1 3 9 32 0 18 30 4 20 8 13 41 19 10 39 23 28 26 16 48 15 2 17 47 6 33 40 29 36 34 31 35 45 27 43 11 46 14 25 38 12 5 37 42 
41 13 8 20 4 30 18 32 0 9 3 1 21 44 22 24 7 37 42 40 29 36 12 5 38 25 14 46 11 31 34 35 45 27 26 28 16 48 15 2 6 33 17 47 43 39 23 19 10 
46 11 31 34 35 45 27 26 28 23 39 43 19 10 13 41 16 48 15 2 17 47 30 4 20 8 18 32 0 3 1 9 33 6 40 42 21 44 22 24 7 37 5 12 29 36 38 25 14 
16 48 15 2 6 33 9 32 0 3 1 21 44 22 7 24 37 42 40 29 36 12 5 38 25 14 46 11 31 34 35 45 27 26 28 23 39 43 19 10 13 41 20 8 4 30 18 47 17 
41 13 8 20 4 30 18 32 0 3 1 21 44 22 7 24 37 42 40 29 36 12 5 38 25 14 46 11 31 34 35 45 27 26 28 16 48 15 2 6 33 9 47 17 23 39 43 19 10 
8 4 30 18 32 0 3 1 21 44 22 24 7 37 42 40 29 36 12 5 38 25 14 46 11 31 34 35 45 27 26 28 16 48 15 2 6 33 9 17 47 20 13 41 23 39 43 19 10 
16 48 15 2 6 33 9 32 0 3 1 21 44 22 7 24 37 42 40 29 36 12 5 38 25 14 46 11 31 34 35 45 27 26 28 23 39 43 19 10 41 13 20 8 4 30 18 47 17 
12 5 37 7 24 22 44 21 1 3 9 32 0 18 30 4 20 8 13 41 23 39 43 19 10 28 26 16 48 15 2 17 47 6 33 40 42 29 36 34 31 35 45 27 11 46 14 25 38 
12 5 37 7 24 22 44 21 1 3 9 32 0 18 30 4 20 8 13 41 23 39 43 19 10 28 26 16 48 15 2 17 47 6 33 40 42 29 36 34 31 35 45 27 11 46 14 25 38 
38 25 14 46 11 31 34 35 45 27 26 28 23 39 43 19 10 13 41 16 48 15 2 17 47 30 4 20 8 18 32 0 3 1 9 33 6 40 42 21 44 22 7 24 37 5 12 29 36 
8 4 30 18 0 32 9 3 1 21 44 22 7 24 37 42 40 29 36 12 5 38 25 14 46 11 31 34 35 45 27 26 28 16 48 15 2 6 33 17 47 20 13 41 23 39 43 19 10 
34 31 46 11 14 25 38 12 5 37 7 24 22 44 21 1 3 9 32 0 18 30 4 20 8 13 41 23 39 19 10 43 45 35 27 26 28 16 48 15 2 17 47 6 33 40 42 29 36 
7 24 22 44 42 21 1 3 9 32 0 18 30 4 20 8 13 41 23 39 43 19 10 28 26 16 48 15 2 17 47 6 33 40 29 36 34 31 35 45 27 11 46 14 25 38 12 5 37 
25 14 46 11 31 34 35 45 27 26 28 16 48 15 2 17 47 30 4 20 13 41 23 39 43 19 10 8 18 32 0 3 1 9 33 6 40 42 21 44 22 24 7 37 5 12 29 36 38 
3 1 21 44 22 7 24 37 42 40 29 36 12 5 38 25 14 46 11 31 34 35 45 27 26 16 28 23 39 43 19 10 13 41 20 8 4 30 18 47 17 2 15 48 6 33 9 32 0 
38 25 14 46 11 31 34 35 45 27 26 28 16 48 15 2 17 47 23 39 43 19 10 41 13 20 8 4 30 18 32 0 3 1 9 33 6 40 42 21 44 22 7 24 37 5 12 29 36 
21 44 22 24 7 37 42 40 33 6 2 17 47 48 15 16 28 26 27 45 35 31 34 36 29 12 5 38 25 14 46 11 43 23 39 19 10 41 13 20 8 4 30 18 32 0 3 9 1 
5 12 38 25 14 46 11 31 34 35 45 27 26 28 16 48 15 2 6 33 40 42 37 7 24 22 44 21 1 3 9 32 0 18 30 4 20 8 13 41 23 39 43 19 10 47 17 36 29 
38 25 14 46 11 31 34 35 45 27 26 28 16 48 15 2 17 47 30 4 20 13 41 23 39 43 19 10 8 18 32 0 3 1 9 33 6 40 42 21 44 22 24 7 37 5 12 29 36 
13 41 16 48 15 2 17 47 30 4 20 8 18 32 0 3 1 9 33 6 40 42 21 44 22 7 24 37 5 12 29 36 38 25 14 46 11 31 34 35 45 27 26 28 23 39 43 19 10 
25 14 46 11 31 34 35 45 27 26 28 16 48 15 2 17 47 30 4 20 8 13 41 23 39 43 19 10 18 32 0 3 1 9 33 6 40 42 21 44 22 24 7 37 5 12 29 36 38 
47 17 48 15 2 6 33 9 32 0 3 1 21 44 22 7 24 37 42 40 29 36 12 5 38 25 14 46 11 31 34 35 45 27 26 28 16 23 39 43 19 10 13 41 20 8 4 30 18 
12 5 38 25 14 46 11 31 34 35 45 27 26 16 28 23 39 43 19 10 13 41 20 8 4 30 18 32 0 3 9 1 21 44 22 24 7 37 42 40 33 6 2 15 48 17 47 36 29 
46 11 31 34 35 45 27 26 28 23 39 43 19 10 13 41 16 48 15 2 6 33 17 47 30 4 20 8 18 32 0 3 9 1 21 44 22 7 24 37 42 40 29 36 12 5 38 25 14 
13 41 39 23 28 26 16 48 15 2 17 47 30 4 20 8 18 32 0 3 1 9 33 6 40 42 21 44 22 24 7 37 5 12 29 36 38 25 14 46 11 31 34 35 27 45 43 19 10 
7 24 22 44 21 1 3 9 32 0 18 30 4 20 8 13 41 23 39 43 19 10 11 46 14 25 38 12 5 29 36 34 31 35 45 27 26 28 16 48 15 2 17 47 6 33 40 42 37 
38 25 14 46 11 31 34 35 45 27 26 28 16 23 39 43 19 10 41 13 8 20 4 30 18 32 0 3 1 9 33 6 2 17 47 48 15 40 42 21 44 22 7 24 37 5 12 29 36 
8 20 4 30 47 17 48 15 2 6 33 9 18 32 0 3 1 21 44 22 7 24 37 42 40 29 36 12 5 38 25 14 46 11 31 34 35 45 27 26 28 16 23 39 43 19 10 41 13 
2 15 48 16 28 26 27 45 35 31 34 46 11 14 25 38 12 5 29 36 40 42 37 7 24 22 44 21 1 3 9 32 0 18 30 4 20 8 13 41 23 39 43 19 10 47 17 6 33 
41 13 8 20 4 30 18 32 0 9 3 1 21 44 22 24 7 37 42 40 29 36 12 5 38 25 14 46 11 31 34 35 45 27 26 28 16 48 15 2 6 33 17 47 23 39 43 19 10 
41 13 8 20 4 30 18 32 0 9 3 1 21 44 22 24 7 37 42 40 29 36 12 5 38 25 14 46 11 31 34 35 45 27 26 28 16 48 15 2 6 33 17 47 23 39 43 19 10 
48 15 2 17 6 33 9 3 1 21 44 22 24 7 37 42 40 29 36 12 5 38 25 14 46 11 31 34 35 45 27 26 28 16 23 39 43 19 10 41 13 8 20 4 30 18 32 0 47 
7 24 22 44 21 1 3 9 32 0 18 30 4 20 8 41 13 10 19 39 23 43 45 27 26 28 16 48 15 2 17 47 6 33 40 29 36 34 31 35 11 46 14 25 38 12 5 37 42 
12 5 29 36 34 31 35 45 27 26 28 16 48 15 2 17 47 6 33 40 42 37 7 24 22 44 21 1 3 9 32 0 18 30 4 20 8 13 41 23 39 43 19 10 11 46 14 25 38 
6 2 15 48 16 28 26 27 45 35 34 31 46 11 14 25 38 12 5 29 36 40 42 37 7 24 22 44 21 1 3 9 32 0 18 30 4 20 8 13 41 23 39 43 19 10 47 17 33 
33 6 2 15 48 16 28 26 27 45 35 34 31 46 11 14 25 38 12 5 29 36 40 42 37 7 24 22 44 21 1 3 9 32 0 18 30 4 20 8 13 41 23 39 43 19 10 47 17 
30 4 20 8 13 41 23 39 43 19 10 15 2 6 33 9 32 0 3 1 21 44 22 24 7 37 42 40 29 36 12 5 38 25 14 46 11 31 34 35 45 27 26 28 16 48 17 47 18 
16 48 15 17 2 6 33 9 32 0 3 1 21 44 22 24 7 37 42 40 29 36 12 5 38 25 14 46 11 35 31 34 27 45 26 28 23 39 43 19 10 13 41 20 8 4 30 18 47 
38 25 14 46 11 31 34 35 45 27 26 28 23 39 43 19 10 13 41 16 48 15 2 17 47 30 4 20 8 18 32 0 3 1 9 33 6 40 42 21 44 22 7 24 37 5 12 29 36 
2 15 48 16 28 26 27 45 35 31 34 46 11 14 25 38 12 5 29 36 40 42 37 7 24 22 44 21 1 3 9 32 0 18 30 4 20 8 13 41 39 23 43 19 10 47 17 6 33 
41 13 20 8 4 30 47 17 48 15 2 6 33 9 32 18 0 3 1 21 44 22 7 24 37 42 40 29 36 12 5 38 25 14 46 11 31 34 35 45 27 26 28 16 23 39 43 19 10 
47 17 2 15 48 16 28 26 27 45 35 31 34 25 14 46 11 43 23 39 19 10 41 13 20 8 4 30 18 32 0 3 9 1 21 44 22 24 7 37 5 12 38 36 29 40 42 33 6 
47 17 2 15 48 16 28 26 27 45 35 31 34 25 14 46 11 43 23 39 19 10 41 13 20 8 4 30 18 32 0 3 9 1 21 44 22 24 7 37 5 12 38 36 29 40 42 33 6 
31 34 35 45 27 26 28 16 48 15 2 17 47 30 4 20 13 41 23 39 43 19 10 8 18 32 0 3 1 9 33 6 40 42 21 44 22 7 24 37 5 12 29 36 38 25 14 46 11 
19 10 13 41 16 48 15 2 17 47 30 4 20 8 18 32 0 3 9 1 21 44 22 24 7 37 42 40 6 33 36 29 12 5 38 25 14 46 11 31 34 35 45 27 26 28 23 39 43 
17 2 15 48 16 28 26 27 45 35 31 34 36 29 12 5 38 25 14 46 11 43 23 39 19 10 13 41 20 8 4 30 18 0 32 9 3 1 21 44 22 24 7 37 42 40 33 6 47 
5 12 38 25 14 46 11 31 34 35 45 27 26 28 16 48 15 2 6 33 40 42 37 7 24 22 44 21 1 3 9 32 0 18 30 4 20 8 13 41 23 39 43 19 10 47 17 36 29 
39 23 28 26 16 48 15 2 6 33 40 42 37 7 24 22 44 21 1 3 9 32 0 18 30 4 20 8 13 41 47 17 36 29 12 5 38 25 14 46 11 31 34 35 27 45 43 19 10 
40 42 21 44 22 24 7 37 5 12 29 36 38 25 14 46 11 34 31 35 27 45 26 28 16 48 15 2 17 47 30 4 20 13 41 23 39 43 19 10 8 18 32 0 3 1 9 33 6 
31 34 35 45 27 26 28 23 39 43 19 10 13 41 16 48 15 2 17 47 30 4 20 8 18 32 0 3 1 9 33 6 40 42 21 44 22 24 7 37 5 12 29 36 38 25 14 46 11 
15 2 6 33 9 3 1 21 44 22 7 24 37 42 40 29 36 12 5 38 25 14 46 11 31 34 35 45 27 26 16 28 23 39 43 19 10 13 41 20 8 4 30 18 32 0 47 17 48 
48 15 2 6 33 40 42 44 22 24 7 37 5 12 29 36 38 25 14 46 11 31 34 35 45 27 26 28 16 23 39 43 19 10 13 41 20 8 4 30 18 32 0 3 1 21 9 47 17 
31 34 35 45 27 26 28 16 48 15 2 17 47 30 4 20 13 41 23 39 43 19 10 8 18 32 0 3 1 9 33 6 40 42 21 44 22 24 7 37 5 12 29 36 38 25 14 46 11 
7 24 22 44 21 1 3 9 32 0 18 30 4 20 8 13 41 23 39 43 19 10 11 46 14 25 38 12 5 29 36 34 31 35 45 27 26 28 16 48 15 2 17 47 6 33 40 42 37 
20 8 4 30 47 17 48 15 2 6 33 9 32 18 0 3 1 21 44 22 7 24 37 42 40 29 36 12 5 38 25 14 46 11 31 34 35 45 27 26 28 16 23 39 43 19 10 13 41 
47 17 15 2 6 33 9 32 0 3 1 21 44 22 7 24 37 42 40 29 36 12 5 38 25 14 46 11 31 34 35 45 27 26 28 16 48 23 39 43 19 10 41 13 20 8 4 30 18 
2 15 48 16 28 26 27 45 35 31 34 46 11 14 25 38 12 5 29 36 40 42 37 7 24 22 44 21 1 3 9 32 0 18 30 4 20 8 13 41 23 39 43 19 10 47 17 6 33 
5 12 38 25 14 46 11 31 34 35 45 27 26 28 16 48 15 2 17 47 30 4 20 13 41 23 39 43 19 10 8 18 32 0 3 9 1 21 44 22 24 7 37 42 33 6 40 29 36 
46 11 31 34 35 45 27 26 28 16 23 39 43 19 10 41 13 20 8 4 30 47 17 2 15 48 6 33 9 32 18 0 3 1 21 44 22 7 24 37 42 40 29 36 12 5 38 25 14 
48 15 2 6 33 40 42 21 44 22 7 24 37 5 12 29 36 38 25 14 46 11 31 34 35 45 27 26 28 16 23 39 43 19 10 13 41 20 8 4 30 18 32 0 3 1 9 17 47 
38 25 14 46 11 31 34 35 45 27 26 28 16 48 15 2 6 33 9 1 3 32 0 18 30 4 20 8 13 41 23 39 43 19 10 47 17 40 42 21 44 22 24 7 37 5 12 29 36 
6 2 15 48 16 28 26 27 45 35 34 31 46 11 14 25 38 12 5 29 36 40 42 37 7 24 22 44 21 1 3 9 32 0 18 30 4 20 8 13 41 23 39 43 19 10 47 17 33 
9 32 0 3 1 21 44 22 24 7 37 5 12 29 36 38 25 14 46 11 31 34 35 45 27 26 16 28 23 39 43 19 10 13 41 20 8 4 30 18 47 17 2 15 48 6 33 40 42 
40 42 21 44 22 7 24 37 5 12 29 36 38 25 14 46 11 31 34 35 45 27 26 28 23 39 43 19 10 13 41 16 48 15 2 17 47 30 4 8 20 18 32 0 3 1 9 33 6 
2 15 48 16 28 26 27 45 35 31 34 46 11 14 25 38 12 5 29 36 40 42 37 7 24 22 44 21 1 3 9 32 0 18 30 4 20 8 13 41 39 23 43 19 10 47 17 6 33 
48 15 2 6 33 40 42 21 44 22 7 24 37 5 29 36 12 38 25 14 46 11 31 34 35 45 27 26 28 16 23 39 43 19 10 13 41 20 8 4 30 18 32 0 3 1 9 47 17 
8 20 4 30 47 17 48 15 2 6 33 9 32 18 0 3 1 21 44 22 7 24 37 42 40 29 36 12 5 38 25 14 46 11 31 34 35 45 27 26 28 16 23 39 43 19 10 41 13 
4 30 18 32 0 3 9 1 21 44 22 24 7 37 42 40 33 6 2 15 17 47 48 16 28 26 27 45 35 31 46 11 14 25 38 12 5 29 36 34 43 19 10 39 23 41 13 8 20 
22 44 21 1 3 9 32 0 18 30 4 20 8 13 41 23 39 43 19 10 11 46 14 25 38 12 5 29 36 34 31 35 45 27 26 28 16 48 15 2 17 47 6 33 40 42 37 7 24 
17 2 15 48 16 28 26 27 45 35 31 34 36 29 12 5 38 25 14 46 11 43 23 39 19 10 13 41 20 8 4 30 18 0 32 9 3 1 21 44 22 24 7 37 42 40 33 6 47 
