19 21 4 12 14 8 23 1 2 18 15 5 3 10 16 20 13 6 9 0 17 24 7 22 11 
8 14 12 4 21 19 11 22 7 24 0 17 9 6 16 20 13 10 3 5 15 18 2 1 23 
12 14 8 23 1 18 2 15 5 3 10 16 20 13 6 9 0 17 24 7 22 11 19 21 4 
12 14 8 23 1 18 2 15 5 3 10 16 20 13 6 9 0 17 24 7 22 11 19 21 4 
18 2 1 23 8 14 12 4 21 19 11 22 7 24 0 17 9 6 16 20 13 10 3 5 15 
12 14 8 23 1 18 2 15 5 3 10 13 20 16 6 9 17 0 24 7 22 11 19 21 4 
17 0 24 7 22 11 19 21 4 12 14 8 23 1 18 2 15 5 3 10 13 20 16 6 9 
19 21 4 12 14 8 23 1 18 2 15 5 3 10 16 20 13 6 9 0 17 24 7 22 11 
11 19 21 4 12 14 8 23 1 18 2 15 5 3 10 13 20 16 6 9 0 17 24 7 22 
7 22 11 19 21 4 12 14 8 23 1 18 2 15 5 3 10 16 20 13 6 9 0 17 24 
11 19 21 4 12 14 8 23 1 18 2 15 5 3 10 16 20 13 6 9 0 17 24 7 22 
4 21 19 11 22 7 24 0 17 9 6 16 20 13 10 3 5 15 1 18 2 23 8 14 12 
12 14 8 23 1 2 18 15 5 3 10 16 20 13 6 9 0 17 24 7 22 11 19 21 4 
12 14 8 23 1 18 2 15 5 3 10 16 20 13 6 9 0 17 24 7 22 11 19 21 4 
18 2 1 23 8 14 12 4 21 19 11 22 7 24 0 17 9 6 16 20 13 10 3 5 15 
2 18 1 23 8 14 12 4 21 19 11 22 7 24 0 17 9 6 16 20 13 10 3 5 15 
17 24 7 22 11 19 21 4 12 14 8 23 1 18 2 15 5 3 10 16 20 13 6 9 0 
22 11 19 21 4 12 14 8 23 1 18 2 15 5 3 10 16 20 13 6 9 0 17 24 7 
16 20 13 6 9 0 17 24 7 22 11 19 21 4 12 14 8 23 1 18 2 15 5 3 10 
4 12 14 8 23 1 18 2 15 5 3 10 16 20 13 6 9 0 17 24 7 22 11 19 21 
4 21 19 11 22 7 24 0 17 9 6 16 20 13 10 3 5 15 1 18 2 23 8 14 12 
21 4 12 14 8 23 1 18 2 15 5 3 10 16 20 13 6 9 0 17 24 7 22 11 19 
23 1 18 2 15 5 3 10 16 20 13 6 9 0 17 24 7 22 11 19 21 4 12 14 8 
12 14 8 23 1 18 2 15 5 3 10 16 20 13 6 9 0 17 24 7 22 11 19 21 4 
12 14 8 23 1 18 2 15 5 3 10 16 20 13 6 9 0 17 24 7 22 11 19 21 4 
12 14 8 23 1 18 2 15 5 3 10 16 20 13 6 9 0 17 24 7 22 11 19 21 4 
21 19 11 22 7 24 0 17 9 6 16 20 13 10 3 5 15 1 18 2 23 8 14 12 4 
12 14 8 23 1 18 2 15 5 3 10 16 20 13 6 9 0 17 24 7 22 11 19 21 4 
4 21 19 11 22 7 24 17 0 9 6 16 20 13 10 3 5 15 1 18 2 23 8 14 12 
12 14 8 23 1 18 2 15 5 3 10 16 13 20 6 9 0 17 24 7 22 11 19 21 4 
8 14 12 4 21 19 11 22 7 24 0 17 9 6 20 13 16 10 3 5 15 1 18 2 23 
8 14 12 4 21 19 11 22 7 24 0 17 9 6 20 13 16 10 3 5 15 1 18 2 23 
12 14 8 23 1 18 2 15 5 3 10 16 20 13 6 9 0 17 24 7 22 11 19 21 4 
12 14 8 23 1 18 2 15 5 3 10 16 20 13 6 9 0 17 24 7 22 11 19 21 4 
12 14 4 21 19 11 22 7 24 17 0 9 6 16 20 13 10 3 5 15 1 18 2 23 8 
4 21 19 11 22 7 24 17 0 9 6 16 20 13 10 3 5 15 1 18 2 23 8 14 12 
12 14 8 23 1 2 18 15 5 3 10 16 20 13 6 9 0 17 24 7 22 11 19 21 4 
12 14 8 23 1 18 2 15 5 3 10 16 20 13 6 9 0 17 24 7 22 11 19 21 4 
17 0 9 6 16 20 13 10 3 5 15 1 18 2 23 8 14 12 4 21 19 11 22 7 24 
12 14 8 23 1 18 2 15 5 3 10 16 20 13 6 9 0 17 24 7 22 11 19 21 4 
12 14 8 23 1 18 2 15 5 3 10 16 20 13 6 9 0 17 24 7 22 11 19 21 4 
19 21 4 12 14 8 23 1 18 2 15 5 3 10 16 20 13 6 9 0 17 24 7 22 11 
19 21 4 12 14 8 23 1 18 2 15 5 3 10 16 20 13 6 9 0 17 24 7 22 11 
19 21 4 12 14 8 23 1 18 2 15 5 3 10 16 20 13 6 9 0 17 24 7 22 11 
8 12 14 4 21 19 11 22 7 24 0 17 9 6 16 20 13 10 3 5 15 1 18 2 23 
12 14 4 21 19 11 22 7 24 17 0 9 6 16 20 13 10 3 5 15 1 18 2 23 8 
3 5 15 1 18 2 23 8 14 12 4 21 19 11 22 7 24 0 17 9 6 16 20 13 10 
12 14 8 23 1 18 2 15 5 3 10 16 20 13 6 9 0 17 24 7 22 11 19 21 4 
12 14 8 23 1 18 2 15 5 3 10 13 20 16 6 9 0 17 24 7 22 11 19 21 4 
14 12 4 21 19 11 22 7 24 0 17 9 6 16 20 13 10 3 5 15 18 2 1 23 8 
