17 22 14 20 3 4 1 10 5 18 12 2 21 16 11 6 15 19 8 13 0 9 7 
5 18 10 1 4 21 12 2 16 11 6 15 19 8 13 0 9 7 17 14 22 20 3 
17 14 22 20 3 5 18 10 1 4 21 12 2 16 11 6 15 19 8 13 0 9 7 
5 18 12 10 1 4 21 2 16 11 6 15 19 8 13 0 9 7 17 14 22 20 3 
2 12 10 18 5 3 20 22 14 17 7 9 0 8 13 19 15 6 11 16 21 4 1 
5 18 12 21 2 16 11 6 15 19 8 13 0 9 7 17 22 14 20 3 1 4 10 
2 21 4 1 10 12 18 5 3 20 22 14 17 7 9 0 8 13 19 15 6 11 16 
1 4 21 2 16 11 6 15 19 8 13 0 9 7 17 22 14 20 5 18 12 10 3 
19 15 6 11 16 2 21 4 1 10 12 18 5 3 20 14 22 17 7 9 0 8 13 
13 8 19 15 6 11 16 2 21 4 1 10 12 18 5 3 20 22 14 17 7 9 0 
3 5 18 10 1 4 21 12 2 16 11 6 15 19 8 13 0 9 7 17 22 14 20 
5 18 12 10 1 4 21 2 16 11 6 15 19 8 13 0 9 7 17 22 14 20 3 
18 10 1 4 21 12 2 16 11 6 15 19 8 13 0 9 7 17 22 14 20 3 5 
18 10 1 4 21 12 2 16 11 6 15 19 8 13 0 9 7 17 22 14 20 3 5 
2 21 4 1 10 12 18 5 3 20 22 14 17 7 9 0 8 13 19 15 6 11 16 
13 8 19 15 6 11 16 2 12 21 4 1 10 18 5 3 20 22 14 17 7 9 0 
21 2 16 11 6 15 19 8 13 0 9 7 17 14 22 20 5 18 10 3 1 4 12 
5 18 12 10 1 4 21 2 16 11 6 15 19 8 13 0 9 7 17 22 14 20 3 
2 21 4 1 10 12 18 5 3 20 14 22 17 7 9 0 8 13 19 15 6 11 16 
2 21 4 1 10 12 18 5 3 20 14 22 17 7 9 0 8 13 19 15 6 11 16 
