75
13202.926562
13624.208069
375 100 0.600000 4.000000 0.500000 1000
635 1944
143 1261
1185 1936
987 231
1703 1169
1266 732
694 1031
1953 1615
375 211
1671 1792
1064 1916
622 584
207 1684
525 18
1419 982
1108 1253
1225 1614
1561 703
1138 739
1142 1837
240 1866
1867 297
1951 906
1611 261
1785 570
1629 1998
1733 1946
1674 657
521 1866
1770 1070
1542 1451
371 1476
688 1499
1333 880
957 1305
706 687
308 785
1236 528
781 1646
154 246
1319 1867
809 1899
1568 822
1314 1992
1585 86
253 459
379 594
1958 553
936 1953
790 1487
480 1345
186 67
1970 83
963 733
1914 1915
81 1963
743 433
684 832
720 77
1315 346
1931 1141
565 298
290 885
879 141
1136 428
1215 1227
1118 559
527 1734
1650 1256
1036 1018
1766 1420
1046 337
1467 1213
573 810
1141 1695
