85
13832.711414
14187.044420
425 100 0.600000 4.000000 0.500000 1000
76 1917
755 1162
1213 1490
826 1752
1653 1601
196 1985
91 273
1606 754
1977 996
1808 347
280 10
1369 820
479 70
169 827
391 406
634 1294
673 420
1799 1431
1524 290
1132 1852
1577 1975
1195 733
860 580
1260 1779
667 301
1405 1310
1804 991
1985 428
1838 1922
664 982
613 535
272 992
1401 608
1912 156
1438 178
1812 841
397 1215
1885 715
1872 1186
440 1063
1080 575
1903 613
107 1002
1385 1735
363 1322
1204 953
1705 931
1614 1316
1371 1142
1916 1477
864 855
966 1934
1510 986
647 1701
957 394
856 316
990 1117
1736 1917
1508 1167
485 1467
478 305
907 153
1784 471
1711 663
771 738
1023 939
493 564
1459 770
610 1532
1065 439
1082 1689
1599 583
600 798
1333 126
689 143
184 196
505 1866
1231 614
145 656
1512 491
639 1891
399 1914
768 1845
1244 301
1221 406
