70
13011.807930
13385.016987
350 100 0.600000 4.000000 0.500000 1000
1507 672
1735 1102
567 981
104 1279
802 970
1599 1105
1745 841
39 143
700 1653
1008 1944
152 1829
1903 710
1315 1963
404 109
1911 989
1960 1590
591 556
335 13
1785 1660
878 139
638 134
1998 1063
1877 222
913 853
526 231
1705 1878
804 1679
171 780
209 1074
1424 1059
666 1995
307 1893
327 1767
1256 661
367 879
1536 1899
1311 893
1125 1633
1614 1358
244 293
1011 520
1741 1266
372 343
1135 67
104 502
1619 1227
1020 297
849 436
1319 289
239 897
1746 1470
307 1570
1799 369
873 1154
1362 1665
1909 444
376 1338
1547 870
1258 52
1215 1354
1915 1729
86 1049
1462 294
1824 514
1625 765
583 1203
507 1327
327 1128
1199 287
171 1968
