80
13217.361353
13591.700771
400 100 0.600000 4.000000 0.500000 1000
1183 1121
1995 1721
365 1123
758 1849
1381 1050
988 1899
302 1215
261 646
1043 1209
1595 176
1374 1813
1257 141
251 340
412 1896
1041 1020
153 228
1999 1989
1133 0
509 1076
1380 295
1 250
903 1179
478 295
1895 276
1521 1264
1119 1346
996 612
1690 1794
311 768
631 1000
78 1421
305 1951
95 617
510 438
1362 1410
1833 1567
1887 1053
1179 1782
1157 863
43 1959
978 1102
61 1118
1320 412
546 1982
529 144
1749 233
1686 853
1464 1115
1193 1451
999 66
873 306
1216 424
1965 1272
1085 670
1629 754
1446 588
1953 192
1745 1618
993 1442
1005 189
758 1062
873 1856
553 1435
1365 1185
136 802
1308 526
1762 1429
1323 1682
256 868
885 1377
1404 29
1360 1299
255 1537
263 28
1873 1847
69 984
22 124
1466 850
367 1315
1055 1597
