60
11608.142935
12029.388707
300 100 0.600000 4.000000 0.500000 1000
1825 1812
868 1047
1315 235
706 430
270 1337
1846 1500
1916 1947
1119 78
1821 1228
791 824
1481 861
464 306
1000 291
863 1405
584 1465
1930 1576
1150 1809
1642 1542
254 688
831 121
1231 1539
591 448
82 1191
57 494
528 1172
1714 1883
1762 119
1485 1683
1930 1032
1347 588
1434 1924
800 1508
1535 1583
1982 282
1660 969
1025 653
1525 1806
752 563
1207 181
1092 335
275 1537
980 867
1339 1978
665 1090
1134 1247
249 553
189 1845
53 1578
490 829
1850 632
1146 785
645 1727
1404 341
173 1264
1127 979
515 1776
1227 1664
1 1955
387 880
904 620
