100
15026.945175
15330.549881
500 100 0.600000 4.000000 0.500000 1000
643 407
1865 1439
585 164
100 1764
1032 781
1624 1465
566 1061
568 930
1245 1081
830 1113
847 1002
459 799
1008 229
859 1470
969 1577
763 342
852 148
1717 509
463 1459
351 101
1336 1887
1573 1278
1620 68
890 1845
432 1799
1119 1447
416 665
1258 945
853 837
482 1127
131 1019
770 1336
1037 1362
167 1548
1272 342
24 182
1327 1496
1222 1905
1634 1008
187 1884
1134 392
1728 1553
1710 126
1991 721
1184 89
236 892
1882 996
725 1830
282 1799
516 20
585 1866
302 1682
631 1312
1931 1962
541 1752
1712 1871
1987 1690
462 1897
687 552
60 1580
264 173
1063 646
584 1183
1493 487
165 662
188 1249
1878 252
331 769
1975 620
341 1167
111 309
53 559
1165 823
919 666
1804 879
1616 1756
961 950
1593 234
1616 766
1072 1231
330 346
871 1259
804 477
1971 1492
1691 1381
1018 1831
751 198
1825 516
1955 1384
1574 1554
612 281
693 885
146 1668
1944 496
5 1058
1040 329
269 1493
1383 1784
1076 496
1109 1663
