65
11139.082396
11520.175561
325 100 0.600000 4.000000 0.500000 1000
1417 874
1222 916
574 1447
1878 113
966 650
672 1110
428 1183
1479 1364
1898 239
943 1323
1650 134
742 1273
1113 1111
1254 1910
1722 670
1172 806
365 1430
561 1206
276 1670
1132 1012
38 808
1242 1596
1865 443
1367 1604
11 1787
568 781
1202 1374
1110 168
432 1701
1920 1597
109 347
1794 1416
1747 1198
366 1844
4 593
908 210
553 520
831 1792
202 1152
1065 684
1307 1824
573 1314
1753 1511
1851 693
798 184
752 1541
1098 1307
295 745
586 413
417 860
1030 980
256 1495
671 694
1954 1313
1472 259
674 252
98 1946
133 550
1728 1776
1407 1872
415 1524
854 1454
127 1638
1274 431
1205 242
