95
15060.718610
15426.434347
475 100 0.600000 4.000000 0.500000 1000
782 452
546 470
1412 953
1664 1422
1835 1852
1035 904
385 589
1881 792
175 1049
1152 794
924 700
652 1508
10 1096
816 1760
211 155
1623 1607
132 1786
207 12
1717 1685
1327 1472
1568 1840
241 905
202 1669
205 1485
1325 220
1977 399
523 335
1736 1165
1564 952
1231 1503
1670 617
226 775
248 1235
478 1348
1470 1930
26 991
1060 737
1600 459
1278 682
1982 789
1355 1630
792 283
1833 516
1632 21
1414 1105
1283 475
1561 1337
809 693
1608 1182
1511 678
1290 995
1844 1752
1433 205
1707 917
1827 1220
768 1168
1177 1994
1292 1884
621 1746
1959 263
73 427
1702 1863
646 529
437 1546
675 884
398 206
1217 1658
62 167
1684 383
1844 1012
512 961
1975 1486
1098 1223
1071 176
1012 1785
783 914
1379 620
118 1990
617 1123
715 54
336 729
810 1655
480 1841
1733 733
973 1911
407 1644
240 354
20 1427
921 1276
1022 1636
428 1438
626 386
1202 1144
74 568
916 85
