55
11181.762236
11607.826483
275 100 0.600000 4.000000 0.500000 1000
942 1894
186 189
52 232
395 1465
204 1195
423 627
1860 945
1623 1490
1144 123
684 576
1741 372
695 41
1557 629
694 1179
264 1767
1612 1679
496 1609
1694 1229
1777 1902
1426 767
1326 773
484 1932
962 1476
1829 445
638 325
321 877
959 445
1418 119
1513 1046
1002 326
1885 1969
1885 1785
1961 339
1266 1767
16 1553
45 719
15 1007
220 613
1351 1460
1870 692
1065 1256
1632 1974
351 1191
918 155
754 1523
81 523
362 1741
1228 1945
1010 1801
641 1560
1398 266
597 69
1240 1423
839 1437
492 817
