90
14520.843699
14887.667907
450 100 0.600000 4.000000 0.500000 1000
1793 1050
410 568
959 569
376 1750
320 415
588 254
1207 813
1340 1724
942 1852
103 1480
1974 876
1673 742
1593 367
1960 1844
1528 927
1883 1343
1846 1755
1083 481
333 312
689 494
663 854
1609 1211
1053 834
1280 1033
537 1256
725 304
790 600
88 539
1952 562
1343 1535
1550 804
690 1633
768 46
850 460
1620 1013
367 1360
139 805
881 799
1444 871
1347 926
1742 439
251 1062
1622 1865
1326 818
1892 1922
1249 330
998 113
1690 1527
1774 70
1821 647
277 699
232 1777
1570 1519
606 1003
1573 1969
1890 393
409 27
1188 3
245 1596
600 1393
18 1190
130 693
827 1937
1874 283
716 1101
178 76
73 1306
335 160
413 1222
1820 1421
1305 608
758 1784
1416 347
513 902
1170 648
470 697
52 1922
244 1417
345 814
1961 1462
986 275
953 1664
849 1715
193 915
71 289
1959 38
1715 1815
1445 1701
1005 1070
1399 1231
