50
9833.177892
10334.281674
250 100 0.600000 4.000000 0.500000 1000
415 627
1166 1052
547 1147
339 846
457 1612
1316 357
954 1878
91 760
146 863
960 1143
1335 729
1430 327
546 640
1661 1073
1140 720
168 988
758 1837
541 536
1840 1167
1970 1138
427 515
557 864
527 134
876 1536
204 36
1192 204
846 1720
254 1127
1802 475
659 1428
1971 1519
853 1181
1494 122
94 1536
1015 1712
984 377
825 594
948 498
823 868
1892 215
1614 52
1201 383
1569 1003
181 1355
1691 437
776 307
1283 1436
363 18
1765 1246
857 1945
