100
15736.215894
16058.094994
500 100 0.600000 4.000000 0.500000 1000
704 1143
10 404
61 635
320 288
1366 668
950 356
1529 1583
823 1932
1081 1216
1905 1237
1479 392
1029 815
1565 1827
1386 927
1100 208
93 1273
825 1774
969 1710
635 1918
203 537
1330 108
771 699
1201 561
1779 1548
1872 509
1035 466
1909 1617
1814 61
1499 266
1128 1311
127 1948
1506 924
1076 1751
999 1023
1043 610
391 369
917 872
1311 353
1507 674
1768 1260
1263 926
1302 1809
575 1323
1655 1667
386 918
1424 1547
1003 1362
1945 655
85 1046
1217 189
354 78
633 167
1989 1916
751 848
704 388
1717 1833
8 1931
898 1104
74 1748
331 1686
1796 621
299 1831
1540 83
1071 1483
1497 1084
1409 1804
570 752
904 698
1157 923
1715 1947
392 615
1447 1390
1920 269
1291 797
1998 985
1393 1082
709 79
1496 536
1901 378
177 1473
1670 1099
1620 277
323 1967
205 154
1971 830
15 1510
1990 538
1992 1338
235 947
1408 1929
1687 798
201 1129
1864 1040
491 57
788 993
934 1438
376 1200
1183 458
598 1778
229 419
