60
10990.051029
11449.861860
300 100 0.600000 4.000000 0.500000 1000
1654 1416
1607 760
1738 1617
1599 365
1157 1288
786 104
1439 595
1540 1681
658 1649
1962 1912
931 853
937 586
1658 565
1312 717
1169 1740
600 562
1691 250
50 830
1850 269
62 1118
1504 316
1371 1901
250 1619
376 1275
1948 1205
378 33
597 1324
1721 368
1557 1157
1421 814
1085 1191
112 1923
582 39
1337 359
427 151
481 288
1549 1336
245 1920
1519 1885
827 580
764 690
719 526
714 374
1635 1263
1735 827
1983 1574
970 1370
1997 1719
582 1139
807 832
1112 197
1581 1005
1665 930
199 395
356 1523
500 1634
469 1223
884 1209
882 1815
1800 1894
