75
13528.037951
13972.306814
375 100 0.600000 4.000000 0.500000 1000
1018 456
246 150
1872 1718
249 1253
391 328
817 771
840 1041
312 794
748 334
429 1698
1921 27
211 988
1084 15
1372 1725
526 58
684 908
1712 1667
1416 970
1195 1277
913 1998
770 1398
1711 1307
1346 1494
1430 681
763 1830
1014 744
1322 393
591 1409
1312 45
1154 895
25 179
1940 1370
460 1915
1609 689
1810 918
1966 452
480 1811
1453 1524
559 1727
1542 76
78 1919
1562 1692
1708 1953
1487 1408
1396 1172
1813 1385
556 194
1531 1894
531 865
939 1088
929 854
697 1248
985 1401
1072 1276
1246 614
1641 1114
95 1225
223 1787
603 685
1364 552
512 1316
1671 1843
1498 1282
48 623
833 1519
1750 390
1254 238
1893 1938
1638 1471
1021 1996
862 1266
304 561
1756 703
1577 1994
349 427
