85
14619.478989
14983.085920
425 100 0.600000 4.000000 0.500000 1000
305 390
961 1247
1293 1646
747 248
0 274
596 1138
1796 125
1605 1622
287 1046
942 548
1481 1500
331 1711
232 1870
646 814
614 1595
1582 1075
2 468
1891 1390
1719 764
1233 1835
1775 954
473 864
1039 1388
823 881
1196 1410
604 1337
722 1033
470 1797
1103 1604
1823 1955
1892 1598
573 378
172 119
326 872
286 1339
917 1574
912 1989
1317 181
1466 10
331 1464
1163 928
1408 477
7 1266
1991 958
1108 214
1750 1486
1310 1109
809 166
1571 1344
903 420
1293 591
1991 1127
805 520
1472 605
1135 827
1829 661
787 1890
69 1587
1517 825
1726 618
1090 467
1709 474
353 1171
1426 326
1206 1297
52 1114
1614 609
1574 1851
788 1627
1446 1709
1066 49
575 233
944 935
67 74
1356 724
413 138
1988 515
449 1591
1856 474
441 750
1579 938
119 348
1146 1135
89 960
409 1331
