70
12464.207559
12863.307372
350 100 0.600000 4.000000 0.500000 1000
915 473
1827 1866
1757 955
1207 103
1007 860
131 889
677 672
418 1863
194 1559
129 728
334 1742
449 202
274 377
1991 763
793 638
1246 334
1734 1161
1583 1652
33 469
911 1797
440 1608
746 56
711 1308
1291 852
1398 704
1890 518
1365 1146
1379 322
1798 44
835 1020
633 972
355 958
1526 496
1006 1103
83 1121
1611 169
407 339
234 272
1555 302
1935 1256
1414 447
1641 39
1273 1053
599 1361
729 1633
201 1810
846 254
51 1368
1077 1513
1394 187
1159 887
239 1936
1899 1111
1118 1004
1985 1562
398 50
717 1929
1501 617
1833 835
1633 1394
1859 988
489 1760
103 1947
1071 743
1598 1027
546 832
1209 1615
49 353
979 365
737 522
