65
12143.041035
12463.379918
325 100 0.600000 4.000000 0.500000 1000
1766 1733
1771 401
548 1176
1078 1415
640 1981
1072 1663
404 1031
193 1369
1055 927
440 900
1424 1270
911 1234
728 141
716 898
1934 775
1761 1943
344 1565
1179 298
290 733
1446 1712
995 484
461 1935
487 1560
1169 862
1249 1680
818 1756
1767 1190
25 1536
1170 1773
442 1460
542 1076
1403 636
544 1310
421 208
687 1252
1786 741
120 405
627 1426
1823 554
984 235
1273 113
1712 1341
403 1337
1172 1184
1319 315
1784 300
849 1880
745 352
1955 1133
428 416
1687 1043
1532 355
1994 225
1442 778
234 1160
1580 1901
1866 35
562 1631
1635 120
662 475
1127 714
1658 1234
1677 1484
1316 1582
107 636
