95
15140.273534
15467.939523
475 100 0.600000 4.000000 0.500000 1000
1512 148
1353 545
1206 1420
1670 1868
362 1373
1406 823
80 719
1584 548
446 1595
743 1487
1399 1073
700 943
604 752
569 942
83 452
992 1899
234 1351
1363 229
260 146
546 1753
1649 140
394 1726
1037 1572
1816 84
1290 1028
120 1362
1376 1325
1938 1870
1709 451
438 272
591 1358
154 1466
1245 1191
1243 1824
770 586
713 1217
1980 818
1396 1781
157 286
658 587
1686 1751
528 628
1658 1995
1945 162
1731 1510
915 1323
35 1455
168 556
1882 794
1194 348
187 1235
1432 1427
1527 1477
31 339
137 1824
1042 226
1765 1121
1114 1806
601 1565
1290 906
1546 1066
387 1087
856 1013
367 609
786 1635
380 791
1566 1383
217 1741
1878 1478
295 397
1615 902
1000 1043
808 742
679 380
635 257
1428 324
1610 249
1444 37
875 1453
1927 618
909 1815
873 1136
26 1124
547 1895
718 1814
1035 794
1392 1662
1221 1714
345 1978
919 424
796 485
1957 1705
592 18
1901 1136
692 132
