90
14812.786371
15202.842777
450 100 0.600000 4.000000 0.500000 1000
62 1175
331 1276
691 1498
0 882
1992 1371
449 1856
191 1677
647 412
1650 120
494 1395
164 1473
321 1139
1939 1771
763 1256
1809 974
518 590
1792 1463
1501 200
1733 419
1179 1642
80 546
877 1785
587 1537
1903 407
1085 1941
1956 1549
1925 117
1113 1813
750 905
1202 1375
1404 1423
1539 434
1313 310
1771 559
134 1858
1140 338
1338 1840
963 472
468 374
63 153
1358 552
804 1631
333 1408
254 781
1827 1665
636 233
322 212
1703 913
30 1628
1349 1165
908 1362
1536 1532
1698 647
1279 689
704 1681
1243 898
1894 810
362 601
17 440
992 1870
152 19
414 774
1536 722
830 1086
245 1868
1057 156
1439 913
1426 313
1875 1923
962 1052
542 857
1446 809
1241 171
1112 904
234 425
1252 27
197 1017
604 94
429 1246
1130 1160
63 1487
1625 490
565 1173
1162 692
1040 695
717 494
666 1384
894 140
953 1706
1024 1425
