80
13305.458085
13672.854329
400 100 0.600000 4.000000 0.500000 1000
1247 393
355 480
1390 312
1551 702
1539 1011
965 648
55 690
669 1451
910 1819
1108 1904
1769 1731
1512 602
1611 1816
1592 1428
1083 225
608 288
146 996
235 1265
1817 84
595 157
1575 255
814 974
1514 825
1930 1297
166 261
210 687
1333 1081
1976 1782
1273 61
896 753
229 455
1905 477
1919 1942
1800 1578
322 31
692 373
1930 152
1084 962
358 146
1461 1864
545 1375
748 893
927 1998
971 1098
575 1218
375 1206
908 124
734 614
1504 1251
658 472
24 1648
1549 1575
479 1744
800 1105
1130 351
1181 484
1167 610
123 1701
601 1816
230 1117
1433 1039
23 323
1025 1433
1195 1711
1281 1900
1721 159
448 767
1747 1935
432 1442
1223 1102
652 755
192 1521
1325 494
1378 70
1062 1753
38 793
485 885
1781 1140
951 512
1117 865
