55
11913.335044
12421.962629
275 100 0.600000 4.000000 0.500000 1000
1824 269
496 1035
123 515
1427 1052
1304 1758
1401 790
57 1363
792 1766
384 682
267 1775
269 1936
1597 1115
1258 249
1468 1530
524 1367
684 1990
856 56
1974 580
193 851
416 107
314 6
233 296
1802 1842
1208 480
75 1962
91 127
1154 1107
1895 1590
127 1058
605 500
1358 454
363 458
1504 121
1028 1407
1603 1288
1993 85
1765 1569
911 1289
1559 593
980 32
1394 585
1970 1704
307 898
1506 1816
1763 885
570 711
545 1992
1398 1274
118 1732
1170 1511
1503 18
734 1868
480 1612
1321 1871
905 731
