50
10812.692845
11309.539904
250 100 0.600000 4.000000 0.500000 1000
750 905
1918 348
1027 1747
849 232
1387 1717
687 988
70 1745
885 1195
588 1273
1990 1023
147 400
1691 831
1243 1517
1494 382
1247 722
1142 922
10 1324
629 245
173 920
920 579
15 1559
1033 1421
1172 453
1120 569
311 1279
1620 185
1976 1154
310 24
1889 624
984 420
662 794
128 1662
210 1373
49 608
1856 1881
514 377
1764 1634
320 1770
951 262
213 654
470 985
1212 1285
1456 1316
1821 1083
444 1623
394 1456
1563 501
1046 1310
1191 37
513 753
