70
12213.831179
12591.190424
350 100 0.600000 4.000000 0.500000 1000
725 631
1535 1903
1779 154
1672 1937
899 282
45 1168
603 473
1857 1934
979 1868
1638 1629
473 1262
1478 106
67 603
1953 426
1379 1656
788 1550
1037 528
543 1137
1695 1361
1502 458
1385 770
1103 1482
1718 481
1229 1132
449 1071
506 246
1365 1945
1201 1275
156 424
221 1716
181 600
1237 1659
940 1735
1511 605
1485 706
1093 635
1391 485
1603 1184
39 1549
1924 112
1200 23
1082 339
589 797
1469 1077
840 639
1667 1807
801 1810
910 1947
499 1770
365 1639
1969 1904
1489 1277
1630 121
982 344
465 802
950 697
1321 190
181 816
1441 1178
1596 833
779 728
1803 1253
291 275
2 755
54 213
634 1278
582 1004
730 58
366 1340
1613 719
