80
13575.271569
13959.159573
400 100 0.600000 4.000000 0.500000 1000
781 1167
861 1230
1787 1277
1009 691
1601 1330
1733 52
1364 411
1455 1683
740 1765
288 99
557 31
190 1436
865 144
794 931
112 973
1345 150
567 255
963 1140
1910 239
1075 779
556 521
447 372
799 540
1858 1424
467 1813
243 328
1343 1677
1823 983
1248 593
276 508
1579 916
957 1678
1235 423
261 797
703 853
449 544
1086 1714
816 1362
1276 7
1712 784
1062 205
1222 1511
1471 465
309 1059
54 129
1614 1873
1268 294
1879 51
1991 551
1459 1954
107 1097
297 1627
1293 1766
865 1953
271 1883
384 1420
366 1831
190 1971
38 662
1542 385
1457 1008
1618 1489
1010 1592
28 464
1461 625
1126 909
497 147
588 1687
624 388
1819 1535
64 1277
791 64
1658 689
439 1961
1453 835
730 1879
1645 1226
508 1171
1623 1708
1217 778
