55
10901.030886
11383.716084
275 100 0.600000 4.000000 0.500000 1000
1697 1754
1713 750
685 482
400 918
115 335
866 1534
1434 520
1855 1325
616 1034
1154 852
207 892
1920 322
119 1948
65 1242
140 1095
621 1559
765 1446
882 1851
778 754
473 1816
355 586
1340 1938
12 1677
231 1313
385 1108
646 603
1 465
1839 67
1435 343
952 1923
1136 1004
1188 1910
1051 1883
1172 1245
873 1368
651 84
159 1413
1952 507
1929 1882
1589 1988
1351 398
668 874
259 1708
1911 1684
585 1674
1343 1362
139 1727
1986 165
1153 697
1509 233
513 31
1529 1519
801 1094
920 886
1319 813
