100
15521.363261
15873.376045
500 100 0.600000 4.000000 0.500000 1000
328 1011
564 1773
599 1912
1128 106
99 998
241 455
1170 622
1312 1682
1884 980
44 1925
495 535
1450 88
1758 345
724 347
933 281
1539 1252
997 1211
96 1506
1866 363
1705 445
949 478
1650 1704
10 225
1486 242
275 1944
143 1613
391 329
1552 1148
240 746
475 1298
76 1692
662 1444
1784 149
1085 737
1034 243
1042 1094
1329 1408
892 1236
1154 1636
1230 1998
1190 15
521 1047
1407 700
1939 206
692 667
1180 1270
1365 1997
1938 1872
1869 1358
1847 1121
107 717
892 1100
427 1752
228 17
1315 276
1208 245
33 800
579 1206
883 821
1863 654
913 978
742 169
1986 1368
859 1713
308 1271
1250 723
537 812
668 1779
391 1965
333 1484
1994 812
758 1694
1277 1879
1428 1324
1374 1237
1746 726
1891 1229
25 1082
1604 1915
544 1556
160 1767
1106 323
1619 735
383 462
612 961
1401 1578
752 532
809 645
1665 1218
1016 954
32 1328
434 622
1535 505
1670 607
1561 932
850 166
1809 1695
1951 539
212 1386
1391 1019
