85
14302.787565
14661.090510
425 100 0.600000 4.000000 0.500000 1000
1221 11
626 1079
404 442
1414 624
1962 1524
1075 559
1493 1923
210 1436
854 1886
513 575
1262 1880
1226 1406
1976 845
532 1537
10 837
1592 806
999 141
1837 1650
1778 1809
146 1666
1342 1613
273 1282
1434 1838
752 1745
49 1133
84 1886
1766 149
614 347
984 874
1256 439
328 1702
303 1379
520 1235
412 1874
1400 373
143 710
1614 1626
1577 533
339 834
1394 88
1920 1003
374 49
1908 451
868 353
765 371
1094 1801
1650 349
53 1435
897 1347
912 1481
646 582
1096 703
746 1067
1741 1399
1432 1118
753 111
913 1992
1994 1291
1616 1004
1884 1145
1265 1060
275 505
1670 573
590 782
217 112
1187 248
1254 1214
144 1204
698 819
1859 1552
1975 174
1676 1779
52 1033
43 564
861 1780
314 647
1807 490
1683 1163
1148 921
264 390
1874 597
890 707
1547 383
1508 1740
819 1557
