50
10191.133331
10685.785734
250 100 0.600000 4.000000 0.500000 1000
391 1678
95 1184
978 912
301 1987
1730 1191
445 1793
1488 1317
705 593
35 693
41 266
672 128
955 1427
513 110
1236 428
1279 333
1260 1331
598 1008
880 541
885 1635
1626 1451
681 1814
1632 1655
1423 130
724 1205
766 1581
1148 631
845 42
1584 906
348 346
728 1030
925 1055
1867 934
226 741
1812 1040
1187 771
509 432
1461 608
1111 1789
228 304
824 842
1766 1804
1550 1923
1387 1982
1579 1052
1149 1934
1047 642
747 1894
634 887
1812 322
1835 157
