60
11187.962834
11621.254679
300 100 0.600000 4.000000 0.500000 1000
1207 414
1405 1680
1218 253
780 297
900 656
739 1466
1552 455
1906 86
1176 704
1257 509
469 1340
1363 517
1513 1180
622 676
1913 599
1676 1455
1693 1853
986 1017
1727 1117
40 758
1043 1839
1649 801
1150 1362
649 1912
63 656
1982 1805
1677 219
1796 1397
212 1103
302 1936
429 394
1140 1763
1089 544
1764 17
851 1248
897 1095
905 1340
1034 66
1106 1490
617 1497
8 1058
867 93
1844 916
1095 1641
419 816
1740 1230
1834 246
530 1800
1261 1132
1312 1872
1350 1536
1478 267
1602 1961
342 1402
878 216
279 708
555 1198
1811 1696
1546 1454
1930 353
