95
15145.879245
15490.931415
475 100 0.600000 4.000000 0.500000 1000
1109 378
96 323
473 542
1282 1518
332 1811
572 1866
513 1420
706 622
1989 10
1291 503
1106 1031
608 549
1459 1810
927 1668
1820 1192
1033 597
1848 159
74 98
487 834
560 1186
1788 708
255 1138
1335 1409
1902 938
1835 48
1238 339
539 91
1815 1560
629 1478
170 469
1043 1252
169 745
1103 1937
1596 639
1821 1905
998 1861
1631 1072
1477 1585
205 1249
1571 125
934 743
487 1312
619 677
49 796
1664 886
1772 479
1002 849
1781 281
603 1633
1347 1791
646 277
319 91
813 995
23 1937
864 69
1960 646
1254 884
1570 1426
1174 554
38 205
506 1075
822 1833
856 281
1486 1251
438 389
70 1535
405 1533
986 128
1119 258
1389 695
608 963
215 625
1617 497
826 568
1712 383
1933 239
1098 1528
1169 1246
1275 672
49 1363
1403 1004
1784 980
823 1583
936 965
1986 1466
169 1004
757 407
223 1705
977 1972
1747 1746
728 1790
786 148
1599 1209
296 342
271 209
