75
13023.395107
13373.974954
375 100 0.600000 4.000000 0.500000 1000
1787 267
1653 1532
19 462
174 1705
617 1993
781 236
1259 17
1823 1064
1949 728
45 614
1189 1318
1529 315
749 844
1221 1055
1379 1879
899 1783
251 1365
116 719
1276 230
488 189
237 286
988 78
1881 1751
766 1897
977 679
512 1542
1190 652
1570 601
534 1337
924 1538
205 1079
1672 180
1884 910
1816 1258
433 1313
1838 749
1136 1954
1269 553
1166 929
678 1189
1672 1359
573 1226
319 1854
657 913
1764 630
1298 1642
1586 1856
391 927
18 1877
1356 1753
1943 93
1086 1409
1843 1617
1316 734
469 1970
862 576
1570 1672
370 1759
266 432
806 118
910 1995
820 1336
1145 1207
1399 1574
1394 1451
1474 72
1371 1114
706 1801
1246 1825
1839 1399
202 1595
1825 4
452 748
1638 61
38 1118
