65
11976.910421
12361.177255
325 100 0.600000 4.000000 0.500000 1000
1676 90
22 191
736 373
1408 1321
1653 1294
761 1774
1328 1212
1132 1350
1022 453
528 1706
1277 1466
1238 600
205 1207
1851 1245
1638 1500
1424 1897
32 1142
819 694
1768 1174
368 751
359 47
1955 642
203 475
238 981
351 1009
299 1650
444 1098
192 1748
346 1789
15 669
27 490
1190 1940
1587 1835
1110 779
1507 1535
493 1254
1227 424
782 201
394 1467
1247 833
1187 216
609 179
190 56
1607 558
504 1952
1479 749
1073 952
1461 1765
1568 166
1778 1865
1738 892
1282 1832
1871 251
618 1853
1011 1375
1764 1406
1607 1129
1879 1412
1438 199
1333 768
597 1367
1977 906
257 623
897 1981
1828 1718
