90
14623.559829
14976.055219
450 100 0.600000 4.000000 0.500000 1000
291 916
29 407
609 1774
1091 1043
1455 1259
1060 1654
1832 196
971 1255
1694 35
1167 1206
245 168
1176 235
429 1153
1259 802
547 1246
1716 1994
1583 478
904 197
847 1131
446 1978
1629 1283
410 374
1300 1337
1905 1102
536 302
132 1334
566 542
780 1881
715 1988
1934 750
1844 1713
1587 26
1780 1368
1578 1665
1666 570
600 1409
1990 1745
1669 1493
1777 690
261 286
340 702
777 814
187 766
1141 472
1990 501
967 755
62 735
1164 343
1541 581
338 1558
854 1470
1432 575
1644 783
1751 493
545 1097
355 1064
1495 105
71 1893
77 988
1589 919
1339 28
1548 1389
1055 1436
720 1556
1997 237
1926 127
807 1739
1365 1124
546 1893
123 1444
133 1546
1282 452
1604 341
17 1634
1747 249
1767 823
819 379
1974 1265
1412 1737
1078 1315
736 1157
439 149
662 646
1015 914
1728 1837
1053 1869
309 606
1111 65
604 413
1339 1585
