2 21 38 36 35 37 14 10 42 13 48 18 19 30 44 28 39 40 32 11 5 41 25 45 22 47 24 20 0 17 12 3 8 7 15 27 43 33 4 29 23 26 16 49 6 34 46 1 9 31 
27 15 8 7 3 0 20 17 12 21 2 31 9 1 10 14 38 36 37 35 45 22 47 24 25 41 5 11 32 40 39 28 44 42 13 48 18 19 30 46 34 6 49 16 26 23 29 4 33 43 
38 36 37 35 45 22 47 24 17 20 0 12 21 3 8 7 15 27 43 33 4 29 23 26 16 49 6 34 46 48 18 19 30 13 42 10 41 25 5 11 32 40 39 28 44 14 1 9 31 2 
28 44 39 40 32 11 5 41 25 35 37 36 45 22 47 24 20 17 12 0 3 8 7 15 27 43 33 4 29 23 26 16 49 6 34 46 1 9 31 2 21 38 14 10 42 13 18 19 30 48 
10 14 37 35 45 22 47 24 20 17 12 0 3 8 7 15 27 43 33 4 29 23 26 16 49 6 34 46 48 18 19 30 13 42 1 9 31 2 21 38 36 41 5 11 25 32 40 39 28 44 
31 9 1 14 10 41 25 5 11 32 40 39 28 44 42 13 48 18 19 30 46 34 26 16 49 6 23 29 4 33 43 27 15 8 7 3 21 38 36 37 35 45 22 47 24 17 20 0 12 2 
43 27 15 8 7 3 21 36 37 35 45 22 47 24 20 0 12 17 38 2 31 9 1 14 10 41 25 5 11 32 40 39 44 28 42 13 48 18 19 30 46 34 6 49 16 26 23 29 4 33 
44 28 39 40 32 11 5 41 25 35 37 36 45 22 47 24 20 0 12 17 21 3 8 7 15 27 43 33 4 29 23 26 16 49 6 34 46 1 9 31 2 38 14 10 42 13 48 18 19 30 
39 28 44 11 5 41 25 45 22 47 24 20 0 12 17 3 8 7 15 27 43 33 4 29 23 26 16 49 6 34 46 48 18 19 30 13 42 10 14 1 9 31 2 21 38 36 37 35 32 40 
35 37 36 45 22 47 24 20 17 12 0 3 8 7 15 27 43 33 4 29 2 21 38 1 9 31 23 26 16 49 6 34 46 48 18 19 30 13 42 10 14 25 32 40 39 28 44 11 5 41 
41 5 11 32 40 39 28 44 10 14 42 13 48 18 19 30 46 34 6 49 16 26 23 29 4 33 43 27 15 8 7 3 0 20 17 12 21 2 31 9 1 38 36 37 35 45 22 47 24 25 
30 19 18 48 13 42 10 14 1 9 31 38 12 0 20 17 36 37 35 41 5 11 44 28 39 40 32 25 45 22 47 24 7 15 8 3 21 2 27 43 33 4 29 23 26 16 49 6 34 46 
14 10 44 28 39 40 32 11 5 41 25 45 22 47 24 20 17 12 0 3 8 7 15 27 43 33 4 29 23 26 16 49 6 34 46 48 18 19 30 13 42 1 9 31 2 21 38 36 37 35 
10 42 13 18 48 19 30 46 34 6 49 16 26 23 29 4 33 43 27 15 8 7 3 0 12 17 20 22 47 24 45 35 37 36 38 21 2 31 9 1 14 41 25 32 40 39 28 44 11 5 
25 35 37 36 45 22 47 24 20 17 12 0 21 3 8 7 15 27 43 33 4 29 23 26 16 49 6 34 46 1 9 31 2 38 14 10 42 13 48 18 19 30 44 28 39 40 32 11 5 41 
28 44 11 5 41 35 45 22 47 24 20 17 12 0 3 7 8 15 27 43 33 4 29 23 26 16 49 6 34 46 30 48 18 19 13 42 1 9 31 2 21 38 36 37 14 10 25 32 40 39 
1 9 31 2 38 21 3 0 20 17 12 36 41 25 5 11 32 40 39 44 28 42 13 48 18 19 30 46 34 26 16 49 6 23 29 4 33 43 27 15 8 7 24 47 22 45 35 37 14 10 
39 40 32 11 5 41 25 35 37 36 45 22 47 24 20 17 12 0 3 8 7 15 27 43 33 4 29 23 26 34 6 49 16 46 1 9 31 2 21 38 14 10 42 13 18 19 30 48 28 44 
31 9 1 14 10 25 41 5 11 32 40 39 28 44 42 13 48 18 19 30 46 34 6 49 16 26 23 29 2 21 38 36 37 35 45 22 47 24 20 17 12 0 3 8 7 15 27 43 33 4 
11 5 41 25 35 37 36 45 22 47 24 20 0 17 12 21 3 15 8 7 27 43 33 4 29 23 26 16 49 6 34 46 1 9 31 2 38 14 10 42 13 48 18 19 30 28 44 39 40 32 
5 25 41 35 37 36 45 22 47 24 20 17 12 0 3 7 8 15 27 43 33 4 29 2 21 38 9 31 23 26 16 49 6 34 46 1 14 10 42 13 48 18 19 30 28 44 39 40 32 11 
27 15 8 7 3 21 12 17 20 0 24 47 22 45 25 32 40 39 28 44 11 5 41 35 37 36 38 2 31 9 1 14 10 42 13 18 19 48 30 46 34 6 49 16 26 23 29 4 43 33 
25 41 35 37 36 45 22 47 24 20 0 12 17 3 8 7 15 27 43 33 4 29 23 26 16 49 6 34 46 1 9 31 2 21 38 14 10 42 13 48 30 19 18 44 28 39 40 32 11 5 
31 9 1 14 10 42 13 18 19 30 48 46 34 6 49 16 26 23 29 4 33 43 27 15 8 7 3 21 38 36 37 35 41 5 11 44 28 39 40 32 25 45 22 47 24 20 0 12 17 2 
35 37 14 10 41 5 11 32 40 39 28 44 25 45 22 47 24 20 0 17 12 21 3 8 7 15 27 43 33 4 29 23 26 16 49 6 34 46 30 19 18 48 13 42 1 9 31 2 38 36 
1 9 31 2 38 21 3 0 20 17 12 36 37 35 25 41 5 11 32 40 39 28 44 10 14 45 22 47 24 7 8 15 27 43 33 4 29 23 26 16 49 6 34 46 48 18 19 30 13 42 
14 10 41 5 11 44 28 39 40 32 25 35 37 36 45 22 47 24 0 12 17 20 3 8 7 15 27 43 33 4 29 23 26 16 49 6 34 46 48 18 19 30 13 42 1 9 31 2 21 38 
34 6 49 16 26 23 29 4 33 43 27 15 8 7 3 21 38 36 37 35 41 5 11 32 40 39 28 44 10 14 25 45 22 47 24 20 17 12 0 2 31 9 1 42 13 18 48 19 30 46 
45 22 47 24 20 0 12 17 36 38 9 31 2 21 3 7 8 15 27 43 33 4 29 23 26 16 49 6 34 46 30 48 18 19 13 42 1 14 10 41 5 11 32 40 39 28 44 25 35 37 
2 31 9 1 14 10 42 13 48 18 19 30 46 34 6 49 16 26 23 29 4 33 43 27 15 8 7 3 21 36 37 35 41 5 11 44 28 39 40 32 25 45 22 47 24 20 0 12 17 38 
34 6 49 16 26 23 29 4 33 43 27 15 8 7 24 47 22 45 35 37 36 25 41 5 11 32 40 39 44 28 10 14 38 21 12 17 20 0 3 2 31 9 1 42 13 48 18 19 30 46 
4 29 23 26 16 49 6 34 46 1 9 31 2 21 3 0 20 17 12 38 14 10 42 13 18 48 30 19 28 44 39 40 32 11 5 41 25 35 37 36 45 22 47 24 7 8 15 27 43 33 
13 42 10 14 36 37 35 41 5 11 32 40 39 28 44 25 45 22 47 24 7 8 15 27 43 33 4 29 31 9 1 38 21 12 17 20 0 3 2 23 26 16 49 6 34 46 30 48 18 19 
41 5 11 32 40 39 28 44 10 14 38 36 37 35 45 22 47 24 7 8 15 27 43 33 4 29 23 26 16 49 6 34 46 30 48 18 19 13 42 1 9 31 2 21 3 0 20 17 12 25 
28 44 39 40 32 11 5 41 25 35 37 36 45 22 47 24 20 0 17 12 21 3 8 7 15 27 43 33 4 29 23 26 16 49 6 34 46 1 9 31 2 38 14 10 42 13 48 18 19 30 
48 18 19 13 42 10 14 1 9 31 2 21 38 36 37 35 41 5 11 32 40 39 44 28 25 45 22 47 24 20 0 12 17 3 8 7 15 27 43 33 4 29 23 26 16 49 6 34 46 30 
45 22 47 24 20 12 17 0 21 3 8 7 15 27 43 33 4 29 23 26 16 49 6 34 46 48 18 19 30 13 42 10 14 1 9 31 2 38 36 37 35 41 5 11 44 28 39 40 32 25 
7 8 15 27 43 33 4 29 23 26 16 49 6 34 46 42 13 48 18 19 30 28 44 39 40 32 11 5 41 25 35 37 36 45 22 47 24 20 17 12 0 21 38 14 10 1 9 31 2 3 
25 11 5 41 35 37 36 45 22 47 24 20 0 12 17 3 8 7 15 27 43 33 4 29 23 26 16 49 6 34 46 1 9 31 2 21 38 14 10 42 13 48 18 19 30 28 44 39 40 32 
18 19 48 13 42 10 14 1 9 31 2 38 36 37 35 41 5 11 32 40 39 28 44 25 45 22 47 24 20 0 12 17 21 3 8 7 15 27 43 33 4 29 23 26 16 49 6 34 46 30 
18 19 48 13 42 10 14 1 9 31 2 38 36 37 35 41 5 11 32 40 39 28 44 25 45 22 47 24 20 0 12 17 21 3 8 7 15 27 43 33 4 29 23 26 16 49 6 34 46 30 
12 17 20 0 3 8 7 24 47 22 45 35 37 36 38 31 9 1 14 10 11 5 41 25 32 40 39 28 44 42 13 48 18 19 30 46 34 6 49 16 26 23 29 4 33 43 27 15 2 21 
30 19 18 48 13 42 1 9 31 2 21 38 36 37 35 14 10 41 25 5 11 44 28 39 40 32 45 22 47 24 20 0 12 17 3 8 7 15 27 43 33 4 29 23 26 16 49 6 34 46 
20 17 12 0 3 8 7 15 27 43 33 4 29 23 26 16 49 6 34 46 1 9 31 2 21 38 36 37 35 25 41 5 11 32 40 39 28 44 42 13 48 18 19 30 10 14 45 22 47 24 
19 18 48 13 42 1 9 31 2 21 12 17 20 0 3 38 36 37 35 41 5 11 32 40 39 28 44 10 14 25 45 22 47 24 7 8 15 27 43 33 4 29 23 26 16 49 6 34 46 30 
25 41 5 11 32 40 39 28 44 10 14 1 42 13 48 18 19 30 46 34 6 49 16 26 23 29 4 33 43 27 15 8 7 3 21 2 31 9 38 36 37 35 45 22 47 24 20 0 12 17 
30 48 18 19 13 42 10 14 1 9 31 2 21 38 36 37 35 41 5 11 32 40 39 28 44 25 45 22 47 24 20 17 12 0 3 8 7 15 27 43 33 4 29 23 26 16 49 6 34 46 
33 43 27 15 8 7 3 0 20 17 12 36 37 35 41 5 11 44 28 39 40 32 25 45 22 47 24 38 21 2 31 9 1 14 10 42 13 48 18 19 30 46 34 6 49 16 26 23 29 4 
44 28 39 40 32 11 5 41 25 35 37 36 45 22 47 24 20 0 12 17 3 8 7 15 27 43 33 4 29 23 26 16 49 6 34 46 1 9 31 2 21 38 14 10 42 13 18 48 30 19 
12 17 20 0 3 21 2 31 9 1 42 13 18 19 48 30 46 34 6 49 16 26 23 29 4 33 43 27 15 8 7 24 47 22 45 35 37 36 25 41 5 11 32 40 39 28 44 10 14 38 
30 19 48 18 13 42 10 14 1 9 31 2 21 38 36 37 35 41 5 11 32 40 39 28 44 25 45 22 47 24 20 0 12 17 3 8 7 15 27 43 33 4 29 23 26 16 49 6 34 46 
20 17 12 0 3 8 7 15 27 43 33 4 29 23 26 16 49 6 34 46 42 13 18 19 48 30 1 9 31 2 21 38 36 37 35 25 41 5 11 32 40 39 28 44 10 14 45 22 47 24 
19 18 48 13 42 10 14 1 9 31 2 0 20 17 12 24 47 22 45 35 41 5 32 40 39 28 44 11 25 37 36 38 21 3 8 7 15 27 43 33 4 29 23 26 16 49 6 34 46 30 
0 20 17 12 21 38 2 31 9 1 14 10 42 13 48 18 19 30 46 34 6 49 16 26 23 29 4 33 43 27 15 8 7 3 36 37 35 41 5 11 32 40 39 28 44 25 45 22 47 24 
36 37 35 45 22 47 24 20 0 12 17 3 8 7 15 27 43 33 4 29 23 26 16 49 6 34 46 30 19 18 48 13 42 10 14 25 41 5 11 32 40 39 28 44 1 9 31 2 21 38 
44 28 39 40 32 11 5 41 25 35 37 36 45 22 47 24 20 17 12 0 3 8 7 15 27 43 33 4 29 23 26 16 49 6 34 46 1 9 31 2 21 38 14 10 42 13 48 18 19 30 
40 32 11 5 41 35 45 22 47 24 20 17 12 0 3 8 7 15 27 43 33 4 29 23 26 16 49 6 34 46 1 9 31 2 21 38 36 37 25 14 10 42 13 18 48 30 19 44 28 39 
31 9 1 14 10 25 41 5 11 32 40 39 28 44 42 13 48 18 19 30 46 34 6 49 16 26 23 29 4 33 43 27 15 3 8 7 0 12 17 20 22 47 24 45 35 37 36 38 21 2 
17 20 0 12 21 38 36 37 35 25 5 11 32 40 39 28 44 42 13 48 18 19 30 46 34 26 16 49 6 23 29 4 33 43 27 15 8 7 3 2 31 9 1 14 10 41 45 22 47 24 
30 19 18 48 13 42 10 14 1 9 31 38 36 37 35 41 5 11 32 40 39 28 44 25 45 22 47 24 0 20 17 12 21 3 8 7 15 27 43 33 4 29 2 23 26 16 49 6 34 46 
25 5 11 32 40 39 28 44 42 13 48 18 19 30 46 34 26 16 49 6 23 29 4 33 43 27 15 8 7 3 21 38 36 37 35 45 22 47 24 20 17 12 0 2 31 9 1 14 10 41 
5 11 32 40 39 44 28 42 13 18 19 48 30 46 34 6 49 16 26 23 29 4 33 43 27 15 8 7 3 0 20 17 12 21 2 31 9 1 10 14 38 36 37 35 45 22 47 24 25 41 
40 32 11 5 41 25 35 37 36 45 22 47 24 20 17 12 0 3 7 8 15 27 43 33 4 29 23 26 16 49 6 34 46 1 9 31 2 21 38 14 10 42 13 48 18 19 30 28 44 39 
5 41 25 35 37 36 45 22 47 24 20 0 12 17 21 3 8 7 15 27 43 33 4 29 23 26 16 49 6 34 46 1 9 31 2 38 14 10 42 13 18 48 30 19 44 28 39 40 32 11 
23 29 4 33 43 27 15 8 7 3 0 12 17 20 22 47 24 45 35 37 36 38 21 2 31 9 1 14 10 41 5 25 11 32 40 39 28 44 42 13 48 18 19 30 46 34 26 16 49 6 
24 47 22 45 35 37 36 38 21 2 31 9 1 14 10 41 5 11 25 32 40 39 28 44 42 13 48 18 19 30 46 34 6 49 16 26 23 29 4 33 43 27 15 8 7 3 0 20 17 12 
27 15 8 7 3 21 38 36 37 35 45 22 47 24 0 12 17 20 2 31 9 1 10 14 41 25 5 11 32 40 39 28 44 42 13 48 18 19 30 46 34 6 49 16 26 23 29 4 33 43 
40 32 11 5 41 25 35 37 36 45 22 47 24 20 17 12 0 3 8 7 15 27 43 33 4 29 23 26 16 49 6 34 46 1 9 31 2 21 38 14 10 42 13 48 18 19 30 28 44 39 
20 17 0 12 3 8 7 15 27 43 33 4 29 31 9 1 14 10 42 13 48 18 19 30 46 34 6 49 16 26 23 2 21 38 36 37 35 41 5 11 32 40 39 28 44 25 45 22 47 24 
44 28 39 40 32 11 5 41 25 35 37 36 45 22 47 24 20 0 12 17 21 3 8 7 15 27 43 33 4 29 23 26 6 49 16 34 46 1 9 31 2 38 14 10 42 13 48 18 19 30 
28 44 39 40 32 11 5 41 25 35 37 36 45 22 47 24 20 17 12 0 3 8 7 15 27 43 33 4 29 23 26 16 49 6 34 46 1 9 31 2 21 38 14 10 42 13 18 48 19 30 
28 44 39 40 32 11 5 41 25 35 37 36 45 22 47 24 20 17 12 0 3 8 7 15 27 43 33 4 29 23 26 16 49 6 34 46 1 9 31 2 21 38 14 10 42 13 18 48 19 30 
44 28 39 40 32 11 5 41 25 35 37 36 45 22 47 24 20 17 12 0 3 21 2 27 15 8 7 43 33 4 29 23 26 16 49 6 34 46 1 9 31 38 14 10 42 13 48 18 19 30 
46 34 6 49 16 26 23 29 4 33 43 27 15 8 7 3 0 20 17 12 36 37 35 45 22 47 24 25 41 5 11 32 40 39 28 44 10 14 38 21 2 31 9 1 42 13 48 18 19 30 
9 31 2 21 3 8 7 15 27 43 33 4 29 23 26 16 49 6 34 46 30 19 18 48 13 42 10 14 37 35 41 5 11 32 40 39 28 44 25 45 22 47 24 20 0 12 17 36 38 1 
28 44 39 40 32 11 5 41 25 35 37 36 45 22 47 24 17 20 0 12 21 3 8 7 15 27 43 33 4 29 23 26 16 49 6 34 46 1 9 31 2 38 14 10 42 13 48 18 19 30 
40 32 11 5 41 25 35 37 36 45 22 47 24 12 17 20 0 3 8 7 15 27 43 33 4 29 23 26 16 49 6 34 46 13 42 48 18 19 30 1 9 31 2 21 38 14 10 44 28 39 
11 5 41 25 35 37 36 45 22 47 24 20 17 12 0 15 8 7 3 21 38 14 10 1 9 31 2 27 43 33 4 29 23 26 16 49 6 34 46 48 18 19 30 13 42 44 28 39 40 32 
20 17 12 0 21 38 14 10 1 9 31 2 3 8 7 15 27 43 33 4 29 23 26 16 49 6 34 46 48 18 19 30 13 42 44 28 39 40 32 11 5 41 25 35 37 36 45 22 47 24 
47 24 22 45 37 35 41 25 5 11 32 40 39 28 44 10 14 38 36 12 17 20 0 3 21 2 31 9 1 42 13 48 18 19 30 46 34 6 49 16 26 23 29 4 33 43 27 15 8 7 
41 25 5 11 32 40 39 28 44 10 14 1 9 31 2 21 38 36 37 35 45 22 47 24 20 17 12 0 3 7 8 15 27 43 33 4 29 23 26 16 49 6 34 46 13 48 18 19 30 42 
23 34 6 49 16 26 29 4 33 43 27 15 8 7 3 21 38 36 37 35 45 22 47 24 20 17 12 0 2 31 9 1 14 10 11 5 41 25 32 40 39 28 44 42 13 18 19 48 30 46 
31 9 1 42 13 48 18 19 30 46 34 6 49 16 26 23 29 4 33 43 27 15 8 7 3 21 12 17 20 0 36 37 35 45 22 47 24 25 41 5 11 32 40 39 28 44 10 14 38 2 
35 37 36 45 22 47 24 20 17 12 0 3 8 7 15 27 43 33 4 29 2 21 38 14 10 1 9 31 23 26 16 49 6 34 46 48 18 19 30 13 42 28 44 39 40 32 11 5 41 25 
40 32 11 5 41 25 35 37 36 45 22 47 24 20 17 12 0 3 8 7 15 27 43 33 4 29 23 26 34 6 49 16 46 42 13 48 18 19 30 1 9 31 2 21 38 14 10 44 28 39 
15 8 7 3 0 12 17 20 22 47 24 45 35 37 36 38 21 2 31 9 1 10 14 41 5 11 25 32 40 39 28 44 42 13 18 48 19 30 46 34 6 49 16 26 23 29 4 33 43 27 
12 17 20 0 3 21 2 31 9 1 38 36 37 35 25 41 5 11 32 40 39 28 44 10 14 42 13 18 48 19 30 46 34 6 49 16 26 23 29 4 33 43 27 15 8 7 24 47 22 45 
47 24 22 45 35 37 36 38 21 2 31 9 1 14 10 11 5 41 25 32 40 39 44 28 42 13 18 19 48 30 46 34 6 49 16 26 23 29 4 33 43 27 15 8 7 3 0 12 17 20 
47 24 22 45 35 37 36 38 21 2 31 9 1 14 10 11 5 41 25 32 40 39 44 28 42 13 18 19 48 30 46 34 6 49 16 26 23 29 4 33 43 27 15 8 7 3 0 12 17 20 
22 47 24 20 0 12 17 3 8 7 15 27 43 33 4 29 23 26 16 49 6 34 46 1 9 31 2 21 38 14 10 42 13 18 19 30 48 44 28 39 40 32 11 5 41 25 35 37 36 45 
19 18 48 13 42 10 14 1 9 31 2 21 38 36 37 35 41 5 11 32 40 39 28 44 25 45 22 47 24 20 0 12 17 3 8 7 15 27 43 33 4 29 23 26 16 49 6 34 46 30 
11 5 41 25 37 35 45 22 47 24 20 0 12 17 36 38 14 10 1 9 31 2 21 3 8 7 15 27 43 33 4 29 23 26 16 49 6 34 46 30 48 18 19 13 42 28 44 39 40 32 
18 48 13 42 10 14 41 5 11 32 40 39 28 44 25 35 37 36 45 22 47 24 17 20 0 12 21 38 1 9 31 2 3 8 7 15 27 43 33 4 29 23 26 16 49 6 34 46 30 19 
40 32 11 5 41 25 35 37 36 12 17 20 0 3 21 2 31 9 1 42 13 48 18 19 30 46 34 6 49 16 26 23 29 4 33 43 27 15 8 7 24 47 22 45 38 14 10 44 28 39 
40 32 11 5 41 25 35 37 36 45 22 47 24 20 17 12 0 3 8 7 15 27 43 33 4 29 23 26 16 49 6 34 46 1 9 31 2 21 38 14 10 42 13 48 18 19 30 28 44 39 
11 5 41 35 45 22 47 24 20 17 12 0 3 8 7 15 27 43 33 4 29 23 26 16 49 6 34 46 1 9 31 2 21 38 36 37 14 10 42 13 18 19 48 30 44 28 39 40 32 25 
44 28 39 40 32 11 5 41 25 35 37 36 45 22 47 24 20 17 12 0 3 8 7 15 27 43 33 4 29 23 26 16 49 6 34 46 30 48 18 19 13 42 1 38 9 31 2 21 14 10 
44 28 39 40 32 11 5 41 25 35 45 22 47 24 7 15 8 3 0 20 17 12 21 2 27 43 33 4 29 23 26 16 49 6 34 46 1 9 31 38 36 37 14 10 42 13 18 48 30 19 
44 28 39 40 32 11 5 41 25 35 37 36 38 21 2 31 9 1 14 10 42 13 18 48 19 30 46 34 6 49 16 26 23 29 4 33 43 27 15 8 7 3 0 12 17 20 22 47 24 45 
44 28 39 40 32 11 5 41 25 35 45 22 47 24 20 17 12 0 3 8 7 15 27 43 33 4 29 23 26 16 49 6 34 46 1 9 31 2 21 38 36 37 14 10 42 13 48 18 19 30 
