32 10 2 13 33 11 19 6 7 21 29 12 8 27 0 20 5 15 26 31 16 3 24 30 28 17 18 22 14 34 4 9 25 23 1 
4 25 9 18 17 23 1 32 10 2 13 33 11 19 6 7 21 29 12 8 27 20 5 15 26 0 31 16 3 24 30 28 22 14 34 
1 32 10 2 13 33 11 19 6 7 21 29 12 8 27 20 5 15 26 0 31 16 3 28 30 24 23 17 18 22 14 34 4 9 25 
1 32 10 2 13 33 11 19 6 7 21 29 12 8 27 20 5 15 26 0 31 16 3 28 30 24 23 17 18 22 14 34 4 9 25 
22 18 17 23 1 32 10 2 13 33 11 19 6 7 21 29 12 8 27 20 5 15 26 0 31 16 3 24 30 28 9 25 4 34 14 
34 14 22 18 17 30 24 23 1 32 10 2 13 33 11 19 6 7 21 29 12 8 27 20 5 15 26 0 31 16 3 28 9 25 4 
18 17 30 24 23 1 32 10 2 13 33 11 19 6 7 21 29 12 8 27 20 5 15 26 0 31 16 3 28 22 14 34 4 25 9 
22 14 34 9 25 4 17 23 1 32 10 2 13 33 11 19 6 7 21 29 12 8 27 20 5 15 26 0 31 16 3 24 30 28 18 
4 25 9 18 17 30 24 23 1 32 10 2 13 33 11 19 6 7 21 29 12 8 27 20 5 15 26 0 31 16 3 28 22 14 34 
18 17 23 1 32 10 2 13 33 11 19 6 7 21 29 12 8 27 20 5 15 26 0 31 16 3 24 30 28 9 25 4 34 14 22 
31 16 3 24 30 28 9 25 4 34 14 22 18 17 23 1 32 10 2 13 33 11 19 6 7 21 29 12 8 27 20 5 15 26 0 
22 14 34 4 9 25 17 30 24 23 1 32 10 2 13 33 11 19 6 7 21 29 12 8 27 20 5 15 26 0 31 16 3 28 18 
22 14 34 4 9 25 17 30 24 23 1 32 10 2 13 33 11 19 6 7 21 29 12 8 27 20 5 15 26 0 31 16 3 28 18 
34 14 22 9 18 17 23 1 32 10 2 13 33 11 19 6 7 21 29 12 8 27 20 5 15 26 0 31 16 3 24 30 28 25 4 
23 1 32 10 2 13 33 11 19 6 7 21 29 12 8 27 20 5 15 26 0 31 16 3 24 30 28 18 25 9 4 34 14 22 17 
9 4 25 17 30 24 23 1 32 10 2 13 33 11 19 6 7 21 29 12 8 27 20 5 15 26 0 31 16 3 28 18 22 14 34 
34 14 22 9 25 17 30 24 23 1 32 10 2 13 33 11 19 6 7 21 29 12 8 27 20 5 15 26 0 31 16 3 28 18 4 
4 25 9 18 17 23 1 32 10 2 13 33 11 19 6 7 21 29 12 8 27 20 5 15 26 0 31 16 3 24 30 28 22 14 34 
17 30 24 23 1 32 10 2 13 33 11 19 6 7 21 29 12 8 27 20 5 15 0 26 31 16 3 28 18 9 22 14 34 4 25 
9 25 4 34 14 22 18 17 23 1 32 10 2 13 33 11 19 6 7 21 29 12 8 27 20 5 15 26 0 31 16 3 24 30 28 
9 25 4 34 14 22 18 17 23 1 32 10 2 13 33 11 19 6 7 21 29 12 8 27 20 5 15 26 0 31 16 3 24 30 28 
24 30 17 18 22 14 34 9 25 4 23 1 32 10 2 13 33 11 19 6 7 21 29 12 8 27 20 5 15 26 0 31 16 3 28 
18 22 14 34 4 25 9 1 32 10 2 13 33 11 19 6 7 21 29 12 8 27 20 5 15 26 0 31 3 16 28 30 24 23 17 
9 25 4 17 23 1 32 10 2 13 33 11 19 6 7 21 29 12 8 27 20 5 15 26 0 31 16 3 24 30 28 18 22 14 34 
18 17 23 1 32 10 2 13 33 11 19 6 7 21 29 12 8 27 20 5 15 26 0 31 16 3 24 30 28 25 9 4 34 14 22 
22 14 34 4 25 9 18 17 23 1 32 10 2 13 33 11 19 6 7 21 29 12 8 27 20 5 15 26 0 31 16 3 24 30 28 
22 14 34 4 25 9 18 17 23 1 32 10 2 13 33 11 19 6 7 21 29 12 8 27 20 5 15 26 0 31 16 3 24 30 28 
14 34 4 25 9 18 17 23 1 32 10 2 13 33 11 19 6 7 21 29 12 8 27 20 5 15 26 0 31 16 3 24 30 28 22 
34 14 22 18 17 23 1 32 10 2 13 33 11 19 6 7 21 29 12 8 27 20 5 15 26 0 31 16 3 24 30 28 25 4 9 
34 14 22 18 17 23 1 32 10 2 13 33 11 19 6 7 21 29 12 8 27 20 5 15 26 0 31 16 3 24 30 28 25 4 9 
13 33 11 19 6 7 21 29 12 8 27 20 5 15 26 0 31 16 3 24 30 28 9 25 4 34 14 22 18 17 23 1 32 10 2 
9 25 4 34 14 22 18 17 23 1 32 10 2 13 33 11 19 7 6 21 29 12 8 27 20 5 15 26 0 31 16 3 24 30 28 
22 14 34 4 25 9 18 17 23 1 32 10 2 13 33 11 19 6 7 21 29 12 8 27 20 5 15 26 0 31 16 3 24 30 28 
11 33 13 2 10 32 1 23 24 3 5 20 27 0 26 15 31 16 28 30 17 18 25 4 9 22 14 34 7 6 19 29 21 12 8 
22 14 34 4 25 9 18 17 23 1 32 10 2 13 33 11 19 6 7 21 29 12 8 27 20 5 15 26 0 31 16 3 24 30 28 
17 30 24 23 1 32 10 2 13 33 11 19 6 7 21 29 12 8 27 20 5 15 26 0 31 16 3 28 18 9 25 4 34 14 22 
25 4 34 14 22 9 18 17 23 1 32 10 2 13 33 11 19 6 7 21 29 12 8 27 20 5 15 26 0 31 16 3 24 30 28 
12 8 27 20 5 15 26 0 31 16 3 24 30 28 18 9 25 4 34 14 22 17 23 1 32 10 2 13 33 11 19 6 7 21 29 
14 34 4 9 25 18 17 23 1 32 10 2 13 33 11 19 6 7 21 29 12 8 27 20 5 15 26 0 31 16 3 24 30 28 22 
14 34 4 9 25 18 17 23 1 32 10 2 13 33 11 19 6 7 21 29 12 8 27 20 5 15 26 0 31 16 3 24 30 28 22 
16 3 24 30 28 17 18 9 25 4 34 14 22 23 1 32 10 2 13 33 11 19 6 7 21 29 12 8 27 20 5 15 26 0 31 
16 3 24 30 28 17 18 9 25 4 34 14 22 23 1 32 10 2 13 33 11 19 6 7 21 29 12 8 27 20 5 15 26 0 31 
7 6 19 11 33 13 2 10 32 1 23 17 18 9 25 4 34 14 22 28 30 24 3 16 31 15 26 0 20 5 27 8 12 29 21 
22 14 34 9 25 4 17 30 24 23 1 32 10 2 13 33 11 19 6 7 21 29 12 8 27 20 5 15 26 0 31 16 3 28 18 
22 14 34 4 25 9 18 17 23 1 32 10 2 13 33 11 19 6 7 21 29 12 8 27 20 5 15 26 0 31 16 3 24 30 28 
18 17 23 1 32 10 2 13 33 11 19 6 7 21 29 12 8 27 20 5 15 26 0 31 16 3 24 30 28 25 9 4 34 14 22 
18 17 23 1 32 10 2 13 33 11 19 6 7 21 29 12 8 27 20 5 15 26 0 31 16 3 24 30 28 25 9 4 34 14 22 
6 7 21 29 12 8 27 20 5 15 26 0 31 16 3 24 30 28 25 4 34 14 22 9 18 17 23 1 32 10 2 13 33 11 19 
22 14 34 4 25 9 18 17 23 1 32 10 2 13 33 11 19 6 7 21 29 12 8 27 20 5 15 26 0 31 16 3 24 30 28 
22 14 34 4 25 9 18 17 23 1 32 10 2 13 33 11 19 6 7 21 29 12 8 27 20 5 15 26 0 31 16 3 24 30 28 
33 11 19 6 7 21 29 12 8 27 20 5 15 26 0 31 16 3 24 30 28 17 18 9 25 4 34 14 22 23 1 32 10 2 13 
28 17 18 9 25 4 34 14 22 23 1 32 10 2 13 33 11 19 6 7 21 29 12 8 27 20 5 15 26 0 31 16 3 24 30 
4 25 9 18 17 23 1 32 10 2 13 33 11 19 6 7 21 29 12 8 27 20 5 15 26 0 31 16 3 24 30 28 22 14 34 
4 25 9 18 17 23 1 32 10 2 13 33 11 19 6 7 21 29 12 8 27 20 5 15 26 0 31 16 3 24 30 28 22 14 34 
29 21 6 7 34 14 22 9 25 4 18 17 30 24 3 5 20 27 0 26 15 31 16 28 23 1 32 10 2 13 33 11 19 8 12 
25 9 4 34 14 22 18 17 23 1 32 10 2 13 33 11 19 6 7 21 29 12 8 27 20 5 15 26 0 31 16 3 24 30 28 
19 11 33 13 2 10 32 1 23 24 30 28 16 31 15 26 0 27 20 5 3 17 18 25 4 9 22 14 34 7 6 21 29 12 8 
9 25 4 34 14 22 18 17 23 1 32 10 2 13 33 11 19 6 7 21 29 12 8 27 20 5 15 26 0 31 16 3 24 30 28 
22 14 34 4 25 9 18 17 23 1 32 10 2 13 33 11 19 6 7 21 29 12 8 27 20 5 15 26 0 31 16 3 24 30 28 
22 14 34 4 25 9 18 17 23 1 32 10 2 13 33 11 19 6 7 21 29 12 8 27 20 5 15 26 0 31 16 3 24 30 28 
22 14 34 4 25 9 17 30 24 23 1 32 10 2 13 33 11 19 6 7 21 29 12 8 27 20 5 15 26 0 31 16 3 28 18 
9 25 4 34 14 22 18 17 30 24 23 1 32 10 2 13 33 11 19 6 7 21 29 12 8 27 20 5 15 26 0 31 16 3 28 
4 25 9 18 17 30 24 23 1 32 10 2 13 33 11 19 6 7 21 29 12 8 27 20 5 15 26 0 31 16 3 28 22 14 34 
14 34 4 25 9 18 17 30 24 23 1 32 10 2 13 33 11 19 6 7 21 29 12 8 27 20 5 15 26 0 31 16 3 28 22 
24 30 17 18 9 22 14 34 4 25 23 1 32 10 2 13 33 11 19 6 7 21 29 12 8 27 20 5 15 26 0 31 16 3 28 
9 25 4 34 14 22 17 30 24 23 1 32 10 2 13 33 11 19 6 7 21 29 12 8 27 20 5 15 26 0 31 16 3 28 18 
9 25 4 34 14 22 18 17 30 24 23 1 32 10 2 13 33 11 19 6 7 21 29 12 8 27 20 5 15 26 0 31 16 3 28 
9 25 4 34 14 22 18 17 30 24 23 1 32 10 2 13 33 11 19 6 7 21 29 12 8 27 20 5 15 26 0 31 16 3 28 
22 14 34 4 25 9 18 17 23 1 32 10 2 13 33 11 19 6 7 21 29 12 8 27 20 5 15 26 0 31 16 3 24 30 28 
22 14 34 4 25 9 18 17 23 1 32 10 2 13 33 11 19 6 7 21 29 12 8 27 20 5 15 26 0 31 16 3 24 30 28 
3 24 30 28 18 9 25 4 34 14 22 17 23 1 32 10 2 13 33 11 19 6 7 21 29 12 8 27 20 5 15 26 0 31 16 
3 24 30 28 18 9 25 4 34 14 22 17 23 1 32 10 2 13 33 11 19 6 7 21 29 12 8 27 20 5 15 26 0 31 16 
9 25 4 34 14 22 18 17 23 1 32 10 2 13 33 11 19 6 7 21 29 12 8 27 20 5 15 26 0 31 16 3 24 30 28 
17 18 9 25 4 34 14 22 23 1 32 10 2 13 33 11 19 6 7 21 29 12 8 27 20 5 15 26 0 31 16 3 24 30 28 
22 14 34 4 9 25 17 23 1 32 10 2 13 33 11 19 6 7 21 29 12 8 27 20 5 15 26 0 31 16 3 24 30 28 18 
9 25 4 34 14 22 18 17 23 1 32 10 2 13 33 11 19 6 7 21 29 12 8 27 20 5 15 26 0 31 16 3 24 30 28 
9 25 4 34 14 22 18 17 30 24 23 1 32 10 2 13 33 11 19 6 7 21 29 12 8 27 20 5 15 26 0 31 16 3 28 
22 14 34 4 9 25 18 17 23 1 32 10 2 13 33 11 19 6 7 21 29 12 8 27 20 5 15 26 0 31 16 3 24 30 28 
14 34 4 9 25 18 17 23 1 32 10 2 13 33 11 19 6 7 21 29 12 8 27 20 5 15 26 0 31 16 3 24 30 28 22 
22 14 34 4 25 9 18 17 23 1 32 10 2 13 33 11 19 6 7 21 29 12 8 27 20 5 15 26 0 31 16 3 24 30 28 
22 14 34 4 25 9 18 17 23 1 32 10 2 13 33 11 19 6 7 21 29 12 8 27 20 5 15 26 0 31 16 3 24 30 28 
22 14 34 4 9 25 18 17 23 1 32 10 2 13 33 11 19 6 7 21 29 12 8 27 20 5 15 26 0 31 16 3 24 30 28 
9 25 4 34 14 22 17 23 1 32 10 2 13 33 11 19 6 7 21 29 12 8 27 20 5 15 26 0 31 16 3 24 30 28 18 
9 25 4 34 14 22 17 30 24 23 1 32 10 2 13 33 11 19 6 7 21 29 12 8 27 20 5 15 26 0 31 16 3 28 18 
4 9 25 1 32 10 2 13 33 11 19 6 7 21 29 12 8 27 20 5 15 26 0 31 16 3 28 30 24 23 17 18 22 14 34 
1 32 10 2 13 33 11 19 6 7 21 29 12 8 27 20 5 15 26 0 31 16 3 28 30 24 23 17 18 25 4 9 22 14 34 
17 30 24 23 1 32 10 2 13 33 11 19 6 7 21 29 12 8 27 20 5 15 26 0 31 16 3 28 18 9 22 14 34 4 25 
19 11 33 13 2 10 32 1 23 30 24 3 5 20 27 0 26 15 31 16 28 18 17 25 4 9 22 14 34 7 6 21 29 12 8 
34 14 22 9 4 25 17 23 1 32 10 2 13 33 11 19 6 7 21 29 12 8 27 20 5 15 26 0 31 16 3 24 30 28 18 
22 14 34 4 9 25 17 30 24 23 1 32 10 2 13 33 11 19 6 7 21 29 12 8 27 20 5 15 26 0 31 16 3 28 18 
4 9 25 17 23 1 32 10 2 13 33 11 19 6 7 21 29 12 8 27 20 5 15 26 0 31 16 3 24 30 28 18 22 14 34 
18 17 30 24 23 1 32 10 2 13 33 11 19 6 7 21 29 12 8 27 20 5 15 26 0 31 16 3 28 25 4 34 14 22 9 
1 32 10 2 13 33 11 19 6 7 21 29 12 8 27 20 5 15 26 0 31 16 3 28 30 24 23 17 18 25 4 9 22 14 34 
30 24 23 17 18 25 4 9 22 14 34 7 19 6 21 29 12 8 11 33 13 2 10 32 1 3 5 20 27 0 26 15 31 16 28 
1 32 10 2 13 33 11 19 6 7 21 29 12 8 27 20 5 15 26 0 31 16 3 28 30 24 23 17 18 25 4 9 22 14 34 
9 25 4 34 14 22 18 17 23 1 32 10 2 13 33 11 19 6 7 21 29 12 8 27 20 5 15 26 0 31 16 3 24 30 28 
17 23 1 32 10 2 13 33 11 19 6 7 21 29 12 8 27 20 5 15 26 0 31 16 3 24 30 28 18 9 25 4 34 14 22 
17 23 1 32 10 2 13 33 11 19 6 7 21 29 12 8 27 20 5 15 26 0 31 16 3 24 30 28 18 9 25 4 34 14 22 
1 32 10 2 13 33 11 19 6 7 21 29 12 8 27 20 5 15 26 0 31 16 3 28 30 24 23 17 18 25 4 9 22 14 34 
30 24 23 1 32 10 2 13 33 11 19 6 7 21 29 12 8 27 20 5 15 26 0 31 16 3 28 18 9 25 4 34 14 22 17 
