7 6 9 14 19 2 3 12 16 10 0 18 1 17 15 8 5 13 11 4 
7 6 9 14 19 2 3 12 16 10 0 18 1 17 15 8 5 13 11 4 
19 2 3 12 16 10 0 4 1 18 17 15 8 5 13 11 14 9 6 7 
19 2 3 12 16 10 0 4 1 18 17 15 8 5 13 11 14 9 6 7 
19 2 3 12 16 10 0 4 1 18 17 15 8 5 13 11 14 9 6 7 
19 2 3 12 16 10 0 4 1 18 17 15 8 5 13 11 14 9 6 7 
19 2 3 12 16 10 0 4 1 18 17 15 8 5 13 11 14 9 6 7 
18 1 17 15 8 4 11 5 13 14 9 6 7 19 2 3 12 16 10 0 
18 1 17 15 8 4 11 5 13 14 9 6 7 19 2 3 12 16 10 0 
18 1 17 15 8 4 11 5 13 14 9 6 7 19 2 3 12 16 10 0 
18 1 17 15 8 4 11 5 13 14 9 6 7 19 2 3 12 16 10 0 
15 17 1 18 0 10 16 12 3 2 19 9 14 6 7 4 11 13 5 8 
9 14 19 2 3 12 16 10 0 4 1 18 17 15 8 5 13 11 6 7 
15 17 1 18 0 10 16 12 3 2 19 9 14 6 7 4 11 13 5 8 
15 17 1 18 0 10 16 12 3 2 19 9 14 6 7 4 11 13 5 8 
15 17 1 18 0 10 16 12 3 2 19 9 14 6 7 4 11 13 5 8 
6 7 9 14 19 2 3 12 16 10 0 18 1 17 15 8 5 13 11 4 
7 6 9 14 19 2 3 12 16 10 0 4 1 18 17 15 8 5 13 11 
7 6 9 14 19 2 3 12 16 10 0 4 1 18 17 15 8 5 13 11 
7 6 9 14 19 2 3 12 16 10 0 4 1 18 17 15 8 5 13 11 
7 6 9 14 19 2 3 12 16 10 0 4 1 18 17 15 8 5 13 11 
0 4 1 18 17 15 8 5 13 11 14 9 6 7 19 2 3 12 16 10 
3 2 19 9 14 6 7 0 18 1 17 15 8 5 13 11 4 10 16 12 
3 2 19 9 14 6 7 0 18 1 17 15 8 5 13 11 4 10 16 12 
3 2 19 9 14 6 7 0 18 1 17 15 8 5 13 11 4 10 16 12 
3 2 19 9 14 6 7 0 18 1 17 15 8 5 13 11 4 10 16 12 
0 1 18 17 15 8 5 13 11 4 7 6 9 14 19 2 3 12 16 10 
18 1 17 15 8 5 13 11 4 7 6 9 14 19 2 3 12 16 10 0 
0 4 1 18 17 15 8 5 13 11 14 9 19 2 3 12 16 10 7 6 
0 4 1 18 17 15 8 5 13 11 14 9 19 2 3 12 16 10 7 6 
0 4 1 18 17 15 8 5 13 11 14 9 19 2 3 12 16 10 7 6 
18 1 17 15 8 5 13 11 4 7 6 9 14 19 2 3 12 16 10 0 
7 6 9 14 19 2 3 12 16 10 0 18 1 17 15 8 5 13 11 4 
7 6 9 14 19 2 3 12 16 10 0 18 1 17 15 8 5 13 11 4 
7 6 9 14 19 2 3 12 16 10 0 18 1 17 15 8 5 13 11 4 
7 6 9 14 19 2 3 12 16 10 0 18 1 17 15 8 5 13 11 4 
7 6 9 14 19 2 3 12 16 10 0 18 1 17 15 8 5 13 11 4 
10 0 18 1 17 15 8 5 13 11 4 7 6 9 14 19 2 3 12 16 
10 0 18 1 17 15 8 5 13 11 4 7 6 9 14 19 2 3 12 16 
10 0 18 1 17 15 8 5 13 11 4 7 6 9 14 19 2 3 12 16 
10 0 18 1 17 15 8 5 13 11 4 7 6 9 14 19 2 3 12 16 
7 6 9 14 19 2 3 12 16 10 0 18 1 17 15 8 5 13 11 4 
7 6 9 14 19 2 3 12 16 10 0 18 1 17 15 8 5 13 11 4 
7 6 9 14 19 2 3 12 16 10 0 18 1 17 15 8 5 13 11 4 
7 6 9 14 19 2 3 12 16 10 0 18 1 17 15 8 5 13 11 4 
7 6 9 14 19 2 3 12 16 10 0 18 1 17 15 8 5 13 11 4 
7 6 9 14 19 2 3 12 16 10 0 18 1 17 15 8 5 13 11 4 
7 6 9 14 19 2 3 12 16 10 0 18 1 17 15 8 5 13 11 4 
2 3 12 16 10 0 18 1 17 15 8 5 13 11 4 14 9 6 7 19 
6 7 0 4 1 18 17 15 8 5 13 11 14 9 19 2 3 12 16 10 
6 7 0 4 1 18 17 15 8 5 13 11 14 9 19 2 3 12 16 10 
7 6 9 14 19 2 3 12 16 10 0 1 18 17 15 8 5 13 11 4 
7 6 9 14 19 2 3 12 16 10 0 1 18 17 15 8 5 13 11 4 
14 9 6 7 19 2 3 12 16 10 0 18 1 17 15 8 5 13 11 4 
14 9 6 7 19 2 3 12 16 10 0 18 1 17 15 8 5 13 11 4 
14 9 6 7 19 2 3 12 16 10 0 18 1 17 15 8 5 13 11 4 
0 4 1 18 17 15 8 5 13 11 14 9 6 7 19 2 3 12 16 10 
0 4 1 18 17 15 8 5 13 11 14 9 6 7 19 2 3 12 16 10 
0 4 1 18 17 15 8 5 13 11 14 9 6 7 19 2 3 12 16 10 
0 4 1 18 17 15 8 5 13 11 14 9 6 7 19 2 3 12 16 10 
0 4 1 18 17 15 8 5 13 11 14 9 6 7 19 2 3 12 16 10 
0 4 1 18 17 15 8 5 13 11 14 9 6 7 19 2 3 12 16 10 
14 9 6 7 0 18 1 17 15 8 5 13 11 4 10 16 12 3 2 19 
14 9 6 7 0 18 1 17 15 8 5 13 11 4 10 16 12 3 2 19 
14 9 6 7 0 18 1 17 15 8 5 13 11 4 10 16 12 3 2 19 
14 9 6 7 0 18 1 17 15 8 5 13 11 4 10 16 12 3 2 19 
14 9 6 7 0 18 1 17 15 8 5 13 11 4 10 16 12 3 2 19 
4 1 18 17 15 8 5 13 11 14 9 6 7 19 2 3 12 16 10 0 
4 1 18 17 15 8 5 13 11 14 9 6 7 19 2 3 12 16 10 0 
4 1 18 17 15 8 5 13 11 14 9 6 7 19 2 3 12 16 10 0 
4 1 18 17 15 8 5 13 11 14 9 6 7 19 2 3 12 16 10 0 
4 1 18 17 15 8 5 13 11 14 9 6 7 19 2 3 12 16 10 0 
4 1 18 17 15 8 5 13 11 14 9 6 7 19 2 3 12 16 10 0 
4 11 13 5 8 15 17 18 1 7 6 9 14 19 2 3 12 16 10 0 
4 11 13 5 8 15 17 18 1 7 6 9 14 19 2 3 12 16 10 0 
4 11 13 5 8 15 17 18 1 7 6 9 14 19 2 3 12 16 10 0 
4 11 13 5 8 15 17 18 1 7 6 9 14 19 2 3 12 16 10 0 
9 14 19 2 3 12 16 10 0 1 18 17 15 8 5 13 11 4 7 6 
10 16 12 3 2 19 14 9 6 7 0 18 1 17 15 8 5 13 11 4 
10 16 12 3 2 19 14 9 6 7 0 18 1 17 15 8 5 13 11 4 
10 16 12 3 2 19 14 9 6 7 0 18 1 17 15 8 5 13 11 4 
10 16 12 3 2 19 14 9 6 7 0 18 1 17 15 8 5 13 11 4 
7 6 9 14 19 2 3 12 16 10 0 18 1 17 15 8 5 13 11 4 
7 6 9 14 19 2 3 12 16 10 0 18 1 17 15 8 5 13 11 4 
7 6 9 14 19 2 3 12 16 10 0 18 1 17 15 8 5 13 11 4 
7 6 9 14 19 2 3 12 16 10 0 18 1 17 15 8 5 13 11 4 
7 6 9 14 19 2 3 12 16 10 0 18 1 17 15 8 5 13 11 4 
7 6 9 14 19 2 3 12 16 10 0 18 1 17 15 8 5 13 11 4 
7 6 9 14 19 12 3 2 16 10 0 18 1 17 15 8 5 13 11 4 
7 6 9 14 19 12 3 2 16 10 0 18 1 17 15 8 5 13 11 4 
7 6 9 14 19 12 3 2 16 10 0 18 1 17 15 8 5 13 11 4 
7 6 9 14 19 12 3 2 16 10 0 18 1 17 15 8 5 13 11 4 
14 9 6 7 19 2 3 12 16 10 0 18 1 17 15 8 5 13 11 4 
14 9 6 7 19 2 3 12 16 10 0 18 1 17 15 8 5 13 11 4 
14 9 6 7 19 2 3 12 16 10 0 18 1 17 15 8 5 13 11 4 
14 9 6 7 19 2 3 12 16 10 0 18 1 17 15 8 5 13 11 4 
14 9 6 7 19 2 3 12 16 10 0 18 1 17 15 8 5 13 11 4 
7 6 9 14 19 2 3 12 16 10 0 18 1 17 15 8 5 13 11 4 
0 4 1 18 17 15 8 5 13 11 14 9 6 7 19 2 3 12 16 10 
0 4 1 18 17 15 8 5 13 11 14 9 6 7 19 2 3 12 16 10 
