10 14 1 4 7 12 11 0 2 5 9 13 6 3 8 
4 1 14 10 8 3 6 13 9 5 2 0 11 12 7 
6 13 9 5 2 0 11 12 7 4 1 14 10 8 3 
6 13 9 5 2 0 11 12 7 4 1 14 10 8 3 
6 13 9 5 2 0 11 12 7 4 1 14 10 8 3 
6 13 9 5 2 0 11 12 7 4 1 14 10 8 3 
6 13 9 5 2 0 11 12 7 4 1 14 10 8 3 
7 12 11 0 2 5 9 13 6 8 3 10 14 1 4 
7 12 11 0 2 5 9 13 6 8 3 10 14 1 4 
10 14 1 4 7 12 11 0 2 5 9 13 6 3 8 
9 5 2 0 11 12 7 10 14 4 1 3 8 6 13 
9 5 2 0 11 12 7 10 14 4 1 3 8 6 13 
9 5 2 0 11 12 7 10 14 4 1 3 8 6 13 
9 5 2 0 11 12 7 10 14 4 1 3 8 6 13 
9 5 2 0 11 12 7 10 14 4 1 3 8 6 13 
9 5 2 0 11 12 7 10 14 4 1 3 8 6 13 
9 5 2 0 11 12 7 10 14 4 1 3 8 6 13 
9 5 2 0 11 12 7 10 14 4 1 3 8 6 13 
9 5 2 0 11 12 7 10 14 4 1 3 8 6 13 
9 5 2 0 11 12 7 10 14 4 1 3 8 6 13 
9 5 2 0 11 12 7 10 14 4 1 3 8 6 13 
9 5 2 0 11 12 7 10 14 4 1 3 8 6 13 
9 5 2 0 11 12 7 10 14 4 1 3 8 6 13 
1 4 14 10 7 12 11 0 2 5 9 13 6 8 3 
1 4 14 10 7 12 11 0 2 5 9 13 6 8 3 
1 4 14 10 7 12 11 0 2 5 9 13 6 8 3 
1 4 14 10 7 12 11 0 2 5 9 13 6 8 3 
1 4 14 10 7 12 11 0 2 5 9 13 6 8 3 
1 4 14 10 7 12 11 0 2 5 9 13 6 8 3 
1 4 14 10 7 12 11 0 2 5 9 13 6 8 3 
1 4 14 10 7 12 11 0 2 5 9 13 6 8 3 
1 4 14 10 7 12 11 0 2 5 9 13 6 8 3 
1 4 14 10 7 12 11 0 2 5 9 13 6 8 3 
1 4 14 10 7 12 11 0 2 5 9 13 6 8 3 
1 4 14 10 7 12 11 0 2 5 9 13 6 8 3 
11 0 2 5 9 13 6 3 8 10 14 1 4 7 12 
11 0 2 5 9 13 6 3 8 10 14 1 4 7 12 
11 0 2 5 9 13 6 3 8 10 14 1 4 7 12 
11 0 2 5 9 13 6 3 8 10 14 1 4 7 12 
11 0 2 5 9 13 6 3 8 10 14 1 4 7 12 
11 0 2 5 9 13 6 3 8 10 14 1 4 7 12 
11 0 2 5 9 13 6 3 8 10 14 1 4 7 12 
11 0 2 5 9 13 6 3 8 10 14 1 4 7 12 
11 0 2 5 9 13 6 3 8 10 14 1 4 7 12 
11 0 2 5 9 13 6 3 8 10 14 1 4 7 12 
11 0 2 5 9 13 6 3 8 10 14 1 4 7 12 
11 0 2 5 9 13 6 3 8 10 14 1 4 7 12 
11 0 2 5 9 13 6 3 8 10 14 1 4 7 12 
11 0 2 5 9 13 6 3 8 10 14 1 4 7 12 
11 0 2 5 9 13 6 3 8 10 14 1 4 7 12 
14 4 1 3 8 6 13 9 5 2 0 11 12 7 10 
14 4 1 3 8 6 13 9 5 2 0 11 12 7 10 
14 4 1 3 8 6 13 9 5 2 0 11 12 7 10 
14 4 1 3 8 6 13 9 5 2 0 11 12 7 10 
14 4 1 3 8 6 13 9 5 2 0 11 12 7 10 
14 4 1 3 8 6 13 9 5 2 0 11 12 7 10 
14 4 1 3 8 6 13 9 5 2 0 11 12 7 10 
14 4 1 3 8 6 13 9 5 2 0 11 12 7 10 
14 4 1 3 8 6 13 9 5 2 0 11 12 7 10 
14 4 1 3 8 6 13 9 5 2 0 11 12 7 10 
14 4 1 3 8 6 13 9 5 2 0 11 12 7 10 
14 4 1 3 8 6 13 9 5 2 0 11 12 7 10 
14 4 1 3 8 6 13 9 5 2 0 11 12 7 10 
11 0 2 5 9 13 6 8 3 10 14 1 4 7 12 
11 0 2 5 9 13 6 8 3 10 14 1 4 7 12 
11 0 2 5 9 13 6 8 3 10 14 1 4 7 12 
11 0 2 5 9 13 6 8 3 10 14 1 4 7 12 
11 0 2 5 9 13 6 8 3 10 14 1 4 7 12 
11 0 2 5 9 13 6 8 3 10 14 1 4 7 12 
11 0 2 5 9 13 6 8 3 10 14 1 4 7 12 
11 0 2 5 9 13 6 8 3 10 14 1 4 7 12 
11 0 2 5 9 13 6 8 3 10 14 1 4 7 12 
11 0 2 5 9 13 6 8 3 10 14 1 4 7 12 
11 0 2 5 9 13 6 8 3 10 14 1 4 7 12 
11 0 2 5 9 13 6 8 3 10 14 1 4 7 12 
11 0 2 5 9 13 6 8 3 10 14 1 4 7 12 
11 0 2 5 9 13 6 8 3 10 14 1 4 7 12 
6 13 9 5 2 0 11 12 7 10 14 1 4 8 3 
6 13 9 5 2 0 11 12 7 10 14 1 4 8 3 
6 13 9 5 2 0 11 12 7 10 14 1 4 8 3 
6 13 9 5 2 0 11 12 7 10 14 1 4 8 3 
6 13 9 5 2 0 11 12 7 10 14 1 4 8 3 
6 13 9 5 2 0 11 12 7 10 14 1 4 8 3 
6 13 9 5 2 0 11 12 7 10 14 1 4 8 3 
6 13 9 5 2 0 11 12 7 10 14 1 4 8 3 
6 13 9 5 2 0 11 12 7 10 14 1 4 8 3 
6 13 9 5 2 0 11 12 7 10 14 1 4 8 3 
6 13 9 5 2 0 11 12 7 10 14 1 4 8 3 
6 13 9 5 2 0 11 12 7 10 14 1 4 8 3 
6 13 9 5 2 0 11 12 7 10 14 1 4 8 3 
3 8 6 13 9 5 2 0 11 12 7 10 14 4 1 
3 8 6 13 9 5 2 0 11 12 7 10 14 4 1 
3 8 6 13 9 5 2 0 11 12 7 10 14 4 1 
3 8 6 13 9 5 2 0 11 12 7 10 14 4 1 
3 8 6 13 9 5 2 0 11 12 7 10 14 4 1 
3 8 6 13 9 5 2 0 11 12 7 10 14 4 1 
3 8 6 13 9 5 2 0 11 12 7 10 14 4 1 
3 8 6 13 9 5 2 0 11 12 7 10 14 4 1 
3 8 6 13 9 5 2 0 11 12 7 10 14 4 1 
3 8 6 13 9 5 2 0 11 12 7 10 14 4 1 
