32 46 57 45 72 12 40 48 85 63 55 28 49 11 30 38 39 23 89 21 34 14 0 10 69 15 79 16 13 44 54 42 86 47 52 87 7 29 81 82 71 62 8 31 59 24 68 35 77 58 3 51 76 9 66 60 41 83 36 61 50 78 75 73 20 53 64 88 37 22 6 43 70 74 17 2 33 26 19 25 5 56 67 18 4 1 27 84 65 80 
22 6 74 70 43 39 23 38 14 30 11 49 28 40 12 72 45 80 17 2 26 19 25 5 18 4 1 75 78 50 61 27 84 65 67 56 32 46 57 48 85 63 55 10 0 34 21 89 29 87 7 52 47 69 15 79 13 44 16 86 42 54 81 82 71 62 8 31 59 24 68 35 77 9 58 3 51 76 66 60 41 83 36 73 53 20 33 37 64 88 
59 68 41 83 36 61 27 84 65 67 56 18 4 1 75 78 50 73 53 20 37 22 6 74 70 17 2 33 26 19 25 5 32 46 57 80 45 72 12 40 55 63 48 85 28 49 11 30 14 38 39 43 34 0 10 69 15 79 16 13 44 86 42 54 87 7 29 52 47 21 89 23 88 64 24 35 77 9 66 60 58 3 51 76 71 82 81 8 62 31 
71 82 81 8 62 31 59 24 68 35 77 9 58 3 51 76 66 60 41 83 36 61 50 78 75 1 4 18 67 56 65 84 27 5 32 46 80 25 19 26 33 2 17 74 70 43 6 22 37 20 73 53 64 88 23 39 38 14 30 11 49 28 55 63 85 48 12 72 45 57 40 10 0 21 34 89 52 47 69 15 79 16 44 13 86 42 54 87 7 29 
3 51 76 58 77 9 66 60 41 83 36 61 27 84 65 67 56 5 25 19 33 26 37 22 6 43 38 30 14 34 0 10 28 49 11 70 74 2 17 45 72 12 40 55 63 48 85 57 46 80 32 4 18 1 75 78 50 73 53 20 64 88 23 39 89 21 52 47 69 15 79 16 13 44 86 42 54 87 7 29 81 82 71 62 8 31 59 24 68 35 
12 40 55 63 85 48 57 32 46 80 45 17 2 33 26 37 22 6 43 38 14 34 21 89 23 39 30 11 49 28 10 0 15 69 79 16 86 42 54 44 13 47 52 87 7 29 81 82 71 8 62 31 59 24 68 35 77 9 58 51 3 76 66 60 41 83 36 61 27 84 65 67 56 4 18 5 25 19 1 75 50 78 73 53 20 64 88 74 70 72 
26 33 2 17 74 70 6 22 37 20 75 1 4 18 67 65 56 32 25 5 19 80 46 57 45 72 12 40 55 63 48 85 11 49 28 10 0 34 14 30 38 39 43 23 89 21 52 47 69 15 79 16 13 44 86 42 54 87 7 29 81 82 71 62 8 31 59 24 68 35 77 9 58 51 3 76 66 60 41 83 36 61 27 84 50 78 73 53 64 88 
70 74 6 43 39 23 89 21 34 14 38 30 11 49 28 55 63 40 12 72 45 17 2 26 33 19 25 5 32 46 80 57 48 85 10 0 15 79 69 16 13 44 86 42 54 87 7 29 52 47 81 8 62 71 82 31 59 24 68 35 77 58 51 76 3 9 66 60 41 83 36 61 27 84 65 56 67 18 4 1 75 78 50 73 20 53 64 88 22 37 
81 82 71 31 59 24 68 35 77 58 51 3 76 9 66 60 41 83 36 61 50 78 73 75 1 4 18 67 56 65 84 27 25 5 32 46 57 70 74 22 6 43 39 23 38 14 30 11 49 28 55 63 48 85 40 12 72 45 80 17 2 33 19 26 37 20 53 64 88 89 21 34 0 10 69 15 79 16 13 44 86 42 54 7 87 29 52 47 8 62 
9 66 60 41 83 36 61 27 84 65 67 56 18 4 1 75 78 50 20 73 53 64 88 22 6 43 39 23 89 21 34 14 30 11 49 28 55 63 85 48 40 12 72 45 17 80 57 46 25 5 32 19 33 2 26 37 74 70 38 0 10 69 15 79 16 13 44 86 42 54 87 7 29 52 47 81 82 71 62 8 31 59 24 68 35 77 58 51 3 76 
59 35 77 58 51 3 76 9 66 60 83 36 61 27 84 65 67 56 5 25 19 26 33 80 45 17 2 22 6 74 70 43 39 38 14 34 21 89 23 88 37 20 73 53 64 24 68 41 50 78 75 1 4 18 32 46 57 72 12 40 55 63 48 85 28 49 11 30 0 10 15 79 69 47 52 86 42 54 44 13 16 87 7 29 81 82 8 62 71 31 
42 86 16 13 44 47 52 29 87 7 8 62 71 82 81 31 59 24 68 35 77 58 3 51 76 9 66 60 41 83 36 61 27 84 65 67 56 5 25 32 46 80 17 2 33 19 26 37 22 88 64 53 73 78 50 75 1 4 18 20 74 70 72 45 57 48 85 63 55 40 12 28 49 11 30 14 38 39 43 6 23 89 21 34 0 10 15 69 79 54 
23 88 22 6 74 70 43 38 14 30 11 49 40 12 72 45 17 2 26 19 33 25 5 18 4 1 75 78 50 36 83 61 27 84 65 67 56 32 46 80 57 48 85 63 55 28 10 0 21 34 39 89 52 47 69 15 79 16 44 13 86 42 54 87 7 29 81 82 31 71 62 8 3 51 76 9 66 60 41 68 35 77 58 59 24 64 53 73 20 37 
37 22 6 43 30 14 34 0 21 89 23 39 38 70 74 2 26 19 33 25 5 18 4 1 50 36 61 27 84 65 67 56 32 46 57 80 17 45 72 12 40 55 63 48 85 28 49 11 10 69 15 79 47 52 29 87 7 42 86 16 13 44 54 62 71 82 81 8 31 59 24 68 35 77 9 58 51 3 76 66 60 41 83 78 75 73 20 53 64 88 
63 55 40 12 72 45 80 46 57 32 5 25 19 26 37 22 88 23 39 43 6 74 70 38 14 30 11 49 28 10 0 21 34 89 52 47 69 15 79 16 13 44 86 42 54 87 7 29 81 82 71 62 8 31 59 24 68 35 77 58 51 3 76 9 66 60 41 83 36 61 50 78 75 1 4 18 67 56 65 84 27 73 53 20 64 2 33 17 48 85 
64 73 78 50 61 27 84 65 56 67 18 4 1 75 20 53 24 59 35 68 41 83 36 60 66 9 77 58 51 76 3 31 82 71 8 62 81 29 7 87 52 47 69 15 79 16 13 44 86 42 54 89 23 39 38 30 14 34 21 0 10 11 49 28 55 48 85 63 40 12 72 45 17 2 26 33 25 5 32 46 57 80 19 37 22 6 43 74 70 88 
81 82 71 62 8 31 59 24 68 35 77 9 58 3 51 76 66 60 41 83 36 50 75 1 4 18 67 56 65 84 27 61 78 73 53 20 26 2 33 25 5 32 19 80 46 57 72 45 17 74 70 12 40 55 63 48 85 28 49 11 30 14 38 39 43 6 22 37 64 88 23 89 21 34 0 10 79 15 69 47 52 29 87 42 86 16 13 44 54 7 
34 14 38 30 11 49 28 55 63 48 85 40 12 72 45 70 74 6 43 39 23 89 29 87 7 52 47 69 15 79 16 13 44 86 42 54 8 62 81 82 71 31 59 24 68 35 77 58 3 51 76 9 66 60 41 83 36 61 27 84 65 67 56 18 4 1 50 78 75 73 53 64 20 37 26 2 33 25 19 5 32 46 57 80 17 22 88 10 0 21 
26 19 33 2 17 45 72 12 40 55 63 48 85 28 49 11 30 14 10 0 34 21 89 29 7 87 42 54 86 16 44 13 79 15 69 47 52 81 8 62 71 82 31 59 24 68 35 77 9 58 51 3 76 66 60 41 83 36 61 27 84 65 67 56 32 25 5 18 4 1 75 78 50 73 20 53 64 88 22 37 6 43 39 23 38 70 74 80 46 57 
70 74 6 43 39 23 88 22 37 20 75 78 50 36 61 27 84 65 56 67 18 4 1 73 53 64 24 68 35 77 9 58 3 51 76 66 60 83 41 59 31 71 82 81 8 62 7 87 54 42 86 16 44 13 79 15 69 47 52 29 89 21 34 0 30 14 38 11 49 28 10 40 55 63 85 48 12 72 45 17 2 33 26 19 25 5 32 46 80 57 
30 11 0 10 49 28 55 63 48 85 40 12 72 45 17 2 33 26 19 25 5 32 46 80 57 70 74 6 43 39 38 14 34 21 89 29 52 47 69 15 79 16 13 44 86 42 54 87 7 81 82 31 71 62 8 59 24 68 35 77 9 58 51 3 76 66 60 41 83 36 61 27 84 65 56 67 18 4 1 75 50 78 73 53 64 20 37 22 88 23 
20 53 64 88 23 39 43 6 22 2 33 19 25 5 65 67 56 32 46 80 17 74 70 38 14 30 11 49 28 55 63 85 48 57 45 72 12 40 10 0 34 21 89 29 52 47 69 15 79 13 44 16 86 42 54 7 87 81 82 71 62 8 31 59 24 68 35 77 58 51 76 3 9 66 60 41 83 36 61 27 84 18 4 1 75 50 78 73 37 26 
26 33 2 17 80 46 57 48 85 63 55 28 49 11 30 38 39 23 43 6 74 70 45 72 12 40 10 0 34 14 21 89 52 47 69 15 79 16 13 44 86 42 54 7 87 29 81 82 71 8 62 31 59 24 68 35 77 58 51 3 76 9 66 60 41 83 36 61 50 78 73 20 53 64 88 22 37 75 1 4 18 67 56 65 84 27 5 25 32 19 
52 47 69 15 79 16 13 44 86 42 54 87 7 29 89 21 34 14 38 43 6 22 88 23 39 70 74 17 2 33 19 26 37 20 73 53 64 24 68 35 77 9 58 76 51 3 31 82 71 62 8 81 59 66 60 41 83 36 61 50 78 75 1 4 18 67 56 65 84 27 5 25 32 46 57 80 45 72 12 40 55 63 85 48 28 49 11 30 0 10 
80 46 57 45 17 2 74 70 43 38 39 23 88 64 53 73 20 75 78 50 1 4 18 67 56 65 84 27 61 36 83 41 60 66 9 58 51 3 76 77 35 68 24 59 31 71 82 81 8 62 7 87 29 52 47 69 15 79 16 13 44 86 42 54 21 34 0 10 49 28 55 63 40 12 72 48 85 11 30 14 89 6 22 37 26 19 33 25 5 32 
74 17 45 72 12 40 55 63 85 48 11 49 28 10 69 79 15 0 34 14 38 30 39 23 89 21 52 47 16 13 44 86 42 54 87 7 29 81 8 62 71 82 31 59 24 68 35 77 9 58 3 51 76 66 60 41 83 36 61 50 78 75 1 4 18 67 56 65 84 27 5 25 19 26 33 2 37 20 73 53 64 88 22 6 43 70 57 46 32 80 
89 29 87 52 47 69 15 79 16 13 44 86 42 54 7 81 82 71 62 8 31 59 24 68 35 77 9 58 51 3 76 66 60 41 83 36 61 50 1 75 78 73 53 64 20 37 26 33 19 25 5 18 4 27 84 65 67 56 32 46 80 17 2 74 70 72 45 57 48 85 63 55 40 12 28 49 11 30 14 38 43 6 22 88 23 39 34 0 10 21 
51 3 58 77 35 68 24 59 31 71 82 81 8 62 7 87 52 47 69 15 79 16 13 44 86 42 54 29 89 21 34 14 38 39 43 6 22 37 26 19 25 5 56 67 18 4 1 75 78 50 36 61 27 84 65 32 46 57 80 33 2 17 74 70 30 11 49 28 55 63 48 85 40 12 72 45 10 0 23 88 64 53 20 73 41 83 60 66 9 76 
23 14 30 11 49 28 55 63 40 12 72 45 80 46 57 48 85 10 0 34 21 89 52 47 69 79 15 16 44 13 86 42 54 87 7 29 81 82 71 62 8 31 59 24 68 35 77 58 51 3 76 9 66 60 41 83 36 61 50 78 75 1 4 18 67 56 65 84 27 5 25 32 19 26 33 2 17 74 70 43 39 38 6 22 37 20 73 53 64 88 
37 22 20 73 53 64 88 23 39 43 6 74 70 45 72 12 40 55 63 48 85 28 49 11 30 38 14 34 0 10 69 47 52 87 7 29 89 21 15 79 16 13 44 86 42 54 8 62 71 82 81 31 59 24 68 35 77 58 51 3 76 9 66 60 41 83 78 50 61 36 27 84 65 67 56 19 26 33 2 17 80 46 57 32 5 25 18 4 1 75 
52 47 69 15 79 16 13 44 86 42 54 87 7 29 81 82 71 62 8 31 3 51 76 9 66 60 41 36 83 78 75 1 4 18 67 56 65 84 27 61 50 73 53 64 24 68 35 77 58 59 88 23 39 43 38 14 30 11 49 28 55 63 40 12 72 45 17 74 70 6 22 37 26 33 2 20 19 25 5 32 46 80 57 48 85 10 0 34 21 89 
33 2 17 74 70 6 22 37 26 19 25 5 32 46 80 57 45 72 12 40 55 63 48 85 28 49 11 30 14 38 39 43 23 89 21 34 0 10 79 15 69 47 52 29 87 7 42 86 16 13 44 54 8 62 81 82 71 31 59 24 68 35 77 58 51 3 76 9 66 60 41 83 36 61 50 78 75 1 4 18 67 56 65 84 27 73 20 53 64 88 
9 66 60 41 83 36 61 50 78 73 53 64 88 22 37 20 75 1 19 25 5 18 4 27 84 65 67 56 32 46 80 45 17 70 74 2 26 33 57 72 12 40 55 63 48 85 49 28 10 11 30 14 38 39 43 6 23 89 34 0 21 52 47 69 15 79 16 13 44 86 42 54 87 7 29 81 82 71 8 62 31 59 24 68 35 77 58 51 3 76 
72 12 40 55 63 48 85 28 49 11 30 14 38 43 39 23 6 70 74 17 2 26 33 19 25 5 18 4 1 75 73 53 64 20 37 22 88 89 21 34 0 10 79 15 69 47 52 29 7 87 86 16 13 44 54 42 8 62 71 82 81 31 59 24 68 35 77 58 51 3 76 9 66 60 41 83 78 50 61 36 27 84 65 56 67 32 46 80 57 45 
18 4 1 75 73 53 20 64 88 22 37 6 43 38 30 11 49 28 55 63 48 85 40 12 72 45 17 74 70 10 0 21 34 14 39 23 89 52 47 69 15 79 16 13 44 86 42 54 87 7 29 81 8 62 71 82 31 59 24 68 35 77 58 3 51 76 9 66 60 41 83 36 61 50 78 27 84 65 56 67 5 25 19 26 33 2 80 46 32 57 
84 27 61 36 83 41 60 66 9 58 3 51 76 77 35 68 24 59 31 82 81 8 62 71 54 42 86 16 13 44 79 15 69 47 52 87 7 29 89 21 10 0 34 14 30 11 49 28 55 63 48 85 40 12 72 45 80 46 57 32 56 67 18 4 1 75 78 50 73 53 64 20 37 22 6 39 43 38 23 88 70 74 17 2 33 26 19 25 5 65 
88 37 26 19 25 80 32 46 57 45 72 12 40 55 63 48 85 11 49 28 10 0 34 14 30 38 43 39 23 89 21 52 47 69 15 79 13 44 16 86 42 54 87 29 7 81 8 62 82 71 31 59 24 35 77 58 51 3 76 9 66 60 41 68 73 53 64 20 75 78 83 36 61 27 50 1 4 18 67 65 84 56 5 33 2 17 74 70 6 22 
56 67 18 4 1 75 50 36 61 27 84 65 32 25 5 19 33 26 2 17 45 72 12 40 55 63 85 48 57 46 80 74 70 43 6 39 38 14 34 0 10 49 28 11 30 23 89 21 52 47 69 15 79 13 44 16 86 42 54 87 7 29 81 82 71 62 8 31 59 24 68 35 77 58 3 51 76 9 66 60 41 83 78 73 20 53 64 88 22 37 
25 5 19 26 33 2 74 70 43 39 38 14 34 21 0 10 28 49 11 30 23 89 29 7 87 52 47 69 15 79 16 13 44 86 42 54 8 62 71 82 81 31 59 24 68 35 77 58 51 3 76 9 66 60 41 83 36 61 27 18 67 56 65 84 4 1 75 78 50 73 53 64 20 37 22 6 88 17 45 72 12 40 55 63 48 85 57 46 80 32 
59 24 68 35 77 9 58 3 51 76 66 60 41 83 36 61 50 78 75 1 4 18 67 56 5 25 19 26 33 2 37 22 6 43 39 38 14 34 21 0 10 30 11 49 28 55 63 48 85 40 12 72 45 70 74 17 80 46 57 32 65 84 27 73 20 53 64 88 23 89 52 47 69 15 79 16 13 44 86 42 54 87 7 29 81 82 71 62 8 31 
59 24 68 35 77 9 58 3 51 76 60 66 41 83 36 61 27 84 65 56 67 18 4 1 75 78 50 73 53 64 20 88 22 37 26 33 2 17 80 45 72 12 40 55 63 85 48 57 46 32 25 5 19 74 70 23 39 43 6 38 14 30 11 49 28 10 0 34 21 89 29 52 47 69 15 79 16 13 44 86 42 54 87 7 8 62 71 82 81 31 
30 38 14 34 0 21 89 23 39 43 6 22 37 26 19 25 5 18 4 1 75 50 83 36 61 27 84 65 56 67 32 46 57 80 33 2 17 45 72 12 40 55 63 48 85 28 49 11 10 15 69 79 16 13 44 86 42 54 7 87 29 52 47 81 82 71 62 8 31 59 24 68 35 77 9 58 3 51 76 66 60 41 78 73 20 53 64 88 74 70 
80 46 57 45 72 12 40 55 63 85 48 28 49 11 30 38 14 34 0 10 21 89 29 52 47 69 15 79 16 86 42 54 44 13 87 7 81 82 71 62 8 31 59 24 68 35 77 58 51 3 76 9 66 60 41 83 36 61 27 50 78 75 1 4 18 67 65 84 56 5 25 33 19 26 2 17 74 70 43 39 23 6 22 37 20 73 53 64 88 32 
32 5 25 19 33 2 17 74 70 6 43 39 38 14 34 0 10 28 49 11 30 23 89 21 52 47 69 15 79 16 86 42 54 44 13 87 7 29 81 8 62 71 82 31 59 24 68 35 77 58 51 3 76 9 66 60 41 83 75 1 4 18 67 56 65 84 27 61 36 50 78 73 20 53 64 88 22 37 26 45 72 12 40 55 63 48 85 57 46 80 
41 83 36 61 50 1 75 78 73 20 53 64 88 37 22 6 43 39 23 89 21 10 0 34 14 38 30 11 49 28 55 63 48 85 40 12 72 45 80 46 57 32 56 67 65 84 27 4 18 5 25 19 33 26 2 17 74 70 29 7 87 42 54 86 16 13 44 79 69 15 47 52 81 8 62 71 82 31 59 24 68 35 77 9 58 51 3 76 66 60 
67 18 4 1 75 50 78 36 61 27 84 65 32 46 80 57 45 72 12 40 55 63 48 85 28 49 10 0 34 14 38 30 11 70 74 6 43 39 23 89 21 69 15 79 16 13 44 86 42 54 87 7 29 52 47 81 8 62 71 82 31 59 24 68 35 77 9 58 3 51 76 66 60 41 83 73 20 53 64 37 22 88 2 17 33 19 26 25 5 56 
45 72 12 40 55 63 48 85 28 49 11 30 38 14 34 0 10 89 21 15 79 69 47 52 87 42 86 16 13 44 54 29 7 81 82 71 62 8 31 59 24 68 35 77 58 3 51 76 9 66 60 41 83 36 61 50 78 75 73 53 64 88 22 6 43 39 23 70 74 17 2 33 19 26 37 20 1 4 18 67 56 65 84 27 5 25 32 46 57 80 
74 6 43 39 38 30 11 49 28 55 63 40 12 72 45 17 2 33 26 19 25 5 67 18 4 1 50 78 75 73 53 64 24 68 35 77 58 51 3 76 9 66 60 41 83 36 61 27 84 65 56 32 46 80 57 48 85 10 0 34 14 23 89 21 52 47 69 15 79 16 13 44 86 42 54 87 7 29 81 8 62 71 82 31 59 20 37 22 88 70 
80 46 57 45 72 12 40 55 63 48 85 28 49 11 30 14 38 39 6 74 70 43 23 89 21 0 10 34 69 15 79 16 86 42 54 44 13 47 52 87 7 29 81 8 62 71 82 31 59 24 68 35 77 9 58 51 3 76 66 60 41 83 36 61 27 84 65 56 67 18 4 1 75 78 50 73 53 64 88 22 37 20 26 19 33 2 17 25 5 32 
46 57 12 72 45 17 2 33 26 19 25 5 67 56 18 4 1 50 78 75 20 73 53 64 88 37 22 6 74 70 43 39 23 89 21 34 14 38 30 11 49 40 55 63 48 85 28 10 0 15 79 69 47 52 87 7 29 86 16 13 44 54 42 8 62 71 82 81 31 59 24 68 35 77 58 51 3 76 9 66 60 41 83 36 61 27 84 65 32 80 
9 66 60 41 83 36 61 50 78 73 53 64 20 75 1 4 18 67 56 65 84 27 26 19 25 5 32 46 57 45 72 12 40 55 63 48 85 11 49 28 10 0 34 14 30 38 39 43 6 74 70 17 2 33 80 22 37 88 23 89 21 52 47 69 15 79 16 44 13 86 42 54 87 7 29 81 82 71 62 8 31 59 24 68 35 77 58 51 3 76 
72 45 17 74 70 43 6 23 39 38 14 34 0 10 49 28 55 63 48 85 40 12 11 30 21 89 29 52 47 69 15 79 16 13 44 86 42 54 87 7 8 62 71 82 81 31 59 24 68 35 77 9 58 3 51 76 66 60 41 83 36 61 50 75 1 4 18 67 56 5 25 33 19 26 2 37 22 88 64 53 73 20 78 27 84 65 32 46 80 57 
52 47 69 15 79 16 13 44 86 42 54 87 7 29 81 82 71 62 8 31 59 24 68 35 77 9 58 3 51 76 66 60 41 83 36 61 50 78 75 1 4 18 67 56 65 84 27 5 25 19 26 33 2 17 45 72 12 40 55 63 28 49 11 30 14 38 39 23 88 20 73 53 64 37 22 6 43 70 74 80 46 32 57 48 85 10 0 34 21 89 
14 38 39 43 6 74 70 72 45 17 2 33 26 19 25 5 56 32 46 80 57 48 85 63 55 40 12 49 28 10 0 21 52 47 69 15 79 16 13 44 86 42 54 87 29 7 81 82 71 62 8 31 59 24 68 35 77 9 58 3 51 76 60 66 41 83 36 61 27 4 18 67 65 84 1 75 50 78 73 53 64 20 37 22 88 23 89 34 30 11 
21 89 52 47 69 15 79 16 44 13 86 42 54 87 29 7 81 82 71 62 8 31 59 24 68 35 77 9 58 51 3 76 66 60 41 83 36 61 27 84 65 67 56 18 4 1 75 50 78 73 53 20 26 37 22 6 43 70 74 17 2 33 19 25 5 32 80 46 57 45 72 12 40 55 63 48 85 28 49 10 0 34 14 38 30 11 39 23 88 64 
12 40 11 30 38 14 34 21 89 29 7 87 52 47 69 15 79 16 13 44 86 42 54 81 8 62 71 82 31 59 24 68 35 77 9 58 51 76 3 66 60 41 83 36 61 50 78 75 1 4 18 67 56 65 84 27 73 20 53 64 88 37 22 6 43 39 23 70 74 17 2 26 33 19 25 5 32 46 80 57 45 72 48 85 63 55 28 49 10 0 
5 25 19 26 2 17 74 70 6 43 38 14 34 0 10 28 49 11 30 39 23 89 21 69 15 79 16 13 44 86 42 54 7 87 52 47 29 81 82 71 62 8 31 59 24 68 35 77 9 58 3 51 76 66 60 41 83 78 50 61 36 27 84 65 67 18 4 1 75 73 20 53 64 88 22 37 33 80 46 57 45 72 12 40 55 63 48 85 32 56 
81 82 71 62 8 31 59 24 68 35 77 9 58 51 3 76 66 60 41 83 36 61 27 84 65 56 67 18 4 1 75 78 50 73 53 64 20 37 22 88 6 43 39 23 89 21 34 30 14 38 11 40 12 72 45 80 46 57 32 25 5 19 33 26 2 17 74 70 48 85 63 55 28 49 10 0 15 69 79 16 13 44 86 42 54 7 87 29 52 47 
51 3 58 77 9 66 60 41 83 36 61 50 78 75 1 4 18 67 56 65 84 27 73 53 64 88 23 39 38 14 30 11 49 28 55 63 40 12 72 45 17 74 70 43 6 22 37 20 19 33 2 26 25 5 32 46 57 80 48 85 10 0 34 21 89 29 52 47 69 15 79 16 13 44 86 42 54 87 7 81 8 62 71 82 31 59 24 68 35 76 
20 53 73 78 50 61 36 83 41 60 66 9 58 51 3 76 77 35 68 24 59 31 71 82 81 8 62 7 29 52 47 69 15 79 16 13 44 86 42 54 87 89 21 34 0 10 11 49 28 55 63 48 85 40 12 72 45 17 2 33 26 19 25 5 67 18 4 1 75 27 84 65 56 32 46 80 57 70 74 6 43 39 38 14 30 23 88 22 37 64 
62 8 82 71 31 59 24 68 35 77 58 51 3 76 9 66 60 41 83 36 61 50 78 75 1 4 18 67 56 65 84 27 19 26 33 2 17 74 70 43 6 22 37 88 64 53 73 20 5 25 80 32 46 57 45 72 12 40 55 63 85 48 28 49 11 30 38 14 34 0 10 39 23 89 21 69 15 79 13 44 16 86 42 54 87 7 29 52 47 81 
21 89 23 39 43 6 70 74 17 2 33 26 19 25 5 18 4 1 75 78 50 61 27 84 65 67 56 32 57 46 80 45 72 12 40 55 63 48 85 28 49 11 30 38 14 34 0 10 15 69 79 16 44 13 54 42 86 47 52 87 7 29 81 82 71 62 8 31 59 24 68 35 77 9 58 3 51 76 66 60 41 83 36 73 53 20 37 22 88 64 
70 74 6 43 39 38 14 30 11 49 40 12 72 45 17 2 33 26 19 25 5 32 80 46 57 48 85 63 55 28 10 0 34 21 89 52 47 69 15 79 16 13 44 86 42 54 7 87 29 81 8 62 71 31 82 59 24 68 35 77 58 51 3 76 9 66 60 41 83 36 61 50 78 75 1 4 18 67 56 65 84 27 73 53 20 37 22 23 88 64 
34 14 38 39 6 43 70 74 37 22 88 23 89 21 52 47 69 15 79 16 13 44 86 42 54 87 7 29 81 8 62 71 82 31 59 24 68 35 77 9 58 3 51 76 66 60 41 83 36 61 50 78 73 20 53 64 75 1 4 18 67 56 65 84 27 5 25 33 80 46 57 32 19 26 2 17 45 72 12 40 55 63 85 48 28 49 11 30 10 0 
20 73 53 64 24 68 35 77 58 3 51 76 9 66 60 41 83 36 61 50 78 75 1 4 18 67 65 84 27 56 5 25 32 46 80 17 2 33 26 19 57 45 72 70 74 22 6 43 39 38 14 30 11 49 28 55 63 40 12 48 85 10 0 34 21 89 29 52 47 69 15 79 16 13 44 86 42 54 87 7 8 62 71 82 81 31 59 88 23 37 
81 82 71 31 59 24 68 35 77 58 51 76 3 9 66 60 41 83 36 61 50 78 75 1 4 18 67 56 65 84 27 20 73 53 64 88 22 6 43 38 14 34 0 10 28 49 11 30 70 74 17 45 72 12 40 55 63 85 48 57 46 32 5 25 33 26 19 80 2 37 23 39 89 21 69 15 79 16 13 44 86 42 54 87 7 29 52 47 8 62 
52 47 69 15 79 16 13 44 86 42 54 87 7 29 81 82 71 62 8 31 59 24 68 35 77 9 58 76 51 3 66 60 41 83 36 61 27 84 65 56 67 18 4 1 75 78 50 73 53 64 88 22 74 70 43 39 23 89 21 34 0 10 28 49 40 63 48 85 55 12 72 45 17 2 33 26 19 25 5 32 46 57 80 20 37 6 38 14 30 11 
51 3 58 9 66 60 41 83 36 61 50 78 73 20 53 64 88 23 89 21 34 14 38 43 39 30 11 49 28 55 63 48 85 40 12 72 45 17 2 26 19 25 33 80 46 57 32 5 56 67 65 84 27 4 18 1 75 37 22 6 74 70 10 0 15 69 79 16 86 42 54 44 13 47 52 29 87 7 81 82 71 62 8 31 59 24 68 35 77 76 
73 53 64 20 75 1 4 18 67 56 65 84 27 61 36 83 41 60 66 9 58 3 51 76 77 35 68 24 59 31 71 62 8 82 81 7 87 29 52 47 69 15 79 13 44 16 86 42 54 89 21 34 14 38 39 43 6 22 37 26 33 19 25 5 32 46 57 80 17 2 74 70 45 72 12 40 55 63 48 85 28 49 11 30 10 0 23 88 78 50 
45 72 12 40 55 63 48 85 28 10 49 11 30 38 14 34 0 21 89 29 87 7 52 47 69 15 79 16 44 13 86 42 54 8 62 71 82 81 31 59 24 68 35 77 58 3 51 76 9 66 60 41 83 36 61 27 84 18 4 1 50 78 75 73 20 37 22 6 43 39 23 88 64 53 26 19 25 5 56 67 65 32 46 80 57 17 2 33 74 70 
33 2 17 74 70 43 6 22 37 26 19 25 5 32 46 80 57 45 72 12 40 55 63 48 85 11 49 28 10 0 21 89 23 39 38 14 30 34 52 47 69 15 79 13 44 16 86 42 54 87 7 29 8 62 71 82 81 31 59 24 68 35 77 9 58 3 51 76 66 60 41 83 36 61 27 84 65 67 56 18 4 1 75 78 50 73 53 64 88 20 
51 58 3 35 68 24 59 31 71 82 81 8 62 7 87 29 52 47 69 15 79 16 13 44 54 42 86 21 89 39 43 38 14 34 0 10 28 49 11 30 23 6 74 70 45 72 12 40 55 63 85 48 57 46 32 56 67 18 4 1 75 50 78 73 20 53 64 88 22 37 26 19 33 2 17 80 25 5 65 84 27 61 36 83 41 60 66 9 77 76 
6 43 39 38 23 89 21 34 14 30 11 49 28 40 12 72 45 70 74 17 2 33 26 19 25 5 32 46 80 57 48 85 63 55 10 0 15 79 69 47 52 87 29 7 42 86 16 13 44 54 62 71 82 81 8 31 59 24 68 35 77 58 3 51 76 9 66 60 41 83 36 61 27 84 65 67 56 18 4 1 75 50 78 73 53 64 20 37 22 88 
63 55 40 12 72 45 17 80 46 57 32 25 5 19 26 33 2 6 43 38 39 23 89 21 34 14 30 11 49 28 10 0 15 69 79 16 86 42 54 44 13 47 52 87 7 29 81 82 71 62 8 31 59 24 68 35 77 58 51 3 76 9 66 60 41 83 36 61 50 78 75 1 4 18 67 56 65 84 27 73 53 64 20 37 22 88 74 70 48 85 
60 66 9 77 35 68 41 83 36 61 50 78 73 53 20 26 19 25 5 18 4 1 75 27 84 65 67 56 32 46 57 45 72 12 40 55 63 85 48 28 49 11 30 70 74 17 2 33 80 37 22 6 43 38 14 34 0 10 15 69 79 16 13 44 86 42 54 87 7 29 52 47 21 89 23 39 88 64 24 59 31 71 82 81 8 62 76 51 3 58 
48 85 63 55 40 12 72 45 17 74 70 43 38 14 34 0 10 11 49 28 30 39 23 89 21 69 15 79 16 44 13 86 42 54 87 7 29 52 47 8 62 71 82 81 31 59 24 68 35 77 9 58 3 51 76 66 60 41 83 36 61 27 84 65 56 67 18 4 1 75 50 78 73 20 53 64 88 6 22 37 26 2 33 19 25 5 32 46 80 57 
52 47 69 15 79 16 44 13 86 42 54 87 7 29 89 23 39 43 6 22 37 26 19 33 2 17 74 70 88 64 53 73 20 75 1 4 18 67 56 65 84 27 61 36 83 41 60 66 9 58 3 51 76 31 71 62 8 82 81 59 24 68 35 77 78 50 5 25 32 80 46 57 45 72 12 40 55 63 48 85 28 49 11 30 38 14 34 0 10 21 
21 34 14 38 39 23 89 52 47 69 15 79 16 13 44 54 42 86 87 7 29 81 71 82 8 62 31 59 24 68 35 77 58 3 51 76 9 66 60 41 83 78 75 1 4 18 67 56 65 84 27 61 36 50 73 53 64 88 37 20 22 6 43 30 11 49 28 40 55 63 48 85 12 72 45 17 2 33 26 19 25 5 32 46 57 80 70 74 10 0 
59 24 68 35 77 9 66 60 41 83 36 61 50 78 75 1 4 18 67 65 84 27 25 33 2 17 26 19 5 56 32 80 46 57 48 85 63 55 40 12 72 45 70 74 6 43 39 38 14 30 11 49 28 10 0 34 21 69 15 79 16 13 44 86 42 54 87 7 29 52 47 89 23 22 37 20 73 53 64 88 81 8 62 71 82 31 3 51 76 58 
66 60 41 83 36 61 50 1 75 78 73 53 64 20 37 22 6 43 39 23 88 74 70 17 2 33 26 19 25 5 18 4 27 84 65 67 56 32 46 80 45 72 12 40 55 63 85 48 57 34 21 0 10 28 49 11 30 14 38 89 52 47 69 15 79 16 13 44 86 42 54 7 87 29 81 82 71 62 8 31 59 24 68 35 77 9 58 51 3 76 
68 35 77 58 3 51 76 9 66 60 41 83 36 61 27 84 65 67 56 18 4 1 50 78 75 20 73 53 64 88 23 39 43 6 22 37 26 33 2 17 74 70 57 32 25 5 19 80 46 45 72 12 40 55 63 48 85 28 49 11 30 38 14 34 21 0 10 15 69 79 16 13 44 42 54 86 87 7 29 52 47 89 81 8 62 71 82 31 59 24 
32 46 80 33 2 17 74 70 72 45 57 12 40 55 63 48 85 28 49 11 30 14 38 39 23 89 21 34 0 10 15 69 79 16 13 44 86 42 54 87 7 29 52 47 81 82 71 8 62 31 59 24 68 35 77 58 51 3 76 9 66 60 41 83 36 61 27 84 65 67 18 4 1 75 50 78 73 20 53 64 88 22 6 43 37 26 19 25 5 56 
18 4 1 75 50 78 83 36 61 27 84 65 67 56 32 5 25 19 26 33 2 17 80 46 57 45 72 12 40 55 63 48 85 28 49 11 30 38 39 6 43 70 74 22 37 20 73 53 64 88 23 89 21 34 14 0 10 15 69 79 16 44 13 86 42 54 87 7 29 52 47 81 82 71 62 8 31 59 24 68 35 77 58 3 51 76 9 66 60 41 
70 74 6 43 38 14 30 34 0 10 28 49 11 39 23 89 21 52 47 69 15 79 13 44 16 86 42 54 7 87 29 8 62 71 82 81 31 59 24 68 35 77 58 51 76 3 9 66 60 41 83 36 61 27 84 65 67 56 5 25 19 26 33 2 17 45 72 12 40 55 63 48 85 57 46 80 32 4 18 1 75 78 50 73 20 53 64 88 22 37 
59 24 68 35 77 9 66 60 41 83 36 61 50 78 75 1 5 25 19 26 33 2 17 74 70 6 43 38 14 34 0 10 28 55 63 85 48 40 12 72 45 80 46 57 32 56 67 65 84 27 4 18 20 73 53 64 88 37 22 23 39 30 11 49 21 89 52 47 69 15 79 16 13 44 86 42 54 87 7 29 81 82 71 62 8 31 3 51 76 58 
81 82 71 8 62 31 59 24 68 35 77 9 58 3 51 76 66 60 41 83 36 61 50 78 73 20 53 64 88 39 23 38 30 14 34 0 10 11 49 28 55 63 48 85 40 12 72 45 17 2 26 19 33 80 46 57 32 25 5 67 56 65 84 27 4 18 1 75 37 22 6 43 70 74 89 21 52 47 69 15 79 16 13 44 86 42 54 29 87 7 
37 2 45 72 12 40 55 63 48 85 28 49 11 30 14 38 39 43 6 74 70 17 80 46 57 32 5 25 19 33 26 20 73 53 64 24 68 35 77 9 66 60 41 83 36 61 27 84 65 67 56 18 4 1 75 50 78 59 3 51 58 76 31 82 71 62 8 81 29 7 87 54 42 86 16 13 44 79 15 69 47 52 89 21 34 0 10 23 88 22 
19 26 2 33 25 5 18 4 1 75 50 61 36 83 41 60 66 9 76 51 3 58 77 35 68 24 59 31 71 62 8 81 82 7 87 52 47 69 15 79 16 13 44 42 86 54 29 89 21 34 0 10 49 28 55 40 12 72 45 17 74 70 43 6 22 37 20 53 64 88 23 39 38 14 30 11 85 63 48 57 46 80 32 56 67 65 84 27 78 73 
45 72 12 40 55 63 48 85 28 49 11 10 21 89 23 39 38 30 14 34 0 15 69 79 16 44 13 86 42 54 29 52 47 87 7 81 8 62 71 82 31 59 24 68 35 77 9 58 51 3 76 60 66 41 83 36 61 50 78 73 20 53 64 88 22 6 43 70 74 17 2 37 26 33 19 25 5 67 18 4 1 75 27 84 65 56 32 46 57 80 
23 39 38 30 14 34 21 89 29 52 47 69 15 79 16 44 13 86 42 54 87 7 81 82 8 62 71 31 59 24 68 35 77 9 58 51 3 76 66 60 41 83 36 61 50 27 84 67 56 65 18 4 1 75 78 73 53 64 20 37 22 6 70 72 45 17 2 33 19 26 80 25 5 32 46 57 48 85 63 55 40 12 49 28 10 0 11 43 74 88 
42 54 86 16 13 44 47 52 29 87 7 81 82 71 62 8 31 59 24 68 35 77 58 3 51 76 9 66 60 41 83 36 61 27 4 18 67 56 65 84 1 75 78 50 20 73 53 64 88 37 22 6 39 38 14 34 21 89 23 43 70 74 17 2 26 33 19 25 5 32 46 80 57 45 72 12 40 55 63 48 85 28 49 11 30 0 10 15 69 79 
81 82 71 31 59 24 68 35 77 9 58 3 51 76 66 60 41 83 36 61 50 78 75 1 19 26 33 25 5 56 67 65 84 27 4 18 32 46 57 17 80 2 37 20 53 73 64 88 22 6 43 38 14 34 0 10 49 28 55 63 48 85 40 12 72 45 70 74 23 39 30 11 21 89 52 47 69 15 79 16 13 44 86 42 54 87 29 7 8 62 
64 53 73 20 37 26 19 33 2 17 74 70 43 38 14 34 21 89 52 47 69 15 79 16 13 44 86 42 54 87 7 29 81 82 71 8 62 31 59 24 68 35 77 9 58 51 3 76 66 60 41 83 36 61 50 78 75 1 4 18 67 56 65 84 27 5 25 32 46 80 57 45 72 12 40 55 63 48 85 28 49 11 30 0 10 23 39 6 22 88 
25 5 18 4 1 75 73 53 64 88 22 37 26 2 17 74 70 6 43 39 38 30 14 34 21 89 29 52 47 69 15 79 16 13 44 86 42 54 87 7 8 81 82 71 62 31 59 24 68 35 77 9 58 51 76 3 66 60 41 83 36 61 50 78 27 84 65 67 56 32 80 46 57 45 72 12 40 55 63 48 85 28 49 11 10 0 23 20 19 33 
76 58 77 9 66 60 41 83 36 61 50 78 75 1 18 4 27 84 65 67 56 5 25 32 46 57 45 70 74 6 43 38 14 30 11 49 28 55 63 85 48 12 40 72 80 17 2 26 33 19 73 53 64 20 37 22 88 23 39 89 21 34 0 10 15 79 69 47 52 29 7 87 42 86 16 44 13 54 81 8 62 71 82 31 59 24 68 35 3 51 
58 51 3 76 77 9 66 60 41 83 36 61 27 84 65 56 67 18 4 1 75 78 50 73 53 64 20 37 22 6 43 39 38 14 30 11 49 28 55 63 48 85 40 12 72 45 17 2 33 26 19 25 5 32 46 57 80 70 74 88 23 89 21 34 0 10 15 69 79 47 52 54 42 86 16 44 13 87 7 29 81 82 71 62 8 31 59 24 68 35 
32 46 80 45 72 12 40 55 63 48 85 49 28 10 0 21 89 23 88 64 53 73 20 37 22 6 43 39 38 14 30 11 34 52 47 69 15 79 16 13 44 86 42 54 87 7 29 81 82 71 62 8 31 59 24 68 35 77 9 58 3 51 76 66 60 41 83 36 61 27 50 78 75 1 4 18 67 56 65 84 19 26 2 33 17 74 70 57 25 5 
84 27 4 18 67 56 65 25 5 32 80 46 57 45 72 12 40 55 63 48 85 28 49 11 30 14 38 39 43 6 74 70 17 2 33 19 26 20 73 53 64 88 22 37 23 89 21 34 0 10 15 79 69 47 52 29 87 7 44 13 16 86 42 54 8 62 71 82 81 31 59 24 68 35 77 9 58 3 51 76 66 60 41 83 36 61 50 78 75 1 
85 48 63 55 40 12 72 45 17 2 33 80 46 57 32 25 5 19 26 37 22 6 43 39 38 14 30 11 49 28 10 0 21 34 89 16 86 42 54 44 13 79 15 69 47 52 29 87 7 81 8 62 71 82 31 59 24 68 35 77 58 3 51 76 9 66 60 41 83 36 61 50 78 27 84 65 56 67 18 4 1 75 20 73 53 64 88 23 74 70 
59 24 68 35 77 58 3 51 76 9 66 60 41 83 36 61 27 84 65 56 67 18 4 1 50 78 73 53 64 88 22 6 43 39 38 14 30 11 49 28 55 63 48 85 40 12 72 45 17 2 33 80 46 57 32 25 19 26 37 20 75 5 70 74 23 89 21 34 0 10 15 69 79 16 13 44 86 42 54 87 7 29 52 47 81 82 71 62 8 31 
