16 5 20 11 1 4 21 18 10 12 8 24 19 23 2 26 9 7 25 0 3 22 13 17 15 6 29 14 28 27 
3 22 13 17 15 6 29 14 28 27 16 5 20 11 1 4 21 18 10 12 8 24 19 23 2 26 9 7 25 0 
1 4 18 21 10 12 8 24 19 23 2 26 9 7 25 0 3 22 13 17 15 6 29 14 28 27 16 5 20 11 
23 19 24 8 12 10 18 26 2 9 7 25 0 3 22 13 17 15 6 29 14 28 27 16 5 20 11 1 4 21 
16 5 20 11 1 4 21 18 10 12 8 24 19 23 2 26 9 7 25 0 3 22 13 17 15 6 29 14 28 27 
7 25 0 3 22 13 17 15 6 29 14 28 27 16 5 20 11 1 4 21 18 10 12 8 24 19 23 2 26 9 
7 25 0 3 22 13 17 15 6 29 14 28 27 16 5 20 11 1 4 21 18 10 12 8 24 19 23 2 26 9 
7 25 0 3 22 13 17 15 6 29 14 28 27 16 5 20 11 1 4 21 18 10 12 8 24 19 23 2 26 9 
17 15 6 29 14 28 27 16 5 20 11 1 4 21 18 10 12 8 24 19 23 2 26 9 7 25 0 3 22 13 
17 15 6 29 14 28 27 16 5 20 11 1 4 21 18 10 12 8 24 19 23 2 26 9 7 25 0 3 22 13 
17 15 6 29 14 28 27 16 5 20 11 1 4 21 18 10 12 8 24 19 23 2 26 9 7 25 0 3 22 13 
15 6 14 29 28 27 16 5 20 11 1 4 21 18 10 12 8 24 19 23 2 26 9 7 25 0 3 22 13 17 
15 6 14 29 28 27 16 5 20 11 1 4 21 18 10 12 8 24 19 23 2 26 9 7 25 0 3 22 13 17 
26 2 9 7 25 0 3 22 13 17 15 6 29 14 28 27 16 5 20 11 1 4 21 18 10 12 8 24 19 23 
26 2 9 7 25 0 3 22 13 17 15 6 29 14 28 27 16 5 20 11 1 4 21 18 10 12 8 24 19 23 
7 25 0 3 22 13 17 15 6 28 14 29 27 16 5 20 11 1 4 21 10 12 8 24 19 23 2 26 18 9 
21 18 26 2 9 7 25 0 3 22 13 17 15 6 29 14 28 27 16 5 20 11 1 8 24 19 23 10 12 4 
21 18 26 2 9 7 25 0 3 22 13 17 15 6 29 14 28 27 16 5 20 11 1 8 24 19 23 10 12 4 
20 5 16 4 27 28 14 29 15 6 17 13 22 3 0 25 7 9 2 26 18 21 12 10 23 19 24 8 1 11 
4 27 16 5 20 11 28 14 29 15 6 17 13 22 3 0 25 7 9 2 26 18 21 12 10 23 19 24 8 1 
28 14 29 6 15 17 13 22 3 0 25 7 9 2 26 18 21 12 10 23 19 24 8 1 11 20 5 16 4 27 
28 14 29 6 15 17 13 22 3 0 25 7 9 2 26 18 21 12 10 23 19 24 8 1 11 20 5 16 4 27 
2 26 18 21 12 10 23 19 24 8 1 4 27 16 5 20 11 28 14 29 15 6 17 13 22 3 0 25 7 9 
18 21 10 12 8 24 19 23 2 26 9 7 25 0 3 22 13 17 15 6 29 14 28 27 16 5 20 11 1 4 
16 5 20 11 28 14 29 15 6 17 13 22 3 0 25 7 9 2 26 18 21 12 10 23 19 24 8 1 4 27 
4 18 21 10 12 8 24 19 23 2 26 9 7 25 0 3 22 13 17 15 6 14 29 28 27 16 5 20 11 1 
14 29 6 15 17 13 22 3 0 25 7 9 2 26 23 19 24 8 12 10 18 21 4 1 16 5 20 11 27 28 
18 10 12 8 24 19 23 2 26 9 7 25 0 3 22 13 17 15 6 29 14 28 27 16 5 20 11 1 4 21 
27 16 5 20 11 1 4 18 10 21 12 8 24 19 23 2 26 9 7 25 0 3 22 13 17 15 6 29 14 28 
13 22 3 0 25 7 9 2 26 18 21 12 10 23 19 24 8 1 11 20 5 16 4 27 28 14 29 15 6 17 
12 10 21 18 26 2 9 7 25 0 3 22 13 17 15 6 29 14 28 27 4 16 5 20 11 1 8 24 19 23 
26 2 9 7 25 0 3 22 13 17 15 6 29 14 28 27 16 5 20 11 1 4 21 10 12 8 24 19 23 18 
26 2 9 7 25 0 3 22 13 17 15 6 29 14 28 27 16 5 20 11 1 4 21 10 12 8 24 19 23 18 
19 24 8 12 10 18 21 4 1 16 5 20 11 27 28 14 29 15 6 17 13 22 3 0 25 7 9 2 26 23 
19 24 8 12 10 18 21 4 1 16 5 20 11 27 28 14 29 15 6 17 13 22 3 0 25 7 9 2 26 23 
18 21 10 12 4 16 5 20 11 1 8 24 19 23 2 26 9 7 25 0 3 22 13 17 15 6 29 14 28 27 
11 20 5 16 27 28 14 29 15 6 17 13 22 3 0 25 7 9 2 26 23 19 24 8 12 10 18 21 4 1 
11 20 5 16 27 28 14 29 15 6 17 13 22 3 0 25 7 9 2 26 23 19 24 8 12 10 18 21 4 1 
11 20 5 16 27 28 14 29 15 6 17 13 22 3 0 25 7 9 2 26 23 19 24 8 12 10 18 21 4 1 
6 15 17 13 22 3 0 25 7 9 2 26 18 21 12 10 23 19 24 8 1 11 20 5 16 4 27 28 14 29 
25 0 3 22 13 17 15 6 29 14 28 27 16 5 20 11 1 4 21 10 12 8 24 19 23 2 26 18 9 7 
18 21 10 12 8 24 19 23 2 26 9 7 25 0 3 22 13 17 6 15 29 14 28 27 16 5 20 11 1 4 
18 21 10 12 8 24 19 23 2 26 9 7 25 0 3 22 13 17 6 15 29 14 28 27 16 5 20 11 1 4 
10 12 21 18 26 2 9 7 25 0 3 22 13 17 6 15 29 14 28 27 4 16 5 20 11 1 8 24 19 23 
10 12 21 18 26 2 9 7 25 0 3 22 13 17 6 15 29 14 28 27 4 16 5 20 11 1 8 24 19 23 
7 25 0 3 22 13 17 15 6 29 14 28 27 16 5 20 11 1 4 21 18 10 12 8 24 19 23 2 26 9 
18 10 12 8 24 19 23 2 26 9 7 25 0 3 22 13 17 15 6 28 14 29 27 16 5 20 11 1 4 21 
18 10 12 8 24 19 23 2 26 9 7 25 0 3 22 13 17 15 6 29 14 28 27 16 5 20 11 1 4 21 
18 10 12 8 24 19 23 2 26 9 7 25 0 3 22 13 17 15 6 29 14 28 27 16 5 20 11 1 4 21 
4 21 18 10 12 8 24 19 23 2 26 9 7 25 0 3 22 13 17 15 6 14 29 28 27 16 5 20 11 1 
4 21 18 10 12 8 24 19 23 2 26 9 7 25 0 3 22 13 17 15 6 14 29 28 27 16 5 20 11 1 
18 10 12 8 24 19 23 2 26 9 7 25 0 3 22 13 17 15 6 14 29 28 27 16 5 20 11 1 4 21 
10 12 21 18 26 2 9 7 25 0 3 22 13 17 15 6 29 14 28 27 4 16 5 20 11 1 8 24 19 23 
10 12 21 18 26 2 9 7 25 0 3 22 13 17 15 6 29 14 28 27 4 16 5 20 11 1 8 24 19 23 
10 12 21 18 26 2 9 7 25 0 3 22 13 17 15 6 29 14 28 27 4 16 5 20 11 1 8 24 19 23 
18 21 10 12 8 24 19 23 2 26 9 7 25 0 3 22 13 17 15 6 29 14 28 27 16 5 20 11 1 4 
22 13 17 15 6 29 14 28 27 16 5 20 11 1 4 21 18 10 12 8 24 19 23 2 26 9 7 25 0 3 
22 13 17 15 6 29 14 28 27 16 5 20 11 1 4 21 18 10 12 8 24 19 23 2 26 9 7 25 0 3 
22 13 17 15 6 29 14 28 27 16 5 20 11 1 4 21 18 10 12 8 24 19 23 2 26 9 7 25 0 3 
5 20 11 16 27 28 14 29 15 6 17 13 22 3 0 25 7 9 2 26 23 19 24 8 12 21 10 18 4 1 
21 10 12 8 24 19 23 2 26 9 7 25 0 3 22 13 17 15 6 14 29 28 27 16 5 20 11 1 4 18 
1 16 5 20 11 28 14 29 6 15 17 13 22 3 0 25 7 9 2 26 23 19 24 8 12 10 21 18 27 4 
11 20 5 16 4 21 18 10 12 8 24 19 23 2 26 9 7 25 0 3 22 13 17 15 6 29 14 28 27 1 
10 12 21 18 26 2 9 7 25 0 3 22 13 17 15 6 14 29 28 27 4 16 5 20 11 1 8 24 19 23 
16 5 20 11 27 28 14 29 6 15 17 13 22 3 0 25 7 9 2 26 23 19 24 8 12 10 21 18 4 1 
22 3 0 25 7 9 2 26 18 21 12 10 23 19 24 8 1 4 27 16 5 20 11 28 14 29 6 15 17 13 
22 3 0 25 7 9 2 26 18 21 12 10 23 19 24 8 1 4 27 16 5 20 11 28 14 29 6 15 17 13 
1 4 18 21 10 12 8 24 19 23 2 26 9 7 25 0 3 22 13 17 15 6 29 14 28 27 16 5 20 11 
27 28 14 29 6 15 17 13 22 3 0 25 7 9 2 26 18 21 4 12 10 23 19 24 8 1 11 20 5 16 
7 25 0 3 22 13 17 15 6 29 14 28 27 16 5 20 11 1 4 21 10 12 8 24 19 23 2 26 18 9 
3 22 13 17 15 6 29 14 28 27 16 5 20 11 1 4 21 10 12 8 24 19 23 2 26 18 9 7 25 0 
1 4 21 18 10 12 8 24 19 23 2 26 9 7 25 0 3 22 13 17 15 6 14 29 28 27 16 5 20 11 
1 4 21 18 10 12 8 24 19 23 2 26 9 7 25 0 3 22 13 17 15 6 14 29 28 27 16 5 20 11 
1 4 21 18 10 12 8 24 19 23 2 26 9 7 25 0 3 22 13 17 15 6 14 29 28 27 16 5 20 11 
29 14 28 27 18 21 10 12 4 16 5 20 11 1 8 24 19 23 2 26 9 7 25 0 3 22 13 17 15 6 
29 14 28 27 18 21 10 12 4 16 5 20 11 1 8 24 19 23 2 26 9 7 25 0 3 22 13 17 15 6 
9 7 25 0 3 22 13 17 15 6 29 14 28 27 16 5 20 11 1 4 21 10 12 8 24 19 23 2 26 18 
18 21 10 12 8 24 19 23 2 26 9 7 25 0 3 22 13 17 15 6 29 14 28 27 16 5 20 11 1 4 
18 21 10 12 8 24 19 23 2 26 9 7 25 0 3 22 13 17 15 6 29 14 28 27 16 5 20 11 1 4 
18 21 10 12 8 24 19 23 2 26 9 7 25 0 3 22 13 17 15 6 29 14 28 27 16 5 20 11 1 4 
18 21 10 12 8 24 19 23 2 26 9 7 25 0 3 22 13 17 15 6 29 14 28 27 16 5 20 11 1 4 
4 10 18 21 12 8 24 19 23 2 26 9 7 25 0 3 22 13 17 15 6 29 14 28 27 16 5 20 11 1 
18 21 10 12 8 24 19 23 2 26 9 7 25 0 3 22 13 17 15 6 29 14 28 27 16 5 20 11 1 4 
7 25 0 3 22 13 17 15 6 29 14 28 27 16 5 20 11 1 4 21 18 10 12 8 24 19 23 2 26 9 
7 25 0 3 22 13 17 15 6 29 14 28 27 16 5 20 11 1 4 21 10 12 8 24 19 23 2 26 18 9 
21 10 12 8 24 19 23 2 26 9 7 25 0 3 22 13 17 15 6 14 29 28 27 16 5 20 11 1 4 18 
7 25 0 3 22 13 17 15 6 29 14 28 27 4 16 5 20 11 1 8 24 19 23 12 10 21 18 26 2 9 
7 25 0 3 22 13 17 15 6 29 14 28 27 4 16 5 20 11 1 8 24 19 23 12 10 21 18 26 2 9 
27 18 10 12 21 4 16 5 20 11 1 8 24 19 23 2 26 9 7 25 0 3 22 13 17 15 6 29 14 28 
4 21 10 12 8 24 19 23 2 26 18 9 7 25 0 3 22 13 17 15 6 29 14 28 27 16 5 20 11 1 
26 2 9 7 25 0 3 22 13 17 15 6 29 14 28 27 16 5 20 11 1 4 21 10 12 8 24 19 23 18 
20 11 5 16 27 28 14 29 15 6 17 13 22 3 0 25 7 9 2 26 18 21 12 10 23 19 24 8 1 4 
23 19 24 8 1 4 27 16 5 20 11 28 14 29 15 6 17 13 22 3 0 25 7 9 2 26 18 21 12 10 
24 19 23 2 26 9 7 25 0 3 22 13 17 15 6 29 14 28 27 16 5 20 11 1 4 21 18 10 12 8 
24 19 23 2 26 9 7 25 0 3 22 13 17 15 6 29 14 28 27 16 5 20 11 1 4 21 18 10 12 8 
24 19 23 2 26 9 7 25 0 3 22 13 17 15 6 29 14 28 27 16 5 20 11 1 4 21 18 10 12 8 
4 21 18 10 12 8 24 19 23 2 26 9 7 25 0 3 22 13 17 15 6 29 14 28 27 16 5 20 11 1 
10 12 21 18 26 2 9 7 25 0 3 22 13 17 29 15 6 14 28 27 4 16 5 20 11 1 8 24 19 23 
25 0 3 22 13 17 15 6 29 14 28 27 16 5 20 11 1 4 21 18 10 12 8 24 19 23 2 26 9 7 
24 19 23 2 26 9 7 25 0 3 22 13 17 15 6 14 29 28 27 16 5 20 11 1 4 21 18 10 12 8 
