17 41 2 60 16 51 18 62 24 56 33 28 37 45 61 9 46 26 21 23 40 13 59 58 29 42 31 53 32 7 12 19 50 15 39 4 1 0 14 43 22 8 3 10 54 63 64 27 35 44 55 48 36 52 25 49 47 20 30 57 34 38 6 5 11 
20 34 57 30 47 49 25 52 36 48 55 44 35 27 64 63 54 10 3 8 22 43 14 0 1 15 4 39 50 19 12 46 26 21 23 7 32 53 42 31 29 58 59 40 13 37 45 61 9 11 5 17 41 2 60 28 33 18 62 24 56 51 16 6 38 
39 4 63 64 27 35 44 55 48 36 52 25 49 47 57 30 34 20 38 6 17 5 11 41 2 60 16 51 18 62 24 56 33 28 37 45 61 9 46 26 21 23 40 13 59 58 29 42 31 53 32 7 12 19 50 1 15 0 14 43 22 8 3 10 54 
57 34 20 47 49 25 52 36 48 55 44 35 27 64 63 54 10 3 8 22 43 14 0 1 15 39 4 50 19 12 46 26 21 23 7 32 53 31 42 29 58 59 40 13 37 45 61 9 11 5 17 41 2 60 16 51 18 28 33 56 24 62 38 6 30 
41 2 60 16 51 18 62 24 56 33 28 37 21 23 40 13 59 58 29 42 31 53 32 7 26 46 9 61 45 11 5 17 6 38 20 34 57 30 47 49 25 52 36 48 55 44 35 27 64 63 54 10 3 8 22 43 14 0 1 15 39 4 50 19 12 
18 62 51 16 60 2 41 17 5 11 6 38 20 34 57 30 47 49 25 52 36 48 55 44 35 27 64 63 54 10 3 8 22 43 14 0 1 15 39 4 50 19 12 46 26 21 23 7 32 53 31 42 29 58 59 40 13 37 45 61 9 28 33 56 24 
47 49 25 52 36 48 55 44 35 27 64 63 54 10 3 8 22 43 14 0 1 15 39 4 50 19 12 46 26 21 23 7 42 31 53 32 29 58 59 40 13 37 45 61 9 11 5 17 41 2 28 33 56 24 62 18 51 16 60 6 38 20 34 57 30 
18 33 28 37 45 61 9 46 26 21 23 40 13 59 58 29 53 32 31 42 7 12 19 50 4 39 15 1 0 14 43 22 8 3 10 54 63 64 27 35 44 55 48 36 52 25 49 47 57 30 34 20 38 6 17 5 11 41 2 16 60 51 62 24 56 
49 25 52 36 48 55 44 35 27 64 63 54 10 3 8 22 43 14 0 1 15 39 4 50 19 12 46 26 21 23 7 32 31 42 53 29 58 59 40 13 37 45 61 9 11 5 17 41 2 60 16 51 18 62 24 56 33 28 6 38 20 34 57 30 47 
22 8 3 10 54 63 64 27 35 44 55 48 36 52 25 49 47 57 30 34 20 38 16 51 18 62 24 56 33 28 60 2 41 17 6 5 11 9 61 45 37 13 40 59 58 29 42 31 53 32 7 23 21 26 46 12 50 19 1 15 39 4 0 14 43 
61 9 46 26 21 23 40 13 59 58 29 42 31 53 32 7 12 19 1 15 39 4 50 0 14 43 22 8 3 10 54 63 64 27 35 44 55 48 36 52 25 49 47 57 30 34 20 38 6 17 41 5 11 2 60 16 51 18 62 24 56 33 28 37 45 
47 49 25 52 36 48 55 44 35 27 64 63 54 10 3 8 22 43 14 0 1 15 39 4 50 19 12 46 26 7 32 42 31 53 29 58 59 13 40 23 21 37 45 61 9 11 5 17 41 2 60 16 51 62 24 56 33 18 28 6 38 20 34 57 30 
57 30 34 20 47 49 25 52 36 48 55 44 35 27 64 63 54 10 3 8 22 43 14 0 1 15 39 4 50 19 12 46 26 21 23 7 32 53 31 42 29 58 59 40 13 37 45 61 9 11 5 17 41 2 60 16 51 18 62 24 56 33 28 6 38 
14 43 22 8 3 10 54 63 64 27 35 44 55 48 36 52 25 49 47 34 57 30 20 38 51 18 62 24 56 33 28 60 16 2 41 17 6 5 11 9 61 45 37 13 40 59 58 29 42 31 53 32 7 23 21 26 46 12 19 1 15 39 4 50 0 
49 25 52 36 48 55 44 35 27 64 63 54 10 3 8 22 43 14 0 1 15 39 4 50 19 12 9 46 26 21 23 7 32 53 31 42 29 58 59 40 13 37 45 61 11 5 17 41 2 60 16 51 18 62 24 56 33 28 38 6 20 57 34 30 47 
20 34 57 30 47 49 25 52 36 48 55 44 35 27 64 63 54 10 3 8 22 43 14 0 1 15 39 4 50 19 12 46 26 21 23 7 32 53 31 42 29 58 59 13 40 37 45 61 9 11 5 17 6 41 2 60 16 51 62 24 56 33 28 18 38 
41 17 5 11 9 61 45 2 60 16 51 18 62 24 56 33 28 37 21 23 40 13 59 58 29 42 31 53 32 7 26 46 12 19 50 15 39 4 1 0 14 43 22 8 3 10 54 63 64 27 35 44 55 48 36 52 25 49 47 57 30 34 20 38 6 
23 21 26 46 12 19 50 1 15 39 4 52 25 49 47 57 30 34 20 38 6 17 41 2 60 16 51 18 62 24 56 33 28 37 45 61 9 11 5 36 48 55 44 35 27 64 63 54 10 3 8 22 43 14 0 7 42 31 32 53 29 58 59 13 40 
3 8 22 43 14 0 1 15 39 4 50 19 12 46 26 21 23 7 32 53 31 42 29 58 59 40 13 37 2 41 17 6 5 11 9 61 45 60 16 51 62 24 56 33 28 18 38 20 34 57 30 47 49 25 52 36 48 55 44 35 27 64 63 54 10 
21 23 7 32 53 31 42 29 58 59 40 13 37 45 61 9 11 5 17 41 2 60 16 51 18 62 24 56 33 28 6 38 20 34 57 30 47 49 25 52 36 48 55 44 35 27 64 63 54 10 3 8 22 43 14 0 1 15 39 4 19 50 12 46 26 
22 8 3 10 54 63 64 27 35 44 55 48 36 52 25 49 47 57 30 34 20 38 6 17 41 2 16 60 28 33 56 24 62 18 51 5 11 61 45 37 13 40 59 58 29 42 31 53 32 7 23 21 26 46 9 12 19 50 39 4 15 1 0 14 43 
15 39 4 50 19 12 46 26 21 23 7 32 53 31 42 29 58 59 40 13 37 45 61 9 11 5 17 41 2 60 16 51 18 62 24 56 33 28 6 38 20 34 57 30 47 49 25 52 36 48 55 44 35 27 64 63 54 10 8 3 22 43 14 0 1 
47 49 25 52 36 48 55 44 35 27 64 63 54 10 3 8 22 14 43 0 1 15 39 4 50 19 12 46 26 21 23 7 42 31 32 53 29 58 59 40 13 37 45 61 9 11 5 17 41 2 60 16 51 18 62 24 56 33 28 6 38 20 34 57 30 
47 49 25 52 36 48 55 44 35 27 64 63 54 10 3 8 22 43 14 0 1 15 39 4 50 12 19 46 26 21 23 7 32 53 31 42 29 58 59 13 40 37 45 61 9 11 5 17 41 2 16 51 62 24 56 33 18 28 60 6 38 20 34 57 30 
49 25 52 36 48 55 44 35 27 64 63 54 10 3 8 22 43 14 0 1 15 39 4 50 19 12 46 26 21 23 7 32 53 31 42 29 58 59 40 13 37 45 61 9 11 5 17 41 2 60 16 51 62 18 28 33 56 24 6 38 20 34 57 30 47 
39 4 15 1 0 14 43 22 8 3 10 54 63 64 27 35 44 55 48 36 52 25 49 47 57 30 34 20 38 6 17 5 11 41 2 60 16 51 18 62 24 56 33 28 37 45 61 9 46 26 21 23 59 13 40 58 29 42 31 53 32 7 19 12 50 
14 43 22 8 3 10 54 63 64 27 35 44 55 48 36 52 25 49 47 57 30 34 20 38 6 17 41 11 5 61 45 2 60 16 51 18 62 24 56 33 28 37 21 23 40 13 59 58 29 42 31 53 32 7 26 46 9 12 19 50 1 15 39 4 0 
25 52 36 48 55 44 35 27 64 63 54 10 3 8 22 43 14 0 1 15 39 4 50 19 12 46 26 21 23 40 13 59 58 29 42 31 53 32 7 37 45 61 9 11 5 17 41 2 60 16 51 62 24 56 33 28 18 6 38 20 34 57 30 47 49 
22 8 3 10 54 63 64 27 35 44 55 48 36 52 25 49 47 57 30 34 20 38 16 51 18 62 24 56 33 28 60 2 41 17 6 5 11 9 61 45 37 13 40 59 58 29 42 31 53 32 7 23 21 26 46 12 50 19 1 15 39 4 0 14 43 
9 11 5 6 17 41 2 60 16 51 18 28 33 56 24 62 38 20 34 57 30 47 49 25 52 36 48 55 44 35 27 64 63 54 10 3 8 22 43 14 0 1 15 39 4 50 19 12 46 26 21 23 7 32 53 31 42 29 58 59 40 13 37 61 45 
47 49 25 52 36 48 55 44 35 27 64 63 54 10 3 8 22 43 14 0 1 15 39 4 50 19 12 46 26 21 23 7 42 31 32 53 29 58 59 40 13 37 45 61 9 11 5 17 6 41 2 16 60 51 18 28 33 56 24 62 38 20 34 57 30 
47 49 25 52 36 48 55 44 35 27 64 63 54 10 3 8 22 14 43 0 1 15 39 4 50 19 12 46 26 21 23 7 32 53 31 42 29 58 59 13 40 37 45 61 9 11 5 17 41 2 16 60 51 18 62 24 56 33 28 6 38 20 34 57 30 
45 61 9 46 26 21 23 7 32 53 31 42 29 58 59 40 13 37 28 33 56 24 62 18 51 16 60 2 41 17 6 38 20 34 30 57 47 49 25 52 36 48 55 44 35 27 64 63 54 10 3 8 22 14 43 0 1 15 39 4 50 19 12 11 5 
53 31 42 29 58 59 40 13 23 21 26 46 9 61 45 2 60 16 51 18 62 24 56 33 28 37 11 5 17 41 6 38 20 34 57 30 47 49 25 52 36 48 55 44 35 27 64 63 54 10 3 8 22 43 14 0 1 15 39 4 50 19 12 7 32 
15 39 4 50 12 19 1 0 14 43 22 8 3 10 54 63 64 27 35 44 55 48 36 52 25 49 47 57 30 34 20 38 6 17 41 2 60 16 51 62 24 56 33 28 18 37 45 61 11 5 9 46 26 21 23 40 13 59 58 29 42 31 53 32 7 
57 34 20 47 49 25 52 36 48 55 44 35 27 64 63 54 10 3 8 22 43 14 0 1 15 39 4 50 19 12 46 26 21 23 7 32 53 31 42 29 58 59 40 13 37 45 61 9 11 5 17 41 2 60 16 51 18 28 33 56 24 62 38 6 30 
31 42 29 58 59 40 13 37 45 61 9 11 17 41 2 60 16 51 62 24 56 33 28 18 38 6 5 52 25 49 47 20 34 57 30 36 48 55 44 35 27 64 63 54 10 3 8 22 43 14 0 1 15 39 4 19 50 12 46 26 21 23 7 32 53 
63 64 27 35 44 55 48 36 52 25 49 47 57 34 30 20 38 6 41 17 5 11 9 61 45 2 60 16 51 18 62 24 56 33 28 37 21 23 40 13 59 58 29 42 31 53 32 7 26 46 12 19 50 1 15 39 4 0 14 43 22 8 3 10 54 
10 54 63 64 27 35 44 55 48 36 52 25 49 47 30 57 34 20 38 6 17 41 11 5 9 61 45 2 60 16 51 62 24 56 33 28 18 37 13 40 59 58 29 42 31 53 32 7 23 21 26 46 12 19 50 4 39 15 1 0 14 43 22 8 3 
53 31 42 29 58 59 40 13 23 21 26 46 9 61 45 2 60 16 51 18 62 24 56 33 28 37 11 5 17 41 6 38 20 34 57 30 47 49 25 52 36 48 55 44 35 27 64 63 54 10 3 8 22 43 14 0 1 15 39 4 50 19 12 7 32 
40 13 59 58 29 42 31 53 32 7 23 21 26 9 61 45 37 28 33 56 24 62 18 51 16 60 2 41 17 5 11 6 38 20 34 57 30 47 49 25 52 36 48 55 44 35 27 64 63 54 10 3 8 22 43 14 0 1 15 39 4 50 19 12 46 
20 34 57 30 47 49 25 52 36 48 55 44 35 27 64 63 54 10 3 8 22 14 43 0 1 15 39 4 19 50 12 46 26 21 23 7 32 53 31 42 29 58 59 40 13 37 45 61 9 11 5 17 41 2 60 16 51 18 62 24 56 33 28 6 38 
4 39 15 1 19 12 46 26 21 23 7 32 53 31 42 29 58 59 40 13 37 45 61 9 11 5 17 41 2 16 51 18 62 24 56 33 28 60 6 38 20 34 57 30 47 49 25 52 36 48 55 44 35 27 64 63 54 10 3 8 22 43 14 0 50 
30 57 34 20 47 49 25 52 36 48 55 44 35 27 64 63 54 10 3 8 22 43 14 0 1 15 39 4 50 19 12 46 26 21 23 7 32 53 31 42 29 58 59 40 13 37 45 61 9 11 5 17 41 2 60 16 51 18 28 33 56 24 62 38 6 
63 64 27 35 44 55 48 36 52 25 49 47 57 34 30 20 38 16 60 51 18 62 24 56 33 28 2 41 17 6 5 11 61 45 37 13 40 59 58 29 42 31 53 32 7 23 21 26 46 9 12 19 50 1 15 39 4 0 14 43 22 8 3 10 54 
46 26 21 23 7 32 53 31 42 29 58 59 13 40 37 45 61 9 11 5 17 6 41 2 60 16 51 18 62 24 56 33 28 38 20 34 57 30 47 49 25 52 36 48 55 44 35 27 64 63 54 10 3 8 22 43 14 0 1 15 39 4 50 19 12 
16 60 51 18 62 24 56 33 28 2 41 17 6 38 20 34 57 30 47 49 25 52 36 48 55 44 35 27 64 63 54 10 3 8 22 43 14 0 1 15 39 4 50 19 12 46 26 21 23 7 42 31 32 53 29 58 59 40 13 37 45 61 9 11 5 
47 49 25 52 36 48 55 44 35 27 64 63 54 10 3 8 22 43 14 0 1 15 39 4 50 19 12 46 26 21 23 7 42 31 53 32 29 58 59 40 13 37 45 61 9 11 5 17 41 2 16 51 18 62 24 56 33 28 60 6 38 20 34 30 57 
5 17 41 2 60 16 51 18 62 24 56 33 28 6 38 49 47 20 34 57 30 36 48 55 44 35 27 64 63 54 10 3 8 22 43 14 0 1 15 39 4 52 25 50 19 12 46 26 21 23 7 32 53 31 42 29 58 59 40 13 37 45 61 9 11 
22 8 3 10 54 63 64 27 35 44 55 48 36 52 25 49 47 57 30 34 20 38 16 51 18 62 24 56 33 28 60 2 41 17 6 5 11 9 61 45 37 13 40 59 58 29 42 31 53 32 7 23 21 26 46 12 50 19 1 15 39 4 0 14 43 
47 49 25 52 36 48 55 44 35 27 64 63 54 10 3 8 22 43 14 0 1 15 39 4 50 19 12 46 26 21 23 7 32 53 31 42 29 58 59 40 13 37 45 61 9 11 5 17 41 2 16 51 18 62 24 56 33 28 60 6 38 20 34 57 30 
8 3 10 54 63 64 27 35 44 55 48 36 52 25 49 47 57 30 34 20 38 6 17 41 2 11 5 16 60 51 18 62 24 56 33 28 37 45 61 9 46 26 21 23 40 13 59 58 29 42 31 53 32 7 12 19 50 15 39 4 1 0 14 43 22 
6 41 2 60 16 51 18 28 33 56 24 62 38 20 34 57 30 47 49 25 52 36 48 55 44 35 27 64 63 54 10 3 8 22 14 43 0 1 15 39 4 50 19 12 46 26 21 23 7 53 32 31 42 29 58 59 40 13 37 45 61 9 11 5 17 
55 44 35 27 64 63 54 10 3 8 22 43 14 0 1 15 39 4 50 19 12 46 26 21 23 7 32 53 31 42 29 58 59 40 13 37 45 61 9 11 5 17 41 2 60 51 18 62 24 56 33 28 16 6 38 20 34 30 57 47 49 25 52 36 48 
47 49 25 52 36 48 55 44 35 27 64 63 54 10 3 8 22 43 14 0 1 15 39 4 50 12 19 46 26 21 23 7 32 53 31 42 29 58 59 40 13 37 45 61 9 11 6 17 5 41 2 60 16 51 62 24 56 33 28 18 38 20 34 57 30 
47 49 25 52 36 48 55 44 35 27 64 63 54 10 3 8 22 43 14 0 1 15 39 4 50 12 19 46 26 21 23 40 13 59 58 29 42 31 53 32 7 9 61 45 37 28 33 56 24 62 18 51 16 60 2 41 17 5 11 6 38 20 34 57 30 
39 4 50 19 12 46 26 21 23 40 59 13 37 45 61 9 11 5 17 41 2 60 16 51 18 62 24 56 33 28 6 38 20 34 57 30 47 49 25 52 36 48 55 44 35 27 64 63 54 10 3 8 22 14 43 32 53 31 42 29 58 7 0 1 15 
57 34 20 47 49 25 52 36 48 55 44 35 27 64 63 54 10 3 8 22 14 43 0 1 15 39 4 50 19 12 46 26 21 23 7 32 53 31 42 29 58 59 40 13 37 45 61 9 11 5 17 41 2 60 16 51 18 62 24 56 33 28 6 38 30 
36 48 55 44 35 27 64 63 54 10 3 8 22 43 14 0 1 15 39 4 19 50 12 46 26 21 23 59 40 13 58 29 42 31 53 32 7 9 11 5 17 41 2 60 16 51 18 62 24 56 33 28 37 45 61 6 38 20 34 57 30 47 49 25 52 
31 53 32 7 23 21 26 46 9 61 45 37 28 18 33 56 24 62 51 16 60 2 41 11 5 17 6 38 20 34 57 30 47 49 25 52 36 48 55 44 35 27 64 63 54 10 3 8 22 43 14 0 1 15 39 4 50 19 12 13 40 59 58 29 42 
64 27 35 44 55 48 36 52 25 49 47 57 34 30 20 38 6 17 41 2 60 16 51 18 62 24 56 33 28 37 40 13 59 58 29 42 31 53 32 7 23 21 26 46 9 61 45 11 5 50 19 12 1 15 39 4 0 14 43 22 8 3 10 54 63 
47 49 25 52 36 48 55 44 35 27 64 63 54 10 3 8 22 43 14 0 1 15 39 4 50 19 12 46 26 21 23 7 42 31 53 32 29 58 59 40 13 37 45 61 9 11 5 17 41 2 60 16 51 62 24 56 33 28 18 6 38 20 34 57 30 
21 23 40 13 59 58 29 42 31 53 32 7 26 46 9 61 45 37 33 28 18 62 24 56 51 16 60 2 41 11 5 17 6 38 20 34 57 30 47 49 25 52 36 48 55 44 35 27 64 63 54 10 3 8 22 43 14 0 1 15 39 4 50 19 12 
47 49 25 52 36 48 55 44 35 27 64 63 54 10 3 8 22 43 14 0 1 15 39 4 50 19 12 46 26 21 23 7 32 53 31 42 29 58 59 40 13 37 45 61 9 11 5 17 41 2 60 16 51 18 62 24 56 33 28 6 38 20 34 57 30 
64 27 35 44 55 48 36 52 25 49 47 57 30 34 20 38 6 17 5 11 41 2 60 16 51 18 62 24 56 33 28 37 45 61 9 46 26 21 23 40 13 59 58 29 42 31 53 32 7 12 19 50 1 15 39 4 0 43 14 22 8 3 10 54 63 
23 21 26 46 9 61 45 2 41 17 6 38 20 34 57 30 47 49 25 52 36 48 55 44 35 27 64 63 54 10 3 8 22 43 14 0 1 15 39 4 50 19 12 11 5 16 60 51 18 62 24 56 33 28 37 13 40 59 58 29 42 31 53 32 7 
41 2 60 16 51 18 62 24 56 33 28 37 45 61 9 46 26 23 21 40 13 59 58 29 42 31 53 32 7 0 1 19 12 50 15 39 4 63 54 10 3 8 22 43 14 64 27 35 44 55 48 36 52 25 49 47 57 30 34 20 38 6 17 5 11 
27 35 44 55 48 36 52 25 49 47 57 34 30 20 38 6 17 41 2 60 16 51 18 62 24 56 33 28 37 45 61 9 46 12 19 1 15 39 4 50 5 11 26 21 23 40 13 59 58 29 42 31 53 32 7 0 14 43 22 8 3 10 54 63 64 
39 4 15 1 19 50 12 46 26 21 23 40 13 59 58 29 42 31 53 32 7 0 14 43 22 8 3 10 54 63 64 27 35 44 55 48 36 52 25 49 47 57 34 30 20 38 6 17 5 11 41 2 60 16 51 18 62 24 56 33 28 37 45 61 9 
6 17 5 11 41 2 16 60 28 18 33 56 24 62 51 38 20 34 57 30 47 49 25 52 36 48 55 44 35 27 64 63 54 10 3 8 22 14 43 0 1 15 39 4 50 19 12 46 26 21 23 7 32 53 31 42 29 58 59 40 13 37 45 61 9 
47 49 25 52 36 48 55 44 35 27 64 63 54 10 3 8 22 43 14 0 1 15 39 4 50 19 12 46 26 21 23 40 13 59 58 29 42 31 53 32 7 37 45 61 9 11 5 17 41 2 16 60 51 18 62 24 56 33 28 6 38 20 34 57 30 
25 52 36 48 55 44 35 27 64 63 54 10 3 8 22 43 14 0 1 15 39 4 50 19 12 9 61 45 37 21 23 40 13 59 58 29 42 31 53 32 7 26 46 11 5 17 41 2 60 16 51 18 62 24 56 33 28 6 38 20 34 57 30 47 49 
21 23 7 32 53 31 42 29 58 59 40 13 37 45 61 9 11 5 17 41 2 60 16 51 18 62 24 56 33 28 6 38 20 34 57 30 47 49 25 52 36 48 55 44 35 27 64 63 54 10 3 8 22 43 14 0 1 15 39 4 19 50 12 46 26 
52 25 49 47 20 34 57 30 36 48 55 44 35 27 64 63 54 10 3 8 22 43 14 0 1 15 39 4 50 19 12 46 26 21 23 7 32 53 31 42 29 58 59 13 40 37 45 61 9 11 5 17 41 2 60 16 51 18 62 24 56 33 28 38 6 
30 57 34 20 47 49 25 52 36 48 55 44 35 27 64 63 54 10 3 8 22 43 14 0 1 15 39 4 50 19 12 46 26 21 23 7 42 31 32 53 29 58 59 40 13 37 45 61 9 11 17 5 41 2 60 51 18 62 24 56 33 28 16 6 38 
54 10 3 8 22 43 14 0 1 15 39 4 50 19 12 46 26 21 23 7 32 53 31 42 29 58 59 40 13 37 45 61 9 11 5 17 41 2 60 16 51 62 24 56 33 28 18 38 6 49 47 20 34 57 30 48 36 52 25 55 44 35 27 64 63 
23 21 61 45 2 60 16 51 18 62 24 56 33 28 37 13 40 59 58 29 42 31 53 32 7 26 46 9 11 5 17 41 6 38 20 34 30 57 47 49 25 52 36 48 55 44 35 27 64 63 54 10 3 8 22 43 14 0 1 15 39 4 50 19 12 
57 30 34 20 47 49 25 52 36 48 55 44 35 27 64 63 54 10 3 8 22 43 14 0 1 15 39 4 50 19 12 46 26 21 23 7 32 53 31 42 29 58 59 40 13 37 45 61 9 11 5 17 41 2 60 16 51 18 62 24 56 33 28 6 38 
6 17 5 11 9 61 45 2 60 16 51 18 28 33 56 24 62 38 20 34 57 30 47 49 25 52 36 48 55 44 35 27 64 63 54 10 3 8 22 43 14 0 1 15 39 4 50 19 12 46 26 7 32 53 31 42 29 58 59 40 13 23 21 37 41 
34 57 30 47 49 25 52 36 48 55 44 35 27 64 63 54 10 3 8 22 43 14 0 1 15 39 4 50 19 12 26 21 23 40 13 59 58 29 42 31 53 32 7 46 9 61 45 37 28 33 18 62 24 56 51 16 60 2 41 17 5 11 6 38 20 
46 9 61 45 2 41 17 6 38 20 34 57 30 36 48 55 44 35 27 64 63 54 10 3 8 22 43 14 0 1 19 12 50 15 39 4 52 25 49 47 5 11 60 16 51 18 62 24 56 33 28 37 13 40 59 58 29 42 31 53 32 7 23 21 26 
41 17 5 11 2 60 16 51 18 62 24 56 33 28 37 45 61 9 46 26 21 23 40 13 59 58 29 42 31 53 32 7 1 15 39 4 50 19 12 0 14 43 22 8 3 10 54 63 64 27 35 44 55 48 36 52 25 49 47 57 34 30 20 38 6 
19 12 50 4 39 15 1 0 14 43 22 8 3 10 54 63 64 27 35 44 55 48 36 52 25 49 47 57 34 30 20 38 6 17 5 11 41 2 60 16 51 18 62 24 56 33 28 37 45 61 9 46 26 21 23 40 13 59 58 29 42 31 53 32 7 
34 57 30 47 49 25 52 36 48 55 44 35 27 64 63 54 10 3 8 22 43 14 0 1 15 39 4 50 19 12 46 26 21 23 7 32 53 31 42 29 58 59 40 13 37 45 61 9 11 5 17 41 2 60 16 51 18 62 24 56 33 28 6 38 20 
4 39 15 1 19 12 46 26 21 23 7 32 53 31 42 29 58 59 40 13 37 45 61 9 11 5 17 41 2 16 51 18 62 24 56 33 28 60 6 38 20 34 57 30 47 49 25 52 36 48 55 44 35 27 64 63 54 10 3 8 22 43 14 0 50 
4 39 15 1 19 50 12 46 26 7 23 21 40 13 59 58 29 42 31 53 32 0 14 43 22 8 3 10 54 63 64 27 35 44 55 48 36 52 25 49 47 20 34 57 30 38 6 17 5 11 41 2 60 16 51 18 62 24 56 33 28 37 45 61 9 
25 52 36 48 55 44 35 27 64 63 54 10 3 8 22 43 14 0 15 39 4 1 19 12 50 46 26 21 23 7 32 53 31 42 29 58 59 40 13 37 45 61 9 11 5 17 6 41 2 60 16 51 62 18 28 33 56 24 38 20 34 57 30 47 49 
63 64 27 35 44 55 48 36 52 25 49 47 57 30 34 20 38 6 17 5 11 41 2 60 16 51 18 62 24 56 33 28 37 45 61 9 46 26 23 21 40 13 59 58 29 42 31 53 32 7 19 50 12 1 15 39 4 0 14 43 22 8 3 10 54 
20 34 57 30 47 49 25 52 36 48 55 44 35 27 64 63 54 10 3 8 22 43 14 0 1 15 39 4 50 19 12 46 26 21 23 7 32 53 31 42 29 58 59 40 13 37 45 61 9 11 41 17 5 6 16 60 2 28 18 62 24 56 33 51 38 
52 25 49 47 57 30 34 20 38 6 17 41 2 60 16 51 18 62 24 56 33 28 37 45 61 9 11 5 4 39 15 1 19 12 50 46 26 21 23 40 13 59 58 29 42 31 53 32 7 0 14 43 22 8 3 10 54 63 64 27 35 44 55 48 36 
45 61 9 46 26 21 23 40 13 59 58 29 42 31 53 32 7 1 15 39 4 52 25 49 47 20 34 57 30 36 48 55 44 35 27 64 63 54 10 3 8 22 43 14 0 12 19 50 5 11 2 41 17 6 38 60 16 51 18 62 24 56 33 28 37 
63 64 27 35 44 55 48 36 52 25 49 47 57 30 34 20 38 6 17 5 11 61 45 2 41 16 60 51 18 62 24 56 33 28 37 21 23 40 13 59 58 29 53 31 42 32 7 26 46 9 12 19 50 1 15 39 4 0 14 43 22 8 3 10 54 
57 30 47 49 25 52 36 48 55 44 35 27 64 63 54 10 3 8 22 14 43 0 1 15 39 4 50 19 12 46 26 7 32 53 31 42 29 58 59 40 13 21 23 37 45 61 9 11 5 17 41 2 60 16 51 62 24 56 33 28 18 38 6 20 34 
48 36 52 25 49 47 57 30 34 20 38 6 51 18 62 24 56 33 28 60 16 2 41 17 5 11 61 45 37 21 23 59 40 13 58 29 42 31 53 32 7 26 46 9 12 19 50 4 39 15 1 0 14 43 22 8 3 10 54 63 64 27 35 44 55 
48 55 44 35 27 64 63 54 10 3 8 22 43 14 0 1 15 39 4 50 19 12 46 26 21 23 40 13 59 58 29 42 31 53 32 7 61 45 2 60 16 51 18 62 24 56 33 28 37 9 11 5 17 41 6 38 20 34 57 30 47 49 25 52 36 
27 64 63 54 10 8 3 22 43 14 0 1 15 39 4 50 19 12 46 26 21 23 7 32 53 31 42 29 58 59 13 40 37 45 61 9 11 5 17 6 41 2 60 16 51 18 28 33 56 24 62 38 20 34 57 30 47 49 25 52 36 48 55 44 35 
21 23 7 32 53 31 42 29 58 59 40 13 37 45 61 9 11 5 17 41 2 60 16 51 18 62 24 56 33 28 6 38 20 34 57 30 47 49 25 52 36 48 55 44 35 27 64 63 54 10 3 8 22 43 14 0 1 15 39 4 19 50 12 46 26 
15 1 19 50 12 46 26 21 23 40 13 59 58 29 42 31 53 32 7 0 14 43 22 8 3 10 54 63 64 27 35 44 55 48 36 52 25 49 47 30 34 57 20 38 6 17 41 2 60 16 51 62 24 56 18 28 33 37 45 61 9 11 5 4 39 
11 41 2 60 16 51 18 62 24 56 33 28 37 45 61 9 46 26 21 23 40 13 59 58 29 42 31 53 32 7 12 19 50 1 15 39 4 0 14 43 22 8 3 10 54 63 64 27 35 44 55 48 36 52 25 49 47 20 34 57 30 38 6 17 5 
9 46 26 21 23 40 13 59 58 29 42 31 53 32 7 12 19 50 39 4 15 1 0 14 43 22 8 3 10 54 63 64 27 35 44 55 48 36 52 25 49 47 57 30 34 20 38 6 17 41 2 60 16 51 18 28 33 56 24 62 37 45 61 11 5 
