58 48 25 47 17 49 4 57 28 20 43 23 19 70 2 56 65 45 21 77 32 79 18 34 73 83 84 69 54 55 24 16 30 66 14 60 61 74 12 10 75 6 78 13 42 31 39 36 44 59 68 53 82 3 51 80 76 81 5 0 15 1 29 72 64 50 22 40 11 67 7 63 71 62 9 33 27 41 37 35 46 52 26 8 38 
48 25 58 52 11 67 7 63 71 79 32 77 21 40 69 54 55 61 74 24 16 30 66 14 60 12 10 75 6 78 13 42 31 39 36 44 59 68 53 3 82 80 76 81 5 0 15 1 29 50 64 72 22 84 83 73 34 18 33 27 9 62 41 37 35 46 26 8 38 47 17 49 4 57 28 20 43 23 19 51 70 2 56 65 45 
32 79 71 63 7 46 35 37 41 62 9 27 33 18 34 73 83 84 69 54 55 61 74 24 16 30 66 14 60 12 10 75 6 78 13 42 31 39 36 44 59 68 53 51 3 82 80 76 81 5 0 15 1 29 72 64 22 50 65 45 48 25 47 58 52 26 8 38 17 49 4 28 57 20 43 23 19 70 2 56 11 67 21 40 77 
83 84 69 54 55 61 74 24 16 30 66 14 60 12 10 75 6 78 13 42 31 39 36 44 59 68 53 3 82 80 76 81 5 0 15 1 29 72 64 50 65 45 21 77 40 11 67 7 63 62 9 33 27 41 37 35 46 26 38 8 52 58 48 25 47 17 49 4 28 57 20 43 23 19 51 70 2 56 22 32 79 71 18 34 73 
30 66 14 60 24 16 22 55 54 69 40 77 21 32 79 71 63 7 67 11 52 58 47 25 48 45 65 56 1 15 36 44 59 68 53 80 76 81 5 0 3 82 51 19 23 43 70 2 20 57 28 4 17 49 38 8 26 46 35 37 41 9 62 33 27 18 34 73 83 84 61 74 12 10 75 6 78 13 42 31 39 29 72 64 50 
29 1 15 59 68 53 82 3 23 43 20 57 28 4 25 47 17 49 38 8 26 46 35 37 41 27 33 9 62 71 63 7 67 11 21 77 32 79 18 34 73 83 84 69 54 55 61 74 24 16 30 66 14 60 12 10 75 6 78 13 42 31 39 36 44 0 5 81 76 80 51 19 70 2 56 65 48 58 52 45 40 22 64 50 72 
46 35 26 8 38 49 17 4 28 57 20 23 43 2 70 19 51 3 82 80 76 81 5 0 53 68 59 44 36 39 29 72 64 22 40 77 21 11 67 7 63 71 79 32 52 48 58 47 25 45 65 50 56 1 15 31 42 13 78 6 75 10 12 74 24 16 30 66 14 60 61 55 54 69 84 83 73 34 18 62 9 33 27 41 37 
51 19 70 23 43 20 57 28 4 17 49 38 8 26 35 37 41 62 9 27 33 18 34 73 83 84 69 54 55 61 74 24 16 30 66 14 60 12 10 75 6 78 13 42 31 39 36 44 59 68 53 82 80 76 81 5 0 15 1 29 72 64 22 40 77 21 11 67 7 63 71 79 32 52 46 47 58 25 48 45 65 56 50 2 3 
69 54 55 61 74 24 16 30 66 14 60 12 10 75 6 78 13 42 31 39 36 44 59 68 53 80 76 81 5 0 15 1 29 72 64 50 22 40 21 77 32 79 71 63 7 67 11 52 58 25 48 45 65 56 2 3 82 51 19 70 23 43 20 57 28 4 47 17 49 38 26 8 35 46 37 41 62 9 27 33 18 34 73 83 84 
12 10 75 6 78 13 42 31 39 36 44 59 68 53 80 76 81 5 0 82 3 51 19 23 43 2 70 20 57 28 4 47 17 49 38 8 26 46 35 37 41 62 9 27 33 18 34 73 83 84 40 21 77 32 79 71 63 7 67 11 52 58 48 25 45 65 56 1 15 29 72 64 50 22 54 69 55 61 74 24 16 30 66 14 60 
41 37 35 46 26 8 38 47 17 49 4 57 28 20 43 23 19 51 70 2 25 48 58 52 11 67 7 63 71 79 32 77 21 22 40 69 54 55 61 74 24 16 30 66 14 60 12 10 75 6 78 13 42 31 39 36 44 59 68 53 3 82 80 76 81 5 0 15 1 29 72 64 50 65 56 45 84 83 73 34 18 9 62 27 33 
67 11 21 45 65 50 64 22 54 55 61 74 24 16 30 66 14 60 12 10 75 6 78 13 42 31 39 36 44 59 68 53 76 81 5 0 80 82 3 51 19 70 2 25 47 58 48 52 7 63 71 79 32 77 40 69 84 83 73 34 18 62 9 33 27 41 37 35 46 26 8 38 49 17 4 28 57 20 43 23 56 1 15 29 72 
11 67 7 63 71 62 9 33 27 41 37 35 8 38 26 46 52 58 48 25 47 17 49 4 28 57 20 43 23 19 51 82 3 53 80 76 81 5 0 15 1 29 72 64 50 65 45 21 77 40 69 54 55 61 74 24 16 30 66 14 60 12 10 75 6 78 13 42 31 39 36 44 59 68 70 2 56 22 84 83 73 34 18 79 32 
16 30 66 14 60 24 55 54 69 40 77 32 79 71 63 7 67 11 52 48 58 47 25 2 70 3 82 80 76 81 5 0 44 59 68 53 51 19 23 43 20 57 28 4 17 49 38 26 46 35 8 37 41 62 9 27 33 18 34 73 83 84 21 45 56 65 50 64 72 29 1 15 36 39 31 42 13 78 6 75 10 12 74 61 22 
23 19 51 70 3 82 80 76 81 5 0 53 68 59 44 36 39 29 72 64 50 22 54 55 61 74 24 16 30 66 14 60 12 10 75 6 78 13 42 31 15 1 56 65 45 11 67 7 63 71 62 9 33 27 41 37 35 46 26 8 38 32 77 21 40 69 84 83 73 34 18 79 52 58 48 25 47 17 49 4 57 28 20 43 2 
2 25 58 48 52 46 26 8 35 37 41 62 9 27 33 18 34 73 83 84 69 40 21 77 32 79 71 63 7 67 11 45 65 50 29 72 64 22 54 55 61 74 24 16 30 66 14 60 12 10 75 6 78 13 42 31 39 36 44 59 68 53 3 82 80 76 81 5 0 51 19 23 43 20 57 28 4 17 49 38 47 56 1 15 70 
70 19 23 43 20 57 28 4 17 49 38 8 26 46 52 11 67 32 79 71 63 7 35 37 41 27 62 9 33 18 34 73 83 84 69 54 55 61 74 24 16 30 66 14 60 12 10 75 6 78 13 42 31 39 36 44 59 68 53 80 82 3 51 76 81 5 0 15 1 29 72 64 50 65 45 21 77 40 22 56 25 47 58 48 2 
29 72 64 50 65 45 11 67 7 63 71 79 32 77 21 40 69 54 55 61 74 24 16 30 66 14 60 12 10 75 6 78 13 42 31 39 36 44 59 68 53 76 81 5 0 80 82 3 51 70 19 23 43 20 57 28 4 17 49 38 8 26 46 35 37 41 27 33 9 62 18 34 73 83 84 52 58 48 25 47 2 56 1 15 22 
52 58 48 47 25 2 70 19 23 43 20 57 28 4 17 49 38 8 26 46 35 37 41 62 9 27 33 18 34 73 83 84 69 54 55 61 74 24 16 30 66 14 60 12 10 75 6 78 13 42 31 39 36 44 59 68 53 82 3 51 80 76 81 5 0 15 1 29 56 65 45 21 77 40 22 64 72 50 11 67 7 63 71 79 32 
80 76 81 5 0 53 82 3 51 19 23 43 20 57 28 4 17 49 38 8 26 46 35 37 41 62 9 27 33 18 34 73 83 84 69 54 55 61 74 24 16 30 66 14 60 12 10 75 6 78 13 42 31 39 36 44 59 68 15 1 29 72 64 50 65 45 48 58 52 7 63 71 79 32 67 11 21 77 40 22 56 2 25 47 70 
22 40 84 83 73 34 18 32 79 71 63 7 67 11 52 58 48 56 65 45 21 77 69 54 55 61 74 24 16 30 66 14 60 12 10 75 6 78 13 42 31 39 36 44 59 68 53 82 3 51 19 23 43 20 57 28 4 17 49 38 26 8 35 37 41 62 9 33 27 46 47 25 2 70 80 76 81 5 0 15 1 29 72 64 50 
63 71 79 32 77 21 45 65 50 56 48 58 25 2 70 51 19 23 43 20 57 28 4 49 17 47 38 8 26 46 35 37 41 62 9 33 27 18 34 73 83 84 69 54 55 61 74 24 16 30 66 14 60 12 10 75 6 78 13 42 31 39 36 44 59 68 53 3 82 80 76 81 5 0 15 1 29 72 64 22 40 11 67 7 52 
45 48 58 47 25 2 70 19 23 43 20 57 28 4 17 49 38 8 26 46 35 37 41 27 62 9 33 18 34 73 83 84 69 54 55 61 74 24 16 30 66 14 60 12 10 75 6 78 13 42 31 39 36 44 59 68 53 3 82 51 80 76 81 5 0 15 1 29 64 50 65 56 72 22 40 77 21 11 67 32 79 71 63 7 52 
40 77 21 11 67 32 71 79 18 34 73 83 84 69 54 55 61 74 24 16 30 66 14 60 12 10 75 6 78 13 42 31 39 36 44 59 68 53 3 82 80 76 81 5 0 19 51 70 2 23 43 20 57 28 4 17 49 38 26 8 35 37 41 62 9 33 27 63 7 46 52 58 48 25 47 45 65 56 1 15 29 72 64 50 22 
54 69 40 77 21 45 65 50 29 72 64 22 84 83 73 34 18 79 32 67 11 52 46 26 35 63 7 71 62 9 33 27 41 37 8 38 17 49 4 20 57 28 43 23 19 70 2 25 47 58 48 56 1 15 59 68 53 82 3 51 80 76 81 5 0 36 44 39 31 42 13 78 6 75 10 12 60 14 66 30 16 24 74 61 55 
20 57 28 4 23 43 70 19 51 82 3 53 80 76 81 5 0 36 44 59 68 15 1 29 64 22 40 77 21 11 67 32 79 71 63 7 35 37 41 62 9 27 33 18 34 73 83 84 69 54 55 61 74 24 16 30 66 14 60 12 10 75 6 78 13 42 31 39 72 50 65 56 45 52 46 26 8 38 17 49 47 58 48 25 2 
77 21 56 65 45 11 67 52 58 48 25 2 23 19 70 53 80 76 81 5 0 82 3 51 43 20 57 28 4 47 17 49 38 8 26 46 35 37 41 27 33 9 62 71 63 7 32 79 18 34 73 83 84 69 54 55 61 74 24 16 30 66 14 60 12 10 75 6 78 13 42 31 39 36 44 59 68 15 1 29 72 64 50 22 40 
62 63 71 79 32 77 21 40 69 54 55 61 74 24 16 30 66 14 60 12 10 75 6 78 13 42 31 39 36 44 59 68 53 76 81 5 0 80 82 3 51 19 23 43 20 57 28 4 17 49 38 26 8 41 37 35 46 7 67 11 52 48 58 47 25 2 70 56 65 45 1 15 29 72 50 64 22 84 83 73 34 18 9 27 33 
63 7 67 11 21 77 32 79 71 62 9 33 27 41 37 35 46 26 8 38 49 17 4 20 57 28 43 23 19 51 82 3 70 2 25 47 58 48 52 45 65 50 64 22 40 69 54 55 61 74 24 16 30 66 14 60 12 10 75 6 78 13 42 31 39 36 44 59 68 53 80 76 81 5 0 15 1 29 72 56 84 83 34 73 18 
72 29 64 22 54 55 61 74 24 16 30 66 14 60 12 10 75 6 78 13 31 42 39 36 44 59 68 53 3 80 76 81 5 0 82 51 19 23 43 2 70 20 57 28 4 17 49 38 8 26 46 35 37 41 27 62 9 33 18 34 73 83 84 69 40 77 21 32 79 71 63 7 67 11 52 48 58 47 25 45 65 50 56 1 15 
2 3 82 51 19 23 43 20 57 28 4 17 49 38 8 26 46 35 37 41 62 9 27 33 18 34 73 83 84 69 40 77 21 11 67 32 79 71 63 7 52 58 47 25 48 45 65 56 1 29 72 64 50 22 54 55 61 74 24 16 30 66 14 60 12 10 75 6 78 13 42 31 39 36 44 15 59 68 53 76 81 5 0 80 70 
72 64 50 65 45 21 40 77 32 79 71 63 7 67 11 52 58 48 25 47 17 49 38 26 46 35 8 37 41 62 9 27 33 18 34 73 83 84 69 54 55 61 74 24 16 30 66 14 60 12 10 75 6 78 13 42 31 39 36 44 59 68 53 76 81 5 0 80 82 3 51 19 23 43 20 28 57 4 2 70 56 1 15 29 22 
64 72 29 50 22 16 30 66 14 60 24 74 61 55 54 69 40 77 21 11 67 7 63 71 79 32 52 58 48 25 2 70 19 23 43 20 57 28 4 17 49 47 38 8 26 46 35 37 41 62 9 27 33 18 34 73 83 84 45 65 56 1 15 59 68 53 3 51 82 80 76 81 5 0 44 36 39 31 42 13 78 6 75 10 12 
77 21 40 69 54 55 61 74 24 16 30 66 14 60 12 10 75 6 78 13 42 31 39 36 44 59 68 53 80 76 81 5 0 3 82 51 19 70 23 43 2 25 58 48 52 67 11 45 65 56 1 15 29 72 64 50 22 84 83 73 34 18 62 9 33 27 41 37 35 46 26 8 38 17 49 28 57 20 4 47 7 63 71 79 32 
20 57 28 4 49 17 38 8 26 46 35 37 41 62 9 27 33 18 34 73 83 84 69 40 77 21 32 79 71 63 7 67 11 45 65 50 64 22 54 55 61 74 24 16 30 66 14 60 12 10 75 6 78 13 42 31 39 36 44 59 68 53 3 82 80 76 81 5 0 15 1 29 72 56 48 25 58 52 47 2 70 23 19 51 43 
70 23 43 20 57 28 4 17 49 38 8 26 46 35 37 41 62 9 27 33 18 34 73 83 84 69 54 55 61 74 24 16 30 66 14 60 12 10 75 6 78 13 31 42 39 36 44 59 68 53 3 82 80 76 81 5 0 15 1 29 72 64 50 65 56 22 40 77 21 45 11 67 7 63 71 79 32 52 58 48 25 47 2 19 51 
9 62 27 41 37 35 46 26 8 38 17 49 4 28 57 20 43 23 19 51 82 80 76 81 5 0 53 3 70 2 25 47 48 58 52 7 63 71 79 32 67 11 21 77 40 69 54 55 61 74 24 16 30 66 14 60 12 10 75 6 78 13 42 31 39 36 44 59 68 15 1 50 64 72 29 65 45 56 22 84 83 73 34 18 33 
7 63 71 79 32 77 21 40 69 54 55 61 74 24 16 30 66 14 60 12 10 75 6 78 13 42 31 39 36 44 59 68 53 80 76 81 5 0 3 82 51 19 70 2 25 48 52 67 11 45 65 56 1 15 29 72 64 50 22 84 83 73 34 18 62 9 33 27 41 37 35 46 26 8 38 17 49 4 28 57 20 43 23 47 58 
20 57 28 4 17 49 38 35 37 41 62 9 27 33 18 34 73 83 84 69 54 55 61 74 24 16 30 66 14 60 12 10 75 6 78 13 42 31 39 36 44 59 68 53 3 82 80 76 81 5 0 15 1 56 65 50 64 72 29 22 40 77 21 32 79 71 63 7 46 26 8 47 58 48 52 11 67 45 25 2 70 51 19 23 43 
58 48 25 2 70 19 23 43 20 57 28 17 49 4 47 38 26 8 35 37 41 62 9 33 27 63 71 79 32 67 11 21 77 40 69 54 55 61 74 24 16 30 66 14 60 12 10 75 6 78 13 42 31 39 36 44 59 68 53 3 51 82 80 76 81 5 0 15 1 56 45 65 50 29 72 64 22 84 83 73 34 18 7 46 52 
46 35 37 41 27 62 9 33 18 34 73 83 84 69 54 55 61 74 24 16 30 66 14 60 12 10 75 6 78 13 42 31 39 36 44 59 68 53 3 82 80 76 81 5 0 15 1 29 72 64 50 65 56 21 77 40 22 45 48 58 47 17 49 4 57 28 20 43 23 19 51 70 2 25 52 67 11 32 79 71 63 7 26 8 38 
46 26 8 35 37 41 62 9 27 33 18 34 73 83 84 69 54 55 61 74 24 16 30 66 14 60 12 10 75 6 78 13 42 31 39 36 44 59 53 76 81 5 0 80 82 3 51 19 23 43 20 57 28 4 17 49 38 47 25 58 52 48 45 65 56 1 15 68 70 2 50 29 72 64 22 40 77 21 11 67 32 79 71 63 7 
4 47 58 48 52 7 63 71 79 32 67 11 21 77 40 69 54 55 61 74 24 16 30 66 14 60 12 10 75 6 78 13 42 31 39 36 44 59 68 53 80 76 81 5 0 3 82 51 70 19 23 43 20 57 28 49 17 38 8 26 46 35 37 41 27 33 9 62 18 34 73 83 84 22 64 50 65 45 56 1 15 29 72 2 25 
37 41 27 9 62 63 71 79 32 21 77 40 69 54 55 61 74 24 16 30 66 14 60 12 10 75 6 78 13 42 31 39 36 44 59 68 53 82 3 70 2 25 48 58 52 11 67 7 46 35 26 8 38 49 17 47 4 28 57 20 43 23 19 51 80 76 81 5 0 15 1 29 72 64 22 50 65 56 45 84 83 73 34 18 33 
2 70 23 43 4 47 58 48 25 52 7 63 71 79 32 67 11 21 40 69 54 55 61 74 24 16 30 66 14 60 12 10 75 6 78 13 42 31 39 36 44 59 68 53 3 82 80 76 81 5 0 51 19 20 57 28 49 17 38 8 26 46 35 37 41 9 62 27 33 18 34 73 83 84 77 45 65 50 22 64 72 29 1 15 56 
28 57 20 43 23 19 51 3 82 80 76 81 5 0 44 36 39 31 42 13 78 6 75 10 12 60 14 66 30 16 24 74 61 55 54 69 40 77 21 11 67 7 63 71 79 18 34 73 83 84 22 64 50 65 45 52 58 48 25 2 70 53 68 59 15 56 1 29 72 32 62 9 33 27 41 37 35 46 26 8 38 47 17 49 4 
45 11 48 58 52 46 26 35 37 41 62 9 27 33 71 79 18 34 73 83 84 69 40 77 21 32 67 7 63 8 38 17 49 4 28 57 20 43 23 19 51 3 82 80 76 81 5 0 53 68 59 44 36 39 31 42 13 78 6 75 10 12 60 14 66 30 16 24 74 61 55 54 22 64 72 29 50 65 56 1 15 70 2 25 47 
2 25 48 58 52 46 35 37 41 62 9 27 33 18 34 73 83 84 69 54 55 61 74 24 16 30 66 14 60 12 10 75 6 78 13 42 31 39 36 44 59 68 53 3 82 80 76 81 5 0 15 1 29 72 64 50 65 56 45 21 77 40 22 79 71 63 7 67 11 32 26 8 38 47 17 49 4 57 28 20 43 23 19 51 70 
69 54 55 61 74 24 16 30 66 14 60 12 10 75 6 78 13 42 31 39 36 44 59 68 53 82 3 70 19 51 80 76 81 5 0 15 1 29 72 64 22 40 77 21 11 67 7 63 71 79 32 84 83 73 34 18 33 9 62 27 41 37 35 46 52 48 58 25 2 23 43 20 57 28 4 49 17 47 38 26 8 45 65 56 50 
1 56 65 45 11 67 7 63 71 79 32 77 21 40 69 54 55 61 74 24 16 30 66 14 60 12 10 75 6 78 13 42 31 39 36 44 59 68 53 80 76 81 5 0 3 82 51 19 70 23 43 20 57 28 4 17 49 38 8 26 46 35 37 41 27 33 9 62 18 34 73 83 84 22 64 72 29 50 48 25 47 58 52 2 15 
49 47 17 4 57 28 20 43 23 19 51 82 80 76 81 5 0 53 3 70 2 25 48 58 52 11 67 7 63 71 79 32 77 21 40 54 55 61 74 24 16 30 66 14 60 12 10 75 6 78 13 42 31 39 36 44 59 68 15 1 29 72 64 50 65 45 56 22 69 84 83 73 34 18 9 62 27 33 41 37 35 26 46 38 8 
38 8 26 46 35 37 41 62 27 9 33 18 34 73 83 84 40 69 54 55 61 74 24 16 30 66 14 60 12 10 75 6 78 13 42 31 39 36 44 59 68 15 1 29 50 64 72 22 65 45 56 21 77 32 79 71 63 7 67 11 52 48 25 58 47 17 49 28 57 20 43 23 19 51 82 80 76 81 5 0 53 3 70 2 4 
77 21 32 79 71 63 7 67 11 45 65 56 1 15 36 44 59 68 53 82 3 80 76 81 5 0 51 70 19 23 43 20 57 28 4 17 49 47 58 48 25 2 52 46 26 8 38 35 37 41 62 9 27 33 18 34 73 83 84 69 54 55 61 74 24 16 30 66 14 60 12 10 75 6 78 13 42 31 39 29 72 50 64 22 40 
51 19 23 43 20 57 28 4 49 17 38 8 26 46 35 37 41 62 9 27 33 34 73 83 84 69 54 55 61 74 24 16 30 66 14 60 12 10 75 6 78 13 42 31 39 36 44 59 68 53 3 82 80 76 81 5 0 15 1 29 72 64 22 40 77 21 67 11 32 71 79 18 63 7 52 48 25 47 58 45 65 50 56 2 70 
18 34 73 83 84 69 54 55 61 74 24 16 30 66 14 60 12 10 75 6 78 13 42 31 39 36 44 59 68 53 76 81 5 0 80 82 3 51 19 23 43 20 57 28 4 17 49 38 8 26 46 35 37 41 27 33 9 62 63 71 79 32 77 21 45 56 65 50 64 22 40 72 29 1 15 70 2 25 48 52 58 47 11 67 7 
27 33 9 62 41 37 35 46 26 8 38 49 17 4 47 58 52 11 67 7 63 71 79 32 77 21 40 69 54 55 61 74 24 16 30 66 14 60 12 10 75 6 78 13 42 31 39 36 44 59 68 53 3 80 76 81 5 0 82 51 19 70 23 43 57 28 20 2 25 48 45 65 56 1 15 29 72 64 50 22 84 83 34 73 18 
0 5 81 76 80 82 3 53 68 15 1 29 72 64 50 65 56 45 21 77 84 83 34 73 18 79 71 63 7 67 11 32 62 9 33 27 41 37 35 46 26 8 38 17 49 4 28 57 20 43 23 51 19 70 2 25 47 58 48 52 22 54 69 40 55 61 74 24 16 30 66 14 60 12 10 75 6 78 13 42 31 39 36 44 59 
9 62 41 37 35 46 26 8 38 47 17 49 4 20 57 28 43 23 19 51 3 82 80 76 81 5 0 59 68 53 70 2 25 48 58 52 67 7 63 71 79 32 11 21 77 40 69 54 55 61 74 24 16 30 66 14 60 12 10 75 6 78 13 31 42 44 36 39 72 29 15 1 56 65 45 50 64 22 84 83 73 34 18 33 27 
48 45 11 67 7 63 71 79 32 77 21 40 22 64 50 65 56 1 15 36 44 59 68 53 80 76 81 5 0 82 3 70 19 51 23 43 20 57 28 4 17 49 38 8 26 46 52 35 37 41 27 33 9 62 18 34 73 83 84 69 54 55 61 74 24 16 30 66 14 60 12 10 75 6 78 13 42 31 39 29 72 58 25 2 47 
69 54 55 61 74 24 16 30 66 14 60 12 10 75 6 78 13 42 31 39 44 36 15 1 29 72 64 50 22 40 21 77 32 79 71 63 7 52 58 48 25 47 17 49 4 57 28 20 43 23 19 70 2 51 3 82 80 76 81 5 0 53 68 59 56 65 45 11 67 46 26 8 38 35 37 41 62 9 27 33 18 34 73 83 84 
4 47 58 48 52 7 63 71 79 32 67 11 21 77 40 69 54 55 61 74 24 16 30 66 14 60 12 10 75 6 78 13 42 31 39 36 44 59 68 53 80 76 81 5 0 3 82 51 70 19 23 43 20 57 28 49 17 38 8 26 46 35 37 41 27 33 9 62 18 34 73 83 84 22 64 50 65 45 56 1 15 29 72 25 2 
21 77 32 79 71 63 7 67 11 52 46 26 35 37 41 62 9 27 33 18 34 73 83 84 69 54 55 61 74 24 16 30 66 14 60 12 10 75 6 78 13 42 31 39 36 44 59 68 53 3 82 80 76 81 5 0 15 1 29 72 64 22 40 45 48 58 25 47 38 8 17 49 4 57 28 20 43 23 19 51 70 2 56 65 50 
45 21 77 40 69 54 55 61 74 24 16 30 66 14 60 12 10 75 6 78 13 42 31 39 36 44 59 68 53 82 3 51 70 2 25 47 58 48 52 11 67 7 63 71 79 32 84 83 73 34 18 62 27 9 33 41 37 35 46 26 8 38 17 49 4 57 28 20 43 23 19 80 76 81 5 0 15 1 29 72 64 22 50 56 65 
38 17 49 4 28 57 20 43 23 19 51 82 3 70 2 25 48 58 47 26 46 35 37 41 62 9 27 33 18 34 73 83 84 69 54 55 61 74 24 16 30 66 14 60 12 10 75 6 78 13 42 31 39 36 44 59 68 53 80 76 81 5 0 15 1 29 72 64 22 40 77 21 45 65 56 50 32 79 71 63 7 67 11 52 8 
43 23 19 51 3 82 80 76 81 5 0 44 36 39 31 42 13 78 66 30 16 60 14 6 75 10 12 74 24 55 54 69 40 21 77 32 79 71 63 7 67 11 52 58 48 25 47 17 49 38 8 26 46 35 37 41 27 62 9 33 18 34 73 83 84 61 22 64 50 65 45 56 1 29 72 15 59 68 53 70 2 20 57 28 4 
25 47 38 26 46 35 37 41 27 62 9 33 32 77 21 11 67 7 63 71 79 18 34 73 83 84 69 40 22 54 55 61 74 24 16 30 66 14 60 12 10 75 6 78 13 42 31 39 36 44 59 68 53 3 82 80 76 81 5 0 15 1 29 72 64 50 65 56 45 48 58 52 8 17 49 4 20 57 28 43 23 19 51 70 2 
29 72 64 50 65 45 21 77 32 67 11 52 58 48 25 47 17 49 38 8 26 46 35 37 41 62 9 33 27 63 7 71 79 18 34 73 83 84 69 40 22 54 55 61 74 24 16 30 66 14 60 12 10 75 6 78 13 42 31 39 36 44 59 68 53 80 76 81 5 0 3 82 51 19 23 43 4 57 28 20 2 70 15 1 56 
7 63 71 79 32 77 21 45 65 56 50 22 64 72 29 1 15 59 68 53 82 80 76 81 5 0 44 36 39 31 42 13 78 66 30 16 24 74 60 14 6 75 10 12 61 55 54 69 40 84 83 73 34 18 62 9 33 27 41 37 35 46 26 8 38 47 17 49 4 57 28 20 43 23 19 70 51 3 2 25 58 48 52 67 11 
22 40 69 54 55 61 74 12 10 75 6 14 60 24 16 30 66 72 64 50 65 56 1 15 59 68 53 82 51 19 23 43 20 57 28 4 17 49 38 8 26 46 35 37 41 27 62 9 33 18 34 73 83 84 79 71 63 7 67 11 45 21 77 32 52 58 48 25 47 2 70 3 80 76 81 5 0 44 36 39 31 42 13 78 29 
71 79 32 67 11 45 21 77 40 69 54 55 61 74 24 16 30 66 14 60 12 10 75 6 78 13 42 31 39 36 44 59 68 53 80 76 81 5 0 15 1 29 56 65 50 64 72 22 84 83 73 34 18 9 62 27 33 41 37 35 46 26 8 38 49 17 47 4 28 57 20 43 23 19 51 3 82 70 2 25 58 48 52 7 63 
14 60 12 10 6 75 78 13 42 31 39 29 1 15 36 44 59 68 53 80 76 81 5 0 82 3 51 19 23 43 4 28 57 20 70 2 25 48 58 47 17 49 38 8 26 46 35 37 41 62 27 33 9 71 63 7 52 11 67 32 79 18 34 73 83 84 69 40 77 21 45 65 56 50 22 54 55 61 74 24 16 30 66 72 64 
78 13 42 31 39 36 44 59 68 53 76 81 5 0 3 82 80 51 19 23 43 70 2 25 47 58 48 52 11 67 7 63 71 79 32 77 21 40 69 84 83 73 34 18 62 9 33 27 41 37 35 46 26 8 38 49 17 4 57 28 20 56 1 15 29 72 64 50 65 45 22 54 55 61 74 24 16 30 66 14 60 12 10 75 6 
58 48 25 2 70 19 23 43 20 57 28 4 47 17 49 38 8 26 46 35 37 41 62 9 33 27 63 7 67 11 21 77 84 83 73 34 18 79 71 32 40 69 54 55 61 74 24 16 30 66 14 60 12 10 75 6 78 13 42 31 39 36 44 59 68 53 82 3 51 80 76 81 5 0 15 1 29 72 64 22 50 65 56 45 52 
16 24 74 61 55 54 69 84 83 73 34 18 79 71 63 35 37 41 27 33 9 62 32 77 40 21 11 67 7 46 26 8 38 47 17 49 4 28 57 20 43 23 19 51 82 80 76 81 5 0 44 36 39 31 42 13 78 14 60 12 10 75 6 72 29 1 15 68 59 53 3 70 2 25 48 58 52 45 56 65 50 64 22 30 66 
19 23 43 20 57 28 4 17 49 38 8 26 46 35 37 41 62 9 33 27 63 7 71 79 18 34 73 83 84 40 69 54 55 61 74 24 16 66 14 60 12 10 75 6 78 13 42 31 39 36 44 59 68 53 80 76 81 5 0 15 1 29 72 64 22 30 50 65 45 21 77 32 67 11 52 58 47 25 48 56 2 70 51 82 3 
47 58 48 25 2 70 51 19 23 43 20 57 28 4 17 49 38 8 26 46 35 37 41 62 9 27 33 18 34 73 83 84 69 54 55 61 74 24 16 30 66 14 60 12 10 75 6 78 13 42 31 39 36 44 59 68 53 76 81 5 0 80 82 3 15 1 56 65 45 11 67 7 63 71 79 32 77 21 40 22 64 50 72 29 52 
41 37 35 46 26 8 38 17 49 4 57 28 20 43 23 2 25 48 58 47 52 11 67 7 63 71 79 18 34 73 83 84 69 54 55 61 74 24 16 30 66 14 60 12 10 75 6 78 13 42 31 39 36 44 59 68 53 76 81 5 0 80 82 3 70 19 51 15 1 56 45 65 50 64 72 29 22 40 77 21 32 62 9 27 33 
15 1 56 65 50 29 72 64 22 40 69 54 55 61 74 24 16 30 66 14 60 12 10 75 6 78 13 42 31 39 36 44 59 68 53 3 82 80 76 81 5 0 51 19 23 43 20 57 28 4 17 49 38 8 26 46 35 37 41 62 9 27 33 18 34 73 83 84 77 32 79 71 63 7 67 11 21 45 48 58 52 47 25 2 70 
51 82 3 80 76 81 5 0 15 1 29 72 64 50 65 56 45 48 58 47 17 49 4 57 28 20 43 23 19 70 2 25 52 46 26 38 8 35 37 41 27 33 9 62 18 34 73 83 84 69 40 77 21 11 67 7 63 71 79 32 61 55 54 22 16 30 66 14 60 24 74 12 10 75 6 78 13 42 31 39 36 44 59 68 53 
23 43 20 57 28 4 17 49 47 38 8 26 35 37 41 27 62 9 33 18 34 73 83 84 69 54 55 61 74 24 16 30 66 14 60 12 10 75 6 78 13 42 31 39 36 44 59 68 53 3 82 80 76 81 5 0 15 1 29 72 65 56 50 64 22 40 21 77 32 79 71 63 7 67 11 45 48 58 25 52 46 2 70 19 51 
81 76 80 82 3 70 19 23 43 20 57 28 4 17 49 38 8 26 46 35 37 41 62 9 27 33 18 34 73 83 84 69 54 55 61 74 24 16 30 66 14 60 12 10 75 6 78 13 42 31 39 36 44 59 68 15 1 29 72 64 22 50 65 56 45 48 58 47 25 52 11 67 7 63 71 79 32 77 40 21 2 51 53 5 0 
50 65 45 21 77 32 67 11 52 46 7 63 71 79 18 34 73 83 84 69 54 55 61 74 24 16 30 66 14 60 12 10 75 6 78 13 31 42 39 36 44 59 68 53 3 82 80 76 81 5 0 15 1 29 72 64 22 40 62 9 33 27 41 37 35 26 8 38 17 49 4 28 57 20 43 23 19 51 70 2 25 47 58 48 56 
54 55 61 74 24 16 30 66 14 60 12 10 75 6 78 13 42 31 39 36 44 59 68 53 3 82 51 19 23 43 20 57 28 4 17 49 38 8 26 46 35 37 41 62 9 33 27 63 71 79 32 67 11 21 77 40 69 84 83 73 34 18 7 52 58 48 25 47 2 70 80 76 81 5 0 15 1 29 72 64 22 50 65 56 45 
48 58 52 67 11 45 65 56 1 15 36 44 59 68 53 80 76 81 5 0 82 3 51 19 2 70 23 43 20 57 28 4 17 49 38 8 26 46 35 37 41 62 9 27 33 18 34 73 83 84 69 54 55 61 74 24 16 30 66 14 60 12 10 75 6 78 13 42 31 39 72 29 50 64 22 40 77 21 32 79 71 63 7 47 25 
70 3 82 80 76 81 5 0 59 44 36 39 31 42 13 78 6 75 10 12 60 14 66 30 16 24 74 61 55 54 69 40 77 21 11 67 7 63 71 79 32 84 83 73 34 18 62 9 33 27 41 37 35 46 26 8 38 49 17 47 25 58 52 48 45 65 56 1 29 72 64 22 50 15 68 53 51 19 23 43 4 28 57 20 2 
24 16 30 66 14 60 12 10 75 6 78 13 42 31 39 36 44 59 68 15 1 56 65 50 64 72 29 22 40 77 32 21 45 11 67 52 58 48 25 47 17 49 4 20 57 28 43 23 19 51 82 80 76 81 5 0 53 3 70 2 38 8 26 46 35 37 41 62 9 27 33 63 7 71 79 18 34 73 83 84 69 54 55 61 74 
62 33 27 41 37 35 46 26 8 38 47 17 49 4 57 28 20 43 23 19 70 2 25 48 58 52 7 63 71 79 32 67 11 45 21 77 40 69 54 55 61 74 24 16 30 66 14 60 12 10 75 6 78 13 31 42 39 36 44 59 68 53 80 76 81 5 0 82 3 51 15 1 29 72 64 50 65 56 22 84 83 73 34 18 9 
48 25 47 58 52 11 67 7 63 71 79 32 77 40 69 54 55 61 74 24 16 30 66 14 60 12 10 75 6 78 13 42 31 39 36 44 59 68 53 3 82 80 76 81 5 0 15 1 29 72 64 50 56 65 45 21 22 83 84 18 34 73 62 9 33 27 41 37 35 46 26 8 38 17 49 4 28 57 20 43 23 19 51 70 2 
11 67 7 63 71 79 32 77 21 40 69 54 55 24 74 16 30 66 14 60 12 10 75 6 78 13 42 31 39 36 44 59 68 53 76 81 5 0 80 82 3 51 19 23 43 20 57 28 4 47 17 49 38 8 26 46 35 37 41 62 9 33 27 18 34 73 83 84 61 22 64 50 72 29 1 15 70 2 25 48 52 58 45 65 56 
27 41 37 35 46 26 8 38 47 17 49 4 28 57 20 43 23 19 51 3 82 80 76 81 5 0 44 36 15 68 59 53 70 2 25 58 48 52 67 11 45 21 40 69 54 55 61 74 24 16 30 66 14 60 12 10 75 6 78 13 42 31 39 29 1 56 65 50 72 64 22 84 83 73 34 18 79 71 63 7 32 77 62 9 33 
80 76 81 5 0 68 53 3 82 51 19 70 23 43 20 57 28 4 17 49 38 8 26 46 35 37 41 62 9 27 33 18 34 73 83 84 69 54 55 61 74 24 16 30 66 14 60 12 10 75 6 78 13 42 31 39 36 44 59 15 1 29 72 64 22 40 77 21 45 65 50 56 11 67 7 63 71 79 32 52 58 48 25 47 2 
5 0 81 76 80 82 3 53 68 59 44 36 39 29 72 64 50 1 15 56 65 45 67 11 21 77 40 69 84 83 73 34 18 62 9 33 27 41 37 35 46 26 8 38 47 17 49 4 28 57 20 43 23 19 51 70 2 25 58 48 52 7 63 71 79 32 22 54 55 61 74 24 16 30 66 14 60 12 10 75 6 78 13 31 42 
81 76 80 82 3 51 19 23 43 20 57 28 4 47 17 49 38 8 26 46 35 37 41 27 62 9 33 18 34 73 83 84 69 54 55 61 74 24 16 30 66 14 60 12 10 75 6 78 13 42 31 39 36 44 59 68 53 15 1 29 72 64 50 65 56 45 21 77 40 22 11 67 32 79 71 63 7 52 48 58 25 2 70 0 5 
32 79 71 63 7 67 11 52 58 48 25 2 70 19 23 43 20 57 28 4 49 17 47 8 38 26 46 35 37 41 27 33 9 62 18 34 73 83 84 69 54 55 61 74 24 16 30 66 14 60 12 10 75 6 78 13 31 42 39 36 44 59 68 53 82 3 51 80 76 81 5 0 15 1 29 72 64 50 65 56 45 21 77 40 22 
8 26 46 35 37 41 27 62 9 33 18 34 73 83 84 77 21 40 69 54 55 61 74 24 16 30 66 14 60 12 10 75 6 78 13 31 42 39 36 44 59 68 53 3 82 80 76 81 5 0 15 1 29 72 64 22 50 65 56 45 11 67 7 63 71 79 32 52 58 48 25 2 70 51 19 23 43 4 47 17 49 28 57 20 38 
7 63 71 79 18 34 73 83 84 69 40 77 32 67 11 21 45 65 50 64 22 54 55 61 74 24 16 30 66 14 60 12 10 75 6 78 13 42 31 39 36 44 59 68 53 82 3 51 19 23 43 20 57 28 4 17 49 38 47 58 48 25 2 70 80 76 81 5 0 15 1 29 72 56 52 46 26 8 35 37 41 62 9 33 27 
81 76 80 82 3 53 68 59 44 36 39 31 42 13 78 6 75 10 12 60 14 66 30 16 24 74 61 55 54 69 40 21 77 84 83 73 34 18 79 32 71 63 7 67 11 52 46 26 8 35 37 41 62 9 33 27 45 58 48 25 47 17 49 38 4 28 57 20 43 23 19 51 70 2 56 65 50 64 22 72 29 1 15 0 5 
4 17 49 38 8 26 46 35 37 41 62 9 27 33 18 34 73 83 84 69 54 55 61 74 12 10 75 6 78 13 42 31 39 29 72 66 30 16 24 60 14 22 64 50 65 45 21 77 40 32 79 71 63 7 67 11 52 25 2 70 19 51 82 3 80 76 81 5 0 53 68 59 44 36 15 1 56 48 58 47 43 23 20 57 28 
0 5 81 76 80 82 3 51 19 23 43 20 57 28 4 17 49 38 26 8 35 37 41 62 9 27 33 18 34 73 83 84 69 54 55 61 74 24 16 30 66 14 60 12 10 75 6 78 13 42 31 39 36 44 59 68 15 1 29 72 64 50 65 56 45 11 67 7 63 71 79 32 77 21 40 22 52 46 47 58 25 48 2 70 53 
47 17 49 4 28 57 20 43 23 19 51 82 3 53 68 59 15 1 29 72 64 22 54 55 61 74 24 16 30 66 14 60 12 10 75 6 78 13 42 31 39 36 44 0 5 81 76 80 70 2 25 48 58 52 46 26 35 37 41 62 9 33 27 18 34 73 83 84 69 40 77 21 65 50 56 45 11 67 7 71 79 32 63 8 38 
