40 7 42 9 6 18 1 23 34 27 2 33 15 12 11 29 16 39 14 32 38 31 10 28 36 5 3 19 41 17 4 35 20 25 8 30 44 13 24 43 22 26 21 37 0 
11 29 16 39 14 38 31 32 28 36 5 10 3 19 41 17 4 35 20 25 8 30 44 13 43 24 22 26 21 37 40 7 0 42 9 6 18 1 23 34 27 2 33 15 12 
28 36 5 3 19 41 17 4 35 20 25 8 30 44 13 43 24 22 26 21 37 0 40 7 42 9 6 18 1 23 34 27 2 33 15 12 11 29 16 39 14 31 38 32 10 
28 36 5 3 19 41 17 4 35 20 25 8 30 44 13 43 24 22 26 21 37 0 40 7 42 9 6 18 1 23 34 27 2 33 15 12 11 29 16 39 14 31 38 32 10 
2 27 12 11 29 16 39 14 31 38 32 36 28 10 5 3 19 41 17 4 35 20 25 8 30 44 13 43 24 22 26 21 37 0 7 40 42 9 6 18 1 23 34 15 33 
28 36 5 3 19 41 17 4 35 20 25 8 30 44 13 43 24 22 26 21 37 0 40 7 42 9 6 18 1 23 34 27 2 33 15 12 11 29 16 39 14 38 31 32 10 
22 26 21 37 0 40 7 42 9 6 18 1 23 34 27 2 33 15 12 11 29 16 39 14 38 32 31 10 28 36 5 3 19 41 17 4 35 20 25 8 30 44 13 43 24 
22 26 21 37 0 40 7 42 9 6 18 1 23 34 27 2 15 33 12 11 29 16 39 14 31 38 32 28 36 5 10 3 19 41 17 4 35 20 25 8 30 44 13 43 24 
22 26 21 37 0 40 7 42 9 6 18 1 23 34 27 2 15 33 12 11 29 16 39 14 31 38 32 28 36 5 10 3 19 41 17 4 35 20 25 8 30 44 13 43 24 
21 42 9 6 18 1 23 34 27 2 33 15 12 11 29 16 39 14 31 38 32 10 28 36 5 3 19 41 17 4 35 20 25 8 30 44 13 43 24 22 26 37 0 40 7 
8 30 44 13 43 24 22 26 21 37 0 40 7 42 9 6 18 1 23 34 27 2 33 15 12 11 39 16 29 14 31 38 32 10 28 36 5 3 19 41 17 4 35 20 25 
0 40 7 42 9 6 18 1 23 34 2 33 15 27 12 11 29 16 39 14 38 31 32 28 36 10 5 3 19 41 17 4 35 20 25 8 30 44 13 24 43 22 26 21 37 
17 4 35 20 25 8 30 44 13 43 24 22 26 21 37 0 7 40 42 9 6 18 1 23 34 27 2 33 15 12 11 29 16 39 14 38 31 32 10 28 36 5 3 19 41 
14 31 38 32 28 36 5 10 3 41 19 17 4 35 20 25 8 30 44 13 43 24 22 26 21 37 0 40 7 42 9 6 18 1 23 34 33 15 2 27 12 11 29 16 39 
39 16 29 11 12 27 2 33 15 34 23 18 1 9 42 6 21 37 0 40 7 26 22 43 24 13 30 8 25 20 44 35 4 17 19 41 3 5 28 36 10 31 38 32 14 
44 30 8 25 20 35 4 17 19 41 3 5 28 36 10 31 38 32 14 16 39 29 11 12 27 2 33 15 34 23 18 1 6 9 42 40 7 0 37 21 26 22 43 24 13 
5 3 19 41 17 4 35 20 25 8 30 44 13 24 43 22 26 21 37 0 40 7 42 9 6 18 1 23 34 27 2 33 15 12 11 29 16 39 14 31 38 32 10 28 36 
32 38 31 10 28 36 5 3 19 41 17 4 35 20 25 8 30 44 13 43 24 22 26 21 37 0 7 40 42 9 6 18 1 23 34 27 2 33 15 12 11 29 16 39 14 
5 10 3 19 41 17 4 35 20 25 8 30 44 13 43 24 22 26 21 37 0 40 7 42 9 6 18 1 23 34 27 2 33 15 12 11 29 16 39 14 31 38 32 28 36 
32 38 31 10 28 36 5 3 19 41 17 4 35 20 25 8 30 13 44 43 24 22 26 21 37 0 7 40 42 9 6 18 1 23 34 27 2 33 15 12 11 29 16 39 14 
29 16 39 14 31 38 32 10 28 36 5 3 19 41 17 4 35 20 25 8 30 44 43 24 13 22 26 21 37 0 40 7 42 9 6 18 1 23 34 27 2 33 15 12 11 
22 26 21 37 40 7 0 42 9 6 18 1 23 34 27 2 33 15 12 11 29 16 39 14 31 38 32 28 36 5 10 3 19 41 17 4 35 20 25 8 30 44 13 43 24 
40 7 0 37 21 26 22 43 24 13 44 30 8 25 20 35 4 17 19 41 3 5 28 36 10 31 38 32 14 39 16 29 11 12 27 2 33 15 34 23 18 1 42 9 6 
28 36 5 3 19 41 17 4 35 20 25 8 30 44 13 24 43 22 26 21 37 0 7 40 42 9 6 18 1 23 34 27 2 33 15 12 11 29 16 39 14 31 38 32 10 
41 19 3 5 28 36 10 31 38 32 14 39 16 29 11 12 27 2 33 15 34 23 18 1 9 6 42 40 7 0 37 21 26 22 43 24 13 44 30 8 25 20 35 4 17 
7 40 0 37 21 26 22 43 24 13 30 8 25 20 44 35 4 17 19 41 3 5 28 36 10 31 38 32 14 39 16 29 11 12 27 2 33 15 34 23 18 1 9 6 42 
8 30 44 13 43 24 22 26 21 37 0 7 40 42 9 6 18 1 23 34 27 2 33 15 12 11 29 16 39 14 31 38 32 28 36 10 5 3 19 41 17 4 35 20 25 
35 20 25 8 30 44 13 24 43 22 26 21 37 0 40 7 42 9 6 18 1 23 34 27 2 33 15 12 11 29 16 39 14 31 38 32 28 36 5 10 3 19 41 17 4 
16 39 29 11 12 27 2 33 15 34 23 18 1 9 6 42 40 7 0 37 21 26 22 43 24 13 44 30 8 25 20 35 4 17 19 41 3 5 28 36 10 31 38 32 14 
27 2 33 15 34 23 18 1 6 9 42 40 7 0 37 21 26 22 43 24 13 44 30 8 25 20 35 4 17 19 41 3 5 28 36 10 31 38 32 14 16 39 29 11 12 
6 9 42 40 7 0 37 21 26 22 43 24 13 44 30 8 25 20 35 4 17 19 41 3 5 28 36 10 31 38 32 14 39 16 29 11 12 27 2 33 15 34 23 18 1 
26 21 37 0 40 7 42 9 6 18 1 23 34 27 2 33 15 12 11 29 16 39 14 38 32 31 10 28 36 5 3 41 19 17 4 35 20 25 8 30 44 13 43 24 22 
28 36 5 3 41 19 17 4 35 20 25 8 30 44 13 43 24 22 26 21 37 0 40 7 42 9 6 18 1 23 34 27 2 33 15 12 11 29 16 39 14 38 31 32 10 
24 43 13 30 8 25 20 44 35 4 17 19 41 3 5 28 36 10 31 38 32 14 39 16 29 11 12 27 2 33 15 34 23 1 18 6 9 42 40 7 0 37 21 26 22 
42 9 6 18 1 23 34 27 2 33 15 12 11 29 16 39 14 31 38 32 10 28 36 5 3 19 41 17 4 35 20 25 8 30 44 13 24 43 22 26 21 37 0 40 7 
32 38 31 10 28 36 5 3 41 19 17 4 35 20 25 8 30 44 13 43 24 22 26 21 37 0 40 7 42 9 6 18 1 23 34 27 2 33 15 12 11 29 16 39 14 
28 36 5 3 19 41 17 4 35 20 25 8 30 44 13 24 43 22 26 21 37 0 40 7 42 9 6 18 1 23 34 27 2 33 15 12 11 29 16 39 14 31 38 32 10 
5 3 19 41 17 4 35 44 20 25 8 30 13 24 43 22 26 21 37 0 40 7 42 9 6 18 1 23 34 27 2 33 15 12 11 29 16 39 14 38 32 31 10 28 36 
12 11 29 16 39 14 38 31 32 28 36 5 10 3 41 19 17 4 35 20 25 8 30 44 13 43 24 22 26 21 37 0 40 7 42 9 6 18 1 23 34 27 2 33 15 
17 4 35 44 20 25 8 30 13 24 43 22 26 21 37 0 40 7 42 9 6 18 1 23 34 27 2 33 15 12 11 29 16 39 14 31 38 32 10 28 36 5 3 19 41 
17 4 35 44 20 25 8 30 13 24 43 22 26 21 37 0 40 7 42 9 6 18 1 23 34 27 2 33 15 12 11 29 16 39 14 31 38 32 10 28 36 5 3 41 19 
2 27 12 11 29 16 39 14 38 32 31 10 28 36 5 3 19 41 17 4 35 44 20 25 8 30 13 43 24 22 26 21 37 0 40 7 42 9 6 18 1 23 34 33 15 
2 27 12 11 29 16 39 14 38 32 31 10 28 36 5 3 19 41 17 4 35 44 20 25 8 30 13 43 24 22 26 21 37 0 40 7 42 9 6 18 1 23 34 33 15 
10 28 36 5 3 41 19 17 4 35 20 25 8 30 44 13 43 24 22 26 21 37 0 40 7 42 9 6 1 18 23 34 27 2 33 15 12 11 29 16 39 14 31 38 32 
15 33 2 27 12 11 29 16 39 14 32 38 31 10 28 36 5 3 19 41 17 4 35 20 25 8 30 44 13 24 43 22 26 21 37 0 40 7 42 9 6 18 1 23 34 
2 27 12 11 29 16 39 14 31 38 32 10 28 36 5 3 19 41 17 4 35 20 25 8 30 44 13 24 43 22 26 21 37 0 40 7 42 9 6 18 1 23 34 15 33 
26 21 37 0 40 7 42 9 6 18 1 23 34 27 2 33 15 12 11 29 16 39 14 31 38 32 10 28 36 5 3 19 41 17 4 35 20 25 8 30 44 13 43 24 22 
22 26 21 37 0 40 7 42 9 6 18 1 23 34 27 2 33 15 12 11 29 16 39 14 31 38 32 10 28 36 5 3 19 41 17 4 35 20 25 8 30 44 43 13 24 
31 38 32 28 36 5 10 3 19 41 17 4 35 20 25 8 30 44 13 24 43 22 26 21 37 0 40 7 42 6 9 18 1 23 34 27 2 33 15 12 11 29 16 39 14 
17 4 35 20 25 8 30 13 24 43 44 22 26 21 37 0 40 7 42 9 6 18 1 23 34 27 2 33 15 12 11 29 16 39 14 38 32 31 10 28 36 5 3 19 41 
44 13 24 43 22 26 21 37 0 40 7 42 9 6 18 1 23 34 27 2 33 15 12 11 29 16 39 14 31 38 32 28 36 5 10 3 19 41 17 4 35 20 25 8 30 
11 29 16 39 14 31 38 32 28 36 10 5 3 19 41 17 4 35 20 25 8 30 44 13 24 43 22 26 21 37 0 40 7 42 9 6 18 1 23 34 27 2 33 15 12 
11 29 16 39 14 31 38 32 28 36 10 5 3 19 41 17 4 35 20 25 8 30 44 13 24 43 22 26 21 37 0 40 7 42 9 6 18 1 23 34 27 2 33 15 12 
44 20 25 8 30 13 43 24 22 26 21 37 0 40 7 42 9 6 18 1 23 34 27 2 33 15 12 11 29 16 39 14 31 38 32 28 36 10 5 3 19 41 17 4 35 
11 29 16 39 14 38 31 32 28 36 5 10 3 19 41 17 4 35 20 25 8 30 44 13 24 43 22 26 21 37 0 40 7 42 9 6 18 1 23 34 27 2 33 15 12 
1 23 34 27 2 33 15 12 11 29 16 39 14 32 38 31 10 28 36 5 3 19 41 17 4 35 44 20 25 8 30 13 43 24 22 26 21 37 0 40 7 42 9 6 18 
19 41 3 5 28 36 10 31 38 32 14 39 16 29 11 12 27 2 33 15 34 23 18 1 9 6 42 40 7 0 37 21 26 22 24 43 44 13 30 8 25 20 35 4 17 
18 1 23 34 27 2 33 15 12 11 29 16 39 14 31 38 32 10 28 36 5 3 19 41 17 4 35 20 25 8 30 44 13 43 24 22 26 21 37 0 40 7 42 9 6 
18 1 23 34 27 2 33 15 12 11 29 16 39 14 31 38 32 10 28 36 5 3 19 41 17 4 35 20 25 8 30 44 13 43 24 22 26 21 37 0 40 7 42 9 6 
6 18 1 23 34 27 2 33 15 12 11 29 16 39 14 38 31 32 28 36 5 10 3 19 41 17 4 35 20 25 8 30 44 13 43 24 22 26 21 37 0 7 40 42 9 
18 1 9 6 42 40 7 0 37 21 26 22 24 43 13 30 8 25 20 44 35 4 17 19 41 3 5 10 28 36 31 38 32 14 39 16 29 11 12 27 2 33 15 34 23 
36 28 5 10 3 19 41 17 4 35 20 25 8 30 44 13 43 24 22 26 21 37 0 7 40 42 9 6 18 1 23 34 27 2 33 15 12 11 29 16 39 14 31 38 32 
10 28 36 5 3 19 41 17 4 35 20 25 8 30 44 13 43 24 22 26 21 37 0 40 7 42 9 6 18 1 23 34 27 2 33 15 12 11 29 16 39 14 31 38 32 
44 13 24 43 22 26 21 37 0 7 40 42 6 9 18 1 23 34 27 2 33 15 11 12 29 16 39 14 31 38 32 10 28 36 5 3 19 41 17 4 35 20 25 8 30 
33 15 2 27 12 11 29 16 39 14 31 38 32 10 28 36 5 3 41 19 17 4 35 20 25 8 30 44 13 24 43 22 26 21 37 0 40 7 42 9 6 18 1 23 34 
22 26 21 37 0 40 7 42 9 6 18 1 23 34 27 2 33 15 12 11 29 16 39 14 31 38 32 10 28 36 5 3 19 41 17 4 35 20 25 8 30 44 13 43 24 
10 5 3 19 41 17 4 35 20 25 8 30 44 13 43 24 22 26 21 37 0 40 7 42 9 6 18 1 23 34 27 2 33 15 12 11 29 16 39 14 31 38 32 36 28 
27 12 11 29 16 39 14 38 31 32 10 28 36 5 3 19 41 17 4 35 44 20 25 8 30 13 43 24 22 26 21 37 0 40 7 42 9 6 18 1 23 34 2 33 15 
31 38 32 10 28 36 5 3 19 41 17 4 35 20 25 8 30 44 13 43 24 22 26 21 37 0 40 7 42 9 6 18 1 23 34 27 2 33 15 12 11 29 16 39 14 
14 32 38 31 10 28 36 5 3 19 41 25 17 4 35 20 44 30 8 13 43 24 22 26 21 37 0 40 7 42 9 6 18 1 23 34 27 2 33 15 12 11 29 16 39 
24 43 13 44 30 8 25 20 35 4 17 19 41 3 5 28 36 10 31 38 32 14 39 16 29 11 12 27 2 15 33 34 23 18 1 6 9 42 40 7 0 37 21 26 22 
18 1 23 34 27 2 33 15 12 11 29 16 39 14 31 38 32 28 36 10 5 3 19 41 17 4 35 20 25 8 30 13 24 43 44 22 26 21 37 0 40 7 42 9 6 
33 15 2 27 12 11 29 16 39 14 31 38 32 10 28 36 5 3 19 41 17 4 35 20 25 8 30 44 13 24 43 22 26 21 37 0 40 7 42 9 6 18 1 23 34 
42 9 6 18 1 23 34 27 2 33 15 12 11 29 16 39 14 38 31 32 28 36 5 10 3 19 41 17 4 35 20 25 8 30 44 13 43 24 22 26 21 37 0 40 7 
44 20 25 8 30 13 43 24 22 26 21 37 0 7 40 42 9 6 18 1 23 34 27 2 33 15 12 11 29 16 39 14 31 38 32 28 36 5 10 3 19 41 17 4 35 
37 0 40 7 42 9 6 18 1 23 34 27 2 33 15 12 11 29 16 39 14 31 38 32 28 36 10 5 3 19 41 17 4 35 20 25 8 30 44 13 24 43 22 26 21 
12 11 29 16 39 14 32 38 31 10 5 28 36 3 19 41 17 4 35 20 25 8 30 44 13 43 24 22 26 21 37 0 40 7 42 9 6 18 1 23 34 27 2 33 15 
11 12 27 2 33 15 34 23 18 1 6 9 42 40 7 0 37 21 26 22 43 24 13 44 30 8 25 20 35 4 17 19 41 3 5 28 36 10 31 38 32 14 16 39 29 
29 16 39 14 31 38 32 28 36 5 10 3 19 41 17 4 35 20 25 8 30 44 13 43 24 22 26 21 37 0 40 7 42 9 6 18 1 23 34 27 2 33 15 12 11 
2 27 12 11 29 16 39 14 32 38 31 10 28 36 5 3 19 41 17 4 35 20 25 8 30 13 43 24 44 22 26 21 37 0 40 7 42 9 6 18 1 23 34 15 33 
15 33 2 27 12 11 29 16 39 14 31 38 32 10 28 36 5 3 41 19 17 4 35 20 25 8 30 44 43 24 13 22 26 21 37 0 40 7 42 9 6 18 1 23 34 
3 41 19 17 4 35 20 25 8 30 44 13 24 43 22 26 21 37 40 7 0 42 9 6 18 1 23 34 27 2 33 15 12 11 29 16 39 14 31 38 32 28 36 10 5 
22 26 21 37 0 40 7 42 9 6 18 1 23 34 27 2 33 15 12 11 29 16 39 14 31 38 32 10 28 36 5 3 19 41 17 4 35 20 25 8 30 44 13 43 24 
2 27 12 11 29 16 39 14 31 38 32 28 36 5 10 3 19 41 17 4 35 20 25 8 30 44 13 24 43 22 26 21 37 0 7 40 42 9 6 18 1 23 34 15 33 
2 27 12 11 29 16 39 14 31 38 32 28 36 5 10 3 19 41 17 4 35 20 25 8 30 44 13 24 43 22 26 21 37 0 7 40 42 9 6 18 1 23 34 15 33 
39 16 29 11 12 27 2 33 15 34 23 18 1 9 6 42 40 7 0 37 21 26 22 43 24 13 44 30 8 25 20 35 4 17 41 19 3 5 28 36 10 31 38 32 14 
28 36 5 3 19 41 17 4 35 20 25 8 30 44 13 43 24 22 26 21 37 0 40 7 42 9 6 18 1 23 34 2 33 15 27 12 11 29 16 39 14 38 31 32 10 
34 27 2 33 15 12 11 29 16 39 14 38 32 31 10 28 36 5 3 19 41 17 4 35 20 25 8 30 44 13 43 24 22 26 21 37 0 7 40 42 9 6 18 1 23 
43 24 13 30 8 25 20 44 35 4 17 19 41 3 5 36 28 10 31 38 32 14 16 39 29 11 12 27 2 33 15 34 23 18 1 9 6 42 40 7 0 37 21 26 22 
43 24 13 30 8 25 20 44 35 4 17 19 41 3 5 36 28 10 31 38 32 14 16 39 29 11 12 27 2 33 15 34 23 18 1 9 6 42 40 7 0 37 21 26 22 
10 28 36 5 3 19 41 17 4 35 20 25 8 30 44 13 43 24 22 26 21 37 0 40 7 42 9 6 18 1 23 34 27 2 33 15 12 11 29 16 39 14 32 38 31 
28 36 5 10 3 19 41 17 4 35 20 25 8 30 44 13 43 24 22 26 21 37 0 40 7 42 9 6 18 1 23 34 27 2 33 15 12 11 29 16 39 14 31 38 32 
30 44 13 24 43 22 26 37 0 40 7 21 6 9 42 18 1 23 34 27 2 33 15 12 11 29 16 39 14 38 32 31 10 28 36 5 3 19 41 17 4 35 20 25 8 
17 4 35 20 25 8 30 44 13 24 43 22 26 21 37 0 40 7 42 9 6 18 1 23 34 27 2 33 15 12 11 29 16 39 14 38 32 31 10 28 36 5 3 19 41 
2 27 12 11 29 16 39 14 38 32 31 10 28 36 5 3 19 41 17 4 35 20 25 8 30 44 13 24 43 22 26 21 37 0 40 7 42 9 6 18 1 23 34 33 15 
2 27 12 11 29 16 39 14 38 32 31 10 28 36 5 3 19 41 17 4 35 20 25 8 30 44 13 24 43 22 26 21 37 0 40 7 42 9 6 18 1 23 34 33 15 
17 4 35 20 25 8 30 44 13 24 43 22 26 21 37 0 40 7 42 9 6 18 1 23 34 12 27 2 33 15 11 29 16 39 14 31 38 32 28 36 5 10 3 19 41 
41 19 3 10 5 28 36 32 38 31 14 16 39 29 11 12 27 2 33 15 34 23 18 1 9 6 42 40 7 0 37 21 26 22 24 43 13 44 30 8 25 20 35 4 17 
27 2 33 15 12 11 29 16 39 14 38 31 32 10 28 36 5 3 19 41 25 8 30 13 24 43 44 20 17 4 35 22 26 21 37 0 40 7 42 9 6 18 1 23 34 
27 12 11 29 16 39 14 31 38 32 10 28 36 5 3 19 41 17 4 35 20 25 8 30 44 43 24 13 22 26 21 37 0 40 7 42 9 6 18 1 23 34 2 33 15 
