34 18 28 23 15 32 30 0 22 20 29 3 27 4 7 8 10 6 5 21 31 33 38 1 36 13 12 16 26 19 2 14 37 9 35 24 25 39 11 17 
14 37 9 35 24 25 39 11 17 34 18 28 23 15 32 30 0 22 20 29 27 3 4 7 8 10 6 5 21 31 33 38 1 36 12 13 26 16 19 2 
35 37 9 14 2 19 26 16 13 12 36 1 38 33 31 21 5 6 10 8 7 4 27 3 29 20 22 0 30 32 15 23 28 18 34 17 11 39 25 24 
15 32 30 0 22 20 3 29 27 4 7 8 10 6 5 21 31 33 38 1 36 12 13 16 26 19 2 14 37 9 35 24 25 39 11 17 34 18 28 23 
12 13 16 26 19 2 14 37 9 35 24 25 39 11 17 34 18 28 23 15 32 30 0 22 20 29 27 3 4 7 8 10 6 5 21 31 33 38 1 36 
5 21 31 33 38 1 36 12 13 16 26 19 2 14 37 9 35 24 25 39 11 17 34 18 28 23 15 32 30 0 22 20 29 3 27 4 7 8 10 6 
27 29 3 20 22 0 30 32 2 15 23 28 18 34 17 11 39 25 24 35 9 37 14 19 26 16 13 12 36 1 38 33 31 21 5 10 6 8 7 4 
34 18 28 23 32 30 0 22 20 29 27 4 7 8 10 6 5 21 31 33 38 1 36 12 13 16 26 19 2 15 14 37 9 35 24 25 39 11 17 3 
19 26 16 30 32 15 2 14 37 9 35 24 25 39 11 17 34 18 28 23 0 22 20 29 3 27 4 7 8 10 6 5 21 31 33 38 1 36 12 13 
8 10 6 5 21 31 33 38 1 36 12 13 16 26 19 2 14 37 9 35 24 25 39 11 17 34 18 28 23 15 32 30 0 22 20 29 27 3 4 7 
2 14 37 9 35 24 25 39 11 17 34 18 28 23 15 32 30 0 22 20 29 27 3 4 7 8 10 6 5 21 31 33 38 1 36 12 13 26 16 19 
5 21 31 33 38 1 36 12 13 26 16 19 2 14 37 9 35 24 25 39 11 17 34 18 28 23 15 32 30 0 22 20 29 27 3 4 7 8 10 6 
25 39 11 17 34 18 28 23 15 32 30 0 22 20 29 27 3 4 7 8 10 6 5 21 31 33 38 1 36 12 13 26 16 19 2 14 37 9 35 24 
36 12 13 16 26 19 2 14 37 9 35 24 25 39 11 17 34 18 28 23 15 32 30 0 22 20 29 3 27 4 7 8 10 6 5 21 31 33 38 1 
26 19 2 14 37 9 35 24 25 39 11 17 34 18 28 23 15 32 30 0 22 20 29 27 3 4 7 8 10 6 5 21 31 33 38 1 36 12 13 16 
18 28 23 15 32 30 0 22 20 3 29 27 4 7 8 10 6 5 21 31 33 38 1 36 12 13 16 26 19 2 14 37 9 35 24 25 39 11 17 34 
16 26 19 2 14 37 9 35 24 25 39 11 17 34 18 28 23 15 32 30 0 22 20 29 27 3 4 7 8 10 6 5 21 31 33 38 1 36 12 13 
4 7 8 10 6 5 21 31 33 38 1 36 12 13 16 26 19 2 14 37 9 35 24 25 39 11 17 34 18 28 23 15 32 30 0 22 20 29 27 3 
4 7 8 10 6 5 21 31 33 38 1 36 12 13 16 26 19 2 14 37 9 35 24 25 39 11 17 34 18 28 23 15 32 30 0 22 20 29 27 3 
22 20 3 27 29 4 7 8 10 6 5 21 31 33 38 1 36 12 13 26 19 16 30 32 15 2 14 37 9 35 24 25 39 11 17 34 18 28 23 0 
5 21 31 33 38 1 36 12 13 16 26 19 2 14 37 9 35 24 25 39 11 17 34 18 28 23 15 32 30 0 22 20 29 27 3 4 7 8 10 6 
34 18 28 23 15 32 30 0 22 20 29 27 4 7 8 10 6 5 21 31 33 38 1 36 12 13 26 16 19 2 14 37 9 35 24 25 39 11 17 3 
17 34 18 28 23 15 32 30 0 22 20 29 27 3 4 7 8 10 6 5 21 31 33 38 1 36 12 13 26 16 19 2 14 37 9 35 24 25 39 11 
4 7 8 10 6 5 21 31 33 38 1 36 12 13 16 26 19 2 14 37 9 35 24 25 39 11 17 34 18 28 23 15 32 30 0 22 20 29 27 3 
17 34 18 28 23 15 32 30 0 22 20 29 27 3 4 7 8 10 6 5 21 31 33 38 1 36 12 13 16 26 19 2 14 37 9 35 24 25 39 11 
1 36 12 13 16 26 19 14 37 9 35 24 25 39 11 17 34 18 28 23 15 2 32 30 0 22 20 29 3 27 4 7 8 10 6 5 21 31 33 38 
3 29 27 4 7 8 10 6 5 21 31 33 38 1 36 12 13 26 16 19 2 14 37 9 35 24 25 39 11 17 34 18 28 23 15 32 30 0 22 20 
3 29 27 4 7 8 10 6 5 21 31 33 38 1 36 12 13 26 19 16 30 32 15 2 14 37 9 35 24 25 39 11 17 34 18 28 23 0 22 20 
12 13 26 16 19 2 14 37 9 35 24 25 39 11 17 34 18 28 23 15 32 30 0 22 20 29 27 3 4 7 8 10 6 5 21 31 33 38 1 36 
21 5 31 33 38 1 36 12 13 16 26 19 2 14 37 9 35 24 25 39 11 17 34 18 28 23 15 32 30 0 22 20 29 27 3 4 7 8 10 6 
16 26 19 2 14 37 9 35 24 25 39 11 17 34 18 28 23 15 32 30 0 22 20 29 27 3 4 7 8 10 6 5 21 31 33 38 1 36 12 13 
3 34 18 28 23 32 30 0 22 20 29 27 4 7 8 10 6 5 21 31 33 38 1 36 12 13 16 26 19 2 15 14 37 9 35 24 25 39 11 17 
27 4 7 8 10 6 5 21 31 33 38 1 36 12 13 26 16 19 2 14 37 9 35 24 25 39 11 17 34 18 28 23 15 32 30 0 22 20 29 3 
12 13 26 16 19 2 14 37 9 35 24 25 39 11 17 34 18 28 23 15 32 30 0 22 20 29 27 3 4 7 8 10 6 5 21 31 33 38 1 36 
27 4 7 8 10 6 5 21 31 33 38 1 36 12 13 16 26 19 2 14 37 9 35 24 25 39 11 17 34 18 28 23 15 32 30 0 22 20 29 3 
27 4 7 8 10 6 5 21 31 33 38 1 36 12 13 16 26 19 2 14 37 9 35 24 25 39 11 17 34 18 28 23 15 32 30 0 22 20 29 3 
16 26 19 2 14 37 9 35 24 25 39 11 17 34 18 28 23 15 32 30 0 22 20 29 27 3 4 7 8 10 6 5 21 31 33 38 1 36 12 13 
39 11 17 34 18 28 23 15 32 30 0 22 20 29 3 27 4 7 8 10 6 5 21 31 33 38 1 36 12 13 16 26 19 2 14 9 37 35 24 25 
29 27 4 7 8 10 6 5 21 31 33 38 1 36 12 13 16 26 19 2 14 37 9 35 24 25 39 11 17 34 18 28 23 15 32 30 0 22 20 3 
29 27 4 7 8 10 6 5 21 31 33 38 1 36 12 13 16 26 19 2 14 37 9 35 24 25 39 11 17 34 18 28 23 15 32 30 0 22 20 3 
29 27 4 7 8 10 6 5 21 31 33 38 1 36 12 13 16 26 19 2 14 37 9 35 24 25 39 11 28 23 15 32 30 0 22 20 18 34 17 3 
34 18 28 23 15 32 2 19 26 16 30 0 22 20 29 3 27 4 7 8 10 6 5 21 31 33 38 1 36 12 13 14 37 9 35 24 25 39 11 17 
16 26 19 2 14 37 9 35 24 25 39 11 17 34 18 28 23 15 32 30 0 22 20 29 27 3 4 7 8 10 6 5 21 31 33 38 1 36 12 13 
2 14 37 9 35 24 25 39 11 17 34 18 28 23 15 32 30 0 22 20 3 27 29 4 7 8 10 6 5 21 31 33 38 1 36 12 13 26 19 16 
10 6 5 21 31 33 38 1 36 12 13 16 26 19 2 14 37 9 35 24 25 39 11 17 34 18 28 23 15 32 30 0 22 20 29 27 3 4 7 8 
2 14 37 9 35 24 25 39 11 17 34 18 28 23 15 32 30 0 22 20 3 29 27 4 7 8 10 6 5 21 31 33 38 1 36 12 13 26 19 16 
3 27 4 7 8 10 6 5 21 31 33 38 1 36 12 13 16 26 19 2 14 37 9 35 24 25 39 11 17 34 18 28 23 15 32 30 0 22 20 29 
5 21 31 33 38 1 36 12 13 26 16 19 2 14 37 9 35 24 25 39 11 17 34 18 28 23 15 32 30 0 22 20 29 27 3 4 7 8 10 6 
4 7 8 10 6 5 21 31 33 38 1 36 12 13 16 26 19 2 14 37 9 35 24 25 39 11 17 34 18 28 23 15 32 30 0 22 20 29 27 3 
31 33 38 1 36 12 13 26 16 19 14 37 9 35 24 25 39 11 17 34 18 28 23 15 2 32 30 0 22 20 29 3 27 4 7 8 10 6 5 21 
14 37 9 35 24 25 39 11 17 34 18 28 23 15 2 32 30 0 22 20 29 27 3 4 7 8 10 6 5 21 31 33 38 1 36 12 13 16 26 19 
14 37 9 35 24 25 39 11 17 34 18 28 23 15 32 30 0 22 20 29 27 3 4 7 8 10 6 5 21 31 33 38 1 36 12 13 16 26 19 2 
14 37 9 35 24 25 39 11 17 3 29 27 4 7 8 10 6 5 21 31 33 38 1 36 12 13 26 19 16 32 30 0 22 20 34 18 28 23 15 2 
31 33 38 1 36 12 13 16 26 19 2 14 37 9 35 24 25 39 11 17 34 18 28 23 15 32 30 0 22 20 29 27 3 4 7 8 10 6 5 21 
34 18 28 23 15 2 32 30 0 22 20 29 27 4 7 8 10 6 5 21 31 33 38 1 36 12 13 26 16 19 14 37 9 35 24 25 39 11 17 3 
34 18 28 23 15 2 32 30 0 22 20 29 27 4 7 8 10 6 5 21 31 33 38 1 36 12 13 26 16 19 14 37 9 35 24 25 39 11 17 3 
3 29 27 4 7 8 10 6 5 21 31 33 38 1 36 12 13 26 16 19 2 14 37 9 35 24 25 39 11 17 34 18 28 23 15 32 30 0 22 20 
39 11 17 3 34 18 28 23 15 32 30 0 22 20 29 27 4 7 8 10 6 5 21 31 33 38 1 36 12 13 16 26 19 2 14 37 9 35 24 25 
26 19 2 14 37 9 35 24 25 39 11 17 34 18 28 23 15 32 30 0 22 20 29 27 3 4 7 8 10 6 5 21 31 33 38 1 36 12 13 16 
39 11 17 3 34 18 28 23 15 2 32 30 0 22 20 29 27 4 7 8 10 6 5 21 31 33 38 1 36 12 13 16 26 19 14 37 9 35 24 25 
0 22 20 34 18 28 23 15 2 14 37 9 35 24 25 39 11 17 3 29 27 4 7 8 10 6 5 21 31 33 38 1 36 12 13 26 19 16 30 32 
29 27 4 7 8 10 6 5 21 31 33 38 1 36 12 13 26 16 19 2 14 37 9 35 24 25 39 11 17 34 18 28 23 15 32 30 0 22 20 3 
36 12 13 16 26 19 2 14 37 9 35 24 25 39 11 17 34 18 28 23 15 32 30 0 22 20 29 3 27 4 7 8 10 6 5 21 31 33 38 1 
36 12 13 16 26 19 2 14 37 9 35 24 25 39 11 17 34 18 28 23 15 32 30 0 22 20 29 3 27 4 7 8 10 6 5 21 31 33 38 1 
3 29 27 4 7 8 10 6 5 21 31 33 38 1 36 12 13 26 16 19 14 37 9 35 24 25 39 11 17 34 18 28 23 15 2 32 30 0 22 20 
10 6 5 21 31 33 38 1 36 12 13 16 26 19 2 14 37 9 35 24 25 39 11 17 34 18 28 23 15 32 30 0 22 20 29 27 3 4 7 8 
10 6 5 21 31 33 38 1 36 12 13 16 26 19 2 14 37 9 35 24 25 39 11 17 34 18 28 23 15 32 30 0 22 20 29 27 3 4 7 8 
39 11 17 34 18 28 23 15 32 30 0 22 20 29 27 3 4 7 8 10 6 5 21 31 33 38 1 36 12 13 16 26 19 2 14 37 9 35 24 25 
39 11 17 34 18 28 23 15 32 30 0 22 20 29 27 3 4 7 8 10 6 5 21 31 33 38 1 36 12 13 16 26 19 2 14 37 9 35 24 25 
26 19 2 14 37 9 35 24 25 39 11 17 34 18 28 23 15 32 30 0 22 20 29 27 3 4 7 8 10 6 5 21 31 33 38 1 36 12 13 16 
34 18 28 23 15 32 30 0 22 20 29 27 4 7 8 10 6 5 21 31 33 38 1 36 12 13 16 26 19 2 14 37 9 35 24 25 39 11 17 3 
10 6 5 21 31 33 38 1 36 12 13 26 16 19 2 14 37 9 35 24 25 39 11 17 34 18 28 23 15 32 30 0 22 20 29 27 3 4 7 8 
38 1 36 12 13 16 26 19 2 14 37 9 35 24 25 39 11 17 34 18 28 23 15 32 30 0 22 20 29 27 3 4 7 8 10 6 5 21 31 33 
32 30 0 22 20 29 27 3 4 7 8 10 6 5 21 31 33 38 1 36 12 13 26 16 19 2 14 37 9 35 24 25 39 11 17 34 18 28 23 15 
34 28 23 15 32 30 0 22 20 29 3 27 4 7 8 10 6 5 21 31 33 38 1 36 12 13 16 26 19 2 14 37 9 35 24 25 39 11 17 18 
34 28 23 15 32 30 0 22 20 29 3 27 4 7 8 10 6 5 21 31 33 38 1 36 12 13 16 26 19 2 14 37 9 35 24 25 39 11 17 18 
36 12 13 26 16 19 2 14 37 9 35 24 25 39 11 17 34 18 28 23 15 32 30 0 22 20 29 3 27 4 7 8 10 6 5 21 31 33 38 1 
36 12 13 26 16 19 2 14 37 9 35 24 25 39 11 17 34 18 28 23 15 32 30 0 22 20 29 3 27 4 7 8 10 6 5 21 31 33 38 1 
28 23 15 2 32 30 0 22 20 29 27 3 4 7 8 10 6 5 21 31 33 38 1 36 12 13 16 26 19 14 9 37 35 24 25 39 11 17 34 18 
17 11 39 25 24 35 9 37 14 19 26 16 13 12 36 1 38 33 31 21 5 6 10 8 7 4 27 29 20 22 0 30 32 2 15 23 28 18 34 3 
36 12 13 16 26 19 2 14 37 9 35 24 25 39 11 17 34 18 28 23 15 32 30 0 22 20 29 27 3 4 7 8 10 6 5 21 31 33 38 1 
29 27 4 7 8 10 6 5 21 31 33 38 1 36 12 13 26 16 19 2 14 37 9 35 24 25 39 11 17 34 18 28 23 15 32 30 0 22 20 3 
29 27 4 7 8 10 6 5 21 31 33 38 1 36 12 13 26 16 19 2 14 37 9 35 24 25 39 11 17 34 18 28 23 15 32 30 0 22 20 3 
16 26 19 14 37 9 35 24 25 39 11 17 34 18 28 23 15 2 32 30 0 22 20 29 3 27 4 7 8 10 6 5 21 31 33 38 1 36 12 13 
3 27 4 7 8 10 6 5 21 31 33 38 1 36 12 13 16 26 19 2 14 37 9 35 24 25 39 11 17 34 18 28 23 15 32 30 0 22 20 29 
3 27 4 7 8 10 6 5 21 31 33 38 1 36 12 13 16 26 19 2 14 37 9 35 24 25 39 11 17 34 18 28 23 15 32 30 0 22 20 29 
4 7 8 10 6 5 21 31 33 38 1 36 12 13 16 26 19 2 14 37 9 35 24 25 39 11 17 34 18 28 23 15 32 30 0 22 20 29 27 3 
4 7 8 10 6 5 21 31 33 38 1 36 12 13 16 26 19 2 14 37 9 35 24 25 39 11 17 34 18 28 23 15 32 30 0 22 20 29 27 3 
16 26 19 2 14 37 9 35 24 25 39 11 17 34 18 28 23 15 32 30 0 22 20 29 27 3 4 7 8 10 6 5 21 31 33 38 1 36 12 13 
26 19 16 30 32 15 2 14 37 9 35 24 25 39 11 17 34 18 28 23 0 22 20 29 3 27 4 7 8 10 6 5 21 31 33 38 1 36 12 13 
26 19 16 30 32 15 2 14 37 9 35 24 25 39 11 17 34 18 28 23 0 22 20 29 3 27 4 7 8 10 6 5 21 31 33 38 1 36 12 13 
38 1 36 12 13 26 16 19 2 14 37 9 35 24 25 39 11 17 34 18 28 23 15 32 30 0 22 20 29 27 3 4 7 8 10 6 5 21 31 33 
25 39 11 17 34 18 28 23 15 32 30 0 22 20 29 27 3 4 7 8 10 6 5 21 31 33 38 1 36 12 13 16 26 19 2 14 37 9 35 24 
34 18 28 23 15 2 14 37 9 35 24 25 39 11 17 3 29 27 4 7 8 10 6 5 21 31 33 38 1 36 12 13 16 26 19 32 30 0 22 20 
25 39 11 17 34 18 28 23 15 32 30 0 22 20 29 27 3 4 7 8 10 6 5 21 31 33 38 1 36 12 13 26 16 19 2 14 37 9 35 24 
34 18 28 23 15 32 30 0 22 20 29 3 27 4 7 8 10 6 5 21 31 33 38 1 36 12 13 16 26 19 2 14 37 9 35 24 25 39 11 17 
8 10 6 5 21 31 33 38 1 36 12 13 16 26 19 2 14 37 9 35 24 25 39 11 17 34 18 28 23 15 32 30 0 22 20 29 27 3 4 7 
8 10 6 5 21 31 33 38 1 36 12 13 16 26 19 2 14 37 9 35 24 25 39 11 17 34 18 28 23 15 32 30 0 22 20 29 27 3 4 7 
20 22 0 30 32 14 37 9 35 24 25 39 11 17 34 18 28 23 15 2 19 26 16 13 12 36 1 38 31 33 21 5 6 10 8 7 4 27 29 3 
34 18 28 23 15 32 30 0 22 20 29 3 27 4 7 8 10 6 5 21 31 33 38 1 36 12 13 16 26 19 2 14 37 9 35 24 25 39 11 17 
