73 57 35 11 56 61 8 51 39 45 46 36 62 1 50 31 12 20 55 28 67 0 41 48 10 2 19 74 16 40 43 25 26 54 9 7 70 30 68 4 29 60 22 42 17 27 24 47 21 52 44 23 59 64 37 66 71 3 63 58 13 53 18 5 33 14 72 65 15 34 49 32 38 69 6 
36 62 73 57 35 11 56 61 46 45 39 51 8 13 58 63 3 71 64 66 37 59 23 44 52 21 47 24 27 17 42 29 60 22 7 54 26 25 9 16 74 40 43 2 19 10 48 41 0 28 67 32 49 38 34 15 65 30 70 68 4 72 14 33 5 18 53 69 6 50 31 12 20 55 1 
6 57 73 11 35 56 61 8 39 51 13 58 63 3 71 64 66 37 59 23 44 52 21 47 24 27 17 42 14 33 5 18 53 69 15 65 72 30 68 4 29 60 22 70 7 54 26 25 9 40 43 2 19 74 16 10 48 41 0 28 67 20 55 12 31 50 32 49 38 34 1 62 36 46 45 
28 0 41 48 10 2 19 74 16 40 43 25 26 9 54 7 70 68 4 29 60 22 42 17 27 24 47 21 52 44 23 59 66 37 64 71 3 63 58 13 8 39 51 45 46 36 62 73 57 35 11 56 61 53 18 5 33 14 72 30 65 15 34 49 32 38 67 31 50 6 69 1 12 55 20 
14 33 5 18 53 57 73 6 69 34 49 50 32 38 16 74 19 2 10 48 41 0 28 67 20 55 12 31 1 62 36 46 11 35 56 61 45 39 51 8 13 58 63 3 71 64 66 37 59 23 44 52 21 47 24 27 17 42 22 60 29 4 68 70 7 54 26 9 25 43 40 30 72 65 15 
55 20 12 31 50 1 62 36 46 45 39 51 8 61 56 11 35 57 73 6 69 65 15 34 49 32 38 41 48 10 2 40 43 25 26 9 54 7 70 30 68 4 29 60 22 42 17 27 24 47 21 52 23 44 59 37 66 64 71 3 63 58 13 53 18 5 33 14 72 16 74 19 0 28 67 
32 49 38 67 28 0 41 48 10 19 2 43 40 74 16 30 9 26 25 54 7 70 68 4 29 60 22 42 17 27 24 47 21 52 44 23 59 37 66 64 71 3 63 58 13 61 8 51 39 45 46 36 62 1 12 20 55 31 50 6 57 73 35 11 56 53 18 5 69 15 65 72 14 33 34 
7 54 26 25 9 40 43 2 19 10 48 41 0 28 67 12 20 55 31 50 1 62 36 46 45 39 51 8 13 58 63 3 71 64 66 37 59 44 23 21 52 47 24 27 17 42 72 68 4 29 60 22 14 33 5 18 53 35 11 56 61 73 57 6 69 65 15 34 49 32 38 74 16 30 70 
73 57 35 56 11 46 45 39 51 13 8 61 58 63 3 71 64 66 37 59 23 44 52 21 47 24 27 17 42 14 33 5 18 53 69 65 15 34 49 32 38 67 28 0 41 48 10 2 19 74 16 40 43 25 9 26 54 7 70 30 68 4 29 60 22 72 6 50 31 12 20 55 1 62 36 
31 50 32 49 38 41 48 10 19 2 43 40 25 26 9 54 7 70 68 72 14 33 5 18 53 35 11 56 61 46 45 39 51 8 13 58 63 3 71 64 66 37 59 23 44 21 52 47 24 27 17 42 29 4 60 22 30 16 74 34 15 65 69 6 57 73 36 62 1 12 20 55 28 0 67 
35 11 56 61 8 51 39 13 58 63 3 71 64 66 37 59 44 23 21 52 47 24 27 17 42 29 60 22 4 68 70 7 54 9 26 25 43 40 2 19 10 48 41 0 28 67 20 55 12 31 50 1 62 36 46 45 53 18 5 33 14 72 30 16 74 38 32 49 34 15 65 69 6 57 73 
16 74 19 2 43 40 25 26 9 54 7 70 30 72 14 33 5 18 53 66 37 64 71 3 63 58 61 56 11 35 57 73 6 69 15 65 34 49 32 38 41 48 10 0 28 67 20 55 12 31 50 1 62 36 46 45 39 51 8 13 59 23 44 52 21 47 24 27 17 42 29 60 22 4 68 
57 73 35 11 56 61 8 39 51 13 58 63 3 71 64 66 37 59 23 44 52 21 47 24 27 17 42 14 33 5 18 53 69 15 34 65 72 30 68 4 29 60 22 70 7 54 26 25 9 43 2 40 74 16 19 10 48 41 0 28 67 38 49 32 50 31 12 55 20 1 62 36 46 45 6 
69 65 15 34 49 32 38 74 19 10 2 40 43 25 26 9 54 7 70 68 4 29 60 22 42 17 27 24 47 21 52 44 23 59 37 66 64 71 3 63 58 13 8 51 39 45 46 36 62 73 57 35 11 56 61 53 18 5 33 14 72 30 16 48 41 0 28 67 20 55 12 31 50 1 6 
74 19 10 48 41 0 28 67 38 34 49 32 50 31 12 20 55 1 62 36 46 45 39 51 8 13 58 63 3 71 64 66 37 59 23 44 52 21 47 24 27 17 42 14 33 5 18 53 35 11 56 61 73 57 6 69 15 65 72 30 68 4 29 60 22 70 54 7 9 26 25 43 2 40 16 
22 60 29 4 68 72 30 70 7 54 26 25 9 43 40 2 19 10 48 41 0 28 67 12 20 55 50 31 1 62 36 46 11 56 61 8 45 39 51 13 58 63 3 71 64 66 37 59 23 44 52 21 47 24 27 17 42 14 33 5 18 53 35 57 73 6 69 65 15 34 49 32 38 74 16 
16 74 19 2 43 40 10 48 41 0 28 67 38 49 32 50 31 12 20 55 1 62 36 46 45 11 35 73 57 6 69 15 65 72 30 70 7 54 26 25 9 68 4 29 60 22 42 17 27 24 47 21 52 23 44 59 37 66 64 71 3 63 58 13 8 39 51 61 56 53 18 5 33 14 34 
42 17 27 24 47 21 52 44 23 59 37 66 64 71 3 63 58 13 8 61 56 11 35 57 73 6 69 34 15 65 72 68 4 29 60 22 70 7 54 26 25 9 30 16 74 19 2 43 40 10 48 41 0 28 67 12 20 55 32 38 49 50 31 1 62 36 46 45 39 51 53 18 5 33 14 
11 35 57 73 6 34 49 32 38 74 16 65 15 69 53 18 5 33 14 42 17 27 24 47 21 52 23 44 59 64 71 3 63 58 13 61 56 66 37 22 60 29 4 68 72 30 70 7 54 26 25 9 40 43 2 19 10 48 41 0 28 67 20 55 12 31 50 1 62 36 46 45 39 51 8 
40 43 2 19 10 48 41 0 28 67 38 49 32 50 31 12 20 55 1 62 36 46 45 39 51 8 61 56 11 35 57 73 6 69 15 65 34 74 16 30 70 68 4 29 60 22 42 17 27 24 47 21 52 44 23 59 37 66 64 71 3 63 58 13 53 18 5 33 14 72 7 54 26 25 9 
61 8 39 51 13 58 63 3 71 64 66 37 59 23 44 52 21 47 24 27 17 42 33 14 5 18 53 73 57 35 11 56 45 46 36 62 1 12 20 55 31 50 32 49 38 67 28 0 41 48 10 2 19 74 16 40 43 25 26 54 9 7 70 30 68 4 29 60 22 72 65 15 34 69 6 
61 8 13 51 39 45 46 36 62 6 57 73 35 11 56 66 37 5 18 53 69 65 15 34 49 32 38 67 31 50 1 12 20 55 28 0 41 48 10 19 2 43 40 74 16 30 70 7 54 26 9 25 60 22 29 4 68 72 14 33 42 17 27 24 47 21 52 44 23 59 64 71 3 63 58 
2 19 10 48 41 0 28 67 32 49 38 50 31 12 20 55 1 62 36 46 45 39 51 8 13 58 63 3 71 64 37 66 53 18 5 33 14 42 17 27 24 47 21 52 23 44 59 61 56 11 35 57 73 6 69 34 15 65 72 68 4 29 60 22 30 70 7 54 26 9 25 43 40 74 16 
17 27 24 47 21 52 44 23 59 37 66 64 71 3 63 58 13 61 56 11 35 57 73 46 45 39 51 8 36 62 1 50 31 12 20 55 67 28 0 41 48 10 19 74 16 40 2 43 25 26 54 9 7 70 68 4 29 60 22 42 33 14 72 30 65 15 34 49 32 38 6 69 53 18 5 
22 60 29 4 68 72 30 70 7 54 26 25 9 40 43 2 19 74 16 10 48 41 0 28 67 12 20 55 1 50 31 32 49 38 34 15 65 14 33 5 18 66 37 64 71 3 63 58 13 8 39 51 45 46 36 62 73 57 6 69 53 35 11 56 61 59 23 44 52 21 47 24 27 17 42 
38 49 32 34 69 15 65 72 68 4 60 22 29 42 17 27 24 47 21 52 44 23 59 37 66 64 71 3 63 58 13 8 51 39 45 46 36 62 1 31 12 20 55 28 67 0 41 48 10 2 19 74 16 40 43 25 26 9 54 7 70 30 14 33 5 18 53 35 11 56 61 73 57 6 50 
0 28 67 38 49 32 50 31 12 20 55 1 62 36 46 45 39 51 8 13 58 63 56 61 3 71 64 66 37 59 23 44 52 21 24 47 22 27 17 42 14 33 5 18 53 35 11 73 57 6 69 15 34 65 72 30 70 68 4 29 60 7 54 26 25 9 40 43 2 19 74 16 10 48 41 
36 46 45 39 51 8 61 56 58 13 63 3 71 66 37 64 59 23 44 52 21 47 24 27 17 42 14 33 5 18 53 35 11 73 57 6 69 15 34 49 32 38 67 28 0 41 48 10 19 2 43 40 16 74 9 26 25 54 7 70 30 68 4 29 60 22 72 65 50 31 12 55 20 1 62 
26 25 40 43 2 19 10 48 41 0 28 67 20 55 12 31 50 1 62 36 46 45 39 51 8 61 56 11 35 57 73 6 69 33 14 42 17 27 24 47 21 52 44 23 59 37 66 64 71 3 63 58 13 53 18 5 22 60 29 4 68 30 72 65 15 34 49 32 38 74 16 70 7 54 9 
53 18 5 33 14 42 17 27 24 47 21 52 44 23 59 37 66 64 71 3 63 58 13 61 11 35 57 73 6 69 34 15 65 72 68 4 29 60 22 70 7 54 26 25 9 30 16 74 19 2 43 40 10 48 41 0 28 67 20 55 12 31 50 32 49 38 1 62 36 46 45 39 8 51 56 
32 49 38 41 0 28 67 20 55 12 31 50 1 62 36 46 45 39 51 8 61 56 11 35 57 73 6 69 53 18 5 66 37 64 71 3 63 58 13 59 23 44 52 21 47 24 27 17 42 14 33 72 30 68 4 29 60 22 70 7 54 9 26 25 43 40 2 10 48 19 74 16 65 15 34 
33 5 18 53 66 64 71 3 63 58 13 8 51 39 45 46 36 62 1 50 31 12 20 55 28 0 41 48 10 19 2 43 40 9 26 25 54 7 70 68 4 29 60 22 42 17 27 24 47 21 52 44 23 59 37 56 61 11 35 57 73 6 69 65 15 34 49 32 38 67 74 16 30 72 14 
31 50 32 49 38 67 28 0 41 48 10 2 19 74 16 40 43 25 26 9 7 54 30 70 68 4 29 60 22 47 24 27 17 42 14 33 5 18 53 35 11 56 61 46 45 39 51 8 13 58 63 3 71 64 66 37 59 23 44 52 21 72 65 15 34 69 6 57 73 36 62 1 12 20 55 
45 46 36 62 73 57 35 11 56 61 8 39 51 13 58 63 3 71 64 66 37 59 23 44 52 21 47 24 27 17 42 22 60 29 4 68 72 14 33 5 18 53 69 65 15 34 32 49 38 41 48 10 19 2 43 40 25 9 26 54 7 70 30 16 74 0 67 28 20 55 12 31 50 6 1 
34 15 65 69 6 57 73 35 11 56 61 8 39 51 45 46 36 62 1 50 31 12 20 55 67 28 0 41 48 10 19 74 16 40 43 2 25 26 9 54 7 70 68 4 29 60 22 42 17 27 24 47 21 52 44 23 59 37 66 64 71 3 63 58 13 53 18 5 33 14 72 30 38 49 32 
13 58 63 3 71 56 11 35 57 73 6 65 15 34 49 32 50 31 12 20 55 28 0 41 48 10 19 2 43 40 25 26 9 54 7 70 68 4 29 60 22 42 17 27 24 47 21 52 44 23 59 64 66 37 5 18 53 69 33 14 72 30 16 74 38 67 1 62 36 46 45 39 51 8 61 
57 73 35 11 56 61 8 39 51 45 46 36 62 1 50 31 12 20 55 67 28 0 41 48 10 19 2 43 40 9 26 25 54 7 70 68 4 29 60 22 42 17 27 24 47 21 52 23 44 59 37 66 18 5 33 14 72 30 16 74 38 32 49 34 15 65 69 53 64 71 3 63 58 13 6 
30 72 68 4 29 60 22 42 17 27 24 47 21 52 44 23 59 37 66 64 71 3 63 58 13 8 39 51 45 46 36 62 6 57 73 35 11 56 61 53 18 5 33 14 69 65 15 34 49 38 32 50 31 1 12 20 55 28 67 0 41 48 10 19 2 43 40 16 74 9 26 25 54 7 70 
20 55 12 31 1 62 36 46 45 39 51 13 8 61 56 11 35 57 73 6 69 65 15 34 50 32 49 38 41 48 10 19 2 43 40 9 26 25 54 7 70 68 4 29 60 22 42 17 27 24 47 21 52 44 23 59 37 66 64 71 3 63 58 53 18 5 33 14 72 30 16 74 0 28 67 
43 2 19 10 48 41 0 28 67 38 49 32 50 31 12 20 55 1 62 36 46 45 39 51 8 61 56 11 35 57 73 6 69 34 15 65 72 68 4 29 60 22 42 17 27 24 47 21 52 44 23 59 37 66 64 71 3 63 58 13 53 18 5 33 14 30 70 7 54 26 25 9 40 74 16 
11 35 57 73 6 50 31 12 20 55 28 0 41 48 10 2 19 16 74 43 40 9 26 25 54 7 70 30 68 4 29 60 22 42 17 27 24 47 21 52 23 44 59 37 66 64 71 3 63 58 13 8 51 39 45 46 36 62 1 67 38 32 49 34 15 65 72 14 33 5 18 53 69 56 61 
33 14 42 17 27 24 47 21 52 44 23 59 64 37 66 71 3 63 58 13 61 8 39 51 45 46 36 62 1 12 20 55 28 67 0 41 48 10 2 19 74 16 40 43 25 26 9 54 7 30 70 68 4 29 60 22 72 65 15 34 49 32 38 31 50 6 57 73 35 11 56 53 18 5 69 
12 20 55 28 0 41 48 10 19 2 43 40 25 26 9 54 7 70 68 4 29 60 22 42 17 27 24 47 21 52 44 23 59 37 66 64 71 3 63 58 13 8 61 56 11 35 57 73 6 50 31 1 62 36 46 45 39 51 53 18 5 33 14 72 30 65 15 34 69 16 74 38 49 32 67 
56 61 11 35 57 73 6 69 65 15 34 49 32 38 41 48 10 2 19 40 43 25 9 26 54 7 70 68 4 29 60 22 42 17 27 24 47 21 52 44 23 59 37 66 64 71 3 63 58 13 8 51 39 45 46 36 62 1 31 50 12 20 55 28 67 0 74 16 30 72 14 33 5 18 53 
33 14 69 65 15 34 6 57 73 35 11 56 61 8 39 51 13 58 63 3 71 64 66 37 59 23 44 21 52 47 24 27 17 42 22 60 29 4 68 72 30 70 7 54 25 26 9 40 16 74 19 2 43 10 48 41 0 28 67 38 49 32 50 31 12 20 55 1 62 36 46 45 53 18 5 
39 51 8 61 13 58 63 3 71 64 37 59 66 18 5 33 14 42 17 27 24 47 21 52 44 23 22 60 29 4 68 72 30 70 7 9 54 26 25 16 74 19 2 40 43 10 48 41 0 28 67 38 32 49 34 15 65 69 53 35 57 6 50 31 12 20 55 1 36 62 73 11 56 46 45 
30 68 4 29 60 22 42 17 27 24 47 21 52 44 23 59 37 66 64 71 3 63 58 13 61 8 39 51 45 46 36 62 1 50 31 12 20 55 67 28 0 41 48 10 2 19 74 16 40 43 25 26 9 54 7 70 72 14 33 5 18 53 56 35 11 73 57 6 32 49 38 34 15 65 69 
45 46 36 62 6 57 73 35 11 56 61 8 39 51 13 58 63 3 71 64 66 37 59 23 44 21 52 47 24 27 17 42 14 33 5 18 53 69 34 15 65 72 68 4 29 60 22 7 54 26 25 9 70 30 16 74 19 2 43 40 10 48 41 0 28 67 38 49 32 50 31 12 20 55 1 
30 68 4 29 60 22 42 17 27 24 47 21 52 44 23 59 37 66 64 71 3 63 58 13 61 8 51 39 45 46 36 62 1 31 50 32 49 38 0 28 67 12 20 55 41 48 10 19 2 40 43 25 26 9 54 7 70 72 65 15 34 6 57 73 35 11 56 53 18 5 33 14 69 16 74 
22 60 29 4 68 70 7 54 26 25 9 43 40 19 10 2 74 16 30 72 65 15 34 49 32 38 41 48 0 67 28 20 55 12 31 50 1 62 36 46 45 39 51 8 61 56 11 35 57 73 6 69 33 14 42 17 27 24 47 21 52 44 23 59 37 66 64 71 3 63 58 13 53 18 5 
58 13 51 39 8 61 56 11 35 57 73 6 34 15 65 72 30 68 4 29 60 22 70 7 54 26 25 9 40 43 2 10 19 74 16 48 41 0 28 67 38 49 32 50 31 12 20 55 1 62 36 46 45 69 53 18 5 33 14 42 17 27 24 47 21 52 44 23 59 37 64 66 71 3 63 
44 23 21 52 47 24 27 17 42 14 33 5 18 53 66 64 71 3 63 58 13 61 8 51 39 45 46 36 62 1 50 31 12 20 55 28 67 32 49 38 41 0 48 10 2 43 74 16 19 40 9 26 25 54 7 70 68 4 29 60 22 30 72 65 15 34 69 6 57 73 35 11 56 37 59 
41 48 10 2 19 74 16 40 43 25 26 54 9 7 70 68 4 29 60 22 42 17 27 24 47 21 52 44 23 59 64 66 37 53 18 5 33 14 72 30 65 15 34 49 32 38 67 28 0 20 55 12 31 50 1 62 36 46 45 39 51 8 13 58 63 3 71 56 61 11 35 57 73 6 69 
73 57 35 11 56 61 8 39 51 13 58 63 3 71 64 66 37 59 23 44 52 21 47 24 27 17 42 14 33 5 18 53 69 34 15 65 72 68 4 29 60 22 70 30 9 26 25 54 7 16 74 40 43 2 19 10 48 41 0 28 67 38 49 32 50 31 12 20 55 1 62 36 46 45 6 
18 5 33 14 42 17 27 24 47 21 52 44 23 59 37 66 64 71 3 63 58 13 61 56 11 35 57 73 46 45 39 51 8 36 62 1 12 20 55 31 50 32 49 38 67 28 0 41 48 10 2 19 74 16 30 72 68 4 29 60 22 70 7 54 26 9 25 43 40 34 15 65 69 6 53 
46 45 61 56 11 35 73 57 6 69 15 65 72 30 68 4 29 22 60 70 7 54 26 25 9 40 43 2 19 74 16 10 48 41 0 28 67 38 32 49 34 50 31 12 20 55 1 62 36 53 18 5 33 14 42 17 27 24 47 21 52 44 23 59 37 66 64 71 3 63 58 13 8 51 39 
34 15 65 72 68 4 29 60 22 42 17 27 24 47 21 52 23 44 59 37 64 71 3 63 58 13 61 8 51 39 45 46 36 62 73 57 35 11 56 53 66 18 5 33 14 69 6 50 31 12 20 55 1 67 28 0 41 48 10 2 19 43 40 9 26 25 54 7 70 30 16 74 38 32 49 
18 5 33 14 72 30 9 26 25 54 7 70 68 4 29 60 22 42 17 27 24 47 21 52 44 23 59 64 66 37 71 3 63 58 13 8 61 56 11 35 57 73 6 69 34 15 65 16 74 19 2 43 40 10 48 41 0 28 67 38 32 49 50 31 12 20 55 1 62 36 46 45 39 51 53 
18 5 14 33 42 17 27 24 47 21 52 44 23 59 37 66 64 71 3 63 58 13 8 39 51 45 46 36 62 1 50 31 12 20 55 67 28 0 41 48 10 19 2 43 40 25 26 9 54 7 70 68 4 29 60 22 72 30 16 74 38 32 49 34 15 65 69 6 57 73 35 11 56 61 53 
33 14 72 65 15 34 6 73 57 35 11 56 61 8 39 51 13 58 63 3 71 64 66 37 59 23 44 21 52 47 24 27 17 42 22 60 29 4 68 30 70 7 54 26 25 9 43 40 2 19 74 16 10 48 41 0 28 67 38 49 32 50 31 12 20 55 1 62 36 46 45 53 69 5 18 
61 13 58 63 3 71 64 59 37 66 53 18 5 33 14 72 68 4 29 60 22 42 17 27 24 47 21 52 23 44 56 11 35 57 73 6 69 65 15 34 49 32 67 28 0 41 48 10 19 74 16 30 70 7 54 26 25 9 40 43 2 38 50 31 12 20 55 1 62 36 46 45 39 51 8 
55 20 12 31 50 32 49 38 67 28 0 41 48 10 2 19 74 16 40 43 25 26 9 54 7 70 68 4 29 60 22 42 17 27 24 47 21 52 44 23 59 64 71 3 63 58 13 61 8 51 39 45 46 36 62 73 35 11 56 53 37 66 18 5 33 14 72 30 65 15 34 69 6 57 1 
20 55 12 31 50 32 49 38 41 48 10 19 74 16 40 43 2 25 9 26 54 7 70 60 22 29 4 68 30 72 65 15 34 69 6 57 73 35 11 46 45 39 51 8 61 56 53 18 5 33 14 42 17 27 24 47 21 52 44 23 59 37 66 64 71 3 63 58 13 36 62 1 67 28 0 
10 19 2 40 43 25 26 9 54 7 70 68 4 29 60 22 42 17 27 24 47 21 52 44 23 59 37 64 66 18 5 33 14 72 65 15 34 49 32 38 41 48 0 28 67 20 55 12 31 50 1 62 36 46 45 39 51 8 13 58 63 3 71 56 61 11 35 57 73 6 69 53 30 16 74 
20 55 12 67 28 0 41 48 10 19 74 16 40 43 2 25 26 54 9 7 70 68 4 29 60 22 42 17 27 24 47 21 52 44 23 59 37 66 64 71 3 63 58 13 61 8 39 51 45 46 36 62 73 57 35 11 56 53 18 5 33 14 72 30 65 15 34 6 69 32 49 38 50 31 1 
65 15 34 49 32 38 67 28 0 41 48 10 19 2 43 40 74 16 30 68 4 29 22 60 70 7 54 26 25 9 72 14 33 42 17 27 24 47 21 52 44 23 59 37 66 64 71 3 63 58 13 8 51 39 45 46 36 62 1 31 12 20 55 50 6 57 73 35 11 56 61 53 18 5 69 
43 40 2 19 10 48 41 0 28 67 38 49 32 50 31 12 20 55 1 62 36 46 45 39 51 8 61 56 53 18 5 33 14 42 17 27 24 47 21 52 44 23 59 37 66 64 71 3 63 58 13 11 35 73 57 6 69 34 15 65 72 68 4 29 60 22 70 30 9 26 25 54 7 16 74 
24 27 17 42 14 33 5 18 37 66 64 71 3 63 58 13 8 39 51 45 46 36 62 6 57 73 35 11 56 61 53 69 15 65 34 49 38 32 50 1 31 12 20 55 28 67 0 41 48 10 19 74 16 40 2 43 25 26 9 54 7 70 30 72 68 4 29 60 22 47 21 52 44 23 59 
11 35 57 73 6 53 18 5 33 14 42 17 27 24 47 21 52 44 23 59 64 71 3 63 58 13 8 51 39 45 46 36 62 1 50 31 12 20 55 67 28 0 41 48 10 19 2 40 43 25 26 9 54 7 70 30 68 4 29 60 22 72 65 15 34 49 32 38 74 16 69 37 66 56 61 
50 31 12 20 55 67 28 0 41 48 10 2 19 74 16 40 43 25 26 54 9 7 70 30 68 4 29 60 22 42 17 27 24 47 21 52 23 44 59 64 71 3 63 58 13 8 51 39 45 46 36 62 73 57 35 11 56 61 53 66 37 5 18 33 14 72 65 15 34 69 6 32 49 38 1 
11 35 57 73 6 69 15 65 72 68 4 29 60 22 24 47 21 52 44 23 59 64 37 66 53 18 5 33 14 42 17 27 30 70 7 54 26 25 9 43 40 2 10 19 74 16 34 49 32 38 41 48 0 28 67 20 55 12 31 50 1 62 36 46 45 39 51 8 13 58 63 3 71 56 61 
47 24 27 17 42 14 33 5 18 53 57 35 56 11 73 6 69 15 65 72 30 68 4 29 60 22 70 7 54 26 25 9 40 43 74 16 10 19 2 48 41 0 28 67 38 32 49 34 50 31 12 20 55 1 62 36 46 45 39 51 8 61 13 58 63 3 71 64 66 37 59 23 44 21 52 
34 15 65 72 68 4 29 60 22 42 17 27 24 47 21 52 44 23 59 64 37 66 18 5 33 14 30 70 7 54 9 25 26 43 40 2 19 74 16 10 48 41 0 28 67 38 49 32 50 31 12 20 55 1 62 36 46 45 39 51 8 13 58 63 3 71 56 61 11 35 57 73 6 69 53 
33 14 42 17 27 24 47 21 52 23 44 59 37 66 64 71 3 63 58 13 51 39 45 46 36 62 73 57 35 11 56 61 8 6 50 1 31 12 20 55 67 28 0 41 48 10 19 2 43 40 74 16 9 25 26 54 7 70 30 68 4 29 60 22 72 65 15 34 49 32 38 69 53 18 5 
14 33 5 18 66 37 59 23 44 52 21 47 24 27 17 42 22 60 29 4 68 30 70 7 9 54 26 25 43 2 40 16 74 19 10 48 41 0 28 67 31 12 20 55 1 62 36 46 45 39 51 8 61 13 58 63 3 71 64 53 56 11 35 73 57 6 50 32 49 38 34 15 65 72 69 
64 71 3 63 58 13 61 8 39 51 45 46 36 62 73 57 6 50 31 1 12 20 55 67 28 0 41 48 10 2 19 74 16 30 70 7 54 26 25 9 40 43 38 32 49 34 15 65 72 68 4 29 60 22 42 17 27 24 47 21 52 44 23 59 37 66 18 5 33 14 69 53 35 11 56 
55 20 12 31 50 1 62 36 46 45 39 51 8 61 13 58 63 3 71 64 66 37 59 23 44 52 21 47 24 27 17 42 14 33 5 18 53 35 11 56 6 57 73 69 65 15 34 49 32 38 41 48 10 19 2 40 43 25 9 26 54 7 70 68 4 29 60 22 72 30 16 74 0 28 67 
63 3 71 64 66 37 5 18 53 69 33 14 42 17 27 24 47 21 52 44 23 59 56 11 35 57 73 6 34 15 65 72 68 4 29 60 22 70 30 7 54 26 25 9 40 43 2 19 74 16 10 48 41 0 28 67 32 49 38 50 31 12 20 55 1 62 36 46 45 39 51 8 13 58 61 
67 28 0 41 48 10 2 19 74 16 40 43 25 26 9 54 7 70 68 4 29 60 22 42 17 27 24 47 21 52 44 23 59 37 66 64 71 3 63 58 13 8 61 56 11 35 57 73 46 45 39 51 36 62 1 31 50 32 38 49 34 15 65 72 30 14 33 5 18 53 69 6 12 20 55 
53 18 5 33 14 42 17 27 24 47 21 52 23 44 59 37 66 64 71 3 63 58 13 8 61 56 11 35 57 73 6 69 34 15 65 72 68 4 29 60 22 70 7 54 26 25 9 30 16 74 40 43 2 19 10 48 41 0 28 67 38 32 49 50 31 12 20 55 1 62 36 46 45 39 51 
12 20 55 28 67 38 49 32 50 31 1 62 36 46 45 39 51 8 61 13 58 63 3 71 64 66 37 59 23 44 21 52 47 24 27 17 42 14 33 5 18 53 56 11 35 73 57 6 69 34 15 65 72 30 70 68 4 29 60 22 7 54 26 9 25 43 40 74 16 19 2 10 48 41 0 
38 49 32 34 15 65 69 53 18 5 33 14 42 17 27 24 47 21 52 44 23 59 37 66 64 71 3 63 58 13 8 39 51 45 46 36 62 73 57 35 11 56 61 6 50 31 1 12 20 55 28 67 0 41 48 10 19 2 43 40 25 26 9 54 7 70 68 4 29 60 22 72 30 16 74 
49 32 50 31 1 55 20 12 67 28 0 41 48 10 19 2 43 40 9 25 26 54 7 70 30 68 4 29 60 22 42 17 27 24 47 21 52 44 23 59 66 37 64 71 3 63 58 13 8 51 39 45 36 62 73 35 11 56 61 46 6 57 53 18 5 33 14 72 65 15 34 69 16 74 38 
56 61 45 39 51 8 13 58 63 3 71 64 66 37 59 23 44 52 21 47 24 27 17 42 14 33 5 18 53 69 15 65 72 68 4 29 60 22 70 30 7 54 26 25 9 40 43 2 10 19 74 16 34 49 32 38 41 48 0 28 67 20 55 12 31 50 1 62 36 46 11 35 57 73 6 
46 45 39 51 8 61 56 11 35 73 57 6 69 18 5 33 14 72 68 4 29 60 22 42 17 27 24 47 21 52 23 44 59 37 66 64 71 3 63 58 13 53 34 15 65 30 70 7 54 26 25 9 43 40 16 74 19 2 10 48 41 0 28 67 38 32 49 50 31 12 20 55 1 62 36 
16 74 19 2 43 40 10 48 41 0 28 67 38 49 32 50 31 12 20 55 1 62 36 46 45 39 51 8 61 13 58 63 3 71 64 37 66 18 5 33 14 42 17 27 24 47 21 52 23 44 59 69 53 35 11 56 73 57 6 34 15 65 72 68 4 29 60 22 70 7 9 25 26 54 30 
30 68 4 29 60 22 14 33 5 18 53 66 37 64 71 3 63 58 13 61 8 39 51 45 46 36 62 1 50 31 12 20 55 67 28 0 41 48 10 19 2 43 40 16 74 38 49 32 34 15 65 69 6 57 73 35 11 56 59 23 44 52 21 47 24 27 17 42 72 70 7 54 26 25 9 
69 53 18 66 64 37 59 23 44 52 21 47 24 27 17 42 33 5 14 72 68 4 29 60 22 70 7 54 9 26 25 43 40 10 19 2 74 16 30 65 15 34 49 32 38 41 48 0 28 67 12 20 55 31 50 1 62 36 46 45 39 51 8 13 58 63 3 71 56 61 11 35 57 73 6 
68 4 29 60 22 42 17 27 24 47 21 52 44 23 59 37 66 64 71 3 63 58 13 61 56 11 35 57 73 46 45 39 51 8 36 62 1 50 31 12 20 55 0 28 67 38 49 32 34 15 65 72 14 33 5 18 53 69 6 16 74 19 2 10 48 41 43 40 25 26 9 54 7 70 30 
63 3 71 64 59 23 44 52 21 47 24 27 17 42 14 33 5 18 53 35 11 73 57 6 69 34 15 65 72 4 29 60 22 68 30 70 7 54 26 25 9 43 2 10 19 74 16 40 48 41 0 28 67 38 49 32 50 31 12 20 55 1 62 36 46 45 39 51 8 13 58 61 56 66 37 
27 17 42 14 33 5 18 66 37 64 71 3 63 58 13 61 8 51 39 45 46 36 62 1 50 31 12 20 55 67 28 0 41 48 10 19 2 43 40 16 74 38 49 32 34 15 65 69 6 57 73 35 11 56 53 59 23 44 52 21 47 24 22 29 4 68 72 30 70 7 9 25 26 54 60 
13 58 63 3 71 64 66 18 5 33 14 42 17 27 24 47 21 52 44 23 59 37 56 11 35 57 73 6 53 69 15 65 72 68 4 29 60 22 70 7 54 9 26 25 43 40 2 10 19 74 16 30 34 49 32 38 41 48 0 28 67 20 55 12 31 50 1 62 36 46 45 39 51 8 61 
57 73 35 11 56 53 18 5 33 14 72 68 4 29 60 22 17 42 27 24 47 21 52 23 44 59 64 37 66 71 3 63 58 13 61 8 39 51 45 46 36 62 1 12 20 55 28 0 41 48 10 2 19 74 16 40 43 25 26 9 54 7 70 30 65 15 34 49 32 38 67 31 50 69 6 
41 48 10 19 2 43 40 74 16 65 15 34 49 32 38 0 28 67 20 55 12 31 50 1 62 36 46 45 39 51 8 61 13 58 63 3 71 64 66 37 5 18 53 69 6 57 73 35 11 56 59 23 44 52 21 47 24 27 17 42 14 33 72 68 4 29 22 60 70 30 7 54 26 25 9 
32 49 38 74 16 15 34 69 65 72 68 4 29 60 22 30 70 7 9 54 26 25 43 40 2 19 10 48 41 0 28 67 20 55 12 31 50 1 62 36 46 45 39 51 13 8 61 58 63 3 71 64 37 59 23 44 52 21 47 24 27 17 42 14 33 5 18 53 66 56 35 11 73 57 6 
71 64 66 37 59 23 44 52 21 47 24 27 17 42 14 33 5 18 53 69 34 15 65 72 30 68 4 29 22 60 70 7 54 26 25 9 16 74 19 2 43 40 10 48 41 0 28 67 12 20 55 38 49 32 31 50 1 62 36 46 45 39 51 8 61 56 11 35 57 73 6 13 58 63 3 
37 64 71 3 63 58 61 13 8 51 39 45 46 36 62 1 50 31 12 20 55 28 67 0 41 48 10 19 2 43 40 9 26 25 54 7 70 30 72 68 4 29 60 22 14 33 5 18 53 69 34 15 65 16 74 38 32 49 6 57 73 35 11 56 66 59 23 44 52 21 47 24 27 17 42 
62 36 46 45 39 51 8 13 58 63 3 71 64 66 18 5 33 14 72 70 7 9 54 26 25 43 40 2 19 74 16 30 68 4 29 60 22 42 17 27 24 47 21 52 44 23 59 37 53 35 11 56 61 73 57 6 69 65 15 34 49 32 38 41 48 10 0 67 28 20 55 12 31 50 1 
49 32 38 67 28 0 41 48 10 2 19 74 16 40 43 25 26 9 54 7 70 30 68 4 29 60 22 42 17 27 24 47 21 52 44 23 59 37 66 64 71 3 63 58 13 8 39 51 45 46 36 62 73 57 35 11 56 61 53 18 5 33 14 72 65 15 34 69 6 50 31 1 12 20 55 
69 65 15 34 49 32 38 67 28 0 41 48 10 19 2 43 40 16 74 9 26 25 54 7 70 30 72 68 4 29 60 22 42 17 27 24 47 21 52 44 23 59 37 66 64 71 3 63 58 13 61 56 11 35 73 57 6 50 31 12 20 55 1 62 36 46 45 39 51 8 53 18 5 33 14 
