51 55 46 57 47 40 4 53 22 24 43 1 44 54 50 35 59 37 3 21 11 45 23 18 58 48 9 41 39 12 19 7 38 2 52 49 33 26 29 10 34 28 8 5 15 0 25 6 17 32 27 36 30 42 16 56 20 31 13 14 
31 14 51 55 46 57 47 40 4 53 22 24 43 1 54 41 9 48 58 18 45 23 11 21 3 37 59 35 50 29 52 2 38 7 12 39 19 26 33 49 28 34 10 8 5 15 0 6 25 36 27 32 17 30 42 16 56 20 44 13 
15 5 17 32 27 36 30 42 16 56 20 44 54 41 9 1 13 31 14 55 51 46 57 47 40 4 53 22 24 43 58 48 18 45 23 11 21 3 37 59 35 50 29 39 12 19 7 38 2 52 26 33 49 10 34 8 28 0 25 6 
17 32 27 36 30 42 16 56 20 44 54 50 35 59 37 3 21 11 45 23 18 58 48 22 53 4 40 47 46 57 55 51 14 31 13 24 43 1 41 9 39 12 19 7 38 2 52 29 10 34 49 26 33 28 8 5 15 0 25 6 
39 12 38 2 52 29 50 54 41 9 48 58 18 45 23 11 21 3 37 59 35 1 43 24 4 53 22 40 47 46 57 55 51 14 31 13 44 20 56 16 42 30 36 27 32 17 5 15 0 25 6 8 28 34 10 49 33 26 7 19 
16 56 20 44 13 31 14 55 51 46 57 47 40 4 53 22 58 48 18 45 23 11 21 3 37 59 35 50 41 54 1 43 24 9 39 12 19 7 38 2 52 26 33 49 29 10 34 28 8 5 15 0 6 25 36 27 32 17 42 30 
27 32 17 5 15 0 6 25 36 30 42 16 56 20 44 54 1 43 24 14 31 13 51 55 46 57 47 40 4 53 22 23 45 18 58 48 9 41 50 35 59 37 3 21 11 19 12 39 2 38 7 52 29 26 33 49 10 34 28 8 
10 34 28 8 5 15 0 25 6 17 32 27 36 30 42 16 56 20 44 54 41 9 1 43 24 4 53 22 40 47 46 57 55 51 14 31 13 48 58 18 45 23 11 21 3 37 59 35 50 29 52 2 38 7 19 12 39 26 33 49 
19 12 39 38 2 52 29 50 54 41 1 43 24 14 31 13 51 55 46 57 47 40 4 53 22 58 48 18 45 23 11 21 3 37 59 35 9 44 20 56 16 42 30 36 27 32 17 5 15 0 6 25 8 28 34 10 49 33 26 7 
33 26 52 2 38 7 12 39 19 11 21 3 37 59 35 50 54 41 9 48 58 18 45 23 22 53 4 40 47 46 57 55 51 14 24 43 1 13 31 44 20 56 16 42 30 36 27 32 17 5 15 0 25 6 8 28 34 10 29 49 
18 45 23 11 3 21 37 59 35 50 41 54 13 31 14 51 55 46 57 47 40 4 53 22 24 43 1 44 20 56 16 42 30 36 27 32 17 5 15 0 6 25 8 28 34 10 49 33 26 52 2 38 7 19 12 39 29 9 48 58 
19 12 39 38 2 52 29 35 59 37 3 21 11 45 23 18 58 48 9 41 54 50 1 43 24 4 53 22 40 47 46 57 55 51 14 31 13 44 20 56 16 42 30 36 27 32 17 5 15 0 25 6 8 28 34 10 49 33 26 7 
52 2 38 7 39 12 19 11 21 3 37 59 35 50 54 41 9 48 58 18 45 23 22 53 4 40 47 46 57 55 51 31 13 14 24 43 1 44 20 56 16 30 42 36 27 32 17 5 15 0 25 6 8 28 34 10 29 49 33 26 
7 38 2 52 29 10 54 41 50 35 59 37 3 21 11 45 18 23 58 48 9 1 43 24 14 40 4 53 22 47 46 57 55 51 31 13 44 20 56 16 42 30 36 27 32 17 5 15 0 25 6 8 28 34 49 33 26 39 12 19 
11 21 3 37 59 35 50 41 54 1 43 24 4 53 22 47 40 46 57 55 51 14 31 13 44 20 56 16 42 30 36 27 32 17 5 15 0 25 6 8 28 34 49 33 26 39 12 19 7 38 2 52 29 10 9 48 58 18 45 23 
52 2 38 7 39 12 19 37 3 21 11 45 23 18 58 48 9 41 54 50 35 59 1 43 24 4 53 22 40 47 46 57 55 51 14 31 13 44 20 56 16 42 30 36 27 32 17 5 15 0 25 6 8 28 34 10 29 49 33 26 
21 3 37 59 35 50 54 44 20 56 16 42 30 36 27 32 17 5 15 0 6 25 8 28 34 10 49 33 26 52 2 38 7 19 12 39 29 1 41 9 43 24 14 31 13 51 55 46 57 47 40 4 53 22 58 48 18 45 23 11 
27 36 30 42 16 56 20 44 54 50 41 9 1 43 24 14 31 13 51 55 46 57 47 40 4 53 22 58 48 18 45 23 11 21 3 37 59 35 29 52 2 38 7 39 12 19 26 33 49 10 34 28 8 5 15 0 25 6 17 32 
24 43 1 41 50 54 10 29 52 2 38 39 12 19 7 26 33 49 34 28 8 5 15 0 25 6 36 27 32 17 30 42 16 56 20 44 13 31 14 51 55 46 57 47 40 4 53 22 58 48 18 45 23 11 21 3 37 59 35 9 
11 21 3 37 59 35 9 1 43 24 14 31 13 20 56 16 42 30 36 27 32 17 5 15 0 6 25 8 28 34 10 49 33 26 39 12 19 7 38 2 52 29 50 41 54 44 51 55 46 57 47 40 4 53 22 58 48 18 45 23 
19 12 39 38 2 52 29 50 35 59 37 3 21 11 45 18 23 58 48 9 41 54 1 43 24 14 40 4 53 22 47 57 46 55 51 31 13 44 20 56 16 30 42 36 27 32 17 25 6 0 15 5 8 28 34 10 49 33 26 7 
0 25 15 5 17 32 27 36 30 42 16 56 20 44 54 50 41 9 1 43 24 14 31 13 51 55 46 57 47 40 4 53 22 58 48 18 45 23 11 21 3 37 59 35 39 12 19 7 38 2 52 26 33 49 29 10 34 28 8 6 
17 32 27 36 30 42 16 56 20 44 13 31 14 51 55 46 57 47 4 53 22 40 24 43 1 41 50 35 59 37 3 21 11 45 23 18 58 48 9 54 10 29 52 2 38 7 19 12 39 26 33 49 28 34 8 5 15 0 6 25 
18 45 23 11 21 3 37 59 35 50 54 41 9 1 43 24 14 51 55 46 57 47 53 22 4 40 31 13 44 20 56 16 42 30 36 27 32 17 6 25 0 15 5 8 28 34 10 29 49 33 26 52 2 38 7 12 39 19 48 58 
58 48 18 45 23 11 21 3 37 59 35 50 41 54 44 20 56 16 42 30 36 27 32 17 5 15 0 25 6 8 28 34 10 29 52 26 33 49 2 38 7 19 12 39 9 1 43 24 14 13 31 51 55 46 57 47 40 4 53 22 
49 33 26 7 38 39 12 19 11 21 3 37 59 35 50 54 41 9 1 43 24 48 58 18 45 23 22 53 4 40 47 46 57 55 51 14 31 13 44 20 56 16 42 30 36 27 32 17 5 15 0 25 6 8 28 34 10 29 52 2 
10 34 28 8 5 15 0 25 6 17 32 27 36 30 42 16 56 20 44 54 50 41 9 1 43 24 14 31 13 51 55 46 57 47 40 4 53 22 58 48 18 45 23 11 21 3 37 59 35 29 52 2 38 7 12 39 19 33 26 49 
40 47 46 57 55 51 14 31 13 44 20 56 16 42 30 36 27 32 17 5 15 0 25 6 8 28 34 10 29 50 35 59 37 3 21 11 19 12 39 38 7 2 52 26 33 49 54 41 9 1 43 24 48 58 18 45 23 22 53 4 
42 30 36 27 32 17 5 15 0 25 6 8 28 34 10 29 39 12 19 7 38 2 52 26 33 49 54 41 9 1 43 24 14 13 31 51 55 46 57 47 40 4 53 22 58 48 18 45 23 11 21 3 37 59 35 50 44 20 56 16 
10 34 28 8 5 15 6 25 0 17 32 27 36 30 42 16 56 20 44 54 41 9 1 43 24 14 31 13 51 55 46 57 4 53 22 47 40 58 48 18 45 23 11 21 3 37 59 35 50 29 39 12 19 7 38 2 52 26 33 49 
29 52 2 38 7 39 12 19 3 21 11 45 23 18 58 48 9 37 59 35 50 54 41 1 43 24 4 53 22 40 47 46 57 55 51 14 31 13 44 20 56 16 42 30 36 27 32 17 5 15 0 6 25 8 28 34 10 49 33 26 
17 32 27 36 30 42 16 56 20 44 54 50 41 1 43 24 14 31 13 51 55 46 57 47 40 4 53 22 58 48 18 23 45 11 21 3 37 59 35 9 29 39 12 19 7 38 2 52 26 33 49 10 34 28 8 5 15 0 25 6 
27 36 30 42 16 56 20 44 1 43 24 13 31 14 51 55 46 57 47 40 4 53 22 58 48 18 45 23 11 21 3 37 59 35 50 41 9 54 10 29 52 2 38 7 39 12 19 26 33 49 34 28 8 5 15 0 25 6 17 32 
33 26 52 2 38 7 39 12 19 11 21 3 37 59 35 50 54 41 9 48 58 18 45 23 22 53 4 40 47 46 57 51 55 31 13 14 24 43 1 44 20 56 16 42 30 36 27 32 17 5 15 0 25 6 8 28 34 10 29 49 
29 10 34 8 5 15 0 25 6 17 32 27 36 30 42 16 56 20 44 54 50 35 59 9 41 1 43 24 14 13 31 51 55 46 57 47 40 4 53 22 58 48 18 45 23 11 21 3 37 39 12 19 7 38 2 52 26 33 49 28 
29 50 54 41 9 1 43 24 48 58 18 45 23 22 53 4 40 47 46 57 55 51 14 31 13 44 20 56 16 42 30 36 27 32 17 5 15 0 6 25 8 28 34 10 49 33 26 52 2 38 7 12 39 19 11 21 3 37 59 35 
29 52 2 38 7 39 12 19 11 21 3 37 59 35 50 54 41 1 43 24 9 48 58 18 45 23 22 53 4 40 47 46 57 55 51 31 14 13 44 20 56 16 42 30 36 27 32 17 5 15 0 6 25 8 28 34 10 49 33 26 
15 5 17 32 27 36 30 42 16 56 20 44 54 41 9 1 13 31 14 51 55 46 57 47 40 4 53 22 24 43 48 58 18 45 23 11 21 3 37 59 35 50 29 52 2 38 7 19 12 39 26 33 49 28 34 10 8 6 0 25 
21 3 37 59 35 50 10 29 39 12 19 7 38 2 52 26 33 49 34 28 8 5 15 0 25 6 17 32 27 36 30 42 16 56 20 51 55 46 57 47 40 4 53 22 24 43 1 9 41 54 44 13 31 14 58 48 18 45 23 11 
29 52 2 38 7 39 12 19 37 3 21 11 45 18 23 58 48 9 59 35 50 54 41 1 43 24 4 53 22 40 47 46 57 55 51 14 31 13 44 20 56 16 42 30 36 27 32 17 5 15 0 25 6 8 28 34 10 49 33 26 
6 25 30 42 16 56 20 44 54 41 1 43 24 14 31 13 51 55 46 57 47 40 4 53 22 58 48 18 45 23 11 21 3 37 9 59 35 50 29 39 12 19 7 38 2 52 26 33 49 34 10 28 8 5 15 17 27 32 36 0 
15 5 17 32 27 36 30 42 16 56 20 44 54 41 9 1 43 24 13 31 14 51 55 46 57 47 40 4 53 22 58 48 18 45 23 11 21 3 37 59 35 50 29 52 2 38 7 39 12 19 26 33 49 10 34 28 8 6 25 0 
32 27 36 30 42 16 56 20 44 43 24 14 31 13 51 55 46 57 47 40 4 53 22 23 45 18 58 48 9 1 41 50 54 10 29 35 59 37 3 21 11 19 12 39 38 7 2 52 26 33 49 28 34 8 5 15 0 25 6 17 
29 52 2 38 7 39 12 19 11 3 21 37 59 35 50 41 9 48 58 18 45 23 22 53 4 40 47 46 57 55 51 31 13 14 24 43 1 54 44 20 56 16 42 30 36 27 32 17 5 15 0 25 6 8 28 34 10 49 33 26 
52 2 38 7 19 12 39 35 59 37 3 21 11 45 23 18 58 48 9 1 43 24 4 53 22 47 40 46 57 55 51 14 31 13 44 54 41 50 29 10 34 28 8 5 15 0 25 6 17 32 27 36 30 42 16 56 20 49 33 26 
34 10 29 52 2 38 7 39 12 19 3 21 11 45 23 18 58 48 9 41 54 50 35 59 37 1 43 24 4 53 22 40 47 57 46 55 51 14 31 13 44 20 56 16 42 30 36 27 32 17 6 0 25 15 5 8 28 49 33 26 
21 3 37 59 35 50 54 1 43 24 53 22 4 40 47 46 57 55 51 14 31 13 44 20 56 16 42 30 36 27 32 17 5 15 0 6 25 8 28 34 10 29 39 12 19 7 38 2 52 26 33 49 41 9 48 58 18 45 23 11 
29 10 34 28 8 5 15 0 6 25 36 27 32 17 30 42 16 56 20 44 13 31 14 51 55 46 57 47 40 4 53 22 58 48 18 45 23 11 21 3 37 59 35 50 41 54 1 43 24 9 39 12 19 7 38 2 52 26 33 49 
38 2 52 29 50 54 44 13 31 14 51 55 46 57 47 40 4 53 22 58 48 18 45 23 11 21 3 37 59 35 41 9 1 43 24 20 56 16 42 30 36 27 32 17 5 15 6 0 25 8 28 34 10 49 33 26 39 12 19 7 
22 53 4 40 47 46 57 55 51 14 31 13 44 20 56 16 42 30 36 27 32 17 5 15 0 25 6 8 28 34 10 49 33 26 52 2 38 7 39 12 19 3 21 11 23 45 18 48 43 24 1 9 41 54 50 29 35 59 37 58 
39 12 19 7 38 2 52 29 50 41 1 43 24 13 31 14 51 55 46 57 47 40 4 53 22 58 48 18 45 23 11 3 21 37 59 35 9 54 44 20 56 16 42 30 36 27 32 17 5 15 0 25 6 8 28 34 10 49 33 26 
34 28 8 5 15 0 25 6 27 32 17 36 30 42 16 56 20 44 54 41 9 1 43 24 14 13 31 51 55 46 57 47 40 4 53 22 58 48 18 45 23 11 21 3 37 59 35 50 39 12 19 7 38 2 52 29 10 49 33 26 
34 10 29 39 12 19 7 38 2 52 26 33 49 28 8 5 15 17 32 27 36 25 6 0 30 42 16 56 20 44 13 31 14 51 55 46 57 47 40 4 53 22 43 24 48 58 18 45 23 11 21 3 37 59 35 50 41 9 1 54 
33 26 52 2 38 7 12 39 19 3 21 11 23 45 18 58 48 9 41 54 50 35 59 37 1 43 24 53 22 4 40 47 46 57 55 51 14 31 13 44 20 56 16 42 30 36 27 32 17 5 15 0 25 6 8 28 34 10 29 49 
21 3 37 59 35 50 41 54 44 20 56 16 42 30 36 27 32 17 5 15 0 25 6 8 28 34 49 33 26 52 2 38 7 19 12 39 29 10 1 9 43 24 14 13 31 51 55 46 57 47 40 4 53 22 58 48 18 45 23 11 
25 6 17 32 27 36 30 42 16 56 20 44 54 41 9 1 43 24 14 31 13 51 55 46 57 47 40 4 53 22 58 48 18 45 23 11 21 3 37 59 35 50 29 52 2 38 7 19 12 39 26 33 49 10 34 28 8 5 15 0 
12 39 38 2 52 29 50 35 59 37 3 11 21 48 58 18 45 23 22 53 4 40 47 46 57 55 51 31 13 14 24 43 1 9 41 54 44 20 56 16 42 30 36 27 32 17 5 15 0 25 6 8 28 34 10 49 33 26 7 19 
52 2 38 7 39 12 19 3 21 11 45 23 18 58 48 9 41 54 50 35 59 37 1 43 24 4 53 22 47 40 46 57 55 51 14 31 13 44 20 56 16 42 30 36 27 32 17 5 15 0 25 6 8 28 34 10 29 49 33 26 
49 33 26 52 2 38 7 39 12 19 11 21 3 37 59 35 50 54 41 9 1 43 24 58 48 18 45 23 22 53 4 40 47 46 57 55 51 14 31 13 44 20 56 16 42 30 36 27 32 17 5 15 0 25 6 8 28 34 10 29 
26 33 49 34 28 8 5 15 0 25 6 17 32 27 36 30 42 16 56 20 44 13 31 14 51 55 46 57 47 40 4 53 22 58 48 18 45 23 11 21 3 37 59 35 50 41 1 43 24 9 54 10 29 52 2 38 7 39 12 19 
11 21 3 37 59 35 50 41 1 54 44 20 56 16 42 30 36 27 32 17 5 15 0 25 6 8 28 34 10 49 33 26 52 2 38 7 19 12 39 29 9 43 24 13 31 14 51 55 46 57 47 40 4 53 22 58 48 18 45 23 
52 2 38 7 39 12 19 3 21 37 59 35 50 54 41 9 1 43 24 58 48 18 45 23 11 22 53 4 40 47 57 46 55 51 14 31 13 44 20 56 16 42 30 36 27 32 17 5 15 25 0 6 8 28 34 10 29 49 33 26 
29 52 2 38 7 39 12 19 11 21 3 37 59 35 50 54 41 9 1 43 24 48 58 18 45 23 22 53 4 40 47 46 57 55 51 14 31 13 44 20 56 16 42 30 36 27 32 17 5 15 0 6 25 8 28 34 10 49 33 26 
41 54 50 35 59 37 3 21 11 23 45 18 58 48 9 43 24 4 53 22 47 40 46 57 55 51 14 31 13 44 20 56 16 42 30 36 27 32 17 5 15 0 6 25 8 28 49 33 26 52 2 38 7 19 12 39 29 10 34 1 
46 57 47 40 4 53 22 58 48 9 59 37 21 3 11 45 18 23 24 43 1 41 54 50 35 29 39 12 19 7 38 2 52 26 33 49 10 34 28 8 5 15 0 6 25 36 27 32 17 30 42 16 56 20 44 13 31 14 51 55 
27 36 30 42 16 56 20 44 54 50 35 59 37 9 41 1 43 24 14 31 13 51 55 46 57 47 40 4 53 22 58 48 18 45 23 11 21 3 19 7 38 2 52 29 39 12 26 33 49 10 34 28 8 5 15 0 25 6 17 32 
17 32 27 36 30 42 16 56 20 44 54 41 1 24 4 53 22 47 40 46 57 55 51 31 13 14 43 9 48 58 18 45 23 11 21 3 37 59 35 50 29 52 2 38 39 12 19 7 26 33 49 34 10 28 8 5 15 0 25 6 
51 55 46 57 47 40 4 53 22 24 43 1 9 59 35 50 41 54 44 20 56 16 42 30 36 27 32 17 5 15 0 6 25 8 28 34 10 49 33 26 29 52 2 38 7 12 39 19 3 37 21 11 45 23 18 58 48 13 31 14 
7 38 2 52 29 50 54 41 1 9 35 59 37 3 21 11 23 45 18 58 48 43 24 14 51 55 46 57 47 40 4 53 22 31 13 44 20 56 16 42 30 36 27 32 17 5 15 0 25 6 8 28 34 10 49 33 26 39 12 19 
24 43 1 41 50 54 44 20 56 16 42 30 36 27 32 17 0 25 6 15 5 8 28 34 10 29 49 33 26 52 2 38 7 39 12 19 3 37 59 35 9 48 58 18 45 23 11 21 22 53 4 40 47 46 57 55 51 31 13 14 
43 24 14 31 13 51 55 46 57 47 40 4 53 22 58 48 18 45 23 11 21 3 37 59 35 50 41 54 44 20 56 16 42 30 36 27 32 17 5 15 0 25 6 8 28 34 10 49 33 26 52 2 38 7 12 39 19 29 9 1 
29 50 41 54 44 20 56 16 42 30 36 27 32 17 5 15 0 25 6 8 28 34 10 49 33 26 52 2 38 39 12 19 7 9 1 43 24 14 31 13 51 55 46 57 47 40 4 53 22 58 48 18 45 23 11 21 3 37 59 35 
2 38 39 12 7 19 11 21 3 37 59 35 50 54 41 9 1 43 24 48 58 18 45 23 22 53 4 40 46 57 47 55 51 14 31 13 44 20 56 16 42 30 36 27 32 17 5 15 0 6 25 8 28 34 10 29 52 26 33 49 
34 28 8 5 15 0 25 6 17 32 27 36 30 42 16 56 20 44 54 41 9 1 43 24 14 31 13 51 55 46 57 47 40 4 53 22 58 48 18 45 23 11 21 3 37 59 35 50 29 52 2 38 7 12 39 19 26 33 49 10 
24 43 1 41 9 37 59 35 50 54 44 13 20 56 16 42 30 36 27 32 17 5 15 0 25 6 8 28 34 10 29 49 33 26 52 2 38 7 12 39 19 3 21 11 45 23 18 58 48 22 53 4 40 47 46 57 55 51 31 14 
33 26 52 2 38 7 19 12 39 35 50 41 9 1 43 24 14 13 31 51 55 46 57 47 40 4 53 22 58 48 18 45 23 11 21 3 37 59 54 44 20 56 16 42 30 36 27 32 17 6 0 25 15 5 8 28 49 34 10 29 
38 2 52 29 50 35 59 37 3 21 11 45 23 18 58 48 22 53 4 40 47 46 57 55 51 31 13 14 24 43 9 1 41 54 44 20 56 16 42 30 36 27 32 17 5 15 0 25 6 8 28 34 10 49 33 26 7 12 39 19 
48 58 18 45 23 11 21 3 37 59 35 50 41 54 10 29 52 2 38 7 12 39 19 26 33 49 34 28 8 5 15 0 25 6 27 32 17 36 30 42 16 56 20 44 13 31 14 51 55 40 46 57 47 22 53 4 24 43 1 9 
52 2 38 7 12 39 19 11 21 3 37 59 35 50 54 41 9 48 58 18 45 23 22 53 4 40 47 46 57 55 51 31 13 14 24 43 1 44 20 56 16 42 30 36 27 32 17 5 15 0 25 6 8 28 34 10 49 33 26 29 
30 42 16 56 20 44 54 41 9 1 43 24 14 31 13 51 55 46 57 47 40 4 53 22 58 48 18 45 23 11 21 3 37 59 35 50 29 39 12 19 7 38 2 52 26 33 49 10 34 28 8 5 15 0 25 6 36 27 32 17 
15 5 17 32 27 36 30 42 16 56 20 44 54 41 9 1 43 24 13 31 14 51 55 46 57 47 40 4 53 22 58 48 18 45 23 11 21 3 37 59 35 50 29 52 2 38 39 12 19 7 26 33 49 10 34 28 8 6 0 25 
20 56 16 42 30 36 27 32 17 5 15 0 6 25 8 28 34 10 29 35 50 41 54 44 13 31 14 51 55 46 57 47 40 4 53 22 24 43 1 9 48 58 18 45 23 11 21 3 37 59 39 12 19 7 38 2 52 26 33 49 
29 50 41 9 1 43 24 13 31 14 51 55 46 57 47 40 4 53 22 58 48 18 23 45 11 21 3 37 59 35 54 44 20 56 16 42 30 36 27 32 17 5 15 0 6 25 8 28 34 10 49 33 26 52 2 38 7 12 39 19 
45 18 58 48 9 41 50 54 44 20 56 16 42 30 36 27 32 17 5 15 0 25 6 8 28 34 10 49 33 26 52 2 38 7 39 12 19 3 21 11 37 59 35 29 1 43 24 14 13 31 51 55 46 57 47 40 4 53 22 23 
49 33 26 52 2 38 7 39 12 19 3 21 11 45 18 23 24 43 1 41 54 50 35 59 37 9 48 58 22 53 4 40 47 57 46 55 51 14 31 13 44 20 56 16 42 30 36 27 32 17 5 15 0 6 25 8 28 34 10 29 
17 32 27 36 30 42 16 56 20 44 13 31 14 51 55 46 57 47 53 22 4 40 24 43 54 41 9 1 48 58 18 45 23 11 21 3 37 59 35 50 29 52 2 38 7 39 12 19 26 33 49 10 34 28 8 5 15 0 6 25 
45 18 58 48 9 41 50 54 44 20 56 16 42 30 36 27 32 17 5 15 0 25 6 8 28 34 10 29 49 33 26 52 2 38 7 12 39 19 11 21 3 37 59 35 1 43 24 14 31 13 51 55 46 57 47 40 4 53 22 23 
43 24 48 58 18 45 23 11 21 3 37 59 35 50 54 44 20 56 16 42 30 36 27 32 17 5 15 0 25 6 8 28 34 10 49 33 26 52 2 38 7 19 12 39 29 41 9 1 13 31 14 51 55 46 57 47 40 4 53 22 
28 8 5 15 0 25 6 17 32 27 36 30 42 16 56 20 44 54 41 50 35 59 9 1 43 24 14 31 13 51 55 46 57 47 40 4 53 22 58 48 18 23 45 11 21 3 37 19 12 39 38 7 2 52 26 33 49 34 10 29 
59 35 50 41 54 44 20 56 16 42 30 36 27 32 17 5 15 0 25 6 8 28 34 10 49 33 26 29 52 2 38 7 12 39 19 11 21 3 37 9 1 43 24 14 31 13 51 55 46 57 47 40 4 53 22 58 48 18 45 23 
6 25 0 15 5 17 32 27 36 30 42 16 56 20 13 31 14 51 55 46 57 47 40 4 53 22 58 48 18 45 23 11 21 3 37 59 35 50 54 41 9 1 43 24 44 34 10 29 52 2 38 39 12 19 7 26 33 49 28 8 
30 42 16 56 20 44 54 50 41 9 1 43 24 14 31 13 51 55 46 57 47 40 4 53 22 58 48 18 45 23 11 21 3 37 59 35 39 12 19 7 38 2 52 29 10 34 49 33 26 28 8 5 15 0 25 6 27 36 17 32 
22 53 4 40 47 46 57 55 51 31 13 14 24 43 1 54 44 20 56 16 42 30 36 27 32 17 5 15 0 6 25 8 28 34 10 29 49 33 26 52 2 38 7 19 12 39 59 35 50 41 9 37 3 21 11 45 18 58 48 23 
15 5 17 32 27 36 30 42 16 56 20 44 54 41 9 1 43 24 14 31 13 51 55 46 57 47 40 4 53 22 58 48 18 45 23 11 21 3 37 59 35 50 29 52 2 38 39 12 19 7 26 33 49 28 8 34 10 6 25 0 
41 54 44 20 56 16 42 30 36 27 32 17 5 15 0 25 6 8 28 34 10 49 33 26 2 52 39 12 19 7 38 29 50 35 59 37 3 21 11 45 23 18 58 48 9 1 43 24 4 53 22 40 47 57 46 55 51 14 31 13 
11 21 3 37 59 35 50 54 41 9 48 58 18 45 23 22 53 4 40 47 46 57 55 51 31 13 14 43 24 1 44 20 56 16 42 30 36 27 32 17 5 15 0 25 6 8 28 34 10 29 49 33 26 52 2 38 7 39 12 19 
19 12 39 29 10 34 28 8 5 15 0 25 6 17 32 27 36 30 42 16 56 20 44 54 41 9 1 43 24 14 13 31 51 55 46 57 47 40 4 53 22 58 48 18 45 23 11 21 3 37 59 35 50 49 33 26 2 52 38 7 
21 3 37 59 35 50 54 41 9 1 43 24 4 53 22 47 40 46 57 55 51 14 31 13 44 20 56 16 42 30 36 27 32 17 5 15 0 25 6 8 28 34 10 49 33 26 7 38 2 52 29 39 12 19 11 23 45 18 58 48 
33 49 28 8 5 15 0 6 25 36 27 32 17 30 42 16 56 20 44 13 31 14 51 55 46 57 47 40 4 53 22 24 48 58 18 45 23 11 21 3 37 59 35 50 41 1 43 9 54 10 34 29 39 12 19 7 38 2 52 26 
9 1 43 24 14 31 13 51 55 46 57 47 40 4 53 22 58 48 18 45 23 11 21 3 37 59 35 50 41 54 44 20 56 16 42 30 36 27 32 17 5 15 0 6 25 8 28 34 10 29 49 33 26 52 2 38 7 12 39 19 
