27 50 10 23 32 39 6 17 28 19 20 12 40 52 38 7 15 41 30 31 18 33 47 48 0 21 46 14 34 3 16 49 44 53 22 13 42 4 36 25 54 5 37 45 35 2 1 11 51 24 9 26 29 43 8 
5 9 24 51 11 43 29 26 8 27 50 10 23 32 39 6 12 19 20 28 17 7 15 18 30 31 41 47 33 48 0 21 46 14 34 3 16 49 44 53 22 40 52 38 13 42 4 36 35 37 45 2 1 54 25 
16 49 44 53 22 52 38 40 13 42 4 36 25 54 9 5 37 35 45 2 1 51 11 43 24 26 29 8 27 50 10 23 32 39 6 12 19 20 28 17 7 15 41 18 30 31 47 33 48 0 21 46 14 34 3 
50 27 8 43 29 26 9 24 51 11 1 2 45 35 37 5 54 25 4 42 3 16 49 44 53 22 40 52 38 7 15 31 30 18 41 47 33 48 0 21 46 14 34 36 13 28 17 6 39 23 32 10 12 19 20 
10 23 32 39 6 17 7 15 31 30 18 41 33 47 48 0 22 53 44 49 16 46 14 21 34 3 42 4 36 35 37 45 2 1 51 11 24 9 5 54 25 13 40 52 38 28 20 19 12 50 27 8 43 29 26 
5 54 25 37 45 2 1 51 11 24 9 26 29 43 8 27 50 10 23 32 39 6 17 7 15 18 31 30 41 47 33 48 0 21 46 14 34 3 16 49 44 53 22 40 52 38 28 20 19 12 13 42 4 36 35 
40 53 44 49 16 3 34 14 46 21 0 48 33 47 41 18 30 31 15 7 38 52 22 13 42 4 36 25 54 5 37 35 45 2 1 51 11 24 9 26 29 43 8 50 27 10 32 23 39 6 17 28 19 20 12 
24 29 26 9 5 37 45 35 36 25 54 13 40 22 53 44 49 16 3 42 4 34 14 46 21 0 48 33 47 41 18 30 31 15 7 38 52 28 17 6 39 23 10 32 12 19 20 50 27 8 43 11 51 1 2 
24 11 51 26 29 43 8 27 50 10 23 32 39 6 12 19 20 28 17 7 15 31 18 30 41 47 33 48 0 21 46 14 34 3 16 49 44 53 22 52 38 40 13 42 4 36 35 45 37 5 54 25 9 1 2 
25 54 5 9 24 51 11 43 29 26 8 50 27 10 23 32 39 6 17 28 19 20 12 40 22 53 44 49 16 3 34 14 46 21 0 48 33 47 41 18 30 31 15 7 38 52 13 42 4 36 35 45 2 1 37 
25 54 5 9 24 51 11 43 29 26 8 50 27 10 23 32 39 6 17 28 19 20 12 40 22 53 44 49 16 3 34 14 46 21 0 48 33 47 41 18 30 31 15 7 38 52 13 42 4 36 35 45 2 1 37 
36 25 54 5 37 45 35 2 1 51 11 24 9 26 29 43 8 27 50 10 23 32 39 6 12 19 20 28 17 7 15 18 31 30 41 47 33 48 0 21 46 14 16 3 49 44 53 22 40 52 38 13 42 4 34 
46 14 34 3 16 49 44 53 22 40 52 38 33 48 0 47 41 18 30 31 15 7 17 6 39 23 32 10 12 19 20 28 50 27 8 43 29 26 9 24 51 11 1 2 45 35 37 5 54 25 36 4 42 13 21 
40 22 53 44 49 16 46 14 21 0 48 33 47 41 18 30 31 15 7 17 28 19 20 12 39 6 23 10 32 50 27 8 43 29 26 9 24 51 11 1 2 45 35 37 5 54 25 42 4 36 34 3 13 52 38 
18 41 30 31 15 7 17 28 6 39 10 23 32 12 19 20 50 27 8 43 29 26 9 24 11 51 1 2 45 37 35 36 25 5 54 13 53 44 49 16 3 42 4 34 14 46 21 0 48 22 40 52 38 33 47 
28 20 19 12 23 32 10 39 6 17 7 15 31 18 30 41 33 47 48 0 22 53 44 49 16 3 46 14 21 34 4 42 25 36 35 37 45 2 1 51 11 43 8 27 50 29 26 24 9 5 54 13 40 52 38 
38 52 40 22 53 44 49 16 3 42 4 34 14 46 21 0 48 33 47 41 30 18 31 15 7 17 28 6 39 10 23 32 12 19 20 50 27 8 29 26 9 24 43 11 51 1 2 45 37 35 36 25 54 5 13 
42 4 3 16 49 44 53 22 40 52 38 7 15 18 30 31 41 47 33 48 0 21 46 14 34 36 25 54 5 37 35 45 2 1 51 11 24 9 26 29 43 8 27 50 10 23 32 39 6 28 17 12 19 20 13 
32 23 10 50 27 8 43 29 26 9 24 51 11 1 2 45 35 37 5 54 25 36 4 42 3 16 49 44 53 22 40 52 38 13 34 46 14 21 0 48 33 47 41 18 30 31 15 7 17 28 20 19 12 39 6 
9 43 29 26 8 27 50 10 23 32 39 6 12 19 20 28 17 7 15 18 30 31 41 33 47 48 0 21 46 14 34 3 16 49 44 53 22 40 52 38 13 42 4 36 25 54 5 37 45 35 2 1 51 11 24 
1 2 45 37 5 9 24 51 11 43 29 26 8 50 27 10 23 32 39 6 12 19 20 28 17 7 15 31 30 18 41 47 33 48 0 21 46 14 34 4 42 3 16 49 44 53 22 40 52 38 13 54 25 36 35 
1 2 45 37 5 9 24 51 11 43 29 26 8 50 27 10 23 32 39 6 12 19 20 28 17 7 15 31 30 18 41 47 33 48 0 21 46 14 34 4 42 3 16 49 44 53 22 40 52 38 13 54 25 36 35 
45 35 37 5 54 25 42 4 36 34 14 46 21 0 48 33 47 41 18 30 31 15 7 38 52 22 53 44 49 16 3 13 40 20 19 12 10 23 32 39 6 17 28 50 27 8 43 29 26 9 24 51 11 1 2 
9 24 51 11 43 29 26 8 50 27 10 23 32 39 6 12 19 20 28 17 7 15 18 30 31 41 33 47 48 0 21 46 14 34 3 16 49 44 53 22 52 38 40 13 42 4 36 35 45 37 5 54 25 2 1 
50 27 8 43 29 26 9 24 11 51 1 2 45 37 5 54 25 35 36 4 42 3 16 49 44 53 22 40 52 38 7 15 31 30 18 41 47 33 48 0 21 46 14 34 13 20 19 12 28 17 6 39 23 10 32 
50 27 8 43 29 26 9 24 51 11 1 2 45 35 37 5 54 25 36 4 42 34 14 46 16 49 44 53 22 40 13 3 21 0 48 33 47 41 18 30 31 15 7 38 52 28 17 6 39 23 10 32 12 19 20 
46 14 21 0 48 33 47 41 18 30 31 15 7 17 6 39 23 10 32 12 19 20 28 38 52 40 22 53 44 49 13 42 4 36 35 37 45 2 1 51 11 43 8 50 27 29 26 9 24 5 54 25 34 3 16 
3 16 49 44 53 22 13 40 52 38 7 15 31 30 18 41 47 0 48 33 17 28 20 19 12 39 6 32 23 10 50 27 8 43 29 26 9 24 11 51 1 2 45 35 37 5 54 25 36 4 42 34 14 46 21 
46 14 21 3 16 49 44 53 22 40 52 38 33 48 0 47 41 18 30 31 15 7 17 28 19 20 12 39 6 32 23 10 50 27 8 43 29 26 9 24 11 51 1 2 45 35 37 25 54 5 13 42 4 36 34 
24 51 11 43 29 26 8 27 50 10 23 32 39 12 19 20 28 6 17 7 15 31 30 18 41 33 47 48 0 21 46 14 34 3 16 49 44 53 22 40 52 38 13 42 4 36 25 54 5 37 45 35 2 1 9 
6 39 23 10 32 50 27 8 43 29 26 9 24 11 51 1 2 45 37 5 54 25 35 36 4 42 13 40 52 38 33 47 48 0 21 46 14 34 3 16 49 44 53 22 15 41 18 30 31 7 17 28 19 20 12 
26 29 8 27 50 10 23 32 39 6 17 28 19 20 12 40 22 53 44 49 16 3 34 14 46 21 0 48 33 47 41 18 30 31 15 7 38 52 13 42 4 36 25 54 5 35 45 37 2 1 51 11 43 24 9 
54 5 37 45 2 1 51 11 43 29 26 9 24 8 50 27 10 23 32 39 6 12 19 20 28 17 7 15 31 18 30 41 47 33 48 0 21 46 14 34 3 16 49 44 53 22 52 38 40 13 25 35 36 4 42 
36 4 42 3 16 49 44 53 22 40 13 34 14 46 21 0 48 33 47 41 18 30 31 15 7 38 52 17 28 20 19 12 6 39 23 10 32 50 27 8 43 29 26 9 24 11 51 1 2 45 35 37 5 54 25 
49 44 53 22 40 52 38 33 48 0 47 41 30 18 31 15 7 17 28 20 19 12 10 23 32 39 6 50 27 8 29 26 9 24 43 11 51 1 2 45 35 36 25 37 5 54 13 42 4 34 14 46 16 3 21 
47 33 41 18 30 31 15 7 17 28 20 19 12 10 23 32 39 6 50 27 8 43 29 26 9 24 51 11 1 2 45 35 37 5 54 25 42 4 36 34 14 46 21 0 48 22 53 44 49 16 3 13 40 52 38 
44 53 22 40 52 38 7 15 31 18 30 41 33 47 48 0 21 49 16 46 14 34 3 42 4 36 25 54 5 37 45 35 2 1 51 11 43 8 27 50 10 23 32 39 6 17 28 12 19 20 26 29 24 9 13 
22 53 44 49 16 3 34 14 46 21 0 48 33 47 41 18 30 31 15 7 17 28 20 19 12 10 23 32 6 39 50 27 8 29 26 43 11 51 24 9 5 25 54 37 45 1 2 35 36 4 42 13 40 52 38 
26 29 43 8 27 50 10 23 32 39 6 17 7 15 31 18 30 41 33 47 48 0 21 46 14 34 4 36 35 45 2 1 51 11 24 9 5 54 25 37 13 42 3 16 49 44 53 22 40 52 38 28 19 20 12 
21 46 14 34 3 16 44 53 22 40 52 38 33 47 48 0 41 18 30 31 15 7 17 28 19 20 12 10 23 32 39 6 50 27 8 43 29 26 9 24 11 51 1 2 45 35 37 5 54 25 36 4 42 13 49 
20 19 12 39 23 10 32 27 50 8 43 29 26 9 24 51 11 1 2 45 35 37 5 54 25 13 53 22 44 49 16 3 42 4 36 34 46 14 21 0 48 33 47 41 18 30 31 15 7 38 52 40 28 17 6 
3 16 49 44 53 22 40 52 38 33 48 0 47 41 18 30 31 15 7 17 28 19 20 12 39 6 10 23 32 50 27 8 43 29 26 9 24 51 11 1 2 45 37 5 54 25 35 36 4 42 13 21 46 14 34 
25 54 5 9 26 29 43 8 27 50 10 23 32 39 6 17 28 19 20 12 40 22 52 38 7 15 31 30 18 41 33 47 48 0 21 46 14 34 3 16 49 44 53 13 42 4 36 35 37 45 2 1 51 11 24 
5 54 25 37 35 45 2 1 51 11 24 9 26 29 43 8 50 27 10 23 32 39 6 17 28 12 19 20 40 52 38 7 15 31 18 30 41 47 33 48 0 21 46 14 34 3 16 49 44 53 22 13 42 4 36 
12 19 20 28 17 7 15 41 18 30 31 33 47 48 0 21 46 14 34 3 16 49 44 53 22 40 52 38 13 42 4 36 35 37 45 2 1 5 54 25 9 24 51 11 43 29 26 8 27 50 10 23 32 39 6 
1 2 45 37 5 54 25 9 24 51 11 43 29 26 8 27 50 10 23 32 39 6 12 19 20 28 17 7 15 31 30 18 41 47 33 48 0 21 46 14 34 3 16 49 44 53 22 40 52 38 13 42 4 36 35 
19 20 12 39 23 10 32 50 27 8 43 29 26 9 24 51 11 1 2 45 37 5 54 25 35 36 4 42 3 16 49 44 53 22 40 38 52 13 34 14 46 21 0 48 33 47 41 18 30 31 15 7 17 28 6 
20 19 12 39 23 10 32 50 27 8 43 29 26 9 24 11 51 1 2 45 37 5 54 25 35 36 4 42 13 53 44 49 16 3 34 14 46 21 0 48 33 38 52 40 22 47 41 18 30 31 15 7 17 28 6 
38 52 22 53 44 49 16 46 14 21 0 48 33 47 41 18 30 31 15 7 17 28 19 20 12 39 6 32 10 23 27 50 8 43 29 26 9 24 51 11 1 2 45 35 37 5 54 25 42 4 36 34 3 13 40 
37 5 54 25 42 4 36 34 14 46 21 44 49 16 3 13 53 22 40 52 38 33 47 48 0 41 18 30 31 15 7 17 28 19 20 12 10 23 32 39 6 50 27 8 43 29 26 9 24 11 51 1 2 45 35 
6 12 19 20 28 17 7 15 41 18 30 31 33 47 0 48 21 46 14 34 3 16 49 44 53 22 40 52 38 13 42 4 36 25 54 5 37 35 45 2 1 24 51 11 43 29 26 9 8 27 50 10 23 32 39 
28 17 6 39 23 32 10 50 27 8 43 29 26 9 24 51 11 1 2 45 37 35 36 4 42 3 16 49 44 53 22 40 52 38 7 15 31 18 30 41 47 33 48 0 21 46 14 34 25 54 5 13 20 19 12 
11 51 24 9 26 29 43 8 27 50 10 23 32 39 6 17 28 19 20 12 40 13 42 3 16 49 44 53 22 52 38 7 15 30 31 18 41 47 33 48 0 21 46 14 34 4 36 25 54 5 37 45 35 2 1 
19 20 12 23 10 32 39 6 28 17 7 15 31 30 18 41 47 33 48 0 21 46 14 34 3 16 49 44 53 22 40 52 38 13 42 4 36 25 54 5 37 35 45 2 1 51 11 43 29 26 9 24 8 50 27 
30 31 18 41 47 33 48 0 21 46 14 34 3 16 49 44 53 22 40 52 38 7 17 28 6 39 23 10 32 12 19 20 50 27 8 43 29 26 9 24 51 11 1 2 45 35 37 5 54 25 36 4 42 13 15 
52 38 15 7 31 18 30 41 33 47 48 0 21 46 14 34 3 16 49 44 53 22 40 13 42 4 36 25 54 5 37 45 35 2 1 51 11 24 9 26 29 43 8 27 50 10 32 23 39 6 17 28 19 20 12 
3 16 49 44 53 22 52 38 7 15 18 30 31 41 47 33 48 0 21 46 14 34 4 36 35 37 45 2 1 51 11 43 29 26 8 27 50 12 10 23 32 39 6 17 28 19 20 40 13 54 9 24 5 25 42 
43 29 26 9 24 51 11 1 2 45 35 37 5 54 25 42 4 36 34 14 46 21 0 48 33 47 41 18 30 31 15 7 38 52 40 22 53 44 49 16 3 13 20 19 28 17 6 39 23 10 32 12 50 27 8 
45 37 5 9 43 29 26 8 27 50 10 23 32 39 6 17 28 19 12 20 40 52 38 7 15 31 18 30 41 47 33 48 0 21 46 14 34 3 16 49 44 53 22 13 42 4 36 35 25 54 24 11 51 1 2 
13 40 22 53 44 49 16 3 34 14 46 21 0 48 47 33 52 38 7 15 41 18 30 31 17 28 19 20 12 39 6 23 32 10 50 27 8 43 29 26 24 51 11 1 2 45 37 35 36 4 42 25 54 5 9 
50 27 8 43 29 26 9 24 51 11 1 2 45 35 37 5 54 25 36 4 42 34 14 46 16 49 44 53 22 40 13 3 21 0 48 33 47 41 18 30 31 15 7 38 52 28 17 6 39 23 10 32 12 19 20 
34 3 16 49 44 53 22 52 38 40 13 42 4 36 25 54 5 37 35 45 2 1 51 11 24 9 26 29 43 8 27 50 20 19 12 10 23 32 39 6 28 17 7 15 18 30 31 41 47 33 48 0 21 46 14 
39 6 28 17 7 15 18 30 31 41 47 33 48 0 21 46 14 34 3 16 49 44 53 22 40 52 38 13 42 4 36 25 54 5 37 45 35 2 1 51 11 24 9 26 29 43 8 27 50 10 23 32 12 19 20 
0 48 33 47 41 18 30 31 15 7 17 28 19 20 12 39 6 23 32 10 50 27 8 43 29 26 9 24 51 11 1 2 45 37 35 25 5 54 13 40 52 38 22 53 44 49 16 3 42 4 36 34 46 14 21 
45 37 5 25 54 9 24 51 11 43 29 26 8 27 50 10 23 32 39 6 17 28 20 19 12 40 52 38 7 15 31 30 18 41 47 33 48 0 21 46 14 34 3 16 49 44 53 22 13 42 4 36 35 2 1 
16 49 44 53 22 40 52 38 28 20 19 12 10 23 32 39 6 17 7 15 31 18 30 41 47 33 48 0 21 46 14 34 3 42 4 36 35 37 45 2 1 24 51 11 43 8 27 50 26 29 9 5 54 25 13 
21 46 14 34 3 16 49 44 53 22 40 52 38 33 47 41 18 30 31 15 7 17 28 19 20 12 10 23 32 39 6 50 27 8 43 29 26 9 24 11 51 1 2 45 37 5 54 25 35 36 4 42 13 48 0 
44 53 22 40 52 38 7 15 31 18 30 41 33 47 48 0 21 46 14 16 3 34 36 4 42 25 35 37 45 2 1 51 11 43 8 27 50 10 23 32 39 6 17 28 20 19 12 26 29 24 9 5 54 13 49 
42 4 36 34 3 16 46 14 21 49 44 53 22 40 52 38 33 47 48 0 41 18 30 31 15 7 17 28 19 20 12 39 6 32 23 10 50 27 8 43 29 26 9 24 51 11 1 2 45 35 37 5 54 25 13 
29 26 9 24 51 11 43 8 50 27 10 23 32 39 6 12 19 20 28 17 7 15 31 30 18 41 33 47 48 0 21 46 14 34 3 16 49 44 53 22 40 52 38 13 42 4 36 25 54 5 37 45 35 2 1 
19 20 12 50 27 8 43 29 26 9 24 51 11 1 2 45 35 37 5 54 25 13 40 22 53 44 49 16 3 42 4 36 34 14 46 21 0 48 47 33 52 38 7 15 41 18 30 31 17 28 6 39 23 10 32 
19 20 12 50 27 8 43 29 26 9 24 51 11 1 2 45 35 37 5 54 25 13 40 22 53 44 49 16 3 42 4 36 34 14 46 21 0 48 47 33 52 38 7 15 41 18 30 31 17 28 6 39 23 10 32 
3 49 44 53 22 52 38 40 13 42 4 36 25 54 5 37 45 35 2 1 24 51 11 43 29 26 9 8 50 27 10 23 32 39 6 12 19 20 28 17 7 15 31 30 18 41 33 47 48 0 21 46 14 34 16 
45 35 37 5 9 24 51 11 43 29 26 8 27 50 10 23 32 39 6 12 19 20 28 17 7 15 31 18 30 41 33 47 48 0 21 46 14 34 3 16 49 44 53 22 40 52 38 13 42 4 36 25 54 1 2 
23 32 10 50 27 8 43 29 26 9 24 51 11 1 2 45 37 35 25 5 54 13 53 44 49 16 3 42 4 36 34 14 46 21 0 48 33 47 41 18 30 31 15 7 38 52 22 40 20 19 12 28 17 6 39 
23 32 10 50 27 8 43 29 26 9 24 51 11 1 2 45 37 35 25 5 54 13 53 44 49 16 3 42 4 36 34 14 46 21 0 48 33 47 41 18 30 31 15 7 38 52 22 40 20 19 12 28 17 6 39 
8 43 29 26 9 24 51 11 1 2 45 35 37 5 54 25 36 4 42 3 16 49 44 53 22 40 52 38 7 15 31 18 30 41 47 33 48 0 21 46 14 34 13 28 17 6 39 23 10 32 12 19 20 50 27 
41 18 30 31 15 7 17 6 39 23 32 10 12 19 20 28 38 52 40 22 53 44 49 16 3 21 46 14 34 4 36 35 37 45 2 1 51 11 43 8 50 27 29 26 24 9 5 54 25 42 13 0 48 47 33 
3 16 49 44 53 22 52 38 7 15 31 30 18 41 47 33 48 0 21 46 14 34 4 42 25 54 5 37 45 35 36 2 1 51 11 24 9 26 29 43 8 50 27 10 32 23 39 6 17 28 19 12 20 40 13 
25 54 5 37 45 35 36 4 42 13 40 22 53 44 49 16 3 34 14 46 21 0 48 33 47 41 18 30 31 15 7 38 52 28 17 6 39 23 10 32 12 19 20 50 27 8 43 29 26 9 24 51 11 1 2 
22 53 44 49 16 46 14 21 0 48 33 47 41 18 30 31 15 7 17 28 20 19 12 39 6 23 10 32 50 27 8 43 29 26 9 24 51 11 1 2 45 35 37 5 54 25 36 4 42 3 34 13 52 38 40 
42 3 16 49 44 53 22 40 52 38 7 15 31 30 18 41 47 33 48 0 21 46 14 34 4 36 35 45 2 1 51 11 43 29 26 20 19 12 28 17 6 39 23 10 32 50 27 8 24 9 5 37 25 54 13 
4 42 3 16 49 44 53 22 52 38 7 15 31 18 30 41 33 47 48 0 21 46 14 34 36 25 54 5 37 35 45 2 1 51 11 24 9 26 29 43 8 27 50 10 32 23 39 6 28 17 12 19 20 40 13 
4 42 3 16 49 44 53 22 52 38 7 15 31 18 30 41 33 47 48 0 21 46 14 34 36 25 54 5 37 35 45 2 1 51 11 24 9 26 29 43 8 27 50 10 32 23 39 6 28 17 12 19 20 40 13 
39 23 32 10 50 27 8 43 29 26 9 24 51 11 1 2 45 37 35 36 4 42 25 54 5 13 53 44 49 16 3 34 14 46 21 0 48 47 33 22 40 52 38 7 15 18 30 41 31 17 6 28 20 19 12 
26 29 43 8 27 50 10 23 32 39 6 17 7 15 31 18 30 41 33 47 48 0 22 53 44 49 16 3 46 14 21 34 4 42 36 35 37 45 2 1 51 11 24 9 5 54 25 13 40 52 38 28 19 20 12 
6 28 17 7 15 31 18 30 41 47 33 48 0 21 46 14 34 3 16 49 44 53 22 40 52 38 13 42 4 36 35 37 45 2 1 51 11 24 9 5 54 25 26 29 43 8 27 50 10 23 32 39 12 19 20 
6 39 23 10 32 50 27 8 43 29 26 9 24 51 11 1 2 45 35 37 5 54 25 42 4 36 34 14 46 16 49 44 53 22 40 52 38 7 15 31 30 18 41 47 33 48 0 21 3 13 20 19 12 28 17 
5 54 25 42 4 36 35 37 45 2 1 51 11 24 26 29 43 8 27 50 10 23 32 39 6 12 19 20 28 17 7 15 31 18 41 30 33 47 48 0 21 46 14 34 3 16 49 44 53 22 40 52 38 13 9 
27 50 8 43 29 26 9 24 11 51 1 2 45 35 37 5 54 25 36 42 4 3 16 49 44 53 22 40 52 38 7 15 31 30 18 41 47 33 48 0 21 46 14 34 13 20 19 12 28 17 6 39 23 10 32 
16 49 44 53 22 40 52 38 7 15 18 30 31 41 47 33 48 0 21 46 14 34 3 42 4 36 35 37 45 2 1 51 11 43 29 26 12 19 20 28 17 6 39 23 32 10 50 27 8 24 9 5 54 25 13 
12 19 20 28 17 7 15 31 18 30 41 47 48 0 21 46 14 34 3 16 49 44 53 22 40 52 38 33 13 42 4 36 35 45 2 1 37 5 54 25 9 24 51 11 43 29 26 8 50 27 10 23 32 39 6 
53 44 49 16 46 14 21 0 48 33 47 41 18 30 31 15 7 17 28 19 20 12 39 6 32 23 10 50 27 8 29 26 9 24 43 11 51 1 2 45 37 5 54 25 36 35 34 4 42 3 13 40 52 38 22 
50 27 8 29 26 9 24 51 11 43 1 2 45 35 37 5 54 25 36 4 42 3 16 49 44 53 22 52 38 7 15 18 30 31 41 47 33 48 0 21 46 14 34 13 40 20 19 28 17 6 39 23 32 10 12 
18 30 31 15 7 38 52 40 22 53 44 49 16 3 42 4 36 35 37 45 2 1 24 51 11 43 8 50 27 10 23 32 39 6 17 28 20 19 12 26 29 9 5 54 25 13 34 14 46 21 48 0 47 33 41 
50 27 8 43 29 26 9 24 11 51 1 2 45 35 25 54 5 37 36 4 42 3 34 13 53 44 49 16 46 14 21 0 48 22 40 52 38 33 47 41 18 30 31 15 7 17 28 6 39 23 10 32 12 19 20 
6 17 7 15 18 31 30 41 47 33 48 0 21 46 14 34 4 42 3 16 49 44 53 22 52 38 40 13 54 25 35 36 5 37 45 2 1 51 11 24 9 26 29 43 8 27 50 10 23 32 39 12 19 20 28 
3 16 49 44 53 22 40 52 38 33 48 0 47 41 18 30 31 15 7 17 28 19 20 12 39 6 23 10 32 50 27 8 43 29 26 9 24 11 51 1 2 45 37 25 54 5 35 36 4 42 13 34 14 46 21 
13 42 3 16 49 44 53 22 52 38 7 17 28 19 20 12 39 6 23 10 32 50 27 8 43 29 26 9 24 51 11 1 2 45 35 37 5 54 25 36 4 34 14 46 21 0 48 33 47 41 18 30 31 15 40 
32 23 10 50 27 8 43 29 26 9 24 51 11 1 2 45 35 37 5 54 25 42 4 36 34 14 21 46 16 3 13 40 22 53 44 49 48 0 33 47 41 18 30 31 15 7 38 52 17 28 19 20 12 39 6 
