63 78 38 21 84 5 89 41 1 88 83 56 53 55 75 97 37 20 36 25 32 79 8 27 72 4 61 73 91 28 76 10 9 81 31 13 14 99 85 23 47 50 54 24 57 51 48 39 3 92 59 33 96 18 52 62 6 29 69 65 30 94 45 67 26 11 7 64 71 70 35 60 80 19 49 2 90 0 58 82 15 86 16 12 95 40 34 44 98 77 22 42 66 93 87 17 68 43 74 46 
63 34 40 95 12 16 86 15 80 70 35 60 19 49 2 90 0 58 82 73 61 98 4 72 27 8 79 32 25 14 13 31 81 9 10 76 28 91 7 11 67 26 64 71 30 45 94 65 69 29 6 62 52 18 96 33 59 92 3 39 48 51 24 57 50 54 47 23 85 99 37 20 97 75 55 53 56 83 88 1 41 5 89 36 21 84 46 38 78 74 43 68 93 87 17 66 42 77 22 44 
34 40 95 98 61 73 4 72 27 8 79 32 25 99 14 13 31 52 62 29 6 7 91 28 76 10 9 81 36 21 84 5 89 41 1 88 83 56 53 55 75 97 20 37 85 23 47 50 54 24 57 51 48 39 3 92 59 33 96 18 69 65 30 94 45 67 26 11 64 71 80 70 35 60 19 49 2 90 0 58 82 15 86 16 12 44 22 42 77 17 87 93 68 43 74 46 38 78 63 66 
28 76 10 9 81 79 32 25 36 99 14 13 31 52 62 29 6 7 91 11 67 26 58 0 15 86 16 12 95 40 98 61 73 82 90 2 49 19 60 80 70 35 71 64 45 30 94 65 69 18 96 33 59 92 3 39 48 51 24 57 50 54 47 23 85 37 20 97 75 55 53 56 83 88 1 41 5 89 84 21 38 78 74 46 43 68 93 87 17 63 77 22 42 66 34 44 72 27 8 4 
29 62 6 7 91 58 82 15 0 90 2 49 19 60 80 70 35 71 64 26 11 67 45 30 94 65 69 18 96 33 59 92 3 39 48 51 24 57 50 54 47 23 85 99 37 20 97 75 55 53 56 83 88 1 89 41 5 84 21 36 25 32 79 8 27 72 4 73 98 40 95 12 16 86 44 34 77 22 42 66 93 68 43 74 46 38 78 17 87 63 61 28 76 10 9 81 31 52 13 14 
53 56 83 88 1 41 89 5 84 21 38 78 74 46 43 68 93 87 17 63 77 42 22 66 34 40 98 61 73 82 15 0 90 2 49 19 60 80 70 35 71 64 45 30 94 65 69 29 62 52 18 96 33 59 92 3 39 48 51 24 57 50 54 47 23 85 99 14 13 31 81 9 10 76 28 91 7 6 11 67 26 58 86 16 12 95 44 4 72 27 8 79 32 25 36 97 20 37 75 55 
16 86 15 0 58 82 73 61 4 72 27 8 79 32 25 13 14 99 36 21 84 5 89 41 1 88 83 56 53 55 75 97 20 37 85 23 47 50 54 24 57 48 51 92 3 39 59 33 96 18 31 81 9 10 76 28 91 7 6 29 62 52 69 65 30 94 45 67 26 11 64 71 70 35 80 60 19 49 2 90 95 40 98 34 63 17 87 93 68 43 74 46 38 78 77 22 42 66 44 12 
34 40 98 61 4 72 27 8 79 32 25 36 89 5 84 41 1 88 83 56 53 55 75 97 20 37 85 99 14 13 31 81 9 10 76 28 73 82 15 86 16 12 95 58 0 90 2 49 19 60 80 70 35 71 64 67 26 11 45 30 94 65 69 29 6 7 91 62 52 18 96 33 59 92 3 39 48 51 24 57 50 54 47 23 21 38 46 74 78 17 87 93 68 43 66 42 22 77 63 44 
16 86 15 82 58 0 90 2 49 19 60 80 70 35 71 64 67 11 26 45 30 94 65 69 29 62 6 7 91 28 76 10 9 81 31 52 18 96 33 59 92 3 39 48 51 24 57 50 54 47 23 85 37 20 97 75 55 53 56 83 88 1 21 84 5 89 41 36 99 14 13 32 25 79 8 27 72 4 73 61 98 40 95 12 44 34 77 22 42 66 93 68 43 74 46 38 78 87 17 63 
42 22 77 63 17 87 93 68 43 46 74 78 38 21 84 5 89 41 1 88 83 56 53 55 75 97 20 37 85 23 47 50 54 24 57 48 39 3 92 59 33 96 51 18 52 62 29 6 7 91 28 73 61 4 72 27 8 79 32 25 36 99 14 13 81 31 9 10 76 82 0 90 2 49 19 60 80 70 35 71 64 67 45 30 94 65 69 11 26 58 15 86 16 12 95 40 98 34 44 66 
84 5 89 41 1 88 83 56 53 55 75 97 20 37 85 23 47 50 54 24 57 48 51 39 3 92 59 33 96 18 52 31 13 14 99 25 32 79 81 9 10 76 28 73 4 61 98 40 34 44 12 95 16 86 15 82 58 0 90 2 49 19 60 80 70 35 71 64 67 11 26 45 30 94 65 69 29 62 6 7 91 72 27 8 21 38 74 46 43 68 93 87 17 63 77 22 42 66 78 36 
73 4 72 27 8 79 32 25 36 99 14 13 31 81 9 10 76 28 91 6 7 45 67 26 11 58 82 15 90 2 49 19 60 80 70 35 71 64 30 94 65 69 29 62 52 18 96 33 59 92 3 39 48 51 24 57 50 54 47 23 85 37 20 97 75 55 53 56 83 88 1 41 89 5 84 21 38 74 78 63 17 87 93 68 43 46 66 42 22 77 34 40 95 12 44 16 86 0 61 98 
72 4 73 61 98 40 34 95 12 16 86 15 0 90 2 49 19 60 80 70 35 71 64 26 67 11 7 91 28 76 10 9 81 31 13 14 99 36 25 32 79 8 27 78 74 46 38 21 84 5 89 41 1 83 88 56 53 55 75 97 20 37 85 23 47 50 57 24 54 51 48 39 3 92 59 33 96 18 52 62 29 6 69 65 94 30 45 58 82 44 77 22 42 66 93 68 43 87 17 63 
36 25 32 79 8 27 72 4 73 82 58 0 90 2 49 19 60 80 70 35 71 64 67 45 30 94 65 69 29 6 7 91 28 76 10 9 81 31 52 62 18 96 33 59 92 3 39 48 51 24 57 50 54 47 23 85 37 20 97 75 55 53 56 83 1 88 41 5 89 84 21 38 78 74 46 43 68 93 87 17 66 42 22 77 63 34 40 95 98 61 44 12 16 86 15 26 11 13 14 99 
38 21 84 5 41 1 88 83 56 53 55 75 97 20 37 85 99 14 13 25 32 79 8 27 72 4 73 61 98 40 34 44 12 95 16 86 90 0 58 82 15 2 49 19 60 80 70 35 71 64 67 11 26 45 30 94 65 69 29 62 52 31 81 9 10 76 28 91 7 6 18 96 33 92 59 3 39 48 51 24 57 50 54 47 23 36 89 46 74 78 17 87 93 68 43 66 42 22 77 63 
72 4 61 98 40 95 12 44 16 86 15 82 58 0 90 2 49 19 60 80 70 35 71 64 67 26 11 45 30 94 65 96 33 59 92 3 39 48 51 24 54 57 50 47 23 85 37 20 97 75 55 53 56 83 1 88 84 5 89 41 21 38 46 74 43 68 93 87 17 66 42 22 77 63 34 73 28 10 9 81 79 32 25 36 99 14 13 31 52 18 69 29 62 6 7 91 76 8 27 78 
93 68 43 74 46 38 21 5 89 41 84 1 88 83 56 53 55 75 97 20 37 85 23 47 50 57 24 54 51 48 39 3 92 59 33 96 18 52 62 29 6 7 91 28 76 10 9 81 31 13 14 99 36 25 32 79 8 27 72 4 61 98 40 95 12 16 86 90 2 49 19 60 80 70 35 71 64 67 11 26 45 30 94 65 69 73 82 58 0 15 44 34 63 78 17 87 66 22 42 77 
34 40 98 61 4 72 27 8 79 32 25 36 99 85 23 47 50 57 24 54 51 48 39 3 92 59 33 96 18 62 52 31 81 9 10 76 28 73 82 58 0 90 2 49 19 60 80 70 35 71 64 67 26 11 7 6 29 69 65 30 94 45 91 13 14 37 20 97 75 55 53 56 83 88 1 41 89 5 84 21 38 78 74 46 43 68 93 87 17 63 77 42 22 66 44 16 86 15 95 12 
98 61 4 72 27 8 79 32 25 36 99 14 13 31 81 9 10 76 28 91 7 6 29 62 52 18 96 33 59 92 3 39 48 51 24 57 50 54 47 23 85 37 20 97 75 55 53 56 83 88 1 84 5 89 41 21 38 46 74 78 63 17 87 93 68 43 66 42 22 77 44 12 16 86 15 82 58 0 90 2 49 19 60 70 35 80 26 67 45 30 94 65 69 11 64 71 73 95 40 34 
82 58 0 90 2 49 19 60 80 70 35 71 64 67 45 30 94 65 69 29 6 62 52 18 96 33 59 92 3 39 48 51 24 54 50 57 47 23 85 99 14 13 31 81 9 10 76 4 73 61 98 40 95 12 16 86 15 44 34 63 77 22 42 66 93 87 17 78 74 46 43 68 38 21 84 5 89 41 1 83 88 56 53 55 75 97 20 37 36 25 32 79 8 27 72 28 91 7 11 26 
93 68 43 87 17 63 78 74 46 38 21 84 5 89 41 1 88 83 56 53 55 75 97 20 37 85 23 47 50 54 24 57 48 39 3 92 59 33 96 18 51 52 62 6 29 69 65 30 94 45 67 26 11 7 91 10 76 28 73 61 4 72 27 8 79 32 25 36 99 14 13 31 81 9 58 82 15 0 90 2 49 19 60 80 70 35 71 64 86 16 12 95 40 98 34 44 77 22 42 66 
44 12 16 86 15 0 90 2 49 19 60 80 70 35 71 64 67 45 30 94 65 69 29 62 52 31 81 9 10 76 4 72 27 8 79 32 25 99 14 13 18 96 33 59 92 3 39 48 51 54 24 57 50 47 23 85 37 20 97 75 55 53 56 83 1 88 41 84 5 89 36 21 38 46 74 78 17 87 93 68 43 66 42 22 77 63 34 40 95 98 61 73 28 91 7 6 11 26 58 82 
49 2 90 0 82 15 86 16 12 95 40 98 61 4 72 27 8 79 32 25 14 13 31 81 9 10 76 28 91 7 11 26 67 45 30 94 65 69 29 6 62 52 18 96 33 92 59 3 39 48 51 24 57 50 54 47 23 85 37 20 97 99 36 5 84 21 89 41 75 55 53 56 83 88 1 46 74 38 78 63 17 87 93 68 43 66 42 22 77 34 44 73 58 80 64 71 70 35 60 19 
87 17 63 77 42 22 66 93 68 43 74 46 38 78 21 84 5 89 41 1 88 83 56 53 55 75 97 20 37 85 23 47 50 57 24 54 51 48 39 3 92 59 33 96 18 52 62 6 29 69 65 94 30 45 67 11 26 64 71 70 35 60 19 49 2 90 0 58 82 15 86 16 12 95 40 98 61 73 4 72 27 8 79 32 25 36 99 14 13 31 81 9 10 76 28 91 7 80 44 34 
6 29 62 52 31 81 9 10 76 28 91 7 11 67 26 58 82 15 86 16 12 95 40 98 61 73 4 72 27 8 79 32 25 36 99 14 13 18 96 33 59 92 3 39 48 51 24 57 50 54 47 23 85 37 20 97 75 55 53 56 83 88 1 84 5 89 41 21 38 46 74 43 68 93 87 17 63 77 42 22 66 78 34 44 0 90 2 49 19 60 80 70 35 71 64 45 30 94 65 69 
66 42 22 63 68 43 93 87 17 78 74 46 38 21 84 5 89 41 1 88 83 56 53 55 75 97 20 37 85 23 47 50 54 24 57 39 48 51 92 3 59 33 96 18 52 62 6 29 69 65 30 94 45 67 11 7 91 28 4 72 27 8 79 32 25 36 99 14 13 31 81 9 10 76 73 61 98 40 95 12 16 86 15 82 58 0 90 2 49 19 60 35 70 71 64 26 80 44 34 77 
9 10 76 28 91 7 11 26 67 64 71 70 35 60 19 49 2 90 0 15 82 58 73 61 4 72 27 8 79 32 25 36 99 14 13 31 81 6 29 62 52 18 96 33 59 3 92 51 48 39 57 24 54 50 47 23 85 37 20 97 75 55 53 56 83 88 1 41 89 5 84 21 38 78 74 46 43 68 93 87 17 63 77 42 22 66 44 34 40 98 95 12 16 86 80 45 30 94 65 69 
93 87 17 63 34 40 95 16 86 2 49 19 60 80 70 35 71 64 26 67 11 45 30 94 65 69 29 62 6 7 91 28 76 10 9 81 31 52 18 96 33 59 92 3 39 48 51 24 57 50 54 47 23 85 37 20 97 75 55 53 56 83 88 1 84 5 89 41 21 36 13 14 99 25 32 79 8 27 72 4 61 73 82 15 90 0 58 98 12 44 22 42 77 66 78 74 46 38 43 68 
28 76 72 4 61 98 40 95 12 44 22 42 77 66 93 87 17 63 34 16 86 15 82 58 0 90 2 49 19 60 80 70 35 71 64 67 11 26 45 30 94 65 69 29 62 52 18 96 33 59 92 3 39 48 51 24 57 50 54 47 23 85 37 20 97 75 55 53 56 83 88 1 41 89 5 84 21 38 74 46 43 68 78 27 8 79 32 25 36 99 14 13 31 81 9 10 91 7 6 73 
17 87 93 68 43 74 46 38 21 84 5 89 41 1 88 83 56 53 55 75 97 20 37 85 23 47 50 54 57 24 51 92 3 39 48 33 59 96 18 52 62 6 29 69 65 30 94 64 71 35 70 80 60 19 49 2 90 0 15 86 16 12 95 40 98 61 73 4 72 27 8 79 32 25 36 99 14 13 31 81 9 10 76 28 91 7 11 26 67 45 58 82 34 44 22 42 77 66 78 63 
80 70 35 71 64 67 45 30 94 65 69 29 6 62 52 18 96 33 59 92 3 39 48 51 24 57 50 54 47 23 85 99 36 25 32 79 8 27 72 61 4 76 28 91 7 11 26 58 15 86 16 12 95 40 98 34 44 77 42 22 66 93 68 43 87 17 63 78 38 46 74 21 84 5 89 41 1 88 83 56 53 55 75 97 20 37 14 13 31 81 9 10 73 82 0 90 2 49 19 60 
46 74 78 38 21 84 5 89 41 1 83 88 56 53 55 75 97 20 37 85 23 47 50 57 24 54 51 48 39 3 92 59 33 96 18 52 31 81 13 14 99 36 25 32 79 8 27 72 4 61 73 98 40 95 12 16 86 15 82 58 0 90 2 49 19 60 80 70 35 71 64 67 11 26 45 30 94 65 69 29 6 62 7 91 28 10 76 9 34 44 77 22 42 66 93 87 17 63 68 43 
83 88 1 41 56 53 55 75 97 20 37 85 23 47 50 57 24 54 51 48 39 3 92 33 59 96 18 52 31 81 9 10 76 28 91 7 6 29 62 69 65 94 30 45 67 11 26 64 71 80 70 35 60 19 49 2 90 86 15 0 58 82 73 61 98 40 95 12 16 44 34 63 77 22 42 66 87 17 93 68 43 74 46 38 78 8 27 72 4 79 32 25 14 13 99 36 89 5 84 21 
91 7 6 62 29 69 65 96 33 59 92 3 39 48 51 24 57 50 54 47 23 85 37 20 97 75 55 53 56 83 88 1 41 89 5 84 21 38 78 74 46 43 68 93 87 17 63 77 22 42 66 44 34 40 95 12 16 86 15 82 58 0 90 2 49 19 60 80 70 35 71 64 45 30 94 11 67 26 73 28 76 10 9 81 31 52 18 13 14 99 36 25 32 79 8 27 72 4 61 98 
53 55 75 97 20 37 85 23 47 50 57 24 54 48 51 92 3 39 59 33 96 18 52 62 6 29 69 65 94 30 45 67 11 26 64 71 70 35 60 19 49 2 86 16 15 82 58 0 90 80 7 91 28 76 4 61 72 27 8 79 32 25 36 99 14 13 31 81 9 10 73 98 40 95 12 44 34 63 77 42 22 66 93 68 43 87 17 78 74 46 38 21 84 5 89 41 1 83 88 56 
8 27 72 4 73 61 98 40 95 12 16 86 15 82 0 58 26 11 67 45 30 94 65 69 29 6 62 52 18 96 33 59 92 3 39 48 51 24 57 54 50 47 23 85 99 14 13 31 81 9 10 76 28 91 7 64 71 70 35 60 19 49 2 90 80 44 34 63 77 22 42 66 93 87 17 78 74 46 43 68 38 21 84 5 89 41 1 88 83 56 53 55 75 97 20 37 36 25 32 79 
84 5 89 41 1 88 83 56 53 55 75 97 20 37 85 23 47 50 54 24 57 48 39 3 92 33 59 51 96 18 52 31 81 9 10 76 4 72 27 8 79 32 25 99 14 13 62 29 6 7 91 28 73 61 98 40 95 12 16 86 15 0 90 2 49 19 60 80 70 35 71 64 67 45 30 94 65 69 11 26 58 82 34 44 22 42 66 77 63 17 87 93 68 43 74 78 38 46 21 36 
78 17 87 93 68 43 74 46 38 21 84 5 89 41 1 83 88 56 53 55 75 97 20 37 85 23 47 50 54 24 57 48 51 92 3 39 59 33 96 18 52 62 6 29 69 65 94 30 45 67 26 11 7 91 28 76 10 9 81 31 13 14 99 36 25 32 79 8 27 72 4 73 61 98 40 95 12 16 86 90 2 49 19 60 80 70 35 71 64 82 15 0 58 44 34 63 77 42 22 66 
70 35 60 19 49 2 90 0 15 82 58 73 61 4 72 27 8 79 32 25 36 99 14 13 31 81 9 10 76 28 91 7 11 67 26 64 45 30 94 65 69 29 62 6 52 18 96 33 59 3 92 51 48 39 24 57 50 54 47 23 85 37 20 97 75 55 53 56 88 1 83 41 5 89 84 21 38 78 74 46 43 68 93 87 17 66 42 22 77 63 34 40 98 95 12 44 16 86 80 71 
66 42 22 77 63 34 40 98 95 44 12 16 86 15 0 90 2 49 19 60 80 70 35 71 64 11 26 67 45 30 94 65 69 29 6 62 52 31 81 9 10 76 28 91 7 58 82 73 61 4 72 27 8 79 32 25 36 89 5 84 41 1 83 88 56 53 55 75 97 20 37 85 23 47 50 54 24 57 39 48 51 92 3 59 33 96 18 13 14 99 21 38 74 46 43 68 93 87 17 78 
73 61 4 72 27 8 79 32 25 36 99 14 13 81 31 52 62 29 6 7 91 10 9 76 28 58 0 15 82 16 86 90 2 49 19 60 35 70 80 71 64 67 26 11 45 30 94 65 69 18 96 33 59 92 3 39 48 51 24 57 54 50 47 23 85 37 20 97 75 55 53 56 83 88 1 41 89 5 84 21 38 74 46 43 68 93 87 17 63 77 22 42 66 44 12 95 40 98 34 78 
27 8 79 32 25 36 99 14 13 31 81 9 10 76 28 73 61 72 4 91 7 11 45 30 94 65 69 29 6 62 52 18 96 33 59 92 3 39 48 51 24 57 50 54 47 23 85 37 20 97 75 55 53 56 83 88 1 41 5 89 84 21 38 74 46 43 68 93 87 17 77 42 22 66 44 34 40 95 12 16 86 90 2 49 19 60 80 70 35 71 64 67 26 58 0 15 82 98 63 78 
94 30 45 67 11 26 58 82 15 0 90 2 86 16 12 95 40 98 61 73 4 72 27 8 79 32 25 36 99 85 23 47 50 54 24 57 51 48 39 3 92 59 33 96 18 52 62 6 29 69 65 64 71 70 35 60 80 19 49 44 34 63 77 42 22 66 17 87 93 68 43 46 74 38 78 21 84 5 89 41 1 88 83 56 53 55 75 97 20 37 14 13 31 81 9 10 76 28 91 7 
63 17 87 93 68 43 74 46 38 21 84 5 89 41 1 88 83 56 53 55 75 97 20 37 85 23 47 50 54 24 57 48 39 3 92 59 33 96 51 18 52 62 6 29 69 65 94 30 45 67 11 7 91 28 76 10 9 81 31 13 14 99 36 25 32 79 8 27 72 4 73 61 98 40 95 12 16 86 15 0 90 2 49 19 60 70 35 64 71 80 26 58 82 44 34 77 22 42 66 78 
7 91 28 76 10 9 62 6 29 69 65 94 30 45 67 11 26 64 71 70 35 60 80 19 49 2 90 15 0 58 82 73 4 61 72 27 8 79 32 25 36 99 14 13 31 81 52 18 96 33 59 92 3 39 48 51 24 57 50 54 47 23 85 37 20 97 75 55 53 56 83 88 1 41 89 5 84 21 38 78 17 87 93 68 43 74 46 66 77 22 42 63 34 40 98 95 12 44 16 86 
17 87 93 68 43 74 46 38 21 84 89 5 41 1 88 83 56 53 55 75 97 20 37 85 23 47 50 54 24 57 48 39 3 92 33 59 51 96 18 52 62 29 6 7 91 28 76 10 9 81 31 13 14 99 32 25 36 79 8 27 72 4 73 61 98 40 95 12 16 86 15 0 90 2 49 19 60 80 70 35 71 64 67 45 30 94 65 69 11 26 58 82 34 44 42 66 77 22 63 78 
28 76 10 9 81 31 13 14 99 36 25 32 79 8 27 72 4 61 73 82 58 0 90 2 49 19 60 80 70 35 71 64 26 67 45 30 94 65 69 7 6 29 62 52 18 96 33 59 92 3 39 48 51 24 57 50 54 47 23 85 37 20 97 75 55 53 56 83 88 1 41 89 5 84 21 38 78 74 46 43 68 93 87 17 63 77 42 22 66 34 95 12 16 86 15 44 40 98 91 11 
98 61 4 72 27 8 79 32 25 36 99 14 13 31 81 52 62 29 6 7 91 28 10 9 76 73 82 58 0 15 86 16 12 95 40 34 44 77 22 42 66 93 87 17 63 78 74 46 43 68 38 21 84 5 89 41 1 88 83 56 53 55 75 97 20 37 85 23 47 50 54 24 57 48 51 92 3 39 59 33 96 18 69 65 30 94 45 67 11 26 64 71 70 35 80 60 19 49 2 90 
22 42 66 87 17 93 68 43 74 46 38 21 84 5 89 41 1 88 83 56 53 55 75 97 20 37 85 23 47 50 57 24 54 51 48 39 3 92 59 33 96 18 52 62 29 6 7 91 28 76 10 9 81 31 13 14 99 25 36 32 79 8 27 72 4 61 98 40 95 12 16 86 90 2 49 19 60 80 70 35 71 64 67 26 11 45 30 94 65 69 58 0 15 82 73 34 44 77 63 78 
17 87 93 68 43 74 46 38 84 5 89 41 1 88 83 56 53 55 75 97 20 37 99 25 81 9 10 76 4 72 27 8 79 32 13 31 52 62 6 7 91 28 73 61 98 40 95 12 16 86 15 0 58 82 90 2 49 19 60 80 70 35 71 64 67 11 26 45 30 94 65 69 29 18 96 33 59 92 3 39 48 51 24 57 50 54 47 23 85 14 36 21 78 63 34 44 77 22 42 66 
99 14 13 31 81 9 10 76 28 73 61 98 40 95 12 16 86 15 0 90 2 49 19 60 80 70 35 71 64 67 11 26 7 6 29 69 65 30 94 45 91 62 52 18 96 33 59 92 3 39 48 51 24 54 57 47 50 23 85 37 20 97 75 55 53 56 83 88 1 41 89 5 84 21 38 78 74 46 43 68 93 87 17 66 42 22 77 63 34 44 82 58 4 72 27 8 79 32 25 36 
43 68 93 87 17 63 34 40 95 12 16 86 15 82 58 0 90 2 49 19 60 80 70 35 71 64 26 11 67 45 30 94 65 69 29 62 52 31 13 14 99 25 36 97 20 37 85 23 47 50 54 24 57 48 51 39 3 92 59 33 96 18 6 7 91 28 76 10 9 81 79 32 8 27 72 4 61 73 98 44 22 77 42 66 78 38 21 5 89 41 1 88 83 56 53 55 75 84 46 74 
98 40 95 12 16 86 15 0 90 2 49 19 60 80 70 35 71 64 45 30 94 65 69 29 6 62 52 31 81 9 10 76 28 91 7 11 26 67 58 82 73 61 4 72 27 8 79 32 25 99 85 23 47 50 54 24 57 51 48 39 3 92 59 33 96 18 13 14 37 20 97 75 55 53 56 83 88 1 41 84 5 89 36 21 38 78 63 17 87 93 68 43 74 46 66 42 22 77 44 34 
94 30 45 67 11 26 64 71 70 35 60 19 49 2 90 0 58 82 15 86 16 12 95 40 98 61 73 4 72 27 8 79 32 25 36 99 14 13 31 81 9 10 76 28 91 7 6 62 52 18 96 33 59 92 3 39 48 51 24 57 50 54 47 23 85 37 20 97 75 55 53 56 83 1 88 41 5 89 84 21 38 78 74 46 43 68 93 87 17 66 42 22 77 63 34 44 80 29 69 65 
17 87 93 68 43 74 46 38 21 36 99 14 13 31 52 62 29 6 7 91 28 76 10 9 81 32 25 79 8 27 72 4 61 73 98 40 95 12 16 86 15 82 58 0 90 2 49 19 60 80 70 35 71 64 67 11 26 45 30 94 65 69 18 96 33 59 92 3 39 48 51 24 57 50 54 47 23 85 37 20 97 75 55 53 56 83 88 1 41 5 89 84 78 63 34 44 77 42 22 66 
96 33 59 92 3 39 48 51 24 57 50 54 47 23 85 99 14 25 32 79 8 27 72 4 61 73 98 40 95 12 16 86 90 2 49 19 60 80 70 35 71 64 67 45 30 94 65 69 29 6 62 52 31 81 9 10 76 28 91 7 11 26 58 82 15 0 44 34 63 77 66 42 22 17 87 93 68 43 46 74 78 38 21 5 89 41 84 1 88 83 56 53 55 75 97 20 37 36 13 18 
98 61 73 4 72 27 8 79 32 81 31 13 14 99 85 23 47 50 57 24 54 51 96 33 59 92 3 39 48 18 52 6 62 29 69 65 94 30 45 67 11 26 64 71 70 35 60 80 19 49 2 90 0 15 86 16 12 95 40 34 44 22 42 77 66 93 68 43 87 17 63 78 74 46 38 21 84 5 89 41 1 88 83 56 53 55 75 97 20 37 36 25 9 10 76 28 91 7 58 82 
2 90 0 58 82 15 86 16 12 95 40 98 73 61 4 72 27 8 79 32 25 36 99 14 13 31 52 62 6 29 69 65 30 94 45 26 67 11 7 91 28 76 10 9 81 18 96 33 59 92 3 39 48 51 24 57 50 54 47 23 85 37 20 97 75 55 53 56 83 88 1 41 89 5 84 21 38 46 74 78 17 87 93 68 43 66 42 22 77 63 34 44 49 19 60 80 70 35 71 64 
79 32 25 36 89 5 41 75 55 53 56 83 88 1 84 21 38 74 46 43 68 93 87 17 63 78 77 22 42 66 44 34 40 95 12 16 86 15 82 58 0 90 2 49 19 60 80 70 35 71 64 67 11 26 45 30 94 65 69 29 6 7 91 76 8 27 72 4 73 61 98 28 10 9 81 31 52 62 18 96 33 59 92 3 39 48 51 24 57 50 54 47 23 85 37 20 97 99 14 13 
44 34 98 40 95 12 16 86 15 82 58 0 90 2 49 19 60 80 70 35 71 64 67 26 11 45 30 94 65 69 29 6 7 91 28 10 76 4 61 73 72 27 8 79 32 25 14 99 85 23 47 50 57 24 54 51 48 39 3 92 59 33 96 18 52 62 9 81 31 13 37 20 97 75 55 53 56 83 88 1 41 5 89 36 21 84 46 74 38 78 17 87 93 68 43 66 42 22 77 63 
11 26 67 45 30 94 65 69 29 6 62 52 31 81 9 10 76 28 73 61 4 72 27 8 79 32 25 99 14 13 18 96 33 92 59 3 39 48 51 24 57 50 54 47 23 85 37 20 97 75 55 53 56 83 88 1 21 84 5 89 41 36 46 74 38 78 17 87 93 68 43 66 42 22 77 63 34 44 12 95 40 98 82 58 0 15 86 16 90 2 49 19 60 80 70 35 71 64 91 7 
51 92 3 48 39 33 59 96 18 52 62 6 29 69 65 94 30 45 67 26 11 7 91 10 9 81 31 13 14 99 36 25 32 79 8 27 72 4 61 98 40 95 12 16 86 15 0 90 2 49 19 60 80 70 35 71 64 58 82 73 28 76 78 17 87 63 34 44 77 42 22 66 93 68 43 46 74 38 21 84 5 89 41 1 88 83 56 53 55 75 97 20 37 85 23 47 50 57 24 54 
43 68 93 87 17 78 74 46 38 21 84 5 89 41 1 83 88 56 53 55 75 97 20 37 85 23 47 50 57 24 54 51 48 39 3 92 59 33 96 18 9 10 76 28 91 7 11 67 26 64 71 70 35 60 19 49 2 90 0 15 86 16 12 95 40 98 61 73 4 72 27 8 79 32 25 36 99 14 13 81 31 52 62 6 29 69 65 30 94 45 80 58 82 34 44 63 77 22 42 66 
79 32 25 36 99 23 85 37 20 97 75 55 53 56 83 88 1 41 89 5 84 21 38 78 74 46 43 68 93 87 17 63 77 42 22 66 34 40 95 12 16 86 15 82 58 0 90 2 49 19 60 80 70 35 71 64 67 11 26 45 30 94 65 69 29 62 6 7 91 10 9 81 31 52 18 96 33 59 92 3 39 48 51 24 57 50 54 47 13 14 8 27 72 4 61 98 44 73 28 76 
29 6 62 52 18 96 33 59 92 3 39 48 51 24 57 50 54 47 23 85 99 14 13 31 81 9 10 76 4 61 98 95 40 34 63 77 22 42 66 93 87 17 78 74 46 43 68 38 21 84 5 89 41 1 88 83 56 53 55 75 97 20 37 36 25 32 79 8 27 72 73 28 91 7 11 26 67 64 71 70 35 60 19 80 0 90 2 49 44 12 16 86 15 82 58 45 30 94 65 69 
37 20 97 99 32 79 8 27 72 4 61 73 82 0 90 2 49 19 60 80 70 35 71 64 67 45 30 94 65 69 29 62 52 31 81 9 10 76 28 91 7 6 11 26 58 15 86 16 12 95 40 98 44 34 63 77 42 22 66 87 17 93 68 43 46 74 78 38 21 84 5 89 75 55 53 56 83 1 88 41 36 25 14 13 18 96 33 59 92 3 39 48 51 24 57 50 54 47 23 85 
89 5 84 1 88 83 56 53 55 75 97 20 37 85 23 47 50 54 24 57 48 51 33 59 92 3 39 96 18 52 62 6 29 69 65 94 30 45 67 11 7 91 28 73 4 76 10 9 81 31 13 14 99 25 32 79 8 27 72 61 98 40 95 12 16 86 15 0 90 2 49 19 60 80 70 35 71 64 26 58 82 44 34 63 77 22 42 66 17 87 93 68 43 74 46 78 38 21 36 41 
89 5 84 21 38 78 74 46 43 68 93 87 17 63 77 22 42 66 34 40 98 61 4 73 58 82 15 12 95 44 16 86 90 2 49 19 60 80 70 35 71 64 67 45 30 94 65 69 29 6 62 52 31 81 9 10 76 28 91 7 11 26 0 72 27 8 79 32 25 36 99 85 23 47 50 57 24 54 51 48 39 3 92 33 59 96 18 13 14 37 20 97 75 55 53 56 83 88 1 41 
61 98 40 95 12 16 86 15 82 58 0 90 2 49 19 60 80 70 35 71 64 26 11 67 45 30 94 65 69 29 6 7 91 28 76 10 9 81 31 52 62 18 96 33 59 92 3 39 48 51 24 57 50 54 47 23 85 37 20 97 75 55 53 56 83 88 1 41 5 89 84 21 38 78 74 46 43 68 93 87 17 63 77 42 22 66 34 44 73 4 72 27 8 79 32 25 36 99 14 13 
29 62 52 18 96 33 92 59 3 39 48 51 24 57 50 54 47 23 85 37 20 97 99 14 13 31 81 9 10 76 4 72 27 8 79 32 25 36 21 84 5 41 89 75 55 53 56 83 1 88 46 74 38 78 17 87 93 68 43 66 42 22 77 63 34 40 95 12 44 16 86 15 0 90 2 49 19 60 80 70 35 71 64 67 26 11 7 91 28 73 61 98 82 58 45 30 94 65 69 6 
14 13 31 81 9 10 76 28 73 4 61 98 40 34 44 12 95 16 86 15 82 58 0 90 2 49 19 60 80 70 35 71 64 67 11 26 45 30 94 65 69 29 6 7 91 62 52 18 96 33 59 92 3 39 48 51 24 54 50 57 47 23 85 99 25 32 79 8 27 72 78 87 17 63 77 22 42 66 93 68 43 74 46 38 21 84 5 89 41 1 83 88 56 53 55 75 20 37 97 36 
4 72 27 8 79 32 25 14 13 31 81 9 10 76 28 73 61 98 40 95 12 16 86 15 0 90 2 49 19 60 80 70 35 71 64 45 30 94 65 69 29 6 62 52 18 96 33 59 92 3 39 48 51 24 57 50 54 47 23 85 37 20 97 75 55 53 56 83 88 1 41 5 89 36 99 21 84 38 74 46 43 68 93 87 17 78 63 77 42 22 66 34 44 82 58 26 11 67 7 91 
44 34 63 17 87 93 68 43 74 46 38 21 84 5 41 75 55 53 56 83 88 1 89 36 25 32 79 81 31 52 62 29 6 7 91 28 73 61 98 40 95 12 16 86 15 82 58 0 90 2 49 19 60 80 70 35 71 64 67 11 26 45 94 30 65 69 18 96 33 59 92 3 39 48 51 24 57 50 54 47 23 85 37 20 97 99 14 13 9 10 76 4 72 27 8 78 77 42 22 66 
91 7 11 67 26 58 82 15 0 90 2 49 19 60 80 70 35 71 64 45 30 94 65 69 29 6 62 52 31 81 9 10 76 28 4 61 98 40 95 12 16 86 44 34 72 27 8 79 32 25 36 99 14 13 18 96 33 59 92 3 39 48 51 24 57 50 54 47 23 85 37 20 97 75 55 53 56 83 88 1 41 89 5 84 21 38 46 74 78 17 87 93 68 43 66 42 22 77 63 73 
95 12 16 86 15 0 90 2 49 19 60 80 70 35 71 64 67 45 94 30 65 69 29 6 7 11 26 58 82 73 61 4 72 27 8 79 32 25 36 99 14 13 31 81 9 10 76 28 91 62 52 18 96 33 59 92 3 39 48 51 24 57 50 54 47 23 85 37 20 97 75 55 53 56 83 88 1 84 5 41 89 21 38 46 74 43 68 93 87 17 77 42 22 66 78 63 34 40 98 44 
39 48 51 92 3 59 33 96 18 52 62 6 29 69 65 30 94 45 67 11 7 91 10 9 81 31 13 14 99 36 25 32 79 8 27 72 4 76 28 73 61 98 40 95 12 16 86 90 2 49 19 60 80 70 35 71 64 26 0 58 82 15 44 34 77 42 22 66 93 68 43 87 17 63 78 74 46 38 21 89 5 84 41 1 88 83 56 53 55 75 97 20 37 85 23 47 50 54 24 57 
31 13 14 99 25 32 79 8 27 72 4 61 73 82 0 90 2 49 19 60 80 70 35 71 64 67 11 26 45 30 94 65 69 29 6 62 52 18 96 33 59 92 3 39 48 51 24 57 54 50 47 23 85 37 20 97 36 89 5 84 41 1 88 83 56 53 55 75 21 38 78 74 46 43 68 93 87 17 63 77 42 22 66 34 40 98 12 95 44 16 86 15 58 91 7 28 76 10 9 81 
38 21 84 5 89 41 1 88 83 56 53 55 75 97 20 37 85 23 47 50 57 24 54 51 48 39 3 92 59 33 96 18 52 31 81 9 10 76 28 91 7 67 11 26 58 82 15 0 90 2 49 19 60 80 70 35 71 64 45 30 94 65 69 29 6 62 13 14 99 36 25 32 79 8 27 72 4 61 73 34 40 98 95 12 16 86 44 77 42 22 66 93 68 43 74 46 78 63 17 87 
7 6 29 62 52 31 13 14 25 32 79 81 9 10 76 28 4 61 98 40 95 12 16 86 15 0 90 2 49 19 60 80 70 35 71 64 26 67 11 45 30 94 65 69 18 96 33 59 92 3 39 48 51 24 57 50 54 47 23 85 99 37 20 97 75 55 53 56 83 88 1 41 5 89 84 21 38 78 74 46 43 68 93 87 17 66 42 22 77 63 34 44 58 82 73 72 27 8 36 91 
66 17 87 93 68 43 46 74 78 38 21 84 5 89 41 1 88 83 56 53 55 75 97 20 37 99 14 13 31 81 9 10 76 4 72 27 8 79 32 25 36 85 23 47 50 24 57 54 51 48 39 3 92 59 33 96 18 52 62 29 6 7 91 28 73 61 98 40 95 12 16 86 15 0 90 2 49 19 60 80 70 35 71 64 67 11 26 45 30 94 65 69 58 82 44 34 77 42 22 63 
87 17 63 78 74 46 38 21 84 5 89 41 1 88 83 56 53 55 75 97 20 37 85 23 47 50 54 24 57 48 39 3 92 51 96 33 59 94 30 65 69 18 52 62 29 6 7 91 28 76 10 9 81 31 13 14 99 36 25 32 79 8 27 72 4 61 73 82 15 0 90 16 86 2 49 19 60 35 70 80 71 64 67 26 11 45 58 98 40 95 12 44 34 77 42 22 66 93 68 43 
72 27 8 79 32 25 14 13 31 81 9 10 76 4 28 91 7 6 29 62 52 18 96 33 59 92 3 39 48 51 24 54 50 57 47 23 85 99 37 20 97 75 55 53 56 83 88 1 84 5 89 41 21 36 38 46 74 78 63 17 87 93 68 43 66 77 42 22 44 34 40 95 12 16 86 15 0 90 2 49 19 60 80 70 35 71 64 67 45 30 94 65 69 11 26 58 82 73 61 98 
62 29 69 65 30 94 45 67 11 7 91 58 82 15 0 90 2 49 19 60 80 70 35 71 64 26 6 9 81 31 52 18 96 33 59 92 3 39 48 51 24 57 50 54 47 23 85 37 20 97 36 25 32 79 8 27 72 4 76 10 28 73 61 98 40 95 12 16 86 44 34 63 77 42 22 66 93 87 17 68 43 46 74 78 38 21 84 5 89 41 1 88 83 56 53 55 75 99 14 13 
27 72 4 73 61 98 40 95 12 16 86 15 0 90 2 49 19 60 80 70 35 71 64 67 11 7 6 29 62 52 31 81 9 10 76 28 91 58 82 26 45 30 94 65 69 18 96 33 59 92 3 39 48 51 24 57 50 54 47 23 85 37 20 97 75 55 53 56 83 88 1 41 89 5 84 21 36 99 14 13 32 25 79 8 38 74 46 43 68 93 87 17 63 34 44 22 42 66 77 78 
58 82 15 90 2 16 86 12 95 40 98 61 73 4 72 27 8 79 32 25 36 99 14 13 31 81 9 10 76 28 91 7 6 29 62 52 18 96 33 59 92 3 39 48 51 24 54 50 57 47 23 85 37 20 97 75 55 53 56 83 88 1 41 89 5 84 21 38 46 74 78 63 17 87 93 68 43 66 42 22 77 34 44 49 19 60 80 70 35 71 64 67 26 11 45 30 94 65 69 0 
10 9 81 31 13 14 32 25 79 8 27 72 4 61 73 28 91 7 6 29 18 96 33 59 92 3 39 48 51 24 57 50 54 47 23 85 37 99 36 97 20 75 55 53 56 83 88 1 41 5 89 84 21 38 74 46 43 68 93 87 17 63 78 66 42 22 77 44 34 40 98 95 12 16 86 15 82 58 0 90 2 49 19 60 80 70 35 71 64 26 11 67 45 30 94 65 69 52 62 76 
8 79 32 25 14 13 31 81 9 10 76 28 91 7 11 26 67 45 30 94 65 69 29 6 62 52 18 96 33 59 92 3 39 48 51 24 57 54 50 47 23 85 99 37 20 97 89 75 55 53 56 83 88 1 84 5 41 21 38 78 74 46 43 68 93 87 17 66 42 22 77 63 34 40 95 12 44 16 86 90 2 49 19 60 80 70 35 71 64 0 15 82 58 73 61 98 4 72 27 36 
25 14 13 31 52 62 6 7 91 28 73 58 82 15 86 16 12 95 40 98 61 4 72 27 8 38 46 74 78 17 87 93 68 43 66 42 22 77 63 34 44 0 90 2 49 19 60 80 70 35 71 64 67 26 11 45 30 94 65 69 29 18 96 33 59 92 3 39 48 51 24 57 50 54 47 23 85 37 20 97 75 55 53 56 83 88 1 84 5 89 41 21 36 99 79 32 81 9 10 76 
22 42 66 77 17 87 93 68 43 74 46 38 78 84 21 5 89 41 1 88 83 56 53 55 75 97 20 37 85 23 47 50 57 24 54 51 48 39 3 92 59 33 96 18 52 62 6 29 69 65 30 94 45 67 26 11 7 91 28 76 10 9 81 31 13 14 99 36 25 32 79 8 27 72 4 61 73 82 58 0 15 86 90 2 49 19 60 70 35 71 64 80 16 12 95 40 98 44 34 63 
64 71 70 35 60 19 49 2 90 15 86 16 12 95 40 98 61 73 4 72 27 8 79 32 25 36 99 14 13 31 81 9 10 76 28 91 6 29 69 65 30 94 45 67 26 11 7 62 52 18 96 33 59 92 3 39 48 51 24 57 50 54 47 23 85 37 20 97 75 55 53 56 83 1 88 41 5 89 84 21 38 78 74 46 43 68 93 87 17 63 77 22 42 66 44 34 82 58 0 80 
25 32 79 8 27 72 4 61 73 82 15 0 90 2 49 19 60 80 70 35 71 64 67 45 30 94 65 69 29 6 62 52 31 81 9 10 76 28 91 7 11 26 58 86 16 12 95 40 98 34 77 44 22 42 66 93 68 43 17 87 63 78 74 46 38 21 84 5 89 41 1 88 83 56 53 55 75 97 20 37 85 23 47 50 57 24 54 51 48 39 3 92 33 59 96 18 13 14 99 36 
60 19 49 2 90 0 15 86 16 12 95 40 98 61 73 4 72 27 8 79 32 25 36 99 85 23 47 50 54 24 57 51 48 39 3 92 59 33 96 18 52 62 29 6 7 91 28 76 10 9 81 31 13 14 37 20 97 75 55 53 56 83 88 1 84 5 89 41 21 38 46 74 78 63 17 87 93 68 43 66 42 22 77 34 44 82 58 11 67 26 45 30 94 65 69 64 71 35 70 80 
57 24 54 50 47 23 85 99 14 13 31 81 9 10 76 4 61 98 40 95 12 16 86 90 0 15 82 58 11 26 67 45 30 94 65 69 29 6 7 91 28 73 72 27 8 79 32 25 36 97 20 37 75 55 53 56 83 88 1 41 5 89 84 21 38 78 74 46 43 68 93 87 17 66 42 22 77 63 34 44 2 49 19 60 80 70 35 71 64 62 52 18 96 33 59 92 3 39 48 51 
74 46 38 21 1 88 83 56 53 55 75 89 5 84 41 97 20 37 85 23 47 50 57 24 54 51 48 39 3 92 59 33 96 18 52 62 6 29 69 65 94 30 45 64 71 70 35 60 19 49 2 90 0 15 86 16 12 95 40 98 61 73 4 72 27 8 79 32 25 36 99 14 13 31 81 9 10 76 28 91 7 11 26 67 80 58 82 44 34 63 17 87 93 68 43 66 42 22 77 78 
41 1 88 83 56 53 55 75 97 20 37 85 23 47 50 54 24 57 48 39 3 92 59 33 96 51 18 52 31 81 9 10 76 28 91 7 6 29 62 69 65 94 30 45 67 26 11 64 71 70 35 80 60 19 49 2 90 0 15 86 16 12 95 40 34 98 61 4 73 82 58 44 77 42 22 66 17 87 93 68 43 74 46 38 78 63 72 27 8 79 32 25 99 14 13 36 89 5 84 21 
72 4 73 61 98 95 12 16 86 2 90 0 58 82 15 49 19 60 80 70 35 71 64 67 11 7 6 29 62 52 31 81 9 10 76 28 91 26 45 30 94 65 69 18 96 33 59 92 3 39 48 51 24 57 50 54 47 23 85 37 20 97 75 55 53 56 83 1 88 46 74 43 68 93 87 17 63 34 40 44 22 42 77 66 78 38 21 84 5 89 41 36 99 14 13 32 25 79 8 27 
16 86 15 82 58 0 90 2 49 19 60 80 70 35 71 64 67 45 30 94 65 69 29 62 6 7 91 28 76 10 9 81 31 13 14 99 85 37 20 97 75 55 53 56 83 88 1 41 5 89 84 21 38 78 74 46 43 68 93 87 17 66 42 22 77 63 34 44 12 95 40 98 61 73 4 72 27 8 79 32 25 36 23 47 50 54 51 48 24 57 39 3 92 33 59 96 18 52 11 26 
24 57 50 47 23 85 37 20 97 75 55 53 56 83 1 88 41 89 5 84 21 36 25 32 79 81 9 10 76 28 73 4 61 98 40 95 12 16 86 15 0 90 2 49 19 60 80 70 35 71 64 67 45 30 94 65 69 29 62 6 7 91 11 26 58 82 34 44 77 42 22 66 93 68 43 46 74 38 78 17 87 63 72 27 8 99 14 13 31 52 18 96 33 59 92 3 39 48 51 54 
66 42 22 77 63 78 74 46 38 21 84 5 89 41 1 88 83 56 53 55 75 97 20 37 85 23 47 50 57 24 54 51 48 39 3 92 33 59 96 18 52 62 6 29 69 65 30 94 45 67 11 26 64 71 80 70 35 60 19 49 2 90 0 58 82 15 86 16 12 95 40 98 61 73 28 76 10 9 81 31 13 14 99 36 25 32 79 8 27 72 4 91 7 44 34 17 87 93 68 43 
30 94 45 64 71 70 35 80 60 19 49 2 90 0 58 82 15 86 16 12 95 40 98 61 73 4 72 27 8 79 32 25 14 13 31 81 9 10 76 28 91 7 6 29 62 52 18 96 33 59 92 3 39 48 51 24 57 50 54 47 23 85 99 36 37 20 97 75 55 53 56 83 88 1 41 84 5 89 21 38 46 74 78 17 87 93 68 43 66 42 22 77 63 34 44 26 11 67 69 65 
