28 53 69 54 27 48 46 3 15 18 51 4 61 20 34 57 56 84 74 89 81 13 58 11 63 90 33 32 23 22 16 77 82 85 87 12 35 8 21 31 80 6 1 91 62 0 41 73 94 79 65 14 17 67 60 93 86 26 47 10 36 9 5 75 64 70 78 55 88 72 92 50 2 44 19 29 66 40 71 7 39 83 30 37 68 42 25 59 43 52 24 45 38 76 49 
3 46 48 27 54 69 83 30 42 68 37 44 2 50 9 36 10 47 75 64 70 78 55 88 72 92 5 38 76 49 28 53 7 39 25 59 43 52 24 45 73 94 79 41 0 62 1 91 26 65 14 17 67 86 60 93 31 80 6 21 8 35 12 87 23 32 90 33 63 85 22 16 77 82 58 13 81 11 89 74 84 56 57 34 20 61 4 51 18 15 40 66 29 19 71 
33 11 63 85 22 16 77 82 58 13 81 89 74 84 56 57 34 20 61 4 51 18 15 40 66 29 19 72 88 55 78 70 64 75 47 10 36 9 5 92 44 50 2 28 53 69 27 54 71 3 46 48 49 83 7 39 42 25 59 68 37 30 38 76 45 24 52 43 73 94 79 41 0 62 1 91 26 65 86 14 17 67 60 93 31 80 6 21 8 12 35 32 87 23 90 
25 59 68 37 30 83 49 76 38 45 24 52 43 73 94 79 41 0 62 1 91 26 65 17 67 14 86 60 93 31 21 8 12 35 87 23 22 16 77 82 58 81 13 74 84 56 57 34 20 61 4 51 18 15 3 46 48 27 54 69 53 28 2 44 50 92 72 88 55 78 70 64 75 5 36 9 10 47 6 80 32 33 90 63 85 11 89 29 66 40 19 71 7 39 42 
29 19 40 66 89 74 84 56 57 34 20 61 4 51 18 15 46 3 71 54 27 48 44 2 28 53 69 7 39 83 30 37 68 42 25 59 43 52 24 73 94 79 41 0 62 1 91 26 65 14 67 17 86 60 93 31 80 6 21 8 35 12 87 23 22 16 77 82 58 13 81 11 33 90 63 85 32 70 64 75 47 10 36 5 9 38 76 49 45 50 92 72 88 55 78 
49 76 38 9 36 5 10 47 75 64 70 78 55 88 72 92 50 44 2 28 53 69 54 27 48 46 3 15 18 71 51 4 61 20 34 57 40 19 29 66 89 74 84 56 11 81 13 58 82 85 63 90 33 23 22 16 77 87 32 8 35 12 21 31 80 6 1 91 26 65 14 17 67 86 60 93 62 0 41 79 94 73 24 52 43 68 37 30 83 7 39 42 25 59 45 
59 25 43 52 24 73 94 79 41 0 62 1 91 26 65 14 17 67 60 93 86 6 80 31 21 8 35 12 32 23 87 22 16 77 82 58 13 81 11 85 63 90 33 78 55 88 72 92 50 2 44 46 3 15 18 51 4 61 20 34 57 56 84 74 89 29 19 40 66 71 54 27 48 28 53 69 7 39 42 68 37 30 83 49 76 38 9 36 5 75 64 70 47 10 45 
46 48 27 54 69 53 28 2 50 5 9 36 10 47 0 41 91 26 1 62 86 60 93 31 21 8 35 12 32 23 87 22 16 77 82 58 85 63 90 33 11 81 13 84 74 89 29 19 40 66 56 57 34 20 61 4 51 18 15 3 71 7 39 42 25 59 68 37 30 83 49 76 38 45 24 52 43 73 94 79 65 14 17 67 6 80 70 64 75 78 55 88 72 92 44 
45 76 38 9 5 36 10 47 75 64 70 78 55 88 72 92 50 2 44 48 27 54 69 39 7 83 30 37 68 42 25 59 43 52 24 73 94 79 41 0 62 1 91 26 65 14 17 67 86 60 93 6 80 31 21 8 35 12 87 23 22 16 77 82 58 13 81 11 33 90 63 85 32 89 29 19 40 66 74 84 56 57 34 20 61 4 51 18 15 3 46 71 28 53 49 
38 76 49 30 83 7 39 69 53 28 2 50 92 72 88 55 78 70 64 75 47 10 36 5 9 45 24 52 37 68 42 25 59 43 73 94 79 41 0 62 1 91 26 65 14 17 67 60 93 86 6 80 31 21 8 12 35 32 23 87 22 16 77 82 85 63 90 33 11 58 13 81 89 66 40 57 56 84 74 29 19 46 48 27 54 71 51 4 61 20 34 18 15 3 44 
70 64 75 5 9 36 10 47 62 1 91 26 65 14 17 67 86 60 93 6 80 31 21 8 12 35 32 23 87 22 16 77 82 58 81 11 63 85 90 33 78 55 88 72 92 50 44 2 28 53 69 54 27 48 46 3 15 18 51 4 61 20 34 57 56 84 74 89 13 29 19 40 66 71 39 7 83 30 49 76 38 45 37 68 42 25 59 43 52 24 73 94 79 41 0 
72 92 50 2 28 53 69 49 76 38 9 36 10 47 75 64 70 78 55 88 81 13 58 82 85 63 90 33 11 22 16 77 87 23 32 8 35 12 21 31 80 6 86 60 93 67 17 14 65 26 91 1 62 0 41 79 94 73 24 52 68 37 30 83 7 39 42 25 59 43 45 5 44 46 48 27 54 71 3 15 18 51 4 61 20 34 57 56 84 74 89 66 40 29 19 
38 76 49 30 83 7 39 42 25 59 68 37 52 24 73 94 79 41 91 0 62 1 26 65 14 17 67 60 93 86 6 80 31 21 8 35 12 32 87 23 22 16 77 82 85 63 90 33 11 58 13 81 89 74 84 56 57 34 20 61 4 51 18 15 3 46 48 27 54 71 40 66 29 19 92 72 88 55 78 70 64 75 47 10 36 5 9 50 2 28 53 69 44 43 45 
53 83 7 39 69 27 54 46 48 44 28 2 50 92 72 88 55 78 70 64 75 47 10 36 9 5 45 76 38 49 30 37 68 42 25 59 43 52 24 73 94 41 0 62 1 26 91 79 65 14 17 67 60 93 31 80 6 86 21 8 35 12 32 23 87 22 16 77 82 58 85 63 90 33 11 81 13 84 74 89 29 19 40 66 57 56 34 20 61 4 51 18 15 3 71 
75 64 47 10 36 9 38 76 49 30 83 7 39 69 53 28 2 50 44 92 72 88 55 78 70 80 31 21 8 35 12 87 23 22 16 77 82 58 13 81 74 84 56 57 34 20 61 4 51 18 15 3 46 48 27 54 71 40 29 19 66 89 11 85 63 90 33 32 6 60 93 86 14 67 17 65 26 91 1 62 0 41 94 79 73 24 52 43 59 25 42 68 37 45 5 
89 66 40 29 19 92 72 88 55 78 70 64 75 5 9 36 10 47 62 1 91 26 65 86 6 80 31 21 8 35 12 87 32 23 22 16 77 82 58 13 81 11 63 85 90 33 93 60 67 14 17 41 0 79 94 73 24 52 43 68 37 45 76 38 49 30 83 42 25 59 7 39 69 53 28 2 50 44 48 27 54 71 3 46 15 18 51 4 61 20 34 57 56 84 74 
2 92 72 88 55 78 70 64 75 47 10 36 9 5 50 44 48 27 54 69 53 28 7 39 83 30 49 76 38 45 24 52 43 68 37 42 25 59 73 94 79 41 0 62 1 91 26 65 14 67 17 86 60 93 6 80 31 21 8 35 12 32 87 23 22 16 77 82 58 85 63 90 33 11 81 13 89 66 40 15 18 51 4 61 20 34 57 56 84 74 29 19 46 3 71 
0 62 1 26 91 41 79 94 73 24 52 43 59 25 42 68 37 30 83 7 39 69 53 28 48 27 54 71 15 18 51 4 61 20 34 57 56 84 74 89 66 40 19 29 46 3 44 2 50 92 72 88 55 78 33 90 63 85 22 16 77 82 58 13 81 11 32 8 21 31 80 6 86 65 14 67 17 60 93 35 12 87 23 70 64 75 47 10 36 9 5 38 49 76 45 
20 34 57 56 84 74 89 66 29 19 40 15 18 61 4 51 71 3 46 48 27 54 69 53 28 2 50 44 92 72 88 55 78 70 64 75 47 10 36 9 5 38 76 49 30 83 7 39 42 37 68 25 59 43 52 24 45 73 94 79 41 91 26 1 62 0 65 14 17 67 86 60 93 31 80 6 21 8 35 12 32 87 23 22 16 77 82 58 13 81 11 90 63 85 33 
92 72 88 55 78 70 64 75 47 10 36 9 38 76 49 30 83 7 39 42 25 59 43 52 24 68 37 45 73 94 79 41 0 62 1 91 26 65 17 14 67 86 60 93 31 80 6 21 8 35 12 87 23 32 33 90 63 85 22 16 77 82 58 81 13 84 74 89 29 19 40 66 56 57 34 20 61 4 51 18 15 71 3 46 48 27 54 69 53 28 2 50 44 5 11 
9 38 76 49 30 83 7 39 69 53 28 2 50 92 72 88 55 78 70 64 75 5 36 10 47 0 62 1 91 26 65 14 17 67 86 60 93 31 21 8 32 23 22 16 77 82 58 13 81 89 66 29 19 40 46 48 27 54 71 3 15 18 51 4 61 20 34 57 56 84 74 11 33 90 63 85 87 12 35 80 6 41 94 79 73 24 52 43 59 25 42 68 37 45 44 
80 31 21 8 35 12 32 87 23 22 16 77 82 85 63 90 33 78 70 64 47 10 36 9 5 75 55 88 72 92 50 44 2 28 53 69 27 54 3 15 18 51 4 61 20 34 57 56 84 74 89 81 13 58 11 29 19 40 66 48 46 71 39 7 83 49 76 38 45 37 68 42 30 25 59 43 52 24 73 94 79 41 0 62 1 91 26 65 14 17 67 93 60 86 6 
29 19 40 66 89 74 84 56 57 34 20 61 4 51 18 15 46 3 71 54 27 48 44 2 28 53 69 7 39 83 30 37 68 42 25 59 43 52 24 73 94 79 41 0 62 1 91 26 65 14 67 17 86 60 93 31 80 6 21 8 35 12 87 23 22 16 77 82 58 13 81 11 33 90 63 85 32 70 64 75 47 10 36 5 9 38 76 49 45 50 92 72 88 55 78 
67 14 17 65 26 91 1 62 0 41 79 94 73 24 52 43 59 25 42 68 37 30 83 7 39 69 53 28 2 50 92 72 88 55 78 70 8 35 12 32 23 87 22 16 77 82 85 63 90 33 11 58 13 81 89 74 84 56 57 34 20 61 4 51 18 15 3 46 48 27 54 71 19 29 66 40 44 45 76 38 49 5 9 36 10 47 64 75 21 31 80 6 86 60 93 
29 19 40 66 89 74 84 56 57 34 20 61 4 51 18 15 3 46 48 27 54 69 53 28 2 50 92 72 88 55 78 70 64 75 47 10 36 9 38 76 49 30 83 7 39 42 25 59 68 37 45 24 52 43 73 94 79 41 0 91 62 1 26 65 14 17 67 86 60 93 6 80 31 21 8 12 35 32 87 23 22 16 77 82 58 13 81 11 63 85 90 33 5 44 71 
66 40 19 29 89 74 84 56 57 34 20 61 4 51 18 15 3 46 48 27 54 71 69 53 39 7 83 30 37 68 42 25 59 43 52 24 73 94 79 41 91 26 1 62 0 47 10 36 9 5 75 64 70 78 55 88 72 92 50 44 2 28 49 76 38 45 67 14 17 65 86 60 93 31 80 6 21 8 32 23 87 12 35 33 90 63 85 22 16 77 82 58 13 81 11 
33 90 63 85 22 16 77 82 58 13 81 11 88 72 92 50 2 28 53 83 7 39 69 54 27 48 46 3 15 18 71 51 4 61 20 34 57 56 84 74 89 66 40 29 19 44 45 38 76 49 30 37 68 42 25 59 43 52 24 73 94 79 41 0 91 26 65 14 17 67 86 60 93 31 80 6 1 62 47 10 36 9 5 75 64 70 78 55 87 12 35 8 21 32 23 
72 88 55 78 70 64 75 47 10 36 9 5 92 50 2 44 38 76 49 30 83 7 39 42 25 59 68 37 43 52 24 45 73 94 79 41 0 62 1 91 26 65 17 14 67 60 93 86 6 80 31 21 8 12 35 32 87 23 22 16 77 82 85 63 90 33 11 58 13 81 89 74 84 56 57 34 20 61 4 51 18 15 46 3 19 29 40 66 71 54 27 48 28 53 69 
9 36 10 47 75 64 70 78 55 88 72 92 50 2 44 48 46 3 71 27 54 69 53 28 49 30 83 7 39 42 25 59 43 52 24 45 76 38 37 68 73 94 79 41 0 62 1 91 26 65 14 17 67 86 60 93 6 80 31 21 8 12 35 32 23 87 22 16 77 82 58 85 63 90 33 11 81 13 89 74 84 56 57 34 20 61 4 51 18 15 40 66 19 29 5 
26 65 14 17 67 60 93 86 6 80 31 21 8 35 12 32 87 23 22 16 77 82 58 11 33 90 63 85 81 13 74 84 56 57 34 20 61 18 4 51 71 54 27 48 46 3 15 40 66 89 29 19 92 72 88 55 78 70 64 75 47 10 36 9 38 76 49 30 83 7 39 69 53 28 2 44 50 5 45 37 68 42 25 59 43 52 24 73 94 79 41 0 91 1 62 
93 60 86 6 80 31 21 8 35 12 32 87 23 22 16 77 82 58 85 63 90 33 11 81 13 84 56 57 34 20 61 4 51 18 15 3 46 48 27 54 69 53 83 28 2 50 5 9 36 10 47 75 64 70 78 55 88 72 92 44 29 19 40 66 89 74 71 7 39 25 59 43 24 52 68 37 42 30 49 76 38 45 73 94 79 41 0 62 1 91 26 65 14 17 67 
24 52 43 59 25 42 68 37 30 83 7 39 69 53 28 2 44 50 92 72 88 55 78 70 64 75 47 10 36 5 9 38 76 49 45 41 0 91 26 1 62 6 80 31 21 8 35 12 32 23 22 16 77 82 58 13 74 84 56 57 34 20 61 4 51 18 15 3 46 48 27 54 71 19 29 40 66 89 81 11 33 90 63 85 87 93 60 86 65 14 67 17 79 94 73 
41 0 62 1 91 26 65 14 17 67 86 60 93 31 80 6 21 8 35 12 32 87 23 22 16 77 82 58 63 85 90 33 11 81 13 74 84 56 57 34 20 61 4 51 18 15 3 46 29 19 40 66 89 88 55 78 70 64 75 47 10 36 9 5 2 44 50 92 72 71 54 27 48 69 7 39 83 53 28 49 76 38 45 24 52 43 59 25 42 30 37 68 73 94 79 
68 37 30 49 76 38 9 36 10 47 62 1 91 26 65 17 14 67 86 60 93 31 21 8 35 12 32 87 23 22 16 77 82 58 13 81 11 63 85 90 33 78 55 88 72 92 50 44 2 28 53 69 7 39 42 25 59 43 52 24 45 73 94 79 41 0 6 80 70 64 75 5 46 48 27 54 71 51 4 61 20 34 57 56 84 74 89 29 19 66 40 15 18 3 83 
30 83 76 38 9 36 10 47 75 64 70 21 31 80 6 1 26 91 62 0 41 73 94 79 65 14 17 67 86 60 93 8 35 12 32 33 90 63 85 23 87 22 16 77 82 58 11 81 13 89 74 84 56 57 34 20 61 4 51 18 15 3 46 48 27 54 71 40 66 29 19 92 72 88 55 78 5 50 2 44 28 53 69 7 39 42 25 59 43 52 24 45 49 37 68 
62 1 91 26 65 14 17 67 60 93 86 6 80 31 21 8 35 12 32 33 90 63 85 58 13 81 11 87 23 22 16 77 82 84 56 57 34 20 61 4 51 18 15 3 46 48 27 54 71 69 53 83 7 39 42 25 59 68 37 30 49 76 38 45 24 52 43 73 94 79 41 0 10 36 9 5 50 2 28 44 92 72 29 19 40 66 89 74 88 55 78 70 64 75 47 
72 92 50 2 44 28 53 69 27 54 48 46 3 15 18 51 4 61 20 34 57 56 84 74 89 66 40 19 29 88 55 78 70 64 75 5 9 36 10 47 62 0 91 26 65 86 14 17 67 60 93 35 12 87 23 22 16 77 82 58 13 81 11 63 85 90 33 32 8 21 31 80 6 1 41 79 94 73 24 52 37 68 42 25 59 43 45 76 38 49 30 83 7 39 71 
47 10 36 9 5 92 72 88 55 78 70 64 75 0 62 1 26 65 14 17 67 86 60 93 80 31 21 35 12 8 32 87 23 22 16 77 82 85 63 90 33 11 58 13 81 89 66 40 19 29 74 84 56 57 34 20 61 4 51 18 15 3 46 48 27 54 71 7 39 69 53 28 2 50 44 38 76 49 30 83 42 25 59 68 37 45 24 52 43 73 94 79 41 91 6 
35 12 8 32 23 87 22 16 77 82 13 81 89 66 29 19 40 20 34 57 56 84 74 11 58 63 85 33 90 78 55 88 72 92 50 44 2 28 53 69 54 27 48 46 3 15 18 51 4 61 71 39 7 83 30 37 68 45 38 76 49 42 25 59 43 52 24 73 94 79 41 0 91 26 65 14 17 67 86 60 93 31 21 80 6 1 62 47 10 36 9 5 75 64 70 
32 8 21 31 80 6 1 62 91 26 65 14 67 17 86 60 93 35 12 87 23 22 16 77 82 58 11 63 85 90 33 78 55 88 72 92 44 50 2 28 53 69 27 54 48 46 3 15 18 51 4 61 20 34 57 56 84 74 13 81 89 29 66 40 19 71 49 76 38 45 37 68 42 30 83 7 39 25 59 43 52 24 73 94 79 41 0 47 10 36 9 5 75 64 70 
22 16 77 82 85 63 90 33 32 8 35 12 31 21 80 6 1 62 0 91 26 65 86 60 93 67 14 17 79 41 94 73 24 52 43 59 25 42 68 37 30 83 7 39 69 53 28 2 50 92 72 88 55 78 70 64 75 47 10 36 5 9 38 76 45 49 44 48 27 54 71 40 66 29 19 46 3 15 18 51 4 61 20 34 57 56 84 74 89 81 13 58 11 23 87 
32 8 21 31 80 6 1 26 91 62 0 41 94 73 24 52 45 76 49 30 83 7 39 69 53 28 48 27 54 71 51 4 18 61 20 34 57 56 84 74 89 29 19 40 66 15 3 46 44 2 50 92 72 88 55 78 70 64 75 47 10 36 9 5 38 37 68 42 25 59 43 79 65 14 17 67 86 60 93 35 12 87 23 22 16 77 82 58 13 81 11 63 85 90 33 
4 51 18 15 3 46 48 27 54 69 53 28 2 50 44 92 72 88 55 78 70 64 75 47 10 36 9 5 38 76 49 30 83 7 39 42 25 59 68 37 45 24 52 43 73 94 79 41 0 62 1 91 26 65 86 14 17 67 60 93 31 80 6 21 8 35 12 87 23 22 16 77 82 58 85 63 90 33 32 11 89 74 84 13 81 66 29 19 40 57 56 34 20 61 71 
75 64 47 10 36 9 38 76 49 30 83 7 39 69 53 28 2 50 92 72 88 55 78 70 21 80 6 1 62 91 26 65 14 17 67 86 60 93 31 32 8 35 12 87 23 22 16 77 82 58 85 63 90 33 11 81 13 74 89 66 40 19 29 57 56 84 34 20 61 4 51 18 15 3 46 48 27 54 71 44 5 45 37 68 42 25 59 43 52 24 73 94 79 41 0 
67 17 14 86 60 93 31 21 80 6 1 91 62 47 10 36 9 5 75 64 70 78 55 88 72 92 50 44 48 27 54 15 18 51 4 61 20 34 57 56 84 74 89 81 13 58 82 85 63 90 33 32 8 35 12 87 23 22 16 77 11 66 29 19 40 3 46 71 69 53 28 2 49 76 38 45 37 68 30 83 7 39 42 25 59 43 52 24 73 94 79 41 0 26 65 
9 36 10 47 75 64 70 78 55 88 72 92 50 44 2 28 53 69 7 39 42 25 59 68 37 30 83 49 76 38 45 24 52 43 73 94 79 41 91 1 62 0 26 65 14 17 67 86 60 93 31 80 6 21 8 12 35 32 23 87 22 16 77 82 58 85 63 90 33 11 81 13 89 74 84 56 57 34 20 61 4 51 18 15 3 46 48 27 54 71 40 66 29 19 5 
89 66 40 29 19 15 18 51 4 61 20 34 57 56 74 84 13 81 11 63 85 58 82 22 16 77 87 23 90 33 78 55 88 72 92 50 2 28 53 69 54 27 48 46 3 71 7 39 83 30 37 68 42 25 59 43 52 24 73 94 79 41 0 62 1 91 26 65 14 17 67 86 60 93 6 80 31 21 8 35 12 32 70 64 75 47 10 36 9 5 38 76 45 49 44 
10 47 62 1 91 26 65 14 17 67 60 93 86 6 80 31 21 8 35 12 32 23 87 22 16 77 85 63 90 33 11 81 13 58 82 84 74 89 66 29 19 40 15 18 61 20 34 57 56 4 51 71 3 46 48 27 54 69 53 28 2 50 44 92 72 88 55 78 70 64 75 5 36 9 38 76 49 30 83 7 39 42 37 68 59 25 43 52 24 45 73 94 79 41 0 
51 4 61 20 34 57 56 84 74 89 66 29 19 40 15 3 46 48 27 54 69 53 28 2 44 50 38 76 49 30 83 7 39 42 25 59 68 37 43 45 24 52 73 94 79 41 0 62 1 91 26 65 14 17 67 86 60 93 6 80 31 21 8 35 12 87 23 22 16 77 82 58 85 63 90 33 32 70 64 75 47 10 36 9 5 92 72 88 55 78 11 81 13 18 71 
83 7 39 69 53 28 2 44 50 92 72 88 75 64 70 80 6 1 62 91 26 65 14 17 67 86 60 93 31 21 8 12 35 32 23 87 22 16 77 82 58 13 81 89 74 84 56 57 34 20 61 4 51 18 15 3 46 48 27 54 71 40 19 29 66 11 90 63 85 33 78 55 5 9 36 10 47 0 41 79 94 73 24 52 68 37 30 49 76 38 45 43 59 25 42 
7 39 69 27 54 3 46 48 44 92 72 88 55 78 70 64 75 47 10 36 9 38 76 49 30 83 53 28 2 50 5 45 24 52 68 37 42 25 59 43 73 94 79 41 0 62 1 91 26 65 14 17 67 60 93 86 6 80 31 21 8 35 12 87 23 32 33 90 63 85 22 16 77 82 58 11 13 81 89 74 84 56 57 34 20 61 4 51 18 15 40 66 29 19 71 
41 0 62 1 91 26 65 14 67 17 86 60 93 6 80 31 21 8 35 12 32 23 87 22 16 77 82 85 63 90 33 11 81 13 74 89 29 19 40 66 57 56 84 58 34 20 61 4 51 18 15 3 46 48 27 54 71 69 53 28 44 2 50 92 72 88 55 78 70 64 75 47 10 36 9 5 38 76 49 37 68 30 83 7 39 42 25 59 43 52 24 45 73 94 79 
90 63 85 22 16 77 82 58 13 81 11 33 23 87 32 8 35 12 21 31 80 6 1 91 26 65 14 67 60 93 86 17 79 41 0 62 47 10 36 9 5 75 64 70 78 55 88 72 92 50 44 2 28 53 69 39 7 83 30 37 68 42 25 59 43 52 24 73 94 45 76 38 49 48 27 54 71 18 51 4 61 20 34 57 56 84 74 89 66 40 15 3 46 19 29 
73 94 79 41 0 91 26 65 14 17 67 86 60 93 35 12 87 23 22 16 77 82 58 13 81 89 74 84 56 57 34 20 61 4 51 18 15 3 46 48 27 54 69 53 28 2 50 44 92 72 88 55 78 70 64 75 36 9 5 10 47 62 1 6 80 31 21 8 32 33 90 63 85 11 66 29 19 40 71 7 39 83 30 37 68 42 25 59 43 52 24 45 38 76 49 
32 8 35 12 87 23 22 16 77 85 63 90 33 11 58 82 13 81 88 55 78 70 64 75 47 10 36 9 5 50 2 44 92 72 29 19 40 66 89 74 84 56 57 34 20 61 4 51 18 15 71 54 27 48 46 3 69 53 28 49 76 38 45 24 52 68 37 30 83 7 39 42 25 59 43 73 94 79 41 0 62 1 91 26 65 14 67 17 86 60 93 31 80 6 21 
73 24 52 45 76 49 30 83 7 39 42 25 59 43 68 37 53 28 2 50 92 72 88 55 78 70 64 75 47 62 1 91 26 65 14 17 67 60 93 86 6 80 31 21 8 35 12 87 23 22 16 77 82 58 85 63 90 33 32 11 81 13 84 74 89 29 19 40 66 57 56 34 20 61 4 51 18 15 3 46 48 27 54 69 71 44 5 36 9 38 10 0 41 79 94 
72 92 44 50 2 28 53 69 7 39 83 30 37 68 42 25 59 43 52 24 73 94 79 41 0 62 91 1 26 65 14 67 17 60 93 86 6 80 31 21 8 35 12 32 87 23 22 16 77 82 85 63 90 33 11 81 13 58 89 74 84 56 57 34 20 61 4 51 18 15 3 46 48 27 54 71 40 19 29 66 88 55 78 70 64 75 47 10 36 9 5 38 76 49 45 
53 28 44 92 72 88 55 78 70 64 75 47 10 36 38 76 49 30 37 68 42 25 59 43 52 24 73 94 79 41 0 91 1 62 26 65 14 17 67 86 60 93 31 80 6 21 8 35 12 32 23 87 22 16 77 82 58 63 85 90 33 11 81 13 74 84 56 57 34 20 61 18 51 4 71 54 27 48 46 3 15 40 66 89 29 19 50 2 5 9 45 83 7 39 69 
27 54 48 46 3 15 18 51 4 61 20 34 57 56 84 74 89 66 40 19 29 88 72 92 50 44 2 28 53 7 39 83 30 37 68 42 25 59 43 52 24 73 94 79 41 0 62 1 91 26 65 14 17 67 60 93 86 6 80 31 21 8 35 12 87 23 22 16 77 82 58 81 13 11 63 85 90 33 32 70 64 75 55 78 47 10 36 9 5 38 76 45 49 69 71 
86 60 93 31 21 8 12 35 32 23 87 22 16 77 82 58 13 81 11 63 85 90 33 78 55 88 72 92 50 44 2 28 53 69 54 27 48 46 3 15 18 51 4 61 20 34 57 56 84 74 89 66 40 19 29 71 39 7 83 30 37 68 42 25 59 43 52 24 73 94 79 41 91 26 1 62 0 47 10 36 9 38 45 76 49 5 75 64 70 80 6 65 14 17 67 
37 68 30 42 25 59 43 52 24 73 94 79 41 0 62 1 91 26 65 14 17 67 86 60 93 31 80 6 21 8 35 12 87 23 22 16 77 82 58 13 81 11 33 90 63 85 32 70 64 75 47 10 36 9 5 50 2 28 53 69 27 54 71 18 51 4 61 20 34 57 56 84 74 89 66 29 19 40 15 3 46 48 44 92 72 88 55 78 38 45 76 49 83 7 39 
64 75 47 10 36 9 5 92 44 50 2 28 49 76 38 45 37 68 30 83 53 69 27 54 71 51 4 61 20 34 57 56 84 74 89 66 29 19 40 15 18 3 46 48 7 39 42 25 59 43 52 24 73 94 79 41 0 62 1 91 26 65 86 14 17 67 60 93 31 80 6 21 8 35 12 32 87 23 22 16 77 82 58 81 13 11 90 63 85 33 78 55 88 72 70 
36 5 9 38 76 49 30 83 7 39 69 27 48 44 2 50 92 72 88 55 78 70 64 75 47 10 0 62 91 1 26 65 14 17 67 60 93 86 6 80 31 21 8 35 12 32 23 87 22 16 77 85 63 90 33 11 81 13 58 82 89 74 84 56 57 34 20 61 4 51 18 15 3 46 19 29 66 40 71 54 53 28 37 68 42 25 59 43 52 24 73 94 79 41 45 
65 14 17 67 60 93 31 80 6 47 10 36 9 5 92 72 88 55 78 64 75 70 21 8 12 35 32 87 23 22 16 77 82 58 85 63 90 33 11 81 13 84 74 89 29 19 40 66 57 56 34 20 61 4 51 18 15 3 71 54 27 48 46 44 50 2 28 53 69 7 39 83 30 49 76 38 45 24 52 43 68 42 25 59 37 73 94 79 41 0 62 1 91 26 86 
93 60 86 14 17 67 65 26 91 0 62 1 6 80 31 21 8 12 35 32 23 87 22 16 77 82 85 63 90 33 11 58 81 13 74 89 72 88 55 78 70 64 75 47 10 36 9 5 92 50 2 44 48 27 54 71 3 15 18 51 4 61 20 34 57 56 84 66 40 29 19 46 28 53 69 39 7 83 30 49 76 38 45 37 68 42 25 59 43 52 24 73 94 79 41 
78 55 88 72 92 50 2 44 28 53 69 7 39 83 30 37 68 42 25 59 43 52 24 73 94 79 41 0 91 1 6 80 31 21 8 35 12 87 23 32 33 11 90 63 85 22 16 77 82 58 81 13 74 84 56 57 34 20 61 4 51 18 15 3 46 48 27 54 71 40 19 29 66 89 5 10 36 9 38 76 49 45 47 62 26 65 14 17 67 86 60 93 70 64 75 
58 81 13 84 74 89 66 40 19 29 15 18 61 20 34 57 56 51 4 71 3 46 48 27 54 69 53 28 2 50 44 92 72 88 55 78 70 64 75 47 10 36 9 5 38 76 49 30 83 7 39 42 25 59 68 37 45 24 52 43 73 94 79 41 0 62 1 91 26 65 14 67 17 86 60 93 6 80 31 21 8 35 12 32 87 22 16 77 82 85 63 90 33 11 23 
41 79 94 73 24 52 43 59 25 42 68 37 30 83 7 39 69 27 54 71 15 18 51 4 61 20 34 57 56 13 81 11 63 90 33 32 8 21 31 80 6 1 91 0 62 47 10 36 9 5 75 64 70 78 55 88 72 92 50 2 28 53 49 76 38 45 44 48 46 3 19 29 40 66 89 74 84 58 82 85 22 16 77 23 87 35 12 93 60 67 14 17 86 65 26 
0 41 79 94 73 24 52 43 59 25 42 30 83 7 39 69 53 28 2 44 50 92 72 88 55 78 70 64 75 5 9 38 76 49 37 68 45 36 10 47 62 1 91 26 65 14 17 67 86 60 93 31 21 8 35 12 87 23 22 16 77 82 58 13 81 89 74 84 56 57 34 20 61 4 51 18 15 3 46 48 27 54 71 40 66 29 19 11 90 33 63 85 32 80 6 
12 35 8 21 31 80 6 1 62 91 26 65 14 17 67 86 60 93 70 64 75 47 10 36 9 38 76 49 30 83 53 28 2 50 44 48 27 54 71 51 4 61 20 34 57 56 84 74 89 66 29 19 40 15 18 3 46 69 7 39 42 25 59 68 37 45 24 52 43 73 94 79 41 0 5 92 72 88 55 78 33 90 63 85 22 16 77 82 58 13 81 11 23 87 32 
29 19 40 66 89 74 84 56 57 34 20 61 4 51 18 15 46 3 71 54 27 48 44 2 28 53 69 7 39 83 30 37 68 42 25 59 43 52 24 73 94 79 41 0 62 1 91 26 65 14 67 17 86 60 93 31 80 6 21 8 35 12 87 23 22 16 77 82 58 13 81 11 33 90 63 85 32 70 64 75 47 10 36 5 9 38 76 49 45 50 92 72 88 55 78 
83 7 39 42 25 59 68 37 30 49 76 45 38 9 36 10 47 62 1 91 26 65 14 17 67 60 93 86 6 80 31 21 8 35 12 32 33 11 63 90 23 87 22 16 77 82 85 58 13 74 89 66 40 19 29 81 84 56 57 34 20 61 4 51 18 15 3 46 48 27 54 71 69 53 28 2 44 50 92 72 88 55 78 70 64 75 5 0 41 79 94 73 24 52 43 
2 50 92 72 88 55 78 70 64 75 47 10 36 9 38 76 49 30 83 7 39 69 53 28 48 27 54 71 3 46 19 29 66 40 15 18 51 4 61 20 34 57 56 84 74 13 81 89 11 33 90 63 85 22 16 77 82 58 23 87 32 8 35 12 21 31 80 6 1 91 26 65 14 17 67 86 60 93 62 0 41 79 94 73 24 52 43 37 68 42 25 59 45 5 44 
85 63 90 33 78 55 88 72 92 50 44 2 28 53 69 39 7 83 30 37 68 42 25 59 43 52 24 73 94 79 41 0 91 26 65 14 17 67 60 93 86 6 1 62 47 10 36 9 38 76 49 45 5 75 64 70 32 8 21 31 80 35 12 87 23 22 16 77 82 58 11 81 13 74 84 56 57 34 20 61 4 51 18 15 3 46 48 27 54 71 19 29 66 40 89 
28 53 69 7 39 30 83 49 76 38 45 37 68 42 59 25 43 52 24 73 94 79 41 0 91 62 1 26 65 14 17 67 86 60 93 31 80 6 21 8 35 12 32 90 33 11 63 85 22 16 77 23 87 82 58 81 13 74 89 66 40 15 3 46 48 27 54 71 18 4 51 61 20 34 57 56 84 29 19 92 72 88 55 78 70 64 75 47 10 36 9 5 50 44 2 
76 38 9 36 5 10 47 75 64 70 78 55 88 72 92 50 2 28 53 69 7 39 42 25 59 43 52 24 73 94 79 41 0 62 1 91 26 65 14 17 67 93 60 86 6 80 31 21 8 35 12 87 32 23 22 16 77 82 58 85 63 90 33 11 81 13 89 74 84 56 57 34 20 61 4 51 18 15 3 46 48 27 54 71 19 29 66 40 44 83 30 49 45 37 68 
49 76 38 9 36 5 75 64 70 21 31 80 6 1 91 26 65 14 17 67 86 60 93 35 12 8 32 23 87 22 16 77 82 85 63 90 33 78 55 88 72 92 50 2 44 28 53 69 54 27 48 46 3 15 18 51 4 61 20 34 57 56 84 74 89 13 81 58 11 29 66 40 19 71 39 7 83 30 37 68 42 25 59 43 52 24 73 94 79 41 0 62 47 10 45 
89 74 84 56 57 34 20 61 4 51 18 15 3 46 40 66 29 19 92 72 88 55 78 70 64 75 47 10 36 9 5 50 2 44 48 27 54 71 69 53 28 83 7 39 42 25 59 68 37 30 49 76 38 45 24 52 43 73 94 79 41 0 62 1 91 26 65 14 67 17 86 60 93 6 80 31 21 8 35 12 87 23 22 16 77 82 58 81 13 11 63 85 90 33 32 
12 35 8 21 31 80 6 1 62 47 10 36 9 5 50 2 44 28 53 69 27 48 46 3 15 18 51 4 61 20 34 57 56 84 74 89 81 13 58 82 77 16 22 23 87 32 33 90 63 85 11 78 70 64 75 55 88 72 92 19 29 66 40 71 54 39 7 83 30 49 76 38 45 37 68 42 25 59 43 52 24 73 94 79 41 0 91 26 65 14 17 67 86 60 93 
56 57 34 20 61 4 51 18 15 3 46 48 27 54 71 69 28 53 83 7 39 42 25 59 43 52 24 45 38 76 49 30 37 68 73 94 79 41 0 62 1 91 26 65 14 17 67 86 60 93 6 31 80 21 8 35 12 32 90 33 63 85 87 23 22 16 77 82 58 13 81 11 88 55 78 70 64 75 5 36 9 10 47 44 2 50 92 72 29 19 40 66 89 74 84 
43 52 24 73 94 79 41 0 62 1 91 26 65 14 17 67 86 60 93 31 80 6 70 64 75 5 36 9 38 76 49 30 83 7 39 69 53 27 54 71 51 4 61 20 34 57 56 84 74 89 66 29 19 40 15 18 3 46 48 28 2 44 50 92 72 88 55 78 33 90 63 85 22 16 77 82 58 13 81 11 23 87 32 8 21 35 12 47 10 45 37 68 59 25 42 
72 92 50 2 28 53 54 27 48 46 3 15 18 51 4 61 20 34 57 56 84 74 89 66 40 19 29 71 69 7 39 83 30 37 68 42 25 59 43 52 24 73 94 79 41 0 62 1 91 26 65 14 17 67 86 60 93 6 80 31 21 8 12 35 87 23 32 33 90 63 85 22 16 77 82 58 11 81 13 88 55 78 70 64 75 47 10 36 9 38 76 49 45 5 44 
71 54 27 48 44 50 92 72 88 55 78 70 64 75 47 10 36 9 5 38 76 49 30 83 7 39 53 28 2 45 37 68 42 25 59 43 52 24 73 94 79 41 0 62 1 91 26 65 14 67 17 86 60 93 6 80 31 21 8 12 35 32 23 87 22 16 77 82 58 85 63 90 33 11 81 13 89 66 40 19 29 15 18 51 4 61 20 34 57 56 84 74 46 3 69 
92 72 88 55 78 70 47 10 36 9 5 75 64 6 80 31 21 8 35 12 87 23 63 85 22 16 77 82 58 13 81 11 33 90 32 93 60 86 14 17 67 65 26 91 1 62 0 41 94 79 73 24 52 43 59 25 42 68 37 30 49 76 38 45 83 7 39 69 53 28 2 50 44 48 27 54 71 51 4 61 20 34 57 56 84 74 89 66 29 19 40 15 18 3 46 
89 66 29 19 40 15 18 51 4 61 20 34 57 56 84 74 13 81 11 55 78 70 64 75 5 9 36 10 47 62 1 26 91 0 41 73 94 79 65 14 17 67 60 93 86 6 80 31 21 8 35 12 32 23 87 22 16 77 82 58 85 63 90 33 88 72 92 50 2 44 48 27 54 69 53 28 49 30 37 68 42 25 59 43 52 24 45 76 38 83 7 39 71 46 3 
68 37 30 83 7 39 53 69 54 27 48 28 2 44 92 50 5 9 36 10 47 62 1 91 26 65 86 14 17 67 60 93 6 80 31 21 8 35 12 32 23 87 22 16 77 82 58 13 81 11 33 90 63 85 89 74 84 56 57 34 20 61 4 51 18 15 71 3 46 19 29 66 40 72 88 55 78 70 64 75 0 41 79 94 73 24 52 43 59 25 42 49 76 38 45 
89 74 84 56 57 34 20 61 4 51 18 15 3 46 48 27 54 69 53 28 2 44 50 92 72 88 55 78 70 64 75 47 10 36 9 5 38 76 49 30 83 7 39 42 25 59 68 37 45 24 52 43 73 94 79 41 0 62 1 91 26 65 14 17 67 60 93 86 6 80 31 21 8 35 12 32 87 23 22 16 77 82 85 63 90 33 11 81 13 58 29 19 40 66 71 
38 45 76 49 30 83 7 39 42 25 59 43 68 37 52 24 73 94 79 41 0 62 1 91 26 65 17 14 67 86 60 93 6 80 31 21 8 35 12 32 87 23 22 16 77 82 85 63 90 33 11 58 13 81 89 74 84 56 57 34 20 61 4 51 18 15 3 46 48 27 54 71 69 53 28 2 44 50 92 72 88 78 55 75 64 70 47 10 36 5 9 29 19 40 66 
52 24 73 94 79 41 0 62 1 6 80 31 21 8 12 35 93 86 60 67 17 14 65 26 91 47 10 36 9 5 75 64 70 78 55 88 72 92 50 2 44 28 53 71 51 4 61 20 34 57 56 84 74 81 13 58 82 63 85 22 16 77 23 87 32 33 90 11 89 66 29 19 40 15 18 3 46 48 27 54 69 7 39 25 59 42 30 83 49 76 38 45 37 68 43 
58 82 85 63 90 33 32 8 21 31 80 6 1 91 0 62 47 10 36 9 5 75 64 70 78 55 88 72 92 50 2 28 53 69 27 54 3 46 48 44 19 29 89 66 74 84 56 57 34 20 61 4 51 18 15 40 71 39 7 83 30 49 38 76 45 37 68 42 25 59 43 52 24 73 94 79 41 26 65 14 17 67 86 60 93 35 12 87 23 22 16 77 11 81 13 
36 9 5 75 64 70 78 55 88 72 92 44 50 2 28 53 69 27 54 71 51 4 61 20 34 57 56 84 74 89 66 40 19 29 15 18 3 46 48 30 83 7 39 42 25 59 68 37 49 76 38 45 24 52 43 73 94 79 41 0 62 1 91 26 65 17 14 67 86 60 93 31 21 8 35 12 87 23 22 16 77 82 85 63 90 33 11 81 13 58 32 80 6 47 10 
55 78 64 75 10 47 62 1 91 26 65 14 17 67 60 93 86 6 80 31 21 8 12 35 32 87 23 22 16 77 82 85 63 90 33 11 58 81 13 84 74 89 66 40 29 19 46 3 18 51 4 61 20 34 57 56 15 71 54 27 48 69 53 28 2 50 44 92 72 88 5 9 36 38 45 76 49 30 37 68 83 7 39 42 25 59 43 52 24 73 94 79 41 0 70 
28 2 50 44 92 72 88 55 78 70 64 75 5 9 36 10 47 62 1 91 0 41 94 73 24 52 43 59 25 42 68 37 30 49 76 38 45 79 26 65 14 17 67 60 93 86 6 80 31 21 8 35 12 32 87 23 22 16 77 82 85 63 90 33 11 81 13 58 89 66 40 19 29 74 84 56 57 34 20 61 4 51 18 15 3 46 48 27 54 71 69 53 83 7 39 
51 4 61 20 34 57 56 84 74 89 81 11 63 90 33 32 8 21 31 80 6 1 91 26 65 14 17 67 86 60 93 35 12 87 23 22 16 77 85 82 58 13 66 40 19 29 15 3 46 48 44 92 72 88 55 78 70 64 75 5 9 36 10 47 62 0 41 94 79 73 24 52 43 68 37 30 83 53 28 2 50 38 76 49 45 59 25 42 39 7 69 27 54 71 18 
86 14 67 17 65 26 6 80 31 21 8 32 87 23 22 16 77 82 85 63 90 33 11 58 81 13 84 74 89 66 29 19 40 15 18 51 4 61 20 34 57 56 48 27 54 71 3 46 44 28 53 69 7 39 83 30 37 68 42 25 59 43 52 24 73 94 79 41 0 1 62 91 47 10 36 5 9 38 45 76 49 2 50 92 72 88 55 78 70 64 75 12 35 93 60 
37 68 42 25 59 43 52 24 73 94 79 41 0 91 26 65 14 17 67 86 60 93 31 80 6 1 62 47 10 36 9 38 76 49 30 83 7 39 69 53 28 2 44 50 92 72 88 55 78 32 8 21 35 12 23 87 22 16 77 82 58 81 13 74 84 56 57 34 61 4 51 18 15 3 46 48 27 54 71 20 40 19 29 66 89 11 90 33 63 85 70 64 75 5 45 
41 0 91 26 1 62 47 10 36 9 38 76 45 24 52 43 59 25 42 83 30 49 37 68 7 39 69 27 54 71 51 4 61 20 34 57 56 84 74 89 66 29 19 40 15 18 3 46 48 44 50 2 28 53 5 75 64 70 78 55 88 72 92 33 90 63 85 22 16 77 82 58 13 81 11 23 87 32 8 12 35 21 31 80 6 86 60 93 67 14 17 65 79 94 73 
46 48 27 54 3 15 18 51 4 61 20 34 57 56 84 74 89 66 40 29 19 72 92 50 2 44 28 53 69 7 39 42 25 59 68 37 30 49 76 45 38 9 5 36 10 47 75 64 70 78 55 88 11 81 13 58 82 22 16 77 85 63 90 33 32 23 87 12 35 8 21 31 80 6 86 60 93 67 17 14 65 26 91 1 62 0 41 79 94 73 24 52 43 83 71 
86 93 60 67 17 14 65 26 1 91 0 62 47 10 36 9 38 76 49 30 83 7 39 42 25 59 43 52 24 73 94 79 41 45 37 68 71 54 27 69 53 28 2 50 44 48 46 3 15 18 51 4 61 20 34 57 56 84 74 89 66 40 19 29 72 92 5 75 64 70 78 55 88 81 13 58 11 33 90 63 85 82 77 16 22 23 87 32 8 35 12 21 31 80 6 
24 52 43 59 25 42 68 37 30 83 7 39 69 53 28 2 50 5 9 36 10 47 75 64 70 78 55 88 72 92 44 48 27 54 71 3 46 19 29 66 40 15 18 51 4 61 20 34 57 56 84 74 89 81 13 58 82 85 63 90 33 11 22 16 77 87 23 32 8 35 12 21 31 80 6 1 86 60 93 65 14 17 67 26 91 62 0 41 79 94 73 45 76 38 49 
