0 8 25 48 34 71 63 47 24 4 77 54 46 36 52 66 35 57 27 74 16 1 67 10 37 5 61 3 43 13 31 39 72 30 41 75 64 68 28 7 32 12 15 20 76 73 44 22 33 50 59 49 17 11 70 9 45 23 56 19 42 51 65 55 53 26 38 14 40 21 69 58 79 62 78 6 2 18 29 60 
78 62 69 58 79 48 25 8 40 14 0 4 47 24 34 71 63 77 54 46 36 52 66 57 35 1 74 16 27 10 67 37 5 61 3 43 13 31 39 72 30 41 75 64 68 28 7 32 12 15 20 76 73 44 22 33 50 59 49 17 11 70 9 45 23 56 19 42 51 65 55 53 26 38 21 60 29 18 2 6 
48 25 34 71 24 47 63 4 77 54 46 36 52 66 35 57 27 74 1 16 10 67 37 5 61 3 43 13 31 39 72 30 41 75 64 68 28 7 32 12 15 76 20 73 44 22 33 50 59 49 17 11 70 9 45 23 56 55 65 42 51 19 26 53 38 14 40 21 8 0 60 29 18 2 6 78 62 69 58 79 
24 71 63 47 4 77 54 46 36 52 66 35 57 27 74 1 16 10 67 37 5 61 3 43 13 31 39 72 30 41 75 64 68 28 7 32 12 15 76 20 73 44 22 33 50 59 49 17 11 70 9 45 23 56 19 42 51 65 55 53 26 38 14 0 25 8 40 21 60 29 18 2 6 78 62 69 58 79 48 34 
45 23 56 9 70 11 17 49 59 50 26 53 38 14 40 21 60 29 18 2 6 78 62 69 58 79 48 25 8 34 71 63 24 0 4 47 77 54 46 36 52 66 35 57 1 74 16 27 10 67 37 5 61 3 43 13 31 39 72 30 41 75 64 68 28 7 32 12 15 20 76 73 44 22 33 51 42 65 55 19 
40 21 8 0 63 71 34 48 25 58 79 67 10 37 5 61 3 43 13 31 39 72 62 69 60 29 18 2 6 78 30 41 75 64 68 28 7 32 12 15 20 76 73 44 22 33 50 59 49 17 11 70 9 45 23 56 19 42 51 65 55 77 54 46 36 52 66 35 57 27 74 16 1 24 47 4 38 53 26 14 
27 10 37 67 48 25 8 21 60 29 18 2 6 78 62 69 58 79 5 61 3 43 13 31 39 72 30 41 75 64 68 28 7 32 12 15 20 76 73 44 22 33 50 59 49 17 11 70 9 45 23 56 55 65 42 51 19 53 26 38 14 40 0 63 71 34 24 47 4 77 54 46 36 52 66 35 57 1 74 16 
62 78 6 2 18 29 60 21 40 14 0 63 71 34 24 47 4 77 54 46 36 52 66 57 35 1 16 74 27 10 67 37 5 61 3 43 13 31 39 72 30 41 75 64 68 28 7 32 12 15 20 76 73 44 22 33 50 59 49 17 11 70 9 45 23 56 55 65 42 51 19 26 53 38 8 25 48 58 69 79 
25 48 34 71 24 63 47 4 77 54 46 36 52 66 57 35 1 74 16 27 10 67 37 5 61 3 43 13 31 39 72 30 41 75 64 68 28 7 32 12 15 20 76 73 44 22 33 50 59 49 17 11 70 9 45 23 56 55 65 51 42 19 53 26 38 14 40 21 60 29 18 2 6 78 62 69 58 79 8 0 
77 54 46 36 52 66 35 57 27 74 1 16 10 67 37 5 61 3 43 13 31 39 72 30 41 75 64 68 28 7 32 12 15 76 20 73 44 22 33 50 59 49 17 11 70 9 45 23 56 19 42 65 55 51 26 53 38 14 40 21 60 29 18 2 6 78 62 69 58 25 48 79 8 0 63 71 34 24 4 47 
34 71 63 47 4 77 54 46 36 52 35 57 27 74 16 1 66 24 25 8 40 14 21 60 29 18 2 6 78 62 69 58 79 48 67 10 37 5 61 3 43 13 31 39 72 30 41 75 64 68 28 7 32 12 15 20 76 73 44 22 33 50 59 49 17 11 70 9 45 23 56 19 42 51 65 55 53 26 38 0 
49 17 11 70 9 45 23 56 55 42 51 65 19 53 26 38 14 40 8 21 69 58 79 48 25 0 63 71 34 24 47 4 77 54 46 36 52 66 57 35 1 74 16 27 10 67 37 5 61 3 43 13 31 39 72 30 78 62 60 29 18 2 6 41 75 64 68 28 7 32 12 15 20 76 73 44 22 33 50 59 
40 14 0 63 71 34 24 47 4 77 54 46 36 52 66 57 35 1 74 16 27 10 67 37 5 61 3 43 13 31 39 30 72 78 2 6 18 29 60 21 8 25 48 79 58 69 62 41 75 64 68 28 7 32 12 15 20 76 73 44 22 33 50 59 49 17 11 70 9 45 23 56 19 42 65 55 51 53 26 38 
24 34 71 63 47 4 77 54 46 36 52 66 35 57 27 74 1 16 10 67 37 5 61 3 43 13 31 39 72 30 41 75 64 68 28 7 32 12 15 20 76 73 22 44 33 50 59 49 17 11 70 9 45 23 56 55 65 51 42 19 26 53 38 14 8 25 48 79 58 69 62 78 6 2 18 29 60 21 40 0 
42 65 55 77 54 46 36 52 66 57 35 1 16 74 27 10 67 37 5 61 3 43 13 31 39 72 30 41 75 64 68 28 7 32 12 15 20 76 73 44 22 33 50 59 49 17 11 70 9 45 23 56 19 51 53 26 38 14 40 21 60 29 18 2 6 78 62 69 58 79 48 25 8 0 63 71 34 24 47 4 
13 31 39 72 30 41 75 64 68 28 7 32 12 15 20 76 73 44 22 33 50 59 49 17 11 70 9 45 23 56 19 42 51 65 55 53 26 38 0 8 40 14 21 60 29 18 2 6 78 62 69 58 79 48 25 71 34 24 63 4 47 77 54 46 36 52 66 35 57 74 16 1 27 10 67 37 61 5 3 43 
79 48 25 8 0 14 40 21 60 29 18 2 6 78 62 69 58 67 10 37 5 61 3 43 13 31 39 72 30 41 75 64 68 28 7 32 12 15 20 76 73 44 22 33 50 59 49 17 11 70 9 45 23 56 19 42 51 65 55 53 26 38 77 54 46 36 52 66 57 35 1 16 74 27 24 47 4 63 71 34 
47 4 77 54 46 36 52 66 35 57 27 74 16 1 24 71 34 48 25 8 40 21 60 29 18 2 6 78 62 69 58 79 37 67 10 5 61 3 43 13 31 39 72 30 41 75 64 68 28 7 32 12 15 20 76 73 44 22 33 50 59 49 17 11 70 9 45 23 56 19 42 51 65 55 38 53 26 14 0 63 
64 68 28 7 32 12 20 76 15 73 44 22 33 50 59 49 17 11 70 9 45 23 56 19 42 51 65 55 54 46 77 4 47 63 71 34 48 25 79 37 67 10 27 74 1 16 57 35 66 52 36 24 0 8 21 40 14 38 53 26 60 29 18 2 6 78 62 69 58 5 61 3 43 13 31 39 72 30 41 75 
24 71 63 4 77 54 46 36 52 66 35 57 27 74 1 16 10 67 37 5 61 3 43 13 31 39 72 30 41 75 64 68 28 7 32 12 15 20 76 73 44 22 33 50 59 49 17 11 70 9 45 23 56 55 65 51 42 19 26 53 38 0 14 40 21 60 29 18 2 6 78 62 69 58 25 8 79 48 34 47 
38 14 40 8 21 60 29 18 2 6 78 62 58 69 79 48 25 0 63 71 34 67 10 37 5 61 3 43 13 31 39 72 30 41 75 64 68 28 7 32 12 15 20 76 73 44 22 33 50 59 49 17 11 70 9 45 23 56 19 42 51 65 55 54 46 77 4 47 24 66 35 57 27 74 16 1 52 36 26 53 
8 40 14 21 60 29 18 2 6 78 62 69 58 79 48 25 34 71 63 24 47 4 77 54 46 36 52 66 35 57 27 74 16 1 10 67 37 5 61 3 43 13 31 39 72 30 41 75 64 68 28 7 32 12 15 20 76 73 44 22 33 50 59 49 17 11 70 9 45 23 56 55 65 42 51 19 26 53 38 0 
14 40 21 60 29 18 2 6 78 62 79 48 25 58 69 8 0 63 71 34 24 47 4 77 54 46 36 52 66 35 57 1 16 74 27 10 67 37 5 61 3 43 13 31 39 72 30 41 75 64 68 28 7 32 12 15 20 76 73 44 22 33 50 59 49 17 11 70 9 45 23 56 19 42 51 65 55 26 53 38 
69 58 79 48 25 8 0 63 71 34 24 47 4 77 54 46 36 52 66 35 57 27 74 16 1 10 67 37 5 61 3 43 13 31 39 72 30 41 75 68 28 7 64 32 12 15 20 76 73 44 22 33 50 59 49 17 11 70 9 45 23 56 19 42 51 65 55 53 26 38 14 40 21 60 29 18 2 6 78 62 
10 67 37 5 61 3 43 13 31 39 72 30 41 75 64 68 28 7 32 20 76 15 12 22 44 73 33 50 59 49 17 11 70 9 45 56 23 19 42 51 65 55 53 26 38 14 40 21 60 29 18 2 6 78 62 69 58 79 48 25 8 0 63 71 34 24 47 4 77 54 46 36 52 66 35 57 27 74 1 16 
60 29 18 2 6 78 62 69 58 79 48 34 71 63 47 4 77 54 46 36 52 24 66 35 57 27 74 1 16 10 67 37 5 61 3 43 13 31 39 72 30 41 75 64 68 28 7 32 12 15 20 76 73 44 22 33 50 59 49 17 11 70 9 45 23 56 55 65 42 19 51 26 53 38 0 14 40 8 25 21 
69 8 25 48 58 79 67 10 37 5 61 3 43 13 31 39 72 30 41 75 64 68 28 7 32 12 15 20 76 73 44 22 33 50 59 49 17 11 70 9 45 23 56 55 19 42 65 51 53 26 38 77 54 46 36 52 66 35 57 27 74 1 16 24 71 34 63 47 4 0 14 40 21 60 29 18 2 6 78 62 
60 29 18 2 6 78 62 69 58 79 48 25 8 21 40 14 0 63 71 34 24 47 4 77 54 46 36 52 66 35 57 27 74 1 16 10 67 37 5 61 3 43 13 31 39 72 30 41 75 64 68 28 7 32 12 15 76 20 73 44 22 33 50 59 49 17 11 70 9 45 23 56 19 42 65 55 51 53 26 38 
1 57 35 66 52 36 46 54 77 4 47 24 71 63 0 8 40 14 21 60 29 18 2 6 78 62 69 58 79 67 10 37 5 61 3 43 13 31 39 72 30 41 75 64 68 28 7 32 12 15 20 76 73 22 33 44 50 59 49 17 11 70 9 45 23 56 19 42 65 55 51 26 53 38 25 48 34 27 74 16 
58 69 21 40 14 0 8 25 48 34 71 63 24 47 4 77 54 46 36 52 66 35 57 27 74 16 1 10 67 37 5 61 3 43 13 31 39 72 30 41 75 68 64 7 28 32 12 15 76 20 73 44 22 33 50 59 49 17 11 70 9 45 23 56 55 65 42 19 51 26 53 38 60 29 18 2 6 78 62 79 
8 25 58 69 21 40 14 0 63 47 4 77 54 46 36 52 66 35 57 27 74 16 1 10 67 37 5 61 3 43 13 31 39 72 30 41 75 64 68 28 7 32 12 15 20 76 73 44 22 33 50 59 49 17 11 70 9 45 23 56 19 42 65 55 51 26 53 38 60 29 18 2 6 78 62 79 48 34 71 24 
3 61 5 43 13 31 39 72 30 41 75 64 68 28 7 32 12 15 20 76 73 44 22 33 50 59 49 17 11 70 9 45 23 56 55 65 42 19 51 53 26 38 14 40 8 25 48 34 71 63 24 47 4 0 77 54 46 36 52 66 35 57 27 74 16 1 67 10 37 79 58 69 21 60 29 18 2 6 78 62 
19 42 65 51 53 26 38 14 8 40 21 60 29 18 2 6 78 62 69 58 79 48 25 0 63 71 34 24 4 47 77 54 46 36 52 66 35 57 27 74 16 1 10 67 37 5 61 3 43 13 31 39 72 30 41 75 64 68 28 7 32 12 15 20 76 73 44 22 33 50 59 49 17 11 70 9 45 23 56 55 
78 6 2 18 29 60 21 8 25 48 34 71 63 24 47 4 77 54 46 36 52 66 35 57 27 74 16 1 10 67 37 5 61 3 43 13 31 39 72 30 41 75 64 68 28 7 32 12 15 20 76 73 44 22 33 50 59 49 17 11 70 9 45 23 56 19 55 65 42 51 26 53 38 14 40 0 69 58 79 62 
6 2 18 29 60 21 40 14 0 8 25 48 34 71 24 47 63 4 77 54 46 36 52 66 35 57 27 74 1 16 10 67 37 5 61 3 43 13 31 39 72 30 41 75 64 28 68 7 32 12 15 20 76 73 44 22 33 50 59 49 17 11 70 9 45 23 56 19 42 51 65 55 53 26 38 69 58 79 62 78 
56 23 45 9 70 11 17 49 59 50 33 22 44 73 15 76 20 12 32 7 28 68 64 75 41 6 2 18 29 60 21 40 14 0 8 25 48 79 58 69 62 78 72 30 39 31 13 43 3 61 5 37 10 67 34 71 24 66 35 57 27 74 16 1 52 36 46 54 77 4 47 63 38 53 26 51 42 19 65 55 
5 61 3 43 13 31 39 72 30 41 75 64 68 28 7 32 12 15 20 76 73 44 22 33 50 59 49 17 11 70 9 45 23 56 55 65 42 51 19 26 53 38 14 40 8 21 60 29 18 2 6 78 62 69 58 48 25 0 63 71 34 24 47 4 77 46 54 36 52 35 57 66 1 16 74 27 10 67 37 79 
55 54 46 36 52 66 35 57 27 74 16 1 67 10 37 5 61 3 43 13 31 39 72 30 41 75 64 68 28 7 32 12 15 20 76 73 44 22 33 50 59 49 17 11 70 9 45 23 56 19 42 51 65 53 26 38 14 40 21 60 29 18 2 6 78 62 69 58 79 48 25 8 0 4 47 63 71 34 24 77 
57 35 66 36 52 1 74 16 27 10 67 37 5 61 3 43 13 31 39 72 30 41 75 64 68 28 7 32 12 15 20 76 73 44 22 33 50 59 49 17 11 70 9 45 23 56 54 46 77 55 65 42 19 51 53 26 38 14 40 21 60 29 18 2 6 78 62 69 58 79 48 25 8 0 4 47 24 34 71 63 
26 53 38 14 40 21 60 29 18 2 6 78 62 69 58 79 37 10 67 48 25 8 0 63 47 4 77 54 46 36 52 66 35 57 27 74 16 1 24 71 34 5 61 3 43 13 31 39 72 30 41 75 64 68 28 7 32 12 15 76 20 73 44 22 33 50 59 49 17 11 70 9 45 23 56 19 42 65 55 51 
77 54 46 36 52 66 57 35 1 16 74 27 10 67 37 5 61 3 43 13 31 39 72 30 41 75 64 68 28 7 32 20 76 15 12 22 44 73 33 50 59 49 17 11 70 9 45 23 56 19 42 51 65 55 53 26 38 14 40 21 60 29 18 2 6 78 62 69 58 79 48 25 8 0 4 47 63 71 34 24 
77 55 54 46 36 52 66 35 57 27 74 1 16 10 67 37 5 61 3 43 13 31 39 72 30 41 75 64 68 28 7 32 12 15 76 20 73 44 22 33 50 59 49 17 11 70 9 45 23 56 19 42 51 65 53 26 38 14 40 21 8 25 48 79 58 69 62 78 6 2 18 29 60 0 63 71 34 24 47 4 
54 46 36 52 66 35 57 27 74 1 16 10 67 37 5 61 3 43 13 31 39 72 30 41 75 64 68 28 7 32 12 15 20 76 73 44 22 33 50 59 49 17 70 9 45 23 56 55 65 42 19 11 51 26 53 38 14 0 8 40 21 60 29 18 2 6 78 62 69 58 79 48 25 63 71 34 24 47 4 77 
67 10 37 5 61 3 43 13 31 39 72 30 41 75 64 68 28 7 32 12 15 20 76 73 44 22 33 50 59 49 17 11 70 9 45 23 56 55 65 51 42 19 26 53 38 14 0 63 71 34 24 47 4 77 54 46 36 52 66 35 57 27 74 16 1 48 25 8 21 40 60 29 18 2 6 78 62 69 58 79 
2 6 78 62 69 58 79 48 25 8 0 63 71 34 24 47 4 77 54 46 36 52 66 35 57 27 74 16 1 10 37 67 5 61 3 43 13 31 39 72 30 41 75 64 68 28 7 32 12 15 20 76 73 44 22 33 50 59 49 17 11 70 9 45 23 56 19 51 42 65 55 53 26 38 14 40 21 60 29 18 
31 39 72 30 41 75 64 68 28 7 32 12 15 20 76 73 44 22 33 50 59 49 17 11 19 9 45 23 56 70 51 42 65 55 53 26 38 14 40 8 25 48 34 71 63 4 47 24 66 35 57 27 74 16 1 52 36 46 54 77 0 21 60 29 18 2 6 78 62 69 58 79 67 10 37 5 61 3 43 13 
62 78 6 2 18 29 60 21 40 14 0 8 25 48 34 71 63 4 47 24 66 35 57 27 74 16 1 52 36 46 54 55 77 38 53 26 50 59 49 17 11 70 9 45 23 56 19 42 65 51 44 22 33 12 15 73 76 20 32 7 28 68 64 75 41 30 72 39 31 13 43 3 61 5 10 67 37 79 58 69 
53 26 50 59 49 17 11 70 9 45 23 56 19 42 51 65 55 54 77 46 36 52 66 57 35 1 16 74 27 10 67 37 5 61 3 43 13 31 39 72 30 62 69 58 79 48 25 8 0 4 47 63 71 34 24 38 14 40 21 60 29 18 2 6 78 41 75 64 68 28 7 32 12 15 76 20 73 44 22 33 
39 31 13 43 3 61 5 37 67 10 27 74 16 1 35 57 66 52 36 46 54 77 4 47 24 34 71 63 0 8 40 14 38 53 26 51 42 65 55 19 11 70 9 45 23 56 17 49 59 50 33 22 44 73 76 20 15 12 7 28 68 64 32 75 41 30 72 78 6 2 18 29 60 21 69 58 79 48 25 62 
9 45 23 56 54 46 36 52 66 35 57 27 74 16 1 24 47 4 63 71 34 48 25 8 0 14 40 21 60 29 18 2 6 78 62 69 58 79 37 67 10 5 61 3 43 13 31 39 72 30 41 75 64 68 28 7 32 12 15 20 76 73 44 22 33 50 59 49 17 11 70 19 51 42 65 55 77 38 53 26 
5 61 3 43 13 31 39 72 30 2 18 29 60 21 8 40 14 0 63 4 47 24 34 71 48 25 58 69 62 78 6 41 75 64 68 28 7 32 12 15 20 76 73 44 22 33 50 59 49 17 11 70 9 45 23 56 19 42 65 55 51 26 53 38 77 54 46 36 52 66 35 57 27 74 1 16 10 67 37 79 
10 67 37 5 61 3 43 13 31 39 72 30 41 75 68 64 28 7 32 12 15 76 20 73 44 22 33 50 59 49 17 11 70 19 9 45 23 56 55 65 42 51 53 26 38 14 40 21 60 29 18 2 6 78 62 69 58 79 48 34 25 8 0 63 71 24 47 4 77 54 46 36 52 66 35 57 27 74 1 16 
29 18 2 6 78 62 69 58 79 48 25 8 21 40 14 0 63 71 34 24 47 4 77 54 46 36 52 66 35 57 27 74 1 16 10 67 37 5 61 3 43 13 31 39 72 30 41 75 64 68 28 7 32 12 15 76 20 73 44 22 33 50 59 49 17 11 70 9 45 23 56 19 42 51 65 55 38 53 26 60 
66 35 57 27 74 1 16 10 67 37 5 61 3 43 13 31 39 72 30 41 75 64 68 28 7 32 12 15 20 76 73 44 22 33 50 59 49 17 11 70 9 45 23 56 55 65 51 42 19 26 53 38 14 40 21 8 25 48 79 58 69 62 78 6 2 18 29 60 0 63 71 34 24 47 4 77 54 46 36 52 
5 61 3 43 13 31 39 72 30 41 75 64 68 28 7 32 12 15 20 76 73 44 22 33 50 59 49 17 11 70 9 45 23 56 19 42 55 65 51 53 26 38 14 40 60 29 18 2 6 78 62 58 79 48 25 8 21 69 0 63 71 34 24 47 4 77 54 46 36 52 66 35 57 27 74 16 1 10 67 37 
19 42 51 26 53 38 14 40 21 60 29 18 2 6 78 62 69 58 79 48 25 8 0 63 71 34 24 47 4 77 55 65 54 46 36 52 66 35 57 27 74 16 1 10 67 37 5 61 3 43 13 31 39 72 30 41 75 64 68 28 7 32 12 15 20 76 73 44 22 33 50 59 49 17 11 70 9 45 23 56 
77 54 46 36 52 66 35 57 27 74 1 16 67 10 37 5 61 3 43 13 31 39 72 30 41 75 64 68 28 7 32 12 15 20 76 73 44 22 33 50 59 49 17 11 70 9 45 23 56 19 42 65 51 53 26 38 14 40 21 60 29 18 2 6 78 62 69 58 79 48 25 8 0 63 47 4 24 71 34 55 
78 6 2 18 29 60 69 58 79 48 25 8 0 63 71 34 24 47 4 77 54 46 36 52 66 35 57 27 74 16 1 10 67 37 5 61 3 43 13 31 39 72 30 41 75 64 68 28 7 32 12 15 20 76 73 44 22 33 50 59 49 17 11 70 9 45 23 56 19 42 51 65 55 53 26 38 14 40 21 62 
43 13 31 39 72 30 41 75 64 68 28 7 32 12 15 20 76 73 44 22 33 50 59 49 17 11 70 9 45 23 56 55 65 42 19 51 53 26 38 14 8 40 21 60 29 18 2 6 78 62 69 58 79 48 25 0 4 63 71 34 24 47 77 54 46 36 52 66 35 57 27 74 16 1 10 67 37 5 61 3 
54 46 36 52 66 35 57 27 74 16 1 10 67 37 5 61 3 43 13 31 39 72 30 41 75 64 68 28 7 32 12 15 20 76 73 44 22 33 50 59 49 17 11 70 9 45 23 56 19 42 51 65 55 53 26 38 14 40 21 60 29 18 2 6 78 62 69 58 25 48 79 8 0 63 71 34 24 47 4 77 
16 74 1 57 35 66 52 36 46 54 77 4 47 63 71 34 48 25 8 0 14 40 21 60 29 18 2 6 78 62 69 58 79 37 5 61 3 43 13 31 39 72 30 41 75 64 68 28 7 32 12 15 20 76 73 44 22 33 50 59 49 17 11 70 9 45 23 56 19 42 51 65 55 38 53 26 24 67 10 27 
27 10 67 37 5 61 3 43 13 31 39 72 30 41 75 64 68 28 7 32 12 20 76 15 73 44 22 33 50 59 49 17 11 70 19 9 45 23 56 55 65 51 42 26 53 38 0 8 21 40 14 60 29 18 2 6 78 62 69 58 79 48 25 34 71 63 24 47 4 77 54 46 36 52 66 35 57 1 74 16 
72 30 41 75 64 68 28 7 32 12 15 20 76 73 44 22 33 50 59 49 17 11 70 9 45 23 56 55 65 51 42 19 26 53 38 14 40 21 60 29 18 2 6 78 62 69 58 79 48 25 8 0 63 71 34 24 47 4 77 54 46 36 52 66 57 35 1 16 74 27 10 67 37 5 61 3 43 13 31 39 
48 25 8 0 63 47 4 77 54 46 36 52 66 35 57 27 74 16 1 10 67 37 5 61 3 43 13 31 39 72 30 41 75 64 68 28 7 32 12 15 20 76 73 44 22 33 50 59 49 17 11 70 9 45 23 56 55 65 42 51 19 53 26 38 14 40 21 60 29 18 2 6 78 62 69 58 79 24 71 34 
41 75 64 68 28 7 32 12 15 20 76 73 44 22 33 50 59 49 17 11 70 9 45 23 56 19 42 51 65 55 77 54 46 36 52 66 35 57 27 74 16 1 24 47 4 63 71 34 48 25 8 40 14 0 38 53 26 21 60 29 18 2 6 78 62 69 58 79 37 67 10 5 61 3 43 13 31 39 72 30 
13 31 39 72 30 41 75 64 68 28 7 32 12 15 20 76 73 44 22 33 50 59 49 17 11 70 9 45 23 56 19 42 65 55 51 26 53 38 14 40 21 60 29 18 2 6 78 62 69 58 79 48 25 8 0 63 71 34 24 47 4 77 54 46 36 52 66 35 57 1 74 16 27 10 67 37 5 61 3 43 
48 25 8 40 21 60 29 18 2 6 78 72 30 41 75 64 68 28 7 32 12 15 20 76 73 44 22 33 50 59 49 17 11 70 9 45 56 23 55 65 42 19 51 53 26 38 14 0 63 71 34 24 47 4 77 54 46 36 52 66 35 57 27 16 74 1 10 67 37 5 61 3 43 13 31 39 62 69 58 79 
78 6 2 18 29 60 21 40 14 0 24 34 71 63 47 4 77 55 54 46 36 52 66 35 57 27 74 1 16 10 67 37 5 61 3 43 13 31 39 72 30 41 75 64 68 28 7 32 12 15 20 76 73 44 22 33 50 59 49 17 11 70 9 45 23 56 19 42 51 65 53 26 38 8 25 48 79 58 69 62 
78 6 2 18 29 60 21 40 14 0 24 34 71 63 47 4 77 55 54 46 36 52 66 35 57 27 74 1 16 10 67 37 5 61 3 43 13 31 39 72 30 41 75 64 68 28 7 32 12 15 20 76 73 44 22 33 50 59 49 17 11 70 9 45 23 56 19 42 51 65 53 26 38 8 25 48 79 58 69 62 
55 77 4 47 63 71 34 48 25 58 79 67 10 37 5 61 3 43 13 31 39 72 30 41 75 64 68 28 7 32 12 15 20 76 73 44 22 33 50 59 49 17 11 70 9 45 23 56 19 42 51 65 53 26 38 14 40 21 60 29 18 2 6 78 62 69 8 0 24 66 35 57 27 74 1 16 52 36 46 54 
52 66 35 57 27 74 1 16 10 67 37 5 61 3 43 13 31 39 30 72 78 62 69 58 79 48 25 8 0 14 40 21 60 29 18 2 6 41 75 64 68 28 7 32 12 15 20 76 73 44 22 33 50 59 49 17 11 70 9 45 23 56 19 42 51 55 65 53 26 38 4 47 63 71 34 24 77 54 46 36 
19 42 65 55 54 46 36 52 66 35 57 74 16 1 27 10 67 37 5 61 3 43 13 31 39 72 30 41 75 64 68 28 7 32 12 15 20 76 73 44 22 33 50 59 49 17 11 51 26 53 38 14 40 21 60 29 18 2 6 78 62 69 58 79 48 25 8 0 4 47 63 71 34 24 77 45 23 56 9 70 
69 58 25 48 34 71 24 47 4 63 0 8 40 14 38 53 26 50 59 49 17 11 70 9 45 23 56 19 42 51 65 55 77 54 46 36 52 66 35 57 27 74 1 16 67 10 37 5 61 3 43 13 31 39 72 30 41 75 64 68 28 7 32 12 15 20 76 73 44 22 33 2 6 78 62 18 29 60 21 79 
60 29 18 2 6 78 62 79 58 69 21 40 14 0 8 25 48 34 24 71 63 47 4 77 54 46 36 52 66 35 57 27 74 16 1 10 67 37 5 61 3 43 13 31 39 72 30 41 75 64 68 28 7 32 12 15 20 76 73 44 22 33 50 59 49 17 11 70 9 45 23 56 19 42 51 65 55 53 26 38 
79 48 25 58 69 21 8 40 14 0 4 47 24 71 34 63 77 54 46 36 52 66 57 35 1 16 74 27 10 67 37 5 61 3 43 13 31 39 72 30 41 75 64 68 28 7 32 12 15 20 76 73 44 22 33 50 59 49 17 11 70 9 45 23 56 19 42 51 65 55 38 53 26 60 29 18 2 6 78 62 
26 53 38 14 40 8 21 60 29 18 2 6 78 62 69 58 79 37 10 67 48 25 0 63 71 34 24 47 4 77 54 46 36 52 35 57 66 1 74 16 27 5 61 3 43 13 31 39 72 30 41 75 64 68 28 7 32 12 15 20 76 73 44 22 33 50 59 49 17 11 70 9 45 23 56 19 42 51 65 55 
42 65 51 19 26 53 38 14 40 21 8 25 48 79 58 69 62 78 6 2 18 29 60 0 63 47 4 77 54 46 36 52 66 35 57 27 74 16 1 24 71 34 67 10 37 5 61 3 43 13 31 39 72 30 41 75 64 68 28 7 32 12 15 20 76 73 44 22 33 50 59 49 17 11 70 9 45 56 23 55 
25 48 34 71 24 63 47 4 77 54 46 36 52 66 57 35 1 74 16 27 10 67 37 5 61 3 43 13 31 39 72 30 41 75 64 68 28 7 32 12 15 20 76 73 44 22 33 50 59 49 17 11 70 9 45 23 56 55 65 42 51 19 26 53 38 14 40 21 8 0 60 29 18 2 6 78 62 69 58 79 
26 53 38 14 40 21 60 29 18 2 6 78 62 69 58 79 48 25 8 0 63 47 71 34 24 4 77 54 46 36 52 66 35 57 27 74 1 16 10 67 37 5 61 3 43 13 31 39 72 30 41 75 64 68 28 7 32 12 15 20 76 73 44 22 33 50 59 49 17 11 70 9 45 23 56 42 65 55 19 51 
34 71 63 47 4 77 54 46 36 52 66 35 57 1 16 74 27 10 67 37 5 61 3 43 13 31 39 72 30 41 75 64 68 28 7 32 12 15 20 76 73 44 22 33 50 59 49 17 11 70 9 45 23 56 55 65 42 51 19 26 53 38 14 40 21 8 25 48 79 58 69 62 78 6 2 18 29 60 0 24 
36 52 66 57 35 1 74 16 27 10 67 37 5 61 3 43 13 31 39 72 30 41 75 64 68 28 7 32 12 15 20 76 73 44 22 33 50 59 49 17 11 70 9 45 23 56 55 65 42 51 19 26 53 38 14 40 8 21 25 48 79 58 69 62 78 6 2 18 29 60 0 71 34 24 63 47 4 77 54 46 
40 8 21 60 29 18 2 6 78 62 69 58 79 48 25 34 24 47 63 71 0 4 77 54 46 36 52 66 35 57 27 74 1 16 10 67 37 5 61 3 43 13 31 39 72 30 41 75 64 68 28 7 32 12 15 20 76 73 44 22 33 50 59 49 17 11 70 9 45 23 56 19 42 51 65 55 53 26 38 14 
31 13 43 3 61 5 37 67 10 79 58 69 62 72 78 6 2 18 29 60 21 40 14 0 8 25 48 34 71 63 47 24 66 35 57 27 74 16 1 52 36 46 54 77 4 38 53 26 51 42 65 55 9 45 23 56 19 11 70 17 49 59 50 33 22 44 73 15 76 20 12 32 7 28 68 64 75 41 30 39 
16 74 1 35 57 27 24 71 34 48 25 8 40 21 60 29 18 2 6 78 62 69 58 79 67 10 37 5 61 3 43 13 31 39 72 30 41 75 64 28 68 7 32 12 15 76 20 73 44 22 33 50 59 49 17 11 70 9 45 23 56 55 65 42 19 51 53 26 38 14 0 4 63 47 77 54 46 36 52 66 
14 40 8 21 60 29 18 2 6 78 62 69 58 79 48 25 0 63 71 34 24 47 4 77 54 46 36 52 66 35 57 27 74 1 16 10 37 67 5 61 3 43 13 31 39 72 30 41 75 64 68 28 7 32 12 15 76 20 73 22 33 44 50 59 49 17 11 70 9 45 23 56 19 42 51 65 55 53 26 38 
4 47 24 34 71 63 0 40 21 8 25 48 79 58 69 62 78 6 2 18 29 60 14 38 53 26 51 42 65 55 54 46 36 52 66 35 57 27 74 1 16 10 67 37 5 61 3 43 13 31 39 72 30 41 75 64 68 28 7 32 12 15 76 20 73 44 22 33 50 59 49 17 11 70 9 45 23 56 19 77 
55 65 42 51 26 53 38 14 0 8 40 21 60 29 18 2 6 78 62 69 58 79 25 48 34 71 63 47 4 24 66 35 57 27 74 16 1 52 36 46 54 77 67 10 37 5 61 3 43 13 31 39 72 30 41 75 64 68 28 7 32 12 15 20 76 73 44 22 33 50 59 49 17 11 70 9 45 23 56 19 
71 63 47 4 77 54 46 36 52 66 35 57 27 74 16 1 67 10 37 5 61 3 43 13 31 39 72 30 41 75 64 68 28 7 32 12 15 76 20 73 44 22 33 50 59 49 17 11 70 9 45 23 56 55 65 51 42 19 26 53 38 14 40 21 60 29 18 2 6 78 62 69 58 79 48 25 8 0 24 34 
42 51 26 53 38 14 40 21 69 58 79 48 25 8 0 63 71 34 24 47 4 77 54 46 36 52 66 35 57 27 74 16 1 10 67 37 5 61 3 43 13 31 39 72 78 6 2 18 29 60 62 30 41 75 64 68 28 7 32 12 15 20 76 73 44 22 33 50 59 49 17 11 70 9 45 23 56 55 65 19 
71 63 24 47 4 77 54 46 36 52 66 35 57 74 16 1 27 10 67 37 79 58 69 21 40 8 60 29 18 2 6 78 62 3 61 5 43 13 31 39 72 30 41 75 64 68 28 7 32 12 15 76 20 73 44 22 33 50 59 49 17 11 70 9 45 23 56 19 42 51 65 55 53 26 38 14 0 25 48 34 
34 71 63 47 4 77 54 46 36 52 66 35 57 27 74 16 1 10 67 37 5 61 3 43 13 31 39 72 30 41 75 7 28 68 64 32 12 15 20 76 73 44 22 33 50 59 49 17 11 70 9 45 23 56 55 65 19 42 51 26 53 38 14 40 8 21 60 29 18 2 6 78 62 69 58 79 48 25 0 24 
2 18 29 60 21 40 14 8 25 48 71 34 24 47 4 77 54 46 36 52 66 35 57 27 74 16 1 10 67 37 5 61 3 43 13 31 39 72 30 41 75 64 68 28 7 32 12 15 20 76 73 44 22 33 50 59 49 17 11 70 9 45 23 56 55 65 42 51 19 26 53 38 0 63 79 58 69 62 78 6 
53 26 38 14 40 21 60 29 18 2 6 78 62 69 58 79 48 25 8 0 63 71 34 24 47 4 77 54 46 36 52 66 35 57 27 74 16 1 10 67 37 5 61 3 43 13 31 39 72 30 41 75 64 68 28 7 32 12 15 20 76 73 44 22 33 50 59 49 17 11 70 9 45 23 56 51 42 19 65 55 
55 54 46 36 52 66 35 57 27 74 1 16 10 67 37 5 61 3 43 13 31 39 72 30 41 75 64 68 28 7 32 12 15 20 76 73 44 22 33 50 59 49 17 11 70 9 45 23 56 19 42 65 51 26 53 38 14 40 21 25 58 69 62 78 6 2 18 29 60 8 0 63 71 34 48 79 24 47 4 77 
8 0 14 40 21 60 29 18 2 6 78 62 69 58 79 48 25 63 71 34 24 47 4 77 54 46 36 52 66 57 35 1 16 74 27 67 10 37 5 61 3 43 13 31 39 72 30 41 75 64 68 28 7 32 12 15 20 76 73 44 22 33 50 59 49 17 11 70 9 45 23 56 19 42 51 65 55 53 26 38 
6 78 62 69 58 79 48 25 8 0 4 63 71 34 24 47 77 55 65 51 42 19 11 50 59 49 17 70 9 45 23 56 54 46 36 52 66 35 57 27 74 16 1 67 10 37 5 61 3 43 13 31 39 72 30 41 75 64 68 28 7 32 12 15 20 76 73 44 22 33 26 53 38 14 40 21 60 29 18 2 
26 53 38 14 0 8 40 21 60 29 18 2 6 78 62 69 58 79 48 25 34 71 63 47 4 24 36 52 66 35 57 27 74 16 1 10 67 37 5 61 3 43 13 31 39 72 30 41 75 64 68 28 7 32 12 15 20 76 73 44 22 33 50 59 49 17 11 70 9 45 23 56 46 54 77 55 65 42 19 51 
77 54 46 36 52 66 35 57 27 74 16 1 67 10 37 79 48 25 8 0 14 40 21 60 29 18 2 6 78 62 69 58 5 61 3 43 13 31 39 72 30 41 75 64 68 28 7 32 12 15 20 76 73 44 22 33 50 59 49 17 11 70 9 45 23 56 19 42 51 65 55 53 26 38 4 63 71 34 24 47 
25 48 34 71 24 47 4 63 0 8 40 21 60 29 18 2 6 78 72 30 41 75 64 68 28 7 32 12 15 20 76 73 44 22 33 50 59 49 17 11 70 9 45 23 56 55 65 42 19 51 26 53 14 38 77 54 46 36 52 66 35 57 27 74 16 1 67 10 37 5 61 3 43 13 31 39 62 69 58 79 
43 13 31 39 72 30 41 75 64 68 28 7 32 12 15 76 20 73 44 22 33 50 59 49 17 11 70 9 45 23 56 42 51 65 55 19 26 53 38 14 40 21 60 29 18 2 6 78 62 69 58 79 48 25 8 0 63 71 34 24 47 4 77 54 46 36 52 66 57 35 1 16 74 27 10 67 37 5 61 3 
