41 45 5 1 14 21 6 11 63 55 52 22 62 48 68 46 47 40 23 4 53 59 29 36 57 64 0 33 58 43 19 20 24 13 17 42 39 7 44 16 34 27 49 28 67 56 66 65 2 61 3 51 32 10 69 31 30 8 26 9 37 54 35 12 25 18 15 60 50 38 
33 40 47 16 24 20 13 17 7 39 42 44 27 49 34 2 65 66 56 67 28 61 3 51 32 31 10 69 30 8 26 9 12 35 25 18 15 60 50 38 41 5 45 1 14 21 59 37 54 53 4 23 36 29 57 0 64 6 11 63 55 52 22 62 48 68 46 19 43 58 
8 26 9 12 35 25 18 60 15 50 38 41 45 5 1 14 21 6 11 63 55 52 22 62 48 68 58 43 19 20 24 13 17 7 39 42 44 27 49 34 2 65 66 56 67 28 61 3 51 32 31 69 10 30 37 54 59 29 36 57 64 0 33 40 47 46 16 23 4 53 
40 47 46 68 48 62 58 43 19 20 24 42 39 13 17 7 44 27 49 34 2 65 66 56 67 28 61 3 51 32 31 69 10 30 26 8 9 12 35 25 18 60 15 50 38 45 41 1 5 57 64 6 14 21 11 63 55 52 22 0 33 36 29 59 54 37 53 4 23 16 
64 57 6 14 21 11 63 55 52 22 62 48 68 58 43 46 19 20 24 13 17 7 39 42 44 27 49 34 2 67 28 61 3 51 32 31 10 69 30 9 12 35 25 18 60 15 50 38 41 45 5 1 29 59 36 33 40 47 16 23 4 53 65 66 56 8 26 37 54 0 
4 53 65 66 56 3 61 28 67 2 34 49 27 44 39 42 7 17 13 24 20 19 43 58 68 48 62 63 55 52 22 0 57 64 6 11 14 21 1 41 45 38 50 18 60 15 25 35 12 9 30 32 31 69 10 51 8 26 37 54 59 29 5 36 33 40 46 47 16 23 
59 37 54 12 35 25 60 15 18 50 41 45 5 1 38 29 36 33 0 64 57 6 14 21 11 63 55 52 22 62 48 68 46 19 43 58 47 40 16 24 20 13 17 7 39 42 44 27 49 34 2 4 23 53 65 66 56 67 28 61 3 51 32 31 69 10 30 9 26 8 
46 68 48 62 58 43 19 20 24 13 17 7 39 42 44 27 49 34 2 65 66 56 67 28 61 3 51 10 32 31 69 30 9 26 8 37 54 12 35 25 18 60 15 50 38 41 45 5 1 14 21 57 64 6 11 63 55 52 22 0 33 40 47 16 23 4 53 59 29 36 
20 42 39 44 7 17 13 24 16 47 40 46 19 43 58 68 48 62 52 22 55 63 11 6 14 21 1 5 45 41 38 50 18 15 60 25 35 12 9 30 8 26 37 54 59 29 36 57 64 0 33 23 4 53 65 66 56 51 32 31 69 10 3 61 28 67 34 49 27 2 
66 56 51 32 31 10 69 30 26 8 59 54 37 9 12 35 25 60 15 50 18 38 45 41 5 1 14 21 11 6 64 57 29 36 33 0 63 55 22 52 62 48 68 58 43 19 46 40 47 16 24 20 13 17 7 39 42 44 27 49 34 2 4 23 53 65 67 28 61 3 
25 18 60 15 50 38 45 41 1 5 29 36 57 64 6 14 21 11 63 55 52 22 62 48 68 46 43 58 19 20 24 13 17 7 39 42 44 27 49 34 67 28 61 3 56 66 65 2 16 47 40 33 0 23 4 53 59 37 54 12 9 30 31 69 10 32 51 8 26 35 
18 60 15 50 38 45 5 1 41 21 14 6 11 63 55 52 22 62 48 68 58 43 19 46 47 40 33 0 64 57 36 29 59 53 4 23 16 42 24 20 13 17 39 7 44 27 49 34 2 65 66 56 67 28 61 3 51 32 31 69 10 30 8 26 9 12 35 25 54 37 
20 13 17 39 42 24 16 47 40 46 19 43 58 68 48 62 52 22 55 63 11 21 14 6 64 57 0 33 36 29 5 1 45 38 50 41 15 18 60 25 35 12 9 30 8 26 37 54 59 53 4 23 2 65 66 56 51 32 10 69 31 3 28 67 61 49 34 27 44 7 
68 48 62 58 43 19 20 24 13 17 42 39 7 44 27 49 34 2 65 66 56 67 28 61 3 51 32 31 69 10 30 8 26 9 12 35 25 18 60 15 50 38 45 5 1 41 14 21 11 63 55 52 22 57 64 6 0 33 36 29 59 37 54 53 4 23 16 47 40 46 
29 36 33 0 64 6 11 55 63 52 22 62 48 68 46 19 43 58 40 47 16 24 20 13 17 7 39 42 44 27 49 34 2 65 66 56 67 28 61 3 51 32 31 69 10 8 26 30 9 12 35 25 18 60 15 50 38 45 5 1 41 21 14 57 59 37 54 53 4 23 
12 35 25 18 60 15 50 38 41 45 5 1 14 21 11 63 55 52 22 62 48 68 46 40 47 16 23 4 2 65 66 56 51 32 31 69 10 3 61 28 67 34 49 27 44 7 39 42 13 17 24 20 19 43 58 33 0 64 6 57 29 36 53 59 37 54 9 26 8 30 
23 4 53 65 66 56 67 28 61 3 51 32 31 10 69 30 26 8 9 37 54 12 35 25 18 60 15 50 38 45 5 1 41 21 14 6 64 57 29 36 33 0 11 63 55 52 22 62 48 68 43 58 19 46 40 47 16 24 20 13 17 7 39 42 44 27 49 34 2 59 
59 54 37 26 8 32 51 56 66 65 2 4 53 23 16 39 42 24 13 17 7 44 27 49 34 67 28 61 3 10 69 31 30 9 12 35 25 18 60 15 50 38 45 41 1 5 29 57 64 0 6 14 21 11 63 55 52 22 62 48 68 46 43 58 19 20 47 40 33 36 
53 4 23 2 65 66 56 51 32 31 10 69 30 9 12 35 25 18 60 15 50 38 41 1 45 5 29 36 33 0 64 57 6 11 14 21 63 52 22 55 62 48 68 46 19 43 58 40 47 16 42 24 20 13 17 39 7 44 27 49 34 67 28 61 3 8 26 37 54 59 
59 37 54 35 25 18 60 15 50 38 45 41 1 5 29 36 33 0 57 64 6 14 21 11 63 55 52 22 62 48 68 58 43 19 20 24 13 17 7 39 42 16 47 40 46 23 4 53 65 66 56 67 28 61 49 34 2 27 44 3 51 32 31 69 10 30 8 26 9 12 
33 0 64 57 36 29 5 45 41 1 14 21 6 11 63 55 22 52 62 68 48 58 43 19 46 40 47 16 13 17 7 39 42 24 20 44 27 49 34 2 65 66 56 67 28 61 3 51 32 31 10 69 30 8 26 9 12 35 25 18 60 15 50 38 54 37 59 53 4 23 
20 24 13 17 7 39 42 44 27 49 34 2 65 66 56 67 28 61 3 51 32 31 10 69 30 9 26 8 37 54 12 35 25 60 15 18 50 38 41 45 5 1 14 21 11 63 55 52 22 62 48 68 46 47 40 16 23 4 53 59 29 36 33 0 64 57 6 58 43 19 
51 56 66 65 2 4 23 16 47 40 33 0 64 57 6 14 21 1 5 45 41 38 50 18 60 15 25 35 12 9 30 8 26 37 54 59 53 36 29 11 63 55 52 22 62 48 68 46 43 58 19 20 24 13 17 7 39 42 44 27 49 34 67 28 61 3 32 31 69 10 
33 0 64 57 36 29 5 45 41 1 14 21 6 11 63 55 52 22 62 48 68 43 58 19 20 24 13 17 7 39 42 44 27 49 34 67 28 61 3 56 66 51 32 31 69 10 30 26 8 9 12 35 25 18 15 60 50 38 54 37 59 53 65 2 4 23 40 47 16 46 
55 63 52 22 62 48 68 58 43 46 19 20 24 13 17 42 39 7 44 27 49 34 28 61 3 56 66 65 67 2 4 23 36 29 5 45 38 41 50 18 15 60 25 35 12 9 30 10 69 31 32 51 8 26 37 54 59 53 16 47 40 33 0 64 6 11 14 21 1 57 
43 58 68 48 62 52 22 55 63 11 14 21 6 64 57 0 33 36 29 5 1 41 45 38 50 18 60 15 25 35 12 54 59 26 8 66 65 2 16 47 40 46 19 20 24 13 17 7 39 42 44 27 34 49 28 61 3 67 56 51 32 10 69 31 30 9 37 53 4 23 
23 4 53 65 66 56 67 28 61 3 51 32 31 69 10 30 8 26 9 12 35 25 18 15 60 50 38 45 5 1 14 21 41 54 37 59 57 64 0 33 36 29 6 11 63 55 52 22 62 48 68 43 58 46 19 20 24 13 17 7 39 42 44 27 49 34 2 16 47 40 
63 55 52 22 58 43 19 46 68 48 62 0 64 57 29 36 33 40 47 16 42 24 20 13 17 39 7 44 27 49 34 2 4 23 53 65 66 56 67 28 61 3 51 32 31 69 10 30 8 26 9 12 54 59 37 35 25 18 60 15 50 38 45 41 1 5 14 21 6 11 
29 5 1 45 38 50 15 60 18 25 35 12 9 37 54 59 36 57 64 0 6 11 63 55 52 22 62 48 68 43 58 19 46 40 47 16 42 24 20 13 17 7 39 44 27 49 34 2 65 66 56 67 28 61 3 51 32 31 10 69 30 8 26 53 4 23 33 14 21 41 
38 41 45 5 1 57 64 6 14 21 11 63 55 52 22 62 48 68 46 40 47 16 23 4 53 8 26 37 54 59 29 36 33 0 58 43 19 20 24 13 17 7 39 42 44 27 49 34 2 65 66 56 67 28 61 3 51 32 31 69 10 30 9 12 35 25 18 60 15 50 
69 10 32 31 30 8 26 9 12 35 25 18 60 15 50 38 45 41 1 5 57 0 64 6 14 21 11 63 55 52 22 62 48 68 58 43 19 46 47 40 33 36 29 59 54 37 53 4 23 16 24 20 13 17 7 39 42 44 27 49 28 61 3 56 66 65 2 34 67 51 
20 24 13 17 7 39 42 44 27 49 34 2 65 66 56 67 28 61 3 51 32 31 10 69 30 9 26 8 53 4 23 16 47 40 46 68 48 62 52 22 55 63 11 14 21 1 41 45 38 50 18 60 15 25 35 12 54 37 59 29 5 57 64 6 0 36 33 58 43 19 
10 69 31 32 51 56 66 65 2 4 23 53 59 54 37 26 8 30 9 12 35 25 18 60 15 50 41 1 5 45 38 29 36 33 0 64 57 6 14 21 11 63 55 52 22 62 48 68 58 43 19 46 47 40 16 24 20 13 17 39 42 44 7 27 61 28 67 49 34 3 
64 6 57 0 33 36 29 5 1 21 14 11 63 55 52 22 62 48 68 46 43 58 19 20 24 13 17 7 39 42 44 27 49 34 2 65 66 56 67 28 61 3 51 10 69 31 32 30 26 8 9 12 35 25 18 60 15 50 41 45 38 54 37 59 53 4 23 40 47 16 
14 21 1 41 45 5 29 36 33 0 64 57 6 11 63 55 52 22 48 62 58 43 19 46 68 40 47 16 20 24 13 17 7 39 42 44 27 49 34 2 4 23 53 65 66 56 67 28 61 3 51 32 31 10 69 30 8 26 9 12 54 37 59 38 50 18 60 15 25 35 
53 37 54 12 35 25 18 60 15 50 38 41 45 5 1 14 21 57 64 6 11 63 55 52 22 62 48 68 46 43 58 19 20 24 13 17 7 39 42 44 27 49 34 2 65 66 56 67 28 61 3 51 32 31 69 10 30 26 8 9 59 29 36 0 33 40 47 16 23 4 
59 37 54 12 35 25 18 60 15 50 38 41 45 5 1 57 64 6 11 14 21 29 36 33 0 63 55 52 22 62 48 68 58 43 19 46 40 47 16 42 39 13 17 20 24 7 44 27 49 34 2 4 23 53 65 66 56 67 28 61 3 51 32 31 69 10 30 8 26 9 
21 14 1 5 29 36 33 0 64 57 6 11 63 55 52 22 62 48 68 46 43 58 40 47 19 20 24 16 42 39 17 13 7 44 27 49 34 2 4 23 53 65 66 56 67 28 61 3 51 32 31 10 69 30 9 26 8 37 54 12 35 25 18 60 15 50 41 45 38 59 
47 40 33 0 64 57 36 29 5 45 50 15 60 25 18 38 41 1 21 14 6 11 63 52 55 22 62 48 68 58 43 19 20 24 13 17 7 44 27 49 34 2 65 66 56 67 28 61 3 51 32 31 69 10 30 8 26 37 9 12 35 54 59 53 4 23 16 42 39 46 
16 47 40 33 0 64 57 36 29 5 1 41 45 38 50 18 60 15 25 35 12 54 37 9 26 8 30 32 31 69 10 51 56 66 65 2 4 23 53 59 21 14 6 11 63 55 52 22 62 48 68 43 58 46 19 20 24 13 17 7 39 42 44 27 49 34 67 28 61 3 
40 47 16 42 24 13 17 39 7 44 27 49 34 67 28 61 3 10 69 31 32 51 56 66 65 2 4 53 23 33 0 6 64 57 36 29 5 1 41 45 38 59 54 37 26 8 30 9 12 35 25 18 60 15 50 21 14 11 63 55 52 22 62 48 68 46 19 20 43 58 
16 47 40 46 68 48 62 58 43 19 20 24 13 17 7 44 39 42 27 49 34 2 65 66 56 67 28 61 3 51 32 31 69 10 8 26 30 9 37 54 12 35 25 60 15 18 50 38 45 41 1 5 29 57 64 6 14 21 11 63 55 52 22 0 33 36 59 53 4 23 
43 58 68 46 19 20 24 13 17 7 39 42 44 27 49 34 2 65 66 56 67 28 61 3 51 32 31 69 10 30 26 8 9 12 35 25 60 15 18 50 38 45 41 1 5 57 64 0 33 40 47 16 23 4 53 59 37 54 29 36 6 14 21 11 63 55 52 22 62 48 
27 49 34 2 65 66 56 67 28 61 3 51 32 31 69 10 30 9 12 54 35 25 18 60 15 50 38 45 41 1 5 29 36 57 64 0 33 40 46 43 58 68 48 62 52 22 55 63 11 6 14 21 59 37 26 8 53 4 23 16 47 19 20 24 42 39 13 17 7 44 
42 39 13 17 7 44 27 49 34 2 65 66 56 67 28 61 3 51 32 31 10 69 30 8 26 9 12 54 37 59 53 4 23 33 0 64 6 57 36 29 5 45 38 1 41 50 18 60 15 25 35 21 14 11 63 55 52 22 62 48 68 58 43 19 20 24 46 40 47 16 
8 26 37 54 35 25 18 60 15 50 38 45 5 1 41 14 21 11 6 57 64 0 33 36 29 59 53 4 23 16 47 40 46 68 48 62 52 22 55 63 58 43 19 20 24 42 39 13 17 7 44 27 49 34 2 65 66 56 67 28 61 3 51 32 31 10 69 30 9 12 
22 55 52 63 11 6 14 21 1 41 45 5 29 36 57 64 0 33 40 47 46 19 20 24 42 39 7 17 13 44 27 49 34 2 65 66 56 67 28 61 3 51 32 31 69 10 30 8 26 9 37 54 12 35 25 18 60 15 50 38 59 53 4 23 16 43 58 48 68 62 
22 55 52 63 11 6 14 21 1 41 45 5 29 36 57 64 0 33 40 47 46 19 20 24 42 39 7 17 13 44 27 49 34 2 65 66 56 67 28 61 3 51 32 31 69 10 30 8 26 9 37 54 12 35 25 18 60 15 50 38 59 53 4 23 16 43 58 48 68 62 
58 43 46 19 20 24 13 17 7 42 39 44 27 49 34 2 65 66 56 67 28 61 3 51 32 31 69 10 30 8 26 9 37 54 12 35 25 18 60 15 50 41 45 38 5 14 21 1 6 11 64 0 33 36 57 29 59 53 23 4 16 47 40 68 48 62 63 55 52 22 
17 13 24 20 19 46 43 58 68 48 62 52 22 55 63 11 6 14 21 1 5 45 41 38 50 18 60 15 25 35 12 54 37 59 29 36 0 64 57 33 40 47 16 65 66 56 67 28 61 3 51 32 31 69 10 30 9 26 8 53 23 4 2 34 49 27 44 39 42 7 
14 21 1 41 38 45 5 29 36 33 0 64 57 6 11 63 55 52 22 62 48 68 46 43 58 19 20 24 13 17 7 39 42 44 27 49 34 2 4 23 40 47 16 53 65 66 56 67 28 61 3 51 32 31 10 69 30 8 26 9 12 35 25 18 50 15 60 54 37 59 
64 57 29 5 45 41 1 21 14 6 11 63 55 52 22 62 48 68 46 43 58 40 47 19 20 16 24 13 17 7 39 42 44 27 49 34 2 65 66 56 67 28 61 3 51 32 31 10 69 30 26 8 9 37 54 12 35 25 18 60 15 50 38 59 23 4 53 33 36 0 
69 10 31 32 51 56 66 65 2 67 3 61 28 49 34 27 44 7 39 42 24 13 17 20 19 43 58 48 62 52 22 55 63 11 14 21 1 5 45 38 41 50 18 60 15 25 35 12 54 37 59 29 57 0 64 6 36 33 40 47 46 68 16 23 4 53 26 8 9 30 
8 26 37 54 12 35 25 18 15 60 50 38 45 41 5 1 14 21 6 57 64 0 11 63 55 52 22 62 48 68 46 40 47 16 42 39 44 7 17 13 20 24 19 43 58 33 36 29 59 53 23 4 2 65 66 56 67 34 49 27 28 61 3 51 32 31 69 10 30 9 
3 61 28 67 34 49 27 44 42 39 7 17 13 24 20 19 43 58 68 48 62 63 52 22 55 11 6 64 57 0 33 36 29 5 45 38 14 21 1 41 50 18 60 15 25 35 12 9 37 54 59 53 4 23 40 47 46 16 2 65 66 56 51 32 31 69 10 30 26 8 
17 13 39 42 44 27 49 34 2 65 66 56 67 28 61 3 51 32 31 69 10 30 8 26 37 9 12 35 25 18 60 15 50 38 45 41 1 5 57 64 6 14 21 11 63 55 52 22 0 33 36 29 59 54 53 4 23 16 47 40 46 68 48 62 58 43 19 20 24 7 
58 68 40 47 46 19 20 24 13 17 7 39 42 16 44 27 49 34 2 4 23 53 65 66 56 67 28 61 3 51 32 31 69 10 30 8 26 9 12 35 25 54 37 59 45 41 38 50 18 60 15 21 14 6 64 57 0 33 36 29 5 1 11 63 52 55 22 62 48 43 
46 68 48 62 58 43 19 20 24 13 17 7 39 42 44 27 49 34 2 65 66 56 67 28 61 3 51 10 32 31 69 30 9 26 8 37 54 12 35 25 18 60 15 50 38 41 45 5 1 14 21 57 64 6 11 63 55 52 22 0 33 40 47 16 23 4 53 59 29 36 
38 41 1 45 5 6 64 57 29 36 33 0 62 48 68 46 19 20 24 42 39 13 17 7 44 27 49 34 2 65 66 56 67 28 61 3 51 32 31 69 10 30 26 8 9 12 35 25 18 60 15 50 54 37 59 53 4 23 40 47 16 43 58 22 52 55 63 11 14 21 
32 31 69 10 51 56 66 65 2 4 23 53 59 54 37 26 8 30 9 12 35 25 18 60 15 50 38 41 45 5 1 57 6 64 0 33 36 29 14 21 11 63 55 52 22 62 48 68 46 19 43 58 40 47 16 24 20 13 17 7 39 42 44 27 49 34 67 28 61 3 
58 43 19 46 68 48 62 52 22 55 63 11 14 21 1 5 45 41 38 50 18 60 15 25 35 12 54 26 8 53 4 23 16 47 40 33 0 64 6 57 29 36 59 37 9 30 69 10 32 31 51 3 61 28 67 56 66 65 2 34 49 27 44 7 39 42 24 13 17 20 
16 24 20 13 17 42 39 7 44 27 49 34 2 65 66 56 67 28 61 3 51 32 31 69 10 30 9 26 8 37 54 12 35 25 18 60 15 50 38 45 5 1 14 21 41 57 64 6 11 63 55 52 22 62 48 68 58 43 19 46 40 47 23 4 53 59 29 36 0 33 
2 65 66 56 67 28 61 3 51 32 31 10 69 30 26 8 9 12 35 25 18 60 15 50 38 45 41 1 5 57 64 6 14 21 11 63 55 52 22 0 33 36 29 59 37 54 53 4 23 40 47 46 68 48 62 58 43 19 20 24 13 17 7 39 42 16 44 27 49 34 
27 49 34 2 4 53 65 66 56 67 28 61 3 51 32 10 69 31 30 26 8 37 54 38 45 5 1 14 21 41 50 15 60 18 25 35 12 9 59 29 36 33 0 64 57 6 11 63 55 22 52 62 48 68 43 58 19 46 47 40 23 16 42 24 20 13 17 7 39 44 
45 41 1 5 29 36 57 64 6 11 63 52 22 55 0 33 40 47 46 68 48 62 58 43 19 20 24 42 39 7 17 13 16 34 49 27 44 3 61 28 67 56 66 65 2 4 23 53 59 54 37 26 8 51 32 31 10 69 30 9 12 35 25 18 60 15 50 38 21 14 
41 45 38 50 18 60 15 21 14 1 5 29 57 0 64 6 11 63 52 55 22 62 48 68 43 58 46 19 20 24 16 42 39 13 17 7 44 27 49 34 2 65 66 56 67 28 61 3 51 32 31 10 69 30 8 26 37 9 12 35 25 54 59 53 4 23 40 47 33 36 
40 46 68 48 62 58 43 19 20 24 13 17 42 39 7 44 27 49 34 2 4 23 33 36 57 6 64 0 63 55 52 22 11 14 21 1 41 45 5 29 38 50 18 15 60 25 35 12 9 30 8 26 37 54 59 53 65 66 56 51 32 31 69 10 3 28 61 67 16 47 
16 47 40 46 68 48 62 58 43 19 20 24 13 17 7 39 42 44 27 49 34 2 65 66 56 67 28 61 3 51 32 10 69 31 30 9 54 12 35 25 18 60 15 50 38 45 41 5 1 14 21 6 64 57 29 36 33 0 63 52 22 55 11 59 37 26 8 53 4 23 
19 20 24 42 39 13 17 7 44 27 49 34 2 4 23 53 65 66 56 67 28 61 3 51 32 31 69 10 30 8 26 9 12 54 59 37 35 25 18 60 15 50 38 41 45 5 1 14 21 6 64 57 0 33 36 29 11 63 55 52 22 62 48 68 46 43 58 40 47 16 
51 32 31 10 69 30 9 26 8 66 65 2 53 4 23 33 0 64 57 29 36 59 37 54 12 35 25 18 60 15 50 38 45 5 1 14 21 41 11 6 63 55 52 22 62 48 68 58 43 19 46 40 47 16 24 20 13 17 7 39 42 44 27 49 34 67 28 61 3 56 
69 10 32 31 30 9 12 35 25 18 15 60 50 38 41 45 5 1 14 21 11 6 64 57 29 36 33 0 63 55 52 22 62 48 68 46 43 58 19 20 24 13 17 7 44 39 42 16 47 40 23 4 53 59 37 54 26 8 56 67 28 61 49 27 34 2 65 66 3 51 
40 47 46 19 20 24 13 17 7 44 39 42 16 2 65 66 56 67 28 61 49 34 27 3 51 32 31 10 69 30 9 26 8 53 4 23 33 36 29 45 41 50 18 15 60 25 35 12 54 37 59 38 5 1 21 14 6 64 57 0 11 63 55 52 22 62 48 68 43 58 
25 18 60 15 50 38 45 41 1 5 14 21 6 11 63 55 52 22 62 48 68 43 58 19 46 40 47 16 24 20 13 17 42 39 7 44 27 49 34 2 65 66 56 67 28 61 3 51 32 31 10 69 30 9 37 54 59 29 33 0 64 57 36 23 4 53 8 26 12 35 
1 14 21 50 18 15 60 25 35 12 54 45 5 29 36 33 0 64 57 6 11 63 55 52 22 62 48 68 43 58 46 19 20 24 13 17 7 39 42 44 27 61 28 67 56 66 65 53 4 23 16 47 40 2 34 49 3 51 10 69 31 32 30 8 26 9 37 59 38 41 
39 42 24 13 17 7 44 27 49 34 2 65 66 56 67 28 61 3 51 32 31 10 69 30 9 26 8 37 54 12 35 25 18 60 15 50 38 59 53 4 23 16 47 46 40 33 36 57 29 5 45 41 1 14 21 11 6 64 0 63 55 52 22 62 48 68 43 58 19 20 
59 54 37 9 12 35 25 18 60 15 50 38 41 45 5 1 14 21 11 63 55 52 22 62 48 68 43 58 47 40 46 19 20 24 13 17 7 39 42 44 27 49 34 2 65 66 56 67 28 61 3 51 32 10 69 31 30 8 26 53 4 23 16 33 0 64 57 6 36 29 
16 47 40 33 36 29 5 45 38 50 18 60 15 25 35 12 9 26 8 30 32 31 69 10 51 56 66 65 2 4 23 53 59 37 54 41 21 14 1 6 64 57 0 11 63 55 52 22 62 48 68 58 43 46 19 20 24 13 17 7 39 42 44 27 49 28 61 3 67 34 
20 24 13 17 7 39 42 44 27 49 34 2 65 66 56 67 28 61 3 51 32 31 10 69 30 9 12 35 25 18 60 15 50 38 29 36 57 64 0 33 40 47 46 68 48 62 52 22 55 63 11 6 14 21 1 41 45 5 59 54 37 26 8 53 4 23 16 19 43 58 
33 36 29 57 0 64 6 1 14 21 11 63 55 52 22 62 48 68 43 58 19 46 47 40 20 24 13 17 7 42 39 44 27 49 34 2 65 66 56 67 28 61 3 51 32 31 10 69 30 8 26 9 37 54 12 35 25 18 60 15 50 38 45 41 5 59 53 4 23 16 
62 48 68 46 43 58 19 20 24 13 17 7 39 42 44 27 49 34 2 65 66 56 67 28 61 3 51 32 31 69 10 30 9 12 35 25 60 15 18 50 38 45 41 1 5 29 36 57 64 0 33 40 47 16 23 4 53 8 26 37 54 59 21 14 6 11 63 55 52 22 
12 35 25 60 18 15 50 41 38 45 5 29 36 33 0 64 57 6 14 21 1 11 63 55 52 22 62 48 68 43 58 19 46 40 47 16 39 42 20 24 13 17 7 44 27 49 34 2 4 23 53 65 66 56 67 28 61 3 51 32 31 10 69 30 9 26 8 37 54 59 
48 68 43 58 19 47 40 46 20 13 17 7 39 42 24 16 44 27 49 34 2 65 66 56 67 28 61 3 51 32 10 69 31 30 8 26 9 12 35 25 18 60 15 50 38 45 41 1 5 29 57 6 64 0 33 36 23 4 53 59 37 54 21 14 11 63 55 52 22 62 
56 66 65 4 23 36 33 0 64 57 29 5 45 41 1 14 21 6 11 63 55 52 22 62 48 68 58 43 19 46 40 47 16 24 20 13 17 7 39 42 44 27 49 34 67 28 61 3 51 32 10 69 31 30 9 12 35 25 18 60 15 50 38 59 54 37 26 8 53 2 
11 6 64 14 21 1 5 45 41 38 50 18 15 60 25 35 12 54 37 26 8 9 30 31 69 10 32 51 3 61 49 34 2 4 23 16 47 40 46 68 48 62 58 43 19 20 13 17 24 42 39 7 44 27 28 67 56 66 65 53 59 29 36 33 0 57 63 52 22 55 
19 20 24 13 17 7 39 42 44 27 49 34 2 4 23 36 33 40 47 16 53 65 66 56 67 28 61 3 51 32 31 69 10 30 8 26 9 12 35 25 60 15 50 18 54 37 59 29 5 45 38 41 1 14 21 6 64 0 57 11 63 55 52 22 62 48 68 46 43 58 
16 47 40 46 68 48 62 52 22 55 63 11 6 64 57 0 33 36 29 5 1 14 21 41 45 38 50 18 60 15 25 35 12 9 30 8 26 37 54 59 53 4 23 2 65 66 56 51 32 31 10 69 3 61 28 67 34 49 27 44 39 42 24 13 17 7 20 19 43 58 
47 40 46 68 48 62 58 43 19 20 24 13 17 7 39 42 44 27 49 34 2 65 66 56 67 28 61 3 51 32 31 69 10 30 9 26 8 37 54 12 35 25 18 15 60 50 38 45 5 29 36 33 0 64 6 63 55 52 22 11 14 21 1 41 57 59 53 4 23 16 
29 36 33 0 64 57 5 45 41 1 14 21 6 11 63 55 52 22 62 48 68 43 58 19 46 47 40 16 42 39 7 17 13 24 20 44 27 49 34 2 4 23 53 65 66 56 67 28 61 3 51 32 31 69 10 8 26 30 9 12 35 25 18 60 15 50 38 54 37 59 
17 13 7 39 42 44 27 49 34 2 65 66 56 67 28 61 3 51 32 31 69 10 30 26 8 9 12 35 25 18 60 15 50 41 45 5 29 36 57 64 0 33 23 4 53 59 37 54 38 1 14 21 6 11 63 55 52 22 62 48 68 46 19 58 43 40 47 16 24 20 
16 47 40 46 68 48 62 58 43 19 20 24 13 17 7 39 42 44 27 49 34 2 65 66 56 67 28 61 3 51 32 31 69 10 30 9 26 8 37 54 12 35 25 18 60 15 50 38 41 45 5 29 57 36 33 0 64 6 11 63 52 55 22 21 14 1 59 53 4 23 
67 28 61 3 2 65 66 56 51 32 31 10 69 30 26 8 9 12 35 25 18 60 15 50 38 45 41 1 5 29 57 64 0 33 36 23 4 53 59 37 54 14 21 11 6 63 55 52 22 62 48 68 58 43 19 46 40 47 16 42 24 20 13 17 7 39 44 27 49 34 
26 8 53 4 23 33 0 64 57 36 29 5 45 41 1 14 21 6 11 63 55 52 22 62 48 68 46 47 40 43 58 19 20 24 13 17 42 39 7 44 27 49 34 16 2 65 66 56 67 28 61 3 51 32 31 69 10 30 9 12 35 25 18 60 15 50 38 54 37 59 
37 9 12 35 25 18 60 15 50 38 41 45 5 1 6 14 21 11 63 55 52 22 62 48 68 46 47 40 23 4 53 65 66 56 51 32 31 10 69 30 26 8 3 61 28 67 49 27 34 2 16 42 39 44 7 17 13 24 20 19 43 58 33 36 57 64 0 29 59 54 
40 46 68 48 62 58 43 19 20 24 13 17 7 39 42 44 27 49 34 2 65 66 56 67 28 61 3 51 32 31 69 10 8 26 30 9 12 35 25 18 60 15 50 41 38 45 5 1 21 14 11 63 55 52 22 6 64 57 0 33 36 29 59 37 54 53 4 23 47 16 
15 60 18 25 35 12 54 37 59 29 57 0 64 6 11 63 55 52 22 62 48 68 58 43 19 46 40 47 16 24 20 13 17 7 39 42 44 27 49 34 2 65 66 56 67 28 61 3 51 32 31 69 10 30 8 26 9 53 4 23 36 33 14 21 1 45 5 38 41 50 
47 40 46 68 48 62 58 43 19 20 24 13 17 7 39 42 44 27 49 34 2 65 66 56 67 28 61 3 51 32 31 69 10 8 26 30 9 37 54 12 35 25 18 60 15 50 38 5 29 36 33 0 57 64 6 14 21 11 63 55 52 22 1 41 45 59 53 4 23 16 
53 4 23 36 33 40 16 47 46 68 48 62 58 43 19 20 24 42 39 13 17 7 44 27 49 34 2 65 66 56 67 28 61 3 51 32 31 69 10 30 9 12 35 25 18 60 15 50 38 45 41 57 64 0 63 55 52 22 11 6 14 21 1 5 29 59 37 54 26 8 
59 37 54 12 35 25 18 60 15 50 38 45 5 1 41 21 14 6 11 63 55 52 22 0 64 57 36 33 40 47 46 68 48 62 58 43 19 20 24 13 17 7 39 42 44 27 49 34 2 65 66 56 67 28 61 3 51 32 31 10 69 30 9 26 8 53 4 23 16 29 
17 13 20 24 42 39 7 44 27 49 34 2 65 66 56 67 28 61 3 51 32 31 69 10 30 26 8 9 37 54 12 35 25 18 60 15 50 38 41 45 5 1 14 21 6 11 63 52 55 22 62 48 68 43 58 19 46 47 40 33 0 64 57 36 29 59 53 4 23 16 
15 60 18 50 38 45 41 1 5 29 36 33 40 47 16 39 42 24 20 13 17 7 44 27 49 34 2 4 23 53 65 66 56 67 28 61 3 51 32 31 10 69 30 8 26 9 12 35 25 54 37 59 57 6 64 0 62 48 68 46 19 43 58 22 52 55 63 11 14 21 
