23 22 24 19 17 21 10 15 16 9 1 4 3 14 20 0 11 18 7 6 13 12 5 8 2 
11 0 20 14 3 4 1 9 16 15 10 21 17 19 24 22 23 2 8 5 12 13 6 7 18 
8 2 23 22 24 19 17 21 10 15 16 9 1 4 3 14 20 0 11 18 7 6 13 12 5 
8 2 23 22 24 19 17 21 10 15 16 9 1 4 3 14 20 0 11 18 7 6 13 12 5 
6 13 12 5 8 2 23 22 24 19 17 21 10 15 16 9 1 4 3 14 20 0 11 18 7 
6 13 12 5 8 2 23 22 24 19 17 21 10 15 16 9 1 4 3 14 20 0 11 18 7 
6 13 12 5 8 2 23 22 24 19 17 21 10 15 16 9 1 4 3 14 20 0 11 18 7 
10 15 16 9 1 4 3 14 20 0 11 18 7 6 13 12 5 8 2 23 22 24 19 17 21 
15 16 9 1 4 3 14 20 0 11 18 7 6 13 12 5 8 2 23 22 24 21 17 19 10 
16 15 10 21 17 19 24 22 23 2 8 5 12 13 6 7 18 11 0 20 14 3 4 1 9 
16 15 10 21 17 19 24 22 23 2 8 5 12 13 6 7 18 11 0 20 14 3 4 1 9 
16 15 10 21 17 19 24 22 23 2 8 5 12 13 6 7 18 11 0 20 14 3 4 1 9 
7 18 11 0 20 14 3 4 1 9 16 15 10 21 17 19 24 22 23 2 8 5 12 13 6 
7 18 11 0 20 14 3 4 1 9 16 15 10 21 17 19 24 22 23 2 8 5 12 13 6 
24 19 17 21 10 15 16 9 1 4 3 14 20 0 11 18 7 6 13 12 5 8 2 23 22 
24 19 17 21 10 15 16 9 1 4 3 14 20 0 11 18 7 6 13 12 5 8 2 23 22 
15 16 9 1 4 3 14 20 0 11 18 7 6 13 12 5 8 2 23 22 24 19 17 21 10 
15 16 9 1 4 3 14 20 0 11 18 7 6 13 12 5 8 2 23 22 24 19 17 21 10 
19 17 21 10 15 16 9 1 4 3 14 20 0 11 18 7 6 13 12 5 8 2 23 22 24 
19 17 21 10 15 16 9 1 4 3 14 20 0 11 18 7 6 13 12 5 8 2 23 22 24 
19 17 21 10 15 16 9 1 4 3 14 20 0 11 18 7 6 13 12 5 8 2 23 22 24 
24 19 17 21 10 15 16 9 1 4 3 14 20 0 11 18 7 6 13 12 5 8 2 23 22 
24 19 17 21 10 15 16 9 1 4 3 14 20 0 11 18 7 6 13 12 5 8 2 23 22 
24 19 17 21 10 15 16 9 1 4 3 14 20 0 11 18 7 6 13 12 5 8 2 23 22 
20 14 3 4 1 9 16 15 10 21 17 19 24 22 23 2 8 5 12 13 6 7 18 11 0 
20 14 3 4 1 9 16 15 10 21 17 19 24 22 23 2 8 5 12 13 6 7 18 11 0 
20 14 3 4 1 9 16 15 10 21 17 19 24 22 23 2 8 5 12 13 6 7 18 11 0 
9 1 4 3 14 20 0 11 18 7 6 13 12 5 8 2 23 22 24 19 17 21 10 15 16 
9 1 4 3 14 20 0 11 18 7 6 13 12 5 8 2 23 22 24 19 17 21 10 15 16 
8 2 23 22 24 19 17 21 10 15 16 9 1 4 3 14 20 0 11 18 7 6 13 12 5 
8 2 23 22 24 19 17 21 10 15 16 9 1 4 3 14 20 0 11 18 7 6 13 12 5 
8 2 23 22 24 19 17 21 10 15 16 9 1 4 3 14 20 0 11 18 7 6 13 12 5 
4 3 14 20 0 11 18 7 6 13 12 5 8 2 23 22 24 19 17 21 10 15 16 9 1 
9 1 4 3 14 20 0 11 18 7 6 13 12 5 8 2 23 22 24 19 17 21 10 15 16 
9 1 4 3 14 20 0 11 18 7 6 13 12 5 8 2 23 22 24 19 17 21 10 15 16 
23 22 24 19 17 21 10 15 16 9 1 4 3 14 20 0 11 18 7 6 13 12 5 8 2 
2 23 22 24 19 17 21 10 15 16 9 1 4 3 14 20 0 11 18 7 6 13 12 5 8 
24 19 17 21 10 15 16 9 1 4 3 14 20 0 11 18 7 6 13 12 5 8 2 23 22 
19 17 21 10 15 16 9 1 4 3 14 20 0 11 18 7 6 13 12 5 8 2 23 22 24 
19 17 21 10 15 16 9 1 4 3 14 20 0 11 18 7 6 13 12 5 8 2 23 22 24 
19 17 21 10 15 16 9 1 4 3 14 20 0 11 18 7 6 13 12 5 8 2 23 22 24 
23 22 24 19 17 21 10 15 16 9 1 4 3 14 20 0 11 18 7 6 13 12 5 8 2 
23 22 24 19 17 21 10 15 16 9 1 4 3 14 20 0 11 18 7 6 13 12 5 8 2 
23 22 24 19 17 21 10 15 16 9 1 4 3 14 20 0 11 18 7 6 13 12 5 8 2 
17 21 10 15 16 9 1 4 3 14 20 13 0 11 18 7 6 12 5 8 2 23 22 24 19 
17 21 10 15 16 9 1 4 3 14 20 13 0 11 18 7 6 12 5 8 2 23 22 24 19 
17 21 10 15 16 9 1 4 3 14 20 0 11 18 7 6 13 12 5 8 2 23 22 24 19 
20 14 3 4 1 9 16 15 10 21 17 19 24 22 23 2 8 5 12 13 6 7 18 11 0 
20 14 3 4 1 9 16 15 10 21 17 19 24 22 23 2 8 5 12 13 6 7 18 11 0 
20 14 3 4 1 9 16 15 10 21 17 19 24 22 23 2 8 5 12 13 6 7 18 11 0 
24 19 17 21 10 15 16 9 1 4 3 14 20 13 0 11 18 7 6 12 5 8 2 23 22 
23 2 8 5 12 13 6 7 18 11 0 20 14 3 4 1 9 16 15 10 21 17 19 24 22 
23 2 8 5 12 13 6 7 18 11 0 20 14 3 4 1 9 16 15 10 21 17 19 24 22 
23 2 8 5 12 13 6 7 18 11 0 20 14 3 4 1 9 16 15 10 21 17 19 24 22 
24 19 17 21 10 15 16 9 1 4 3 14 20 0 11 18 7 6 13 12 5 8 2 23 22 
10 15 16 9 1 4 3 14 20 0 11 18 7 6 13 12 5 8 2 23 22 24 19 17 21 
10 15 16 9 1 4 3 14 20 0 11 18 7 6 13 12 5 8 2 23 22 24 19 17 21 
10 15 16 9 1 4 3 14 20 0 11 18 7 6 13 12 5 8 2 23 22 24 19 17 21 
12 13 6 7 18 11 0 20 14 3 4 1 9 16 15 10 21 17 19 24 22 23 2 8 5 
12 13 6 7 18 11 0 20 14 3 4 1 9 16 15 10 21 17 19 24 22 23 2 8 5 
7 18 11 0 20 14 3 4 1 9 16 15 10 21 17 19 24 22 23 2 8 5 12 13 6 
24 19 17 21 10 15 16 9 1 4 3 14 20 0 11 18 7 6 13 12 5 8 2 23 22 
24 19 17 21 10 15 16 9 1 4 3 14 20 0 11 18 7 6 13 12 5 8 2 23 22 
24 19 17 21 10 15 16 9 1 4 3 14 20 0 11 18 7 6 13 12 5 8 2 23 22 
19 17 21 10 15 16 9 1 4 3 14 20 0 11 18 7 6 13 12 5 8 2 23 22 24 
19 17 21 10 15 16 9 1 4 3 14 20 0 11 18 7 6 13 12 5 8 2 23 22 24 
19 17 21 10 15 16 9 1 4 3 14 20 0 11 18 7 6 13 12 5 8 2 23 22 24 
24 19 17 21 10 15 16 9 1 4 3 14 20 0 11 18 7 6 13 12 5 8 2 23 22 
24 19 17 21 10 15 16 9 1 4 3 14 20 0 11 18 7 6 13 12 5 8 2 23 22 
24 19 17 21 10 15 16 9 1 4 3 14 20 0 11 18 7 6 13 12 5 8 2 23 22 
21 17 19 24 22 23 2 8 5 12 13 6 7 18 11 0 20 14 3 4 1 9 16 15 10 
21 17 19 24 22 23 2 8 5 12 13 6 7 18 11 0 20 14 3 4 1 9 16 15 10 
22 24 19 17 21 10 15 16 9 1 4 3 14 20 0 11 18 7 6 13 12 5 8 2 23 
3 14 20 0 11 18 7 6 13 12 5 8 2 23 22 24 19 17 21 10 15 16 9 1 4 
3 14 20 0 11 18 7 6 13 12 5 8 2 23 22 24 19 17 21 10 15 16 9 1 4 
12 6 7 18 11 0 13 20 14 3 4 1 9 16 15 10 21 17 19 24 22 23 2 8 5 
12 6 7 18 11 0 13 20 14 3 4 1 9 16 15 10 21 17 19 24 22 23 2 8 5 
12 6 7 18 11 0 13 20 14 3 4 1 9 16 15 10 21 17 19 24 22 23 2 8 5 
23 22 24 21 17 19 10 15 16 9 1 4 3 14 20 0 11 18 7 6 13 12 5 8 2 
23 22 24 21 17 19 10 15 16 9 1 4 3 14 20 0 11 18 7 6 13 12 5 8 2 
24 19 17 21 10 15 16 9 1 4 3 14 20 0 11 18 7 6 13 12 5 8 2 23 22 
24 19 17 21 10 15 16 9 1 4 3 14 20 0 11 18 7 6 13 12 5 8 2 23 22 
24 19 17 21 10 15 16 9 1 4 3 14 20 0 11 18 7 6 13 12 5 8 2 23 22 
24 19 17 21 10 15 16 9 1 4 3 14 20 0 11 18 7 6 13 12 5 8 2 23 22 
6 13 12 5 8 2 23 22 24 19 17 21 10 15 16 9 1 4 3 14 20 0 11 18 7 
6 13 12 5 8 2 23 22 24 19 17 21 10 15 16 9 1 4 3 14 20 0 11 18 7 
6 13 12 5 8 2 23 22 24 19 17 21 10 15 16 9 1 4 3 14 20 0 11 18 7 
16 9 1 4 3 14 20 0 11 18 7 6 13 12 5 8 2 23 22 24 19 17 21 10 15 
16 9 1 4 3 14 20 0 11 18 7 6 13 12 5 8 2 23 22 24 19 17 21 10 15 
24 19 17 21 10 15 16 9 1 4 3 14 20 0 11 18 7 6 13 12 5 8 2 23 22 
12 5 8 2 23 22 24 19 17 21 10 15 16 9 1 4 3 14 20 0 11 18 7 6 13 
12 5 8 2 23 22 24 19 17 21 10 15 16 9 1 4 3 14 20 0 11 18 7 6 13 
12 6 7 18 11 0 13 20 14 3 4 1 9 16 15 10 21 17 19 24 22 23 2 8 5 
21 17 19 24 22 23 2 8 5 12 13 0 11 18 7 6 20 14 3 4 1 9 16 15 10 
24 19 17 21 10 15 16 9 1 4 3 14 20 0 11 18 7 6 13 12 5 8 2 23 22 
24 19 17 21 10 15 16 9 1 4 3 14 20 0 11 18 7 6 13 12 5 8 2 23 22 
24 19 17 21 10 15 16 9 1 4 3 14 20 0 11 18 7 6 13 12 5 8 2 23 22 
24 19 17 21 10 15 16 9 1 4 3 14 20 0 11 18 7 6 13 12 5 8 2 23 22 
17 21 10 15 16 9 1 4 3 14 20 0 11 18 7 6 13 12 5 8 2 23 22 24 19 
17 21 10 15 16 9 1 4 3 14 20 0 11 18 7 6 13 12 5 8 2 23 22 24 19 
