50
0 0 0
0 1 144
0 2 177
0 3 120
0 4 105
0 5 64
0 6 193
0 7 159
0 8 124
0 9 87
0 10 99
0 11 61
0 12 90
0 13 155
0 14 175
0 15 69
0 16 168
0 17 184
0 18 159
0 19 55
0 20 106
0 21 51
0 22 102
0 23 129
0 24 58
0 25 172
0 26 100
0 27 115
0 28 141
0 29 153
0 30 62
0 31 109
0 32 69
0 33 173
0 34 177
0 35 160
0 36 190
0 37 191
0 38 67
0 39 107
0 40 114
0 41 129
0 42 153
0 43 180
0 44 186
0 45 174
0 46 66
0 47 51
0 48 183
0 49 159
1 0 183
1 1 0
1 2 137
1 3 181
1 4 153
1 5 54
1 6 126
1 7 107
1 8 181
1 9 140
1 10 169
1 11 165
1 12 150
1 13 124
1 14 169
1 15 193
1 16 151
1 17 99
1 18 63
1 19 135
1 20 113
1 21 160
1 22 126
1 23 123
1 24 180
1 25 148
1 26 117
1 27 104
1 28 188
1 29 83
1 30 92
1 31 70
1 32 57
1 33 149
1 34 185
1 35 57
1 36 99
1 37 179
1 38 51
1 39 93
1 40 154
1 41 198
1 42 125
1 43 144
1 44 66
1 45 178
1 46 103
1 47 85
1 48 85
1 49 116
2 0 102
2 1 72
2 2 0
2 3 78
2 4 74
2 5 92
2 6 108
2 7 97
2 8 103
2 9 152
2 10 97
2 11 83
2 12 144
2 13 173
2 14 79
2 15 75
2 16 114
2 17 76
2 18 142
2 19 59
2 20 146
2 21 179
2 22 140
2 23 63
2 24 97
2 25 102
2 26 76
2 27 93
2 28 136
2 29 63
2 30 82
2 31 57
2 32 162
2 33 61
2 34 82
2 35 183
2 36 150
2 37 72
2 38 55
2 39 115
2 40 99
2 41 81
2 42 59
2 43 56
2 44 152
2 45 166
2 46 180
2 47 186
2 48 192
2 49 105
3 0 186
3 1 63
3 2 64
3 3 0
3 4 68
3 5 92
3 6 110
3 7 177
3 8 178
3 9 59
3 10 129
3 11 196
3 12 94
3 13 89
3 14 85
3 15 80
3 16 143
3 17 191
3 18 83
3 19 112
3 20 178
3 21 121
3 22 100
3 23 126
3 24 118
3 25 140
3 26 157
3 27 151
3 28 134
3 29 68
3 30 145
3 31 107
3 32 85
3 33 194
3 34 140
3 35 177
3 36 79
3 37 119
3 38 123
3 39 80
3 40 99
3 41 138
3 42 71
3 43 93
3 44 130
3 45 190
3 46 111
3 47 78
3 48 67
3 49 74
4 0 188
4 1 123
4 2 110
4 3 186
4 4 0
4 5 148
4 6 86
4 7 144
4 8 131
4 9 136
4 10 166
4 11 185
4 12 60
4 13 83
4 14 96
4 15 93
4 16 114
4 17 177
4 18 115
4 19 159
4 20 113
4 21 164
4 22 117
4 23 182
4 24 156
4 25 130
4 26 146
4 27 149
4 28 188
4 29 157
4 30 124
4 31 125
4 32 109
4 33 157
4 34 182
4 35 63
4 36 154
4 37 132
4 38 94
4 39 157
4 40 77
4 41 52
4 42 60
4 43 167
4 44 199
4 45 66
4 46 156
4 47 178
4 48 147
4 49 62
5 0 92
5 1 149
5 2 140
5 3 71
5 4 55
5 5 0
5 6 108
5 7 56
5 8 62
5 9 60
5 10 170
5 11 59
5 12 179
5 13 90
5 14 117
5 15 168
5 16 111
5 17 120
5 18 125
5 19 104
5 20 157
5 21 174
5 22 122
5 23 121
5 24 121
5 25 133
5 26 121
5 27 97
5 28 88
5 29 195
5 30 200
5 31 139
5 32 145
5 33 161
5 34 80
5 35 140
5 36 64
5 37 175
5 38 124
5 39 180
5 40 86
5 41 129
5 42 106
5 43 110
5 44 58
5 45 70
5 46 118
5 47 71
5 48 174
5 49 57
6 0 123
6 1 136
6 2 108
6 3 108
6 4 122
6 5 200
6 6 0
6 7 107
6 8 70
6 9 130
6 10 144
6 11 69
6 12 181
6 13 141
6 14 187
6 15 172
6 16 59
6 17 178
6 18 75
6 19 142
6 20 66
6 21 149
6 22 64
6 23 119
6 24 180
6 25 60
6 26 60
6 27 58
6 28 61
6 29 165
6 30 191
6 31 170
6 32 99
6 33 78
6 34 74
6 35 98
6 36 196
6 37 57
6 38 52
6 39 83
6 40 141
6 41 170
6 42 152
6 43 165
6 44 144
6 45 100
6 46 185
6 47 199
6 48 110
6 49 110
7 0 83
7 1 83
7 2 129
7 3 63
7 4 100
7 5 86
7 6 176
7 7 0
7 8 180
7 9 112
7 10 71
7 11 123
7 12 116
7 13 92
7 14 82
7 15 190
7 16 54
7 17 68
7 18 172
7 19 192
7 20 93
7 21 118
7 22 128
7 23 153
7 24 107
7 25 105
7 26 154
7 27 177
7 28 140
7 29 124
7 30 135
7 31 174
7 32 186
7 33 173
7 34 197
7 35 77
7 36 170
7 37 170
7 38 68
7 39 66
7 40 54
7 41 185
7 42 69
7 43 79
7 44 94
7 45 196
7 46 199
7 47 103
7 48 158
7 49 139
8 0 150
8 1 64
8 2 64
8 3 181
8 4 172
8 5 199
8 6 153
8 7 163
8 8 0
8 9 51
8 10 129
8 11 144
8 12 98
8 13 195
8 14 93
8 15 156
8 16 75
8 17 120
8 18 134
8 19 135
8 20 111
8 21 148
8 22 88
8 23 61
8 24 75
8 25 104
8 26 110
8 27 189
8 28 115
8 29 59
8 30 53
8 31 84
8 32 180
8 33 88
8 34 142
8 35 72
8 36 123
8 37 150
8 38 55
8 39 107
8 40 56
8 41 96
8 42 65
8 43 111
8 44 144
8 45 146
8 46 153
8 47 114
8 48 150
8 49 171
9 0 134
9 1 195
9 2 154
9 3 114
9 4 162
9 5 177
9 6 51
9 7 157
9 8 160
9 9 0
9 10 161
9 11 164
9 12 111
9 13 91
9 14 175
9 15 111
9 16 118
9 17 66
9 18 187
9 19 78
9 20 156
9 21 88
9 22 116
9 23 141
9 24 163
9 25 107
9 26 158
9 27 102
9 28 63
9 29 169
9 30 197
9 31 176
9 32 148
9 33 122
9 34 100
9 35 183
9 36 60
9 37 195
9 38 115
9 39 105
9 40 139
9 41 82
9 42 182
9 43 155
9 44 54
9 45 101
9 46 59
9 47 172
9 48 151
9 49 135
10 0 142
10 1 127
10 2 133
10 3 199
10 4 63
10 5 197
10 6 200
10 7 141
10 8 68
10 9 57
10 10 0
10 11 175
10 12 93
10 13 131
10 14 106
10 15 76
10 16 52
10 17 170
10 18 175
10 19 85
10 20 82
10 21 83
10 22 104
10 23 191
10 24 91
10 25 97
10 26 149
10 27 196
10 28 103
10 29 165
10 30 182
10 31 180
10 32 110
10 33 89
10 34 149
10 35 183
10 36 122
10 37 180
10 38 175
10 39 88
10 40 112
10 41 193
10 42 196
10 43 112
10 44 165
10 45 138
10 46 67
10 47 65
10 48 95
10 49 92
11 0 60
11 1 140
11 2 151
11 3 181
11 4 83
11 5 84
11 6 165
11 7 164
11 8 155
11 9 92
11 10 105
11 11 0
11 12 55
11 13 124
11 14 126
11 15 116
11 16 152
11 17 120
11 18 110
11 19 181
11 20 134
11 21 50
11 22 88
11 23 175
11 24 100
11 25 200
11 26 113
11 27 161
11 28 181
11 29 61
11 30 149
11 31 177
11 32 119
11 33 164
11 34 183
11 35 117
11 36 98
11 37 109
11 38 117
11 39 190
11 40 161
11 41 131
11 42 61
11 43 100
11 44 90
11 45 165
11 46 142
11 47 187
11 48 114
11 49 117
12 0 175
12 1 83
12 2 90
12 3 125
12 4 90
12 5 100
12 6 74
12 7 151
12 8 122
12 9 141
12 10 112
12 11 111
12 12 0
12 13 145
12 14 135
12 15 172
12 16 163
12 17 176
12 18 133
12 19 172
12 20 116
12 21 71
12 22 112
12 23 130
12 24 131
12 25 122
12 26 67
12 27 70
12 28 188
12 29 158
12 30 113
12 31 183
12 32 165
12 33 192
12 34 124
12 35 102
12 36 119
12 37 64
12 38 164
12 39 68
12 40 80
12 41 81
12 42 152
12 43 130
12 44 113
12 45 97
12 46 172
12 47 138
12 48 130
12 49 87
13 0 184
13 1 176
13 2 61
13 3 105
13 4 93
13 5 82
13 6 162
13 7 149
13 8 122
13 9 138
13 10 103
13 11 185
13 12 52
13 13 0
13 14 77
13 15 85
13 16 130
13 17 132
13 18 118
13 19 78
13 20 58
13 21 106
13 22 152
13 23 116
13 24 97
13 25 77
13 26 172
13 27 139
13 28 135
13 29 97
13 30 174
13 31 87
13 32 186
13 33 94
13 34 79
13 35 80
13 36 159
13 37 50
13 38 147
13 39 176
13 40 170
13 41 64
13 42 179
13 43 141
13 44 162
13 45 71
13 46 87
13 47 99
13 48 111
13 49 75
14 0 127
14 1 74
14 2 53
14 3 178
14 4 62
14 5 186
14 6 123
14 7 86
14 8 71
14 9 132
14 10 161
14 11 82
14 12 101
14 13 155
14 14 0
14 15 149
14 16 123
14 17 193
14 18 180
14 19 101
14 20 116
14 21 119
14 22 73
14 23 69
14 24 130
14 25 120
14 26 108
14 27 109
14 28 147
14 29 170
14 30 77
14 31 117
14 32 54
14 33 160
14 34 199
14 35 109
14 36 88
14 37 103
14 38 165
14 39 120
14 40 182
14 41 149
14 42 60
14 43 159
14 44 59
14 45 160
14 46 100
14 47 108
14 48 64
14 49 117
15 0 86
15 1 181
15 2 181
15 3 61
15 4 155
15 5 185
15 6 92
15 7 80
15 8 136
15 9 128
15 10 166
15 11 95
15 12 137
15 13 129
15 14 157
15 15 0
15 16 142
15 17 118
15 18 59
15 19 61
15 20 95
15 21 177
15 22 55
15 23 54
15 24 173
15 25 64
15 26 197
15 27 174
15 28 105
15 29 94
15 30 198
15 31 150
15 32 100
15 33 155
15 34 125
15 35 199
15 36 155
15 37 67
15 38 109
15 39 162
15 40 71
15 41 74
15 42 99
15 43 79
15 44 57
15 45 196
15 46 135
15 47 157
15 48 188
15 49 121
16 0 127
16 1 78
16 2 128
16 3 144
16 4 199
16 5 133
16 6 99
16 7 160
16 8 117
16 9 180
16 10 112
16 11 100
16 12 109
16 13 147
16 14 126
16 15 162
16 16 0
16 17 192
16 18 180
16 19 93
16 20 161
16 21 192
16 22 81
16 23 149
16 24 100
16 25 128
16 26 196
16 27 61
16 28 118
16 29 128
16 30 115
16 31 156
16 32 72
16 33 158
16 34 187
16 35 106
16 36 87
16 37 73
16 38 79
16 39 78
16 40 82
16 41 144
16 42 192
16 43 173
16 44 182
16 45 137
16 46 106
16 47 76
16 48 58
16 49 120
17 0 53
17 1 144
17 2 126
17 3 183
17 4 182
17 5 105
17 6 113
17 7 106
17 8 137
17 9 82
17 10 167
17 11 105
17 12 77
17 13 96
17 14 159
17 15 78
17 16 186
17 17 0
17 18 52
17 19 126
17 20 111
17 21 141
17 22 152
17 23 195
17 24 130
17 25 85
17 26 93
17 27 53
17 28 129
17 29 69
17 30 171
17 31 114
17 32 177
17 33 101
17 34 86
17 35 58
17 36 141
17 37 180
17 38 82
17 39 188
17 40 150
17 41 185
17 42 62
17 43 104
17 44 68
17 45 74
17 46 101
17 47 139
17 48 199
17 49 96
18 0 106
18 1 179
18 2 145
18 3 103
18 4 104
18 5 131
18 6 161
18 7 99
18 8 101
18 9 125
18 10 92
18 11 58
18 12 73
18 13 181
18 14 110
18 15 71
18 16 120
18 17 151
18 18 0
18 19 126
18 20 75
18 21 108
18 22 117
18 23 161
18 24 80
18 25 61
18 26 90
18 27 175
18 28 124
18 29 156
18 30 97
18 31 154
18 32 144
18 33 75
18 34 111
18 35 165
18 36 185
18 37 62
18 38 150
18 39 97
18 40 82
18 41 88
18 42 158
18 43 185
18 44 85
18 45 90
18 46 124
18 47 194
18 48 70
18 49 109
19 0 92
19 1 56
19 2 161
19 3 106
19 4 174
19 5 114
19 6 80
19 7 104
19 8 85
19 9 135
19 10 80
19 11 137
19 12 141
19 13 109
19 14 165
19 15 185
19 16 188
19 17 164
19 18 144
19 19 0
19 20 195
19 21 83
19 22 185
19 23 92
19 24 63
19 25 157
19 26 119
19 27 145
19 28 119
19 29 141
19 30 187
19 31 116
19 32 188
19 33 122
19 34 153
19 35 108
19 36 191
19 37 200
19 38 67
19 39 198
19 40 185
19 41 144
19 42 114
19 43 81
19 44 114
19 45 100
19 46 164
19 47 58
19 48 175
19 49 171
20 0 141
20 1 173
20 2 111
20 3 85
20 4 144
20 5 101
20 6 155
20 7 80
20 8 65
20 9 72
20 10 99
20 11 147
20 12 74
20 13 140
20 14 157
20 15 127
20 16 191
20 17 178
20 18 68
20 19 62
20 20 0
20 21 160
20 22 57
20 23 114
20 24 124
20 25 134
20 26 104
20 27 198
20 28 129
20 29 192
20 30 85
20 31 53
20 32 72
20 33 99
20 34 148
20 35 67
20 36 185
20 37 75
20 38 137
20 39 156
20 40 133
20 41 196
20 42 134
20 43 164
20 44 82
20 45 72
20 46 128
20 47 82
20 48 93
20 49 99
21 0 165
21 1 90
21 2 102
21 3 157
21 4 97
21 5 119
21 6 129
21 7 72
21 8 109
21 9 91
21 10 103
21 11 150
21 12 115
21 13 99
21 14 153
21 15 197
21 16 84
21 17 55
21 18 134
21 19 165
21 20 145
21 21 0
21 22 130
21 23 168
21 24 86
21 25 136
21 26 188
21 27 63
21 28 177
21 29 135
21 30 149
21 31 105
21 32 115
21 33 154
21 34 196
21 35 82
21 36 55
21 37 64
21 38 96
21 39 60
21 40 105
21 41 195
21 42 140
21 43 76
21 44 72
21 45 80
21 46 103
21 47 170
21 48 144
21 49 133
22 0 113
22 1 156
22 2 70
22 3 127
22 4 103
22 5 136
22 6 72
22 7 167
22 8 88
22 9 74
22 10 162
22 11 120
22 12 58
22 13 196
22 14 178
22 15 61
22 16 67
22 17 89
22 18 82
22 19 67
22 20 56
22 21 69
22 22 0
22 23 118
22 24 143
22 25 132
22 26 120
22 27 74
22 28 121
22 29 126
22 30 130
22 31 110
22 32 128
22 33 172
22 34 52
22 35 136
22 36 146
22 37 73
22 38 89
22 39 190
22 40 152
22 41 122
22 42 128
22 43 183
22 44 109
22 45 79
22 46 193
22 47 82
22 48 91
22 49 185
23 0 84
23 1 93
23 2 125
23 3 129
23 4 106
23 5 152
23 6 174
23 7 198
23 8 184
23 9 51
23 10 144
23 11 196
23 12 140
23 13 117
23 14 194
23 15 52
23 16 96
23 17 179
23 18 179
23 19 152
23 20 176
23 21 180
23 22 157
23 23 0
23 24 140
23 25 109
23 26 176
23 27 184
23 28 149
23 29 180
23 30 76
23 31 133
23 32 162
23 33 50
23 34 174
23 35 168
23 36 112
23 37 67
23 38 100
23 39 192
23 40 59
23 41 87
23 42 127
23 43 110
23 44 156
23 45 101
23 46 192
23 47 134
23 48 69
23 49 129
24 0 103
24 1 109
24 2 119
24 3 191
24 4 89
24 5 76
24 6 188
24 7 74
24 8 151
24 9 189
24 10 169
24 11 184
24 12 115
24 13 63
24 14 110
24 15 146
24 16 190
24 17 188
24 18 67
24 19 100
24 20 163
24 21 88
24 22 80
24 23 125
24 24 0
24 25 56
24 26 197
24 27 119
24 28 168
24 29 62
24 30 198
24 31 128
24 32 173
24 33 189
24 34 185
24 35 175
24 36 181
24 37 120
24 38 97
24 39 50
24 40 105
24 41 57
24 42 182
24 43 161
24 44 178
24 45 157
24 46 194
24 47 182
24 48 102
24 49 86
25 0 86
25 1 177
25 2 150
25 3 90
25 4 190
25 5 68
25 6 166
25 7 122
25 8 189
25 9 164
25 10 139
25 11 68
25 12 160
25 13 178
25 14 119
25 15 193
25 16 113
25 17 180
25 18 140
25 19 177
25 20 87
25 21 154
25 22 157
25 23 65
25 24 126
25 25 0
25 26 111
25 27 90
25 28 165
25 29 71
25 30 120
25 31 122
25 32 188
25 33 128
25 34 140
25 35 108
25 36 94
25 37 60
25 38 172
25 39 100
25 40 89
25 41 84
25 42 187
25 43 63
25 44 99
25 45 89
25 46 56
25 47 186
25 48 107
25 49 112
26 0 118
26 1 161
26 2 171
26 3 52
26 4 69
26 5 56
26 6 129
26 7 52
26 8 124
26 9 94
26 10 107
26 11 131
26 12 165
26 13 133
26 14 148
26 15 184
26 16 69
26 17 117
26 18 85
26 19 147
26 20 131
26 21 143
26 22 98
26 23 90
26 24 50
26 25 90
26 26 0
26 27 50
26 28 187
26 29 99
26 30 159
26 31 152
26 32 163
26 33 88
26 34 134
26 35 167
26 36 135
26 37 159
26 38 105
26 39 132
26 40 197
26 41 125
26 42 159
26 43 106
26 44 192
26 45 141
26 46 87
26 47 153
26 48 192
26 49 200
27 0 116
27 1 133
27 2 136
27 3 179
27 4 82
27 5 75
27 6 178
27 7 187
27 8 165
27 9 119
27 10 190
27 11 81
27 12 154
27 13 174
27 14 154
27 15 156
27 16 198
27 17 85
27 18 165
27 19 76
27 20 179
27 21 186
27 22 111
27 23 150
27 24 56
27 25 140
27 26 58
27 27 0
27 28 72
27 29 110
27 30 165
27 31 146
27 32 129
27 33 145
27 34 157
27 35 148
27 36 142
27 37 181
27 38 170
27 39 74
27 40 92
27 41 181
27 42 64
27 43 122
27 44 118
27 45 156
27 46 103
27 47 189
27 48 54
27 49 139
28 0 151
28 1 102
28 2 116
28 3 176
28 4 183
28 5 154
28 6 54
28 7 103
28 8 190
28 9 123
28 10 171
28 11 198
28 12 79
28 13 104
28 14 175
28 15 189
28 16 85
28 17 141
28 18 187
28 19 123
28 20 167
28 21 173
28 22 132
28 23 130
28 24 93
28 25 141
28 26 69
28 27 175
28 28 0
28 29 97
28 30 128
28 31 85
28 32 147
28 33 142
28 34 199
28 35 170
28 36 168
28 37 96
28 38 149
28 39 115
28 40 119
28 41 91
28 42 163
28 43 91
28 44 71
28 45 167
28 46 185
28 47 173
28 48 185
28 49 151
29 0 54
29 1 72
29 2 66
29 3 74
29 4 173
29 5 189
29 6 105
29 7 121
29 8 95
29 9 138
29 10 93
29 11 95
29 12 197
29 13 64
29 14 55
29 15 143
29 16 89
29 17 168
29 18 101
29 19 127
29 20 125
29 21 121
29 22 167
29 23 138
29 24 91
29 25 133
29 26 78
29 27 182
29 28 114
29 29 0
29 30 71
29 31 166
29 32 139
29 33 118
29 34 51
29 35 196
29 36 139
29 37 140
29 38 111
29 39 145
29 40 64
29 41 114
29 42 115
29 43 120
29 44 115
29 45 77
29 46 78
29 47 94
29 48 93
29 49 147
30 0 81
30 1 91
30 2 106
30 3 177
30 4 130
30 5 111
30 6 175
30 7 107
30 8 185
30 9 134
30 10 107
30 11 134
30 12 91
30 13 113
30 14 141
30 15 97
30 16 119
30 17 113
30 18 78
30 19 195
30 20 166
30 21 87
30 22 148
30 23 164
30 24 139
30 25 183
30 26 102
30 27 115
30 28 179
30 29 148
30 30 0
30 31 85
30 32 126
30 33 76
30 34 133
30 35 97
30 36 160
30 37 168
30 38 65
30 39 52
30 40 96
30 41 178
30 42 183
30 43 155
30 44 94
30 45 116
30 46 107
30 47 101
30 48 193
30 49 160
31 0 200
31 1 145
31 2 73
31 3 137
31 4 170
31 5 150
31 6 200
31 7 86
31 8 85
31 9 85
31 10 117
31 11 83
31 12 196
31 13 68
31 14 73
31 15 60
31 16 92
31 17 88
31 18 137
31 19 76
31 20 88
31 21 78
31 22 79
31 23 86
31 24 187
31 25 167
31 26 57
31 27 151
31 28 180
31 29 121
31 30 139
31 31 0
31 32 103
31 33 105
31 34 69
31 35 173
31 36 75
31 37 127
31 38 153
31 39 161
31 40 178
31 41 104
31 42 172
31 43 99
31 44 79
31 45 165
31 46 143
31 47 166
31 48 133
31 49 157
32 0 150
32 1 87
32 2 114
32 3 191
32 4 109
32 5 64
32 6 78
32 7 138
32 8 63
32 9 146
32 10 165
32 11 156
32 12 156
32 13 110
32 14 68
32 15 108
32 16 110
32 17 196
32 18 149
32 19 91
32 20 94
32 21 120
32 22 74
32 23 92
32 24 96
32 25 141
32 26 123
32 27 81
32 28 118
32 29 120
32 30 135
32 31 89
32 32 0
32 33 134
32 34 194
32 35 59
32 36 179
32 37 162
32 38 193
32 39 60
32 40 197
32 41 149
32 42 91
32 43 94
32 44 112
32 45 167
32 46 113
32 47 69
32 48 57
32 49 159
33 0 63
33 1 192
33 2 145
33 3 66
33 4 140
33 5 83
33 6 70
33 7 127
33 8 80
33 9 130
33 10 72
33 11 107
33 12 87
33 13 101
33 14 126
33 15 119
33 16 106
33 17 104
33 18 109
33 19 106
33 20 144
33 21 135
33 22 97
33 23 52
33 24 140
33 25 144
33 26 71
33 27 114
33 28 143
33 29 160
33 30 124
33 31 187
33 32 52
33 33 0
33 34 158
33 35 170
33 36 167
33 37 118
33 38 98
33 39 87
33 40 158
33 41 118
33 42 144
33 43 62
33 44 73
33 45 52
33 46 108
33 47 74
33 48 116
33 49 134
34 0 111
34 1 136
34 2 115
34 3 184
34 4 143
34 5 200
34 6 84
34 7 147
34 8 186
34 9 160
34 10 120
34 11 180
34 12 139
34 13 55
34 14 91
34 15 52
34 16 116
34 17 141
34 18 197
34 19 85
34 20 61
34 21 63
34 22 167
34 23 62
34 24 166
34 25 70
34 26 140
34 27 142
34 28 122
34 29 70
34 30 63
34 31 198
34 32 59
34 33 62
34 34 0
34 35 69
34 36 111
34 37 120
34 38 138
34 39 186
34 40 177
34 41 58
34 42 147
34 43 159
34 44 190
34 45 144
34 46 70
34 47 151
34 48 164
34 49 104
35 0 138
35 1 110
35 2 61
35 3 100
35 4 92
35 5 57
35 6 88
35 7 169
35 8 67
35 9 135
35 10 163
35 11 155
35 12 118
35 13 129
35 14 125
35 15 191
35 16 90
35 17 151
35 18 166
35 19 144
35 20 166
35 21 76
35 22 58
35 23 168
35 24 51
35 25 57
35 26 123
35 27 58
35 28 111
35 29 125
35 30 97
35 31 125
35 32 188
35 33 172
35 34 52
35 35 0
35 36 92
35 37 142
35 38 114
35 39 126
35 40 93
35 41 124
35 42 187
35 43 60
35 44 109
35 45 97
35 46 112
35 47 109
35 48 121
35 49 67
36 0 98
36 1 118
36 2 184
36 3 113
36 4 157
36 5 129
36 6 138
36 7 142
36 8 98
36 9 70
36 10 105
36 11 145
36 12 154
36 13 73
36 14 150
36 15 110
36 16 195
36 17 198
36 18 100
36 19 52
36 20 103
36 21 171
36 22 146
36 23 106
36 24 132
36 25 65
36 26 80
36 27 61
36 28 193
36 29 104
36 30 179
36 31 95
36 32 104
36 33 178
36 34 101
36 35 132
36 36 0
36 37 156
36 38 188
36 39 158
36 40 185
36 41 122
36 42 103
36 43 99
36 44 162
36 45 153
36 46 79
36 47 117
36 48 130
36 49 150
37 0 173
37 1 81
37 2 139
37 3 168
37 4 126
37 5 50
37 6 129
37 7 109
37 8 96
37 9 52
37 10 87
37 11 177
37 12 121
37 13 60
37 14 67
37 15 67
37 16 88
37 17 101
37 18 99
37 19 183
37 20 96
37 21 85
37 22 196
37 23 120
37 24 133
37 25 50
37 26 174
37 27 121
37 28 156
37 29 83
37 30 119
37 31 161
37 32 92
37 33 188
37 34 140
37 35 82
37 36 106
37 37 0
37 38 98
37 39 110
37 40 116
37 41 52
37 42 58
37 43 124
37 44 103
37 45 85
37 46 182
37 47 130
37 48 190
37 49 181
38 0 128
38 1 65
38 2 127
38 3 73
38 4 195
38 5 138
38 6 88
38 7 54
38 8 157
38 9 69
38 10 137
38 11 108
38 12 70
38 13 196
38 14 60
38 15 52
38 16 160
38 17 116
38 18 151
38 19 141
38 20 96
38 21 57
38 22 151
38 23 126
38 24 169
38 25 146
38 26 88
38 27 134
38 28 173
38 29 76
38 30 77
38 31 172
38 32 170
38 33 100
38 34 106
38 35 101
38 36 129
38 37 74
38 38 0
38 39 181
38 40 50
38 41 62
38 42 57
38 43 56
38 44 102
38 45 67
38 46 126
38 47 131
38 48 140
38 49 82
39 0 152
39 1 156
39 2 165
39 3 122
39 4 86
39 5 67
39 6 189
39 7 196
39 8 149
39 9 180
39 10 161
39 11 82
39 12 100
39 13 93
39 14 63
39 15 108
39 16 154
39 17 170
39 18 74
39 19 97
39 20 163
39 21 102
39 22 138
39 23 51
39 24 71
39 25 117
39 26 66
39 27 184
39 28 78
39 29 61
39 30 124
39 31 82
39 32 55
39 33 111
39 34 178
39 35 65
39 36 103
39 37 174
39 38 103
39 39 0
39 40 145
39 41 153
39 42 53
39 43 124
39 44 75
39 45 189
39 46 153
39 47 145
39 48 165
39 49 194
40 0 144
40 1 94
40 2 124
40 3 63
40 4 165
40 5 170
40 6 152
40 7 68
40 8 186
40 9 137
40 10 192
40 11 167
40 12 147
40 13 61
40 14 178
40 15 108
40 16 110
40 17 87
40 18 89
40 19 118
40 20 187
40 21 165
40 22 65
40 23 53
40 24 68
40 25 191
40 26 136
40 27 133
40 28 178
40 29 89
40 30 155
40 31 64
40 32 86
40 33 178
40 34 54
40 35 133
40 36 84
40 37 136
40 38 131
40 39 180
40 40 0
40 41 57
40 42 63
40 43 133
40 44 154
40 45 83
40 46 144
40 47 130
40 48 166
40 49 174
41 0 165
41 1 170
41 2 85
41 3 122
41 4 58
41 5 197
41 6 66
41 7 57
41 8 143
41 9 64
41 10 119
41 11 94
41 12 157
41 13 84
41 14 81
41 15 137
41 16 98
41 17 148
41 18 78
41 19 182
41 20 163
41 21 101
41 22 107
41 23 58
41 24 104
41 25 169
41 26 51
41 27 176
41 28 99
41 29 191
41 30 107
41 31 104
41 32 141
41 33 100
41 34 61
41 35 154
41 36 199
41 37 71
41 38 132
41 39 87
41 40 118
41 41 0
41 42 77
41 43 133
41 44 131
41 45 145
41 46 154
41 47 136
41 48 60
41 49 144
42 0 184
42 1 152
42 2 183
42 3 59
42 4 64
42 5 180
42 6 145
42 7 130
42 8 121
42 9 119
42 10 132
42 11 92
42 12 56
42 13 132
42 14 85
42 15 108
42 16 93
42 17 199
42 18 159
42 19 93
42 20 164
42 21 65
42 22 156
42 23 170
42 24 58
42 25 109
42 26 74
42 27 134
42 28 153
42 29 142
42 30 154
42 31 61
42 32 55
42 33 107
42 34 117
42 35 75
42 36 69
42 37 148
42 38 52
42 39 73
42 40 84
42 41 115
42 42 0
42 43 115
42 44 123
42 45 64
42 46 168
42 47 76
42 48 69
42 49 176
43 0 150
43 1 172
43 2 130
43 3 92
43 4 153
43 5 185
43 6 107
43 7 162
43 8 80
43 9 165
43 10 193
43 11 67
43 12 185
43 13 194
43 14 110
43 15 75
43 16 94
43 17 169
43 18 143
43 19 200
43 20 85
43 21 197
43 22 77
43 23 120
43 24 197
43 25 139
43 26 177
43 27 143
43 28 162
43 29 119
43 30 88
43 31 195
43 32 114
43 33 76
43 34 86
43 35 112
43 36 105
43 37 182
43 38 104
43 39 53
43 40 178
43 41 196
43 42 75
43 43 0
43 44 70
43 45 77
43 46 186
43 47 158
43 48 75
43 49 62
44 0 77
44 1 182
44 2 139
44 3 90
44 4 170
44 5 193
44 6 105
44 7 169
44 8 79
44 9 76
44 10 116
44 11 87
44 12 185
44 13 139
44 14 113
44 15 90
44 16 66
44 17 174
44 18 76
44 19 108
44 20 79
44 21 94
44 22 120
44 23 179
44 24 117
44 25 122
44 26 81
44 27 101
44 28 65
44 29 136
44 30 148
44 31 61
44 32 190
44 33 96
44 34 56
44 35 134
44 36 99
44 37 85
44 38 184
44 39 85
44 40 110
44 41 79
44 42 146
44 43 90
44 44 0
44 45 175
44 46 108
44 47 161
44 48 175
44 49 189
45 0 141
45 1 180
45 2 68
45 3 193
45 4 74
45 5 116
45 6 113
45 7 183
45 8 58
45 9 60
45 10 115
45 11 149
45 12 187
45 13 60
45 14 84
45 15 100
45 16 78
45 17 168
45 18 59
45 19 188
45 20 80
45 21 168
45 22 98
45 23 115
45 24 129
45 25 140
45 26 189
45 27 67
45 28 93
45 29 85
45 30 114
45 31 194
45 32 173
45 33 55
45 34 66
45 35 167
45 36 96
45 37 61
45 38 108
45 39 200
45 40 195
45 41 159
45 42 149
45 43 82
45 44 60
45 45 0
45 46 142
45 47 79
45 48 166
45 49 155
46 0 130
46 1 186
46 2 117
46 3 113
46 4 137
46 5 158
46 6 128
46 7 157
46 8 195
46 9 125
46 10 73
46 11 100
46 12 51
46 13 52
46 14 137
46 15 137
46 16 132
46 17 59
46 18 174
46 19 130
46 20 93
46 21 86
46 22 134
46 23 81
46 24 121
46 25 107
46 26 189
46 27 171
46 28 90
46 29 86
46 30 143
46 31 188
46 32 92
46 33 104
46 34 104
46 35 182
46 36 136
46 37 164
46 38 191
46 39 75
46 40 152
46 41 117
46 42 184
46 43 199
46 44 190
46 45 80
46 46 0
46 47 80
46 48 192
46 49 129
47 0 173
47 1 166
47 2 52
47 3 166
47 4 71
47 5 101
47 6 150
47 7 185
47 8 69
47 9 122
47 10 92
47 11 172
47 12 98
47 13 96
47 14 176
47 15 94
47 16 179
47 17 140
47 18 195
47 19 179
47 20 112
47 21 197
47 22 88
47 23 196
47 24 101
47 25 166
47 26 67
47 27 150
47 28 90
47 29 87
47 30 177
47 31 109
47 32 109
47 33 179
47 34 101
47 35 52
47 36 185
47 37 75
47 38 70
47 39 179
47 40 134
47 41 69
47 42 59
47 43 169
47 44 56
47 45 90
47 46 105
47 47 0
47 48 68
47 49 198
48 0 148
48 1 119
48 2 96
48 3 100
48 4 198
48 5 83
48 6 97
48 7 193
48 8 171
48 9 198
48 10 149
48 11 70
48 12 78
48 13 71
48 14 176
48 15 193
48 16 174
48 17 126
48 18 91
48 19 198
48 20 183
48 21 98
48 22 122
48 23 126
48 24 141
48 25 69
48 26 131
48 27 147
48 28 50
48 29 96
48 30 142
48 31 125
48 32 132
48 33 137
48 34 136
48 35 171
48 36 97
48 37 83
48 38 126
48 39 76
48 40 125
48 41 91
48 42 69
48 43 109
48 44 129
48 45 138
48 46 176
48 47 174
48 48 0
48 49 193
49 0 188
49 1 139
49 2 128
49 3 106
49 4 176
49 5 79
49 6 196
49 7 83
49 8 178
49 9 75
49 10 57
49 11 51
49 12 106
49 13 181
49 14 92
49 15 171
49 16 189
49 17 63
49 18 168
49 19 106
49 20 97
49 21 143
49 22 63
49 23 188
49 24 59
49 25 60
49 26 91
49 27 167
49 28 178
49 29 147
49 30 122
49 31 59
49 32 107
49 33 170
49 34 93
49 35 132
49 36 78
49 37 157
49 38 61
49 39 167
49 40 51
49 41 135
49 42 175
49 43 177
49 44 75
49 45 95
49 46 110
49 47 130
49 48 125
49 49 0
