2 26 7 14 23 27 3 16 28 6 29 18 25 4 19 20 15 10 9 1 24 13 8 5 17 11 22 21 12 0 
13 24 1 9 10 15 20 19 6 29 18 4 25 28 16 3 27 23 14 7 26 2 0 12 21 17 5 22 11 8 
1 9 10 15 20 19 6 29 18 4 25 28 16 3 27 23 14 7 26 2 0 12 21 17 5 11 22 8 13 24 
24 13 8 1 9 10 15 20 19 6 29 18 4 25 28 16 3 27 23 14 7 26 2 0 12 21 17 5 11 22 
10 15 20 19 6 29 18 4 25 28 16 3 27 23 14 7 26 2 0 12 21 17 5 11 22 8 13 24 1 9 
23 14 7 26 2 0 12 21 17 5 11 22 8 13 24 1 9 10 15 20 19 6 29 18 4 25 28 16 3 27 
8 13 24 1 9 10 15 20 19 6 29 18 4 25 28 16 3 27 23 14 7 26 2 0 12 21 17 5 11 22 
10 15 20 19 6 29 18 4 25 28 16 3 27 23 14 7 26 2 0 12 21 17 5 11 22 1 9 24 8 13 
8 13 24 1 9 10 15 20 19 6 29 18 4 25 28 16 3 27 23 14 7 26 2 0 12 21 22 11 17 5 
8 13 24 1 9 10 15 20 19 6 29 18 4 25 28 16 3 27 23 14 7 26 2 0 12 21 22 11 17 5 
10 15 20 19 6 29 18 4 25 28 16 3 27 23 14 7 26 2 0 12 21 17 5 11 22 9 1 24 13 8 
27 23 14 7 26 2 0 12 21 17 5 11 22 8 13 24 1 9 10 15 20 19 6 29 18 4 25 28 16 3 
13 8 24 1 9 10 15 20 19 6 29 18 4 25 28 16 3 27 23 14 7 26 2 0 12 21 17 5 11 22 
26 7 2 0 12 21 17 5 11 22 9 1 24 13 8 10 15 20 19 6 29 18 4 25 28 16 3 27 23 14 
8 13 24 1 9 10 15 20 19 6 29 18 4 25 28 16 3 27 23 14 7 26 2 0 12 21 17 5 22 11 
1 9 10 15 20 19 6 29 18 4 25 28 16 3 27 23 14 7 26 2 0 12 21 17 5 22 11 24 13 8 
28 16 3 27 23 14 7 2 0 12 21 17 5 11 22 26 20 19 15 10 9 1 24 8 13 4 18 25 29 6 
15 10 9 1 24 13 8 4 18 25 29 6 28 16 3 27 23 14 7 2 0 12 21 17 5 11 22 26 20 19 
29 6 28 16 3 27 23 14 7 2 0 12 21 17 5 11 22 26 20 19 15 10 9 1 24 8 13 4 18 25 
8 13 24 1 9 10 15 20 19 6 29 18 4 25 28 16 3 27 23 14 7 26 2 0 12 21 17 5 11 22 
26 7 2 0 12 21 17 5 11 22 9 1 24 13 8 10 15 20 19 6 29 18 4 25 28 16 3 27 23 14 
17 5 24 13 8 1 9 10 15 20 19 6 29 18 4 25 28 16 3 27 23 14 7 2 0 12 21 26 22 11 
26 7 2 0 12 21 17 5 11 22 9 1 24 13 8 10 15 20 19 6 29 18 4 25 28 16 3 27 23 14 
26 7 2 0 12 21 17 5 11 22 9 1 24 13 8 10 15 20 19 6 29 18 4 25 28 16 3 27 23 14 
26 7 2 0 12 21 17 5 11 22 9 1 24 13 8 10 15 20 19 6 29 18 4 25 28 16 3 27 23 14 
26 7 2 0 12 21 17 5 11 22 9 1 24 13 8 10 15 20 19 6 29 18 4 25 28 16 3 27 23 14 
26 22 11 17 5 24 13 8 1 9 10 15 20 19 6 29 18 4 25 28 16 3 27 23 14 7 2 0 12 21 
7 26 2 0 12 21 17 5 11 22 9 1 24 13 8 10 15 20 19 6 29 18 4 25 28 16 3 27 23 14 
20 19 6 29 18 4 25 28 16 3 27 23 14 7 26 2 0 12 21 17 5 11 22 9 1 24 8 13 10 15 
24 13 8 10 15 20 19 6 29 18 4 25 28 16 3 27 23 14 7 26 2 0 12 21 17 5 11 22 9 1 
10 15 20 19 6 29 18 4 25 28 16 3 27 23 14 7 26 2 0 12 21 17 5 11 22 9 1 24 13 8 
20 19 6 29 18 4 25 28 16 3 27 23 14 7 26 2 0 12 21 17 5 11 22 8 13 24 1 9 10 15 
1 9 10 15 20 19 6 29 18 4 25 28 16 3 27 23 14 7 26 2 0 12 21 17 5 11 22 8 13 24 
1 9 10 15 20 19 6 29 18 4 25 28 16 3 27 23 14 7 26 2 0 12 21 17 5 11 22 8 13 24 
28 16 3 27 23 14 7 26 2 0 12 21 17 5 11 22 9 1 24 13 8 10 15 20 19 6 29 18 4 25 
11 22 9 1 24 13 8 10 15 20 19 6 29 18 4 25 28 16 3 27 23 14 7 26 2 0 12 21 17 5 
8 13 24 1 9 10 15 20 19 6 29 18 4 25 28 16 3 27 23 14 7 26 2 0 12 21 17 5 11 22 
26 7 2 0 12 21 17 5 11 22 8 13 24 1 9 10 15 20 19 6 29 18 4 25 28 16 3 27 23 14 
25 29 6 28 16 3 27 23 14 7 2 0 12 21 17 5 11 22 26 20 19 15 10 9 1 24 13 8 4 18 
29 6 28 16 3 27 23 14 7 2 0 12 21 17 5 11 22 26 20 19 15 10 9 1 24 13 8 4 18 25 
0 12 21 22 11 17 5 24 13 8 1 9 10 15 20 19 6 29 18 4 25 28 16 3 27 23 14 7 26 2 
28 16 3 27 23 14 7 2 0 12 21 26 22 11 17 5 8 13 24 1 9 10 15 20 19 6 29 18 4 25 
8 13 24 1 9 10 15 20 19 6 29 18 4 25 28 16 3 27 23 14 7 26 2 0 12 21 17 5 11 22 
7 26 2 0 12 21 17 5 11 22 9 1 24 13 8 10 15 20 19 6 29 18 4 25 28 16 3 27 23 14 
27 23 14 7 26 2 0 12 21 17 5 11 22 9 1 24 13 8 10 15 20 19 6 29 18 4 25 28 16 3 
4 18 25 29 6 28 16 3 27 23 14 2 0 12 21 17 5 11 22 26 7 20 19 15 10 9 1 24 8 13 
4 25 18 29 6 28 16 3 27 23 14 7 2 0 12 21 17 5 11 22 26 20 19 15 10 9 1 24 8 13 
19 6 29 18 4 25 28 16 3 27 23 14 2 7 26 0 12 21 17 5 11 22 8 13 24 1 9 10 15 20 
19 20 15 10 9 1 24 13 8 5 17 11 22 21 12 0 2 26 7 14 23 27 3 16 28 6 29 18 25 4 
18 25 29 6 28 16 3 27 23 14 7 2 0 12 21 17 5 11 22 26 20 19 15 10 9 1 24 13 8 4 
4 18 25 29 6 28 16 3 27 23 14 7 2 0 12 21 17 5 11 22 26 20 19 15 10 9 1 24 13 8 
1 9 10 15 20 19 6 29 18 25 4 28 16 3 27 23 14 7 2 0 12 21 26 22 11 17 5 8 13 24 
10 15 20 19 6 29 18 4 25 28 16 3 27 23 14 7 2 0 12 21 26 22 11 17 5 8 13 24 1 9 
29 6 28 16 3 27 23 14 7 2 0 12 21 17 5 11 22 26 20 19 15 10 9 1 24 8 13 4 18 25 
6 28 16 3 27 23 14 7 2 0 12 21 17 5 11 22 26 20 19 15 10 9 1 24 8 13 4 18 25 29 
6 28 16 3 27 23 14 7 2 0 12 21 17 5 11 22 26 20 19 15 10 9 1 24 8 13 4 18 25 29 
29 6 28 16 3 27 23 14 7 2 0 12 21 17 5 11 22 26 20 19 15 10 9 1 24 8 13 4 18 25 
5 17 21 12 0 2 26 7 14 23 27 3 16 28 6 29 18 4 25 19 20 15 10 9 1 24 13 8 11 22 
3 27 23 14 7 2 0 12 21 17 5 11 22 26 20 19 15 10 9 1 24 8 13 4 18 25 29 6 28 16 
4 18 25 29 6 28 16 3 27 23 14 7 2 0 12 21 17 5 11 22 26 20 19 15 10 9 1 24 8 13 
29 6 28 16 3 27 23 14 7 2 0 12 21 17 5 11 22 26 20 19 15 10 9 1 24 13 8 4 18 25 
11 22 26 20 19 15 10 9 1 24 13 8 4 25 18 29 6 28 16 3 27 23 14 7 2 0 12 21 17 5 
15 10 9 1 24 8 13 4 18 25 29 6 28 16 3 27 23 14 7 2 0 12 21 17 5 11 22 26 20 19 
12 0 2 7 14 23 27 3 16 28 6 29 18 25 4 19 20 15 10 9 1 24 13 8 5 17 11 22 26 21 
24 8 13 1 9 10 15 20 19 6 29 18 4 25 28 16 3 27 23 14 7 26 2 0 12 21 17 5 11 22 
1 9 10 15 20 19 6 29 18 4 25 28 16 3 27 23 14 7 2 0 12 21 26 22 11 17 5 8 13 24 
8 13 24 1 9 10 15 20 19 6 29 18 4 25 28 16 3 27 23 14 7 26 2 0 12 21 17 5 11 22 
9 1 24 13 8 10 15 20 19 6 29 18 4 25 28 16 3 27 23 14 7 26 2 0 12 21 17 5 11 22 
1 9 10 15 20 19 6 29 18 4 25 28 16 3 27 23 14 7 26 2 0 12 21 17 5 11 22 8 13 24 
20 19 6 29 18 4 25 28 16 3 27 23 14 7 26 2 0 12 21 17 5 11 22 9 1 24 8 13 10 15 
9 1 24 13 8 10 15 20 19 6 29 18 4 25 28 16 3 27 23 14 7 26 2 0 12 21 17 5 11 22 
9 1 24 13 8 10 15 20 19 6 29 18 4 25 28 16 3 27 23 14 7 26 2 0 12 21 17 5 11 22 
6 29 18 4 25 28 16 3 27 23 14 7 26 2 0 12 21 17 5 11 22 9 1 24 13 8 10 15 20 19 
19 6 29 18 4 25 28 16 3 27 23 14 7 26 2 0 12 21 17 5 11 22 9 1 24 8 13 10 15 20 
23 14 7 26 2 0 12 21 17 5 11 22 9 1 24 13 8 10 15 20 19 6 29 18 4 25 28 16 3 27 
23 14 7 26 2 0 12 21 17 5 11 22 9 1 24 13 8 10 15 20 19 6 29 18 4 25 28 16 3 27 
13 8 24 1 9 10 15 20 19 6 29 18 4 25 28 16 3 27 23 14 7 26 2 0 12 21 17 5 11 22 
20 19 6 29 18 4 25 28 16 3 27 23 14 7 26 2 0 12 21 17 5 11 22 8 13 24 1 9 10 15 
22 11 17 5 8 13 24 1 9 10 15 20 19 6 29 18 4 25 28 16 3 27 23 14 2 7 26 0 12 21 
1 9 10 15 20 19 6 29 18 4 25 28 16 3 27 23 14 7 26 2 0 12 21 17 5 11 22 8 13 24 
18 25 29 6 28 16 3 27 23 14 7 2 0 12 21 17 5 11 22 26 20 19 15 10 9 1 24 13 8 4 
21 12 0 2 26 7 14 23 27 3 16 28 6 29 18 4 25 19 20 15 10 9 1 24 13 8 5 17 11 22 
26 7 2 0 12 21 17 5 11 22 8 13 24 1 9 10 15 20 19 6 29 18 4 25 28 16 3 27 23 14 
26 7 2 0 12 21 17 5 11 22 8 13 24 1 9 10 15 20 19 6 29 18 4 25 28 16 3 27 23 14 
5 17 21 12 0 2 26 7 14 23 27 3 16 28 6 29 18 4 25 19 20 15 10 9 1 24 13 8 11 22 
8 13 24 1 9 10 15 20 19 6 29 18 4 25 28 16 3 27 23 14 7 26 2 0 12 21 17 5 11 22 
24 13 8 1 9 10 15 20 19 6 29 18 4 25 28 16 3 27 23 14 7 26 2 0 12 21 17 5 11 22 
7 26 2 0 12 21 17 5 11 22 9 1 24 13 8 10 15 20 19 6 29 18 4 25 28 16 3 27 23 14 
9 1 24 13 8 10 15 20 19 6 29 18 4 25 28 16 3 27 23 14 7 26 2 0 12 21 17 5 11 22 
27 23 14 7 26 2 0 12 21 17 5 11 22 8 13 24 1 9 10 15 20 19 6 29 18 4 25 28 16 3 
28 16 3 27 23 14 2 7 26 12 0 21 17 5 11 22 8 13 24 1 9 10 15 20 19 6 29 18 4 25 
21 17 5 22 11 24 13 8 1 9 10 15 20 19 6 29 18 4 25 28 16 3 27 23 14 2 7 26 12 0 
22 11 17 5 8 13 24 1 9 10 15 20 19 6 29 18 4 25 28 16 3 27 23 14 2 7 26 12 0 21 
3 27 23 14 7 2 0 12 21 17 5 11 22 26 20 19 15 10 9 1 24 8 13 4 18 25 29 6 28 16 
10 15 20 19 6 29 18 4 25 28 16 3 27 23 14 7 26 2 0 12 21 17 5 11 22 8 13 24 1 9 
8 13 24 1 9 10 15 20 19 6 29 18 4 25 28 16 3 27 23 14 7 26 2 0 12 21 17 5 11 22 
5 17 21 12 0 2 26 7 14 23 27 3 16 28 6 29 18 4 25 19 20 15 10 9 1 24 13 8 11 22 
26 7 2 0 12 21 17 5 11 22 9 1 24 13 8 10 15 20 19 6 29 18 4 25 28 16 3 27 23 14 
27 23 14 7 26 2 0 12 21 17 5 11 22 9 1 24 13 8 10 15 20 19 6 29 18 4 25 28 16 3 
22 11 17 5 8 13 24 1 9 10 15 20 19 6 29 18 4 25 28 16 3 27 23 14 7 2 0 12 21 26 
