41 44 2 10 7 36 37 42 4 0 33 27 26 1 19 20 38 21 43 15 32 5 8 25 13 9 17 12 6 11 35 28 39 34 29 14 31 16 24 3 23 30 18 22 40 
32 15 43 21 38 20 19 26 1 27 33 0 42 37 36 7 10 2 44 41 40 30 18 22 23 3 24 16 31 14 28 39 34 29 35 11 6 12 17 9 13 25 4 8 5 
29 34 39 28 14 31 16 24 3 23 30 18 22 40 41 44 2 10 7 36 37 42 12 4 0 33 27 1 26 19 20 38 21 43 15 32 5 8 25 13 9 17 6 11 35 
39 28 35 14 31 7 10 2 44 41 40 23 30 18 22 38 20 19 1 26 21 43 15 32 5 8 27 33 0 42 12 4 25 13 9 17 6 11 37 36 24 3 16 29 34 
34 39 28 14 31 16 24 3 23 30 18 22 40 41 44 2 10 7 36 37 42 0 33 27 1 19 20 38 21 43 15 32 5 8 26 4 25 13 9 17 12 6 11 35 29 
30 18 22 40 41 44 2 10 7 36 37 42 0 4 33 27 1 26 20 19 38 21 43 15 32 5 8 25 13 17 9 12 6 11 35 28 39 29 34 16 31 14 24 3 23 
24 3 16 14 31 7 10 2 44 41 40 23 30 18 22 38 21 43 15 32 5 8 26 20 19 1 27 33 0 42 12 4 25 13 9 17 6 11 37 36 35 28 39 34 29 
12 17 9 13 25 4 33 27 1 26 19 20 38 21 43 15 32 5 8 0 42 37 36 7 10 2 44 41 40 22 18 30 23 3 24 16 31 14 28 39 34 29 35 11 6 
11 6 17 9 13 25 4 12 42 0 33 27 1 19 20 26 15 32 5 8 43 21 38 22 18 30 23 40 41 44 2 10 7 36 37 31 14 16 24 3 34 29 39 28 35 
7 10 2 44 41 40 23 30 18 22 38 20 19 21 43 15 32 5 8 26 1 27 33 0 42 12 4 25 13 9 17 6 11 37 36 31 14 28 39 34 29 35 16 3 24 
32 15 43 21 38 20 19 1 26 27 33 0 42 37 36 7 10 2 44 41 40 30 18 22 23 3 24 16 31 14 28 39 34 29 35 11 6 12 17 9 13 25 4 8 5 
30 18 22 40 41 44 2 10 7 36 37 42 0 4 33 27 1 26 20 19 38 21 43 15 32 5 8 25 13 17 9 12 6 11 35 28 39 34 29 14 31 16 24 3 23 
26 19 20 38 21 43 15 32 5 8 27 33 0 42 12 4 25 13 9 17 6 11 37 36 10 7 31 14 28 39 34 29 35 16 24 3 23 30 18 22 40 41 44 2 1 
39 29 34 28 14 31 16 24 3 23 30 18 22 40 41 44 2 10 7 36 37 42 0 33 27 1 19 20 38 21 43 15 32 5 8 26 4 25 13 9 17 12 6 11 35 
3 23 30 18 22 40 41 44 2 10 7 36 37 42 0 33 27 1 26 19 20 38 21 43 15 32 5 8 4 25 13 9 17 12 6 11 35 28 39 34 29 16 31 14 24 
16 14 31 24 3 23 30 18 22 40 41 44 2 10 7 36 37 42 0 4 27 33 1 26 20 19 38 21 43 15 32 5 8 25 13 9 17 12 6 11 35 28 39 34 29 
29 34 39 28 14 31 16 24 3 23 30 18 22 40 41 44 2 10 7 36 37 42 0 4 33 27 1 26 19 20 38 21 43 15 32 5 8 25 13 17 9 12 6 11 35 
33 27 1 26 19 20 38 21 43 15 32 5 8 4 0 42 37 36 7 10 2 44 41 40 22 18 30 23 3 24 16 31 14 28 39 34 29 35 11 6 12 17 9 13 25 
35 28 39 34 29 16 24 3 23 30 18 22 38 21 43 15 32 5 8 26 20 19 1 27 33 0 42 12 4 25 13 9 17 6 11 37 36 7 10 2 44 41 40 31 14 
15 32 5 8 26 1 27 33 0 42 12 17 9 13 25 4 6 11 37 36 10 7 31 14 35 28 39 34 29 16 24 3 23 30 18 22 40 41 44 2 19 20 38 21 43 
23 30 18 22 40 41 44 2 10 7 36 37 42 0 4 33 27 1 26 20 19 38 21 43 15 32 5 8 25 13 17 9 12 6 11 35 28 39 34 29 16 14 31 24 3 
39 28 35 14 31 24 3 7 10 2 44 41 40 23 30 18 22 38 21 43 15 32 5 8 26 20 19 1 27 33 0 42 12 4 25 13 17 9 6 11 37 36 16 34 29 
16 39 34 29 28 35 14 31 7 10 2 44 41 40 23 30 18 22 38 21 43 15 32 5 8 26 20 19 1 27 33 0 42 12 17 9 13 25 4 6 11 37 36 24 3 
32 15 43 21 38 20 19 26 1 27 33 0 42 37 36 7 10 2 44 41 40 30 18 22 23 3 24 16 31 14 28 39 34 29 35 11 6 12 17 9 13 25 4 8 5 
16 14 31 7 10 2 44 41 40 23 30 18 22 38 21 43 15 32 5 8 26 20 19 1 27 33 0 42 12 4 25 13 9 17 6 11 37 36 24 3 34 29 39 28 35 
8 5 32 15 43 21 38 20 19 26 1 27 33 0 42 37 36 7 10 2 44 41 40 30 18 22 23 3 24 16 31 14 28 39 34 29 35 11 6 12 17 9 13 25 4 
44 2 10 7 36 37 42 12 4 0 33 27 1 26 20 19 38 21 43 15 32 5 8 25 13 17 9 6 11 35 28 39 34 29 14 31 16 24 3 23 30 18 22 40 41 
41 44 2 10 7 36 37 42 0 4 33 27 1 19 26 20 38 21 43 15 32 5 8 25 13 9 17 12 6 11 35 28 39 34 29 14 31 16 24 3 23 30 18 22 40 
21 38 20 19 1 26 27 33 0 42 37 36 7 10 2 44 41 40 30 18 22 23 3 24 16 31 14 28 39 34 29 35 11 6 12 17 9 13 25 4 8 5 32 15 43 
19 20 26 1 27 33 0 42 37 36 7 10 2 44 41 40 22 18 30 23 3 24 16 31 14 28 39 34 29 35 11 6 12 17 9 13 25 4 8 5 32 15 43 21 38 
7 10 2 44 41 40 22 18 30 23 3 24 16 31 14 28 39 34 29 35 11 6 12 17 9 13 25 4 33 27 1 19 20 38 21 43 15 32 5 8 26 0 42 37 36 
29 34 39 28 14 31 16 24 3 23 30 18 22 40 41 44 2 10 7 36 37 42 0 4 33 27 1 26 20 19 38 21 43 15 32 5 8 25 13 17 9 12 6 11 35 
10 7 36 37 42 0 33 27 1 26 20 19 38 21 43 15 32 5 8 4 25 13 17 9 12 6 11 35 28 39 34 29 14 31 16 24 3 23 30 18 22 40 41 44 2 
19 20 38 21 43 15 32 5 8 26 27 33 0 42 37 36 7 10 2 44 41 40 22 18 30 23 3 24 16 31 14 28 39 34 29 35 11 6 12 17 9 13 25 4 1 
34 29 39 28 14 31 16 24 3 23 30 18 22 40 41 44 2 10 7 36 37 42 0 4 33 27 1 26 20 19 38 21 43 15 32 5 8 25 13 17 9 12 6 11 35 
35 28 39 34 29 16 24 3 7 10 2 44 41 40 23 30 18 22 38 21 43 15 32 5 8 26 20 19 1 27 33 0 42 12 4 25 13 9 17 6 11 37 36 31 14 
7 36 37 42 0 4 33 27 1 26 19 20 38 21 43 15 32 5 8 25 13 9 17 12 6 11 35 28 39 34 29 16 31 14 24 3 23 30 18 22 40 41 44 2 10 
32 15 43 21 38 20 19 26 1 27 33 0 42 37 36 7 10 2 44 41 40 30 18 22 23 3 24 16 31 14 28 39 34 29 35 11 6 12 17 9 13 25 4 8 5 
29 34 39 28 14 31 16 24 3 23 30 18 22 40 41 44 2 10 7 36 37 42 12 4 0 33 27 1 26 19 20 38 21 43 15 32 5 8 25 13 9 17 6 11 35 
6 11 37 36 10 7 31 14 28 35 29 34 39 16 24 3 23 30 18 22 40 41 2 44 1 19 20 38 21 43 15 32 5 8 26 27 33 0 42 12 17 9 13 25 4 
2 10 7 36 37 11 6 12 42 0 4 33 27 1 26 19 20 38 21 43 15 32 5 8 25 13 17 9 35 28 39 34 29 14 31 16 24 3 23 30 18 22 40 41 44 
6 11 35 28 39 34 29 14 31 16 24 3 23 30 18 22 40 41 44 2 10 7 36 37 42 0 4 33 27 1 26 20 19 38 21 43 15 32 5 8 25 13 17 9 12 
40 41 44 2 10 7 24 3 16 34 29 39 28 35 14 31 36 37 11 6 17 9 13 25 12 42 0 4 33 27 1 19 20 38 21 43 15 32 5 8 26 22 18 30 23 
3 24 7 10 2 44 41 40 23 30 18 22 38 21 43 15 32 5 8 26 20 19 1 27 33 0 42 12 17 9 13 25 4 6 11 37 36 31 14 28 39 34 29 35 16 
40 41 44 2 10 7 36 37 42 0 4 33 27 1 26 20 19 38 21 43 15 32 5 8 25 13 9 17 12 6 11 35 28 39 34 29 16 31 14 24 3 23 30 18 22 
16 31 14 28 39 34 29 35 11 6 12 17 9 13 25 4 33 27 1 26 19 20 38 21 43 15 32 5 8 0 42 37 36 7 10 2 44 41 40 22 18 30 23 3 24 
27 33 0 42 37 36 7 10 2 44 41 40 30 18 22 23 3 24 16 31 14 28 39 34 29 35 11 6 12 17 9 13 25 4 1 19 20 38 21 43 15 32 5 8 26 
18 22 40 41 44 2 10 7 36 37 42 0 4 33 27 1 26 19 20 38 21 43 15 32 5 8 25 13 9 17 12 6 11 31 14 28 39 34 29 35 16 24 3 23 30 
29 34 39 28 35 14 31 16 3 24 7 10 2 44 41 40 23 30 18 22 38 21 43 15 32 5 8 26 20 19 1 27 33 0 42 12 4 25 13 9 17 6 11 37 36 
40 41 44 2 10 7 36 37 42 12 4 0 33 27 1 26 19 20 38 21 43 15 32 5 8 25 13 17 9 6 11 35 28 39 34 29 16 31 14 24 3 23 30 18 22 
41 44 2 10 7 36 37 42 0 33 27 1 19 20 38 21 43 15 32 5 8 26 4 25 13 9 17 12 6 11 35 28 39 34 29 16 31 14 24 3 23 30 18 22 40 
29 34 39 28 14 31 16 24 3 23 30 18 22 40 41 44 2 10 7 36 37 42 0 4 33 27 1 26 20 19 38 21 43 15 32 5 8 25 13 9 17 12 6 11 35 
31 14 28 35 29 34 39 16 24 3 7 10 2 44 41 40 23 30 18 22 38 21 43 15 32 5 8 26 20 19 1 27 33 4 0 42 12 17 9 13 25 6 11 37 36 
40 41 44 2 10 7 36 37 42 4 0 33 27 1 26 20 19 38 21 43 15 32 5 8 25 13 9 17 12 6 11 35 28 39 34 29 16 14 31 24 3 23 30 18 22 
26 19 20 38 21 43 15 32 5 8 27 33 0 42 37 36 7 10 2 44 41 40 30 18 22 23 3 24 16 31 14 28 39 34 29 35 11 6 12 17 9 13 25 4 1 
40 41 44 2 10 7 36 37 42 12 4 0 33 27 1 26 20 19 38 21 43 15 32 5 8 25 13 9 17 6 11 35 28 39 34 29 16 31 14 24 3 23 30 18 22 
22 18 30 23 40 41 44 2 10 7 36 37 31 14 16 24 3 34 29 39 28 35 11 6 17 9 13 25 4 12 42 0 33 27 1 19 20 38 21 43 15 32 5 8 26 
26 19 20 38 21 43 15 32 5 8 27 33 0 42 37 36 7 10 2 44 41 40 30 18 22 23 3 24 16 31 14 28 39 34 29 35 11 6 12 17 9 13 25 4 1 
18 22 40 41 44 2 10 7 36 37 42 12 4 0 33 27 1 26 20 19 38 21 43 15 32 5 8 25 13 9 17 6 11 35 28 39 34 29 31 14 16 24 3 23 30 
35 28 39 34 29 16 14 31 24 3 23 30 18 22 40 41 44 2 10 7 36 37 42 0 4 33 27 1 26 19 20 38 21 43 15 32 5 8 25 13 17 9 12 6 11 
39 34 29 35 28 14 31 7 10 2 44 41 40 23 30 18 22 38 21 43 15 32 5 8 26 20 19 1 27 33 0 42 12 17 9 13 25 4 6 11 37 36 24 3 16 
31 14 28 39 34 29 16 24 3 23 30 18 22 40 41 44 2 10 7 36 37 42 4 0 33 27 1 26 19 20 38 21 43 15 32 5 8 25 13 9 17 12 6 11 35 
37 36 10 2 44 41 40 23 30 18 22 38 21 43 15 32 5 8 26 20 19 1 27 33 0 42 12 17 9 13 25 4 6 11 35 28 39 34 29 16 3 24 31 14 7 
29 34 39 28 14 31 16 24 3 23 30 18 22 40 41 44 2 10 7 36 37 42 0 33 27 1 26 19 20 38 21 43 15 32 5 8 4 12 17 9 13 25 6 11 35 
35 28 39 34 29 16 14 31 24 3 23 30 18 22 40 41 44 2 10 7 36 37 42 0 4 33 27 1 26 19 20 38 21 43 15 32 5 8 25 13 9 17 12 6 11 
18 22 40 41 44 2 10 7 36 37 42 0 4 33 27 1 26 19 20 38 21 43 15 32 5 8 25 13 17 9 12 6 11 35 28 39 34 29 16 14 31 24 3 23 30 
23 30 18 22 40 41 44 2 10 7 36 37 42 0 4 33 27 1 26 20 19 38 21 43 15 32 5 8 25 13 17 9 12 6 11 35 28 39 34 29 16 14 31 24 3 
10 7 36 37 42 0 4 33 27 1 26 20 19 38 21 43 15 32 5 8 25 13 17 9 12 6 11 35 28 39 34 29 31 14 16 24 3 23 30 18 22 40 41 44 2 
22 18 30 23 40 41 44 2 10 36 7 24 3 16 31 14 28 39 34 29 35 6 11 37 42 12 17 9 13 25 4 0 33 27 1 19 20 26 8 5 32 15 43 21 38 
16 39 34 29 28 35 14 31 7 10 2 44 41 40 23 30 18 22 38 21 43 15 32 5 8 26 20 19 1 27 33 4 0 42 12 17 9 13 25 6 11 37 36 24 3 
10 7 36 37 42 0 4 33 27 1 26 19 20 38 21 43 15 32 5 8 25 13 17 9 12 6 11 35 28 39 34 29 14 31 16 24 3 23 30 18 22 40 41 44 2 
34 29 39 28 35 14 31 16 24 3 7 10 2 44 41 40 23 30 18 22 38 21 43 15 32 5 8 26 20 19 1 27 33 0 42 12 4 25 13 17 9 6 11 37 36 
10 7 36 37 42 0 4 33 27 26 1 19 20 38 21 43 15 32 5 8 25 13 9 17 12 6 11 35 28 39 34 29 16 31 14 24 3 23 30 18 22 40 41 44 2 
34 29 39 28 14 31 16 24 3 23 30 18 22 40 41 44 2 10 7 36 37 42 0 4 33 27 1 26 20 19 38 21 43 15 32 5 8 25 13 9 17 12 6 11 35 
41 44 2 10 7 36 37 42 0 4 33 27 26 1 19 20 38 21 43 15 32 5 8 25 13 9 17 12 6 11 35 28 39 34 29 16 14 31 24 3 23 30 18 22 40 
9 17 12 6 11 35 28 39 34 29 16 31 14 24 3 23 30 18 22 40 41 44 2 10 7 36 37 42 0 4 33 27 1 26 19 20 38 21 43 15 32 5 8 25 13 
3 24 16 14 31 7 10 2 44 41 40 23 30 18 22 38 21 43 15 32 5 8 26 20 19 1 27 33 0 4 25 13 9 17 12 42 37 36 11 6 35 28 39 34 29 
39 34 29 28 35 14 16 3 24 7 10 2 44 41 40 23 30 18 22 38 21 43 15 32 5 8 26 20 19 1 27 33 4 0 42 12 17 9 13 25 6 11 37 36 31 
39 28 14 31 7 10 2 44 41 40 23 30 18 22 38 21 43 15 32 5 8 26 20 19 1 27 33 0 42 12 4 25 13 9 17 6 11 37 36 24 3 16 35 34 29 
32 15 43 21 38 20 19 1 26 27 33 0 42 37 36 7 10 2 44 41 40 30 18 22 23 3 24 16 31 14 28 39 34 29 35 11 6 12 17 9 13 25 4 8 5 
32 15 43 21 38 20 19 1 26 27 33 0 42 37 36 7 10 2 44 41 40 30 18 22 23 3 24 16 31 14 28 39 34 29 35 11 6 12 17 9 13 25 4 8 5 
14 31 16 24 3 23 30 18 22 40 41 44 2 10 7 36 37 42 12 4 0 33 27 1 26 20 19 38 21 43 15 32 5 8 25 13 9 17 6 11 35 28 39 34 29 
40 41 44 2 10 7 36 37 42 0 4 33 27 1 26 19 20 38 21 43 15 32 5 8 25 13 9 17 12 6 11 35 28 39 29 34 16 31 14 24 3 23 30 18 22 
13 9 17 6 11 35 28 39 34 29 16 14 31 24 3 23 30 18 22 40 41 44 2 10 7 36 37 42 0 33 27 1 26 19 20 38 21 43 15 32 5 8 25 4 12 
41 44 2 10 7 36 37 42 0 4 33 27 1 19 26 20 38 21 43 15 32 5 8 25 13 12 17 9 6 11 35 28 39 34 29 14 31 16 24 3 23 30 18 22 40 
14 31 16 24 3 23 30 18 22 40 41 44 2 10 7 36 37 42 4 0 33 27 1 26 20 19 38 21 43 15 32 5 8 25 13 9 17 12 6 11 35 28 39 34 29 
5 32 15 43 21 38 20 19 1 26 27 33 0 42 37 36 7 10 2 44 41 40 30 18 22 23 3 24 16 31 14 28 39 34 29 35 11 6 12 17 9 13 25 4 8 
35 28 39 29 34 3 24 7 10 2 44 41 40 23 30 18 22 38 21 43 15 32 5 8 26 20 19 1 27 33 0 42 12 17 9 13 25 4 6 11 37 36 31 14 16 
19 20 38 21 43 15 32 5 8 27 33 0 42 12 4 25 13 17 9 6 11 37 36 10 7 31 16 39 34 29 28 35 14 24 3 23 30 18 22 40 41 44 2 1 26 
5 32 15 43 21 38 20 19 26 1 27 33 0 42 37 36 7 10 2 44 41 40 30 18 22 23 3 24 16 31 14 28 39 34 29 35 11 6 12 17 9 13 25 4 8 
40 41 44 2 10 7 36 37 42 0 4 33 27 1 26 19 20 38 21 43 15 32 5 8 25 13 17 9 6 12 11 35 28 39 34 29 16 14 31 24 3 23 30 18 22 
23 30 18 22 38 21 43 15 32 5 8 26 20 19 1 27 33 0 42 12 17 9 13 25 4 6 11 37 36 31 14 28 39 34 29 35 16 3 24 7 10 2 44 41 40 
18 22 40 41 44 2 10 7 36 37 42 0 4 33 27 1 26 20 19 38 21 43 15 32 5 8 25 13 9 17 12 6 11 35 28 39 34 29 16 31 14 24 3 23 30 
6 11 37 36 10 7 31 14 28 35 29 34 39 16 24 3 23 30 18 22 40 41 44 2 1 19 20 38 21 43 15 32 5 8 26 27 33 0 42 12 17 9 13 25 4 
6 11 37 36 10 7 31 14 28 35 29 34 39 16 24 3 23 30 18 22 40 41 44 2 1 19 20 38 21 43 15 32 5 8 26 27 33 0 42 12 17 9 13 25 4 
14 31 16 24 3 23 30 18 22 40 41 44 2 10 7 36 37 42 0 4 33 27 1 26 20 19 38 21 43 15 32 5 8 25 13 17 9 12 6 11 35 28 39 34 29 
30 18 22 40 41 44 2 10 7 36 37 42 0 4 33 27 1 26 20 19 38 21 43 15 32 5 8 25 13 17 9 12 6 11 35 29 34 39 28 14 31 16 24 3 23 
36 37 42 0 4 33 27 1 19 26 20 38 21 43 15 32 5 8 25 13 9 17 12 6 11 35 28 39 34 29 16 31 14 24 3 23 30 18 22 40 41 44 2 10 7 
19 20 38 21 43 15 32 5 8 27 33 0 42 37 36 7 10 2 44 41 40 30 18 22 23 3 24 16 31 14 28 39 34 29 35 11 6 12 17 9 13 25 4 1 26 
26 19 20 38 21 43 15 32 5 8 27 33 0 42 37 36 7 10 2 44 41 40 30 18 22 23 3 24 16 31 14 28 39 34 29 35 11 6 12 17 9 13 25 4 1 
