12 17 1 9 8 3 13 11 7 14 19 5 4 15 10 2 6 18 0 16 
7 14 19 11 13 3 8 9 1 17 12 16 0 18 6 5 10 2 15 4 
13 3 8 9 17 1 12 16 0 18 6 5 4 15 10 2 7 14 19 11 
13 3 8 9 17 1 12 16 0 18 6 5 4 15 10 2 7 14 19 11 
19 14 11 13 3 8 9 1 17 12 16 0 18 6 5 4 15 10 2 7 
19 14 11 13 3 8 9 1 17 12 16 0 18 6 5 4 15 10 2 7 
19 14 11 13 3 8 9 1 17 12 16 0 18 6 5 4 15 10 2 7 
19 14 11 13 3 8 9 1 17 12 16 0 18 6 5 4 15 10 2 7 
19 14 11 13 3 8 9 1 17 12 16 0 18 6 5 4 15 10 2 7 
2 10 15 4 5 6 18 0 16 12 17 1 9 8 3 13 11 14 19 7 
19 14 11 13 3 8 9 1 17 12 16 0 18 6 5 4 15 10 2 7 
14 19 12 16 0 18 6 5 4 15 10 2 7 11 13 3 8 9 1 17 
19 14 11 13 3 8 9 1 17 12 16 0 18 6 5 4 15 10 2 7 
5 4 15 10 2 6 18 0 16 12 17 1 9 8 3 13 11 7 14 19 
14 19 12 16 0 18 6 5 4 15 10 2 7 11 13 3 8 9 1 17 
15 4 5 6 18 0 16 12 17 1 9 8 3 13 11 14 19 7 2 10 
15 4 5 6 18 0 16 12 17 1 9 8 3 13 11 14 19 7 2 10 
2 15 10 4 5 6 18 0 16 12 1 17 9 8 3 13 11 14 19 7 
4 15 2 10 5 6 18 0 16 12 17 1 9 8 3 13 11 14 19 7 
4 15 2 10 5 6 18 0 16 12 17 1 9 8 3 13 11 14 19 7 
10 15 4 5 6 18 0 16 12 17 1 9 8 3 13 11 14 19 7 2 
10 15 4 5 6 18 0 16 12 17 1 9 8 3 13 11 14 19 7 2 
7 10 2 15 4 5 6 18 0 16 12 17 1 9 8 3 13 11 14 19 
9 1 17 12 16 0 18 6 5 4 15 10 2 7 14 19 11 13 3 8 
7 14 19 5 4 15 10 2 6 18 0 16 12 1 17 9 8 3 13 11 
2 15 10 4 5 6 18 0 16 12 1 17 9 8 3 13 11 14 19 7 
3 8 9 1 17 12 16 0 18 6 5 4 15 10 2 7 14 19 11 13 
3 8 9 1 17 12 16 0 18 6 5 4 15 10 2 7 14 19 11 13 
3 8 9 1 17 12 16 0 18 6 5 4 15 10 2 7 14 19 11 13 
10 15 4 5 6 18 0 16 12 17 1 9 8 3 13 11 14 19 7 2 
10 15 4 5 6 18 0 16 12 17 1 9 8 3 13 11 14 19 7 2 
14 19 12 16 0 18 6 5 4 15 10 2 7 11 13 3 8 9 1 17 
14 19 12 16 0 18 6 5 4 15 10 2 7 11 13 3 8 9 1 17 
14 19 12 16 0 18 6 5 4 15 10 2 7 11 13 3 8 9 1 17 
14 19 12 16 0 18 6 5 4 15 10 2 7 11 13 3 8 9 1 17 
14 19 12 16 0 18 6 5 4 15 10 2 7 11 13 3 8 9 1 17 
14 19 12 16 0 18 6 5 4 15 10 2 7 11 13 3 8 9 1 17 
10 15 4 5 6 18 0 16 12 17 1 9 8 3 13 11 14 19 7 2 
14 19 12 16 0 18 6 5 4 15 10 2 7 11 13 3 8 9 1 17 
14 19 12 16 0 18 6 5 4 15 10 2 7 11 13 3 8 9 1 17 
9 1 17 12 16 0 18 6 5 4 15 10 2 7 14 19 11 13 3 8 
14 19 12 16 0 18 6 5 4 15 10 2 7 11 13 3 8 9 1 17 
10 15 4 5 6 18 0 16 12 17 1 9 8 3 13 11 14 19 7 2 
19 14 11 13 3 8 9 1 17 12 16 0 18 6 5 10 2 15 4 7 
19 14 11 13 3 8 9 1 17 12 16 0 18 6 5 10 2 15 4 7 
15 2 10 4 5 6 18 0 16 12 17 1 9 8 3 13 11 14 19 7 
2 15 4 5 6 18 0 16 12 1 17 9 8 3 13 11 7 14 19 10 
2 15 4 5 6 18 0 16 12 1 17 9 8 3 13 11 7 14 19 10 
19 12 16 0 18 6 5 4 15 10 2 7 11 13 3 8 9 1 17 14 
4 15 2 10 5 6 18 0 16 12 17 1 9 8 3 13 11 14 19 7 
4 15 2 10 5 6 18 0 16 12 17 1 9 8 3 13 11 14 19 7 
2 10 15 4 5 6 18 0 16 12 17 1 9 8 3 13 11 14 19 7 
2 10 15 4 5 6 18 0 16 12 17 1 9 8 3 13 11 14 19 7 
4 15 2 10 5 6 18 0 16 12 17 1 9 8 3 13 11 14 19 7 
4 15 2 10 5 6 18 0 16 12 17 1 9 8 3 13 11 14 19 7 
16 0 18 6 5 4 15 10 2 7 19 14 11 13 3 8 9 1 17 12 
14 19 5 4 15 2 10 6 18 0 16 12 1 9 17 8 3 13 11 7 
2 10 15 4 5 6 18 0 16 12 17 1 9 8 3 13 11 14 19 7 
7 11 13 3 8 9 1 17 12 16 0 18 6 5 4 15 2 10 19 14 
7 11 13 3 8 9 1 17 12 16 0 18 6 5 4 15 2 10 19 14 
10 15 4 5 6 18 0 16 12 17 1 9 8 3 13 11 14 19 7 2 
10 15 4 5 6 18 0 16 12 17 1 9 8 3 13 11 14 19 7 2 
15 4 5 6 18 0 16 12 17 1 9 8 3 13 11 14 19 7 2 10 
7 19 14 11 13 3 8 9 1 17 12 16 0 18 6 5 4 15 10 2 
2 10 15 4 5 6 18 0 16 12 17 1 9 8 3 13 11 14 19 7 
19 14 11 13 3 8 9 1 17 12 16 0 18 6 5 4 15 10 2 7 
7 19 14 11 13 3 8 9 1 17 12 16 0 18 6 5 4 15 10 2 
19 14 11 13 3 8 9 1 17 12 16 0 18 6 5 10 2 15 4 7 
4 15 2 10 5 6 18 0 16 12 1 17 9 8 3 13 11 14 19 7 
10 15 4 5 6 18 0 16 12 17 1 9 8 3 13 11 14 19 7 2 
10 2 15 4 5 6 18 0 16 12 1 17 9 8 3 13 11 14 19 7 
4 15 2 10 5 6 18 0 16 12 17 1 9 8 3 13 11 14 19 7 
4 15 2 10 5 6 18 0 16 12 17 1 9 8 3 13 11 14 19 7 
10 15 4 5 6 18 0 16 12 17 1 9 8 3 13 11 14 19 7 2 
4 15 2 10 5 6 18 0 16 12 1 17 9 8 3 13 11 14 19 7 
10 15 4 5 6 18 0 16 12 1 17 9 8 3 13 11 14 19 7 2 
10 15 4 5 6 18 0 16 12 17 1 9 8 3 13 11 14 19 7 2 
7 4 15 2 10 5 6 18 0 16 12 17 1 9 8 3 13 11 14 19 
10 15 4 5 6 18 0 16 12 17 1 9 8 3 13 11 14 19 7 2 
14 19 12 16 0 18 6 5 10 2 15 4 7 11 13 3 8 9 1 17 
4 15 2 10 5 6 18 0 16 12 1 17 9 8 3 13 11 14 19 7 
14 19 12 16 0 18 6 5 4 15 10 2 7 11 13 3 8 9 1 17 
10 15 4 5 6 18 0 16 12 17 1 9 8 3 13 11 14 19 7 2 
10 15 4 5 6 18 0 16 12 17 1 9 8 3 13 11 14 19 7 2 
10 15 4 5 6 18 0 16 12 17 1 9 8 3 13 11 14 19 7 2 
7 19 14 11 13 3 8 9 1 17 12 16 0 18 6 5 4 15 10 2 
7 11 13 3 8 9 17 1 12 16 0 18 6 10 2 15 4 5 19 14 
7 11 13 3 8 9 17 1 12 16 0 18 6 10 2 15 4 5 19 14 
12 17 1 9 8 3 13 11 14 19 7 2 10 15 4 5 6 18 0 16 
14 19 12 5 4 15 2 10 6 18 0 16 1 17 9 8 3 13 11 7 
14 19 12 16 0 18 6 5 4 15 10 2 7 11 13 3 8 9 1 17 
14 19 12 16 0 18 6 5 4 15 10 2 7 11 13 3 8 9 1 17 
6 18 0 16 12 17 1 9 8 3 13 11 14 19 7 4 15 2 10 5 
6 18 0 16 12 17 1 9 8 3 13 11 14 19 7 4 15 2 10 5 
14 19 5 4 15 2 10 6 18 0 16 12 1 9 17 8 3 13 11 7 
14 19 5 4 15 2 10 6 18 0 16 12 1 9 17 8 3 13 11 7 
14 19 5 4 15 2 10 6 18 0 16 12 1 9 17 8 3 13 11 7 
4 15 2 10 5 6 18 0 16 12 17 1 9 8 3 13 11 14 19 7 
13 3 8 9 17 1 12 16 0 18 6 10 2 15 4 5 19 14 11 7 
19 14 11 13 3 8 9 1 17 12 16 0 18 6 5 4 15 10 2 7 
