45 8 18 42 28 6 48 9 10 24 46 15 51 7 52 14 37 33 49 4 53 43 22 41 27 36 13 47 34 11 3 26 54 23 30 40 38 5 44 17 0 35 50 32 12 39 16 19 20 25 21 31 29 2 1 
45 8 31 29 42 18 28 6 48 9 10 24 46 15 51 7 52 14 1 37 33 49 4 53 43 22 41 27 36 13 34 47 26 54 23 30 40 38 5 3 11 44 17 0 35 50 32 12 39 16 19 20 25 21 2 
29 45 1 42 18 28 6 48 9 10 24 46 15 51 7 52 14 37 33 49 4 53 43 22 41 27 36 13 47 34 11 3 26 54 23 30 40 38 5 44 17 0 35 32 50 12 39 16 19 20 25 21 2 8 31 
23 30 40 38 5 3 11 34 47 26 37 33 49 13 4 53 43 22 41 27 36 44 17 0 35 50 32 12 39 16 19 20 25 21 2 31 29 45 8 42 18 28 6 48 9 10 24 46 15 51 7 52 14 1 54 
2 21 31 8 45 29 1 42 18 28 6 48 9 10 24 46 15 51 7 52 14 37 33 49 4 53 43 22 41 27 36 13 34 11 3 47 26 54 23 30 40 38 5 44 17 0 35 32 50 12 39 16 19 20 25 
2 31 29 45 8 42 18 28 6 9 48 24 10 46 15 51 7 52 14 1 54 23 30 40 38 5 3 11 34 47 13 36 27 41 22 43 53 4 49 33 37 26 44 17 0 35 32 50 12 39 16 19 20 25 21 
21 31 29 45 8 42 18 28 6 48 9 10 24 46 15 51 7 52 14 1 37 33 49 4 53 43 22 41 27 36 13 34 11 47 3 26 54 23 30 40 38 5 44 17 0 35 50 32 12 39 16 19 20 25 2 
29 45 8 42 18 28 6 48 9 10 24 46 15 51 7 52 14 1 54 23 30 40 38 5 3 11 34 47 26 37 33 49 4 53 43 22 41 27 36 13 44 17 0 35 32 50 12 39 16 19 20 25 21 2 31 
31 8 42 18 28 6 9 48 24 10 46 15 51 7 52 14 1 45 29 54 23 30 40 38 5 3 11 34 47 26 37 33 49 13 4 53 43 22 41 27 36 44 17 0 35 50 32 12 39 16 19 20 25 21 2 
39 16 19 20 25 21 2 31 29 45 8 42 18 28 6 48 9 10 24 46 15 51 7 52 14 1 54 23 30 40 38 5 3 11 34 47 13 36 27 41 22 43 53 4 49 33 37 26 44 17 0 35 50 32 12 
23 30 40 38 5 3 26 37 33 49 4 53 43 36 27 41 22 13 34 47 11 44 17 0 35 32 50 12 39 16 19 20 25 21 2 31 8 18 28 6 48 9 10 24 46 15 51 7 52 14 1 42 29 45 54 
23 30 40 38 5 3 47 34 11 44 17 0 35 50 32 12 39 16 19 20 25 21 2 31 29 45 8 42 18 28 6 48 24 9 10 46 15 51 7 52 14 1 37 33 49 4 53 43 22 41 27 36 13 26 54 
21 31 2 18 42 28 6 48 9 10 24 46 15 51 7 52 14 1 8 45 29 54 23 30 40 38 5 3 11 34 47 13 36 27 41 22 43 53 4 49 33 37 26 44 17 0 35 32 50 12 39 16 19 20 25 
28 6 48 9 10 24 46 15 7 51 52 14 1 42 18 8 45 29 54 23 30 40 38 5 3 11 34 13 36 27 41 22 43 53 4 49 33 37 26 47 44 17 0 35 50 32 12 39 16 19 20 25 21 31 2 
29 31 2 21 25 20 19 16 39 12 32 50 35 0 17 44 11 34 47 13 36 27 41 22 43 4 53 49 33 37 26 3 5 40 38 30 23 54 45 8 42 18 28 6 48 9 10 24 46 15 51 7 52 14 1 
44 5 40 30 23 12 39 16 19 20 25 21 2 31 29 45 8 42 18 28 6 48 9 10 24 46 15 51 7 52 14 1 37 33 49 4 53 43 22 41 27 36 13 47 34 11 3 26 54 38 32 50 35 0 17 
2 21 31 8 45 29 1 42 18 28 6 48 24 10 9 46 15 51 7 52 14 37 33 49 13 4 53 43 22 41 27 36 34 11 3 47 26 54 23 30 40 38 5 44 17 0 35 50 32 12 39 16 19 20 25 
34 47 3 11 44 17 0 35 32 50 30 40 38 5 23 12 39 16 19 20 25 2 31 21 29 45 8 42 18 28 6 48 9 10 24 46 15 51 7 52 14 1 54 26 37 33 49 4 53 43 22 41 27 36 13 
47 34 11 44 5 3 26 54 23 30 40 38 17 0 35 32 50 12 39 16 19 20 25 21 2 31 8 45 29 1 42 18 28 6 48 9 10 24 46 15 51 7 52 14 37 33 49 4 53 43 22 41 27 36 13 
19 20 25 21 31 2 18 42 28 6 48 9 24 10 46 15 51 7 52 14 1 8 45 29 54 23 30 40 38 5 3 11 34 47 26 37 33 49 4 53 43 22 41 27 36 13 44 17 0 35 50 32 12 39 16 
45 8 42 18 28 6 48 9 10 24 46 15 51 7 52 14 1 54 23 30 40 38 5 3 11 34 47 26 37 33 49 4 53 43 22 41 27 36 13 44 17 0 35 50 32 12 39 16 19 20 25 21 2 31 29 
45 29 8 18 42 1 28 6 48 9 10 24 46 15 51 7 52 14 37 33 49 4 53 43 22 41 27 36 13 47 3 11 34 26 54 23 30 40 38 5 44 17 0 35 50 32 12 39 16 19 20 25 21 2 31 
25 21 2 31 8 42 18 28 6 48 9 10 24 46 15 51 7 52 14 1 45 29 54 23 30 40 38 5 26 37 33 49 4 53 43 22 41 27 36 13 34 11 3 47 44 17 0 35 50 32 12 39 16 19 20 
23 30 40 38 5 3 11 34 44 17 0 35 50 32 12 39 16 19 20 25 21 2 8 45 29 31 18 42 28 6 48 9 10 24 46 15 51 7 52 14 1 37 33 49 4 53 43 22 41 27 36 13 47 26 54 
23 30 40 38 5 3 26 37 33 49 13 53 4 43 22 41 27 36 34 47 11 44 17 0 35 50 32 12 39 16 19 20 25 21 31 2 18 42 1 14 52 51 7 15 46 10 9 24 48 6 28 8 45 29 54 
12 32 50 35 0 17 44 11 34 13 36 27 41 22 43 53 4 49 33 37 26 47 3 5 38 40 30 23 54 1 42 18 28 6 48 9 10 24 46 15 51 7 52 14 8 45 29 31 2 21 25 20 19 16 39 
39 16 19 20 25 21 2 31 29 45 8 42 18 28 6 48 9 10 24 46 15 51 7 52 14 1 54 23 30 40 38 5 3 11 34 13 47 26 37 33 49 4 53 43 22 41 27 36 44 17 0 35 32 50 12 
2 21 31 8 45 29 1 42 18 28 6 48 9 24 10 46 15 51 7 52 14 37 33 49 4 53 43 22 41 27 36 13 34 11 3 47 26 5 54 23 30 40 38 44 17 0 35 50 32 12 39 16 19 20 25 
23 30 40 38 5 3 26 37 33 49 4 53 43 22 41 27 36 13 47 34 11 44 17 0 35 32 50 39 16 19 20 25 21 31 2 8 42 18 28 6 48 9 10 24 46 15 51 7 52 14 1 45 29 54 12 
9 10 24 48 6 28 18 42 8 45 29 31 2 21 25 20 19 16 39 12 32 50 35 0 17 44 11 34 13 36 27 41 22 43 53 4 49 33 37 26 47 3 5 40 38 30 23 54 1 14 52 7 51 15 46 
49 33 37 26 3 5 40 38 30 23 54 29 45 8 18 42 28 6 48 9 10 24 46 15 51 7 52 14 1 2 31 21 25 20 19 16 39 12 32 50 0 35 17 44 11 34 47 13 36 27 41 22 43 53 4 
51 7 15 46 10 24 9 48 6 28 18 42 8 45 29 31 2 21 25 20 19 16 39 12 32 50 35 0 17 44 3 11 34 47 13 36 27 41 22 43 53 4 49 33 37 26 5 38 40 30 23 54 1 14 52 
35 0 32 50 12 39 16 19 20 25 21 31 2 8 42 18 28 6 48 9 10 24 46 15 51 7 52 14 1 45 29 54 23 30 40 38 5 3 11 34 47 13 36 27 41 22 43 53 4 49 33 37 26 44 17 
46 15 51 7 52 14 1 45 29 54 23 30 40 38 5 3 11 34 47 26 37 33 49 4 53 43 22 41 27 36 13 44 17 0 35 50 32 12 39 16 19 20 25 21 31 2 8 42 18 28 6 48 9 10 24 
40 30 23 12 39 16 19 20 25 21 2 31 8 42 18 28 6 48 9 10 24 46 15 51 7 52 14 1 45 29 54 37 33 49 4 53 43 22 41 27 36 13 34 11 3 47 26 5 38 44 17 0 35 50 32 
14 52 9 48 24 10 46 15 51 7 33 49 4 53 43 22 41 27 36 13 47 34 11 3 26 37 54 23 30 40 38 5 44 17 0 35 50 32 12 39 16 19 20 25 21 2 31 8 45 29 1 42 18 28 6 
21 31 8 42 18 28 6 48 9 10 24 46 15 51 7 52 14 1 45 29 54 23 30 40 38 5 3 11 34 47 26 37 33 49 4 53 43 22 41 27 36 13 44 17 0 35 50 32 12 39 16 19 20 25 2 
30 40 5 3 47 11 34 13 36 27 41 22 43 53 4 49 33 37 26 54 45 29 31 8 42 18 28 6 48 9 24 10 46 15 51 7 52 14 1 2 21 25 20 19 16 39 12 32 50 0 35 17 44 38 23 
25 21 2 31 8 42 18 28 6 48 9 10 24 46 15 51 7 52 14 1 45 29 54 23 30 40 38 5 3 11 34 47 13 36 27 41 22 43 53 4 49 33 37 26 44 17 0 35 50 32 12 39 16 19 20 
19 20 25 21 2 31 29 45 8 42 18 28 6 9 48 24 10 46 15 51 7 52 14 1 37 33 49 47 13 36 27 41 22 43 53 4 34 11 3 26 54 23 30 40 38 5 44 17 0 35 50 32 12 39 16 
21 31 8 42 18 28 6 48 9 10 24 46 15 51 7 52 14 1 45 29 54 30 40 38 5 3 47 26 37 33 49 4 53 43 22 41 27 36 13 34 11 44 17 0 35 50 32 12 23 39 16 19 20 25 2 
2 31 8 42 18 28 6 52 7 51 15 46 10 24 48 9 14 1 45 29 54 23 30 40 38 5 3 26 37 33 49 4 53 43 22 41 27 36 13 47 34 11 44 17 0 35 50 32 12 39 16 19 20 25 21 
45 8 42 18 28 6 9 48 24 10 46 15 51 7 52 14 1 54 23 30 40 38 5 3 11 34 47 13 36 27 41 22 43 53 4 49 33 37 26 44 17 0 35 50 32 12 39 16 19 20 25 21 2 31 29 
9 10 24 48 6 28 42 18 8 45 29 31 2 21 25 20 19 16 39 12 50 32 0 35 17 44 38 40 30 23 5 3 11 34 47 13 36 27 41 22 43 53 4 49 33 37 26 54 1 14 52 46 15 51 7 
26 47 34 11 44 17 0 35 32 50 12 39 16 19 20 25 21 2 31 29 45 8 18 42 1 28 6 24 48 9 10 46 15 51 7 52 14 37 33 49 4 53 43 22 41 27 36 13 3 5 40 38 30 23 54 
15 46 10 24 48 9 52 14 37 33 49 4 53 43 22 41 27 36 13 47 34 11 3 26 54 23 30 40 38 5 44 17 0 35 50 32 12 39 16 19 20 25 21 2 31 29 45 8 18 42 28 6 1 7 51 
29 45 8 42 18 28 6 48 9 10 24 46 15 51 7 52 14 1 54 23 30 40 38 5 3 11 34 36 27 41 22 43 53 4 13 49 33 37 26 47 44 17 0 35 50 32 12 39 16 19 20 25 21 31 2 
19 20 25 21 2 31 8 45 29 1 42 18 28 6 48 9 10 24 46 15 51 7 52 14 37 33 49 4 53 43 22 41 27 36 34 11 3 47 13 26 54 23 30 40 38 5 44 17 0 35 50 32 12 39 16 
8 45 29 31 21 25 20 19 16 39 12 32 50 35 0 17 44 11 34 47 3 5 38 40 30 23 54 26 37 33 49 4 53 43 22 41 27 36 13 7 51 15 46 10 24 48 9 52 14 1 42 18 28 6 2 
11 34 13 47 26 54 23 30 40 38 5 3 44 17 0 35 50 32 12 39 16 19 20 25 21 2 31 29 45 8 42 18 28 6 48 9 10 24 46 15 51 7 52 14 1 37 33 49 4 53 43 22 41 27 36 
9 10 24 48 6 28 18 42 8 45 29 31 2 21 25 20 19 16 39 12 30 40 38 5 3 47 13 36 27 41 22 43 53 4 49 33 37 26 34 11 44 17 0 35 32 50 23 54 1 14 52 7 51 15 46 
37 33 49 4 53 43 22 41 27 36 13 47 34 11 3 26 54 23 40 30 38 5 44 17 0 35 32 50 12 39 16 19 20 25 21 31 2 8 45 29 1 42 18 28 6 48 9 10 24 46 15 51 7 52 14 
52 14 37 33 49 13 4 53 43 22 41 27 36 34 11 3 47 26 54 23 30 40 38 5 44 17 0 35 32 50 12 39 16 19 20 25 21 2 31 29 45 8 1 42 18 28 6 48 9 10 24 46 15 51 7 
29 45 8 42 18 28 6 48 9 10 24 46 15 51 7 52 14 1 37 33 49 4 53 43 22 41 27 36 13 34 11 3 47 26 54 23 30 40 38 5 44 17 0 35 50 32 12 39 16 19 20 25 2 21 31 
39 16 19 20 25 21 2 31 29 45 8 42 18 28 6 48 9 10 24 46 15 51 7 52 14 1 54 23 30 40 38 5 3 11 34 47 13 36 27 41 22 43 53 4 49 33 37 26 44 17 0 35 50 32 12 
21 31 29 45 8 42 18 28 6 9 48 24 10 46 15 51 7 52 14 1 37 33 49 4 53 43 22 41 27 36 13 34 11 3 47 26 54 23 40 30 38 5 44 17 0 35 50 32 12 39 16 19 20 25 2 
8 45 29 31 21 25 20 19 16 39 12 32 50 35 0 17 44 11 34 36 27 41 22 43 53 4 13 47 3 5 38 40 30 23 54 26 37 33 49 7 51 15 46 10 24 48 9 52 14 1 42 18 28 6 2 
24 46 15 51 7 52 14 1 42 8 31 29 45 54 23 30 40 38 5 3 11 34 47 13 36 27 41 22 43 53 4 49 33 37 26 44 17 0 35 50 32 12 39 16 19 20 25 21 2 18 28 6 48 9 10 
23 30 40 5 44 11 3 47 34 13 36 27 41 22 43 53 4 49 33 37 26 54 45 8 42 18 28 6 48 9 10 24 46 15 51 7 52 14 1 29 31 2 21 25 20 19 16 39 12 32 50 0 35 17 38 
2 31 8 42 18 28 6 48 9 10 24 46 15 51 7 52 14 1 29 45 54 23 30 40 38 5 3 11 34 47 13 36 27 41 22 43 53 4 49 33 37 26 44 17 0 35 50 32 12 39 16 19 20 25 21 
8 31 29 45 54 23 30 40 38 5 3 11 34 47 26 37 33 49 4 53 43 22 41 27 36 13 44 17 0 35 50 32 12 39 16 19 20 25 21 2 18 42 28 6 48 9 10 24 46 15 51 7 52 14 1 
2 31 8 42 18 28 6 48 9 10 24 46 15 51 7 52 14 1 45 29 54 23 30 40 38 5 3 11 34 47 26 33 37 49 4 53 43 22 41 27 36 13 44 17 0 35 50 32 12 39 16 19 20 25 21 
29 45 8 42 18 28 6 48 9 10 24 46 15 51 7 52 14 1 37 33 49 4 53 43 22 41 27 36 13 34 11 3 47 26 54 23 30 40 38 5 44 17 0 35 50 32 12 39 16 19 20 25 2 21 31 
37 33 49 13 47 26 3 11 34 36 27 41 22 43 53 4 7 51 15 46 9 10 24 48 6 28 42 18 8 45 29 31 2 21 25 20 19 16 39 12 32 50 0 35 17 44 5 38 40 30 23 54 1 14 52 
33 37 26 3 47 49 4 53 43 22 41 27 36 13 34 11 44 17 0 35 50 32 12 30 40 38 5 23 39 16 19 20 25 21 2 31 8 45 29 54 1 42 18 28 6 14 52 9 48 24 10 46 15 51 7 
2 21 25 20 19 16 39 12 32 50 0 35 17 44 38 40 23 30 5 3 11 34 47 13 36 27 41 22 43 53 4 49 33 37 26 54 29 31 8 45 42 18 28 6 48 9 10 24 46 15 51 7 52 14 1 
54 1 42 18 28 6 48 9 10 24 46 15 51 7 52 14 37 33 49 4 53 43 22 41 27 36 13 34 11 3 47 26 5 40 23 30 38 44 17 0 35 50 32 12 39 16 19 20 25 21 2 31 8 45 29 
2 31 29 45 8 42 18 28 6 48 9 10 24 46 15 51 7 52 14 1 37 33 49 13 4 53 43 22 41 27 36 34 11 3 47 26 54 23 30 40 38 5 44 17 35 0 32 50 12 39 16 19 20 25 21 
12 30 23 40 38 5 26 37 33 49 4 53 43 22 41 27 36 13 34 11 3 47 44 17 0 35 32 50 39 16 19 20 25 21 2 31 29 8 42 18 28 6 48 9 24 10 46 15 51 7 52 14 1 45 54 
2 31 8 45 29 54 1 42 18 28 6 48 9 10 24 46 15 51 7 52 14 37 33 49 13 4 53 43 22 41 27 36 34 47 26 3 11 44 17 0 35 32 50 12 30 40 5 38 23 39 16 19 20 25 21 
31 29 45 8 1 42 18 28 6 48 9 10 24 46 15 51 7 52 14 37 33 49 4 53 43 22 41 27 36 13 34 11 3 47 26 54 23 30 40 38 5 44 17 0 35 32 50 12 39 16 19 20 25 21 2 
2 21 31 29 45 8 42 18 28 6 48 24 9 10 46 15 51 7 52 14 1 37 33 49 13 4 53 43 22 41 27 36 34 47 3 11 44 17 0 35 50 32 12 23 30 40 38 5 26 54 16 39 19 20 25 
2 31 21 25 20 19 16 39 12 32 50 0 35 17 44 38 40 30 23 5 3 11 34 47 13 36 27 41 22 43 53 4 49 33 37 26 54 45 29 8 42 18 28 6 48 9 10 24 46 15 51 7 52 14 1 
25 21 2 31 8 18 42 28 6 48 9 10 24 46 15 51 7 52 14 1 45 29 54 23 30 40 38 5 3 11 34 47 26 37 33 49 13 4 53 43 22 41 27 36 44 17 0 35 32 50 12 39 16 19 20 
34 47 13 36 27 41 22 43 4 53 49 33 37 26 3 11 44 17 35 0 32 50 12 39 16 19 20 25 21 2 31 8 42 18 28 6 48 9 10 24 46 15 51 7 52 14 1 45 29 54 23 30 40 38 5 
50 32 0 35 17 44 11 3 47 34 13 36 27 41 22 43 53 4 49 33 37 26 54 45 8 42 18 28 6 48 9 10 24 46 15 51 7 52 14 1 29 31 2 21 25 20 19 16 39 12 23 30 40 38 5 
19 20 25 21 2 31 29 45 8 42 18 28 6 48 9 10 24 46 15 51 7 52 14 1 54 23 30 40 38 5 3 11 34 47 13 36 27 41 22 43 53 4 49 33 37 26 44 17 0 35 50 32 12 39 16 
18 42 28 6 48 9 10 24 46 15 51 7 52 14 1 45 29 54 23 30 40 38 5 26 37 33 49 4 53 43 22 41 27 36 13 34 47 11 3 44 17 0 35 50 32 12 39 16 19 20 25 21 2 31 8 
34 11 47 13 49 33 37 26 3 5 40 30 23 38 44 17 0 35 50 32 12 39 16 19 20 25 21 31 2 8 45 29 54 1 42 18 28 6 14 52 9 48 24 10 46 15 51 7 53 4 43 22 41 27 36 
8 45 29 31 2 21 19 20 25 16 39 12 32 50 0 35 17 44 11 34 47 13 36 27 41 22 43 53 4 49 33 37 26 3 5 38 40 30 23 54 1 14 52 7 51 15 46 10 24 48 9 6 28 18 42 
29 45 8 42 18 28 6 48 9 10 24 46 15 51 7 52 14 1 54 23 30 40 38 5 3 11 34 47 26 37 33 49 13 4 53 43 22 36 27 41 44 17 0 35 50 32 12 39 16 19 20 25 21 2 31 
45 29 31 2 21 25 20 19 16 39 12 32 50 0 35 17 44 11 34 47 26 37 33 49 4 53 43 22 41 27 36 13 3 5 40 38 30 23 54 8 42 18 28 6 48 9 10 24 46 15 51 7 52 14 1 
0 35 17 44 11 3 47 34 36 27 41 22 43 4 53 13 49 33 37 26 54 45 29 31 8 18 42 1 14 52 7 51 15 46 10 24 48 9 6 28 2 21 25 20 19 16 39 12 32 50 23 30 40 5 38 
21 31 2 18 28 6 48 9 10 24 46 15 51 7 52 14 1 42 8 45 29 54 23 30 40 38 5 26 37 33 49 13 4 53 43 22 41 27 36 34 47 3 11 44 17 0 35 50 32 12 39 16 19 20 25 
21 31 2 18 28 6 48 9 10 24 46 15 51 7 52 14 1 42 8 45 29 54 23 30 40 38 5 26 33 37 49 13 4 53 43 22 41 27 36 34 47 3 11 44 17 0 35 50 32 12 39 16 19 20 25 
31 29 45 8 42 18 28 6 48 9 24 10 46 15 51 7 52 14 1 37 33 49 13 4 53 43 22 41 27 36 34 47 3 11 44 17 0 35 32 50 12 23 30 40 38 5 26 54 16 39 19 20 25 21 2 
25 21 2 31 29 45 8 42 18 28 6 48 9 10 24 46 15 51 7 52 14 1 54 23 30 40 38 5 3 11 34 47 13 36 27 41 22 43 4 53 49 33 37 26 44 17 0 35 32 50 12 39 16 19 20 
4 53 43 22 41 27 36 34 11 3 47 13 49 33 37 26 54 23 30 40 38 5 44 17 0 35 32 50 12 39 16 19 20 25 21 2 31 29 45 8 42 18 28 6 1 14 52 9 48 24 10 46 15 51 7 
42 18 28 6 48 9 10 24 46 15 51 7 52 14 1 45 29 31 2 21 25 20 19 16 39 12 32 50 35 0 17 44 38 30 23 40 5 3 47 34 11 13 36 27 41 22 43 53 4 49 33 37 26 54 8 
39 16 19 20 25 21 2 31 8 45 29 1 42 18 28 6 48 9 10 24 46 15 51 7 52 14 37 33 49 4 53 43 22 36 27 41 13 34 11 3 47 26 54 23 30 40 38 5 44 17 0 35 50 32 12 
52 14 1 45 29 54 23 30 40 38 5 3 11 34 47 13 36 27 41 22 43 53 4 49 33 37 26 44 17 0 35 32 50 12 39 16 19 20 25 21 31 2 8 42 18 28 6 48 9 10 24 46 15 51 7 
1 42 18 28 6 48 9 10 24 46 15 51 7 52 14 37 33 49 13 4 53 43 22 41 27 36 34 11 3 47 26 54 23 30 40 38 5 44 17 0 35 50 32 12 39 16 29 31 21 25 20 19 2 8 45 
5 3 11 34 13 47 26 37 33 49 4 53 43 22 27 41 36 44 17 35 0 32 50 12 39 16 19 20 25 21 2 31 29 45 8 42 18 28 6 9 48 24 10 46 15 51 7 52 14 1 54 23 30 40 38 
42 18 28 6 48 9 10 24 46 15 51 7 52 14 37 33 49 4 53 43 22 41 27 36 13 47 34 11 3 26 5 40 30 23 38 44 17 0 35 50 32 12 39 16 19 20 25 21 2 31 8 45 29 54 1 
24 10 9 48 6 28 18 42 8 45 29 54 23 30 40 38 5 3 11 34 13 47 26 37 33 49 4 53 43 22 41 27 36 44 17 0 35 32 50 12 39 16 19 20 25 21 31 2 1 14 52 7 51 15 46 
21 25 2 31 8 42 18 28 6 48 9 10 24 46 15 51 7 52 14 1 45 29 54 23 30 40 38 5 3 11 34 47 13 36 27 41 22 43 53 4 49 33 37 26 44 17 0 35 32 50 12 39 16 19 20 
24 10 9 48 6 28 42 18 8 45 29 31 2 21 25 20 19 16 39 12 32 50 35 0 17 44 38 40 30 23 5 3 11 34 47 13 36 27 41 22 43 53 4 49 33 37 26 54 1 14 52 46 15 51 7 
21 2 31 29 45 8 42 18 28 6 48 9 10 24 46 15 51 7 52 14 1 54 23 30 40 38 5 3 11 34 47 13 36 27 41 22 43 4 53 49 33 37 26 44 17 0 35 50 32 12 39 16 19 20 25 
39 16 19 20 25 21 2 31 29 45 8 42 18 28 6 48 9 10 24 46 15 51 7 52 14 1 54 23 30 40 38 5 3 11 34 47 13 36 27 41 22 43 53 4 49 33 37 26 44 17 0 35 50 32 12 
39 16 19 20 25 21 2 31 8 18 42 1 28 6 48 9 10 24 46 15 51 7 52 14 37 33 49 4 53 43 22 41 27 36 13 47 34 11 3 26 54 45 29 23 30 40 38 5 44 17 0 35 50 32 12 
