89 65 41 32 17 16 7 18 98 59 61 82 30 56 58 85 79 15 48 88 44 91 96 42 0 94 57 33 8 29 46 95 63 45 6 43 55 69 52 26 23 39 9 87 80 92 74 84 47 86 24 78 72 27 81 28 10 77 38 4 73 40 68 11 36 67 34 25 5 54 51 76 93 50 83 3 35 99 19 2 1 70 66 21 53 97 22 37 49 14 20 62 60 90 31 13 75 64 71 12 
63 17 32 41 65 89 12 55 69 52 26 23 43 6 45 71 64 75 13 40 68 11 36 57 33 8 29 46 95 42 0 94 53 21 67 34 25 5 14 49 20 37 10 28 81 62 27 72 78 86 24 60 47 84 74 92 9 87 39 80 31 90 38 77 4 73 22 97 54 51 76 93 50 83 3 35 99 19 2 1 70 66 44 88 48 91 96 15 79 85 58 30 56 61 82 59 98 18 7 16 
34 25 97 22 4 73 40 68 13 31 64 75 80 39 9 87 92 74 84 47 86 24 78 27 72 60 90 38 77 10 28 81 62 20 49 14 37 5 54 51 76 93 50 83 3 35 99 19 2 1 70 66 53 94 57 33 8 29 46 95 63 17 32 41 65 89 12 55 69 52 26 23 43 6 45 71 16 7 18 98 59 61 82 30 56 58 85 79 15 91 48 88 44 96 42 0 36 11 67 21 
98 18 7 16 17 32 41 65 89 12 55 69 52 26 23 43 6 45 71 64 80 39 9 87 92 74 84 47 86 24 78 72 27 62 81 28 10 37 97 22 34 25 5 14 49 20 54 51 76 93 50 83 3 35 99 19 2 1 70 66 53 21 67 36 11 68 40 13 75 31 90 60 77 38 4 73 8 46 95 63 29 33 57 94 0 42 96 91 48 88 44 15 85 79 59 61 82 30 56 58 
4 38 77 10 28 81 27 78 72 86 24 60 47 84 74 92 9 87 39 80 64 75 13 40 68 11 36 53 21 67 34 25 97 22 37 62 20 49 14 5 54 51 76 93 50 83 3 35 99 19 2 1 70 66 44 88 48 91 15 79 85 58 56 30 61 82 59 98 18 7 16 17 32 41 65 89 12 55 69 52 26 23 43 6 45 71 29 46 95 63 8 57 94 0 42 96 33 73 31 90 
57 33 36 11 68 40 13 75 64 80 39 9 87 92 74 84 47 86 24 78 72 27 62 10 28 81 20 49 14 37 97 22 73 4 38 77 60 90 31 21 67 34 25 5 54 51 76 93 50 83 3 35 99 19 2 1 70 66 53 94 0 42 96 44 88 91 48 15 85 79 58 56 30 82 61 59 98 18 7 16 17 32 41 65 89 12 55 69 52 26 23 43 6 45 71 29 8 46 95 63 
44 88 48 91 15 79 85 58 56 30 82 61 59 98 18 7 16 17 32 41 65 89 12 55 69 52 26 23 43 6 45 71 75 64 31 13 73 40 68 11 36 94 57 33 8 29 46 95 63 42 96 0 53 21 67 25 34 22 97 37 28 81 10 77 38 4 60 24 86 47 84 74 92 9 87 39 80 90 78 72 27 62 20 49 14 5 54 51 76 93 50 83 3 35 99 19 2 1 70 66 
87 39 80 64 75 40 68 11 36 33 57 94 53 54 51 76 93 50 83 3 35 99 19 2 1 88 48 91 15 79 85 58 56 30 82 61 59 98 18 7 16 17 32 41 65 89 12 55 69 52 26 23 43 6 45 71 63 46 95 8 29 0 42 96 44 66 70 21 67 34 22 97 25 5 14 49 20 62 27 72 78 24 86 47 60 90 31 13 73 4 38 77 10 37 28 81 84 74 92 9 
86 47 60 24 78 72 27 62 81 28 10 77 38 4 73 40 68 33 57 94 53 21 67 34 25 5 54 35 3 83 50 93 51 76 14 49 20 37 97 22 11 36 0 42 96 91 48 88 44 66 70 19 99 1 2 15 79 85 58 56 30 82 61 59 98 18 7 16 17 32 41 65 89 12 55 69 52 26 23 43 6 45 71 29 46 95 63 8 75 13 31 64 80 39 9 87 74 92 84 90 
13 75 64 80 39 9 87 26 23 43 55 69 12 65 89 41 32 17 16 7 18 98 59 61 82 30 56 58 85 79 15 91 48 88 44 96 42 0 57 33 36 11 68 40 73 4 38 77 10 28 81 62 20 49 14 37 97 22 34 25 5 54 51 76 93 50 83 3 35 99 19 2 1 70 66 21 67 53 94 8 29 46 95 63 45 71 6 52 74 92 84 47 86 24 78 72 27 60 90 31 
92 74 84 47 60 24 86 78 72 27 62 81 28 10 77 38 4 22 97 25 34 67 21 53 94 57 33 8 29 46 95 63 32 17 16 7 18 98 59 61 82 30 56 58 85 79 15 91 48 88 44 66 70 19 2 1 99 35 3 83 50 93 51 76 54 5 14 49 20 37 73 40 68 11 36 0 42 96 71 45 6 43 55 69 12 89 65 41 52 26 23 87 9 39 80 64 75 13 31 90 
30 56 58 85 79 15 91 48 88 44 96 42 0 94 53 36 33 57 8 29 46 95 63 17 32 41 65 89 12 55 69 52 26 23 43 6 45 71 64 75 13 31 90 38 4 73 40 68 11 67 21 66 70 35 3 99 19 2 1 83 50 93 76 51 54 5 25 34 22 97 37 49 14 20 10 77 81 28 62 27 72 78 24 86 47 60 84 74 92 9 87 39 80 16 7 18 98 59 61 82 
27 72 78 24 60 90 38 77 10 28 81 62 20 49 14 37 97 22 73 40 68 33 57 94 53 67 21 54 51 76 93 50 83 3 35 99 19 2 1 70 66 44 88 91 48 15 79 85 58 56 30 82 61 59 98 18 7 16 17 32 41 65 89 12 55 69 52 26 23 43 6 45 71 29 8 46 95 63 42 96 0 36 11 34 25 5 4 31 13 75 64 80 39 9 87 92 74 84 47 86 
34 67 11 36 94 57 33 8 46 95 63 29 71 45 6 43 23 26 52 69 55 12 65 41 89 32 17 16 7 18 98 59 61 82 30 56 58 85 79 15 91 48 88 96 42 0 44 66 70 19 2 1 99 35 3 83 50 93 51 76 54 21 53 68 40 73 4 38 77 10 81 28 62 27 72 78 24 86 47 84 74 92 9 87 39 80 64 75 13 31 90 60 37 97 22 25 5 14 49 20 
31 13 40 68 11 36 67 34 25 97 22 37 10 28 81 20 49 14 5 54 51 76 93 50 83 3 35 99 19 2 1 70 66 21 53 94 0 42 96 91 48 88 44 15 79 85 58 56 30 61 82 59 98 18 7 16 17 32 41 65 89 12 55 69 52 26 23 43 6 45 71 75 64 80 39 9 87 92 74 84 60 47 86 24 78 72 27 62 77 38 90 4 73 33 57 8 29 46 63 95 
80 39 9 87 92 74 84 47 86 24 78 72 27 62 28 81 20 49 14 37 10 77 38 4 73 40 68 11 36 21 67 34 22 97 25 5 54 76 51 93 50 83 3 35 99 19 2 1 70 66 53 94 57 33 8 29 46 95 63 32 17 16 7 18 98 59 61 82 30 56 58 85 79 15 91 48 88 44 96 42 0 41 65 89 12 55 69 52 26 23 43 6 45 71 75 64 31 13 90 60 
88 44 66 53 94 57 33 8 29 46 63 95 32 17 16 7 18 98 59 61 82 30 56 58 85 79 15 48 91 96 42 0 36 11 67 21 54 5 25 34 22 97 37 10 28 81 62 27 72 78 24 86 47 84 74 92 80 39 9 87 23 26 52 69 55 12 89 65 41 45 6 43 71 64 75 13 31 38 4 73 40 68 90 60 77 20 49 14 51 76 93 50 83 3 35 70 19 99 1 2 
18 7 16 17 32 41 65 89 12 55 69 52 26 23 43 6 45 71 75 64 80 39 9 87 92 74 84 47 86 24 78 72 27 62 20 49 14 5 25 34 22 97 37 10 28 81 77 38 90 60 4 73 13 31 40 68 33 8 29 46 95 63 42 96 91 48 88 44 0 57 94 53 21 67 36 11 54 51 76 93 50 83 3 35 19 2 1 99 70 66 15 79 85 58 56 30 82 61 59 98 
38 77 10 37 97 22 34 25 5 54 51 76 93 50 83 3 35 99 19 2 1 70 66 53 21 67 36 11 94 57 33 8 29 46 63 95 42 0 44 88 91 96 48 15 79 85 58 56 30 82 61 59 98 18 7 16 17 32 41 65 89 12 55 69 52 26 23 43 6 45 71 75 13 31 64 80 39 9 87 92 74 84 47 86 78 72 27 62 81 28 20 49 14 4 73 40 68 90 60 24 
4 38 77 10 28 81 62 20 49 14 37 97 22 34 25 5 54 51 76 93 50 83 3 35 70 19 99 1 2 88 44 66 53 21 67 11 36 94 57 33 68 40 13 31 64 75 71 45 6 43 23 26 52 69 55 12 89 41 65 32 17 16 7 18 98 59 61 82 30 56 58 79 85 15 48 91 96 42 0 46 95 63 8 29 80 39 9 87 92 74 84 47 86 24 60 78 72 27 90 73 
73 4 38 77 10 28 81 62 20 49 14 37 97 22 25 5 54 51 76 93 50 83 3 35 99 19 2 1 70 66 21 53 94 57 33 8 29 46 95 63 32 17 16 7 18 98 59 61 82 30 56 58 85 79 15 91 48 88 44 96 42 0 36 11 67 34 68 40 13 31 64 75 80 39 9 87 23 43 6 45 71 65 41 89 12 55 69 52 26 92 74 84 47 60 24 86 78 72 27 90 
48 91 15 79 85 58 56 30 82 61 59 98 18 7 16 17 32 41 65 89 12 55 69 52 26 23 43 6 45 71 75 64 31 13 40 68 73 4 38 77 10 28 81 62 27 72 78 24 86 47 84 74 92 87 9 39 80 90 60 14 49 20 37 97 22 34 5 25 54 51 76 93 50 83 3 35 99 19 2 1 70 66 21 53 94 57 33 36 11 67 8 29 46 95 63 0 42 96 44 88 
73 40 68 11 36 53 21 67 34 25 97 22 4 38 77 10 28 81 62 20 49 14 5 54 51 76 93 50 83 3 35 99 19 2 1 70 66 44 88 48 91 15 79 85 58 56 30 82 61 59 96 42 0 94 57 33 8 29 46 95 63 17 16 7 18 98 32 41 65 89 12 55 69 52 26 23 43 6 45 71 75 64 31 13 90 80 39 9 87 92 74 84 47 86 24 60 78 72 27 37 
4 73 40 68 33 57 94 53 21 67 34 25 5 54 51 76 93 50 83 3 35 99 19 1 2 70 66 44 88 48 91 15 79 85 58 56 30 61 82 59 98 18 7 16 17 32 41 65 89 12 55 69 52 26 23 43 6 45 71 64 31 13 75 80 39 9 87 92 74 84 47 86 24 60 90 38 77 10 28 81 78 72 27 62 20 49 14 37 97 22 8 29 63 95 46 0 96 42 36 11 
57 33 36 11 67 21 53 94 0 42 96 91 15 79 85 58 56 30 82 61 59 98 18 7 16 17 32 41 65 89 12 55 69 52 26 23 43 6 45 71 29 46 95 63 8 75 64 80 39 9 87 92 74 84 47 60 24 86 78 72 27 62 20 28 81 10 77 38 4 73 68 40 13 31 90 37 49 14 25 34 22 97 5 54 51 76 93 50 83 3 35 70 19 99 1 2 88 48 44 66 
5 25 34 67 21 53 94 0 42 96 91 48 88 44 66 70 19 99 3 35 54 51 76 93 50 83 1 2 15 79 85 58 56 30 82 61 59 98 18 7 16 17 32 41 65 89 12 55 69 52 26 23 43 6 45 71 39 9 87 92 74 84 47 86 24 78 72 27 62 20 49 14 37 10 28 81 77 38 4 73 11 36 33 57 8 29 46 95 63 75 64 80 90 60 31 13 40 68 22 97 
71 6 45 65 41 89 12 55 69 52 26 23 43 39 9 87 92 74 84 47 86 24 78 72 27 81 10 28 62 20 49 14 37 97 22 34 25 5 54 51 76 93 50 83 3 35 99 19 2 1 70 66 53 21 67 11 68 40 13 31 64 75 80 90 60 38 77 4 73 36 33 57 94 0 42 96 91 48 88 44 15 79 85 58 56 30 82 61 59 98 18 7 16 17 32 63 95 46 29 8 
11 36 94 53 21 67 34 25 5 54 51 76 93 50 83 1 2 19 99 3 35 70 66 44 88 48 91 15 85 79 59 61 30 56 58 82 18 98 7 16 17 32 41 65 89 12 55 69 52 26 23 43 6 45 71 64 75 80 39 9 87 92 74 84 47 86 24 78 72 27 62 20 49 14 37 97 22 4 38 77 10 28 81 60 90 31 13 73 40 68 33 57 8 29 46 95 63 42 0 96 
14 49 20 28 10 77 38 4 73 40 68 11 36 94 57 33 8 29 46 95 63 17 32 41 65 89 12 69 55 52 26 23 43 6 45 71 64 75 13 31 90 80 39 9 87 92 74 84 47 60 24 86 78 72 27 81 62 37 97 25 5 22 34 67 21 53 66 44 88 48 91 15 79 85 58 30 56 82 61 59 98 18 7 16 42 0 96 70 35 3 99 19 2 1 83 50 93 51 76 54 
4 38 77 10 28 81 78 72 27 62 20 49 14 5 54 51 76 93 50 83 3 35 99 19 2 1 70 66 53 21 67 11 36 57 33 94 0 42 96 91 88 44 48 15 85 79 59 61 82 30 56 58 98 18 7 16 17 32 41 65 89 12 55 69 52 26 23 43 6 45 71 29 8 46 95 63 75 64 80 39 9 87 92 74 84 47 60 24 86 90 31 13 40 68 73 22 34 25 97 37 
26 23 43 6 45 71 32 17 16 7 18 98 59 61 82 30 56 58 85 79 15 91 48 88 44 66 21 53 94 0 57 33 68 40 13 75 64 80 39 9 87 92 74 84 47 86 24 60 90 31 73 4 38 77 10 28 81 78 72 27 62 20 49 14 5 25 34 67 36 11 22 97 37 54 51 76 93 50 83 3 35 99 19 2 1 70 96 42 95 46 8 29 63 41 65 89 12 55 69 52 
68 40 73 4 38 77 10 28 81 62 27 72 78 24 86 47 84 74 92 9 87 39 80 64 75 13 31 90 60 49 14 20 37 97 22 34 25 5 54 51 76 93 50 83 3 35 99 19 2 1 70 66 21 67 36 11 33 57 94 53 0 42 96 44 88 48 91 15 79 85 58 56 30 82 61 59 98 18 7 16 17 32 41 65 89 12 55 69 52 26 23 43 6 45 71 63 95 46 29 8 
57 33 36 11 68 40 13 75 64 31 90 60 24 86 47 84 74 92 9 87 39 80 38 4 73 22 97 25 5 14 49 20 62 28 81 27 72 78 77 10 37 34 67 21 53 94 0 42 96 91 88 44 66 70 19 99 3 35 54 51 76 93 50 83 1 2 48 15 79 85 58 56 30 82 61 59 98 18 7 16 17 32 41 65 89 12 55 69 52 26 23 43 6 45 71 46 63 95 29 8 
6 45 71 64 75 13 31 90 60 47 86 24 78 72 27 28 81 62 20 49 14 37 10 77 38 4 73 40 68 33 36 11 34 22 97 25 5 54 51 76 93 50 83 3 35 99 19 2 1 70 66 21 67 53 94 0 57 8 29 46 95 63 17 16 7 18 98 59 61 82 30 56 58 85 79 15 91 48 88 44 96 42 32 41 65 89 12 55 69 52 26 23 43 39 9 87 92 74 84 80 
72 78 24 60 47 86 84 74 92 9 87 39 80 64 75 13 31 90 38 77 10 28 81 62 20 49 14 97 22 34 25 5 54 51 76 93 50 83 3 35 99 19 2 1 70 66 44 88 48 91 15 79 85 58 56 30 82 61 59 98 18 7 16 17 32 41 65 89 12 55 69 52 26 23 43 6 45 71 29 8 46 95 63 57 94 36 11 67 21 53 0 42 96 33 68 40 73 4 37 27 
5 54 51 76 93 50 83 3 35 99 19 2 1 70 66 21 67 11 36 53 94 0 42 96 91 48 88 44 15 85 79 58 56 30 82 61 59 98 18 7 16 17 32 41 65 89 12 55 69 52 26 23 43 6 45 71 29 46 95 63 8 57 33 68 40 73 13 75 64 31 38 4 77 10 28 37 49 14 20 62 81 27 72 78 24 60 47 86 84 74 92 9 87 39 80 90 22 97 25 34 
55 69 52 26 23 87 9 92 74 84 47 86 24 78 72 27 81 28 62 14 49 20 37 97 22 4 38 77 10 60 90 31 13 75 64 80 39 71 45 6 43 65 89 41 32 17 16 7 18 98 59 61 82 30 56 58 85 79 15 91 48 88 44 96 42 0 57 33 68 40 73 11 36 53 21 67 34 25 5 54 51 76 93 50 83 3 35 99 19 1 2 70 66 94 8 29 46 95 63 12 
57 33 8 29 46 95 63 32 17 16 7 18 98 59 61 82 30 56 58 85 79 15 91 48 88 44 96 42 0 94 53 21 67 34 25 5 54 51 76 93 50 83 3 35 99 19 2 1 70 66 36 11 68 40 13 31 38 4 77 10 28 81 62 20 49 14 37 97 22 73 80 39 9 87 92 74 84 47 86 78 72 27 24 60 90 75 64 71 45 6 43 23 26 52 69 55 12 65 89 41 
81 28 10 37 97 22 34 25 5 54 51 76 93 50 83 3 35 99 19 2 1 70 66 21 67 11 68 40 13 31 64 75 71 45 6 43 23 26 52 69 55 12 89 41 65 32 17 16 7 18 98 59 61 82 30 56 58 85 79 15 91 48 88 44 96 42 0 94 53 36 33 57 8 29 46 95 63 87 9 39 80 92 74 84 47 60 24 86 78 72 27 62 20 49 14 77 38 4 73 90 
77 10 28 81 62 20 49 14 37 97 22 34 25 5 54 51 76 93 50 83 3 35 99 19 2 1 70 66 21 67 11 36 33 57 94 0 42 96 91 15 48 88 44 53 8 29 46 95 63 17 16 7 18 98 61 82 30 56 58 85 79 59 32 41 65 89 12 55 69 52 26 23 43 6 45 71 75 64 80 39 9 87 92 74 84 47 86 24 78 72 27 60 90 31 13 40 73 68 4 38 
87 9 39 80 64 75 40 73 4 38 77 10 37 97 22 34 25 5 14 49 20 28 81 62 27 72 78 24 86 47 84 74 92 90 60 31 13 68 11 36 33 57 94 0 42 96 91 88 44 66 21 53 67 54 51 76 93 50 83 3 35 99 19 2 1 70 48 15 79 85 58 30 56 82 61 59 98 18 7 16 17 32 41 65 89 12 55 69 52 26 23 43 6 45 71 29 8 46 95 63 
37 28 81 72 78 24 60 47 86 84 74 92 80 39 9 87 23 26 52 69 55 12 65 41 89 43 6 45 71 29 8 46 95 63 17 32 16 7 18 98 59 61 82 30 56 58 85 79 15 91 48 88 44 96 42 0 94 57 33 36 11 68 40 13 75 64 31 90 38 4 73 22 97 25 5 54 51 76 93 50 83 3 35 99 19 2 1 70 66 53 21 67 34 14 49 20 62 27 77 10 
85 58 56 30 82 61 59 98 18 7 16 17 32 41 65 89 12 55 69 52 26 23 43 6 45 71 75 64 31 13 40 68 33 57 94 53 36 11 34 25 5 14 49 20 62 27 78 72 81 28 10 37 97 22 4 73 77 38 90 60 24 86 47 84 74 92 9 87 39 80 63 46 95 29 8 0 42 96 91 48 88 44 66 21 67 54 51 76 93 50 83 3 35 70 19 99 1 2 15 79 
73 4 38 77 10 28 81 62 20 49 14 37 97 22 34 25 5 54 51 76 93 50 83 1 2 19 99 35 3 70 66 67 21 53 94 0 57 33 36 11 68 40 13 31 64 75 71 45 6 43 23 26 52 69 55 12 89 65 41 32 17 16 7 18 98 59 61 82 30 56 58 85 79 15 48 91 88 44 96 42 95 46 8 29 63 80 39 9 87 92 74 84 47 86 24 78 72 27 60 90 
57 33 36 53 94 0 42 96 91 88 44 48 15 85 79 59 61 82 30 56 58 98 18 7 16 17 32 41 65 89 12 55 69 52 26 23 43 6 45 71 64 80 39 9 87 92 74 84 47 86 24 60 90 73 40 68 11 22 97 25 34 67 21 66 70 35 3 99 19 2 1 83 50 93 76 51 54 5 14 49 20 62 27 72 78 81 28 10 77 37 4 38 13 31 75 8 46 95 63 29 
80 64 75 13 40 68 11 36 53 94 0 42 96 44 88 48 91 15 79 85 58 56 30 82 61 59 98 18 7 16 17 32 41 65 89 12 55 69 52 26 23 43 6 45 71 8 46 29 63 95 57 33 67 21 66 70 35 3 99 19 2 1 83 50 93 51 76 54 5 14 49 20 37 97 22 34 25 73 4 38 77 10 28 81 62 27 72 78 24 86 47 60 90 31 84 74 92 9 87 39 
68 33 57 8 46 95 63 29 71 45 6 43 23 26 52 55 69 12 89 65 41 32 17 16 7 18 98 59 61 82 30 56 58 85 79 15 91 48 88 44 96 42 0 94 53 36 11 67 21 66 70 35 3 99 19 2 1 83 50 93 76 51 54 5 25 34 22 97 37 10 28 81 62 27 72 78 24 86 47 84 74 92 39 9 87 80 64 75 31 13 40 73 4 38 90 60 77 20 49 14 
4 38 77 10 37 97 22 34 25 67 21 53 66 70 19 2 1 99 3 35 83 50 93 51 76 54 5 14 49 20 28 81 62 27 72 78 24 86 47 60 90 31 13 40 68 11 36 33 57 94 0 42 96 91 48 88 44 15 79 85 58 56 30 82 61 59 98 18 7 16 17 32 41 65 89 12 55 69 52 26 23 43 6 45 71 29 8 46 95 63 75 64 80 39 9 87 92 74 84 73 
15 79 85 58 56 30 82 61 59 98 18 7 16 17 32 41 65 89 12 55 69 52 26 23 43 6 45 71 64 80 39 9 87 74 92 84 47 86 24 60 90 38 4 73 40 13 31 75 8 29 63 46 95 57 33 36 11 68 67 34 25 97 22 37 77 10 28 81 78 72 27 62 20 49 14 5 54 76 51 93 50 83 3 35 99 19 2 1 70 66 21 53 94 0 42 96 91 48 88 44 
73 40 68 11 36 53 21 67 34 25 5 54 70 66 44 88 48 91 15 79 85 58 56 30 82 61 59 98 18 7 16 17 32 41 89 65 12 55 69 52 26 23 43 6 45 71 29 8 46 95 63 57 33 94 0 42 96 2 1 99 19 35 3 83 50 93 51 76 14 49 20 37 10 28 81 62 27 72 78 24 60 47 86 84 74 92 9 87 39 80 64 75 13 31 90 38 77 4 22 97 
96 42 0 57 33 8 29 46 95 63 17 32 41 89 65 12 55 69 52 26 23 43 6 45 71 75 64 80 39 9 87 74 92 84 47 60 24 86 78 72 27 62 28 81 10 77 38 4 73 40 13 31 90 68 11 36 67 34 22 97 37 49 20 14 5 25 54 51 76 93 50 83 3 35 99 19 2 1 70 66 21 53 94 16 7 18 98 59 61 82 30 56 58 79 85 15 91 48 88 44 
80 64 75 13 31 40 68 11 36 53 21 66 70 35 3 99 19 2 1 83 50 93 51 76 54 5 25 34 67 73 4 38 77 10 28 81 72 27 62 20 49 14 37 97 22 90 60 24 78 86 47 84 74 92 9 87 39 23 26 52 55 69 12 65 89 41 32 17 16 7 18 98 59 61 82 30 56 58 85 79 15 91 48 88 44 96 42 0 94 57 33 8 29 46 95 63 45 6 43 71 
22 97 25 34 67 21 53 94 57 33 68 40 13 31 64 75 71 45 6 43 23 26 52 55 69 12 65 89 41 32 17 16 7 18 98 59 61 82 30 56 58 85 79 15 91 48 88 44 66 70 99 19 2 1 3 35 83 50 93 76 51 54 5 14 49 20 37 10 28 81 62 27 72 78 24 86 47 60 90 84 74 92 80 39 9 87 29 8 46 95 63 0 42 96 36 11 73 4 38 77 
33 57 94 53 21 67 34 22 97 25 5 14 49 20 28 81 10 37 62 27 72 78 24 86 47 84 74 92 9 87 39 80 64 75 13 31 90 60 77 38 4 73 40 68 11 36 0 42 96 91 48 88 44 66 70 19 99 35 3 83 50 93 51 76 54 1 2 15 79 85 58 56 30 82 61 59 98 18 7 16 17 32 41 65 89 12 55 69 52 26 23 43 6 45 71 29 8 46 95 63 
11 36 53 21 67 34 22 97 37 20 49 14 5 25 54 51 76 93 50 83 3 35 99 1 19 2 70 66 44 88 48 91 96 42 79 15 85 58 56 30 82 61 59 98 18 7 16 17 32 41 65 89 12 55 69 52 26 23 43 6 45 71 46 95 63 29 8 33 57 94 0 75 64 80 39 9 87 92 74 84 90 60 47 86 24 78 72 27 62 81 28 10 77 38 4 73 40 68 13 31 
65 89 12 55 69 52 26 23 43 6 45 71 80 39 9 87 92 74 84 47 86 24 78 72 27 62 20 49 37 22 97 25 5 14 34 67 21 53 66 96 42 0 94 33 57 8 29 46 95 63 32 17 16 7 18 98 59 61 82 30 56 58 85 79 15 91 48 88 44 70 35 3 99 19 2 1 83 50 93 51 76 54 11 36 68 40 73 4 38 77 10 28 81 60 90 31 13 75 64 41 
65 41 89 12 55 69 52 26 23 87 9 39 80 64 75 13 40 73 4 38 60 47 86 24 78 72 27 62 81 28 10 77 20 49 14 37 97 22 34 25 5 54 51 76 93 50 83 3 35 99 19 2 1 70 66 53 21 67 11 36 33 57 94 0 42 96 91 88 44 48 15 79 85 58 56 30 82 61 59 98 18 7 16 17 32 63 95 46 29 8 68 31 90 84 74 92 71 45 6 43 
55 69 12 65 41 89 43 6 45 71 8 29 46 95 63 32 17 16 7 18 98 59 61 82 30 56 58 85 79 15 91 48 88 44 96 42 0 94 57 33 36 11 68 40 73 4 38 77 10 28 81 37 97 22 34 67 21 53 66 70 35 3 99 19 2 1 83 50 93 51 76 54 5 25 14 49 20 62 27 72 78 24 60 47 84 74 92 9 87 39 80 64 75 13 31 90 86 23 26 52 
78 72 27 62 20 49 14 5 25 34 67 11 36 33 57 94 53 66 21 70 35 3 99 19 2 1 83 50 93 51 76 54 22 97 37 10 28 81 77 4 38 90 31 13 73 40 68 8 29 46 63 95 0 42 96 91 48 88 44 15 79 85 58 56 30 82 61 59 98 18 7 16 17 32 41 65 89 12 55 69 52 26 23 43 6 45 71 64 75 80 39 9 87 92 74 84 47 60 24 86 
51 93 50 83 3 35 99 19 2 1 70 66 53 21 67 36 94 0 42 96 91 48 88 44 15 79 85 58 56 30 82 61 59 98 18 7 16 17 32 41 65 89 12 55 69 52 26 23 39 9 87 92 74 84 47 86 60 24 78 72 27 81 28 10 77 38 4 73 68 40 13 31 90 80 64 75 71 45 6 43 63 46 95 29 8 33 57 11 34 25 5 14 49 20 62 37 97 22 54 76 
81 28 10 77 38 4 73 22 97 25 5 54 51 76 93 50 83 3 35 99 19 2 1 70 66 21 53 94 0 42 96 15 91 48 88 44 79 85 58 56 30 82 61 59 98 18 7 16 17 32 41 65 89 12 55 69 52 26 23 43 6 45 71 75 64 80 92 9 87 39 74 84 47 86 24 78 72 27 62 20 49 14 37 34 67 11 36 33 57 46 95 63 8 29 68 40 13 31 90 60 
16 17 32 41 65 89 12 55 69 52 26 23 43 6 45 71 75 64 80 39 9 87 92 74 84 47 86 24 78 72 27 81 28 62 20 49 14 37 97 22 34 25 5 54 51 76 93 50 83 3 35 70 19 2 1 99 88 44 66 21 67 36 11 68 40 73 13 31 90 60 38 77 10 4 8 29 46 63 95 57 33 94 53 0 42 96 91 48 15 79 85 58 56 30 82 61 59 98 18 7 
20 49 14 37 97 22 4 73 40 68 11 67 21 53 94 57 33 36 34 25 5 54 51 76 93 50 83 3 35 99 19 2 1 70 66 0 42 96 91 48 88 44 15 79 85 58 56 30 82 61 59 98 18 7 16 17 32 41 65 89 12 55 69 52 26 23 43 6 45 71 29 8 46 95 63 75 64 31 13 80 39 9 87 74 92 84 47 86 24 60 90 38 77 10 28 81 62 27 72 78 
47 86 24 78 72 27 62 20 49 14 37 97 22 34 25 5 54 19 99 3 35 51 76 93 50 83 1 2 70 66 53 21 67 11 36 33 68 40 13 31 90 60 10 28 81 77 38 4 73 75 64 80 39 9 87 23 26 52 69 55 12 65 89 41 32 17 16 7 18 98 59 61 82 30 56 58 85 79 15 91 48 88 44 96 42 0 94 57 8 29 46 95 63 71 45 6 43 92 74 84 
75 64 80 31 13 40 73 4 38 77 10 28 81 62 20 49 14 5 25 34 22 97 37 54 51 76 93 50 83 3 35 99 19 2 1 70 66 21 67 11 36 53 94 0 42 96 91 88 44 48 15 79 85 58 56 30 82 61 59 98 18 7 16 17 32 41 65 89 12 55 69 52 26 23 43 6 45 71 39 9 87 92 74 84 47 86 78 72 27 24 60 90 68 33 57 8 46 95 63 29 
20 49 14 37 10 28 81 62 27 72 78 86 24 60 47 84 74 92 9 87 39 80 64 75 13 31 90 38 77 4 73 40 68 11 67 34 25 97 22 5 54 51 76 93 50 83 3 35 99 19 2 1 70 66 21 53 94 0 42 96 44 88 48 91 15 79 85 58 56 30 82 61 59 98 18 7 16 17 32 41 65 89 12 55 69 52 26 23 43 6 45 71 29 46 95 63 8 57 33 36 
34 25 97 22 4 73 40 68 11 67 21 53 36 33 57 94 0 42 96 44 88 91 48 15 79 85 58 56 30 82 61 59 98 18 7 16 17 32 41 65 89 12 55 69 52 26 23 43 6 45 71 29 46 95 63 8 75 64 31 13 80 39 9 87 92 74 84 47 86 24 78 72 27 62 20 28 10 77 38 90 60 81 37 49 14 5 54 51 76 93 50 83 3 35 99 19 2 1 70 66 
85 79 15 91 48 88 44 96 42 0 94 53 21 67 34 25 97 22 4 38 77 73 40 68 11 36 33 8 29 46 63 17 32 41 89 65 12 55 69 52 26 23 43 6 45 71 64 75 13 31 90 60 47 84 74 92 80 39 9 87 86 24 78 72 27 62 81 28 10 37 49 20 14 5 54 51 76 93 50 83 1 2 19 99 3 35 70 66 57 95 16 7 18 98 59 61 82 30 56 58 
23 43 6 45 71 75 64 39 80 92 9 87 26 52 69 55 12 89 65 41 32 17 16 7 18 98 59 61 82 30 56 58 85 79 15 91 48 88 44 96 42 0 94 53 21 67 34 22 97 37 10 28 81 78 72 27 62 20 49 14 5 25 54 51 76 93 50 83 3 35 99 19 2 1 70 66 36 11 68 40 73 4 38 77 60 24 86 47 84 74 90 31 13 33 57 8 46 95 63 29 
60 24 78 72 27 62 20 49 14 37 97 22 34 25 5 54 51 76 93 50 83 3 35 99 19 2 1 70 66 21 53 94 57 33 8 29 46 95 63 17 32 16 7 18 98 59 61 82 30 56 58 85 79 15 48 91 96 42 0 44 88 67 36 11 68 40 13 73 4 38 77 10 81 28 86 47 90 31 64 75 71 6 45 65 41 89 12 43 55 69 52 26 23 87 9 39 80 92 74 84 
76 51 93 50 83 3 35 99 19 2 1 70 66 53 21 67 11 36 94 33 57 0 42 96 91 48 88 44 15 79 85 58 56 30 82 61 59 98 18 7 16 17 32 41 65 89 12 43 55 69 52 26 23 6 45 71 63 46 95 29 8 75 64 31 13 40 68 73 4 38 77 10 28 81 86 47 84 74 92 80 39 9 87 90 60 24 78 72 27 62 20 49 14 37 97 22 34 25 5 54 
44 88 91 48 15 79 85 58 56 30 82 61 59 98 18 7 16 17 32 63 46 95 8 29 71 45 6 43 12 65 41 89 55 69 52 26 23 87 9 39 80 92 74 84 47 86 78 72 27 62 20 49 14 5 25 34 22 97 37 10 77 38 90 60 24 81 28 4 73 40 13 31 64 75 68 33 57 94 36 11 67 21 53 0 42 96 2 1 99 3 35 70 19 83 50 93 51 76 54 66 
22 97 37 49 14 5 25 34 67 21 53 66 70 35 3 99 19 2 1 83 50 93 51 76 54 36 33 57 94 0 42 96 91 48 88 44 15 79 85 58 56 30 82 61 59 98 18 7 16 17 32 41 65 89 12 55 69 52 26 23 43 6 45 71 29 8 46 95 63 40 68 11 73 4 38 77 10 28 81 20 62 27 72 78 24 86 47 84 74 92 9 87 39 80 64 75 13 31 90 60 
77 10 28 81 78 72 27 62 20 49 14 37 97 22 34 25 5 54 51 76 93 50 83 1 2 19 99 3 35 70 66 21 53 94 57 0 42 96 88 44 48 91 15 79 85 58 56 30 82 61 59 98 18 7 16 17 32 41 65 89 69 55 12 6 43 23 26 52 87 9 39 80 92 74 84 47 86 24 60 90 38 4 73 40 68 11 36 67 33 8 29 46 95 63 71 45 75 64 31 13 
75 64 80 39 9 87 92 74 84 47 24 78 72 27 62 20 49 14 5 54 51 76 93 50 83 3 35 99 19 2 1 70 66 21 53 94 0 42 96 44 88 91 48 15 79 85 58 56 30 82 61 59 98 18 7 16 17 32 41 89 65 12 55 69 52 26 23 43 6 45 71 29 8 46 95 63 57 33 68 40 13 31 38 4 73 90 60 86 81 28 10 77 37 97 22 25 34 67 36 11 
77 38 4 73 13 31 64 75 40 68 11 67 34 25 97 22 37 49 14 5 54 51 76 93 50 83 3 99 19 2 1 35 70 66 21 53 94 36 33 57 8 29 46 95 63 17 32 16 7 18 98 59 61 82 30 56 58 85 79 15 91 48 88 44 96 42 0 41 65 89 12 55 69 52 26 23 43 6 45 71 80 39 9 87 92 74 84 47 60 24 78 72 27 62 20 28 81 10 86 90 
67 11 36 94 0 42 96 91 48 88 44 66 53 21 54 51 76 93 50 83 3 35 99 19 2 1 70 15 79 85 58 56 30 82 61 59 98 18 7 16 17 32 41 65 89 12 55 69 52 26 23 43 6 45 71 75 64 31 13 40 73 4 38 77 10 37 97 22 34 25 5 14 49 20 62 28 81 27 72 78 24 86 47 60 90 80 92 74 84 9 87 39 8 29 46 95 63 57 33 68 
44 88 91 48 15 79 85 58 56 30 82 61 59 98 18 7 16 17 32 41 65 89 12 55 69 52 43 23 26 87 39 9 92 74 84 47 86 24 60 90 31 13 75 64 80 71 45 6 8 29 46 95 63 42 96 0 57 33 94 53 21 67 11 36 68 40 73 4 38 77 10 28 81 78 72 27 62 20 49 14 37 97 22 34 25 5 54 76 51 93 50 83 3 35 99 19 2 1 70 66 
33 57 94 0 46 95 63 17 32 41 65 89 12 55 69 52 26 23 43 6 45 71 9 87 39 80 92 74 84 47 86 24 60 90 31 13 40 68 11 36 67 21 53 66 70 19 2 1 99 35 3 83 50 93 51 76 54 5 25 34 22 97 37 49 14 20 62 27 72 78 81 28 10 77 38 4 73 75 64 8 29 16 7 18 98 61 82 30 56 58 59 79 85 15 91 48 88 44 96 42 
23 26 52 55 69 12 65 41 89 32 17 16 7 18 98 59 61 82 30 56 58 85 79 15 91 48 88 44 96 42 0 94 53 21 67 34 25 97 22 4 38 77 10 28 81 62 20 49 14 37 5 54 51 76 93 50 83 3 35 99 19 2 1 70 66 36 11 68 40 13 75 64 80 39 9 87 92 74 84 47 24 78 72 27 86 60 90 31 73 33 57 8 29 46 95 63 71 45 6 43 
51 76 93 50 83 3 35 99 19 2 1 70 66 53 94 0 42 96 91 48 88 44 15 79 85 58 56 30 82 61 59 98 18 7 16 17 32 41 65 89 12 55 69 52 26 23 43 6 45 71 39 9 87 92 74 84 47 60 24 86 78 72 27 62 28 81 10 37 97 22 34 25 5 14 49 20 77 4 38 90 31 13 40 68 11 36 33 57 8 29 46 95 63 75 64 80 73 67 21 54 
69 55 12 89 65 41 32 17 16 7 18 98 59 61 82 30 56 58 85 79 15 91 48 88 44 66 54 51 76 93 50 83 3 35 99 19 2 1 70 21 53 36 11 67 34 25 97 22 4 38 77 10 37 5 14 49 20 62 81 28 27 72 78 86 24 60 47 84 74 92 9 39 80 64 75 13 31 90 73 40 68 33 57 94 0 42 96 95 46 63 29 8 71 45 6 43 23 26 87 52 
65 41 32 17 16 7 18 98 59 61 82 30 56 58 85 79 15 91 48 88 44 66 70 35 3 99 19 2 1 83 50 93 51 76 54 5 25 97 22 34 67 21 53 94 0 57 33 8 29 63 46 95 42 96 36 11 68 40 13 31 64 75 73 4 38 77 10 28 81 62 20 49 14 37 27 72 78 24 86 47 60 90 84 74 92 80 39 9 87 23 26 52 69 55 12 43 6 45 71 89 
94 53 66 21 67 11 36 33 57 8 29 46 95 63 17 32 41 89 65 12 55 69 52 26 23 43 6 45 71 39 9 87 92 74 84 47 60 24 86 78 72 27 81 28 62 20 49 14 5 25 97 22 37 10 77 38 4 73 40 13 31 64 75 80 90 68 34 54 51 76 93 50 83 3 35 99 19 2 1 70 88 44 96 91 48 15 79 85 58 56 30 82 61 59 98 18 7 16 42 0 
29 8 46 95 63 32 17 16 7 18 98 59 61 82 30 56 58 85 79 15 91 48 88 44 96 42 0 94 57 33 36 11 67 21 53 66 70 35 99 19 2 1 83 3 50 93 76 51 54 5 25 34 22 97 37 20 49 14 77 10 28 81 62 27 72 78 24 60 47 86 84 74 92 9 87 39 80 64 75 13 31 90 38 4 73 68 40 71 45 6 43 23 26 55 69 52 12 65 41 89 
99 19 2 70 66 44 88 96 91 48 15 79 85 58 56 30 82 61 59 98 18 7 16 17 32 41 65 89 12 55 69 52 26 23 43 6 45 71 39 9 87 92 74 84 47 60 24 86 78 72 27 62 28 81 10 77 38 4 73 40 68 11 36 33 57 94 53 0 42 8 29 46 95 63 75 64 80 90 31 13 22 97 14 49 20 37 5 25 34 67 21 54 51 76 93 50 83 3 35 1 
98 18 7 16 17 32 41 65 89 12 55 69 52 26 23 43 6 45 71 75 64 80 39 9 87 92 74 84 47 86 24 78 72 27 62 81 28 10 37 49 20 14 25 97 22 4 38 77 60 90 31 13 40 68 73 11 67 34 5 54 51 76 93 50 83 3 35 99 19 2 1 70 66 21 53 94 36 33 57 8 29 46 63 95 42 0 96 91 48 88 44 15 79 85 58 30 56 82 61 59 
31 13 40 68 11 36 94 57 33 8 29 63 95 46 0 42 96 44 88 48 91 15 79 85 58 56 30 82 61 59 98 18 7 16 17 32 41 65 89 12 55 69 52 26 23 43 6 45 71 64 75 80 39 9 87 92 74 84 47 60 24 86 78 72 27 62 28 37 10 77 38 4 73 34 25 97 22 5 54 51 76 93 50 83 3 35 99 19 2 1 70 66 53 21 67 14 49 20 81 90 
55 12 65 89 41 32 17 16 7 18 98 82 59 61 30 56 58 85 79 15 91 48 88 44 96 42 0 94 53 21 67 36 11 68 40 13 73 4 38 77 22 97 37 10 28 81 72 78 24 60 90 31 64 75 80 39 9 87 92 74 84 47 86 27 62 20 49 14 5 25 34 54 51 76 93 50 83 3 35 99 19 2 1 70 66 33 57 8 29 46 95 63 71 45 6 43 23 26 52 69 
65 89 12 43 6 45 71 64 75 13 31 90 38 77 10 28 81 62 20 49 14 37 97 22 34 25 5 54 51 76 93 50 83 3 35 99 19 1 2 70 66 53 21 67 11 36 33 68 40 73 4 60 47 86 24 78 72 27 84 74 92 80 39 9 87 26 23 55 69 52 41 32 17 16 7 18 98 59 61 82 30 56 58 85 79 15 91 48 88 44 96 42 0 94 57 8 29 46 95 63 
25 34 67 21 53 94 57 33 36 11 68 40 73 4 38 77 10 28 81 62 27 72 78 24 86 47 84 74 92 9 87 39 80 64 75 13 31 90 60 22 97 37 49 20 14 5 54 51 76 93 50 83 3 35 99 19 2 1 70 66 44 88 48 91 15 79 85 58 56 30 82 61 59 98 18 7 16 17 32 41 65 89 12 69 55 52 26 23 43 6 45 71 29 8 46 95 63 42 96 0 
57 33 36 11 68 40 13 73 4 38 77 10 28 81 62 27 72 78 24 86 47 60 90 31 64 75 71 45 6 43 12 65 41 89 55 69 52 26 23 87 9 39 80 92 74 84 37 97 25 5 14 49 20 22 34 67 21 53 94 0 42 96 91 48 88 44 66 70 19 99 3 35 54 51 76 93 50 83 1 2 15 79 85 58 56 30 82 61 59 98 18 7 16 17 32 63 46 95 29 8 
15 79 85 58 56 30 82 61 59 98 18 7 16 17 32 41 65 89 12 55 69 52 26 23 43 6 45 71 8 29 46 63 95 0 57 94 53 66 21 67 34 25 97 37 22 4 77 38 90 31 13 40 68 73 11 36 33 75 64 80 39 9 87 92 74 84 47 60 24 86 78 72 27 62 81 28 10 20 49 14 5 54 51 76 93 50 83 3 35 99 19 2 1 70 44 88 91 96 42 48 
66 53 21 67 34 22 97 25 5 14 49 20 62 28 10 77 38 4 73 40 68 11 36 33 57 94 0 96 91 15 79 85 58 56 30 82 61 59 98 18 7 16 17 32 41 65 89 12 55 69 52 26 87 9 92 74 84 47 86 24 78 72 27 81 37 60 90 31 13 75 64 80 39 23 43 6 45 71 29 8 46 95 63 42 44 88 48 2 1 19 99 35 3 83 50 93 51 76 54 70 
45 71 6 43 23 26 52 69 55 12 65 41 89 32 17 16 7 18 98 59 61 82 30 56 58 85 79 15 91 48 88 44 66 53 21 67 34 25 5 54 51 76 93 50 83 3 35 99 19 70 1 2 96 42 0 94 57 33 68 40 73 90 84 74 92 9 87 39 80 64 75 13 31 38 4 77 10 28 81 60 24 86 47 78 72 27 62 20 49 14 37 97 22 11 36 8 29 46 95 63 
8 46 29 63 95 42 96 44 88 48 91 15 79 85 58 56 30 82 61 59 98 18 7 16 17 32 41 65 89 12 55 69 52 26 23 43 6 45 71 75 64 80 39 9 87 92 74 84 47 86 24 78 72 27 62 20 49 14 37 10 28 81 77 38 4 73 40 68 33 57 94 53 21 67 34 25 5 54 51 76 93 50 83 3 35 99 19 2 1 70 66 0 36 11 22 97 90 60 31 13 
80 92 74 84 47 60 24 86 78 72 27 62 20 49 14 5 25 54 51 76 93 50 83 3 35 99 19 2 1 70 66 53 94 0 42 96 91 48 88 44 15 79 85 58 56 30 82 61 59 98 18 7 16 17 32 41 65 89 12 55 69 52 26 23 43 6 45 75 64 31 13 40 68 73 4 38 77 10 81 28 37 97 22 34 67 21 36 11 33 57 8 29 46 95 63 71 39 9 87 90 
51 76 93 50 83 3 35 70 19 99 1 2 88 44 66 21 67 34 25 5 14 49 20 62 81 28 10 77 38 4 73 40 68 11 36 53 94 0 57 33 8 29 46 95 63 32 17 16 7 18 98 59 61 82 30 56 58 85 79 15 91 48 96 42 41 65 89 12 55 69 52 26 23 43 6 45 71 75 64 80 39 9 87 74 92 84 47 86 24 78 72 27 60 90 31 13 22 97 37 54 
33 36 11 67 34 25 5 14 49 20 62 27 72 78 24 86 47 60 90 38 77 10 28 81 37 97 22 4 73 40 68 13 31 75 64 80 39 9 87 74 84 92 71 45 6 43 55 69 52 26 23 12 65 89 41 32 17 16 7 18 98 59 61 82 30 56 58 85 79 15 91 48 88 44 66 53 21 54 76 51 93 50 83 3 35 99 19 70 1 2 96 42 0 94 57 8 29 46 95 63 
44 88 48 91 15 79 85 58 56 30 82 61 59 98 18 7 16 17 32 41 65 89 12 55 69 52 26 23 43 6 45 71 75 64 31 13 73 40 68 11 36 94 57 33 8 29 46 95 63 42 96 0 53 21 67 25 34 22 97 37 28 81 10 77 38 4 60 24 86 47 84 74 92 9 87 39 80 90 78 72 27 62 20 49 14 5 54 51 76 93 50 83 3 35 99 19 2 1 70 66 
