4 2 21 47 41 15 14 23 22 29 19 30 49 40 5 0 7 8 45 44 37 31 6 20 16 24 32 18 39 33 10 27 35 17 3 38 48 25 13 46 1 28 11 43 26 9 36 34 42 12 
25 13 46 1 28 11 43 26 9 36 34 42 12 4 2 21 47 41 15 14 23 22 29 19 0 30 49 40 5 7 8 45 44 37 31 6 20 16 32 24 18 39 33 10 27 35 17 3 38 48 
13 46 28 1 25 48 38 3 17 35 27 10 33 39 49 30 0 5 40 18 16 20 31 6 37 44 45 32 24 8 7 47 21 41 42 12 2 4 34 36 26 9 43 11 15 14 23 22 29 19 
25 13 46 1 28 11 43 9 26 34 36 42 41 12 4 2 21 47 7 5 0 30 49 40 24 32 16 20 31 6 37 44 45 8 18 39 33 10 27 35 17 3 38 29 19 23 22 14 15 48 
17 35 27 10 33 39 18 49 30 0 5 40 24 32 16 20 31 6 37 44 45 8 7 42 12 21 47 41 2 4 36 34 26 9 43 11 28 1 25 13 46 14 15 19 29 23 22 48 38 3 
46 13 25 1 28 11 43 9 26 36 34 4 2 21 12 42 41 47 7 5 0 30 49 40 8 24 32 45 44 37 31 6 20 16 18 39 33 10 27 35 17 3 38 29 19 23 22 14 15 48 
35 17 3 38 29 22 23 14 15 41 47 21 12 2 4 34 36 42 43 26 9 11 28 1 25 13 46 48 19 0 5 40 49 30 7 8 45 44 37 31 6 20 16 32 24 18 39 33 10 27 
26 43 9 11 28 1 25 13 46 14 15 19 29 22 23 48 38 3 17 35 27 10 33 39 49 30 0 5 8 45 44 37 31 6 20 16 32 24 18 40 7 47 21 12 4 2 41 42 36 34 
35 17 3 38 29 19 15 14 23 22 48 13 46 25 1 28 11 43 9 26 42 36 34 4 2 12 41 47 21 7 8 24 32 45 44 37 31 6 20 16 18 40 5 0 30 49 39 33 10 27 
14 23 22 29 19 38 3 17 35 49 30 0 5 8 45 44 37 31 6 20 16 32 24 40 18 39 33 10 27 48 25 13 46 1 28 11 43 9 26 36 34 4 2 12 42 41 47 21 7 15 
22 23 14 15 19 29 38 3 17 35 27 10 33 39 18 40 5 0 30 49 8 45 24 32 16 20 6 31 37 44 7 47 21 41 42 12 2 4 36 34 9 26 43 11 28 1 25 13 46 48 
46 13 22 23 29 19 30 49 40 18 39 33 10 27 35 17 3 38 48 25 1 28 11 43 9 26 36 34 42 41 47 21 12 4 2 44 37 31 6 20 16 32 24 45 8 7 5 0 15 14 
28 11 43 9 26 36 34 4 2 12 42 41 47 21 7 5 0 30 49 40 8 45 44 37 6 31 20 16 32 24 18 39 33 10 27 35 17 3 38 29 22 23 14 15 19 48 25 1 46 13 
18 49 30 0 5 40 24 32 16 20 31 6 37 44 45 8 7 47 21 41 12 4 2 42 36 34 26 9 43 11 28 1 25 13 46 14 15 23 22 48 38 3 29 19 35 17 27 10 33 39 
34 36 42 43 26 9 11 28 1 46 13 25 48 38 3 17 35 27 10 33 39 18 24 45 44 37 6 31 20 16 32 8 40 5 0 30 49 19 29 22 23 14 15 7 47 21 12 41 2 4 
38 3 17 35 27 10 39 33 18 24 32 16 20 31 6 37 44 45 8 40 49 30 0 5 7 47 21 41 42 12 4 2 34 36 26 9 43 11 28 1 25 13 46 22 23 14 15 19 29 48 
48 38 3 17 35 27 10 33 39 18 40 49 30 0 5 8 45 24 32 16 20 31 6 37 44 2 21 47 7 41 42 12 4 36 34 26 9 43 11 28 1 25 13 46 14 15 19 23 22 29 
21 41 42 12 4 36 34 26 9 43 11 28 1 46 13 25 48 38 3 17 35 27 10 39 33 18 24 32 16 20 6 31 37 44 45 8 5 0 30 49 40 19 29 22 23 14 15 7 47 2 
42 15 14 23 22 29 19 7 47 21 2 12 4 36 34 26 9 43 11 28 1 46 13 25 48 38 3 17 35 27 10 33 39 18 49 30 0 5 40 24 32 16 20 31 6 37 44 45 8 41 
13 46 25 1 28 11 43 9 26 36 34 4 12 41 42 2 21 47 7 8 45 44 37 6 31 20 16 32 24 40 5 0 30 49 39 18 33 10 27 35 17 3 38 29 19 23 22 14 15 48 
11 43 26 9 36 34 4 2 21 47 41 12 42 15 14 23 22 29 19 30 49 40 0 5 7 8 24 32 16 20 31 6 37 44 45 18 39 33 10 27 35 17 3 38 48 25 13 46 1 28 
14 15 23 22 19 29 38 3 17 35 27 10 33 39 49 30 0 5 40 18 24 32 16 20 31 6 37 44 45 8 7 21 47 41 42 12 2 4 36 34 26 9 43 11 28 1 25 13 46 48 
22 23 14 15 0 5 40 49 30 19 29 38 3 17 35 27 10 39 33 18 24 32 16 20 31 6 37 44 45 8 7 47 21 12 4 2 41 42 36 34 26 9 43 11 28 1 25 13 46 48 
2 21 47 7 0 5 40 49 30 19 29 22 23 14 15 41 42 12 4 34 36 26 9 43 11 28 1 25 46 13 48 38 3 17 35 27 10 33 39 18 24 32 45 44 37 6 31 20 16 8 
29 38 3 17 35 49 30 0 5 7 8 45 44 37 31 6 20 16 32 24 40 18 39 33 10 27 48 25 13 46 1 28 11 43 9 26 36 34 4 12 41 47 21 2 42 15 14 23 22 19 
5 0 30 49 40 8 24 32 45 44 37 31 6 20 16 18 39 33 10 27 35 17 3 38 29 22 23 14 15 19 48 25 13 46 1 28 11 43 26 9 36 34 42 41 47 21 12 4 2 7 
2 21 47 41 42 14 15 7 8 24 32 45 44 37 31 6 20 16 18 40 5 0 30 49 39 33 10 27 17 35 3 38 29 19 23 22 48 25 13 46 28 1 11 43 9 26 36 34 4 12 
21 41 47 7 5 0 30 49 40 8 45 44 37 31 6 20 16 32 24 18 39 33 10 27 35 17 3 38 29 23 22 14 15 19 48 25 13 46 28 1 11 43 9 26 36 34 42 12 4 2 
42 12 21 47 41 7 5 0 30 49 40 8 45 44 37 31 6 20 16 32 24 18 39 33 10 27 35 17 3 38 29 19 23 22 14 15 46 13 25 48 1 28 11 43 9 26 36 34 4 2 
42 12 21 47 41 7 5 0 30 49 40 8 45 44 37 31 6 20 16 32 24 18 39 33 10 27 35 17 3 38 29 19 23 22 14 15 46 13 25 48 1 28 11 43 9 26 36 34 4 2 
36 34 4 2 12 41 42 15 14 23 19 29 22 13 46 28 11 43 26 9 1 25 48 38 3 17 35 27 10 33 39 18 49 30 0 5 40 24 32 16 20 31 6 37 44 45 8 7 47 21 
19 23 22 29 38 3 17 35 49 30 0 5 40 8 45 44 37 31 6 20 16 32 24 18 39 33 10 27 48 13 46 25 1 28 11 43 9 26 36 34 4 2 21 47 7 41 12 42 15 14 
42 41 47 21 12 4 2 7 8 45 44 37 31 6 20 16 32 24 18 39 33 10 27 35 17 3 38 29 19 0 5 30 49 40 15 14 23 22 48 46 13 25 1 28 11 43 9 26 36 34 
21 47 41 42 12 4 2 34 36 26 9 43 11 28 1 46 13 25 48 22 23 14 15 19 29 38 3 17 35 27 10 33 39 18 24 32 16 20 31 6 37 44 45 8 5 0 30 49 40 7 
26 9 43 11 28 1 46 13 25 48 38 3 17 35 27 10 33 39 18 40 5 0 30 49 19 29 22 23 14 15 41 47 21 12 4 2 45 44 37 31 6 20 16 32 24 8 7 42 36 34 
10 33 39 49 30 0 5 40 18 16 20 31 6 37 44 45 32 24 8 7 47 21 12 42 41 2 4 36 34 26 9 43 11 28 1 25 13 46 48 22 23 14 15 19 29 38 3 17 35 27 
15 14 23 22 29 19 30 49 40 5 0 7 47 21 41 42 12 2 4 36 34 26 9 43 11 28 1 25 13 46 48 38 3 17 35 27 10 33 39 18 24 32 16 20 6 31 37 44 45 8 
40 49 30 0 5 7 21 47 41 42 12 2 4 36 34 26 9 43 11 28 1 25 13 46 48 38 3 17 35 27 10 33 39 18 24 32 16 20 31 6 37 44 45 8 15 14 23 22 29 19 
1 28 11 43 26 9 42 36 34 4 2 21 12 41 47 7 15 14 23 22 29 19 30 49 40 5 0 8 45 44 37 31 6 20 16 32 24 18 33 39 10 27 17 35 3 38 48 13 46 25 
41 42 12 21 47 7 0 5 30 49 40 8 45 44 37 31 6 20 16 32 24 18 39 33 10 27 35 17 3 38 29 19 23 22 14 15 46 13 25 48 1 28 11 43 9 26 36 34 4 2 
32 16 20 31 6 37 44 45 8 40 49 30 0 5 7 47 21 41 12 4 2 42 36 34 26 9 43 11 28 1 25 13 46 14 15 19 29 23 22 48 38 3 17 35 27 10 33 39 18 24 
0 5 40 49 30 19 29 22 23 14 15 7 47 21 12 4 2 41 42 36 34 26 9 43 11 28 1 46 13 25 48 38 3 17 35 27 10 33 39 18 16 20 31 6 37 44 45 24 32 8 
47 7 5 0 30 49 40 8 24 32 45 44 37 31 6 20 16 18 39 33 10 27 35 17 3 38 29 23 22 14 15 19 48 25 13 46 1 28 11 43 9 26 36 34 42 41 12 4 2 21 
42 41 47 21 7 15 14 23 22 29 38 3 17 35 27 10 33 39 18 49 40 24 32 16 20 31 6 37 44 45 8 5 0 30 19 48 25 13 46 28 1 11 43 26 9 36 34 4 2 12 
49 40 5 0 30 19 29 38 3 17 35 27 10 33 39 18 24 32 16 20 6 31 37 44 45 8 7 47 21 12 4 2 41 42 36 34 26 9 43 11 28 1 13 46 25 48 22 23 14 15 
19 29 38 3 17 35 27 10 33 39 49 30 0 5 40 18 24 32 16 20 31 6 37 44 45 8 7 47 21 41 12 4 36 34 2 42 43 26 9 11 28 1 46 13 25 48 22 23 14 15 
19 29 22 23 14 15 0 5 40 24 45 44 37 31 6 20 16 32 8 7 47 21 41 42 12 2 4 36 34 26 9 43 11 28 1 25 13 46 48 38 3 17 35 27 10 33 18 39 49 30 
22 23 19 29 38 3 17 35 27 10 39 33 18 24 32 16 20 6 31 37 44 45 8 5 0 30 49 40 7 47 21 41 42 12 2 4 36 34 26 9 43 11 28 1 25 13 46 14 15 48 
25 13 46 1 28 11 9 26 43 36 34 42 12 4 2 21 47 41 15 7 8 45 44 37 31 6 20 16 32 24 40 5 0 30 49 18 39 33 10 27 35 17 3 38 29 19 23 22 14 48 
41 42 12 21 47 7 5 0 30 49 40 8 45 44 37 31 6 20 16 24 32 18 39 33 10 27 35 17 3 38 29 22 23 19 15 14 46 13 25 48 1 28 11 43 26 9 36 34 4 2 
38 3 17 35 27 10 33 39 18 40 5 0 30 49 19 29 22 23 14 15 41 47 21 12 4 2 44 37 31 6 20 16 32 24 45 8 7 42 36 34 26 9 43 11 28 1 25 13 46 48 
24 32 16 20 31 6 37 44 45 8 40 49 30 0 5 7 47 21 2 4 12 41 42 36 34 9 26 43 11 28 1 46 13 25 48 38 3 29 23 22 14 15 19 35 17 27 10 33 39 18 
41 47 21 12 2 4 36 34 43 26 9 11 28 1 46 13 25 48 38 3 17 35 27 10 33 39 49 30 0 5 40 18 24 32 16 20 31 6 37 44 45 8 7 15 14 23 22 29 19 42 
38 3 17 35 27 10 33 39 18 40 5 0 30 49 24 32 16 20 31 6 37 44 45 8 7 47 21 41 42 12 4 2 36 34 26 9 43 11 28 1 46 13 25 48 22 23 14 15 19 29 
38 3 17 35 27 10 33 39 18 49 30 0 5 40 24 32 16 20 6 31 37 44 45 8 7 47 21 12 41 42 4 2 36 34 26 9 43 11 28 1 25 13 46 14 15 23 22 29 19 48 
0 5 40 18 39 33 10 27 35 17 3 38 29 19 30 49 24 32 16 20 31 6 37 44 45 8 7 21 12 42 41 47 2 4 36 34 26 43 9 11 28 1 46 13 25 48 22 23 14 15 
46 13 25 1 28 11 43 26 9 36 34 4 2 21 47 41 42 12 7 8 45 44 37 31 6 20 16 32 24 40 5 0 30 49 18 39 33 10 27 35 17 3 38 29 19 23 22 14 15 48 
25 1 28 11 43 26 9 36 34 4 2 12 42 41 47 21 7 5 0 30 49 40 8 24 32 45 44 37 31 6 20 16 18 39 33 10 27 35 17 3 38 29 19 23 22 14 15 46 13 48 
14 15 41 47 21 7 0 5 8 45 24 32 16 20 31 6 37 44 2 4 12 42 36 34 26 9 43 11 28 1 25 13 46 48 38 3 17 35 27 10 33 39 18 40 49 30 19 29 23 22 
36 34 4 12 2 21 47 41 42 15 14 23 22 29 19 30 49 40 5 0 7 8 24 32 45 44 37 31 6 20 16 18 39 33 10 27 35 17 3 38 48 25 13 46 1 28 11 43 9 26 
35 17 3 38 29 19 30 0 5 40 24 32 16 20 31 6 37 44 45 8 7 47 21 2 42 41 12 4 34 36 26 9 43 11 28 1 46 13 25 48 22 23 14 15 49 18 39 33 10 27 
41 47 21 12 4 34 36 43 9 26 11 28 1 46 13 25 48 3 38 29 19 23 22 14 15 7 5 0 30 49 35 17 27 10 33 39 18 40 8 45 24 32 16 20 31 6 37 44 2 42 
34 36 26 43 9 11 28 1 25 13 46 48 22 23 14 15 0 5 40 49 30 19 29 38 3 17 35 27 10 33 39 18 24 32 16 20 31 6 37 44 45 8 7 47 21 2 4 12 41 42 
25 13 46 1 28 11 43 9 26 36 34 4 12 2 21 47 41 42 7 8 45 44 37 31 6 20 16 32 24 40 18 39 33 10 27 3 38 29 19 23 22 14 15 0 5 30 49 35 17 48 
40 5 0 30 49 19 29 38 3 17 35 27 10 33 39 18 24 32 16 20 31 6 37 44 45 8 7 47 41 12 21 2 4 36 34 42 43 9 26 11 28 1 46 13 25 48 22 23 14 15 
34 36 26 9 43 11 28 1 25 13 46 48 22 23 14 15 0 5 40 49 30 19 29 38 3 17 35 27 10 33 39 18 16 20 31 6 37 44 45 32 24 8 7 47 21 12 41 42 4 2 
46 13 25 1 28 11 43 26 9 36 34 4 2 12 41 42 21 47 7 5 0 30 49 40 8 24 32 45 44 37 31 6 20 16 18 39 33 10 27 35 17 3 38 29 19 23 22 14 15 48 
41 47 21 7 8 45 44 37 31 6 20 16 32 24 40 18 39 33 10 27 35 17 3 38 29 22 23 14 15 0 5 30 49 19 48 25 13 46 1 28 11 43 26 9 36 34 4 2 12 42 
5 0 30 49 19 29 22 23 14 15 41 47 21 12 4 2 36 34 42 43 26 9 11 28 1 46 13 25 48 38 3 17 35 27 10 33 39 18 40 24 32 16 20 31 6 37 44 45 8 7 
0 30 49 40 5 7 47 21 2 12 41 42 36 34 4 26 9 43 11 28 1 25 13 46 14 15 19 29 23 22 48 38 3 17 35 27 10 39 33 18 24 32 16 20 31 6 37 44 45 8 
47 21 41 42 12 2 4 34 36 26 9 43 11 28 1 25 13 46 14 15 7 5 0 30 49 19 29 23 22 48 38 3 17 35 27 10 33 39 18 24 32 16 20 31 6 37 44 45 8 40 
30 0 5 40 49 19 29 38 3 17 35 27 10 33 39 18 24 32 16 20 31 6 37 44 45 8 7 47 21 41 42 12 2 4 36 34 26 9 43 11 28 1 46 13 25 48 22 23 14 15 
40 18 39 33 10 27 35 17 3 38 48 25 13 46 1 28 11 43 9 26 36 34 4 12 21 47 7 8 24 32 16 20 31 6 37 44 45 2 41 42 15 14 23 22 29 19 0 5 30 49 
29 38 3 17 35 27 10 33 39 18 24 32 16 20 31 6 37 44 45 8 40 5 0 30 49 19 23 22 14 15 41 42 12 21 47 7 2 4 34 36 26 9 43 11 28 1 25 13 46 48 
7 47 21 12 41 42 36 34 4 2 44 37 6 31 20 16 32 24 45 8 5 0 30 49 40 18 39 33 10 27 35 17 3 38 29 19 23 22 13 46 11 43 26 9 28 1 25 48 14 15 
27 10 33 39 18 49 30 0 5 40 24 32 16 20 31 6 37 44 45 8 7 47 41 42 12 21 2 4 34 36 26 9 43 11 28 1 25 13 46 48 22 23 14 15 19 29 38 3 17 35 
37 44 45 24 32 8 40 49 30 0 5 7 47 21 2 12 4 36 34 42 41 15 14 23 19 29 22 13 46 11 43 26 9 28 1 25 48 38 3 17 35 27 10 33 39 18 16 20 31 6 
10 33 39 18 40 49 30 0 5 8 45 44 37 31 6 20 16 32 24 7 47 41 42 12 21 2 4 36 34 9 26 43 11 28 1 46 13 25 48 22 23 14 15 19 29 38 3 17 35 27 
15 14 23 22 29 19 38 3 17 35 27 10 33 39 49 30 0 5 40 18 24 32 16 20 31 6 37 44 45 8 7 47 21 41 42 12 2 4 36 34 26 9 43 11 28 1 46 13 25 48 
19 30 49 40 5 0 15 14 23 22 29 38 3 17 35 27 10 33 39 18 16 20 31 6 37 44 45 24 32 8 7 47 21 41 42 12 2 4 36 34 26 9 43 11 28 1 25 13 46 48 
46 13 25 1 28 11 43 9 26 36 34 4 2 12 42 41 47 21 7 0 30 49 40 5 8 24 32 16 20 31 6 37 44 45 18 39 33 10 27 35 17 3 38 29 19 23 14 15 22 48 
25 13 46 1 28 11 43 26 9 36 34 4 2 12 42 41 47 21 7 8 45 44 37 31 6 20 16 32 24 5 0 30 49 40 18 39 33 10 27 17 35 3 38 29 19 23 22 14 15 48 
10 33 39 18 24 32 16 20 31 6 37 44 45 8 5 0 30 49 40 7 47 41 42 12 21 2 4 36 34 26 9 43 11 28 1 25 13 46 22 23 14 15 19 3 38 29 48 17 35 27 
41 47 21 12 2 4 36 34 9 26 43 11 28 1 25 13 46 14 15 0 5 40 49 30 19 29 22 23 48 38 3 17 35 27 10 33 39 18 24 32 16 20 31 6 37 44 45 8 7 42 
10 39 33 18 40 5 0 30 49 19 29 23 22 14 15 7 8 45 24 32 16 20 31 6 37 44 2 21 47 41 42 12 4 36 34 26 9 43 11 28 1 25 13 46 48 38 3 17 35 27 
11 28 1 46 13 25 48 38 3 17 35 27 10 33 39 18 40 5 0 30 49 19 29 22 23 14 15 7 8 24 32 16 20 31 6 37 44 45 2 4 12 21 47 41 42 36 34 26 9 43 
5 0 30 49 19 23 22 14 15 41 42 12 4 34 36 26 9 43 11 28 1 25 13 46 48 29 38 3 17 35 27 10 39 33 18 40 8 45 24 32 16 20 31 6 37 44 2 21 47 7 
0 5 30 49 40 18 39 33 10 27 17 35 3 38 29 19 23 22 48 25 13 46 1 28 11 43 9 26 36 34 4 12 2 21 47 41 42 15 14 7 8 45 44 37 31 6 20 16 32 24 
22 23 14 15 19 29 38 3 17 35 27 10 33 39 18 40 49 30 0 5 8 24 32 16 20 31 6 37 44 45 7 47 21 12 4 2 41 42 36 34 26 9 43 11 28 1 25 13 46 48 
24 32 16 20 31 6 37 44 45 8 7 47 21 12 4 2 41 42 36 34 26 9 43 11 28 1 13 46 25 48 3 38 29 19 23 22 14 15 0 5 40 49 30 35 17 27 10 33 39 18 
44 45 32 24 8 7 47 41 12 21 2 4 34 36 42 43 9 26 11 28 1 46 13 25 48 38 3 29 19 23 22 14 15 0 5 40 49 30 35 17 27 10 33 39 18 16 20 31 6 37 
11 43 9 26 36 34 4 12 2 21 47 41 42 15 14 23 22 29 38 3 17 35 27 10 33 39 18 40 30 0 5 7 8 45 44 37 31 6 20 16 32 24 49 19 48 25 13 46 1 28 
26 9 43 11 28 1 46 13 25 48 38 3 17 35 49 30 0 5 40 8 24 32 45 44 37 31 6 20 16 18 39 33 10 27 29 19 23 22 14 15 7 47 41 42 12 21 2 4 36 34 
48 38 3 17 35 27 10 39 33 18 16 20 31 6 37 44 45 32 24 40 5 0 30 49 8 7 47 21 41 42 12 2 4 36 34 26 9 43 11 28 1 25 13 46 22 23 14 15 19 29 
9 26 43 11 28 1 46 13 25 48 38 3 17 35 27 10 33 39 18 24 32 16 20 31 6 37 44 45 8 5 0 30 49 40 19 23 22 29 14 15 41 42 12 21 47 7 2 4 36 34 
34 36 26 9 43 11 28 1 25 13 46 22 23 29 19 0 5 30 49 40 18 39 33 10 27 35 17 3 38 48 14 15 42 41 12 21 47 7 8 45 24 32 16 20 31 6 37 44 2 4 
18 40 5 0 30 49 39 33 10 27 35 17 3 38 29 19 23 22 14 15 46 13 48 25 1 28 11 43 9 26 36 34 4 12 21 47 41 42 2 7 8 24 32 45 44 37 6 31 20 16 
23 22 14 15 0 5 40 49 30 19 29 38 3 17 35 27 10 33 39 18 24 32 16 20 31 6 37 44 45 8 7 47 21 2 4 12 41 42 36 34 26 43 9 11 28 1 25 13 46 48 
32 20 6 31 37 44 45 24 8 40 49 30 0 5 7 47 21 41 12 4 2 42 36 34 26 9 43 11 28 1 25 13 46 14 15 19 29 23 22 48 38 3 17 35 27 10 33 39 18 16 
15 14 23 22 29 38 3 17 35 27 10 33 39 18 24 32 16 20 31 6 37 44 45 8 40 49 30 0 5 7 47 41 42 12 21 2 4 36 34 43 26 9 11 28 1 25 13 46 48 19 
