37 84 83 53 40 32 67 31 81 18 33 52 62 71 66 55 73 69 79 29 89 50 13 86 2 22 9 42 10 80 48 6 34 64 5 54 41 88 21 59 24 27 19 36 68 12 44 25 4 16 51 30 49 47 14 56 23 26 8 17 72 75 65 87 77 45 7 85 15 57 43 61 70 28 63 82 78 1 11 76 0 3 20 58 74 46 60 39 38 35 
7 85 37 35 32 67 17 8 26 23 18 81 31 40 53 83 84 73 55 79 49 30 29 89 50 13 86 2 22 9 42 1 11 78 82 28 63 69 66 71 62 33 52 56 47 14 4 25 44 12 68 16 51 19 27 36 24 59 21 88 41 54 5 64 34 6 48 80 10 0 76 3 43 61 70 15 57 74 58 20 39 60 46 38 45 77 87 65 72 75 
73 55 53 83 84 37 35 32 67 17 8 26 23 18 81 33 52 62 71 66 49 79 69 63 28 70 82 78 1 42 10 80 48 6 34 64 5 54 41 88 21 59 24 27 19 36 68 12 44 25 4 16 51 30 29 89 50 13 86 2 22 9 11 76 0 3 43 61 57 15 7 85 45 77 46 60 39 58 20 74 38 87 65 72 75 40 31 56 14 47 
9 42 1 78 82 11 76 3 0 80 10 48 6 34 64 5 54 41 88 21 59 24 27 19 36 51 30 29 79 49 66 71 62 52 33 18 81 31 67 32 72 75 65 35 37 84 83 53 40 55 73 69 63 28 70 61 43 20 58 39 60 46 74 57 15 85 7 38 45 77 87 17 8 26 23 56 47 14 4 16 25 44 12 68 89 50 13 86 2 22 
74 20 58 39 60 46 38 45 77 87 65 35 72 75 32 67 17 8 26 23 18 81 31 40 53 83 84 37 85 7 15 43 61 70 28 63 69 79 49 30 51 16 25 12 68 44 4 14 47 56 33 52 62 71 66 55 73 29 89 50 13 86 2 22 54 41 21 88 27 36 19 59 24 5 64 34 6 48 80 10 42 1 78 9 82 11 76 0 3 57 
19 36 27 24 59 21 88 41 54 2 22 86 13 50 89 29 30 51 16 12 68 44 25 4 56 14 47 62 71 66 55 73 83 53 40 31 81 18 33 52 23 26 8 17 67 32 35 72 75 65 87 77 45 7 85 37 84 28 70 61 43 57 15 74 38 46 39 60 58 20 3 0 76 11 78 1 42 10 80 48 6 34 64 5 9 82 63 69 79 49 
40 53 83 84 73 69 63 28 70 61 43 57 15 74 38 46 39 60 58 20 3 76 0 11 1 78 82 86 2 22 9 42 10 80 48 6 34 64 5 54 41 88 21 59 24 27 19 36 44 12 68 25 4 16 51 30 29 89 50 13 79 49 66 47 14 56 33 52 62 71 55 37 85 7 45 77 87 65 72 75 17 8 26 23 18 81 31 67 32 35 
56 14 47 66 55 73 69 63 28 70 61 57 15 38 74 46 60 39 58 20 43 3 0 76 11 78 1 42 9 22 2 86 13 50 89 29 30 51 16 25 4 44 12 68 36 19 27 24 59 21 88 41 54 5 64 34 6 48 80 10 82 79 49 71 62 52 33 81 31 67 32 35 72 75 65 87 77 45 7 85 37 84 83 53 40 17 8 26 23 18 
25 4 16 44 51 30 29 89 50 13 86 2 22 9 42 1 11 78 82 63 69 79 49 55 73 84 83 53 40 31 81 18 33 52 62 71 66 47 14 56 23 26 8 17 67 32 35 72 75 65 87 85 7 38 45 77 37 28 70 61 43 57 15 74 46 60 39 58 20 3 0 76 10 80 48 6 64 34 5 54 41 88 21 59 24 27 19 36 68 12 
45 77 38 46 60 39 20 58 74 57 61 70 28 63 69 73 55 66 71 62 52 33 18 81 31 67 32 35 72 75 65 87 37 84 83 53 40 17 8 26 23 56 47 14 4 16 25 44 12 68 51 30 29 89 50 13 86 2 22 9 42 10 80 48 6 34 64 5 54 41 21 88 59 27 24 36 19 49 79 82 78 1 11 76 0 3 43 15 85 7 
47 14 56 52 33 18 23 26 8 17 67 32 35 72 75 65 87 45 77 15 61 57 20 58 74 46 60 39 38 7 85 37 84 83 53 40 31 81 62 71 66 55 73 79 49 30 51 16 25 4 44 12 68 36 19 27 59 24 21 88 41 54 5 64 34 6 48 80 10 42 78 1 11 76 0 3 43 70 28 69 63 82 9 22 2 86 13 50 89 29 
28 70 61 43 57 15 38 7 85 37 84 83 53 40 31 81 18 33 52 62 71 66 55 73 69 79 49 30 29 89 50 13 86 2 22 9 78 1 42 10 80 48 6 34 64 5 54 41 21 88 59 24 27 19 36 68 12 44 25 16 51 4 14 47 56 23 26 8 17 67 32 72 75 65 35 87 45 77 46 60 39 58 20 74 76 3 0 11 82 63 
76 0 3 43 61 70 84 83 53 40 31 81 18 33 52 62 71 66 55 73 69 79 49 29 89 50 13 86 2 41 54 22 9 42 10 80 48 6 34 64 5 21 88 59 24 27 36 19 30 51 16 44 12 68 25 4 14 47 56 23 26 8 17 67 32 72 75 35 65 87 37 85 7 38 45 77 46 60 39 58 20 74 57 15 28 63 82 78 1 11 
40 53 84 83 73 55 66 71 62 47 14 56 52 33 18 81 67 32 35 37 85 7 38 57 61 43 3 76 0 10 80 48 6 34 64 5 54 41 88 21 59 27 24 36 19 29 30 51 44 12 68 25 4 16 49 79 69 63 13 50 89 22 2 86 9 42 78 1 11 82 28 70 15 74 20 58 39 60 46 77 45 87 65 72 75 17 8 26 23 31 
73 55 66 71 62 52 33 81 31 18 23 26 8 17 67 32 72 75 65 87 45 77 46 39 60 20 58 74 57 15 38 7 85 37 35 40 53 83 84 28 70 61 43 3 76 0 11 1 42 10 80 48 6 34 64 5 54 41 88 21 59 24 27 36 19 89 29 30 51 16 44 12 68 25 4 56 14 47 49 79 69 63 13 82 78 9 86 2 22 50 
89 50 13 86 2 22 9 42 1 11 78 82 63 28 70 61 43 57 15 7 85 37 84 83 53 40 31 81 18 33 52 62 71 66 55 73 69 79 49 30 51 16 25 44 12 68 36 27 24 59 88 21 41 54 5 64 34 6 48 80 10 0 3 76 20 58 39 60 46 74 38 45 77 87 65 72 75 35 32 67 17 8 26 23 56 47 14 4 19 29 
18 81 31 67 32 35 72 75 65 87 77 45 7 85 37 84 83 53 40 62 71 66 55 73 69 79 89 50 13 86 2 22 9 42 1 11 78 82 63 28 70 61 43 57 15 38 46 60 39 58 74 20 3 76 0 10 80 48 6 34 64 5 54 41 21 88 59 24 27 19 36 51 30 49 29 16 68 12 25 44 4 14 47 56 52 33 23 26 8 17 
49 79 13 82 78 1 11 76 3 43 61 70 28 63 69 73 55 66 71 62 81 31 40 53 83 84 37 38 7 85 15 57 74 20 58 39 60 46 45 77 87 65 35 32 72 75 67 17 8 26 23 18 33 52 56 14 47 16 4 25 44 12 68 36 19 27 24 59 21 88 41 54 22 2 86 9 42 10 80 0 48 6 34 64 5 50 89 29 30 51 
32 67 17 8 26 18 81 31 40 53 83 84 73 55 66 71 62 52 33 23 56 14 47 4 16 25 44 12 68 51 30 29 89 50 13 86 2 22 9 78 82 11 1 42 10 80 48 6 34 64 5 54 41 21 88 59 24 27 19 36 49 79 69 63 28 70 61 43 76 0 3 57 15 85 7 38 46 60 39 58 20 74 45 77 87 65 72 75 35 37 
87 72 75 32 67 17 8 26 23 18 33 52 62 71 66 55 73 69 79 49 30 29 89 50 13 86 2 22 9 42 10 80 48 6 34 64 5 54 41 21 88 59 24 27 19 36 51 16 44 12 68 25 4 14 47 56 81 31 40 53 83 84 35 65 37 85 7 38 57 15 61 70 28 63 82 78 1 11 76 0 3 43 74 20 58 39 60 46 45 77 
53 83 84 37 35 72 32 67 17 8 26 23 62 71 66 55 73 79 69 63 13 86 2 22 9 42 10 80 48 6 34 64 5 54 41 21 88 27 59 24 36 19 89 50 82 78 1 11 76 0 3 43 61 70 28 15 57 74 20 58 39 60 46 38 7 85 45 77 87 65 75 31 81 18 33 52 56 14 47 4 44 12 68 25 16 51 30 29 49 40 
83 84 73 55 53 40 31 81 18 33 52 62 71 66 47 14 56 23 26 8 17 67 32 72 75 65 87 77 45 7 85 15 57 61 70 28 63 69 79 49 30 51 16 25 4 44 12 68 36 19 29 89 50 13 86 2 22 9 78 1 42 10 80 48 6 64 34 5 54 41 88 59 24 27 21 82 11 76 0 3 43 74 20 58 39 60 46 38 37 35 
83 53 40 31 81 18 33 52 62 71 66 55 73 28 70 61 43 57 15 38 7 85 37 35 72 32 67 17 8 26 23 56 14 47 4 16 25 44 12 68 51 30 29 89 50 13 86 2 22 9 78 82 63 69 79 49 19 36 27 24 59 21 88 41 54 5 64 34 6 48 80 10 42 1 11 76 0 3 20 58 74 46 60 39 77 45 87 65 75 84 
37 84 83 53 40 31 81 18 23 33 52 62 71 66 55 73 69 63 28 70 61 57 15 85 7 45 77 38 46 60 39 58 74 20 43 3 0 76 11 1 78 82 13 86 2 22 9 42 10 80 48 6 34 64 5 54 41 21 88 59 24 27 36 19 29 89 50 79 49 30 51 16 44 12 68 25 4 14 47 56 32 67 17 8 26 75 65 87 35 72 
55 73 69 63 28 70 61 43 76 3 0 11 1 78 82 50 89 29 30 51 16 4 25 44 12 68 36 19 27 24 59 21 88 41 54 2 86 9 42 10 80 48 6 64 34 5 22 13 79 49 66 71 62 40 53 83 84 37 85 7 38 15 57 74 20 58 39 60 46 77 45 87 65 35 32 72 75 17 8 26 23 33 18 81 31 67 52 56 14 47 
77 45 7 85 15 57 43 61 70 28 63 69 73 55 66 71 62 52 33 18 23 26 8 17 67 32 72 75 65 87 35 37 84 83 53 40 31 81 56 14 47 4 25 16 44 12 68 36 19 29 89 50 13 86 2 22 9 78 11 1 42 10 80 48 6 64 34 5 54 41 88 21 59 24 27 51 30 49 79 82 76 0 3 20 74 58 39 60 46 38 
39 60 46 38 7 85 15 57 61 70 28 63 69 73 55 53 83 84 37 35 32 67 17 8 26 23 18 81 31 62 71 66 49 79 29 89 50 13 86 2 22 9 42 1 78 82 11 76 43 3 0 10 80 48 6 64 34 5 54 41 88 21 59 24 27 19 36 51 30 4 25 44 12 68 16 14 47 56 33 52 40 72 75 65 87 45 77 74 20 58 
22 2 86 9 78 1 42 10 80 48 6 34 64 5 54 41 21 88 27 59 24 36 19 29 89 50 13 63 69 73 55 66 71 62 52 33 18 23 26 8 17 67 32 35 65 72 75 87 77 45 7 85 15 57 74 20 58 39 60 46 38 37 84 83 53 40 31 81 47 14 56 4 25 44 12 68 16 51 30 49 79 28 70 61 43 3 76 0 11 82 
74 20 58 39 60 46 38 7 85 15 61 70 11 1 78 9 22 2 86 13 50 89 29 30 51 16 44 12 68 25 4 14 47 56 33 52 62 71 66 55 73 84 83 53 40 31 81 18 23 26 8 17 67 32 72 75 35 65 87 45 77 37 28 63 69 79 49 19 36 24 27 59 21 88 41 54 5 64 34 6 48 80 10 42 82 76 0 3 43 57 
45 77 38 46 74 39 60 58 20 3 43 57 15 7 85 37 84 83 53 40 31 81 18 33 52 62 71 66 55 73 69 63 28 70 61 76 11 78 1 42 9 22 2 86 13 50 89 29 30 51 16 4 25 44 12 68 36 19 27 24 59 21 88 41 54 5 64 34 6 48 80 10 0 82 79 49 14 47 56 23 26 8 17 67 32 35 72 75 65 87 
38 7 85 15 57 74 58 20 43 61 70 28 63 69 79 49 66 71 62 52 33 18 81 31 67 32 35 37 84 83 53 40 55 73 29 89 50 13 86 2 22 9 42 1 11 78 82 76 3 0 10 80 48 6 34 64 5 54 41 88 21 59 27 24 36 19 30 51 16 44 12 68 25 4 14 47 56 23 26 8 17 72 75 65 87 45 77 46 60 39 
28 70 61 43 57 15 38 7 85 45 77 46 39 60 74 20 58 3 0 76 11 1 78 82 86 2 22 9 42 10 80 48 6 34 64 5 41 54 21 88 59 24 27 36 19 29 89 50 13 63 69 79 49 30 51 16 25 44 12 68 4 14 47 56 23 26 8 17 67 32 72 75 65 87 35 37 84 83 53 40 31 81 18 33 52 62 71 66 55 73 
65 35 72 75 17 67 31 81 18 33 52 62 71 66 55 73 84 83 53 40 32 8 26 23 56 14 47 49 79 69 63 13 86 2 22 9 78 82 11 1 42 10 80 48 6 34 64 5 54 41 88 21 19 27 24 59 36 68 12 44 25 4 16 51 30 29 89 50 28 70 61 43 76 0 3 20 58 39 60 46 74 57 15 85 7 38 45 77 37 87 
75 72 35 32 67 17 8 26 23 33 52 62 71 66 55 73 69 63 28 70 15 57 61 43 3 76 0 11 1 78 82 13 86 2 22 9 42 10 80 48 6 34 64 5 54 41 88 21 59 24 27 19 29 89 50 79 49 30 51 16 4 25 44 12 68 36 47 14 56 18 81 31 40 53 83 84 37 85 7 45 77 46 38 74 20 58 39 60 87 65 
59 21 88 41 54 22 2 86 9 78 1 11 76 0 3 43 61 70 28 63 69 79 73 55 53 83 84 37 85 7 38 46 60 39 58 20 74 57 15 45 77 87 65 72 75 35 32 67 17 8 26 23 18 81 31 40 62 52 33 56 14 47 71 66 49 29 30 51 16 4 25 44 12 68 36 19 27 24 89 50 13 82 42 10 80 48 6 34 64 5 
83 53 40 31 81 18 33 52 62 71 66 55 73 28 70 61 43 57 15 38 7 85 37 35 72 32 67 17 8 26 23 56 14 47 4 16 25 44 12 68 51 30 29 89 50 13 86 2 22 9 78 82 63 69 79 49 19 36 27 24 59 21 88 41 54 5 64 34 6 48 80 10 42 1 11 76 0 3 20 58 74 46 60 39 77 45 87 65 75 84 
71 62 52 33 18 81 31 67 32 72 75 65 87 45 77 38 7 85 15 57 74 20 58 39 60 46 43 61 70 28 63 69 79 29 89 50 13 86 2 22 9 42 1 78 82 11 76 3 0 10 80 48 6 34 64 5 54 41 88 21 59 24 27 19 36 30 51 16 44 12 68 25 4 14 47 56 23 26 17 8 35 37 84 83 53 40 55 73 49 66 
46 38 15 57 74 20 58 39 60 77 45 7 85 37 84 83 53 40 31 81 18 33 52 62 71 66 55 73 28 63 69 79 49 30 29 89 50 13 86 2 22 9 78 1 11 76 0 3 43 61 70 82 42 10 80 48 6 34 64 5 54 41 88 21 59 24 27 19 36 51 16 25 44 12 68 4 14 47 56 23 26 8 17 67 32 72 75 87 65 35 
88 21 59 24 27 36 19 89 50 13 82 22 2 86 9 42 1 78 11 76 3 43 61 57 15 38 46 74 20 58 39 60 77 45 7 85 37 35 65 87 75 72 32 67 17 8 26 23 18 81 31 40 53 83 84 73 55 66 71 62 52 33 56 47 14 4 25 44 12 68 16 51 30 29 49 79 69 63 28 70 0 80 10 48 6 64 34 5 54 41 
52 33 18 81 31 67 17 8 26 23 56 14 47 62 71 66 55 73 69 79 49 30 51 16 25 4 44 12 68 36 27 24 59 21 41 88 19 29 89 50 13 63 28 82 78 1 42 9 22 2 86 54 5 64 34 6 48 80 10 0 11 76 3 43 61 70 15 57 74 20 58 39 60 46 38 7 85 37 35 32 72 75 65 87 45 77 84 83 53 40 
40 53 83 84 73 55 66 71 62 52 33 18 81 31 67 32 72 35 65 75 87 77 45 7 85 37 15 57 61 43 76 0 3 20 58 39 60 46 38 74 70 28 63 69 79 49 29 89 50 13 86 2 22 9 78 82 11 1 42 10 80 48 6 34 64 5 54 41 88 21 59 24 27 19 36 68 12 44 25 4 16 51 30 47 14 56 23 26 8 17 
0 76 11 1 42 10 80 48 6 34 64 5 54 41 88 21 59 24 27 19 50 89 29 30 51 16 4 25 44 12 68 36 49 79 69 63 13 86 2 22 9 78 82 28 70 61 43 57 15 38 7 85 37 35 32 67 17 8 26 23 18 81 31 40 53 83 84 73 55 66 71 62 47 14 56 52 33 75 72 65 87 77 45 46 60 39 74 20 58 3 
76 11 1 78 82 13 86 2 22 9 42 10 80 48 6 34 64 5 54 41 88 21 59 24 27 19 36 30 49 66 71 55 73 84 83 53 40 32 67 17 8 26 23 33 52 62 31 81 18 56 47 14 4 25 44 12 68 16 51 29 89 50 79 69 63 28 70 61 57 15 7 85 37 35 72 75 65 87 45 77 38 46 74 20 58 39 60 43 3 0 
5 64 34 6 48 80 10 42 1 78 82 13 63 28 70 61 43 3 20 58 74 39 60 46 38 45 77 87 65 35 72 75 32 67 17 8 26 23 18 81 31 40 53 83 84 37 85 7 15 57 76 0 11 9 86 2 22 54 21 88 59 27 24 36 19 89 29 49 30 51 16 44 12 68 25 4 14 47 56 52 33 62 71 66 55 73 69 79 50 41 
28 70 61 43 57 15 38 7 85 45 77 46 39 60 74 20 58 3 0 76 11 1 78 82 86 2 22 9 42 10 80 48 6 34 64 5 41 54 21 88 59 24 27 36 19 29 89 50 13 63 69 79 49 30 51 16 25 44 12 68 4 14 47 56 23 26 8 17 67 32 72 75 65 87 35 37 84 83 53 40 52 33 18 81 31 62 71 66 55 73 
85 7 45 77 38 15 61 43 57 74 46 39 60 58 20 3 76 0 10 80 48 6 64 34 5 54 41 88 21 59 24 27 19 36 68 12 44 25 4 16 51 30 29 89 50 13 86 2 22 9 42 1 78 11 82 63 69 79 49 66 71 55 73 83 53 40 31 81 18 33 52 62 47 14 56 23 26 8 17 67 32 72 75 65 87 35 37 84 28 70 
52 33 18 81 31 67 32 35 65 87 77 45 7 85 37 28 63 69 79 49 30 29 89 50 13 86 2 22 9 42 1 78 11 82 70 61 43 57 15 38 46 60 39 58 20 74 3 76 0 10 80 48 6 34 64 5 54 41 88 21 59 24 27 19 36 51 44 12 68 25 4 16 47 14 56 62 71 66 55 53 83 84 73 40 72 75 17 8 26 23 
7 85 37 84 83 53 40 62 52 33 18 81 31 67 17 8 26 23 56 14 47 71 66 55 73 69 63 13 82 78 11 1 42 10 80 48 6 34 64 5 41 54 2 22 9 86 50 89 29 30 51 16 25 4 44 12 68 36 24 27 59 21 88 19 49 79 28 70 15 57 61 43 76 0 3 20 58 39 60 46 74 38 45 77 87 65 72 75 32 35 
15 57 43 61 70 28 63 69 79 49 30 29 89 50 13 86 2 41 54 22 9 42 1 78 82 11 76 3 0 10 80 48 6 34 64 5 88 21 59 24 27 19 36 51 16 4 25 44 68 12 56 14 47 52 33 81 31 18 23 26 8 17 67 32 35 72 75 65 87 45 77 46 74 20 58 39 60 38 7 85 37 84 83 53 40 62 71 66 55 73 
83 53 40 31 81 18 33 52 62 71 66 55 73 28 70 61 43 57 15 38 7 85 37 35 72 32 67 17 8 26 23 56 14 47 4 16 25 44 12 68 51 30 29 89 50 13 86 2 22 9 78 82 63 69 79 49 19 36 27 24 59 21 88 41 54 5 64 34 6 48 80 10 42 1 11 76 0 3 20 58 74 46 60 39 77 45 87 65 75 84 
85 7 38 45 77 87 65 35 72 75 17 8 26 23 18 81 31 67 32 40 53 83 84 73 55 66 71 62 52 33 56 47 14 4 16 25 44 12 68 51 30 49 79 69 63 13 86 2 22 9 78 1 42 10 80 48 6 34 64 5 54 41 21 88 59 24 27 19 36 29 89 50 82 11 76 0 3 43 61 70 28 37 15 57 74 58 20 39 60 46 
77 45 38 7 85 37 35 65 87 75 72 32 67 31 81 18 33 52 62 71 66 55 73 84 83 53 40 17 8 26 23 47 14 56 4 25 16 44 12 68 36 19 29 89 50 13 82 86 2 22 9 78 1 42 10 80 48 6 64 34 5 54 41 21 88 59 24 27 51 30 49 79 69 63 28 70 61 57 15 43 76 11 0 3 20 58 74 46 39 60 
0 76 3 43 61 70 28 63 69 73 55 66 71 62 52 33 18 23 26 8 17 67 32 35 72 75 65 87 45 77 38 74 46 39 60 58 20 57 15 7 85 37 84 83 53 40 31 81 47 14 56 4 25 16 44 12 68 51 30 49 79 29 89 50 13 86 2 22 41 54 88 59 24 27 19 36 21 5 64 34 48 6 10 80 42 9 78 82 11 1 
49 66 71 62 47 14 56 52 33 18 81 31 67 32 35 37 85 7 38 15 57 74 20 58 39 60 46 45 77 87 65 72 75 17 8 26 23 40 53 83 84 73 55 69 79 29 89 50 13 86 2 22 9 42 1 11 78 82 63 28 70 61 43 3 0 76 10 80 48 6 34 64 5 54 41 88 21 59 24 27 19 36 30 51 16 25 44 12 68 4 
79 29 89 50 13 86 2 22 9 42 1 78 11 76 3 43 57 74 20 58 39 60 46 77 45 7 85 38 15 61 70 28 63 69 73 55 66 71 62 52 33 18 81 31 67 32 72 75 65 87 35 37 84 83 53 40 17 8 26 23 56 14 47 49 30 51 16 4 25 44 12 68 36 19 27 24 59 21 88 41 54 5 64 34 6 48 80 10 0 82 
69 63 28 70 61 43 57 15 7 85 37 84 83 53 40 31 81 18 33 52 62 71 66 55 73 49 79 29 89 50 13 86 2 22 9 82 78 1 42 10 80 48 6 34 64 5 54 41 88 21 59 24 27 36 19 30 51 16 25 44 12 68 4 14 47 56 23 26 8 17 67 32 72 75 35 65 87 77 45 38 46 39 60 58 20 74 3 0 11 76 
31 81 18 33 52 62 71 66 55 73 69 79 29 49 89 50 13 86 2 22 9 78 1 42 10 80 48 6 34 64 5 54 41 88 21 59 24 27 36 19 30 51 16 25 44 12 68 4 47 14 56 23 26 8 17 67 32 72 75 65 87 45 7 85 15 57 43 61 70 28 63 82 11 76 0 3 74 20 58 39 60 46 38 77 35 37 84 83 53 40 
17 67 32 35 72 75 65 87 45 77 46 60 39 58 20 43 61 70 28 63 69 73 55 66 71 62 52 33 18 81 31 40 53 83 84 37 85 7 38 57 15 74 3 0 76 11 1 78 82 13 86 2 22 9 42 10 80 48 6 34 64 5 54 41 21 88 59 24 27 19 36 29 89 50 79 49 30 51 16 25 44 12 68 4 14 47 56 23 26 8 
13 50 89 29 30 51 16 4 25 44 12 68 36 19 27 24 59 88 21 54 41 2 86 9 22 5 64 34 6 48 80 10 42 1 78 11 76 0 3 43 57 74 20 58 39 60 46 77 45 7 85 15 38 61 70 28 63 69 79 49 66 71 62 52 33 23 26 8 17 67 32 72 75 87 65 35 37 84 83 53 40 31 81 18 56 14 47 55 73 82 
76 11 78 1 42 9 86 13 63 28 82 70 61 43 57 15 85 7 38 74 20 58 39 60 46 77 45 87 65 35 72 75 32 67 17 8 26 23 18 81 31 40 53 83 84 37 73 55 66 71 62 52 33 56 14 47 49 79 69 50 89 29 30 51 16 44 12 68 25 4 19 36 27 24 59 21 88 41 54 2 22 5 64 34 6 48 80 10 0 3 
10 80 48 6 34 64 5 54 41 21 88 27 19 36 24 59 89 50 13 86 2 22 9 42 1 78 82 63 69 28 70 61 57 15 85 37 84 83 53 40 31 81 18 33 52 62 71 66 55 73 79 49 29 30 51 16 44 12 68 25 4 14 47 56 23 26 8 17 67 32 35 72 75 65 87 45 77 7 38 74 20 58 39 60 46 43 3 76 0 11 
37 84 83 53 40 31 81 18 33 52 62 71 66 55 73 69 63 13 86 2 22 9 78 11 76 0 3 20 58 74 39 60 46 38 7 85 15 57 43 61 70 28 82 42 1 10 80 48 6 34 64 5 54 41 88 21 59 27 24 36 19 89 50 79 49 29 30 51 16 4 25 44 12 68 47 14 56 23 26 8 17 67 32 72 75 65 87 45 77 35 
45 77 38 46 39 60 20 58 74 57 15 7 85 37 84 83 53 40 31 81 18 23 33 52 62 71 66 55 73 69 63 28 70 61 43 3 0 76 11 1 78 82 13 86 2 22 9 42 10 80 48 6 34 64 5 54 41 88 21 59 27 24 36 19 29 89 50 79 49 30 51 16 25 44 12 68 4 14 47 56 26 8 17 67 32 35 72 75 65 87 
28 63 69 79 49 47 14 56 33 52 62 71 66 55 73 84 83 53 40 31 81 18 23 26 8 35 32 67 17 72 75 65 87 37 85 7 45 77 46 74 20 58 39 60 38 57 15 61 43 3 76 0 10 80 48 6 34 64 5 54 41 88 21 59 24 27 19 36 44 68 12 25 4 16 51 30 29 89 50 13 82 86 2 22 9 78 1 42 11 70 
75 65 72 32 67 17 8 26 23 33 18 81 31 40 53 83 84 73 55 66 71 62 52 47 56 14 4 25 16 44 12 68 36 51 30 29 89 50 13 86 2 22 9 1 42 78 82 11 76 0 10 80 48 6 34 64 5 54 41 21 88 59 24 27 19 49 79 69 63 28 70 61 43 3 20 58 39 60 46 74 57 15 38 7 85 37 35 87 77 45 
45 38 7 85 15 57 43 61 70 28 63 13 86 2 22 9 42 10 80 48 6 34 64 5 54 41 21 88 27 24 59 19 36 68 12 44 25 4 16 51 30 29 89 50 79 49 66 71 53 83 84 37 35 65 72 75 32 67 17 8 26 23 18 81 31 40 62 47 14 56 52 33 55 73 69 82 78 1 11 76 0 3 20 58 74 46 60 39 77 87 
26 8 17 67 32 72 75 65 87 35 37 85 7 45 77 46 74 20 58 39 60 38 15 57 61 70 28 63 69 79 49 29 89 50 13 86 22 2 82 78 1 11 76 43 3 0 42 9 10 80 48 6 64 34 5 54 41 88 21 59 24 27 19 36 30 51 16 44 12 68 25 4 47 14 56 33 52 62 71 66 55 73 84 83 53 40 31 81 18 23 
86 2 22 9 42 10 80 48 6 34 64 5 54 41 21 59 24 27 88 36 19 89 50 13 82 78 1 11 76 0 3 43 61 57 74 20 58 39 60 46 38 7 85 37 84 83 53 40 31 81 18 33 52 62 71 66 55 73 69 79 49 29 30 51 16 25 44 12 68 4 14 47 56 23 26 8 17 67 32 35 72 75 65 87 45 77 15 70 28 63 
82 78 1 42 9 22 2 86 13 50 89 29 30 51 16 44 12 68 25 4 14 47 56 23 18 81 31 67 32 35 72 75 65 87 45 77 38 74 20 58 39 60 46 57 15 85 7 37 84 83 53 40 17 8 26 33 52 62 71 66 55 73 69 63 28 70 61 43 3 76 11 0 10 80 48 6 34 64 5 54 41 88 21 59 24 27 36 19 49 79 
15 7 85 38 74 20 58 39 60 46 77 45 57 43 3 0 76 11 78 1 42 10 80 48 6 34 64 5 22 9 82 13 86 2 41 54 21 88 59 24 27 19 36 44 12 68 25 4 16 51 30 29 89 50 79 49 66 71 62 40 53 83 84 37 35 65 87 75 72 32 67 17 8 26 23 18 33 81 31 52 47 14 56 55 73 69 63 28 70 61 
78 82 9 22 2 86 13 50 89 29 30 51 16 4 25 44 12 68 36 19 27 24 59 21 88 41 54 5 64 34 6 48 80 10 42 1 11 76 0 3 15 57 74 20 58 39 60 46 38 45 7 85 77 65 87 37 35 72 75 67 32 17 8 26 23 18 81 31 40 53 83 84 73 55 66 71 62 52 33 56 14 47 49 79 69 63 28 70 61 43 
29 30 51 16 25 44 12 68 4 14 56 47 66 71 62 52 33 18 23 26 8 17 75 72 65 87 45 77 7 85 37 35 32 67 31 81 40 53 83 84 73 55 49 79 69 63 82 78 1 11 76 0 3 43 57 74 20 58 39 60 46 38 15 61 70 28 13 86 2 22 9 42 10 80 48 6 34 64 5 54 41 21 59 24 36 19 27 88 89 50 
40 53 83 84 37 85 7 38 57 43 61 70 28 63 13 86 2 22 9 42 10 80 48 6 34 64 5 54 41 88 21 59 24 27 19 36 51 16 44 12 68 25 4 14 47 56 52 33 18 81 31 67 32 72 75 17 8 26 23 62 71 66 55 73 69 79 29 30 49 89 50 82 78 1 11 76 0 3 20 58 39 60 46 74 15 45 77 87 65 35 
82 78 1 42 9 86 2 22 54 41 21 88 59 24 27 19 36 68 12 44 25 4 16 51 30 29 89 50 13 63 69 79 49 55 73 83 84 37 85 7 38 74 20 58 39 60 46 77 45 87 65 72 75 32 67 17 8 26 23 18 33 52 56 14 47 62 66 71 53 40 31 81 35 15 57 61 43 3 76 0 10 80 48 6 34 64 5 11 70 28 
42 1 78 11 76 3 43 61 57 15 38 74 20 58 39 60 46 77 45 7 85 37 35 65 87 75 72 32 67 17 8 26 23 18 81 31 40 53 83 84 73 55 66 71 62 52 33 56 47 14 4 16 25 44 12 68 36 19 27 24 59 88 21 41 54 22 2 86 13 50 89 29 30 51 49 79 69 63 28 70 82 9 10 80 48 6 64 34 5 0 
40 53 83 84 73 55 79 29 89 50 13 86 2 22 9 78 1 11 76 0 3 43 61 57 74 20 58 39 60 46 45 77 38 7 85 15 70 82 42 10 80 48 6 34 64 5 54 41 88 21 59 24 27 19 36 30 51 16 25 12 68 44 4 14 47 56 33 52 62 71 66 49 69 63 28 37 35 65 87 75 72 32 67 17 8 26 23 18 81 31 
1 42 10 80 48 6 34 64 5 54 41 88 21 59 24 27 19 36 68 12 44 25 4 16 51 30 29 89 50 13 86 2 22 9 78 11 76 0 3 43 61 70 28 63 69 79 49 55 73 84 83 53 40 31 81 18 33 52 62 71 66 47 14 56 23 26 8 17 67 32 72 75 65 87 45 77 7 38 15 57 74 46 60 39 58 20 37 35 85 82 
1 42 10 80 48 6 34 64 5 54 41 88 21 59 24 27 36 19 29 89 50 13 63 69 79 73 55 71 66 62 52 33 18 81 31 67 32 40 53 83 84 37 85 7 45 77 87 65 75 72 35 17 8 26 23 56 47 14 4 25 16 44 12 68 51 30 49 28 70 61 57 15 38 74 20 58 39 60 46 43 76 3 0 11 78 82 86 2 22 9 
27 24 59 21 88 41 54 2 22 9 42 10 80 48 6 34 64 5 86 13 82 11 78 1 0 76 3 43 57 15 85 7 45 77 87 65 75 72 35 32 67 17 8 26 23 18 33 52 62 71 66 55 73 69 63 28 70 61 74 20 58 39 60 46 38 37 84 83 53 40 31 81 56 47 14 4 44 12 68 25 16 51 30 29 89 50 79 49 19 36 
10 80 48 6 34 64 5 54 41 88 21 59 24 27 19 36 51 30 29 79 49 66 40 53 83 84 37 35 65 87 77 45 38 7 85 15 57 74 46 60 39 58 20 43 61 70 28 63 69 73 55 71 62 52 33 18 81 31 67 32 72 75 17 8 26 23 56 14 47 4 25 44 12 68 16 89 50 13 86 2 22 9 42 1 78 82 11 76 3 0 
32 67 17 8 26 23 18 81 31 40 53 83 84 73 55 66 71 62 52 33 56 14 47 30 29 89 50 13 86 2 22 9 78 1 42 10 80 48 6 34 64 5 54 41 21 88 59 24 27 36 19 51 16 44 12 68 25 4 49 79 69 63 82 11 76 0 3 43 57 15 61 70 28 85 7 38 74 20 58 39 60 46 77 45 87 65 72 75 35 37 
78 11 1 42 9 22 2 86 13 50 89 29 49 79 69 63 28 70 61 43 57 74 20 58 39 60 46 38 7 85 37 35 32 72 75 65 87 77 45 15 84 83 53 40 55 73 66 71 62 52 33 18 81 31 67 17 8 26 23 56 14 47 30 51 16 25 4 44 12 68 36 19 27 24 59 21 88 41 54 5 64 34 6 48 80 10 0 3 76 82 
70 61 43 3 0 76 11 1 78 82 86 2 22 9 42 10 80 48 6 34 64 5 54 41 21 88 59 24 27 19 36 29 89 50 13 63 69 73 84 83 53 55 66 71 62 52 33 81 31 67 32 40 35 37 85 7 45 77 87 65 72 75 17 8 26 23 18 56 14 47 4 25 16 44 12 68 51 30 49 79 28 15 57 38 46 60 39 58 20 74 
87 65 35 72 75 32 67 17 8 26 23 18 81 31 40 53 83 84 73 55 66 71 62 52 33 56 14 47 49 30 51 19 29 89 50 13 86 2 22 9 42 10 80 48 6 34 64 5 54 41 88 21 59 24 27 36 68 12 44 25 4 16 79 69 63 28 70 61 15 57 43 76 1 78 82 11 0 3 20 58 39 60 46 74 38 7 85 37 45 77 
28 70 61 43 57 15 38 7 85 45 77 46 39 60 74 20 58 3 0 76 11 1 78 82 86 2 22 9 42 10 80 48 6 34 64 5 41 54 21 88 59 24 27 36 19 29 89 50 13 63 69 79 49 30 51 16 25 44 12 68 4 14 47 56 23 26 8 17 67 32 72 75 65 87 35 37 84 83 53 40 31 81 18 33 52 62 71 66 55 73 
55 73 84 83 53 40 31 81 18 33 52 62 71 66 47 14 56 23 26 8 17 67 32 72 75 65 87 45 77 38 7 85 37 35 28 70 61 43 57 15 39 60 46 74 58 20 3 76 11 78 1 42 9 22 2 86 13 50 89 29 30 51 16 4 25 44 12 68 36 19 88 21 59 24 27 41 54 5 64 34 6 48 80 10 0 82 63 69 79 49 
87 65 72 75 32 67 17 8 26 23 18 81 31 40 53 83 84 73 55 66 71 62 52 33 56 14 47 49 79 69 63 13 50 89 29 30 51 16 4 25 12 68 44 36 19 24 27 59 21 88 41 54 22 2 86 9 42 10 80 48 6 34 64 5 82 78 1 11 76 0 3 43 61 70 28 15 57 74 20 58 39 60 46 45 77 38 7 85 37 35 
43 57 15 61 70 28 63 69 79 49 29 89 50 13 86 2 22 54 41 88 21 59 24 27 19 36 30 51 44 12 68 16 25 4 14 47 56 52 33 18 23 26 8 17 67 32 72 75 65 87 45 77 46 74 20 58 39 60 38 7 85 37 35 84 83 53 40 31 81 62 71 66 55 73 82 78 1 42 10 80 48 6 34 64 5 9 11 76 0 3 
61 70 28 63 69 73 55 66 71 62 52 33 18 81 31 67 17 8 26 23 56 47 14 4 25 16 51 30 29 89 50 13 86 2 22 9 78 1 42 10 80 48 6 34 64 5 54 41 88 21 59 24 27 19 36 68 12 44 49 79 82 11 76 0 3 20 58 74 39 60 46 38 7 45 77 87 65 35 32 72 75 40 53 83 84 37 85 15 57 43 
45 77 46 60 39 58 20 74 38 15 57 61 43 3 0 76 11 1 78 82 63 69 79 49 29 89 50 13 86 2 22 9 42 10 80 48 6 34 64 5 54 41 21 88 59 24 27 36 19 30 51 16 4 25 44 12 68 14 47 62 71 66 55 73 53 83 84 37 85 7 70 28 40 31 81 18 33 52 56 23 26 8 17 67 32 35 72 75 65 87 
7 85 15 57 43 61 70 28 63 69 79 29 47 14 56 52 33 18 23 26 8 17 67 32 72 75 35 65 87 37 84 83 53 40 31 81 62 71 66 55 73 49 30 51 16 4 25 44 12 68 36 27 24 59 21 88 41 54 2 22 86 9 78 82 13 50 89 19 5 64 34 6 48 80 10 42 1 11 76 0 3 20 58 74 38 46 39 60 77 45 
12 68 25 4 16 44 51 30 29 89 50 63 69 79 49 55 73 84 83 53 40 31 81 18 33 52 62 71 66 47 14 56 23 26 8 17 67 32 72 75 65 87 45 77 46 60 39 58 20 74 57 15 38 7 85 37 35 82 78 11 76 0 3 43 61 70 28 13 86 2 22 9 42 1 10 80 48 6 34 64 5 54 41 21 88 59 24 27 19 36 
68 44 12 25 4 16 51 30 29 89 50 13 86 2 22 9 42 1 78 11 76 3 43 57 15 85 7 38 46 60 39 58 20 74 77 45 87 65 35 37 84 83 53 40 73 55 66 71 62 81 31 67 32 72 75 17 8 26 23 18 33 52 56 14 47 49 79 69 63 28 70 61 82 0 10 80 48 6 34 64 5 54 41 88 21 59 24 27 36 19 
35 32 67 31 81 18 33 52 62 71 66 55 73 69 63 28 70 61 43 57 15 38 7 85 37 84 83 53 40 17 8 26 23 56 14 47 49 30 51 44 25 4 16 12 68 36 19 27 24 59 21 88 41 54 5 64 34 6 48 80 10 42 9 22 2 86 13 50 89 29 79 82 78 1 11 76 0 3 20 58 74 46 39 60 77 45 87 65 72 75 
78 1 11 76 0 3 43 61 70 28 73 55 66 71 62 52 33 18 81 31 40 53 83 84 37 85 7 38 57 15 74 20 58 39 60 46 45 77 87 65 75 72 35 32 67 17 8 26 23 56 14 47 30 51 16 4 25 44 12 68 36 19 27 24 59 21 88 41 54 2 22 9 42 10 80 48 6 64 34 5 86 13 50 89 29 79 49 69 63 82 
0 76 11 1 42 10 80 48 6 34 64 5 54 41 88 21 59 24 27 19 36 30 51 16 44 68 12 25 4 14 47 56 52 33 18 23 26 8 17 67 32 72 75 65 87 35 37 84 83 53 40 31 81 62 71 66 55 73 69 79 49 29 89 50 13 86 2 22 9 78 82 28 63 70 61 57 15 38 7 85 45 77 46 39 60 58 20 74 43 3 
41 54 22 2 86 9 13 50 89 29 30 51 16 4 25 44 12 68 36 19 27 24 59 21 88 5 64 34 6 48 80 10 42 1 11 76 0 3 43 61 70 15 57 74 20 58 39 60 46 38 7 85 45 77 87 37 35 65 72 75 17 8 26 23 18 81 31 67 32 40 53 84 83 73 55 66 71 62 52 33 56 14 47 49 79 69 63 28 82 78 
30 29 89 50 13 86 2 22 9 42 1 11 78 82 28 63 69 73 55 66 71 62 52 33 18 81 31 67 32 72 75 17 8 26 23 56 47 14 4 25 44 12 68 16 51 36 24 59 27 19 88 21 41 54 5 64 34 6 48 80 10 0 76 3 43 61 70 15 57 74 20 58 39 60 46 38 7 85 37 84 83 53 40 35 65 87 77 45 79 49 
71 66 55 73 79 49 29 30 51 16 25 4 44 12 68 36 19 27 24 59 88 21 54 2 22 86 13 82 9 42 10 80 48 6 34 64 5 41 89 50 63 69 28 70 61 43 76 11 78 1 0 3 20 58 74 39 60 46 38 7 85 15 57 77 45 87 65 72 75 17 8 26 23 18 81 31 67 32 35 37 84 83 53 40 62 52 33 56 14 47 
60 39 46 74 58 20 43 61 70 28 63 50 89 29 30 51 16 4 25 44 12 68 36 19 27 59 24 88 21 41 54 2 22 9 86 13 82 78 1 42 5 64 34 6 48 80 10 0 76 11 3 15 57 38 7 85 37 84 83 53 40 31 81 18 33 52 62 71 66 55 73 69 79 49 14 47 56 23 26 8 17 67 32 72 75 65 35 87 45 77 
