2 8 5 9 13 0 1 12 10 4 7 11 3 6 14 
3 6 14 2 8 5 9 13 0 1 12 10 4 7 11 
3 6 14 2 8 5 9 13 0 1 12 10 4 7 11 
3 6 14 2 8 5 9 13 0 1 12 10 4 7 11 
2 8 5 9 13 0 1 12 10 4 7 11 3 6 14 
2 8 5 9 13 0 1 12 10 4 7 11 3 6 14 
3 6 14 2 8 5 9 13 0 1 12 10 4 7 11 
3 6 14 2 8 5 9 13 0 1 12 10 4 7 11 
3 6 14 2 8 5 9 13 0 1 12 10 4 7 11 
3 6 14 2 8 5 9 13 0 1 12 10 4 7 11 
3 6 14 2 8 5 9 13 0 1 12 10 4 7 11 
3 6 14 2 8 5 9 13 0 1 12 10 4 7 11 
7 11 3 6 14 2 8 5 9 13 0 1 12 10 4 
7 11 3 6 14 2 8 5 9 13 0 1 12 10 4 
7 11 3 6 14 2 8 5 9 13 0 1 12 10 4 
3 6 14 2 8 5 9 13 0 1 12 10 4 7 11 
3 6 14 2 8 5 9 13 0 1 12 10 4 7 11 
3 6 14 2 8 5 9 13 0 1 12 10 4 7 11 
3 6 14 2 8 5 9 13 0 1 12 10 4 7 11 
3 6 14 2 8 5 9 13 0 1 12 10 4 7 11 
3 6 14 2 8 5 9 13 0 1 12 10 4 7 11 
3 6 14 2 8 5 9 13 0 1 12 10 4 7 11 
3 6 14 2 8 5 9 13 0 1 12 10 4 7 11 
3 6 14 2 8 5 9 13 0 1 12 10 4 7 11 
5 9 13 0 1 12 10 4 7 11 3 6 14 2 8 
5 9 13 0 1 12 10 4 7 11 3 6 14 2 8 
5 9 13 0 1 12 10 4 7 11 3 6 14 2 8 
3 6 14 2 8 5 9 13 0 1 12 10 4 7 11 
10 4 7 11 3 6 14 2 8 5 9 13 0 1 12 
10 4 7 11 3 6 14 2 8 5 9 13 0 1 12 
10 4 7 11 3 6 14 2 8 5 9 13 0 1 12 
10 4 7 11 3 6 14 2 8 5 9 13 0 1 12 
7 11 3 6 14 2 8 5 9 13 0 1 12 10 4 
7 11 3 6 14 2 8 5 9 13 0 1 12 10 4 
7 11 3 6 14 2 8 5 9 13 0 1 12 10 4 
3 6 14 2 8 5 9 13 0 1 12 10 4 7 11 
0 1 12 10 4 7 11 3 6 14 2 8 5 9 13 
0 1 12 10 4 7 11 3 6 14 2 8 5 9 13 
0 1 12 10 4 7 11 3 6 14 2 8 5 9 13 
3 6 14 2 8 5 9 13 0 1 12 10 4 7 11 
3 6 14 2 8 5 9 13 0 1 12 10 4 7 11 
3 6 14 2 8 5 9 13 0 1 12 10 4 7 11 
3 6 14 2 8 5 9 13 0 1 12 10 4 7 11 
3 6 14 2 8 5 9 13 0 1 12 10 4 7 11 
0 1 12 10 4 7 11 3 6 14 2 8 5 9 13 
0 1 12 10 4 7 11 3 6 14 2 8 5 9 13 
0 1 12 10 4 7 11 3 6 14 2 8 5 9 13 
5 9 13 0 1 12 10 4 7 11 3 6 14 2 8 
5 9 13 0 1 12 10 4 7 11 3 6 14 2 8 
5 9 13 0 1 12 10 4 7 11 3 6 14 2 8 
5 9 13 0 1 12 10 4 7 11 3 6 14 2 8 
3 6 14 2 8 5 9 13 0 1 12 10 4 7 11 
3 6 14 2 8 5 9 13 0 1 12 10 4 7 11 
3 6 14 2 8 5 9 13 0 1 12 10 4 7 11 
3 6 14 2 8 5 9 13 0 1 12 10 4 7 11 
3 6 14 2 8 5 9 13 0 1 12 10 4 7 11 
7 11 3 6 14 2 8 5 9 13 0 1 12 10 4 
7 11 3 6 14 2 8 5 9 13 0 1 12 10 4 
7 11 3 6 14 2 8 5 9 13 0 1 12 10 4 
3 6 14 2 8 5 9 13 0 1 12 10 4 7 11 
3 6 14 2 8 5 9 13 0 1 12 10 4 7 11 
3 6 14 2 8 5 9 13 0 1 12 10 4 7 11 
3 6 14 2 8 5 9 13 0 1 12 10 4 7 11 
3 6 14 2 8 5 9 13 0 1 12 10 4 7 11 
7 11 3 6 14 2 8 5 9 13 0 1 12 10 4 
7 11 3 6 14 2 8 5 9 13 0 1 12 10 4 
7 11 3 6 14 2 8 5 9 13 0 1 12 10 4 
3 6 14 2 8 5 9 13 0 1 12 10 4 7 11 
3 6 14 2 8 5 9 13 0 1 12 10 4 7 11 
3 6 14 2 8 5 9 13 0 1 12 10 4 7 11 
3 6 14 2 8 5 9 13 0 1 12 10 4 7 11 
3 6 14 2 8 5 9 13 0 1 12 10 4 7 11 
10 4 7 11 3 6 14 2 8 5 9 13 0 1 12 
10 4 7 11 3 6 14 2 8 5 9 13 0 1 12 
10 4 7 11 3 6 14 2 8 5 9 13 0 1 12 
11 3 6 14 2 8 5 9 13 0 1 12 10 4 7 
0 1 12 10 4 7 11 3 6 14 2 8 5 9 13 
0 1 12 10 4 7 11 3 6 14 2 8 5 9 13 
0 1 12 10 4 7 11 3 6 14 2 8 5 9 13 
3 6 14 2 8 5 9 13 0 1 12 10 4 7 11 
3 6 14 2 8 5 9 13 0 1 12 10 4 7 11 
3 6 14 2 8 5 9 13 0 1 12 10 4 7 11 
3 6 14 2 8 5 9 13 0 1 12 10 4 7 11 
3 6 14 2 8 5 9 13 0 1 12 10 4 7 11 
10 4 7 11 3 6 14 2 8 5 9 13 0 1 12 
10 4 7 11 3 6 14 2 8 5 9 13 0 1 12 
10 4 7 11 3 6 14 2 8 5 9 13 0 1 12 
10 4 7 11 3 6 14 2 8 5 9 13 0 1 12 
10 4 7 11 3 6 14 2 8 5 9 13 0 1 12 
10 4 7 11 3 6 14 2 8 5 9 13 0 1 12 
10 4 7 11 3 6 14 2 8 5 9 13 0 1 12 
10 4 7 11 3 6 14 2 8 5 9 13 0 1 12 
10 4 7 11 3 6 14 2 8 5 9 13 0 1 12 
10 4 7 11 3 6 14 2 8 5 9 13 0 1 12 
10 4 7 11 3 6 14 2 8 5 9 13 0 1 12 
10 4 7 11 3 6 14 2 8 5 9 13 0 1 12 
10 4 7 11 3 6 14 2 8 5 9 13 0 1 12 
10 4 7 11 3 6 14 2 8 5 9 13 0 1 12 
3 6 14 2 8 5 9 13 0 1 12 10 4 7 11 
3 6 14 2 8 5 9 13 0 1 12 10 4 7 11 
