82 64 24 22 1 26 5 25 84 34 39 77 14 68 35 28 69 7 10 48 15 80 58 74 50 41 63 37 44 70 47 3 71 75 32 73 4 81 16 0 31 52 9 49 60 54 40 72 23 13 21 79 33 8 62 65 83 42 57 11 27 12 56 36 19 2 67 29 30 45 17 51 43 20 18 55 59 66 61 78 76 6 38 53 46 
48 10 7 69 67 29 30 45 17 51 43 20 80 58 74 50 41 63 37 44 70 38 6 78 76 55 18 66 59 61 53 60 9 49 52 3 47 71 31 75 32 73 4 81 16 0 79 13 21 72 23 26 5 62 8 33 83 65 42 57 12 11 27 56 36 19 2 28 35 68 14 77 39 34 84 25 1 22 24 64 82 46 40 54 15 
58 80 15 48 10 7 69 2 19 28 24 64 82 46 40 54 72 23 13 21 79 33 8 62 84 34 39 77 14 68 35 22 1 25 5 26 52 9 49 60 44 70 47 3 71 31 75 32 73 4 81 16 0 83 65 42 57 12 11 27 56 36 67 29 30 45 17 51 43 20 18 55 59 66 61 78 76 6 38 37 63 41 50 74 53 
54 40 46 82 64 24 22 1 25 14 68 35 28 2 69 67 7 10 48 15 80 58 74 50 60 9 52 49 44 70 47 3 71 31 75 32 73 4 81 16 0 79 33 21 13 23 72 26 5 84 34 39 77 11 27 12 57 42 65 83 8 62 56 36 19 29 30 45 17 51 43 20 18 55 59 66 61 78 76 6 38 37 63 41 53 
50 74 58 80 15 48 10 7 69 67 29 30 45 17 51 43 20 18 55 59 66 53 41 61 78 76 6 38 37 63 44 70 47 3 31 71 75 32 73 4 81 16 0 79 21 33 8 62 34 39 77 11 27 12 57 42 65 83 13 23 26 5 25 84 14 68 35 28 2 19 36 56 24 64 22 1 82 46 40 54 72 9 49 52 60 
47 3 71 31 52 9 49 60 50 74 58 15 80 18 55 59 66 53 41 63 37 38 6 61 78 76 43 51 20 46 64 24 22 1 82 40 54 72 23 26 5 25 84 34 39 77 14 68 35 28 2 69 7 10 48 45 17 30 29 67 19 56 36 27 11 12 57 42 65 83 8 62 33 21 79 13 0 81 16 4 73 32 75 70 44 
49 52 9 60 50 41 63 37 38 6 44 70 47 3 71 75 32 73 4 81 16 0 31 13 21 33 8 62 84 34 39 77 14 68 35 28 2 69 7 10 48 15 80 58 74 53 66 59 55 76 78 61 18 20 43 51 17 45 30 29 67 19 36 56 27 11 12 57 42 65 83 79 26 5 25 1 22 24 64 82 46 40 54 72 23 
16 81 4 73 32 75 71 3 47 70 44 60 9 52 49 31 0 13 79 21 33 8 62 34 39 84 25 5 26 23 72 40 54 50 41 63 37 38 6 61 59 55 18 20 80 58 74 53 66 78 76 43 51 17 45 30 29 67 69 2 28 24 22 1 82 46 64 15 48 10 7 19 36 56 68 35 14 77 27 12 11 57 42 65 83 
76 78 61 66 59 55 18 58 80 15 20 43 51 17 30 45 7 10 48 46 82 64 24 22 1 26 5 25 84 34 39 77 14 68 35 28 2 69 67 29 19 36 56 27 11 12 57 42 65 83 8 62 33 21 79 13 23 72 54 40 74 53 41 63 37 44 70 47 3 31 71 75 32 73 4 81 0 16 52 49 9 60 50 38 6 
4 73 32 75 71 31 3 47 70 44 37 38 6 78 76 61 66 59 55 18 20 43 51 17 45 30 29 67 69 2 28 35 68 14 77 39 84 34 62 8 33 79 21 13 23 72 54 40 82 46 64 24 22 1 25 5 26 9 49 52 60 63 41 53 74 50 58 80 15 48 10 7 19 36 56 27 11 12 57 42 65 83 81 16 0 
38 37 44 70 47 3 71 31 0 75 32 73 4 81 16 33 79 21 13 23 26 5 25 84 39 34 62 8 83 65 42 57 12 11 77 14 68 35 28 2 69 67 29 30 45 17 51 43 20 18 59 55 76 78 61 66 53 41 63 50 74 58 80 15 48 10 7 19 36 56 27 1 22 24 64 46 82 40 54 72 9 49 52 60 6 
60 9 52 49 44 70 47 3 71 75 32 73 4 81 16 0 31 79 21 33 83 8 62 84 34 39 77 14 68 35 28 2 69 7 10 48 15 80 58 74 53 41 63 37 38 6 78 76 61 66 59 55 18 20 43 51 17 45 30 29 67 19 36 56 27 11 12 57 42 65 25 5 26 72 23 13 1 22 24 64 82 46 40 54 50 
81 16 4 73 32 75 71 31 3 47 70 44 37 38 6 78 76 55 58 80 15 48 10 7 67 69 2 28 35 14 68 56 36 19 29 30 45 17 51 43 20 18 59 61 66 53 74 50 41 63 60 9 52 49 23 72 40 54 46 82 64 24 22 1 26 5 25 84 34 39 77 11 27 12 57 42 65 83 8 62 33 21 79 13 0 
38 37 63 41 53 66 59 55 18 20 80 58 74 50 60 9 49 52 13 21 33 8 62 84 34 39 77 14 68 35 28 2 69 7 10 48 45 17 30 29 67 19 36 56 27 11 12 57 42 65 83 79 31 71 75 0 81 16 4 73 32 3 47 70 44 54 40 72 23 26 5 25 1 22 24 64 82 46 15 43 51 76 78 61 6 
74 58 80 15 20 43 51 17 30 29 67 69 2 28 35 68 14 77 11 12 27 56 36 19 24 64 82 46 48 45 7 10 22 1 26 5 25 62 34 84 39 57 42 65 83 8 33 21 79 13 23 72 40 54 60 9 49 52 31 0 81 16 4 73 32 75 71 3 47 70 44 37 38 6 78 76 55 18 59 66 61 63 41 50 53 
13 23 72 54 40 82 46 64 24 22 1 26 5 25 84 34 39 77 14 68 35 28 2 69 7 10 48 15 80 58 74 50 53 66 59 55 18 20 43 51 17 45 30 29 67 19 36 56 27 11 12 57 42 65 83 8 62 33 21 79 0 81 16 4 73 32 75 44 70 37 38 6 78 76 61 41 63 60 9 52 49 3 47 71 31 
81 16 4 73 32 75 71 31 3 47 70 44 60 9 49 52 79 21 13 23 72 40 54 74 50 41 63 37 38 6 61 78 76 55 18 59 66 53 58 80 15 20 43 51 17 48 45 30 7 69 2 28 35 68 14 77 39 34 84 62 8 33 83 65 42 57 11 12 27 56 36 19 67 29 10 24 64 46 82 1 22 25 5 26 0 
1 22 24 64 82 46 40 54 52 49 9 60 44 70 37 63 41 53 66 59 55 18 20 43 51 17 45 30 7 10 48 15 80 58 74 50 61 78 76 6 38 47 3 31 71 75 32 73 4 81 16 0 79 21 13 23 72 26 5 25 84 34 39 77 14 68 35 28 2 69 67 29 19 36 56 27 11 12 57 42 65 83 33 8 62 
64 24 22 1 82 46 40 54 72 23 26 5 25 84 39 34 62 8 33 79 21 13 52 49 9 60 50 41 53 74 58 80 15 20 43 51 17 45 30 29 67 7 69 10 48 18 55 59 66 61 78 76 6 38 37 63 70 44 47 3 71 31 75 32 73 4 81 0 16 83 65 42 57 12 11 27 56 36 19 2 28 35 68 14 77 
82 40 54 72 23 26 5 13 21 79 33 8 62 25 84 34 39 77 11 12 57 42 65 83 0 81 16 4 73 32 75 71 31 3 47 44 70 37 38 6 61 78 76 55 59 66 53 41 63 60 9 49 52 50 74 58 80 15 20 18 43 51 17 45 30 29 67 69 10 48 7 2 19 36 56 27 14 68 35 28 24 64 22 1 46 
16 81 4 73 32 75 0 31 71 3 47 49 9 52 60 50 41 63 37 44 70 38 6 61 78 76 55 18 59 66 53 74 58 80 15 20 43 51 17 48 10 7 67 29 30 45 19 69 2 28 35 68 56 36 27 12 11 77 39 84 34 62 8 33 79 21 13 23 72 54 40 82 46 64 24 22 1 26 5 25 14 57 42 65 83 
46 64 24 22 1 82 40 54 72 23 26 5 25 84 34 39 57 42 65 83 8 62 33 79 21 13 52 9 60 49 3 71 75 32 73 4 81 16 0 31 47 70 44 37 38 6 61 59 55 76 78 18 20 43 51 17 45 30 29 67 19 28 35 68 14 77 11 12 27 56 36 2 69 7 10 48 15 80 58 74 50 53 41 63 66 
49 52 9 60 50 74 41 53 66 59 55 18 58 80 15 48 10 7 69 67 29 30 45 17 51 43 20 76 78 61 6 38 37 63 44 70 47 3 71 75 32 73 81 4 16 0 31 79 21 13 23 72 54 40 46 82 64 24 22 1 26 5 25 84 34 39 77 14 68 35 28 2 19 36 56 27 11 12 57 42 65 83 8 33 62 
58 80 15 48 10 7 69 2 28 35 68 14 77 39 34 84 25 5 26 23 72 40 54 74 50 53 41 63 37 38 6 78 76 55 59 61 66 18 20 43 51 17 45 30 29 67 19 36 56 27 11 12 57 42 65 83 8 62 21 79 33 13 52 49 9 60 44 70 47 3 71 31 0 81 16 4 73 32 75 1 22 24 64 82 46 
54 40 46 82 64 24 22 1 25 5 26 23 72 13 21 79 33 8 62 84 34 39 77 11 12 57 42 65 83 16 81 4 32 73 75 0 31 71 3 47 70 44 60 9 52 49 50 74 53 41 63 37 38 6 78 76 61 66 59 55 18 20 80 15 48 10 7 69 2 28 35 68 14 27 56 36 19 67 29 30 45 17 51 43 58 
34 39 84 8 62 42 65 83 33 21 79 13 23 72 40 54 74 50 41 63 37 44 70 3 47 71 31 0 81 16 4 73 32 75 52 49 9 60 38 6 78 76 55 59 61 66 53 58 80 15 20 18 43 51 17 45 30 29 67 69 7 10 48 46 82 64 24 22 1 26 5 25 77 14 68 35 28 2 19 36 56 27 11 12 57 
46 82 64 24 22 1 72 23 26 5 25 84 34 39 77 14 68 35 28 2 69 7 10 48 15 80 58 18 55 59 66 53 74 50 41 63 37 38 6 78 76 61 20 43 51 17 45 30 29 67 19 36 56 27 11 12 57 42 65 83 8 62 13 21 33 79 31 71 75 32 73 4 81 16 0 3 47 70 44 60 9 49 52 54 40 
5 26 72 23 13 21 79 33 8 62 84 34 39 77 11 12 57 42 65 83 16 0 81 4 73 32 75 71 31 3 47 70 44 37 38 6 78 76 55 59 66 53 41 50 74 58 80 15 46 82 64 24 22 1 28 35 68 14 27 56 36 19 2 69 67 29 30 45 7 10 48 17 51 43 20 18 61 63 60 9 49 52 54 40 25 
60 9 52 49 47 3 71 31 75 32 73 4 81 0 16 8 62 84 34 39 77 14 68 35 28 2 69 7 10 48 15 80 58 18 59 66 53 74 50 41 63 37 44 70 38 6 76 78 61 55 20 43 51 17 45 30 29 67 19 36 56 27 11 12 57 42 65 83 33 21 79 13 23 72 26 5 25 1 82 64 24 22 46 40 54 
10 7 69 67 29 30 45 17 51 43 20 15 80 58 74 53 41 63 37 38 6 61 78 76 55 59 18 66 60 9 49 52 31 0 81 16 4 73 32 75 71 3 47 70 44 50 54 40 82 64 24 22 1 72 23 26 5 25 84 34 39 77 11 14 68 35 28 2 19 36 56 27 12 57 42 65 83 8 62 33 21 79 13 46 48 
31 52 49 9 60 50 74 58 80 15 48 10 7 2 19 69 67 29 30 45 17 51 43 20 18 55 59 66 53 41 61 78 76 6 38 37 63 44 70 47 3 71 75 32 73 4 81 16 0 79 21 33 8 62 84 34 39 77 14 68 35 28 24 64 82 46 40 54 72 23 13 26 5 25 1 22 56 36 27 12 11 57 42 65 83 
52 49 9 60 50 74 54 40 46 64 24 22 35 68 14 77 39 34 84 25 5 26 13 23 72 1 82 28 2 69 7 10 48 15 80 58 18 20 43 51 17 45 30 29 67 19 36 56 27 11 12 57 42 65 83 8 62 33 79 21 0 81 16 4 73 32 75 71 31 3 47 70 44 37 63 41 53 66 59 55 61 78 76 6 38 
24 64 82 46 40 54 72 23 26 5 25 84 34 39 77 14 68 35 28 2 69 10 48 15 80 58 74 50 41 63 37 38 6 61 78 76 55 59 66 53 18 20 43 51 17 30 45 7 67 29 19 36 56 27 11 12 57 42 65 83 8 62 21 79 13 52 49 9 60 44 70 47 3 71 31 75 32 73 4 16 81 0 33 1 22 
49 9 52 31 71 3 47 70 44 60 50 53 66 59 61 78 76 55 18 20 43 51 17 45 30 29 67 69 7 10 48 15 80 58 74 41 63 37 38 6 40 54 72 23 26 5 25 84 34 39 77 14 68 35 22 24 64 82 46 1 28 2 19 36 56 27 11 12 57 42 65 83 8 62 33 79 21 13 0 81 16 4 73 32 75 
74 50 41 53 66 59 55 78 76 61 6 38 37 63 44 70 47 3 71 75 32 73 4 81 16 0 31 52 49 9 60 54 40 72 23 13 21 79 33 8 34 39 77 14 68 35 28 2 69 67 7 10 48 15 80 58 18 20 43 51 17 45 30 29 19 36 56 27 11 12 57 42 65 83 62 84 25 5 26 1 22 24 64 82 46 
69 7 10 48 46 82 64 24 22 1 26 5 25 84 34 39 77 14 56 36 19 2 28 35 68 27 11 12 57 42 65 83 8 62 33 21 79 13 23 72 54 40 74 50 41 63 37 44 70 47 3 71 75 32 73 4 81 16 0 31 52 9 49 60 38 6 78 76 55 59 61 66 53 58 80 15 20 18 43 51 17 30 45 29 67 
27 12 11 77 39 84 34 62 8 33 21 79 13 23 72 54 40 82 46 64 24 22 1 5 26 52 49 9 60 44 70 47 3 31 71 75 32 73 4 81 0 16 83 65 42 57 25 14 68 35 28 2 69 67 7 10 48 15 80 58 74 50 41 63 37 38 6 61 78 76 55 59 66 53 18 20 43 51 17 30 45 29 19 36 56 
77 14 68 35 28 2 19 36 56 27 11 12 57 42 65 83 8 62 5 26 23 72 40 54 74 53 41 63 37 38 6 61 78 76 55 59 66 18 58 80 15 20 43 51 17 45 30 29 67 69 7 10 48 64 24 22 1 82 46 50 60 44 70 47 3 71 31 75 32 73 4 81 16 0 33 79 21 13 52 49 9 25 84 34 39 
60 9 49 52 13 23 72 54 40 82 46 64 24 22 1 26 5 25 84 34 39 77 14 68 35 28 2 10 48 15 80 58 66 59 61 78 76 55 18 20 43 51 17 30 45 7 69 67 29 19 36 56 27 11 12 57 42 65 83 8 62 21 79 33 16 81 4 73 32 75 71 0 31 3 47 44 70 37 38 6 63 41 53 74 50 
41 53 74 58 80 15 48 10 2 69 67 29 7 45 30 17 51 43 20 18 55 59 66 61 78 76 6 38 63 37 44 70 47 3 71 31 75 32 73 4 16 81 0 33 8 62 34 84 25 5 26 23 72 54 40 82 46 64 24 22 1 68 35 28 19 36 56 27 11 12 57 39 77 14 42 65 83 79 21 13 52 49 9 60 50 
83 65 42 57 39 77 11 12 27 14 68 35 28 2 69 7 10 48 15 20 80 58 18 55 59 66 53 74 50 41 63 37 38 6 61 78 76 43 51 17 45 30 29 67 19 36 56 1 22 24 64 46 82 40 54 72 23 26 13 21 79 33 8 62 34 84 25 5 52 49 9 60 44 70 47 3 71 31 75 32 73 4 81 16 0 
27 12 11 77 14 68 56 36 19 2 69 67 29 30 45 48 10 7 17 51 43 20 18 55 59 61 78 76 6 38 37 63 41 53 66 58 80 15 46 82 64 24 22 1 28 35 25 5 26 23 72 40 54 74 50 60 44 70 47 3 71 0 81 16 4 32 73 75 31 52 49 9 13 21 79 33 8 62 84 39 34 42 65 83 57 
45 7 10 48 15 80 58 74 50 53 41 63 37 38 6 61 78 76 55 59 66 18 20 43 51 17 30 29 67 69 2 28 35 68 14 77 39 84 5 26 23 72 54 40 82 46 64 24 22 1 25 34 62 8 33 21 79 13 52 9 49 60 44 70 47 3 71 31 75 32 73 4 81 16 0 83 65 42 57 12 11 27 56 36 19 
47 3 71 31 52 9 49 60 50 53 41 63 37 44 70 38 6 78 61 59 66 58 80 15 48 10 7 67 29 30 45 17 51 43 20 18 55 76 74 54 40 82 46 64 24 22 1 72 23 13 21 79 33 8 62 5 26 25 84 34 39 77 11 27 14 68 35 28 2 69 19 36 56 12 57 42 65 83 16 81 4 73 32 75 0 
78 61 59 66 53 50 74 54 40 72 23 26 5 25 84 39 34 62 8 33 79 21 13 52 49 9 60 44 70 47 3 71 31 75 32 73 4 81 0 16 83 65 42 57 12 11 27 77 14 68 35 28 22 1 24 64 82 46 48 10 7 67 69 2 19 36 56 29 30 45 17 51 43 20 15 80 58 18 55 76 6 38 37 63 41 
63 44 70 37 38 6 61 78 76 55 18 59 66 53 50 74 58 80 15 20 43 51 17 45 7 10 48 2 69 67 29 30 19 36 56 68 35 28 22 24 64 46 82 1 26 72 23 13 21 79 33 8 62 5 25 84 34 39 77 14 27 11 12 57 42 65 83 16 81 4 73 32 75 0 31 71 3 47 49 52 9 60 54 40 41 
66 59 55 18 80 15 20 43 51 17 45 30 29 67 69 7 10 48 46 82 64 24 22 1 26 5 25 84 34 39 77 14 68 35 28 2 19 36 56 27 11 12 57 42 65 83 8 62 21 33 79 0 81 4 16 73 32 75 71 31 3 47 70 44 37 38 63 41 53 58 74 50 60 9 49 52 13 23 72 54 40 61 78 76 6 
7 10 48 15 80 58 74 53 41 63 37 38 6 61 78 76 55 59 66 18 20 43 51 17 30 45 29 67 69 2 19 36 56 68 14 77 84 25 5 26 72 23 13 21 79 33 8 62 34 39 12 27 11 57 42 65 83 0 81 16 4 73 32 75 71 31 3 47 70 44 49 52 9 60 50 54 40 82 46 64 24 22 1 28 35 
0 81 16 4 32 73 75 71 31 3 47 70 44 37 38 6 78 76 55 18 20 43 15 80 58 74 50 53 66 59 61 63 41 60 49 9 52 13 23 72 1 22 24 64 82 46 40 54 26 5 25 84 34 39 77 14 68 35 28 2 69 7 67 29 30 45 17 51 48 10 19 36 56 27 11 12 57 42 65 83 8 62 21 79 33 
30 45 17 51 43 15 20 80 58 18 55 59 61 76 78 6 38 37 63 41 53 66 74 50 60 9 49 52 31 71 75 32 73 4 16 81 0 3 47 70 44 54 40 46 64 24 22 1 26 5 25 84 34 39 77 14 68 35 28 2 19 36 56 27 12 11 57 42 65 83 8 62 21 79 33 13 23 72 82 48 10 7 69 67 29 
9 49 52 79 21 13 26 5 25 84 34 39 77 14 68 35 28 2 69 67 7 10 48 15 80 58 66 53 74 50 41 63 37 38 6 61 78 76 55 59 18 20 43 51 17 30 45 29 19 36 56 27 11 12 57 42 65 83 8 62 33 0 81 16 4 73 32 75 71 31 3 47 70 44 60 54 40 82 1 22 24 64 46 72 23 
20 43 51 17 45 7 10 2 19 36 56 27 11 12 57 42 65 83 8 62 84 34 39 77 14 68 35 22 24 64 82 46 40 54 74 53 66 59 55 18 61 78 76 6 38 37 63 41 50 60 9 49 3 47 44 70 52 31 71 75 32 73 4 16 81 0 79 21 33 13 23 72 26 5 25 1 28 69 67 29 30 48 15 80 58 
19 2 69 67 29 7 10 48 15 80 58 74 53 41 63 37 38 6 61 78 76 55 59 66 18 20 43 51 17 30 45 64 24 22 1 82 46 40 54 72 23 26 5 25 84 39 34 62 8 33 21 79 13 52 9 49 60 50 44 70 47 3 71 31 0 81 4 73 32 75 16 83 65 42 57 11 27 12 77 14 68 35 28 56 36 
34 84 39 77 14 68 35 28 22 24 64 82 1 72 23 13 79 21 33 8 83 65 42 57 12 11 27 56 36 19 69 2 10 7 67 29 30 45 17 51 43 20 18 66 59 61 78 76 55 58 80 15 48 46 40 54 74 53 50 41 63 37 38 6 44 70 47 3 71 75 32 73 4 81 16 0 31 49 52 9 60 26 5 25 62 
21 79 13 23 72 54 40 46 82 64 24 22 1 26 5 25 84 34 39 77 14 68 35 28 2 69 7 10 48 15 80 58 18 20 43 51 17 30 45 29 67 19 36 56 27 11 12 57 42 65 83 8 62 33 16 4 81 32 73 75 0 31 71 3 47 44 70 37 38 6 78 76 55 59 66 61 63 41 50 74 53 60 9 49 52 
11 12 27 56 36 19 2 28 35 68 14 77 39 34 84 62 25 5 26 23 72 40 54 74 50 41 53 58 80 15 46 82 1 22 24 64 48 10 7 69 67 29 30 45 17 51 43 20 18 59 66 61 78 76 55 6 38 37 63 60 49 9 52 44 70 47 3 71 75 81 16 4 73 32 0 31 13 79 21 33 8 65 83 42 57 
46 82 1 22 64 24 28 2 69 7 10 48 15 80 58 53 74 50 41 63 37 44 70 47 3 31 71 75 32 73 4 81 0 16 83 8 33 21 79 13 23 72 26 5 25 84 39 34 62 65 42 57 12 27 11 77 14 68 35 56 36 19 67 29 30 45 17 51 43 20 18 55 59 66 61 78 76 6 38 60 9 52 49 54 40 
42 65 83 8 62 33 79 21 13 23 72 40 54 46 82 64 24 22 1 26 5 25 84 34 39 77 14 68 35 28 19 2 69 7 10 48 15 80 58 74 50 41 63 37 44 70 60 9 52 49 47 3 71 75 32 73 81 4 16 0 31 38 6 61 78 76 55 59 66 53 18 20 43 51 17 45 30 29 67 36 56 27 11 12 57 
61 78 76 55 59 66 18 58 80 15 20 43 51 17 45 30 29 67 69 7 10 48 64 24 22 1 82 46 54 40 72 23 26 5 25 84 34 39 77 14 68 35 28 2 19 36 56 27 11 12 57 42 65 83 8 62 33 79 21 13 52 9 49 47 3 71 31 75 0 81 4 16 73 32 70 44 60 50 74 53 41 63 37 38 6 
80 58 53 74 50 41 63 37 38 6 61 66 59 55 78 76 18 20 43 51 17 45 30 29 67 69 7 10 48 15 46 64 82 40 54 9 52 49 60 44 70 47 3 71 75 32 73 4 16 81 0 31 13 21 79 33 8 83 65 42 57 12 11 27 14 77 39 84 34 62 25 5 26 23 72 1 22 24 28 35 68 56 36 19 2 
53 74 58 80 15 51 43 20 18 59 66 61 78 76 55 6 38 37 44 70 47 3 31 71 75 32 73 4 81 0 16 33 8 62 84 34 39 25 5 26 23 72 54 40 46 82 64 24 22 1 35 28 2 69 67 29 30 17 45 7 10 48 19 36 56 68 14 77 11 27 12 57 42 65 83 21 79 13 52 9 49 60 50 41 63 
3 47 71 31 0 75 32 73 4 81 16 83 8 62 84 34 39 77 14 68 35 28 2 69 7 10 48 15 80 58 74 50 53 66 59 55 78 61 41 63 44 70 37 38 6 76 18 20 43 51 17 30 45 67 29 19 36 56 27 11 12 57 42 65 33 21 79 13 23 72 26 5 25 1 22 24 64 82 46 40 54 60 9 52 49 
31 75 71 3 47 70 44 60 9 49 52 13 21 79 33 8 62 84 34 39 77 14 68 35 28 2 69 7 45 30 17 51 43 20 80 58 74 53 66 18 55 59 61 78 76 6 38 37 63 41 50 54 40 72 23 26 5 25 1 22 24 64 82 46 15 48 10 67 29 19 36 56 27 11 12 57 42 65 83 16 81 4 73 32 0 
34 39 84 62 8 33 21 79 13 23 72 26 5 25 14 77 11 27 12 57 42 65 83 16 0 81 4 73 32 75 71 31 3 47 49 52 9 60 54 40 82 46 15 80 58 66 53 74 50 41 63 37 44 70 38 6 61 78 76 55 59 18 20 43 51 17 45 30 29 67 69 7 10 48 64 24 22 1 35 28 2 19 36 56 68 
13 23 72 54 40 82 46 48 45 7 10 2 69 67 29 30 17 51 43 20 15 80 58 74 53 66 59 18 55 78 76 61 6 38 37 63 41 50 60 9 52 49 44 70 47 3 0 81 4 16 73 32 75 71 31 79 21 33 8 62 84 34 39 77 27 11 12 57 42 65 83 5 25 68 14 56 36 19 28 35 22 24 64 1 26 
41 63 37 38 6 78 76 55 59 66 61 18 20 43 51 17 45 30 7 10 48 15 80 58 74 50 60 9 52 49 3 47 44 70 31 71 75 32 73 4 81 16 0 79 21 33 8 62 34 39 77 14 68 35 28 22 1 82 46 64 24 2 69 67 29 19 36 56 27 11 12 57 42 65 83 84 25 5 26 23 13 72 40 54 53 
18 20 15 80 58 74 50 41 53 66 59 55 76 78 61 6 38 37 63 44 70 47 3 71 31 0 81 16 4 32 73 75 52 9 49 60 54 40 72 23 26 5 25 14 77 27 11 12 57 42 65 83 8 62 34 39 84 33 21 79 13 1 22 24 64 82 46 48 10 7 69 2 28 35 68 56 36 19 67 29 30 45 17 51 43 
5 25 84 34 39 77 14 68 35 28 2 69 7 10 48 46 82 64 24 22 1 26 23 72 54 40 74 50 41 63 37 38 6 61 66 53 58 80 15 20 18 59 55 78 76 43 51 17 30 45 29 67 19 36 56 27 11 12 57 42 65 83 8 62 33 79 21 13 52 9 49 60 44 70 47 3 71 31 0 81 16 4 73 32 75 
79 21 33 8 62 34 84 39 77 14 68 35 28 2 69 67 29 7 10 48 45 30 17 51 43 20 18 55 59 66 53 74 50 41 63 60 9 49 52 31 0 81 4 16 73 32 75 71 3 47 70 44 37 38 6 78 76 61 58 80 15 46 64 82 40 54 72 23 13 26 5 25 1 22 24 19 36 56 27 12 11 57 42 65 83 
26 23 72 40 54 60 9 52 49 3 47 71 31 75 32 73 4 16 81 0 79 21 33 8 62 39 34 84 77 14 68 35 28 24 64 22 1 82 46 15 80 58 18 59 66 53 50 74 41 63 37 44 70 38 6 61 78 76 55 20 43 51 17 30 7 10 48 45 29 67 69 2 19 36 56 27 11 12 57 42 65 83 5 25 13 
27 11 12 57 42 65 83 8 33 21 79 13 23 72 40 54 74 58 80 15 20 43 51 17 45 30 29 67 69 7 10 48 64 24 22 1 82 46 53 66 59 55 18 61 78 76 6 38 37 63 41 50 60 9 49 52 31 0 81 16 4 73 32 75 71 3 47 44 70 26 5 25 84 62 34 39 77 14 68 35 28 2 19 36 56 
0 81 16 4 73 32 75 71 31 3 47 49 52 9 60 37 44 70 38 6 78 76 55 59 66 53 74 50 41 63 61 18 80 58 15 46 64 24 22 1 82 40 54 72 23 13 26 5 25 84 34 39 77 14 68 35 28 2 69 67 29 30 45 17 51 43 20 48 10 7 19 36 56 27 11 12 57 42 65 83 8 62 33 21 79 
49 52 9 54 40 82 64 24 22 1 72 23 26 5 25 84 34 39 77 14 68 35 28 2 69 7 10 48 46 15 80 58 53 41 63 37 44 70 47 3 31 71 75 32 73 4 16 81 0 79 21 13 33 8 62 65 83 42 57 12 11 27 56 36 19 67 29 30 45 17 51 43 20 18 55 59 66 61 78 76 6 38 60 50 74 
23 72 40 54 74 50 41 63 37 38 6 78 76 55 59 61 66 53 18 80 15 58 20 43 51 17 45 30 7 10 48 46 82 64 24 22 1 26 5 25 84 34 39 77 14 68 35 28 2 69 67 29 19 36 56 11 27 12 57 42 65 83 8 62 33 21 79 13 52 9 49 60 44 70 47 3 71 75 32 73 4 81 16 0 31 
57 12 11 27 14 68 35 28 2 69 7 10 48 15 80 58 74 53 41 50 60 49 9 52 13 23 72 40 54 46 82 64 24 22 1 5 26 25 84 34 39 77 56 36 19 67 29 30 45 17 51 43 20 18 55 59 66 61 78 76 6 38 63 37 44 70 47 3 71 31 75 32 73 4 81 16 0 79 21 33 8 62 65 83 42 
61 66 59 18 55 76 78 6 38 37 63 41 50 74 53 58 80 15 20 43 51 17 45 30 7 10 48 24 64 22 1 82 46 40 54 72 23 26 5 25 84 34 39 77 14 68 35 28 2 69 67 29 19 36 56 27 11 12 57 42 65 83 8 62 33 21 79 13 52 9 49 60 44 70 47 3 71 31 75 32 73 4 16 81 0 
25 84 34 39 77 11 27 12 57 42 65 83 33 8 62 5 26 23 72 54 40 46 64 24 22 35 68 14 56 36 19 2 28 69 67 29 30 7 10 48 45 17 51 43 20 15 80 58 74 50 53 66 59 18 55 76 78 61 6 38 44 70 37 63 41 60 9 49 52 31 71 3 47 75 32 73 4 16 81 0 79 21 13 1 82 
68 35 28 22 64 24 10 48 45 7 2 69 67 29 30 17 51 43 20 18 55 59 66 61 78 76 6 38 37 63 41 50 53 74 58 80 15 46 82 1 26 23 72 54 40 9 49 52 60 44 70 47 3 71 31 75 32 73 4 81 16 0 79 21 33 8 62 84 34 39 77 14 25 5 13 83 65 42 57 12 11 27 56 36 19 
23 26 5 25 1 22 24 64 82 46 40 54 74 53 66 59 55 18 58 80 15 48 10 7 69 67 29 30 45 17 51 43 20 76 78 61 6 38 37 63 50 41 60 49 52 9 44 70 47 3 31 71 75 32 73 4 81 16 0 83 65 42 57 12 11 77 14 68 35 28 2 19 36 56 27 39 34 84 62 8 33 21 79 13 72 
41 50 74 53 66 59 55 78 76 61 58 80 15 48 10 7 69 2 19 28 35 68 14 77 39 84 34 42 65 83 8 62 33 79 21 13 23 72 54 40 82 46 64 24 22 1 26 5 25 57 12 11 27 56 36 67 29 30 45 17 51 43 20 18 6 38 37 44 70 47 3 71 31 0 81 16 4 73 32 75 52 49 9 60 63 
61 63 41 53 66 18 59 55 78 76 6 38 37 44 70 47 3 71 75 32 73 4 16 81 0 31 52 49 9 60 50 74 54 40 72 23 13 79 21 33 8 62 34 39 84 25 14 77 11 27 12 57 42 65 83 5 26 1 22 24 64 46 82 48 10 7 69 2 28 35 68 56 36 19 67 29 30 45 17 51 43 20 80 58 15 
45 30 17 51 43 20 18 55 59 66 61 78 76 6 38 37 63 53 58 80 15 48 10 24 64 82 46 40 54 74 50 41 60 9 52 49 44 70 47 3 71 31 75 32 73 4 81 16 0 13 21 79 33 8 62 34 39 84 25 14 77 11 27 12 57 42 65 83 5 26 23 72 1 22 28 35 68 56 36 19 2 69 67 29 7 
64 24 22 1 82 46 40 54 72 23 26 5 25 84 34 39 77 14 68 35 28 2 19 36 56 27 12 11 57 42 65 83 8 62 33 21 79 13 52 49 9 60 50 41 63 37 44 70 47 3 71 75 32 73 4 81 16 0 31 38 6 78 76 55 59 66 61 53 74 58 80 15 48 10 7 69 67 29 30 17 45 51 43 20 18 
62 34 39 84 25 5 26 23 72 54 40 82 46 64 24 22 35 28 2 69 7 10 48 15 80 58 18 20 43 51 17 45 30 29 67 19 36 56 68 14 77 27 11 12 57 42 65 83 8 33 79 21 13 0 81 16 4 73 32 75 71 31 3 47 70 44 49 52 9 60 50 53 41 63 37 38 6 61 59 55 76 78 66 74 1 
63 41 50 74 53 66 59 18 58 80 15 48 10 7 69 2 28 24 64 82 46 54 40 72 23 13 21 79 33 8 62 84 34 39 77 14 68 35 22 1 26 5 25 83 65 42 57 11 27 12 56 36 19 67 29 30 45 17 51 43 20 55 61 78 76 6 38 37 44 70 47 3 71 31 0 81 4 16 73 32 75 49 52 9 60 
24 22 1 82 40 54 72 23 13 21 79 33 8 62 5 26 25 84 34 39 77 14 68 35 28 2 69 7 10 48 46 15 80 58 74 50 41 63 37 38 6 61 78 76 55 59 66 53 18 20 51 43 17 45 30 29 67 19 36 56 27 11 12 57 42 65 83 16 81 4 73 32 75 71 31 0 3 47 70 44 60 49 52 9 64 
16 81 4 73 32 75 71 31 52 49 9 60 44 37 63 41 53 50 74 58 80 15 48 10 7 69 2 28 35 68 14 77 39 34 25 84 62 8 33 79 21 13 23 72 54 40 82 46 64 24 22 1 26 5 83 65 42 57 11 12 27 56 36 19 67 29 30 45 17 51 43 20 18 66 59 55 61 78 76 6 38 70 47 3 0 
61 78 76 55 59 66 18 58 80 15 20 51 43 17 45 7 10 48 64 24 22 1 82 46 40 54 72 23 13 26 5 25 84 34 39 77 14 68 35 28 2 69 67 29 30 19 36 56 27 11 12 57 42 65 83 8 62 33 79 21 0 81 16 4 32 73 75 71 31 3 47 70 37 44 60 49 52 9 50 74 53 41 63 38 6 
3 47 49 52 9 60 50 74 53 41 63 37 44 70 38 6 78 76 55 59 66 61 58 80 15 46 64 24 22 1 82 40 54 72 23 13 26 5 25 84 34 39 77 14 68 35 28 2 69 67 29 30 45 17 51 43 20 18 48 10 7 19 36 56 27 11 12 57 42 65 83 8 62 79 21 33 0 81 4 16 73 32 75 71 31 
35 68 14 77 11 27 12 57 42 65 83 8 62 34 39 84 25 5 26 23 72 13 21 79 33 16 81 4 73 32 75 0 31 71 3 47 70 44 37 38 6 78 76 55 59 61 66 53 41 63 74 50 60 49 9 52 54 40 82 1 22 24 64 46 15 80 58 18 20 43 51 17 45 30 29 67 7 10 48 69 2 19 36 56 28 
71 31 52 9 49 3 47 70 44 37 38 63 41 53 74 50 60 72 54 40 82 46 64 24 22 1 25 5 26 23 13 21 79 33 8 62 84 34 39 77 14 68 35 28 2 69 67 29 30 45 17 51 43 20 18 66 59 55 76 78 61 6 58 80 15 48 10 7 19 36 56 27 11 12 57 42 65 83 16 81 4 73 32 75 0 
45 17 51 43 20 18 55 78 76 6 38 37 63 41 53 66 59 61 50 74 58 80 15 48 10 7 69 2 28 35 68 14 77 39 34 84 62 8 33 21 79 13 23 72 54 40 82 46 64 24 22 1 5 25 26 52 49 9 60 44 70 47 3 31 71 75 32 73 4 81 0 16 83 65 42 57 11 12 27 56 36 19 67 29 30 
14 77 39 34 84 25 5 26 23 72 40 54 74 50 53 41 63 37 38 6 61 78 76 55 59 66 58 80 15 18 20 43 51 17 45 30 29 67 69 7 10 48 64 24 22 1 82 46 60 9 49 52 71 75 32 73 4 81 16 0 31 3 47 70 44 13 21 79 33 83 65 42 8 62 57 12 11 27 56 36 19 2 28 35 68 
16 81 4 73 32 75 71 31 47 3 49 52 9 60 50 41 53 58 80 15 48 10 7 69 67 29 30 45 17 51 43 20 18 55 59 66 61 78 76 6 38 37 44 70 63 74 54 40 82 46 64 24 28 2 19 36 56 68 35 22 1 25 5 26 23 72 13 79 21 33 8 62 84 34 39 77 14 27 11 12 57 42 65 83 0 
82 64 24 22 1 72 23 13 26 5 25 84 34 39 77 14 68 35 28 2 69 7 10 48 15 80 58 66 59 55 18 78 61 63 41 50 74 53 37 38 6 76 20 43 51 17 45 30 29 67 19 36 56 27 11 12 57 42 65 83 8 62 33 21 79 0 81 4 16 73 32 75 71 31 3 47 70 44 60 9 52 49 54 40 46 
22 24 64 82 40 54 72 23 13 26 5 25 84 34 39 77 11 27 14 68 35 28 2 69 7 10 48 20 43 51 17 45 30 29 67 19 36 56 12 57 42 65 83 8 62 33 21 79 0 81 16 4 73 32 75 71 31 52 9 49 3 47 70 44 60 53 66 59 55 18 61 78 76 6 38 37 63 41 50 74 58 80 15 46 1 
60 49 52 9 50 54 40 82 46 64 24 22 1 25 5 26 72 23 13 21 79 33 8 62 84 34 39 77 14 68 35 28 2 69 7 10 48 15 80 58 74 53 66 59 61 78 76 55 18 20 43 51 17 45 30 29 67 19 56 36 27 12 11 57 42 65 83 16 4 73 32 75 71 31 0 81 3 47 70 44 37 38 6 63 41 
67 29 30 45 17 51 43 20 15 80 58 74 53 41 63 37 38 6 78 76 55 18 66 59 61 50 60 44 70 47 3 71 31 0 81 16 4 73 32 75 49 52 9 13 21 33 79 25 84 34 39 77 14 68 35 28 2 69 7 10 48 46 64 24 22 1 82 40 54 72 23 26 5 62 8 83 65 42 57 12 11 27 56 36 19 
8 62 84 34 39 77 11 27 12 57 42 65 83 33 21 79 13 23 72 26 5 25 14 68 35 28 56 36 19 69 2 10 7 67 29 30 45 17 51 43 20 18 53 66 59 55 61 78 76 6 38 37 63 41 50 74 58 80 15 48 46 64 24 22 1 82 40 54 9 52 49 60 44 70 47 3 71 31 75 32 73 4 81 0 16 
1 22 24 64 82 46 40 54 72 23 26 5 25 84 34 39 77 11 27 12 57 42 65 83 8 62 33 21 79 13 52 9 49 3 47 71 31 0 81 16 4 73 32 75 60 50 41 63 37 44 70 38 6 61 78 76 55 18 59 66 53 74 58 80 15 20 43 51 17 30 45 7 69 2 28 35 68 14 56 36 19 67 29 10 48 
