49 55 89 90 73 74 94 92 18 29 69 38 53 14 47 6 63 65 13 11 12 41 39 34 72 85 71 62 81 45 78 9 58 8 21 19 83 88 67 54 46 31 25 16 4 50 82 61 35 30 64 84 80 15 57 33 87 22 2 26 51 52 66 44 68 91 27 40 3 42 37 86 56 93 70 5 59 24 32 10 60 48 36 79 28 7 1 75 17 0 77 23 43 20 76 
89 55 49 1 7 28 75 17 0 20 76 77 23 43 79 48 36 93 56 60 10 24 59 5 70 26 51 52 66 44 68 91 27 40 3 42 37 86 87 33 57 15 80 84 83 88 54 67 21 19 58 30 35 81 45 78 9 64 22 2 32 71 62 11 13 12 41 63 65 61 50 25 31 46 16 4 8 82 6 47 14 53 38 18 69 29 74 94 92 73 90 34 39 72 85 
67 54 21 8 4 16 25 31 46 50 82 61 13 11 62 81 71 32 24 10 60 70 5 59 85 72 34 90 73 74 94 92 29 69 18 38 53 14 47 6 65 63 41 12 39 89 55 49 17 0 20 76 28 7 1 75 77 23 43 79 48 36 56 93 68 44 40 3 42 27 91 66 52 51 26 2 45 78 9 58 30 35 22 87 86 37 33 57 15 80 64 84 83 19 88 
19 83 88 54 67 21 8 58 9 64 80 15 57 33 87 37 86 40 3 42 27 91 68 44 52 66 51 26 32 10 24 59 5 60 70 56 93 36 48 79 28 7 1 75 17 77 0 20 23 43 76 49 55 89 34 90 73 74 94 92 29 69 63 41 12 39 72 85 71 81 62 11 13 61 65 6 47 14 53 38 18 82 50 16 31 46 25 4 30 35 45 78 22 2 84 
20 76 28 7 1 49 55 89 90 34 39 12 41 63 65 13 11 62 71 85 72 73 74 94 92 29 69 47 14 53 38 18 6 82 25 16 4 31 46 50 61 30 35 81 45 78 22 64 9 58 8 21 67 54 88 83 19 84 80 15 57 33 87 86 37 40 3 42 27 91 68 44 66 52 51 26 2 32 10 24 59 5 70 60 56 93 48 36 79 43 23 77 0 17 75 
38 53 14 47 6 63 65 41 39 34 90 89 55 49 17 75 1 7 28 76 20 0 77 23 43 79 48 36 93 56 44 68 91 27 3 42 40 37 86 51 52 66 26 2 22 45 78 9 64 58 8 21 67 54 88 83 19 84 80 15 57 33 87 32 24 10 60 70 5 59 85 71 62 81 35 30 4 16 31 25 46 82 50 61 13 11 12 72 73 74 94 92 29 69 18 
32 26 51 52 66 44 68 91 27 42 3 40 37 86 87 33 57 15 80 84 19 83 88 54 67 21 8 58 64 78 45 35 81 62 11 13 12 41 63 69 29 74 94 92 18 38 53 14 47 6 65 61 50 16 25 31 46 82 4 30 9 22 2 56 93 36 48 79 28 7 1 75 17 0 76 20 23 43 77 49 55 89 90 73 39 34 72 85 59 24 10 60 70 5 71 
30 4 16 25 31 46 67 54 88 83 84 19 21 8 58 64 9 78 45 81 62 11 13 61 50 82 6 47 14 53 38 69 29 74 94 92 18 63 65 12 72 34 39 41 73 90 89 55 49 17 75 1 7 28 76 20 0 77 23 43 79 48 36 93 56 70 60 5 59 24 10 32 26 51 52 66 44 68 91 27 3 42 40 86 37 33 87 57 15 80 22 2 71 85 35 
2 26 51 52 66 44 68 91 27 3 42 40 37 86 87 33 57 15 80 64 84 19 21 67 54 88 83 58 30 35 81 62 11 13 61 65 63 41 12 39 34 90 73 74 94 92 29 69 38 18 53 14 47 6 82 50 16 25 31 46 4 8 9 78 45 22 32 24 59 5 70 60 10 56 93 36 48 79 28 7 1 75 17 0 20 76 23 43 77 55 49 89 72 85 71 
94 92 74 73 90 34 39 41 12 11 13 72 85 71 62 81 35 30 9 78 45 2 22 64 58 8 21 67 54 88 83 19 84 80 15 57 33 87 86 37 40 3 42 27 91 68 44 66 52 51 26 32 10 24 59 5 70 60 56 93 36 48 79 28 7 1 75 17 0 77 20 23 43 76 49 55 89 61 50 4 16 25 31 46 82 6 63 65 47 14 53 38 18 29 69 
75 17 77 0 20 76 28 7 1 49 55 89 90 34 39 41 63 69 29 73 74 94 92 18 38 53 14 47 6 82 61 65 13 12 72 85 71 62 81 35 11 45 78 9 58 30 4 16 50 31 46 25 67 54 88 83 19 21 8 64 84 80 15 57 33 87 37 86 40 3 42 27 91 68 44 66 52 51 26 2 22 32 10 24 59 5 70 60 56 93 48 36 79 43 23 
12 41 39 34 90 89 49 55 17 75 76 20 0 77 23 43 28 7 1 5 59 24 10 60 70 56 93 48 36 79 85 72 11 62 71 81 35 30 8 58 64 9 78 45 22 2 32 26 51 52 66 44 68 91 27 40 3 42 37 86 87 33 57 15 80 84 19 83 88 67 54 21 31 46 25 16 4 50 82 6 47 14 53 38 18 29 74 73 94 92 69 63 65 61 13 
58 8 21 19 83 88 54 67 31 46 25 16 50 82 6 47 14 53 38 69 63 41 12 72 62 81 71 85 32 2 22 78 45 35 30 9 64 84 80 15 57 33 87 86 37 40 3 42 27 91 68 44 66 52 51 26 10 24 59 5 70 60 56 93 36 48 79 7 28 76 0 77 20 23 43 17 75 1 49 55 89 90 34 39 73 74 94 92 18 29 65 61 13 11 4 
81 71 62 11 13 65 63 41 12 39 34 72 85 59 5 70 60 10 24 32 2 26 51 52 66 44 40 3 42 27 91 68 93 56 36 48 79 28 7 1 75 17 0 20 76 23 43 77 49 55 89 90 73 74 94 92 29 69 18 38 53 14 47 6 82 61 50 31 46 25 16 4 30 35 45 78 9 64 58 8 21 67 54 88 83 19 84 80 15 57 33 87 86 37 22 
45 78 9 35 11 13 61 65 12 39 34 90 89 55 49 1 7 28 75 17 77 0 76 20 23 43 79 36 48 93 56 60 70 5 59 24 10 32 26 51 52 66 44 68 91 27 3 42 40 37 86 87 33 57 15 80 84 19 21 8 67 54 88 83 64 58 30 4 16 50 25 31 46 82 6 47 14 53 38 18 29 69 63 41 73 74 94 92 72 85 71 62 81 22 2 
6 47 14 53 38 69 29 18 92 94 74 73 90 34 39 72 12 41 63 65 13 11 62 81 35 30 9 58 8 21 19 84 80 15 57 87 33 37 86 40 3 42 27 91 68 93 56 60 10 24 59 5 70 48 36 79 7 28 43 23 20 76 0 77 17 75 1 49 55 89 85 71 32 26 51 52 66 44 2 22 78 45 64 83 88 54 67 31 46 25 16 50 4 61 82 
26 51 52 66 44 68 91 27 40 3 42 37 86 87 33 57 15 80 84 83 19 21 88 54 67 31 46 25 16 4 8 58 9 78 45 81 62 71 59 5 7 28 76 20 0 77 17 75 49 55 89 90 34 39 41 12 13 11 72 85 24 10 60 70 56 93 36 48 79 43 23 1 73 74 94 92 29 18 38 53 14 47 69 63 65 6 82 50 61 35 30 64 22 2 32 
38 53 14 47 6 63 65 41 39 34 90 89 55 49 17 75 1 7 28 76 20 0 77 23 43 79 48 36 93 56 44 68 91 27 3 42 40 37 86 51 52 66 26 2 22 45 78 9 64 58 8 21 67 54 88 83 19 84 80 15 57 33 87 32 24 10 60 70 5 59 85 71 62 81 35 30 4 16 31 25 46 50 82 61 13 11 12 72 73 74 94 92 29 69 18 
94 92 29 74 73 90 89 55 49 17 75 1 7 28 76 0 77 20 23 43 79 48 36 93 56 60 70 5 59 24 10 32 26 51 52 66 44 68 91 27 3 42 40 37 86 87 33 57 15 80 84 83 19 21 8 58 9 30 35 81 62 71 85 72 34 39 41 63 65 12 13 11 61 4 16 50 82 25 31 46 67 54 88 64 22 2 45 78 6 47 14 53 38 18 69 
51 52 66 44 68 91 27 40 3 42 37 86 87 33 57 15 80 84 19 21 67 54 88 83 64 9 58 8 4 30 35 81 62 11 13 61 50 16 25 31 46 82 6 47 14 53 38 18 29 69 63 65 39 41 12 72 34 90 89 73 74 94 92 55 49 17 75 0 77 20 76 28 7 1 5 59 24 10 60 70 56 93 48 36 79 43 23 85 71 45 78 22 2 26 32 
73 74 94 92 18 38 53 14 47 6 65 13 11 62 81 35 45 78 9 64 84 19 83 88 54 67 21 8 58 30 4 50 16 25 46 31 82 61 12 41 63 69 29 39 72 34 90 89 55 49 17 75 0 77 20 76 23 43 1 7 28 79 48 36 93 56 60 70 5 59 24 10 32 26 51 52 66 44 68 91 27 40 3 42 37 86 87 33 57 15 80 22 2 71 85 
56 93 36 48 79 43 23 20 76 0 77 17 75 7 28 5 59 24 10 32 26 51 52 66 44 68 91 27 40 3 42 37 86 87 33 57 15 80 84 64 58 8 21 19 83 88 54 67 46 25 31 16 50 82 61 4 30 35 81 62 11 13 12 41 39 90 34 73 74 94 92 18 38 53 14 47 6 65 63 69 29 89 55 49 1 85 72 71 45 78 9 22 2 60 70 
69 63 65 12 13 11 61 30 4 16 50 82 25 31 46 67 54 88 83 21 19 8 58 9 64 84 80 15 57 87 33 37 86 40 3 42 27 91 68 44 52 51 26 2 22 78 45 35 81 62 71 85 59 5 70 60 10 24 32 66 56 93 36 48 79 28 7 1 49 17 75 76 20 23 43 77 0 55 89 90 34 39 41 72 73 74 94 92 29 18 38 53 14 47 6 
9 58 30 4 16 25 31 46 82 50 61 13 11 62 81 71 85 72 34 90 89 73 74 94 92 18 29 69 38 53 14 47 6 63 41 39 12 65 35 45 78 22 2 10 60 70 56 93 36 48 79 28 7 1 75 17 0 77 20 76 23 43 55 49 5 59 24 32 26 51 66 52 44 68 91 27 40 3 42 37 86 87 33 57 15 80 84 83 88 54 67 21 8 19 64 
26 51 52 66 44 68 91 27 3 42 40 86 37 87 33 57 15 80 84 64 58 30 35 81 71 62 11 13 12 39 34 90 89 55 49 17 75 76 20 0 77 23 43 28 7 1 5 59 24 10 60 70 56 93 36 48 79 85 72 73 74 94 92 29 69 38 18 53 14 47 6 65 63 41 61 82 25 46 31 16 50 4 8 21 67 54 88 83 19 9 78 45 22 2 32 
87 33 57 15 80 64 9 78 45 35 81 62 71 85 5 59 24 10 60 70 56 93 48 36 79 28 7 1 75 0 20 76 23 43 77 17 49 55 89 90 34 39 41 63 65 61 13 11 72 12 73 74 94 92 29 69 53 38 18 47 14 6 82 50 25 31 46 16 4 30 58 8 21 67 54 88 83 19 84 22 2 32 26 51 52 66 44 68 91 27 3 42 40 37 86 
58 64 9 78 45 81 62 71 85 72 34 39 41 63 65 12 13 11 61 30 35 4 16 25 31 46 50 82 6 47 14 53 38 69 29 74 94 92 18 73 90 89 55 49 1 7 28 76 20 0 17 75 77 23 43 79 36 48 93 56 60 10 24 59 5 70 32 2 26 51 52 66 44 68 91 27 42 3 40 86 37 33 57 87 22 15 80 84 19 21 67 54 88 83 8 
63 41 39 34 90 89 55 49 17 75 76 0 77 20 23 43 28 7 1 59 5 71 62 81 35 30 4 16 50 82 25 31 46 67 54 88 83 19 21 8 58 9 78 45 22 64 84 80 15 57 33 87 86 37 3 42 40 27 91 68 44 52 66 26 51 2 32 24 10 60 70 56 93 36 48 79 85 72 12 13 11 61 65 6 47 14 53 38 18 29 74 73 94 92 69 
38 53 14 47 6 63 65 41 39 34 90 89 55 49 17 75 1 7 28 76 20 0 77 23 43 79 48 36 93 56 44 68 91 27 3 42 40 37 86 51 52 66 26 2 22 45 78 9 64 58 8 21 67 54 88 83 19 84 80 15 57 33 87 32 24 10 60 70 5 59 85 71 62 81 35 30 4 16 31 25 46 82 50 61 13 11 12 72 73 74 94 92 29 69 18 
14 47 6 63 65 13 11 12 41 39 34 90 89 55 49 1 7 28 76 20 0 77 17 75 23 43 79 48 36 93 56 60 70 5 59 24 10 32 26 51 52 66 44 68 91 27 3 42 40 37 86 87 33 57 15 80 84 19 83 88 54 67 21 8 58 30 4 16 25 46 31 50 82 61 35 81 62 71 45 78 9 64 22 2 85 72 73 74 94 92 29 18 38 53 69 
18 69 29 74 94 92 73 39 34 90 89 55 49 1 7 28 76 75 17 0 77 20 23 43 79 48 36 93 56 60 70 10 24 59 5 32 2 26 51 52 66 44 68 91 27 40 42 3 37 86 87 33 57 15 80 84 19 21 8 58 64 22 78 45 81 62 71 85 72 13 11 12 41 63 65 61 50 25 31 46 54 67 88 83 9 35 30 4 16 82 6 14 47 38 53 
65 63 41 39 34 90 89 55 49 1 7 28 76 0 77 17 75 20 23 43 79 48 36 93 56 60 70 5 59 24 10 32 26 51 66 52 44 68 91 27 40 3 42 37 86 87 57 33 15 80 84 19 83 88 67 54 46 31 25 16 50 82 61 13 11 62 71 45 78 9 64 58 8 21 4 30 35 81 2 22 85 72 12 73 74 94 92 29 69 38 18 53 14 47 6 
93 56 60 10 24 59 5 70 48 36 79 28 7 1 75 17 0 76 20 23 43 77 49 55 89 90 73 74 94 92 29 18 38 53 14 47 6 65 63 69 41 12 39 34 72 85 71 62 81 35 45 78 9 58 30 4 16 31 46 25 50 82 61 13 11 32 26 51 52 66 44 68 91 27 40 3 42 37 86 87 33 57 15 80 84 19 21 8 67 54 88 83 64 22 2 
5 59 24 10 60 56 93 48 36 79 43 23 20 76 0 77 17 75 49 55 89 90 34 72 39 41 63 69 29 74 73 94 92 18 38 53 14 47 6 65 13 11 62 71 81 35 45 78 9 64 58 8 21 67 54 88 83 19 84 80 15 57 33 87 86 37 3 42 40 91 27 68 44 66 52 51 26 32 2 22 30 4 16 25 31 46 50 82 61 12 85 1 7 28 70 
62 11 13 65 63 41 12 39 34 90 89 55 49 17 75 1 7 28 76 20 0 77 23 43 79 48 36 93 56 60 70 5 59 24 10 32 26 51 52 66 44 68 91 27 3 40 42 37 86 87 33 57 15 80 22 2 45 78 9 58 8 21 67 54 88 83 19 84 64 30 35 81 71 85 72 73 74 94 92 29 69 14 53 38 18 47 6 82 50 4 16 25 31 46 61 
89 55 49 17 75 76 0 77 20 23 43 28 79 48 36 93 56 60 10 32 24 59 5 1 7 70 85 72 12 13 11 62 71 81 45 78 9 64 22 2 26 51 52 66 44 68 91 27 40 3 42 86 37 87 33 57 15 80 84 19 83 88 67 54 21 8 58 30 35 61 4 16 25 46 31 50 82 6 47 14 53 38 18 69 29 74 94 92 73 90 34 39 41 65 63 
87 33 57 15 80 64 9 78 45 35 81 62 71 85 5 59 24 10 60 70 56 93 48 36 79 28 7 1 75 0 20 76 23 43 77 17 49 55 89 90 34 39 41 63 65 61 13 11 72 12 74 73 92 94 29 69 53 38 18 47 14 6 82 50 25 31 46 16 4 30 58 8 21 67 54 88 83 19 84 22 2 32 26 51 52 66 44 68 91 27 3 42 40 37 86 
34 39 41 12 11 62 71 81 35 30 9 64 58 8 21 67 54 88 83 19 84 80 15 57 33 87 86 37 40 3 42 27 91 68 44 52 66 51 26 2 32 10 24 59 5 70 60 56 93 36 48 79 28 7 76 20 23 43 77 0 17 75 1 49 55 89 90 73 74 94 92 29 18 38 53 14 69 47 6 65 63 13 61 4 16 25 31 46 50 82 45 78 22 85 72 
20 76 28 7 1 49 55 89 90 34 39 12 41 63 65 13 11 62 71 85 72 73 74 94 92 29 69 47 14 53 38 18 6 82 25 16 4 31 46 50 61 30 35 81 45 78 22 64 9 58 8 21 67 54 88 83 19 84 80 15 57 33 87 86 37 40 3 42 27 91 68 44 66 52 51 26 2 32 10 59 24 60 70 5 56 93 48 36 79 43 23 77 0 17 75 
53 14 47 6 82 50 16 25 31 46 67 54 88 83 19 21 8 30 35 45 81 62 71 85 72 11 13 12 41 39 34 90 89 55 49 17 77 0 20 23 43 28 7 1 75 76 79 48 36 93 56 70 60 10 24 59 5 32 26 51 52 66 44 68 91 27 42 3 40 37 86 87 33 57 15 80 84 64 9 78 22 2 58 4 61 65 63 69 29 74 73 94 92 18 38 
53 14 47 6 12 72 34 90 89 55 49 17 75 76 20 0 77 23 43 79 36 48 56 93 70 60 10 24 59 5 7 28 1 85 71 62 81 35 45 78 9 58 8 21 67 54 88 83 19 84 80 15 57 33 87 86 37 40 3 42 27 91 68 44 52 66 51 26 32 2 22 64 30 4 16 25 31 46 82 50 61 13 11 65 63 41 39 73 74 94 92 29 69 38 18 
24 10 60 70 5 59 71 62 81 35 30 9 64 58 8 19 21 67 54 88 83 84 80 15 57 33 87 86 37 42 3 40 27 91 68 44 66 51 52 26 32 2 22 78 45 85 72 34 39 41 63 65 12 13 11 61 50 16 4 31 46 25 82 6 47 14 53 38 69 29 18 92 94 74 73 90 89 55 49 75 17 76 20 0 77 43 23 28 7 1 79 48 36 93 56 
73 74 94 92 29 69 38 18 53 14 47 6 82 50 16 25 46 31 4 61 65 63 41 12 13 11 62 81 35 30 58 8 19 83 88 54 67 21 84 64 9 78 45 2 26 51 52 66 44 68 91 27 3 42 40 37 86 87 33 57 15 80 22 32 24 10 59 5 70 60 56 93 36 48 79 28 7 1 75 0 20 76 23 43 77 17 49 55 89 90 34 39 72 85 71 
43 23 20 76 0 77 17 75 1 49 55 89 90 73 74 94 92 18 29 69 38 53 14 47 6 65 63 41 39 34 72 12 11 13 61 50 16 4 31 46 25 82 54 67 21 8 58 30 9 78 45 35 81 62 71 85 59 5 70 60 10 24 32 26 51 52 66 44 68 91 27 3 42 40 37 86 87 33 57 15 80 84 19 83 88 64 22 2 56 93 36 48 79 28 7 
74 73 90 34 39 41 63 65 13 11 62 81 35 30 4 16 25 31 46 50 82 61 12 72 85 71 45 78 9 64 58 8 21 67 54 88 83 19 84 80 15 57 33 87 86 37 40 3 42 27 91 68 44 52 66 51 26 22 2 32 24 59 5 10 60 70 56 93 48 36 79 28 7 1 49 75 17 0 76 20 23 43 77 55 89 94 92 29 69 38 53 14 47 6 18 
46 25 31 16 50 82 61 13 11 62 71 81 35 30 9 78 45 22 2 51 26 32 24 59 10 60 56 93 36 48 79 28 7 1 49 17 75 76 20 23 43 0 77 55 89 90 34 39 41 12 65 63 47 6 14 53 38 18 29 69 74 94 92 73 72 85 5 70 66 52 44 68 91 27 40 3 42 37 86 87 33 57 15 80 64 84 19 58 8 21 83 88 54 67 4 
54 67 21 8 58 30 4 16 50 25 46 31 82 65 63 41 39 34 90 89 55 49 1 7 28 76 75 17 0 77 20 23 43 79 48 36 56 93 68 91 27 3 40 42 37 86 87 33 57 15 80 22 2 26 51 52 66 44 60 70 5 59 24 10 32 71 85 72 11 13 12 73 74 94 92 29 18 38 53 14 47 69 6 61 35 81 62 45 78 9 64 84 19 83 88 
88 67 54 21 8 58 9 64 84 80 15 57 33 87 37 86 40 3 42 27 91 68 44 52 66 51 2 26 32 10 24 59 5 70 60 56 93 48 36 79 28 7 1 75 17 0 20 76 23 43 77 49 55 89 90 34 39 41 63 65 47 6 14 53 38 69 29 18 92 94 74 73 72 85 71 62 81 45 35 30 4 16 25 46 31 82 50 61 13 12 11 22 78 19 83 
58 64 9 78 45 81 62 71 85 72 34 39 41 63 65 12 13 11 61 35 30 4 16 25 31 46 50 82 6 47 14 53 38 69 29 74 94 92 18 73 90 89 55 49 1 7 28 76 20 0 17 75 77 23 43 79 36 48 93 56 60 10 24 59 5 70 32 2 26 51 52 66 44 68 91 27 42 3 40 86 37 33 57 87 22 15 80 84 19 21 67 54 88 83 8 
20 76 28 7 1 49 55 89 90 34 39 12 41 63 65 13 11 62 71 85 72 73 74 94 92 29 69 47 14 53 38 18 6 82 25 16 4 31 46 50 61 30 35 81 45 78 22 64 9 58 8 21 67 54 88 83 19 84 80 15 57 33 87 86 37 40 3 42 27 91 68 44 66 52 51 26 2 32 10 24 59 5 70 60 56 93 48 36 79 43 23 77 0 17 75 
38 53 14 47 6 63 65 41 39 34 90 89 55 49 17 75 1 7 28 76 20 0 77 23 43 79 48 36 93 56 44 68 91 27 3 42 40 37 86 51 52 66 26 2 22 45 78 9 64 58 8 21 67 54 88 83 19 84 80 15 57 33 87 32 24 10 60 70 5 59 85 71 62 81 35 30 4 16 31 25 46 50 82 61 13 11 12 72 73 74 94 92 29 69 18 
40 3 42 27 91 68 44 52 66 51 26 32 24 59 5 1 7 28 48 36 79 43 23 20 76 0 77 17 75 49 55 89 90 34 39 41 12 72 85 62 81 35 45 78 22 2 86 37 33 87 57 15 80 84 64 9 58 8 21 67 54 88 83 19 30 4 16 25 31 46 50 82 6 47 14 53 38 18 29 74 94 92 73 69 63 65 61 13 11 71 10 60 70 56 93 
20 0 77 17 75 76 23 43 79 48 36 93 56 60 10 24 59 5 1 49 55 89 90 34 39 12 72 63 65 41 73 74 94 92 29 69 18 38 53 14 47 6 82 50 16 25 31 46 67 54 88 83 19 21 58 9 64 84 80 15 57 87 33 37 86 40 3 42 27 91 68 44 66 52 51 26 32 2 22 78 45 81 35 30 4 8 61 13 11 62 71 85 70 7 28 
64 9 58 19 8 21 67 54 88 83 84 80 15 57 33 87 86 37 40 3 42 27 91 68 44 66 51 52 26 2 32 10 24 59 5 70 60 56 93 36 48 79 28 7 1 75 17 0 77 20 23 43 76 49 55 89 90 34 72 39 73 74 94 92 29 69 47 14 53 38 18 41 12 13 11 62 81 35 30 4 16 25 46 31 50 82 6 63 65 61 85 71 45 78 22 
71 62 81 45 78 9 64 58 8 21 67 54 88 83 19 84 80 15 57 33 86 87 37 40 3 42 27 91 68 44 52 66 51 26 32 10 24 60 70 56 93 36 48 79 28 7 1 75 17 0 77 20 23 43 76 49 55 89 90 73 74 94 92 29 69 18 38 53 14 47 6 65 63 41 39 34 72 12 13 11 35 61 50 16 4 31 46 25 82 30 22 2 59 5 85 
6 47 14 53 38 69 73 74 94 92 18 29 63 41 39 34 90 89 55 49 1 75 17 0 77 76 20 23 43 28 7 79 48 36 93 56 60 70 5 59 24 10 32 26 51 52 66 44 68 91 27 3 42 40 86 37 33 87 57 15 80 84 64 22 2 45 78 9 58 8 21 19 83 88 67 54 46 25 31 50 16 4 30 35 81 62 71 85 72 11 13 61 65 12 82 
62 11 13 65 63 41 12 39 34 90 89 55 49 17 75 1 7 28 76 20 0 77 23 43 79 48 36 93 56 60 70 5 59 24 10 32 26 51 52 66 44 68 91 27 3 40 42 37 86 87 33 57 15 80 22 2 45 78 9 58 8 21 67 54 88 83 19 84 64 30 35 81 71 85 72 73 74 94 92 29 69 14 53 38 18 47 6 82 50 16 25 31 46 4 61 
29 18 38 53 14 47 6 63 65 13 11 62 81 45 35 30 58 9 64 22 78 2 26 66 52 51 44 68 91 27 40 3 42 37 86 87 33 57 15 80 84 19 83 88 67 54 21 8 4 16 50 25 31 46 82 61 12 41 39 34 90 89 55 49 17 75 1 7 28 76 20 0 77 23 43 79 48 36 93 56 70 60 10 32 24 59 5 85 71 72 73 74 94 92 69 
86 37 33 87 57 15 80 64 9 78 45 81 62 71 85 72 34 39 41 12 13 11 61 65 63 47 14 53 38 18 29 74 94 92 55 49 17 75 76 28 7 1 5 59 24 10 60 70 56 93 36 48 79 43 23 20 0 77 89 90 73 69 6 82 50 25 46 31 16 4 30 35 58 8 21 67 54 88 83 19 84 22 2 32 26 51 52 66 44 68 91 27 42 3 40 
94 74 73 90 89 55 49 17 75 0 77 20 23 43 76 28 7 79 48 36 93 56 60 10 24 59 5 70 1 85 72 34 39 41 63 65 12 13 11 62 81 71 32 26 51 52 66 44 68 91 27 40 3 42 33 57 87 86 37 2 22 78 45 9 64 84 80 15 19 83 88 54 67 21 8 58 30 35 4 16 25 31 46 50 82 61 6 47 14 53 38 69 29 18 92 
7 28 76 0 77 20 23 43 79 48 36 93 56 60 70 5 59 24 10 32 2 26 51 66 52 44 68 91 27 40 3 42 37 86 33 87 57 15 80 84 19 83 88 54 67 21 8 58 64 9 30 81 71 62 35 45 78 22 85 11 13 61 4 16 25 31 46 50 82 6 47 14 53 38 18 29 74 94 92 73 39 41 63 69 65 12 72 34 90 89 55 49 75 17 1 
28 7 1 5 70 60 10 32 2 26 51 52 66 44 68 91 27 40 3 42 37 86 87 33 57 15 80 84 19 83 88 54 67 21 8 58 9 78 45 71 62 81 35 22 64 30 4 16 25 31 46 50 82 61 13 11 39 34 90 89 49 55 73 74 94 92 18 29 69 38 53 14 47 6 65 63 41 12 72 85 59 24 56 93 48 36 79 43 23 20 0 77 17 75 76 
31 46 50 16 4 8 58 9 78 45 22 2 26 32 24 10 60 70 5 59 85 72 34 90 89 55 49 17 75 1 7 28 76 0 77 20 23 43 79 48 36 93 56 68 91 27 3 42 40 44 52 66 51 86 37 33 57 87 15 80 84 19 21 67 54 88 83 64 30 35 81 62 71 11 13 61 65 41 12 39 73 74 94 92 29 69 63 47 14 53 38 18 6 82 25 
1 7 28 76 75 17 0 77 20 23 43 79 48 36 93 56 66 51 52 44 68 91 27 40 3 42 37 86 87 33 57 15 80 64 9 78 45 81 71 62 11 13 12 41 39 34 90 89 73 74 94 92 29 18 38 69 47 14 53 6 65 63 61 4 16 31 46 25 50 82 35 30 58 8 21 67 54 88 83 19 84 22 2 26 32 24 10 60 70 5 59 85 72 55 49 
54 67 21 8 58 9 64 22 80 15 57 33 87 86 37 40 3 42 27 91 68 44 66 52 51 26 2 32 24 59 5 70 60 10 56 93 36 48 79 28 7 1 75 17 77 0 76 20 23 43 49 55 89 73 74 94 92 29 69 38 18 53 14 47 6 63 65 12 41 39 34 90 72 85 71 62 81 35 30 4 16 50 82 46 31 25 61 13 11 45 78 84 19 83 88 
85 72 34 39 41 12 65 63 29 69 38 18 53 14 47 6 82 50 16 4 30 35 81 71 62 11 13 61 25 46 31 67 54 88 21 83 19 8 58 9 64 84 80 15 57 33 87 86 37 40 3 42 27 91 68 44 66 52 51 26 2 22 45 78 32 10 24 59 5 70 60 56 93 36 48 79 28 7 1 75 0 77 20 23 43 76 17 49 55 89 90 73 74 94 92 
33 87 57 15 80 84 83 19 21 67 54 88 8 58 30 4 16 25 31 46 50 82 61 13 11 62 81 35 45 78 9 64 22 2 51 52 66 44 40 3 42 27 91 68 93 56 60 10 24 59 5 70 48 36 79 43 23 20 0 77 17 75 76 28 7 1 49 55 89 90 34 39 12 41 63 65 6 47 14 53 38 69 29 18 92 94 74 73 72 71 85 32 26 86 37 
64 9 78 45 35 81 62 71 85 72 34 39 41 12 13 61 50 25 31 46 82 16 4 30 58 8 21 67 54 88 83 19 84 15 57 33 87 86 37 40 3 42 27 91 68 44 66 52 51 26 32 24 59 5 10 60 70 56 93 36 48 79 28 7 1 75 17 0 76 20 23 43 77 49 55 89 90 73 74 94 92 29 69 38 18 53 14 47 6 63 65 11 2 22 80 
21 67 54 88 83 19 84 80 15 57 87 33 37 86 40 3 42 27 91 68 44 52 51 26 32 24 59 5 70 60 10 2 22 64 58 9 78 45 81 71 62 11 13 61 65 41 39 34 90 89 55 49 17 75 1 7 28 76 20 0 77 23 43 79 48 36 93 56 66 85 72 12 63 69 29 74 73 94 92 18 38 53 14 47 6 82 25 31 46 16 50 4 30 35 8 
28 7 1 75 17 49 55 89 90 34 39 41 12 65 63 69 29 74 73 94 92 18 38 53 14 47 6 82 50 16 31 46 25 4 30 35 81 62 11 13 61 72 85 71 32 26 51 52 66 44 68 91 27 40 3 42 37 86 87 57 33 15 80 84 83 88 67 54 21 8 19 58 64 9 78 45 22 2 10 24 59 5 70 60 56 93 48 36 79 43 23 20 0 77 76 
31 46 25 16 4 8 58 30 35 62 81 71 85 59 5 70 60 10 24 32 26 51 52 66 44 68 91 27 3 42 40 37 86 87 33 57 15 80 84 83 19 21 67 54 88 64 9 78 45 22 2 56 93 48 36 79 28 7 1 75 17 0 76 20 23 43 77 49 55 89 90 34 39 41 12 72 11 13 65 63 69 29 73 74 94 92 18 38 53 14 47 6 82 61 50 
62 71 85 72 34 39 41 12 13 11 81 35 30 9 78 45 22 2 32 26 51 52 66 44 68 91 27 40 3 42 37 86 87 33 57 15 80 84 64 58 8 21 67 54 88 83 19 4 16 25 31 46 50 82 61 65 63 69 38 53 14 47 6 29 18 92 94 74 73 90 89 55 77 0 17 75 49 1 7 28 76 20 23 43 79 48 36 56 93 60 70 5 59 24 10 
20 76 28 7 1 49 55 89 90 34 39 12 41 63 65 13 11 62 71 85 72 73 74 94 92 29 69 47 14 53 38 18 6 82 25 16 4 31 46 50 61 30 35 81 45 78 22 64 9 58 8 21 67 54 88 83 19 84 80 15 57 33 87 86 37 40 3 42 27 91 68 44 66 52 51 26 2 32 10 24 59 5 70 60 56 93 48 36 79 43 23 77 0 17 75 
38 53 14 47 6 63 65 41 39 34 90 89 55 49 17 75 1 7 28 76 20 0 77 23 43 79 48 36 93 56 44 68 91 27 3 42 40 37 86 51 52 66 26 2 22 45 78 9 64 58 8 21 67 54 88 83 19 84 80 15 57 33 87 32 24 10 60 70 5 59 85 71 62 81 35 30 4 16 31 25 46 82 50 61 13 11 12 72 73 74 94 92 29 69 18 
13 11 62 81 35 30 4 8 21 67 54 88 83 19 84 80 15 57 33 87 86 37 40 3 42 27 91 68 44 66 52 51 26 10 24 59 5 70 60 56 93 36 48 79 28 7 1 43 23 20 76 0 77 17 75 49 55 89 90 34 39 41 12 63 65 61 50 16 31 46 25 82 6 47 14 53 38 69 29 74 94 92 18 73 72 85 71 45 78 9 64 58 22 2 32 
65 63 47 14 53 38 69 29 18 92 94 74 73 90 34 39 41 12 72 85 89 55 49 17 0 77 20 76 28 7 1 75 23 43 79 48 36 56 93 44 68 91 27 3 40 42 37 86 87 33 57 15 80 84 19 83 67 54 88 21 8 58 30 9 78 64 22 2 26 51 52 66 60 70 5 59 24 10 32 71 62 81 45 35 11 13 61 50 25 46 31 16 4 82 6 
20 76 0 77 55 49 17 75 1 7 28 79 48 36 93 56 60 10 24 32 26 51 52 66 44 68 91 27 42 40 3 37 86 87 33 57 15 80 84 19 83 88 54 67 21 8 58 9 30 45 78 64 22 2 35 81 71 62 11 13 61 50 16 4 31 46 25 82 6 47 14 53 38 69 29 18 92 94 74 73 90 89 34 72 39 41 63 65 12 85 59 5 70 43 23 
6 47 14 53 38 18 29 69 63 65 13 11 62 81 45 78 9 64 58 8 21 67 54 88 83 19 84 80 15 57 87 33 37 86 51 52 66 44 68 91 27 40 3 42 22 2 26 32 10 24 59 5 70 60 56 93 36 48 79 28 7 1 75 0 77 76 20 23 43 17 49 89 55 94 92 74 73 90 34 39 41 12 72 85 71 35 30 4 16 25 46 31 50 82 61 
7 28 76 20 23 43 79 48 36 93 56 60 70 5 59 24 10 32 26 51 52 66 44 68 91 27 40 3 42 37 86 87 33 57 15 80 84 19 8 21 83 88 54 67 31 25 46 4 16 50 82 6 47 63 65 61 13 11 62 81 35 30 58 9 64 45 78 22 2 71 85 72 12 41 39 34 90 73 74 94 92 18 29 69 14 53 38 89 55 49 17 0 77 75 1 
59 24 10 60 32 26 51 52 66 44 68 91 27 40 3 42 86 37 33 87 57 15 80 84 19 83 88 67 54 21 8 58 9 64 22 2 45 78 35 30 4 16 50 25 46 31 82 61 13 11 62 81 71 85 72 34 90 89 73 74 94 92 18 29 69 38 53 14 47 6 63 65 41 12 39 55 49 17 75 76 20 0 77 23 43 28 79 48 36 93 56 5 1 7 70 
18 38 53 14 47 6 82 50 16 25 31 46 67 54 88 83 19 84 64 9 78 45 35 30 58 8 21 4 61 13 11 62 81 71 59 24 10 60 70 5 32 26 51 52 66 44 68 91 27 3 40 42 37 86 87 33 57 15 80 22 2 56 93 36 48 79 7 1 75 17 0 77 76 20 23 43 28 49 55 89 90 34 39 41 63 65 12 72 85 73 74 94 92 29 69 
39 34 90 89 55 49 17 75 1 7 28 76 20 0 77 23 43 79 48 36 93 56 70 60 10 24 59 5 85 71 81 62 11 13 61 50 16 4 30 35 45 78 9 64 22 2 26 32 51 52 66 44 68 91 27 3 40 42 37 86 87 33 57 15 80 84 19 21 67 54 88 83 8 58 31 46 25 82 6 47 14 53 38 18 29 69 63 65 41 12 72 73 74 94 92 
32 24 10 60 70 5 59 85 72 34 39 41 63 65 12 13 11 35 81 62 71 45 78 9 64 84 80 15 57 33 87 86 37 3 40 42 27 91 68 44 66 52 51 26 2 22 30 58 8 21 19 83 88 54 67 31 46 25 50 16 4 61 82 6 47 14 53 38 69 29 18 92 94 74 73 90 89 55 49 75 17 0 77 20 76 28 7 1 23 43 79 48 36 93 56 
20 76 28 7 1 49 55 89 90 34 39 12 41 63 65 13 11 62 71 85 72 73 74 94 92 29 69 47 14 53 38 18 6 82 25 16 4 31 46 50 61 30 35 81 45 78 22 64 9 58 8 21 67 54 88 83 19 84 80 15 57 33 87 86 37 40 3 42 27 91 68 44 66 52 51 26 2 32 10 24 59 5 70 60 56 93 48 36 79 43 23 77 0 17 75 
9 64 22 78 45 71 62 81 35 30 58 8 21 67 54 88 83 19 84 80 15 57 33 87 86 37 40 3 42 27 91 68 44 66 52 51 26 2 32 10 24 59 5 70 60 56 93 48 36 79 28 7 76 0 77 20 23 43 75 17 49 55 89 90 34 39 41 12 13 11 72 85 1 73 74 94 92 18 29 69 38 53 14 47 63 65 6 82 4 16 25 31 46 50 61 
73 74 94 92 29 69 47 63 65 13 11 62 81 45 78 9 64 58 8 21 67 54 88 83 19 84 80 15 57 87 33 37 86 40 3 42 27 91 44 68 93 56 70 60 10 24 59 5 1 7 28 48 36 79 43 23 20 76 75 17 0 77 49 55 89 90 34 39 41 12 72 85 71 32 26 51 52 66 2 22 35 30 4 16 31 46 25 50 82 61 6 14 53 38 18 
38 53 14 47 6 63 65 13 11 62 71 81 45 78 9 64 58 8 21 67 54 88 83 19 84 80 15 57 33 87 37 86 40 3 42 27 91 68 44 52 51 26 32 24 10 60 70 5 59 85 72 34 90 89 55 49 17 75 76 20 0 77 23 43 28 7 1 79 48 36 93 56 66 2 22 35 30 4 16 25 31 46 50 82 61 12 41 39 73 74 94 92 29 69 18 
82 50 16 25 31 46 67 54 88 83 19 21 8 58 9 78 45 81 62 35 30 4 61 13 11 12 65 63 69 29 92 94 74 73 90 89 55 49 75 17 0 77 20 76 23 43 1 7 28 79 48 36 93 56 70 60 10 24 59 5 32 26 51 52 66 44 68 91 27 3 42 40 37 86 87 33 57 15 80 84 64 22 2 71 85 72 34 39 41 47 14 53 38 18 6 
77 0 76 20 23 43 79 48 36 93 56 60 70 5 59 24 10 32 2 26 51 52 66 44 68 91 27 40 3 42 37 86 87 33 57 15 80 84 83 19 21 67 54 88 8 58 30 35 81 45 78 22 64 9 4 16 50 25 31 46 82 61 65 13 11 62 71 85 72 34 90 73 74 94 92 29 69 38 18 14 53 47 6 63 41 12 39 89 55 49 17 75 1 7 28 
92 94 74 73 90 34 72 85 59 5 70 60 10 24 32 26 51 52 66 44 68 91 27 40 3 42 37 86 87 57 33 15 80 84 64 9 58 8 21 19 83 88 54 67 4 16 25 31 46 50 82 61 13 11 62 81 71 45 35 30 78 22 2 56 93 36 48 79 28 7 75 17 77 0 20 23 43 76 1 49 55 89 39 12 41 63 65 6 47 14 53 38 18 69 29 
28 7 1 75 0 77 17 49 55 89 90 34 39 12 11 13 61 50 16 4 30 35 81 62 71 85 72 41 63 65 14 53 38 69 29 74 73 94 92 18 47 6 82 25 31 46 67 54 88 83 19 58 8 21 84 64 9 78 45 22 2 26 51 52 66 44 68 91 27 40 3 42 37 86 87 33 57 15 80 32 24 59 5 10 60 70 56 93 36 48 79 43 23 20 76 
22 2 26 51 52 66 44 68 91 27 3 42 40 37 86 87 33 57 15 80 84 19 58 8 21 67 54 88 83 64 9 78 45 81 35 30 4 16 25 31 46 50 82 6 47 14 38 53 69 63 41 39 12 65 61 13 11 62 71 85 89 90 34 72 73 74 94 92 29 18 55 49 17 75 1 7 28 76 20 0 77 23 43 79 48 36 93 56 60 70 5 59 24 10 32 
49 55 89 90 73 74 94 92 18 29 69 38 53 14 47 6 82 25 31 46 16 4 30 35 11 13 12 72 34 39 41 63 65 61 50 67 54 88 83 19 21 8 58 9 64 84 80 15 57 33 87 86 37 42 3 40 27 91 68 44 52 66 51 26 32 2 22 78 45 81 71 62 85 1 7 28 79 48 36 93 56 60 10 24 59 5 70 43 23 20 76 0 77 75 17 
30 35 81 62 71 85 72 34 90 89 55 49 1 7 28 76 20 77 17 75 0 23 43 79 48 36 93 56 60 70 5 59 24 10 32 26 51 52 66 44 68 91 27 42 3 40 37 86 87 33 57 15 80 84 19 83 88 67 54 21 8 58 9 78 45 2 22 64 4 16 50 25 31 46 82 61 13 11 12 41 39 73 74 94 92 29 69 47 14 53 38 18 63 65 6 
45 78 9 64 84 19 83 88 54 67 21 8 58 4 16 25 46 31 50 82 61 13 11 62 81 71 85 72 34 39 41 12 65 63 47 6 14 53 38 69 29 18 92 94 74 73 90 89 55 49 17 75 76 20 0 77 23 43 28 7 1 5 59 24 10 60 70 48 36 79 93 56 66 52 51 26 2 32 35 30 80 15 57 87 33 37 86 44 68 91 27 42 3 40 22 
48 36 79 28 7 1 75 17 0 76 20 23 43 77 49 55 89 90 34 39 41 12 13 11 62 81 45 78 9 58 64 84 80 15 57 87 33 37 86 40 3 42 27 91 68 44 66 52 51 26 2 22 35 30 8 21 19 83 88 54 67 46 25 16 4 31 50 82 61 65 63 6 47 14 53 38 69 29 18 92 94 74 73 72 85 71 32 10 24 59 5 70 60 56 93 
39 41 63 65 13 11 62 71 81 45 35 30 58 8 21 19 83 88 67 54 46 31 25 50 16 4 61 82 6 47 14 53 38 18 29 69 74 94 92 55 49 17 75 1 7 28 76 0 77 20 23 43 79 48 36 93 56 66 52 51 26 2 22 78 9 64 84 80 15 57 33 87 37 86 40 3 42 27 91 68 44 32 24 10 60 70 5 59 85 72 34 90 73 89 12 
34 39 41 12 11 13 61 50 16 25 31 46 67 54 88 83 19 21 8 58 9 64 84 80 15 57 33 87 86 37 40 3 42 27 91 68 44 66 52 51 26 2 22 78 45 81 62 71 85 72 73 74 94 92 69 29 38 18 53 14 47 6 65 63 82 4 30 35 32 24 10 5 59 70 60 56 93 36 48 79 43 23 20 0 77 17 75 76 28 7 1 49 55 89 90 
18 29 74 73 94 92 55 49 17 75 76 20 0 77 23 43 79 48 36 93 56 60 10 24 59 5 70 7 28 1 89 90 34 39 41 63 65 13 11 62 81 35 30 9 78 45 32 26 51 52 66 44 68 91 27 42 3 40 37 86 87 33 57 15 80 84 19 58 8 21 67 54 88 83 64 22 2 71 85 72 12 61 4 16 50 25 31 46 82 6 47 14 53 38 69 
61 50 16 4 30 35 81 62 71 85 72 34 90 89 55 49 17 75 0 76 20 23 43 77 1 7 28 79 48 36 93 56 60 70 5 59 24 10 32 26 2 51 52 66 44 68 91 27 40 3 42 37 86 87 33 57 15 80 64 9 78 45 22 84 83 19 21 8 58 88 54 67 31 25 46 82 6 47 14 53 38 18 69 29 74 94 92 73 39 41 63 65 12 13 11 
