27 20 64 52 53 18 44 62 43 37 22 13 41 16 68 21 45 31 2 67 42 61 47 73 69 19 24 38 36 9 57 40 32 51 70 49 6 15 48 58 5 50 25 29 54 59 23 33 72 34 55 17 65 35 10 39 28 12 66 26 0 8 46 14 1 30 4 74 71 63 7 11 3 56 60 
48 58 5 15 6 49 53 18 22 37 43 62 44 17 33 23 59 54 26 66 28 12 39 10 65 35 72 34 55 21 68 45 31 2 67 42 73 47 61 16 41 13 69 19 24 36 32 57 40 9 38 27 20 64 52 70 51 60 3 56 11 7 71 74 4 46 14 1 30 63 8 0 25 50 29 
73 47 61 42 67 2 16 41 13 37 22 43 62 44 17 29 25 50 5 58 48 15 6 49 70 51 20 64 52 53 18 68 45 31 21 55 34 72 33 23 59 26 66 12 28 39 10 35 65 54 0 8 46 14 1 30 63 71 74 4 7 11 3 56 60 27 38 36 32 9 57 40 24 19 69 
25 50 5 15 48 58 74 4 46 14 1 30 63 71 7 11 3 56 60 27 20 64 52 53 18 22 37 43 62 44 17 23 59 26 66 12 28 39 10 65 35 72 33 34 55 21 45 31 68 16 2 67 42 61 41 13 47 73 69 19 24 38 36 32 57 40 9 51 70 49 6 29 54 0 8 
66 26 59 54 29 17 44 55 62 43 37 22 18 53 52 70 49 6 15 48 58 5 50 25 0 8 46 14 1 30 63 71 74 4 7 11 56 3 60 27 51 20 64 24 38 36 32 9 57 40 19 69 13 41 16 2 67 42 61 47 73 68 21 45 31 34 72 33 23 65 35 10 39 28 12 
45 21 68 43 37 22 41 16 2 67 42 73 47 61 13 69 19 24 38 36 32 9 57 40 3 56 11 7 58 5 50 25 29 17 44 62 55 34 72 33 65 35 10 39 28 12 66 26 59 23 54 0 8 46 14 1 30 4 74 71 63 48 15 6 49 70 51 60 27 20 64 52 53 18 31 
56 3 11 7 63 71 74 4 1 30 14 46 8 0 25 50 5 58 48 15 6 49 70 51 20 64 52 53 18 22 37 43 62 44 17 23 59 54 29 66 26 12 28 39 10 65 35 72 33 34 55 21 45 31 68 16 2 67 61 47 73 42 41 13 69 19 24 38 36 9 57 40 32 27 60 
24 38 9 32 36 57 40 27 20 64 52 53 18 44 62 43 37 22 13 41 61 16 2 67 42 73 47 68 21 45 31 55 17 29 49 6 15 48 58 5 50 25 54 59 23 33 34 72 65 35 10 39 28 66 26 0 12 8 46 14 1 30 4 74 71 63 7 11 56 3 60 51 70 19 69 
26 59 23 17 44 62 43 37 22 18 53 52 70 20 64 27 60 51 6 49 50 25 29 54 0 8 46 14 1 30 63 71 74 4 58 5 15 48 7 11 3 56 57 40 32 36 9 38 24 19 69 13 41 16 2 67 42 73 47 61 68 21 45 31 55 34 72 33 10 65 35 39 28 12 66 
60 27 51 70 20 64 52 53 18 37 22 43 62 44 17 55 21 45 31 68 16 2 67 42 73 47 61 41 13 69 19 24 38 36 32 9 57 40 3 56 11 7 71 74 4 46 14 1 30 63 15 5 25 50 6 49 29 54 59 23 33 72 34 65 35 10 39 28 12 66 26 0 8 58 48 
26 59 54 23 33 72 34 55 21 45 31 2 67 42 61 47 73 41 16 68 43 62 44 17 29 25 50 5 15 6 49 70 51 60 27 20 64 52 53 18 22 37 13 69 19 24 38 36 32 9 57 40 3 56 11 7 58 48 71 74 4 46 14 1 30 63 8 0 66 28 12 39 10 65 35 
12 28 39 10 35 65 33 72 34 55 21 45 31 68 37 22 43 62 44 17 29 25 50 5 15 6 49 70 20 64 52 53 18 13 41 16 2 67 42 61 47 73 69 19 24 36 32 38 9 57 40 56 3 60 27 51 48 58 74 71 7 11 63 30 1 4 46 14 8 0 54 59 23 26 66 
70 49 6 15 48 58 5 50 25 29 54 59 23 33 34 72 35 65 10 39 28 12 66 26 0 8 46 14 1 30 63 71 74 4 7 11 3 56 57 40 38 9 36 32 24 19 69 13 41 16 2 67 42 61 47 73 68 43 62 44 17 55 21 45 31 37 22 18 53 52 64 20 27 60 51 
28 66 26 59 23 33 72 34 55 21 45 31 68 43 62 44 17 29 25 5 50 6 49 70 51 20 64 52 53 18 22 37 13 41 16 2 67 42 61 47 73 69 19 24 38 36 32 57 40 9 60 27 3 56 11 7 48 15 58 46 14 1 30 63 71 74 4 8 0 54 65 35 10 39 12 
6 49 50 25 5 58 48 15 51 60 27 20 52 53 18 44 62 21 45 31 68 41 16 2 67 42 61 73 47 13 37 22 43 55 34 72 33 23 59 54 29 17 65 35 10 39 28 12 66 26 0 8 46 14 1 30 4 74 71 63 7 11 3 56 57 40 32 36 9 38 24 19 69 64 70 
12 28 39 10 65 35 33 72 34 55 21 45 31 68 43 37 22 13 41 47 73 42 67 2 16 61 69 19 24 38 9 36 32 57 40 56 3 60 27 51 6 49 70 20 64 52 53 18 17 44 62 29 25 50 5 15 48 7 11 71 74 4 46 14 1 30 63 58 8 0 54 59 23 26 66 
36 32 57 40 27 20 64 52 53 18 22 37 43 62 44 17 29 25 50 5 58 48 15 6 49 70 51 60 3 56 11 7 63 30 1 14 46 4 74 71 8 0 54 59 26 66 28 12 39 10 65 35 23 33 72 34 55 21 45 31 68 16 2 67 42 61 47 73 41 13 24 19 69 38 9 
28 66 26 59 54 0 8 46 14 1 30 71 74 4 63 7 48 15 6 49 70 51 60 27 64 20 52 53 18 44 62 43 37 22 68 21 45 31 2 67 42 61 47 73 41 16 13 69 19 24 38 36 32 9 57 40 56 3 11 58 5 25 50 29 17 55 34 72 33 23 65 35 10 39 12 
74 4 46 14 1 30 63 7 71 58 48 15 6 49 70 20 64 52 53 18 22 37 43 62 44 55 21 45 31 68 16 2 67 42 73 47 61 41 13 69 19 24 38 36 32 57 40 9 27 60 3 56 11 51 50 5 25 29 54 59 23 17 34 72 33 65 35 10 39 28 12 66 26 0 8 
13 41 16 2 67 42 61 47 73 69 19 24 38 36 32 57 40 9 27 20 64 52 70 51 60 3 56 11 7 71 74 4 46 14 1 30 63 48 15 5 50 25 29 54 26 59 23 17 44 62 43 68 21 45 31 55 34 72 33 65 35 10 39 28 66 12 0 8 58 6 49 53 18 22 37 
41 16 2 67 42 61 47 73 13 37 22 43 62 44 17 33 23 54 59 26 66 12 28 39 10 65 35 72 34 55 21 45 31 68 18 53 70 51 60 27 20 64 52 49 6 15 48 58 5 50 25 29 0 8 46 14 1 30 63 71 74 4 7 11 56 3 9 38 36 32 57 40 24 19 69 
33 72 35 65 10 39 28 12 66 26 59 54 23 34 55 21 45 31 68 43 37 22 13 41 16 2 67 42 61 47 73 69 19 24 38 9 57 40 32 36 64 52 53 18 44 62 17 29 25 50 5 58 48 15 6 49 70 51 20 27 60 3 56 11 7 63 71 74 4 46 14 1 30 8 0 
39 28 12 14 46 8 0 25 50 5 15 48 58 71 74 4 1 30 63 7 11 56 3 60 27 20 64 52 53 18 44 62 43 37 22 41 16 68 21 45 31 2 67 42 73 47 61 13 69 19 24 38 9 36 32 57 40 51 70 49 6 29 17 55 34 72 33 23 59 54 26 66 65 35 10 
29 25 50 5 58 48 15 6 49 70 51 20 64 52 53 18 44 62 43 37 22 68 21 45 31 2 67 42 61 73 47 16 41 13 69 19 24 38 36 32 57 40 9 27 60 3 56 11 7 71 74 4 1 30 63 46 14 8 0 54 59 23 17 55 34 72 33 65 35 10 39 28 12 66 26 
37 43 62 44 17 55 21 45 31 68 41 16 2 67 61 42 73 47 13 22 18 53 52 64 20 27 60 51 70 49 6 15 48 58 5 50 25 29 23 33 72 34 35 65 10 39 28 12 66 26 59 54 0 8 46 14 1 30 63 71 74 4 7 11 3 56 57 40 32 36 38 9 24 19 69 
4 74 71 7 11 56 3 60 27 20 64 52 53 18 22 43 62 44 17 55 21 45 31 68 16 2 67 42 73 47 61 41 13 37 69 19 24 38 36 32 57 40 9 51 70 49 6 15 48 58 5 50 25 29 54 59 23 33 72 34 65 35 10 39 28 12 66 26 0 8 46 14 1 30 63 
41 16 2 67 42 73 47 61 68 45 31 21 62 44 18 53 52 64 20 51 70 49 6 15 48 58 5 50 25 29 17 55 34 72 33 23 54 59 26 66 28 39 10 35 65 0 12 8 46 14 1 30 4 74 71 63 7 11 3 56 60 27 9 57 40 32 36 38 24 19 69 13 37 22 43 
71 74 4 46 14 8 0 26 66 28 12 39 10 35 65 33 72 34 55 21 45 31 68 43 37 22 18 53 52 64 20 70 49 6 15 48 58 5 50 25 29 54 59 23 17 44 62 13 41 16 2 61 42 67 73 47 69 19 24 38 36 32 57 40 9 27 51 60 3 56 11 7 63 1 30 
65 35 10 39 28 12 66 26 59 23 33 72 34 55 21 45 31 68 43 62 44 17 29 50 25 5 15 6 49 70 52 53 18 22 37 13 41 16 2 67 42 61 73 47 69 19 24 38 9 57 40 32 36 51 20 64 27 60 3 56 11 7 48 58 8 46 14 1 30 63 71 74 4 0 54 
39 28 12 66 26 59 54 23 33 72 34 55 21 45 31 68 43 62 44 22 37 13 41 16 2 67 42 61 47 73 69 19 24 38 36 32 57 40 9 64 20 51 27 60 3 56 11 7 71 74 4 46 14 1 30 63 48 58 5 50 25 29 17 18 53 52 70 49 6 15 8 0 65 35 10 
62 43 37 22 13 41 16 2 67 42 61 47 73 69 19 24 38 36 32 57 40 9 64 52 53 18 44 17 29 25 50 5 15 48 58 71 74 4 46 14 1 30 63 7 11 56 3 60 27 20 51 70 49 6 8 0 54 23 59 26 66 12 28 39 65 35 10 72 33 34 55 21 45 31 68 
20 64 52 53 18 44 62 43 37 22 13 41 61 42 73 47 67 2 16 68 21 45 31 55 17 23 33 72 34 65 35 10 39 28 12 66 26 59 54 0 8 46 14 1 30 4 74 71 63 7 11 3 56 60 27 9 57 40 32 36 38 24 19 69 29 25 50 5 15 48 58 6 49 70 51 
62 43 37 22 13 41 16 2 61 42 67 47 73 69 19 24 38 36 32 9 57 40 60 27 51 70 49 6 15 48 58 5 50 25 29 17 44 18 53 52 64 20 3 56 11 7 63 71 74 4 46 14 1 30 8 0 54 59 23 26 66 28 12 39 10 65 35 72 33 34 55 21 45 31 68 
20 51 70 52 53 18 44 62 43 37 22 41 13 47 73 42 61 67 2 16 68 45 31 21 55 17 23 59 54 25 50 5 15 48 58 6 49 29 33 72 34 65 35 10 39 28 12 66 26 0 8 46 14 1 30 4 74 71 7 63 11 56 3 60 27 38 36 9 57 40 32 24 19 69 64 
26 59 23 33 72 34 55 21 45 31 68 37 43 62 44 17 29 25 50 5 58 48 15 6 49 70 51 20 64 52 53 18 22 13 41 16 2 67 42 61 47 73 69 19 24 38 36 32 9 57 40 60 27 3 56 11 7 71 74 4 46 14 1 30 63 8 0 54 65 35 10 39 28 12 66 
59 54 23 33 72 34 55 21 45 31 68 43 37 22 13 41 16 2 67 42 61 47 73 69 19 24 38 36 32 57 40 9 27 51 20 64 52 53 18 44 62 17 29 25 50 6 49 70 60 3 56 11 71 74 4 46 14 1 30 63 7 48 15 5 58 8 0 26 66 28 12 39 10 35 65 
15 48 58 5 50 25 29 17 44 62 43 37 22 13 41 16 2 67 42 61 47 73 69 19 24 38 36 32 57 40 9 27 60 3 56 11 7 71 74 4 46 14 1 30 63 8 0 54 23 59 26 66 12 28 39 10 65 35 72 33 34 55 21 45 31 68 18 53 52 70 51 20 64 49 6 
66 26 59 54 23 33 72 34 55 21 45 31 68 43 62 44 17 29 25 50 5 58 48 15 6 49 70 51 60 27 20 64 52 53 18 22 37 41 16 2 67 42 61 47 73 13 69 19 24 38 36 32 57 40 9 3 56 11 7 71 74 4 1 30 63 46 14 8 0 12 28 39 65 35 10 
47 61 41 16 2 67 42 73 13 37 22 43 62 44 17 29 25 50 5 58 48 15 6 49 70 51 20 64 52 53 18 68 45 31 21 55 34 33 72 65 35 10 39 28 12 66 26 59 23 54 0 8 46 14 1 30 74 4 71 63 7 11 56 3 60 27 38 36 32 9 57 40 19 69 24 
27 60 51 20 64 52 53 18 44 17 23 59 54 0 8 71 74 4 46 14 1 30 63 7 11 3 56 57 40 32 36 9 38 24 19 69 41 16 2 67 42 61 47 73 13 22 37 43 62 68 45 31 21 55 34 72 33 65 35 10 39 28 12 66 26 29 25 50 5 15 48 58 6 49 70 
59 54 23 33 72 65 35 10 39 28 12 66 26 0 8 46 14 4 74 71 63 30 1 58 5 50 25 29 17 44 62 43 37 22 18 53 52 64 20 27 60 51 70 49 6 15 48 7 11 56 3 9 36 32 57 40 38 24 19 69 13 41 16 2 67 42 47 73 61 68 45 31 21 55 34 
39 28 12 66 26 59 23 33 72 34 55 21 45 31 68 43 37 22 18 53 52 64 20 51 70 49 6 15 48 58 5 50 25 29 17 44 62 16 2 67 42 61 73 47 13 41 69 19 24 38 36 32 57 40 9 27 60 3 56 11 7 71 63 30 1 4 74 46 14 8 0 54 65 35 10 
65 35 10 39 28 12 66 26 59 54 23 17 29 49 6 15 48 58 5 50 25 0 8 46 14 1 30 63 74 4 71 7 11 3 56 60 27 38 36 32 9 57 40 24 19 69 64 20 51 70 52 53 18 44 62 43 37 22 13 41 16 2 67 61 42 73 47 68 21 45 31 55 34 72 33 
57 40 9 36 32 38 24 19 69 73 47 61 42 67 2 16 41 13 22 18 53 52 70 20 64 27 60 51 49 6 15 48 58 5 50 25 29 54 59 23 33 72 34 55 21 45 31 68 43 37 62 44 17 65 35 10 39 28 12 66 26 0 8 46 14 4 74 71 63 30 1 7 11 3 56 
62 43 37 22 13 41 16 2 67 42 61 47 73 69 19 24 38 9 36 32 57 40 56 3 60 27 20 64 52 53 18 44 17 29 25 5 50 6 49 70 51 15 48 58 7 11 63 71 74 4 46 14 1 30 8 0 54 59 26 66 28 12 39 10 65 35 72 33 23 34 55 21 45 31 68 
72 33 23 59 54 26 66 28 12 0 8 46 14 1 30 4 74 71 63 7 11 3 56 60 27 20 64 52 53 18 44 62 43 37 22 13 41 16 2 67 42 61 47 73 69 19 24 38 36 32 57 40 9 51 70 49 6 15 48 58 5 50 25 29 17 21 45 31 68 55 34 35 65 10 39 
11 7 71 74 4 1 30 14 46 8 0 54 59 26 66 28 12 39 10 65 35 33 72 34 55 21 45 31 2 67 42 61 47 73 41 16 68 43 62 44 17 23 29 25 50 5 58 48 15 6 49 70 52 53 18 22 37 13 69 19 24 38 36 32 57 40 9 27 60 51 20 64 3 56 63 
33 72 34 55 21 45 31 68 43 37 22 13 41 16 2 67 42 73 47 61 69 19 24 38 36 32 40 57 9 27 51 60 3 56 11 7 48 15 5 6 49 70 20 64 52 53 18 44 62 17 54 59 23 65 35 10 39 28 12 66 26 0 8 46 14 1 30 63 71 74 4 58 25 50 29 
66 26 59 54 0 58 48 15 6 49 70 20 64 52 53 18 22 37 43 62 44 17 29 25 50 5 8 46 14 1 30 4 74 71 7 63 11 3 56 60 27 51 38 9 57 40 32 36 24 19 69 13 47 73 42 61 67 2 16 41 21 68 45 31 55 34 72 33 23 65 35 10 39 28 12 
53 52 64 20 70 49 6 15 48 58 5 50 25 29 17 44 62 43 37 22 13 41 16 2 67 42 61 47 73 69 19 24 38 36 32 9 57 40 51 27 60 3 56 11 7 71 74 4 1 30 63 14 46 8 0 54 59 65 35 10 39 28 12 66 26 23 33 72 34 55 21 45 31 68 18 
28 12 8 46 14 1 4 74 71 7 48 15 6 49 70 51 60 27 20 64 52 53 18 22 37 43 62 44 17 29 54 59 23 33 72 34 55 21 45 31 68 16 2 67 42 73 47 61 41 13 69 19 24 38 36 32 9 57 40 56 3 11 63 30 58 5 50 25 0 66 26 39 10 35 65 
32 36 9 38 24 19 69 13 41 16 2 67 42 61 47 73 37 22 43 62 21 68 45 31 55 34 72 33 23 59 54 26 66 28 12 39 10 65 35 17 44 18 53 52 70 20 64 27 60 51 49 6 15 48 58 5 50 25 29 0 8 46 14 1 30 63 71 74 4 7 11 3 56 40 57 
44 18 53 52 64 20 27 60 51 70 49 6 15 48 58 5 50 25 29 54 59 23 33 72 34 55 21 45 31 68 43 62 37 22 13 41 16 2 67 42 61 47 73 69 19 24 38 9 36 32 57 40 3 56 11 7 63 71 74 4 46 14 1 30 8 0 26 66 28 12 39 10 35 65 17 
28 66 26 59 23 33 72 34 55 21 45 31 68 43 37 22 13 41 16 2 67 42 61 47 73 69 19 24 38 36 32 9 57 40 3 56 11 7 48 15 6 49 70 51 27 60 64 20 52 53 18 62 44 17 29 25 50 5 58 71 74 4 46 14 1 30 63 8 0 54 65 35 10 39 12 
33 72 34 55 62 43 37 22 18 53 52 70 20 64 27 60 51 49 6 15 48 58 5 50 25 29 17 44 21 45 31 68 41 61 16 2 67 42 73 47 13 69 19 24 38 9 57 40 32 36 56 3 11 7 63 71 74 4 1 30 14 46 8 0 54 59 23 65 35 10 39 28 12 66 26 
31 45 21 62 43 37 22 18 53 52 64 20 27 60 51 70 49 6 15 48 58 5 50 25 29 17 44 55 34 72 33 23 59 54 65 35 10 39 28 12 66 26 0 8 46 14 1 30 63 71 74 4 7 11 56 3 57 40 9 36 32 38 24 19 69 13 41 16 2 61 42 73 47 67 68 
24 38 36 32 57 40 9 27 20 64 52 53 18 62 43 37 22 44 17 29 25 50 5 58 48 15 6 49 70 51 60 3 56 11 7 71 74 4 1 30 63 46 14 8 0 54 23 59 26 66 12 28 39 10 65 35 72 33 34 55 21 45 31 68 16 41 47 73 42 61 67 2 13 69 19 
43 37 22 68 21 45 31 34 55 17 44 62 18 53 52 64 20 51 60 27 70 49 6 15 48 58 5 25 50 29 54 59 23 33 72 35 65 10 39 28 12 66 26 0 8 46 14 1 30 63 71 74 4 7 11 56 3 57 40 32 36 38 9 24 19 69 13 47 73 42 61 16 41 67 2 
39 28 12 66 26 59 23 33 72 34 55 21 45 31 2 67 42 73 61 41 47 16 68 43 37 22 13 69 19 24 38 36 32 57 40 9 27 20 64 52 53 18 44 62 17 29 25 50 5 15 6 49 70 51 60 3 56 11 7 71 74 4 46 14 1 30 63 48 58 8 0 54 65 35 10 
70 49 6 15 48 58 5 50 25 29 54 59 23 33 34 72 35 65 10 39 28 12 66 26 0 8 46 14 1 30 63 71 74 4 7 11 3 56 57 40 38 9 36 32 24 19 69 13 41 16 2 67 42 61 47 73 68 43 62 44 17 55 21 45 31 37 22 18 53 52 64 20 27 60 51 
13 47 73 42 61 67 2 16 41 37 43 62 44 17 29 25 50 5 58 48 15 6 49 70 51 27 60 3 56 11 7 71 74 4 46 14 1 30 63 8 0 26 66 12 28 39 10 65 35 54 59 23 33 72 34 55 21 45 31 68 22 18 53 52 64 20 38 36 32 57 40 9 24 19 69 
12 28 66 26 59 23 33 72 34 55 21 45 31 68 16 2 67 42 61 47 73 41 37 43 62 44 17 29 25 50 5 58 48 15 6 49 70 27 60 51 20 64 52 53 18 22 13 69 19 24 38 36 32 9 57 40 56 3 11 7 71 74 4 46 14 1 30 63 8 0 54 65 35 10 39 
35 65 10 39 28 12 66 26 59 23 33 72 34 55 21 45 31 68 43 62 44 17 29 25 50 5 15 6 49 70 51 60 27 20 64 52 53 18 22 37 41 16 2 67 42 61 47 73 13 19 69 24 38 9 36 32 57 40 3 56 11 7 48 58 4 74 71 63 30 1 14 46 8 0 54 
65 35 10 39 28 12 66 26 59 23 33 72 34 55 17 44 62 43 37 22 13 41 16 68 21 45 31 2 67 61 42 73 47 69 19 24 32 36 38 9 57 40 56 3 60 27 51 20 64 52 70 53 18 49 6 50 5 15 48 58 4 74 71 7 11 63 30 1 14 46 8 0 25 29 54 
43 37 22 13 47 73 42 61 41 16 2 67 31 45 68 21 55 34 72 33 65 35 10 39 28 12 66 26 59 23 54 0 8 46 14 1 30 63 71 74 4 58 5 50 25 29 17 44 62 18 53 52 64 20 27 51 70 49 6 15 48 7 11 56 3 60 9 36 32 40 57 38 24 19 69 
12 28 66 26 59 54 23 33 72 34 55 21 45 31 68 41 37 43 62 44 17 29 50 25 5 58 48 15 6 49 70 51 60 27 20 64 52 53 18 22 13 47 73 42 61 16 2 67 69 19 24 38 36 32 9 57 40 3 56 11 7 63 71 74 4 46 14 1 30 8 0 65 35 10 39 
68 21 45 31 34 55 62 43 37 22 13 47 73 61 42 67 2 16 41 69 19 24 38 36 32 9 57 40 3 56 11 7 63 71 74 4 1 30 14 46 8 0 26 66 12 28 39 10 65 35 72 33 23 59 54 29 25 50 5 15 48 58 6 49 70 27 60 51 20 64 52 53 18 44 17 
55 21 45 31 68 37 22 43 62 44 17 29 25 50 5 15 6 49 70 51 20 64 52 53 18 13 41 16 2 67 42 73 47 61 69 19 24 38 36 32 57 40 9 27 60 3 56 11 7 71 74 4 46 14 1 30 63 58 48 8 0 59 54 26 66 12 28 39 10 65 35 72 33 23 34 
43 62 44 17 23 59 54 29 25 50 5 15 6 49 70 51 20 64 52 53 18 22 37 41 61 42 67 2 16 68 21 45 31 55 34 72 33 65 35 10 39 28 12 66 26 0 8 46 14 1 30 4 74 71 63 7 48 58 11 3 56 60 27 57 40 32 36 9 38 24 19 69 73 47 13 
39 28 12 14 46 8 0 25 50 5 15 48 58 71 74 4 1 30 63 7 11 56 3 60 27 20 64 52 53 18 44 62 43 37 22 41 16 68 21 45 31 2 67 42 73 47 61 13 69 19 24 38 9 36 32 57 40 51 70 49 6 29 17 55 34 72 33 23 59 54 26 66 65 35 10 
26 59 54 23 33 72 34 55 43 62 44 17 29 25 50 5 58 48 15 6 49 70 52 53 18 22 37 68 21 45 31 2 67 42 73 47 61 16 41 13 69 19 24 38 9 36 32 57 40 27 20 64 51 60 3 56 11 7 63 71 74 4 1 30 14 46 8 12 28 66 0 39 10 65 35 
0 8 46 14 1 30 63 71 74 4 58 15 6 49 70 20 64 52 53 18 22 37 43 62 44 17 29 25 50 5 48 7 11 3 56 60 27 51 9 36 32 57 40 38 24 19 69 13 41 16 61 47 73 42 67 2 31 45 68 21 55 34 72 33 23 54 59 26 66 28 39 65 35 10 12 
2 16 61 41 68 43 62 44 17 29 25 50 5 58 48 15 6 49 70 51 20 64 52 53 18 22 37 13 47 73 42 67 31 45 21 55 34 72 33 23 59 54 0 66 26 65 35 10 39 28 12 8 46 14 1 30 74 4 71 63 7 11 56 3 60 27 38 36 32 57 40 9 24 19 69 
67 2 16 68 45 31 21 55 62 43 37 22 18 53 52 20 64 27 60 51 70 49 6 15 48 58 5 50 25 29 17 44 34 72 33 23 59 54 26 66 28 12 39 10 65 35 0 8 46 14 1 30 74 4 71 63 7 11 56 3 9 57 40 36 32 38 24 19 69 13 41 47 73 42 61 
30 1 4 74 71 63 7 11 56 3 60 27 51 20 70 49 6 15 48 58 5 50 25 29 17 44 62 43 37 22 13 47 73 42 61 67 2 31 45 21 68 16 41 69 19 24 38 36 9 57 40 32 64 52 53 18 55 34 72 33 23 59 54 26 66 28 39 65 35 10 12 0 8 46 14 
14 46 8 0 54 59 23 33 72 65 35 10 39 28 12 66 26 25 50 5 58 48 15 6 49 70 51 27 60 20 64 52 53 18 22 37 43 62 44 17 29 34 55 21 45 31 68 16 2 67 42 73 47 61 41 13 69 19 24 38 9 36 32 57 40 56 3 11 7 71 74 4 1 30 63 
7 71 74 4 1 30 14 46 8 0 54 59 26 66 28 12 39 10 65 35 34 72 33 23 17 44 62 43 68 37 22 18 53 52 64 20 27 60 51 70 49 6 15 48 58 5 50 25 29 55 21 45 31 16 41 47 73 42 61 67 2 13 69 19 24 38 36 32 9 57 40 3 56 11 63 
54 59 26 66 28 12 39 10 65 35 72 33 23 17 55 34 31 45 21 68 43 62 44 18 53 70 51 60 27 20 64 52 22 37 13 41 16 2 67 42 61 47 73 69 19 24 38 9 36 32 57 40 56 3 11 7 48 15 5 50 25 0 8 46 14 1 30 63 71 74 4 58 6 49 29 
29 25 50 5 15 48 58 8 46 14 1 30 63 74 4 71 7 11 56 3 60 27 20 64 52 53 18 22 37 43 62 21 45 31 68 16 2 67 42 73 47 61 41 13 69 19 24 38 9 36 32 57 40 51 70 49 6 54 59 23 17 44 55 34 72 33 65 35 10 39 28 12 66 26 0 
16 61 42 73 47 41 37 22 18 53 52 51 20 64 70 49 6 50 25 29 17 44 62 43 68 45 31 21 55 34 72 33 23 59 54 26 66 12 28 39 10 65 35 0 8 46 14 1 30 63 71 74 4 58 5 15 48 7 11 56 3 60 27 9 57 40 32 36 38 24 19 69 13 67 2 
2 16 41 37 22 43 62 44 17 18 53 52 64 20 51 70 49 6 15 48 58 5 50 25 29 54 59 23 33 72 34 21 68 45 31 55 35 65 10 39 28 12 66 26 0 8 46 14 1 30 63 71 74 4 7 11 56 3 60 27 9 36 32 57 40 38 24 19 69 13 47 73 42 61 67 
37 22 62 55 34 72 33 65 35 10 39 28 12 66 26 59 54 23 17 44 18 53 52 64 60 27 51 20 70 49 6 15 48 58 5 50 25 29 0 8 46 14 1 30 4 74 71 63 7 11 3 56 9 38 36 32 57 40 24 19 69 13 41 61 73 47 42 67 2 16 45 31 21 68 43 
15 6 49 70 51 20 64 52 53 18 44 62 43 37 22 13 41 16 61 47 73 42 67 2 68 45 31 34 55 21 17 23 33 72 65 35 10 39 28 12 66 26 59 54 0 8 46 14 1 30 63 71 74 4 58 48 7 11 56 3 60 27 38 36 9 57 40 32 24 19 69 29 25 50 5 
70 49 6 15 48 58 5 50 25 29 54 59 23 33 34 72 35 65 10 39 28 12 66 26 0 8 46 14 1 30 63 71 74 4 7 11 3 56 57 40 38 9 36 32 24 19 69 13 41 16 2 67 42 61 73 47 68 43 62 44 17 55 21 45 31 37 22 18 53 52 64 20 27 60 51 
59 23 33 72 34 55 21 45 31 2 67 42 73 47 61 16 41 68 43 62 44 17 29 5 25 50 49 6 70 51 60 27 20 64 52 53 18 22 37 13 69 19 24 38 9 36 32 57 40 56 3 11 7 48 15 58 8 46 14 1 30 63 71 74 4 12 66 28 39 10 65 35 26 0 54 
67 42 73 47 61 16 41 13 37 43 62 55 17 44 18 53 52 64 20 70 51 6 49 50 5 25 29 54 59 26 66 28 12 39 10 65 35 72 34 33 23 0 8 46 14 1 30 63 71 74 4 58 15 48 7 11 56 3 60 27 38 36 32 57 40 9 24 19 69 22 68 21 45 31 2 
26 59 23 33 72 34 55 21 45 31 2 67 42 61 47 73 41 16 68 43 62 44 17 29 25 50 5 15 6 49 70 51 27 60 20 64 52 53 18 22 37 13 69 19 24 38 36 32 9 57 40 56 3 11 7 48 58 8 46 4 74 71 63 30 1 14 12 66 28 39 10 35 65 54 0 
40 57 9 36 32 38 24 19 69 13 41 16 2 67 42 61 47 73 37 22 43 62 44 18 53 52 64 20 51 70 49 6 15 48 58 5 50 25 29 17 55 21 45 31 68 34 72 33 23 59 26 54 65 35 10 39 28 12 66 0 8 46 14 1 30 4 74 71 63 7 11 56 3 60 27 
67 2 61 42 73 47 41 16 68 37 43 62 44 17 23 59 54 29 50 5 58 48 15 6 49 70 20 64 52 53 18 22 13 69 19 24 38 36 32 40 57 9 27 60 51 3 56 11 7 71 74 4 1 30 63 14 46 8 0 25 26 66 12 28 39 10 35 65 33 72 34 55 21 45 31 
28 66 26 59 23 54 0 25 50 5 15 48 58 8 46 14 1 30 63 71 74 4 7 11 56 3 60 27 20 51 70 49 6 29 17 44 62 43 37 22 13 41 16 68 21 45 31 2 67 42 61 47 73 69 19 24 38 36 32 57 40 9 64 52 53 18 55 34 72 33 65 35 10 39 12 
66 26 59 54 25 50 5 58 48 15 6 49 70 51 60 27 20 64 52 53 18 62 43 37 22 13 41 16 68 21 55 34 72 33 23 17 44 29 0 8 46 14 1 30 4 74 71 63 7 11 3 56 57 40 32 36 9 38 24 19 69 73 47 61 42 67 2 45 31 35 65 10 39 28 12 
36 32 57 40 9 38 24 19 69 47 73 42 67 2 16 61 41 13 22 37 68 21 45 31 55 17 44 62 43 18 53 52 64 20 51 70 49 6 15 48 58 5 50 25 29 54 59 23 33 72 34 35 65 10 39 28 12 66 26 0 8 46 14 1 30 4 74 71 63 7 11 56 3 60 27 
70 49 6 15 48 58 5 50 25 29 17 44 62 43 37 22 13 41 16 61 47 73 42 67 2 68 45 31 21 55 34 72 23 33 65 35 10 39 28 12 66 26 59 54 0 8 46 14 1 30 71 74 4 63 7 11 56 3 60 51 27 20 64 52 53 18 69 19 24 38 9 36 32 40 57 
10 39 28 12 66 26 59 23 33 72 34 55 21 45 31 2 67 42 61 73 47 41 16 68 43 62 44 17 29 25 50 5 15 6 49 70 51 20 64 52 53 18 22 37 13 69 19 24 38 36 32 57 40 9 27 60 3 56 11 7 71 74 4 1 30 63 58 48 8 46 14 0 54 65 35 
49 6 15 48 58 5 50 25 29 17 44 62 43 68 21 45 31 55 34 33 72 65 35 10 39 28 12 66 26 59 23 54 0 8 46 14 1 30 4 74 71 63 7 11 56 3 60 27 20 64 52 70 51 38 36 32 9 57 40 24 19 69 13 41 16 2 61 42 73 47 67 37 22 18 53 
68 43 37 22 13 41 16 2 45 31 55 21 62 44 18 53 70 51 20 64 52 49 6 15 48 58 5 50 25 29 17 33 72 34 35 65 10 39 28 12 66 26 59 54 23 0 8 46 14 1 30 4 74 71 63 7 11 56 3 60 27 9 57 40 32 36 38 24 19 69 47 73 42 61 67 
64 20 51 70 49 6 15 48 58 5 50 25 29 17 44 62 43 37 22 18 53 52 24 38 36 32 9 57 40 19 69 73 47 61 42 67 2 16 41 13 68 21 45 31 55 34 72 33 23 59 26 66 28 12 39 10 65 35 54 0 8 46 14 1 30 4 74 71 63 7 11 56 3 60 27 
66 26 59 54 23 33 72 34 55 21 45 31 2 67 42 61 16 68 43 62 44 17 29 25 50 5 15 6 49 70 51 60 27 20 64 52 53 18 22 37 41 13 47 73 69 19 24 38 9 36 32 57 40 56 3 11 7 71 74 4 46 14 1 30 63 48 58 8 0 12 28 39 10 35 65 
39 28 12 66 26 59 54 23 33 72 34 55 21 45 31 2 67 42 73 47 61 16 41 37 22 13 69 19 24 38 36 32 40 57 9 27 51 20 64 52 53 18 44 62 43 68 17 29 25 50 5 58 48 15 6 49 70 60 3 56 11 7 71 74 4 1 30 63 14 46 8 0 65 35 10 
2 67 42 61 73 47 13 41 16 68 43 37 22 62 21 45 31 55 34 33 72 35 65 10 39 28 12 66 26 59 54 29 25 50 5 15 6 49 70 51 60 27 20 64 52 53 18 44 17 23 0 8 46 14 1 30 63 71 74 4 58 48 7 11 56 3 57 40 32 36 9 38 24 19 69 
