21 38 7 2 59 9 47 45 24 0 43 36 28 51 52 44 1 29 13 6 12 3 27 16 18 20 33 50 5 32 25 34 35 42 41 39 11 40 49 10 15 53 17 19 23 56 48 26 54 22 37 31 55 8 58 14 46 57 30 4 
48 26 57 30 4 46 8 55 54 22 31 37 58 14 21 38 7 24 45 47 9 59 2 0 43 36 28 51 52 44 1 29 13 6 12 27 16 18 3 20 33 50 5 32 25 34 35 42 41 39 11 40 49 10 15 53 17 19 23 56 
2 7 38 21 14 58 8 55 54 22 31 37 26 30 4 46 57 48 56 23 19 17 53 35 34 25 32 5 42 41 39 11 10 49 40 15 50 33 20 3 27 16 18 12 6 13 29 1 44 52 51 28 43 36 0 24 45 47 9 59 
45 47 9 59 2 0 36 43 28 51 52 44 1 6 29 13 12 27 16 18 3 20 33 50 5 32 25 34 35 42 41 39 11 10 49 40 15 53 17 19 23 56 48 26 57 30 4 46 8 55 54 22 37 31 58 14 21 38 7 24 
46 57 10 49 40 39 41 42 35 34 25 32 5 50 33 20 3 27 16 18 12 6 13 29 1 44 52 51 28 43 36 0 24 45 47 9 59 2 7 38 21 14 58 8 55 54 22 37 31 23 56 26 48 19 17 53 15 11 30 4 
23 56 48 26 57 46 4 30 10 49 40 39 11 41 15 42 53 35 34 25 32 5 50 33 20 3 27 16 18 12 6 13 29 1 44 52 51 28 43 36 0 2 59 9 47 45 24 7 38 21 14 58 8 55 54 22 37 31 19 17 
32 5 42 41 39 11 10 49 40 15 35 34 25 53 17 19 56 23 26 48 57 30 4 46 8 55 54 22 37 31 58 14 21 38 7 2 59 9 47 45 24 0 36 43 28 51 52 44 1 29 13 6 12 3 27 16 18 20 33 50 
11 39 40 49 10 57 46 4 30 13 29 6 33 20 3 27 16 18 12 1 44 52 51 28 36 0 43 24 45 47 9 59 2 7 38 21 14 58 8 55 54 22 37 31 23 56 48 26 19 17 53 15 41 42 35 34 25 32 5 50 
2 7 21 38 59 9 47 45 24 51 52 44 1 29 13 6 12 27 18 16 20 3 33 50 5 32 25 34 35 42 41 39 40 49 10 11 15 53 17 19 23 56 48 26 55 54 22 37 31 8 58 14 46 57 30 4 28 43 36 0 
3 27 16 18 20 33 50 5 32 25 34 35 42 41 39 40 49 10 11 15 53 17 19 23 56 26 48 57 46 4 30 8 55 54 22 31 37 58 14 21 38 7 2 59 9 47 45 24 0 36 43 28 51 52 44 1 6 13 29 12 
0 36 43 28 51 52 44 1 29 13 6 12 3 27 16 18 20 33 50 5 32 35 34 25 53 15 42 41 39 11 40 49 10 30 4 46 57 48 26 56 23 19 17 37 31 22 54 55 8 58 14 21 38 7 2 45 47 9 59 24 
45 47 9 59 38 21 14 58 8 55 54 22 37 31 26 48 56 23 19 17 53 35 34 25 32 5 42 41 15 40 49 10 11 39 50 33 20 3 27 16 18 12 6 13 29 1 44 52 51 28 43 0 36 4 30 57 46 7 2 24 
45 47 9 59 38 21 14 58 8 55 54 22 37 31 23 56 48 26 57 30 4 46 10 49 40 39 11 42 41 15 17 19 53 35 34 25 32 5 50 33 20 3 16 18 27 12 6 13 29 1 44 52 51 28 43 36 0 2 7 24 
15 42 41 39 11 40 49 10 30 4 46 57 26 56 23 54 22 37 31 55 8 58 14 21 38 7 2 59 9 47 45 24 0 36 43 28 51 52 44 1 29 13 6 12 3 20 16 27 18 33 50 5 32 25 34 35 53 17 19 48 
30 4 57 46 10 49 40 39 41 15 42 5 32 25 34 35 53 17 19 23 56 48 26 8 55 54 22 37 31 58 14 21 38 7 2 59 9 47 45 24 0 36 43 28 51 52 44 1 29 13 6 12 27 18 16 3 20 33 50 11 
15 41 39 40 49 48 56 23 26 57 46 30 4 10 11 50 33 20 3 16 27 18 12 6 13 29 1 44 52 51 28 43 36 0 2 7 24 45 47 9 59 38 21 14 58 8 55 54 22 37 31 19 17 53 35 34 25 32 5 42 
26 57 46 4 30 10 49 40 39 11 41 15 42 35 34 25 32 5 50 33 20 3 16 18 27 12 6 13 29 1 44 52 51 28 43 36 0 2 59 9 47 45 24 7 38 21 14 58 8 55 54 22 31 37 19 17 53 48 56 23 
11 39 40 49 10 30 4 46 57 26 56 48 23 54 22 31 37 55 8 58 14 21 38 7 2 59 9 47 45 24 43 36 0 28 51 52 44 1 29 13 6 12 27 16 18 3 20 33 50 5 42 35 34 25 32 53 17 19 15 41 
31 37 22 54 55 8 58 14 21 38 7 2 47 9 59 45 24 43 36 0 28 51 52 44 1 29 13 6 12 27 16 18 3 20 33 50 5 32 34 25 35 42 41 39 11 10 49 40 15 53 17 19 23 56 48 57 46 4 30 26 
40 49 10 11 39 41 42 35 34 25 32 5 50 33 20 16 18 27 3 12 6 13 29 1 44 52 51 28 36 0 43 24 45 47 9 59 2 7 38 21 14 58 8 55 54 22 31 37 23 56 48 26 57 30 4 46 19 17 53 15 
40 49 10 11 39 41 42 35 34 25 32 5 50 33 20 16 18 27 3 12 6 13 29 1 44 52 51 28 36 0 43 24 45 47 9 59 2 7 38 21 14 58 8 55 54 22 31 37 23 56 48 26 57 30 4 46 19 17 53 15 
17 53 35 34 25 32 5 42 41 39 11 40 49 10 30 4 46 57 26 56 23 54 22 37 31 55 8 58 14 21 38 7 2 59 9 47 45 24 0 36 43 28 51 52 44 1 29 13 6 12 3 27 16 18 20 33 50 15 48 19 
2 0 36 43 28 51 52 44 1 29 13 6 12 27 16 18 3 20 33 50 5 32 25 34 35 42 41 15 40 49 10 57 46 4 30 11 39 53 17 19 23 56 48 26 54 22 37 31 55 8 58 14 21 38 7 59 9 47 45 24 
36 0 2 7 21 38 59 9 47 45 24 43 28 51 52 44 1 29 13 6 12 27 16 18 3 20 33 50 5 42 41 40 39 11 10 49 15 53 34 25 32 35 17 19 23 56 48 26 54 22 37 31 55 8 58 14 46 57 30 4 
0 2 7 38 21 14 58 8 55 54 22 37 31 46 4 30 57 48 26 56 23 19 17 53 35 34 25 32 5 42 41 15 40 49 10 11 39 50 33 20 3 27 16 18 12 6 13 29 1 44 52 51 28 43 36 24 45 47 9 59 
43 28 51 52 44 1 29 13 6 12 3 27 16 18 20 33 50 5 42 41 39 11 10 49 40 15 35 34 25 32 53 17 19 23 56 26 48 57 30 4 46 8 55 54 22 31 37 58 14 21 38 7 2 45 47 9 59 36 0 24 
23 56 26 48 57 46 4 30 10 49 40 39 11 41 15 42 35 34 25 32 5 50 33 20 3 27 16 18 12 6 13 29 1 44 52 51 28 43 36 0 24 45 47 9 59 2 7 38 21 14 58 8 55 54 22 37 31 19 17 53 
20 3 27 16 18 12 6 13 29 1 44 52 51 28 36 0 43 24 45 47 9 59 2 7 38 21 14 58 8 55 54 22 37 31 19 17 53 35 34 25 32 5 42 41 15 39 40 49 10 30 4 46 57 48 56 23 26 11 50 33 
27 18 16 3 20 33 6 13 29 1 44 52 51 28 43 36 0 2 7 4 30 57 46 10 49 40 42 35 34 25 32 5 50 11 39 41 15 53 17 19 23 56 48 26 54 22 31 37 55 8 58 14 21 38 59 9 47 45 24 12 
17 53 35 34 25 32 5 50 33 20 3 27 16 18 12 6 13 29 1 44 52 51 28 43 0 36 24 45 47 9 59 2 21 38 7 14 58 8 55 54 22 37 31 23 56 48 26 57 46 4 30 10 49 40 39 11 41 42 15 19 
44 52 51 28 36 0 43 24 45 47 9 59 2 7 38 21 14 58 26 23 56 48 57 30 4 46 8 55 54 22 37 31 19 17 53 35 34 25 32 5 42 41 15 40 49 10 11 39 50 33 20 3 16 27 18 12 6 13 29 1 
11 39 41 42 35 34 25 32 5 50 33 20 3 27 18 16 12 1 44 52 51 28 43 36 0 2 59 9 47 45 24 7 38 21 14 58 8 55 54 22 31 37 26 48 56 23 19 17 53 15 40 49 10 57 46 30 4 29 13 6 
15 41 39 11 40 49 10 30 4 46 57 26 48 56 23 54 22 31 37 55 8 58 14 21 38 7 2 45 47 9 59 24 43 36 0 28 51 52 44 1 29 13 6 12 3 27 18 16 20 33 50 5 42 35 25 32 34 53 17 19 
2 7 38 21 14 58 8 55 54 22 31 37 23 56 48 26 57 30 4 46 19 17 53 34 25 35 32 5 42 41 15 40 49 10 11 39 50 33 20 3 27 16 18 12 6 13 29 1 44 52 51 28 43 36 0 24 45 47 9 59 
5 32 25 34 35 42 41 39 11 10 49 40 15 53 17 19 23 56 48 57 30 4 46 26 8 55 54 22 37 31 58 14 21 38 7 2 45 47 9 59 24 0 36 43 28 51 52 44 1 29 13 6 12 3 27 16 18 20 33 50 
2 45 47 9 59 38 21 7 14 58 8 55 54 22 37 31 46 4 30 57 26 56 23 48 19 17 53 35 34 25 32 5 42 41 15 40 49 10 11 39 50 33 20 3 27 16 18 12 6 13 29 1 44 52 51 28 43 36 0 24 
50 33 20 3 16 27 18 12 6 13 29 1 44 52 51 28 43 36 0 24 45 47 9 59 2 7 38 21 14 58 8 55 54 22 37 31 48 26 56 23 19 17 53 35 34 25 32 5 42 41 15 39 11 40 49 10 57 46 4 30 
46 57 10 49 40 39 41 15 42 5 32 34 25 35 53 17 19 23 56 48 26 54 22 31 37 55 8 58 14 21 38 7 2 47 9 59 45 24 43 36 0 28 51 52 44 1 29 13 6 12 27 18 16 3 20 33 50 11 30 4 
46 57 10 49 40 39 41 15 42 5 32 34 25 35 53 17 19 23 56 48 26 54 22 31 37 55 8 58 14 21 38 7 2 47 9 59 45 24 43 36 0 28 51 52 44 1 29 13 6 12 27 18 16 3 20 33 50 11 30 4 
19 17 53 35 34 25 32 5 50 33 20 3 16 18 27 12 6 13 29 51 52 44 1 28 43 36 0 24 45 47 9 59 2 7 38 21 14 58 8 55 54 22 31 37 23 56 26 48 57 46 4 30 10 49 40 39 11 41 15 42 
30 4 46 57 10 49 40 39 11 41 15 42 35 34 25 32 5 50 33 20 3 27 16 18 12 6 13 29 1 44 52 51 28 36 0 43 24 45 47 9 59 2 7 38 21 14 58 8 55 54 22 31 37 19 17 53 48 56 23 26 
12 27 16 18 3 20 33 50 5 32 25 34 35 53 17 19 23 56 48 49 10 40 39 11 41 15 42 30 4 46 57 26 54 22 37 31 55 8 58 14 21 38 7 2 59 9 47 45 24 0 36 43 28 51 52 44 1 29 13 6 
51 52 44 1 29 13 6 12 27 16 18 3 20 33 50 5 32 25 34 35 42 41 39 40 49 10 11 15 53 17 19 48 26 56 23 54 22 37 31 55 8 58 14 21 38 7 2 59 9 47 45 24 43 28 36 0 46 57 30 4 
51 52 44 12 1 29 13 6 3 27 18 16 20 33 50 5 32 25 34 35 42 41 39 11 10 49 40 15 53 17 19 23 56 48 26 57 30 4 46 8 55 54 22 37 31 58 14 21 38 7 2 45 47 9 59 0 36 43 28 24 
45 47 9 59 2 7 38 21 14 58 8 55 54 22 37 31 48 49 40 39 11 10 30 4 46 57 26 56 23 19 17 53 35 34 25 32 5 42 41 15 50 33 20 3 27 16 18 12 6 13 29 1 44 52 51 28 43 36 0 24 
26 48 56 23 54 22 31 37 55 8 58 14 21 38 7 2 59 9 47 45 24 0 36 43 28 51 52 44 1 29 13 6 12 3 27 16 18 20 33 50 5 32 25 34 35 42 41 39 11 10 49 40 15 53 17 19 46 4 30 57 
53 35 34 25 32 5 50 33 20 3 27 16 18 12 6 13 29 1 44 52 51 28 43 36 0 24 45 47 9 59 2 7 38 21 14 58 8 55 54 22 31 37 23 56 48 26 57 46 4 30 10 49 40 39 11 41 15 42 17 19 
7 2 0 36 43 28 51 52 44 1 29 13 6 12 3 27 16 18 20 33 50 5 32 25 34 35 42 41 15 40 49 10 11 39 53 17 19 23 56 26 48 57 30 4 46 8 55 54 22 37 31 58 14 21 38 59 9 47 45 24 
42 40 49 10 57 46 4 30 13 29 6 20 3 27 16 18 12 1 52 44 51 28 43 36 0 24 45 47 9 59 2 7 38 21 14 58 8 55 54 22 37 31 26 48 56 23 19 17 53 35 34 25 32 5 50 33 11 39 41 15 
48 56 23 26 54 22 37 31 55 8 58 14 21 38 7 2 59 9 47 45 24 0 36 43 28 51 52 44 1 29 13 6 12 27 16 18 3 20 33 50 5 32 25 34 35 42 41 39 40 49 10 11 15 53 17 19 46 57 30 4 
45 47 9 59 2 7 38 21 14 58 8 55 54 22 31 37 23 56 26 48 57 46 4 30 10 49 40 39 11 41 15 42 5 32 25 34 35 53 17 19 50 33 20 3 27 16 18 12 6 13 29 1 44 52 51 28 43 36 0 24 
22 54 55 8 58 14 21 38 7 2 59 9 47 45 24 43 36 0 28 51 52 44 1 6 13 29 12 27 16 18 3 20 33 50 5 32 34 25 53 35 42 41 15 40 39 11 49 10 30 4 46 57 26 48 56 23 17 19 31 37 
44 52 51 28 36 0 43 24 45 47 9 59 2 7 38 21 14 58 8 55 54 22 37 31 46 30 4 57 26 48 56 23 19 17 53 35 34 25 32 5 42 41 15 40 49 10 11 39 50 33 20 3 27 16 18 12 1 29 13 6 
1 44 52 51 28 36 0 43 24 45 47 9 59 2 7 38 21 14 58 8 55 54 22 37 31 26 48 56 23 19 17 53 35 34 25 32 5 50 33 20 3 27 18 16 12 6 13 29 30 4 46 57 10 49 40 15 41 42 39 11 
37 31 22 54 55 8 26 48 56 23 19 17 53 35 34 25 32 5 42 41 15 40 39 11 10 49 57 46 4 30 29 13 6 3 20 33 50 18 16 27 12 1 44 52 51 28 43 36 0 24 45 47 9 59 2 7 38 21 14 58 
31 37 55 8 58 14 21 38 7 2 59 9 47 45 24 36 0 43 28 51 52 44 1 29 13 6 12 27 16 18 3 20 33 50 5 32 42 41 39 11 10 49 40 15 35 34 25 53 17 19 23 56 48 26 57 30 4 46 54 22 
36 43 28 51 52 44 1 29 13 6 12 3 16 27 18 20 33 50 5 32 34 25 35 53 15 42 41 39 11 40 49 10 30 4 46 57 26 23 56 48 17 19 31 37 22 54 55 8 58 14 21 38 7 2 59 9 47 45 24 0 
15 41 39 40 11 42 35 34 25 32 5 50 33 20 3 27 18 16 12 6 13 29 1 44 52 51 28 43 36 0 2 24 45 47 9 59 7 38 21 14 58 8 55 54 22 37 31 19 17 53 23 56 48 26 57 46 4 30 10 49 
8 55 54 22 31 37 58 14 21 38 7 2 59 9 47 45 24 43 36 0 28 51 52 44 1 29 13 6 12 27 16 18 3 20 33 50 5 32 34 25 35 42 41 39 40 49 10 11 15 53 17 19 23 56 48 26 57 46 4 30 
43 28 51 52 44 1 29 13 6 12 27 18 16 3 20 33 50 5 32 25 34 35 42 41 40 39 11 10 49 15 53 17 19 23 56 48 26 57 30 4 46 8 55 54 22 37 31 58 14 21 38 7 2 45 47 9 59 0 36 24 
8 55 54 22 37 31 19 17 53 35 34 25 32 5 50 33 20 3 27 16 18 12 6 13 29 1 44 52 51 28 43 36 0 24 45 47 9 59 2 7 38 21 14 58 46 57 30 4 10 49 40 39 41 15 42 11 48 56 23 26 
57 46 30 4 36 0 43 28 51 52 44 1 12 3 27 16 18 20 33 50 6 13 29 24 45 47 9 59 2 7 38 21 14 58 8 55 54 22 31 37 23 56 48 26 19 17 53 35 34 25 32 5 42 41 15 40 39 11 10 49 
23 56 48 26 57 46 4 30 10 49 40 39 11 42 41 15 35 53 34 25 32 5 50 33 20 3 27 16 18 12 6 13 29 1 44 52 51 28 43 36 0 2 59 9 47 45 24 7 38 21 14 58 8 55 54 22 37 31 19 17 
23 56 48 26 46 4 30 57 10 49 40 39 11 42 41 15 35 34 25 32 5 50 33 20 3 27 16 18 12 6 13 29 1 44 52 51 28 43 36 0 24 45 47 9 59 2 7 38 21 14 58 8 55 54 22 37 31 19 17 53 
36 0 43 28 51 52 44 1 29 13 6 12 3 27 16 18 20 33 50 5 32 25 34 35 15 41 39 11 10 49 40 42 53 17 19 23 56 48 26 46 4 30 57 8 55 54 22 37 31 58 14 21 38 59 9 47 45 24 2 7 
2 7 38 21 14 58 8 55 54 22 37 31 46 4 30 57 48 56 26 23 19 17 53 34 25 32 5 35 42 15 41 39 11 10 49 40 50 33 20 3 27 16 18 12 6 13 29 1 44 52 51 28 43 36 0 24 45 47 9 59 
53 35 34 25 32 5 42 41 15 49 10 30 4 46 57 26 56 23 54 22 31 37 55 8 58 14 21 38 7 2 59 9 47 45 24 43 36 0 28 51 52 44 1 6 13 29 12 3 27 18 16 20 33 50 11 39 40 48 19 17 
21 38 7 2 59 9 47 45 24 0 36 43 28 51 52 44 1 29 13 6 12 27 16 18 3 20 33 50 5 32 34 25 35 42 39 40 49 10 11 41 15 53 17 19 23 56 48 26 54 22 37 31 55 8 58 14 46 57 30 4 
33 50 5 32 34 25 35 53 17 19 23 56 48 26 54 22 37 31 55 8 58 14 21 38 7 2 47 9 59 45 24 44 52 51 28 43 36 0 4 30 57 46 10 49 40 15 42 41 39 11 13 29 1 6 12 18 16 27 3 20 
0 2 7 38 21 14 58 8 55 54 22 31 37 26 48 56 23 19 17 53 35 34 25 32 5 50 33 20 3 27 16 18 12 1 44 52 51 28 43 36 4 30 46 57 10 49 40 41 15 42 39 11 13 6 29 24 45 47 9 59 
3 27 18 16 12 6 13 29 1 44 52 51 28 36 0 43 24 45 47 9 59 2 7 38 21 14 58 8 55 54 22 37 31 19 17 53 35 34 25 32 5 42 41 15 40 49 10 30 4 46 57 26 23 56 48 11 39 50 33 20 
11 39 41 15 42 40 49 10 57 46 4 30 29 1 44 52 51 28 43 36 0 2 59 9 47 45 24 7 38 21 14 58 8 55 54 22 31 37 26 48 56 23 19 17 53 35 34 25 32 5 50 33 20 3 27 16 18 12 6 13 
40 49 10 11 39 41 15 42 5 32 34 25 35 53 17 19 56 23 26 48 57 30 4 46 8 55 54 22 37 31 58 14 21 38 7 2 59 9 47 45 24 36 0 43 28 51 52 44 1 29 13 6 12 18 16 27 3 20 33 50 
6 13 29 1 44 52 51 28 0 36 43 24 45 47 9 59 2 7 38 21 14 58 8 55 54 22 37 31 26 48 56 23 19 17 53 35 34 25 32 5 42 41 15 39 40 49 10 57 46 30 4 11 50 33 20 3 27 16 18 12 
33 20 3 27 16 18 12 1 44 52 51 28 43 36 0 2 59 9 47 45 24 7 38 21 14 58 8 55 54 22 31 37 26 48 56 23 19 17 53 35 34 25 32 5 42 41 15 40 39 11 49 10 30 4 46 57 29 13 6 50 
31 37 22 54 55 8 58 21 14 46 57 30 4 36 0 2 7 38 59 9 47 45 24 43 28 51 52 44 1 29 13 6 12 27 18 16 3 20 33 50 5 32 25 34 35 15 41 39 40 49 10 11 42 53 17 19 23 56 48 26 
2 0 36 43 28 51 52 44 1 29 13 6 12 27 16 18 3 20 33 50 40 49 10 11 39 41 15 42 5 32 34 25 35 53 17 19 23 56 26 48 57 30 4 46 8 55 54 22 31 37 58 14 21 38 7 59 9 47 45 24 
35 34 25 32 15 41 40 49 10 11 39 42 5 50 33 20 3 27 16 18 12 6 13 29 1 44 52 51 28 43 0 36 24 45 47 9 59 2 7 38 21 14 58 8 55 54 22 37 31 23 56 48 26 57 30 4 46 19 17 53 
54 22 31 37 55 8 58 14 21 38 7 2 59 9 47 45 24 44 52 51 28 43 36 0 4 30 46 57 26 56 23 19 17 53 35 34 25 32 5 42 41 15 40 39 11 50 33 20 3 27 16 18 12 1 29 13 6 10 49 48 
38 21 14 58 8 55 54 22 37 31 23 56 48 57 30 4 46 26 19 17 53 35 34 25 32 5 42 41 15 39 40 49 10 11 50 33 20 3 27 16 18 12 6 29 13 1 44 52 51 28 43 0 36 24 45 47 9 59 2 7 
56 26 46 4 30 57 48 23 54 22 37 31 55 8 58 14 21 38 7 2 59 9 47 45 24 0 36 43 28 51 52 44 1 29 13 6 12 27 16 18 3 20 33 50 5 42 39 11 40 49 10 15 41 35 34 25 32 53 17 19 
40 49 10 30 4 46 57 48 56 23 26 54 22 37 31 55 8 58 14 21 38 7 2 59 9 47 45 24 0 36 43 28 51 52 44 1 29 13 6 12 3 27 16 18 20 33 50 5 32 25 34 35 42 41 39 11 15 53 17 19 
28 43 36 0 2 38 21 14 58 8 55 54 22 31 37 26 48 56 23 19 17 53 35 34 25 32 5 50 33 20 3 27 16 18 12 1 44 52 51 29 13 6 11 39 41 15 42 40 49 10 57 46 30 4 7 59 9 47 45 24 
45 47 9 59 7 38 21 14 58 8 55 54 22 37 31 26 48 56 23 19 17 53 15 41 42 35 34 25 32 5 50 33 20 3 27 16 18 12 1 44 52 51 29 13 6 11 39 40 49 10 57 46 30 4 36 43 28 0 2 24 
0 36 43 28 51 52 44 1 29 13 6 12 27 16 18 3 20 33 50 5 32 25 34 35 42 41 39 11 10 49 40 15 53 17 19 23 56 26 46 4 30 57 48 54 22 31 37 55 8 58 14 21 38 7 2 45 47 9 59 24 
48 56 23 26 57 46 4 30 10 49 40 15 41 39 11 42 35 34 25 32 5 50 33 20 3 27 16 18 12 6 13 29 1 44 52 51 28 43 36 0 24 45 47 9 59 2 7 38 21 14 58 8 55 54 22 37 31 19 17 53 
15 41 39 11 42 35 34 25 32 5 50 33 20 3 27 18 16 12 6 13 29 1 44 52 51 28 43 36 0 2 59 9 47 45 24 7 38 21 14 58 8 55 54 22 31 37 26 57 46 4 30 10 49 40 48 56 23 19 17 53 
22 55 8 58 14 21 38 7 2 59 9 47 45 24 0 36 43 28 51 52 44 1 29 13 6 12 3 27 16 18 20 33 50 5 32 25 34 35 42 41 39 40 49 10 11 15 53 17 19 23 56 48 26 57 46 4 30 54 37 31 
57 46 4 30 10 11 39 41 15 40 49 48 26 56 23 19 17 53 42 35 34 25 32 5 50 33 20 3 27 16 18 12 6 13 29 1 44 52 51 28 43 36 0 24 45 47 9 59 2 7 38 21 14 58 8 55 54 22 31 37 
19 17 53 35 34 25 32 5 50 33 20 3 27 16 18 12 6 13 29 1 44 52 51 28 0 36 43 24 45 47 9 59 2 7 38 21 14 58 8 55 54 22 31 37 23 56 48 26 57 46 30 4 10 49 40 39 11 41 15 42 
49 10 11 39 41 15 35 34 25 32 5 50 33 20 3 27 16 18 12 6 13 29 1 44 52 51 28 36 0 43 24 45 47 9 59 2 7 38 21 14 58 8 55 54 22 31 37 23 56 48 57 30 4 46 26 19 17 53 42 40 
50 33 20 16 3 27 18 12 1 44 52 51 28 43 36 0 24 45 47 9 59 2 7 38 21 14 58 8 55 54 22 37 31 19 17 53 35 34 25 32 5 42 41 15 40 39 11 10 49 48 56 23 26 57 46 4 30 29 13 6 
53 35 34 25 32 5 50 33 20 3 16 18 27 12 6 13 29 1 44 52 51 28 43 36 0 2 59 9 47 45 24 7 38 21 14 58 8 55 54 22 37 31 19 17 23 56 48 26 57 30 4 46 49 10 39 11 40 41 15 42 
44 52 51 28 43 36 0 24 45 47 59 9 2 7 38 21 14 58 8 55 54 22 31 37 23 56 48 57 30 4 46 26 19 17 53 35 34 25 32 5 42 41 15 40 49 10 11 39 50 33 20 3 16 18 27 12 6 13 29 1 
58 14 21 38 7 2 59 9 47 45 24 0 36 43 28 51 52 44 1 29 13 6 12 27 16 18 3 20 33 50 42 41 15 40 49 10 11 39 35 34 25 32 5 53 17 19 23 56 26 57 46 4 30 48 54 22 31 37 55 8 
48 56 23 26 57 46 4 30 10 49 40 39 11 41 15 42 35 34 25 32 5 50 33 20 3 27 16 18 12 6 13 29 1 44 52 51 28 43 36 0 2 59 9 47 45 24 7 38 21 14 58 8 55 54 22 37 31 19 17 53 
33 20 3 27 16 18 12 44 52 51 28 36 0 43 24 45 47 9 59 2 7 38 21 14 58 8 55 54 22 31 37 26 48 56 23 19 17 53 35 34 25 32 5 42 41 15 40 39 11 49 10 30 4 46 57 13 29 1 6 50 
37 31 22 54 55 8 58 14 21 38 7 2 59 9 47 45 24 0 36 43 28 51 52 44 1 29 10 49 40 39 11 42 41 15 53 35 34 25 32 5 50 33 20 3 16 18 27 12 6 13 30 4 46 57 26 48 56 23 19 17 
2 0 36 43 28 51 52 44 1 29 13 6 12 3 27 16 18 20 33 50 5 42 41 39 11 10 49 40 15 35 34 25 32 53 17 19 23 56 26 48 57 30 4 46 8 55 54 22 31 37 58 14 21 38 7 59 9 47 45 24 
53 42 35 34 25 32 5 50 33 20 3 27 16 18 12 1 44 52 51 29 13 6 11 39 41 15 40 49 10 57 46 30 4 36 0 43 28 24 45 47 9 59 2 7 38 21 14 58 8 55 54 22 37 31 23 56 48 26 19 17 
