28 29 10 8 33 32 15 2 12 20 21 23 34 7 25 31 14 18 26 17 0 4 1 24 22 27 9 19 5 6 30 3 16 11 13 
33 32 15 2 12 20 34 21 23 7 25 31 14 18 26 17 0 4 1 24 9 19 5 6 30 16 3 11 27 13 22 28 29 10 8 
30 3 16 11 13 22 28 29 10 8 33 32 15 2 12 20 34 21 23 7 25 31 14 18 26 17 0 4 24 1 27 9 19 5 6 
27 9 19 5 6 30 16 3 11 13 22 28 29 10 8 33 32 15 2 12 20 21 34 23 7 25 31 14 18 26 17 0 1 24 4 
16 3 11 13 22 28 29 10 8 33 32 15 2 12 20 21 23 34 7 25 18 26 17 14 31 0 1 24 4 27 9 19 5 6 30 
26 17 0 4 1 24 22 13 27 9 19 5 6 16 3 30 11 28 29 10 8 33 32 15 2 12 20 21 34 23 7 25 31 14 18 
26 17 0 1 24 4 9 19 5 6 30 3 16 11 13 22 27 28 29 10 8 33 32 15 2 12 20 21 23 34 7 25 31 14 18 
20 21 23 34 7 25 31 14 18 26 17 0 1 24 4 9 19 5 6 16 3 11 30 27 13 22 28 10 29 8 33 32 15 2 12 
27 13 22 28 29 10 8 33 32 15 2 12 20 21 34 23 7 25 31 14 18 26 17 0 4 1 24 9 19 5 6 30 16 3 11 
27 9 19 5 6 30 3 16 11 28 29 10 8 33 32 15 2 12 20 34 21 23 7 25 31 14 18 26 17 0 4 1 24 22 13 
22 28 29 10 8 33 32 15 2 12 20 34 21 23 7 25 31 14 18 26 17 0 4 1 24 9 19 5 6 30 16 3 11 13 27 
20 34 21 23 7 25 31 14 18 26 17 0 1 24 4 9 19 5 6 30 3 16 11 27 13 22 28 29 10 8 33 32 15 2 12 
6 30 3 16 11 27 13 22 28 29 10 8 33 32 15 2 12 20 21 23 34 7 25 31 14 18 26 17 0 4 1 24 9 19 5 
15 2 12 20 21 23 34 7 25 31 14 18 26 17 0 4 1 24 27 9 19 5 6 30 16 3 11 13 22 28 29 10 8 33 32 
32 15 2 12 20 21 23 34 7 25 1 24 4 0 31 14 18 26 17 9 19 5 6 30 3 16 11 13 27 22 28 29 10 8 33 
31 14 18 26 17 0 1 24 4 27 9 19 5 6 16 3 30 11 13 22 28 29 10 8 33 32 15 2 12 20 21 23 34 7 25 
9 19 5 6 30 16 3 11 13 22 28 29 10 8 33 32 15 2 12 20 21 23 34 7 25 31 14 18 26 17 0 4 1 24 27 
24 1 4 0 31 14 18 26 17 9 19 5 6 30 16 3 11 13 27 22 28 29 10 8 33 32 15 2 12 20 21 23 34 7 25 
9 19 5 6 30 3 16 11 27 13 22 28 29 10 8 33 32 15 2 12 20 34 21 23 7 25 1 24 4 0 17 26 18 14 31 
9 19 5 6 16 3 11 30 27 13 22 28 29 10 8 33 32 15 2 12 20 34 21 23 7 25 31 14 18 26 17 0 4 1 24 
20 21 34 23 7 25 31 14 18 26 17 0 4 1 24 9 27 19 5 6 30 3 16 11 13 22 28 29 10 8 33 32 15 2 12 
13 22 28 29 10 8 33 32 15 2 12 20 21 23 34 7 25 31 14 18 26 17 0 4 1 24 9 19 5 6 30 16 3 11 27 
20 34 21 23 7 25 31 14 18 26 17 0 4 1 24 22 13 27 9 19 5 6 30 3 16 11 28 29 10 8 33 32 15 2 12 
26 17 0 4 1 24 22 13 27 9 19 5 6 30 16 3 11 28 29 10 8 33 32 15 2 12 20 34 21 23 7 25 31 14 18 
24 1 4 0 17 26 18 14 31 25 7 23 21 34 20 12 2 15 32 33 29 10 8 28 13 11 3 16 30 6 5 19 9 27 22 
24 1 4 27 9 19 5 6 30 3 16 11 13 22 28 29 10 8 33 32 15 2 12 20 21 23 34 7 25 31 14 18 26 17 0 
27 13 22 28 29 10 8 33 32 15 2 12 20 34 21 23 7 25 31 14 18 26 17 0 4 1 24 9 19 5 6 30 3 16 11 
24 1 4 22 13 27 9 19 5 6 30 3 16 11 28 29 10 8 33 32 15 2 12 20 21 23 34 7 25 31 14 18 26 17 0 
9 19 5 6 30 3 16 11 13 22 28 29 10 8 33 32 15 2 12 20 21 34 23 7 25 31 14 18 26 17 0 1 24 4 27 
22 13 27 9 19 5 6 30 3 16 11 28 29 10 8 33 32 15 2 12 20 21 34 23 7 25 31 14 18 26 17 0 4 1 24 
18 26 17 0 1 24 4 9 19 5 6 16 3 30 11 27 13 22 28 29 10 8 33 32 15 2 12 20 21 23 34 7 25 31 14 
4 1 24 9 19 5 6 30 3 16 11 13 27 22 28 29 10 8 33 32 15 2 12 20 21 23 34 7 25 31 14 18 26 17 0 
32 15 2 12 20 34 23 21 7 25 31 14 18 26 17 0 4 1 24 22 27 9 19 5 6 16 3 30 11 13 28 29 10 8 33 
33 32 15 2 12 20 21 23 34 7 25 31 14 18 26 17 0 4 1 24 27 9 19 5 6 30 16 3 11 13 22 28 29 10 8 
26 17 0 1 24 4 22 13 27 9 19 5 6 30 16 3 11 28 29 10 8 33 32 15 2 12 20 21 34 23 7 25 31 14 18 
22 28 29 10 8 33 32 15 2 12 20 34 21 23 7 25 31 14 18 26 17 0 4 1 24 9 19 5 6 30 3 16 11 27 13 
9 19 5 6 30 3 16 11 13 27 22 28 29 10 8 33 32 15 2 12 20 21 34 23 7 25 31 14 18 26 17 0 4 1 24 
33 32 15 2 12 20 21 34 23 7 25 31 14 18 26 17 0 4 1 24 22 13 27 9 19 5 6 30 16 3 11 28 29 10 8 
27 9 19 5 6 30 16 3 11 28 29 10 8 33 32 15 2 12 20 21 23 34 7 25 31 14 18 26 17 0 4 1 24 22 13 
15 2 12 20 34 21 23 7 25 31 14 18 26 17 0 4 1 24 9 19 5 6 30 16 3 11 27 13 22 28 29 10 8 33 32 
13 22 28 29 10 8 33 32 15 2 12 20 21 23 34 7 25 31 14 18 26 17 0 4 1 24 27 9 19 5 6 30 3 16 11 
24 1 4 27 9 19 5 6 16 3 30 11 13 22 28 29 10 8 33 32 15 2 12 20 34 21 23 7 25 31 14 18 26 17 0 
9 19 5 6 30 16 3 11 13 22 28 29 10 8 33 32 15 2 12 20 34 21 23 7 25 31 14 18 26 17 0 1 24 4 27 
22 13 27 9 19 5 6 16 3 30 11 28 29 10 8 33 32 15 2 12 20 34 21 23 7 25 31 14 18 26 17 0 4 1 24 
24 1 4 0 17 26 18 14 31 25 7 23 21 34 20 12 2 15 32 33 29 28 8 10 11 3 16 30 6 5 19 9 27 13 22 
11 28 29 10 8 33 32 15 2 12 20 21 34 23 7 25 31 14 18 26 17 0 4 1 24 22 13 27 9 19 5 6 30 16 3 
34 23 21 20 12 2 15 32 33 29 10 8 28 22 13 11 3 16 30 6 5 19 9 27 4 1 24 0 17 26 18 14 31 25 7 
6 30 16 3 11 13 22 28 29 10 8 33 32 15 2 12 20 21 23 34 7 25 31 14 18 26 17 0 1 24 4 9 27 19 5 
27 9 19 5 6 16 3 30 11 13 22 28 29 10 8 33 32 15 2 12 20 21 23 34 7 25 31 14 18 26 17 0 4 1 24 
1 24 4 27 9 19 5 6 30 16 3 11 13 22 28 29 10 8 33 32 15 2 12 20 21 23 34 7 25 31 14 18 26 17 0 
10 8 29 28 13 22 33 32 15 2 12 20 21 23 34 7 25 31 14 18 26 17 0 1 24 4 27 9 19 5 6 30 16 3 11 
13 22 28 29 10 8 33 32 15 2 12 20 34 21 23 7 25 31 14 18 26 17 0 4 1 24 9 19 5 6 30 3 16 11 27 
13 22 28 29 10 8 33 32 15 2 12 20 34 21 23 7 25 31 14 18 26 17 0 4 1 24 9 19 5 6 30 3 16 11 27 
27 9 19 5 6 16 30 3 11 13 22 28 29 10 8 33 32 15 2 12 20 21 23 34 7 25 31 14 18 26 17 0 1 24 4 
1 4 9 19 5 6 30 16 3 11 27 13 22 28 29 10 8 33 32 15 2 12 20 34 21 23 7 25 31 14 18 26 17 0 24 
1 4 9 19 5 6 30 16 3 11 27 13 22 28 29 10 8 33 32 15 2 12 20 34 21 23 7 25 31 14 18 26 17 0 24 
26 17 9 19 5 6 30 3 16 11 27 13 22 28 29 10 8 33 32 15 2 12 20 21 34 23 7 25 24 1 4 0 31 14 18 
18 26 17 0 1 24 4 27 9 19 5 6 30 16 3 11 13 22 28 29 10 8 33 32 15 2 12 20 21 23 34 7 25 31 14 
9 19 5 6 30 3 16 11 13 22 28 29 10 8 33 32 15 2 12 20 21 23 34 7 25 31 14 18 26 17 0 1 24 4 27 
5 6 3 16 30 11 13 22 28 29 10 8 33 32 15 2 12 20 21 23 34 7 25 31 14 18 26 17 0 4 1 24 27 9 19 
10 29 28 13 22 27 11 3 16 30 6 5 19 9 17 26 18 14 31 0 4 1 24 25 7 23 21 34 20 12 2 15 32 33 8 
14 18 26 17 0 4 1 24 27 9 19 5 6 30 3 16 11 13 22 28 29 10 8 33 32 15 2 12 20 21 23 34 7 25 31 
1 24 22 13 27 9 19 5 6 30 16 3 11 28 29 10 8 33 32 15 2 12 20 34 21 23 7 25 31 14 18 26 17 0 4 
0 1 24 4 9 19 5 6 30 16 3 11 13 22 27 28 29 10 8 33 32 15 2 12 20 21 34 23 7 25 31 14 18 26 17 
19 9 27 13 28 29 10 8 33 32 15 2 12 20 21 23 34 7 25 31 14 18 26 17 0 4 1 24 22 11 3 16 30 6 5 
33 32 15 2 12 20 21 23 34 7 25 31 14 18 26 17 0 4 1 24 27 9 19 5 6 30 3 16 11 13 22 28 29 10 8 
24 1 4 9 19 5 6 30 16 3 11 13 27 22 28 29 10 8 33 32 15 2 12 20 34 21 23 7 25 31 14 18 26 17 0 
13 22 28 29 10 8 33 32 15 2 12 20 34 21 23 7 25 31 14 18 26 17 0 4 1 24 9 19 5 6 30 3 16 11 27 
26 17 0 4 1 24 22 13 27 9 19 5 6 30 16 3 11 28 29 10 8 33 32 15 2 12 20 21 34 23 7 25 31 14 18 
20 21 23 34 7 25 31 14 18 26 17 0 4 1 24 22 13 27 9 19 5 6 30 16 3 11 28 29 10 8 33 32 15 2 12 
30 16 3 11 13 22 28 29 10 8 33 32 15 2 12 20 21 23 34 7 25 31 14 18 26 17 0 4 1 24 27 9 19 5 6 
16 3 11 27 13 22 28 29 10 8 33 32 15 2 12 20 21 23 34 7 25 31 14 18 26 17 0 4 1 24 9 19 5 6 30 
24 1 4 0 17 26 18 14 31 25 7 23 34 21 20 12 2 15 32 33 29 8 10 28 22 13 27 11 3 16 30 6 5 19 9 
13 22 28 10 8 29 33 32 15 2 12 20 21 23 34 7 25 31 14 18 26 17 0 4 1 24 27 9 19 5 6 30 16 3 11 
3 16 11 28 29 10 8 33 32 15 2 12 20 34 21 23 7 25 31 14 18 26 17 0 4 1 24 22 13 27 9 19 5 6 30 
32 15 2 12 20 21 34 23 7 25 31 14 18 26 17 0 4 1 24 22 13 27 9 19 5 6 30 16 3 11 28 29 10 8 33 
27 9 19 5 6 30 3 16 11 13 22 28 29 10 8 33 32 15 2 12 20 21 23 34 7 25 31 14 18 26 17 0 4 1 24 
34 21 23 7 25 31 14 18 26 17 0 4 1 24 9 19 5 6 30 3 16 11 27 13 22 28 29 10 8 33 32 15 2 12 20 
18 26 17 9 19 5 6 30 3 16 11 13 27 22 28 29 10 8 33 32 15 2 12 20 21 34 23 7 25 24 1 4 0 31 14 
13 27 9 19 5 6 30 16 3 11 28 29 10 8 33 32 15 2 12 20 34 21 23 7 25 31 14 18 26 17 0 4 1 24 22 
27 9 19 5 6 30 3 16 11 13 22 28 29 10 8 33 32 15 2 12 20 34 21 23 7 25 31 14 18 26 17 0 4 1 24 
30 3 16 11 27 13 22 28 29 10 8 33 32 15 2 12 20 21 34 23 7 25 31 14 18 26 17 0 1 24 4 9 19 5 6 
20 34 21 23 7 25 31 14 18 26 17 0 1 24 4 22 13 27 9 19 5 6 30 16 3 11 28 29 10 8 33 32 15 2 12 
28 29 10 8 33 32 15 2 12 20 21 23 34 7 25 31 14 18 26 17 0 4 1 24 22 13 27 9 19 5 6 30 16 3 11 
3 16 30 6 5 19 9 27 28 29 10 8 33 32 15 2 12 20 21 23 34 7 25 31 14 18 26 17 0 4 1 24 22 13 11 
6 30 3 16 11 13 22 28 29 10 8 33 32 15 2 12 20 21 23 34 7 25 31 14 18 26 17 0 1 24 4 9 27 19 5 
34 21 23 7 25 31 14 18 26 17 0 1 24 4 9 19 5 6 30 3 16 11 27 13 22 28 29 10 8 33 32 15 2 12 20 
21 34 23 7 25 31 14 18 26 17 0 4 1 24 27 9 19 5 6 30 16 3 11 13 22 28 29 10 8 33 32 15 2 12 20 
1 4 9 19 5 6 30 3 16 11 13 27 22 28 29 10 8 33 32 15 2 12 20 21 23 34 7 25 31 14 18 26 17 0 24 
21 23 7 25 31 14 18 26 17 0 1 24 4 27 9 19 5 6 16 3 30 11 13 22 28 29 10 8 33 32 15 2 12 20 34 
27 13 22 28 29 10 8 33 32 15 2 12 20 21 23 34 7 25 31 14 18 26 17 0 1 24 4 9 19 5 6 30 16 3 11 
19 5 6 30 3 16 11 27 13 22 28 29 10 8 33 32 15 2 12 20 21 34 23 7 25 31 14 18 26 17 0 4 1 24 9 
32 15 2 12 20 21 23 34 7 25 31 14 18 26 17 0 1 24 4 9 19 5 6 30 3 16 11 13 27 22 28 29 10 8 33 
1 24 4 27 9 19 5 6 30 3 16 11 13 22 28 29 10 8 33 32 15 2 12 20 34 21 23 7 25 31 14 18 26 17 0 
13 22 28 29 10 8 33 32 15 2 12 20 34 21 23 7 25 31 14 18 26 17 0 4 1 24 27 9 19 5 6 30 16 3 11 
18 26 17 0 4 1 24 9 19 5 6 30 16 3 11 27 13 22 28 29 10 8 33 32 15 2 12 20 21 23 34 7 25 31 14 
30 3 16 11 13 22 28 29 10 8 33 32 15 2 12 20 21 34 23 7 25 31 14 18 26 17 0 4 1 24 27 9 19 5 6 
27 9 19 5 6 30 16 3 11 13 22 28 29 10 8 33 32 15 2 12 20 21 34 23 7 25 31 14 18 26 17 0 4 1 24 
22 13 28 29 10 8 33 32 15 2 12 20 21 34 23 7 25 31 14 18 26 17 0 4 1 24 9 19 5 6 30 3 16 11 27 
16 3 11 13 22 28 29 10 8 33 32 15 2 12 20 21 23 34 7 25 31 14 18 26 17 0 4 1 24 27 9 19 5 6 30 
