56 61 7 10 45 51 62 8 47 34 5 9 18 67 12 37 36 11 55 21 46 68 0 69 14 6 65 31 30 29 33 53 50 4 63 23 24 57 32 40 27 49 3 15 38 35 41 28 25 13 58 60 2 64 16 52 39 54 1 17 59 26 42 48 66 19 44 43 22 20 
6 14 69 0 68 46 21 55 11 36 12 37 67 18 9 5 31 65 30 29 33 53 50 23 24 57 32 40 27 15 3 49 38 35 41 28 25 13 58 2 60 52 39 54 1 17 59 16 64 42 26 48 66 19 56 44 20 61 7 10 45 51 62 8 47 34 43 22 4 63 
27 40 57 24 23 50 63 4 53 33 29 30 65 6 14 69 0 68 46 21 55 11 36 12 37 67 18 9 5 31 34 47 8 10 45 51 62 7 61 20 43 22 44 56 19 66 48 42 26 64 16 59 17 1 54 39 52 60 2 58 13 25 38 35 41 28 49 3 15 32 
31 43 22 29 4 63 50 23 24 57 32 40 27 15 3 49 35 41 28 38 25 13 58 2 60 52 39 54 1 17 59 16 64 26 42 53 33 48 66 19 56 44 7 61 20 10 45 51 62 8 47 34 5 9 18 67 37 12 36 11 55 21 46 68 0 69 14 6 65 30 
47 34 5 9 18 67 12 37 36 11 55 21 46 68 0 69 14 6 65 30 31 29 33 53 50 63 4 23 24 57 32 40 27 15 3 49 35 41 28 38 25 13 58 2 60 52 39 54 1 17 59 16 64 26 42 66 48 22 43 44 19 56 7 61 20 10 45 51 62 8 
24 57 32 40 27 15 3 49 38 35 41 28 25 13 58 2 60 52 39 54 1 17 59 16 64 26 42 53 33 29 30 65 6 14 69 0 68 46 21 55 11 36 12 37 67 18 9 5 31 34 47 8 10 45 51 62 7 61 20 44 56 19 66 48 22 43 4 63 50 23 
44 19 56 61 7 51 62 45 10 20 8 47 34 5 9 18 67 37 12 36 11 55 21 46 68 0 14 6 69 63 4 53 50 23 24 57 32 40 27 49 3 15 38 35 41 28 25 13 58 60 2 64 16 52 39 54 1 17 59 26 42 33 29 30 65 31 43 22 48 66 
34 5 9 18 67 37 12 36 11 55 21 46 68 0 69 14 6 65 30 29 33 4 63 50 23 24 57 32 40 27 15 3 49 38 35 41 28 25 13 58 60 2 64 16 52 39 54 1 17 59 26 42 53 48 66 19 56 44 43 22 20 61 10 45 51 62 7 8 47 31 
59 16 2 60 52 39 54 1 17 66 48 19 56 44 22 43 20 61 7 10 45 51 62 8 47 34 5 9 18 67 37 12 36 11 55 21 46 68 0 69 14 6 65 31 30 29 33 53 50 23 24 57 32 40 27 15 3 49 38 35 41 28 25 13 58 64 26 42 63 4 
25 13 58 2 60 52 39 54 1 17 59 16 64 23 50 53 63 4 33 29 30 65 6 14 69 0 68 46 21 55 11 36 12 37 67 18 9 5 31 34 47 8 45 51 62 7 10 61 20 43 22 44 56 19 66 48 26 42 24 57 32 40 27 15 3 49 38 35 41 28 
19 56 44 43 22 20 61 7 10 45 51 62 8 47 34 5 9 18 67 37 12 36 11 55 21 46 68 0 69 14 6 65 31 30 29 33 53 50 4 63 23 24 57 32 40 27 15 3 49 38 35 41 28 25 13 58 2 60 52 39 54 1 17 59 16 64 26 42 48 66 
61 7 10 45 51 62 8 47 34 31 5 9 18 67 37 12 36 11 55 21 46 68 0 69 14 6 65 30 29 4 63 50 23 24 57 32 40 27 15 49 3 38 35 41 28 25 13 58 2 60 52 39 59 17 1 54 16 64 26 42 53 33 48 66 19 56 44 43 22 20 
10 45 51 62 8 47 34 5 9 18 67 37 12 36 11 55 21 46 68 0 69 14 6 65 31 30 29 33 53 50 4 63 23 24 57 32 40 27 15 3 49 38 35 41 28 25 13 58 2 60 52 39 54 1 17 59 16 64 26 42 48 66 19 56 44 43 22 20 61 7 
59 26 42 50 53 33 29 30 31 65 6 14 69 0 68 46 21 55 11 36 12 37 67 18 9 5 34 47 8 45 51 62 10 20 61 7 56 19 66 48 44 43 22 4 63 23 24 57 32 40 27 15 3 49 38 35 41 28 25 13 58 2 60 52 39 16 64 17 1 54 
56 61 7 10 45 51 62 8 47 34 5 9 18 67 37 12 36 11 55 21 46 68 0 69 14 6 65 31 30 29 33 53 50 23 24 57 32 40 27 15 3 49 38 35 41 28 25 13 58 2 60 59 17 1 54 39 52 16 64 26 42 63 4 22 43 20 44 19 66 48 
19 56 61 20 10 7 51 45 62 8 47 34 31 5 9 18 67 37 12 36 11 55 21 46 68 0 14 6 69 65 30 29 33 53 50 63 4 42 23 24 57 32 40 27 15 3 49 38 35 41 28 25 13 58 60 2 64 26 59 16 52 39 54 1 17 66 48 22 43 44 
68 0 14 6 69 65 30 29 33 53 50 23 24 57 32 40 27 15 3 49 38 35 41 28 25 13 58 2 60 52 39 54 1 17 59 16 64 26 42 63 4 48 66 19 56 44 43 22 20 61 7 10 45 51 62 8 47 34 31 5 9 18 67 12 37 36 11 55 21 46 
8 47 34 5 9 18 67 37 12 36 11 55 21 46 68 0 14 6 69 63 4 50 23 24 57 32 40 27 15 3 49 38 35 41 28 25 13 58 60 2 16 52 39 54 1 17 59 64 26 42 53 33 29 30 65 31 43 22 44 48 66 19 56 61 20 10 7 45 62 51 
64 26 42 53 50 23 24 57 32 40 27 15 3 49 38 35 41 28 25 13 58 60 2 16 52 39 54 1 17 59 66 48 22 43 44 19 56 61 7 10 45 51 62 8 20 47 34 5 9 18 67 37 12 36 11 55 21 46 68 0 14 69 6 65 31 30 29 33 4 63 
20 61 7 51 62 45 10 8 47 34 31 5 9 18 67 37 12 36 11 55 21 46 68 0 69 14 6 65 30 43 22 29 33 53 50 23 24 57 32 40 27 49 3 15 38 35 41 28 25 13 58 2 60 52 39 54 1 17 59 16 64 26 42 63 4 48 66 19 56 44 
48 66 56 7 61 20 10 45 51 62 8 47 34 5 9 18 67 37 12 36 11 55 21 46 68 0 69 6 14 4 63 50 23 24 57 40 27 15 3 49 35 41 28 38 32 25 13 58 2 60 52 39 54 1 17 59 16 64 26 42 53 33 29 30 65 31 22 43 44 19 
24 57 32 40 27 15 3 49 38 35 41 28 25 13 58 2 60 52 39 16 59 54 1 17 66 48 19 44 22 43 20 10 7 61 56 51 45 62 8 47 34 5 9 18 67 37 12 36 11 55 21 46 68 0 69 14 6 65 31 30 29 33 53 42 26 64 23 50 4 63 
19 56 44 20 61 7 10 45 51 62 8 47 34 5 9 18 67 12 37 36 11 55 21 46 68 0 14 6 69 63 4 53 50 23 24 57 32 40 27 49 3 15 38 35 41 28 25 13 58 2 60 52 39 54 1 17 59 16 64 26 42 33 29 30 65 31 43 22 48 66 
22 43 20 61 7 51 62 45 10 8 47 34 31 5 9 18 67 37 12 36 11 55 21 46 68 0 69 14 6 65 30 29 33 53 50 4 63 23 24 57 32 40 27 49 3 15 38 35 41 28 25 13 58 60 2 64 16 52 39 54 1 17 59 26 42 48 66 19 56 44 
65 30 29 22 43 20 61 7 10 45 51 62 8 47 34 5 9 18 67 37 12 36 11 55 21 46 68 0 69 14 6 63 4 50 23 24 57 32 40 27 49 3 15 38 35 41 28 25 13 58 60 52 39 54 1 17 59 16 2 64 26 42 53 33 48 66 19 56 44 31 
25 13 58 2 60 52 39 54 1 17 59 16 64 26 42 53 33 29 30 65 6 14 69 0 68 46 21 55 11 36 12 37 67 18 9 5 31 34 47 8 45 51 62 10 61 7 20 43 22 56 19 44 48 66 4 63 50 23 24 57 32 40 27 15 3 49 38 35 41 28 
50 53 33 29 30 65 6 14 69 0 68 46 21 55 11 36 12 37 67 18 9 5 31 34 47 8 45 51 62 7 61 20 10 56 19 44 43 22 48 66 17 1 54 59 39 52 60 2 64 16 58 13 25 38 35 41 28 49 3 15 27 40 32 57 24 23 42 26 4 63 
36 11 55 21 46 68 0 14 69 6 65 30 29 33 53 50 23 42 26 64 16 59 17 1 54 39 52 60 2 58 13 25 41 28 35 38 49 3 15 27 40 32 57 24 63 4 22 43 44 56 19 66 48 20 10 61 7 45 51 62 8 47 34 5 31 9 18 67 12 37 
5 9 18 67 37 12 36 11 55 21 46 68 0 14 69 6 65 30 29 4 63 50 23 24 57 32 40 27 49 35 38 15 3 41 28 25 13 58 2 60 52 39 54 1 17 59 16 64 26 42 53 33 22 43 44 48 66 19 56 7 61 20 10 45 62 51 8 47 34 31 
63 4 50 23 24 57 32 40 27 15 3 49 38 35 41 28 25 13 58 2 60 52 39 16 59 17 1 54 66 48 22 43 44 19 56 61 7 20 10 45 51 62 8 47 34 31 5 9 18 67 37 12 36 11 55 21 46 68 0 69 14 6 65 30 29 33 53 42 26 64 
27 15 68 0 69 14 6 65 30 29 33 53 4 63 50 23 24 57 32 40 38 35 41 28 25 58 13 2 60 52 39 54 1 17 59 16 64 26 42 48 66 19 56 44 22 43 20 10 7 61 51 62 45 8 47 34 31 5 9 18 67 37 12 36 11 55 21 46 3 49 
4 63 50 23 24 57 32 40 27 15 3 49 38 35 41 28 25 13 58 2 60 52 39 54 1 17 59 16 64 26 42 53 33 29 30 65 6 14 69 0 68 46 21 11 55 37 12 36 67 18 9 5 31 34 47 8 20 61 7 10 45 51 62 56 19 44 43 22 48 66 
24 57 32 40 27 15 3 49 38 35 41 28 25 13 58 2 60 52 39 54 1 17 59 16 64 26 42 53 33 22 43 44 48 66 19 56 51 62 45 10 20 61 7 8 47 34 31 65 6 14 69 0 68 46 21 55 11 36 12 37 67 18 9 5 30 29 4 63 23 50 
19 44 56 7 61 20 10 45 62 51 8 47 34 5 9 18 67 37 12 36 11 55 21 46 68 0 14 6 69 4 63 50 23 24 57 32 40 27 15 3 49 38 35 41 28 25 13 58 2 60 52 39 54 1 17 59 16 64 26 42 53 33 29 30 65 31 43 22 48 66 
5 9 18 67 37 12 36 11 55 21 46 68 0 69 14 6 65 30 29 4 63 50 23 24 57 32 40 27 49 15 3 38 35 41 28 25 13 58 60 2 64 16 52 39 54 1 17 59 26 42 53 33 48 66 19 56 44 22 43 20 61 7 10 45 51 62 8 47 34 31 
61 7 10 45 51 62 8 47 34 31 5 9 18 67 37 12 36 11 55 21 46 68 0 69 14 6 65 30 29 4 63 50 23 24 57 32 40 27 15 3 49 38 35 41 28 25 13 58 60 2 64 16 52 39 54 1 17 59 26 42 53 33 22 43 44 19 56 66 48 20 
14 6 69 0 68 46 21 55 11 36 12 37 67 18 9 5 34 47 8 20 10 45 51 62 7 61 44 19 56 66 48 22 43 31 65 30 29 33 53 50 23 24 57 32 40 27 15 3 49 38 35 41 28 25 13 58 60 2 64 16 52 39 54 1 17 59 26 42 4 63 
61 7 10 45 51 62 8 47 34 5 9 18 67 37 12 36 11 55 21 46 68 0 69 14 6 65 31 30 29 33 53 50 4 63 23 24 57 32 40 27 15 49 3 41 28 35 38 25 13 58 60 2 16 52 39 54 1 17 59 64 26 42 48 66 19 44 20 43 22 56 
38 35 41 28 25 13 58 2 60 52 39 54 1 17 59 16 64 26 42 53 33 29 30 65 6 14 69 0 68 46 21 55 11 36 37 12 67 18 9 5 31 34 47 8 20 44 61 10 45 51 62 7 56 19 66 48 22 43 4 63 50 23 24 57 32 40 27 15 3 49 
19 56 44 20 61 7 10 45 51 62 8 47 34 5 9 18 67 37 12 36 11 55 21 46 68 0 69 6 14 4 63 50 23 24 57 32 40 27 15 3 49 38 35 28 41 25 13 58 2 60 52 39 54 1 17 59 16 64 26 42 53 33 29 30 65 31 22 43 48 66 
43 22 20 61 7 10 45 62 51 8 47 34 5 9 18 67 37 12 36 11 55 21 46 68 0 69 14 6 65 31 30 29 33 53 50 23 24 57 32 40 27 49 3 15 38 35 41 28 25 13 58 60 2 64 16 52 39 54 1 17 59 26 42 4 63 48 66 19 56 44 
22 43 20 61 7 10 45 51 62 8 47 34 5 9 18 67 37 12 36 11 55 21 46 68 0 69 14 6 65 31 30 29 33 53 50 4 63 23 24 57 32 40 27 49 3 15 38 35 41 28 25 13 58 2 60 52 39 54 1 17 59 16 64 26 42 48 66 19 44 56 
11 55 21 46 68 0 69 14 6 65 31 30 29 33 53 63 4 50 23 24 57 32 40 27 49 3 15 38 35 41 28 25 13 58 60 2 64 16 52 39 54 1 17 59 26 42 48 66 19 56 44 22 43 20 61 10 45 51 62 7 8 47 34 5 9 18 67 37 12 36 
53 33 29 4 63 50 23 24 57 32 40 27 15 49 3 38 35 41 28 25 13 58 2 60 52 39 54 1 17 59 16 64 26 42 66 48 44 19 56 61 20 10 7 51 62 45 8 47 34 5 9 18 67 12 37 36 11 55 21 46 68 0 69 14 6 65 31 30 22 43 
33 53 42 26 64 2 60 52 39 54 1 17 59 16 58 13 25 38 35 41 28 49 3 15 27 40 32 57 24 23 50 63 4 29 30 65 6 14 69 0 68 46 21 55 11 36 12 37 67 18 9 5 31 34 47 8 20 61 10 51 45 62 7 56 19 66 48 44 43 22 
18 67 37 12 36 11 55 21 46 68 0 69 14 6 65 30 29 33 53 50 4 63 23 24 57 32 40 27 15 3 49 35 41 28 38 25 13 58 2 60 52 39 54 1 17 59 16 64 26 42 48 66 19 56 44 43 22 20 61 7 10 45 62 51 8 47 34 5 9 31 
66 48 19 56 44 20 61 7 51 62 45 10 8 47 34 5 9 67 18 12 36 11 37 55 21 46 68 0 14 6 69 63 4 50 23 24 57 32 40 27 49 3 15 38 35 41 28 25 13 58 60 2 64 16 52 39 54 1 17 59 26 42 53 33 29 30 65 31 43 22 
35 41 28 25 13 58 2 64 16 52 60 39 54 1 17 59 66 48 22 43 44 19 56 61 20 10 7 51 62 45 8 47 34 5 31 9 18 67 37 12 36 11 55 21 46 68 0 69 14 6 65 30 29 33 53 42 26 4 63 50 23 24 57 32 40 27 49 3 15 38 
21 46 68 0 69 14 6 65 31 30 29 33 53 42 26 23 50 4 63 24 57 32 40 27 49 3 15 38 35 41 28 25 13 58 2 60 52 39 16 64 54 1 17 59 66 48 19 56 7 61 44 43 22 20 10 45 51 62 8 47 34 5 9 18 67 37 12 36 11 55 
4 63 50 23 24 57 32 40 27 15 3 49 38 35 41 28 25 13 58 60 2 64 16 52 39 54 1 17 59 26 42 53 33 29 30 65 6 14 69 0 68 46 21 55 11 36 12 37 67 18 9 5 31 34 47 8 45 51 62 7 61 20 10 56 19 44 22 43 48 66 
48 66 19 56 61 7 10 45 51 62 8 47 34 31 5 9 18 67 37 12 36 11 55 21 46 68 0 14 69 6 65 30 29 33 53 50 23 24 57 32 40 27 15 3 49 38 35 41 28 25 13 58 60 2 64 16 52 39 54 1 17 59 26 42 4 63 22 43 20 44 
14 69 6 65 30 29 33 53 50 4 63 23 24 57 32 40 27 15 3 49 38 35 41 28 25 13 58 2 60 52 39 54 1 17 59 16 64 26 42 22 43 20 44 19 48 66 56 61 7 10 45 51 62 8 47 34 31 5 9 18 67 12 37 36 11 55 21 46 68 0 
29 30 65 6 14 69 0 68 46 21 55 11 36 12 37 67 18 9 5 31 34 47 8 20 61 10 45 51 62 7 56 19 44 43 22 48 66 26 42 23 63 4 50 24 57 32 40 27 15 3 49 38 35 41 28 25 13 58 2 60 52 39 54 1 17 59 16 64 53 33 
66 48 19 56 61 10 7 51 62 45 20 8 47 34 5 9 18 67 37 12 36 11 55 21 46 68 0 14 6 65 30 29 33 53 50 23 24 57 32 40 27 15 3 49 38 35 41 28 25 13 58 2 60 52 39 54 1 17 59 16 64 26 42 4 63 69 31 43 22 44 
51 62 45 10 7 61 20 8 47 34 5 9 18 67 37 12 36 11 55 21 46 68 0 69 6 14 63 4 50 23 24 57 32 40 27 15 3 49 38 35 41 28 25 13 58 2 60 52 39 54 1 17 59 16 64 26 42 53 33 29 30 65 31 43 22 48 66 19 56 44 
30 65 6 69 14 0 68 46 21 55 11 36 12 37 67 18 9 5 31 34 47 8 20 61 10 45 51 62 7 56 19 44 43 22 29 33 4 63 50 23 24 57 32 40 27 49 3 15 38 35 41 28 25 13 58 60 2 64 16 52 39 54 1 17 59 66 48 26 42 53 
31 34 47 8 10 45 51 62 7 61 20 43 22 48 66 19 56 44 33 53 50 23 24 57 32 40 27 15 3 49 41 28 35 38 25 13 58 2 60 52 39 54 1 17 59 16 64 26 42 63 4 29 30 65 6 14 69 0 68 46 21 11 55 37 12 36 67 18 9 5 
59 16 52 60 2 64 26 42 53 33 22 43 44 19 56 61 10 45 51 62 7 20 8 47 34 31 5 9 18 67 37 12 36 11 55 21 46 68 0 69 14 6 65 30 29 4 63 50 23 24 57 32 40 27 49 3 15 38 35 41 28 25 13 58 39 54 1 17 66 48 
63 4 50 53 33 29 30 65 6 14 69 0 68 46 21 55 11 36 12 37 67 18 9 5 31 34 47 8 10 45 51 62 7 61 20 43 22 44 56 19 48 66 17 1 54 39 52 60 2 58 13 25 38 35 41 28 49 3 15 27 40 32 57 24 23 42 26 64 59 16 
61 7 51 62 45 10 20 8 47 34 5 9 18 67 37 12 36 11 55 21 46 68 0 69 14 6 65 30 31 43 22 29 33 53 50 24 57 32 40 27 15 3 49 38 35 41 28 25 13 58 2 60 52 39 54 1 17 59 16 64 26 42 23 63 4 48 66 19 56 44 
4 63 50 23 24 57 32 40 27 15 3 49 38 35 41 28 25 13 58 60 2 52 39 54 1 17 59 16 64 26 42 53 33 29 30 65 6 14 69 0 68 46 21 55 11 36 12 37 67 18 9 5 34 47 8 45 62 51 7 61 20 10 56 19 44 48 66 22 43 31 
16 64 2 60 52 39 54 1 17 59 66 48 44 19 56 7 61 20 10 51 62 45 8 47 34 5 9 18 67 37 12 36 11 55 21 46 68 0 69 6 14 63 4 50 53 33 29 30 65 31 43 22 26 42 23 24 57 32 40 27 15 3 49 35 41 28 38 25 13 58 
56 61 7 51 62 45 10 20 8 47 34 5 9 18 67 12 37 36 11 55 21 46 68 0 69 14 6 65 31 30 29 33 53 50 4 63 23 42 26 64 24 57 32 40 27 15 3 49 38 35 41 28 25 13 58 2 60 52 39 16 59 17 1 54 66 48 19 44 43 22 
24 57 32 40 27 15 3 49 35 38 41 28 25 13 58 2 60 52 39 54 1 17 59 16 64 26 42 53 33 29 30 65 6 14 69 0 68 46 21 55 11 36 37 12 67 18 9 5 31 34 47 8 20 61 10 45 62 51 7 56 44 48 66 19 22 43 63 4 50 23 
44 20 61 7 10 45 51 62 8 47 34 5 9 18 67 37 12 36 11 55 21 46 68 0 69 14 6 65 31 30 29 33 53 50 4 63 24 57 32 40 27 15 3 49 38 35 41 28 25 13 58 60 2 64 16 52 39 54 1 17 59 26 42 23 22 43 48 66 19 56 
31 5 9 18 67 37 12 36 11 55 21 46 68 0 69 14 6 65 30 29 33 4 63 50 53 42 26 23 24 57 32 40 27 15 3 49 38 35 41 28 25 13 58 60 2 64 16 52 39 59 17 1 54 66 48 19 56 44 43 22 20 10 7 61 45 51 62 8 47 34 
48 66 19 56 44 61 20 10 7 51 62 45 8 47 34 31 5 9 18 67 12 37 36 11 55 21 46 68 0 69 14 6 65 30 29 33 53 50 23 24 57 32 40 27 49 3 15 38 35 41 28 25 13 58 2 60 52 39 54 1 17 59 16 64 26 42 4 63 22 43 
9 18 67 37 12 36 11 55 21 46 68 0 69 14 6 65 30 29 33 53 4 63 50 23 24 57 32 40 27 49 3 15 38 35 41 28 25 13 58 2 60 52 39 54 1 17 59 16 64 42 26 48 66 56 19 44 22 43 20 10 7 61 51 62 45 8 47 34 5 31 
7 61 20 10 45 51 62 8 47 34 31 5 9 18 67 37 12 36 11 55 21 46 68 0 69 14 6 65 30 29 33 53 4 63 50 23 24 57 32 40 27 15 3 49 38 35 41 28 25 13 58 2 60 52 39 16 64 26 42 59 17 1 54 66 48 19 56 44 22 43 
31 5 9 18 67 37 12 36 11 55 21 46 68 0 69 14 6 65 30 29 4 63 50 23 24 57 32 40 27 15 49 3 38 35 41 28 25 13 58 2 60 52 39 54 1 17 59 16 64 26 42 53 33 48 66 19 56 61 7 10 20 43 22 44 45 51 62 8 47 34 
57 32 40 27 15 3 49 38 35 41 28 25 13 58 60 2 64 16 52 39 54 17 1 59 26 42 53 33 29 30 65 6 69 14 0 68 46 21 55 11 36 12 37 67 18 9 5 31 34 47 8 20 61 7 10 45 51 62 56 19 48 66 44 43 22 4 63 50 23 24 
56 7 61 20 10 45 51 62 8 47 34 5 9 18 67 37 12 36 11 55 21 46 68 0 14 6 69 4 63 50 23 24 57 32 40 27 15 3 49 38 35 41 28 25 13 58 60 2 64 16 52 39 54 1 17 59 26 42 53 33 29 30 65 31 43 22 44 19 48 66 
23 24 57 32 40 27 49 15 3 38 35 41 28 25 13 58 60 2 64 16 52 39 54 1 17 59 26 42 53 33 29 30 65 6 14 69 0 68 46 21 55 11 36 12 37 67 18 9 5 31 34 47 8 20 61 7 10 45 51 62 56 19 66 48 44 43 22 4 63 50 
31 5 9 18 67 37 12 36 11 55 21 46 68 0 69 14 6 65 30 29 33 53 50 63 4 23 24 57 32 40 27 15 3 49 38 35 41 28 25 13 58 2 60 52 39 16 59 17 1 54 64 26 42 48 66 19 56 44 43 22 20 10 61 7 51 62 45 8 47 34 
10 20 61 51 62 45 8 47 34 5 9 18 67 37 12 36 11 55 21 46 68 0 69 14 6 65 31 30 29 33 53 50 4 63 23 24 57 32 40 27 15 3 49 38 35 41 28 25 13 58 2 60 52 39 54 1 17 59 16 64 26 42 48 66 19 56 7 44 22 43 
24 57 32 40 27 15 3 49 38 35 41 28 25 13 58 2 60 52 39 54 1 17 59 16 64 26 42 23 50 53 33 29 30 65 6 14 69 0 68 46 21 55 11 36 12 37 67 18 9 5 31 34 47 8 45 51 62 10 61 44 19 56 7 20 43 22 48 66 4 63 
52 60 2 64 16 59 39 54 1 17 66 48 44 56 19 22 43 20 61 7 10 45 62 51 8 47 34 31 5 9 18 67 37 12 36 11 55 21 46 68 0 69 14 6 65 30 29 33 53 42 26 50 63 4 23 24 57 32 40 27 49 3 15 38 35 41 28 25 13 58 
44 20 61 7 10 45 51 62 8 47 34 5 9 18 67 37 12 36 11 55 21 46 68 0 69 6 14 4 63 50 23 24 57 32 40 27 49 3 15 38 35 41 28 25 13 58 60 2 64 16 52 39 54 1 17 59 26 42 53 33 29 30 31 65 43 22 48 66 19 56 
29 4 63 50 23 24 57 32 40 27 15 3 49 38 35 41 28 25 13 58 2 60 52 39 54 1 17 59 16 64 26 42 53 33 22 43 31 30 65 6 69 14 0 68 46 21 55 11 36 12 37 67 18 9 5 34 47 8 20 10 45 51 62 7 61 44 19 56 66 48 
63 4 50 23 24 57 32 40 27 15 3 49 38 35 41 28 25 13 58 2 60 52 39 54 1 17 59 16 64 26 42 53 33 29 30 65 6 69 14 0 68 46 21 55 11 36 12 37 67 18 9 5 31 34 47 8 10 20 61 7 51 62 45 56 19 44 43 22 48 66 
19 56 20 61 10 7 51 62 45 8 47 34 5 9 18 67 37 12 36 11 55 21 46 68 0 14 6 69 63 4 50 23 24 57 32 40 27 15 3 49 38 35 41 28 25 13 58 2 60 52 39 16 59 17 1 54 64 26 42 53 33 29 30 65 31 43 22 44 48 66 
23 24 57 32 40 27 49 15 3 38 35 41 28 25 13 58 60 2 16 64 26 42 53 50 63 4 33 29 30 65 6 14 69 0 68 46 21 55 11 36 12 37 67 18 9 5 31 34 47 8 10 45 62 51 7 61 20 43 22 44 56 19 48 66 17 1 54 39 52 59 
11 55 21 46 68 0 69 14 6 65 30 29 4 63 50 23 24 57 32 40 27 49 3 15 38 35 41 28 25 13 58 60 2 64 16 52 39 54 1 17 59 26 42 53 33 22 43 20 10 45 51 62 7 61 56 19 44 48 66 8 47 34 31 5 9 18 67 37 12 36 
2 60 52 39 54 1 17 59 26 42 53 33 29 22 43 44 48 66 19 56 61 20 10 45 51 62 7 8 47 34 5 9 18 67 37 12 36 11 55 21 46 68 0 69 14 6 65 31 30 4 63 50 23 24 57 32 40 27 15 3 49 38 35 41 28 25 13 58 16 64 
65 31 30 29 33 53 50 23 24 57 32 40 27 15 3 49 38 35 41 28 25 13 58 2 60 52 39 54 1 17 59 16 64 26 42 63 4 14 6 69 0 68 46 21 11 55 36 12 37 67 18 9 5 34 47 8 10 45 62 51 7 61 20 44 19 56 48 66 22 43 
44 61 7 10 51 62 45 8 47 34 5 9 18 67 37 12 36 11 55 21 46 68 0 69 14 6 65 31 30 29 33 53 50 4 63 23 24 57 32 40 27 15 49 3 35 41 28 38 25 13 58 2 60 52 39 54 1 17 59 16 64 26 42 48 66 19 56 20 43 22 
48 66 19 56 61 7 51 62 45 10 20 8 47 34 5 9 18 67 37 12 36 11 55 21 46 68 0 14 6 69 63 4 50 23 24 57 32 40 27 49 3 15 38 35 41 28 25 13 58 60 52 39 54 1 17 59 16 2 64 26 42 53 33 29 30 65 31 22 43 44 
20 10 45 51 62 8 47 34 5 9 18 67 12 37 36 11 55 21 46 68 0 69 14 6 65 31 30 29 4 63 50 23 24 57 32 40 27 15 3 49 38 35 41 28 25 13 58 60 2 64 16 52 39 54 1 17 59 26 42 53 33 22 43 44 61 7 56 19 48 66 
19 44 61 20 10 7 51 62 45 8 47 34 31 5 9 18 67 37 12 36 11 55 21 46 68 0 69 14 6 65 30 29 4 63 50 23 24 57 32 40 27 49 3 15 38 35 41 28 25 13 58 2 60 16 52 39 54 1 17 59 64 26 42 53 33 22 43 48 66 56 
10 45 51 62 8 47 34 31 5 9 18 67 37 12 36 11 55 21 46 68 0 14 69 6 65 30 29 33 53 50 63 4 42 26 23 24 57 32 40 27 15 3 49 38 35 41 28 25 13 58 60 2 64 16 52 39 54 1 17 59 48 66 19 56 61 7 20 43 22 44 
61 10 45 51 62 8 47 34 31 5 9 18 67 37 12 36 11 55 21 46 68 0 69 14 6 65 30 29 33 53 50 4 63 23 24 57 32 40 27 49 3 15 38 35 41 28 25 13 58 2 60 52 39 54 1 17 59 16 64 26 42 48 66 19 44 56 7 20 43 22 
25 13 58 2 64 16 52 60 39 54 1 17 59 26 42 53 33 29 30 65 6 14 69 0 68 46 21 55 11 36 12 37 67 18 9 5 31 34 47 8 10 20 61 7 51 62 45 56 19 48 66 44 43 22 4 63 50 23 24 57 32 40 27 15 3 49 38 35 41 28 
19 56 44 22 43 20 10 45 51 62 7 61 8 47 34 5 9 18 67 37 12 36 11 55 21 46 68 0 69 14 6 4 63 50 23 24 57 32 40 27 49 3 15 38 35 41 28 25 13 58 2 60 52 39 54 1 17 59 16 64 26 42 53 33 29 30 65 31 48 66 
47 8 10 45 51 62 7 61 20 43 22 48 66 19 56 44 4 63 50 23 24 57 32 40 27 15 3 49 38 35 41 28 25 13 58 2 60 52 16 59 17 1 54 39 64 26 42 53 33 29 30 65 6 14 69 0 68 46 21 55 11 36 12 37 67 18 9 5 31 34 
45 51 62 8 47 34 5 9 18 67 37 12 36 11 55 21 46 68 0 69 14 6 65 30 31 43 22 29 33 53 50 4 63 23 24 57 32 40 15 3 49 27 38 35 41 28 25 13 58 2 60 52 39 54 1 17 59 16 64 42 26 48 66 19 56 61 10 7 20 44 
50 23 24 57 32 40 27 15 3 49 38 35 41 28 25 13 58 2 60 52 39 54 1 17 59 16 64 26 42 66 48 19 44 56 61 20 10 45 62 51 7 8 47 34 5 9 18 67 37 12 36 11 55 21 46 68 0 69 14 6 65 30 31 43 22 29 33 53 4 63 
44 61 7 51 62 20 10 45 8 47 34 5 31 9 18 67 12 37 36 11 55 21 46 68 0 69 14 6 65 30 29 33 53 50 23 24 57 32 40 27 49 3 15 38 35 41 28 25 13 58 2 60 52 39 54 1 17 59 16 64 26 42 63 4 22 43 48 66 19 56 
8 47 34 31 5 9 18 67 37 12 36 11 55 21 46 68 0 69 14 6 65 30 29 4 63 53 50 23 24 57 32 40 27 15 3 49 38 35 41 28 25 13 58 60 2 64 16 52 39 54 1 17 59 26 42 33 22 43 44 48 66 19 56 61 7 10 45 51 62 20 
66 48 19 56 61 7 44 20 10 45 62 51 8 47 34 5 9 18 67 37 12 36 11 55 21 46 68 0 69 14 6 65 30 31 43 22 29 33 53 50 63 4 23 24 57 32 40 27 15 3 49 38 35 41 28 25 13 58 60 52 39 54 1 17 59 16 64 2 26 42 
65 30 29 33 53 50 23 24 57 32 40 27 15 3 49 38 35 41 28 25 13 58 2 60 52 39 54 1 17 59 16 64 26 42 4 63 14 6 69 0 68 46 21 55 11 36 12 37 67 18 9 5 31 34 47 8 45 51 62 7 61 20 10 44 56 19 66 48 22 43 
