13 23 17 2 6 1 18 5 3 16 10 24 0 15 21 22 11 9 14 4 12 8 7 20 19 
15 21 22 11 9 14 4 12 8 7 19 20 13 23 17 2 6 1 18 5 3 16 10 24 0 
5 18 1 6 17 2 23 13 20 7 19 8 12 4 14 9 11 22 21 15 0 24 10 16 3 
12 8 20 7 19 13 23 17 2 6 1 18 5 3 16 10 24 0 15 21 22 11 9 14 4 
8 7 20 19 13 23 17 2 6 1 18 5 3 16 10 24 0 15 21 22 11 9 14 4 12 
8 7 20 19 13 23 17 2 6 1 18 5 3 16 10 24 0 15 21 22 11 9 14 4 12 
13 23 17 2 6 1 18 5 3 16 10 24 0 15 21 22 11 9 14 4 12 8 7 20 19 
18 5 3 16 10 24 0 15 21 22 11 9 14 4 12 8 7 20 19 13 23 17 2 6 1 
18 5 3 16 10 24 0 15 21 22 11 9 14 4 12 8 7 20 19 13 23 17 2 6 1 
13 23 17 2 6 1 18 5 3 16 10 24 0 15 21 22 11 9 14 4 12 8 7 19 20 
13 23 17 2 6 1 18 5 3 16 10 24 0 15 21 22 11 9 14 4 12 8 7 19 20 
1 18 5 3 16 10 24 0 15 21 22 11 9 14 4 12 8 7 20 19 13 23 17 2 6 
24 0 15 21 22 11 9 14 4 12 8 7 20 19 13 23 17 2 6 1 18 5 3 16 10 
18 5 3 16 10 24 0 15 21 22 11 9 14 4 12 8 7 19 20 13 23 17 2 6 1 
18 5 3 16 10 24 0 15 21 22 11 9 14 4 12 8 7 19 20 13 23 17 2 6 1 
13 23 17 2 6 1 18 5 16 10 24 0 15 21 22 11 9 14 4 12 3 8 7 20 19 
12 8 7 20 19 13 23 17 2 6 1 18 5 3 16 10 24 0 15 21 22 11 9 14 4 
7 20 19 13 23 17 2 6 18 1 5 3 16 10 24 0 15 21 22 11 9 14 4 12 8 
1 18 5 3 16 10 24 0 15 21 22 11 9 14 4 12 8 7 20 19 13 23 17 2 6 
12 8 7 20 19 13 23 17 2 6 1 18 5 3 16 10 24 0 15 21 22 11 9 14 4 
12 8 7 20 19 13 23 17 2 6 1 18 5 3 16 10 24 0 15 21 22 11 9 14 4 
18 5 3 16 10 24 0 15 21 22 11 9 14 4 12 8 7 20 19 13 23 17 2 6 1 
18 5 3 16 10 24 0 15 21 22 11 9 14 4 12 8 7 20 19 13 23 17 2 6 1 
2 17 23 13 20 7 19 8 12 4 14 9 11 22 21 15 0 24 10 16 3 5 18 1 6 
7 20 19 13 23 17 2 6 1 18 5 3 16 10 24 0 15 21 22 11 9 14 4 12 8 
6 1 18 5 3 16 10 24 0 15 21 22 11 9 14 4 12 8 7 19 20 13 23 17 2 
6 1 18 5 3 16 10 24 0 15 21 22 11 9 14 4 12 8 7 19 20 13 23 17 2 
13 23 17 2 6 1 18 5 3 16 10 24 0 15 21 22 11 9 14 4 12 8 20 7 19 
21 22 11 9 14 4 12 8 7 20 19 13 23 17 2 6 1 18 5 3 16 10 24 0 15 
23 13 20 19 7 8 12 4 14 9 11 22 21 15 0 24 10 16 3 5 18 1 6 17 2 
8 7 20 19 13 23 17 2 6 1 18 5 3 16 10 24 0 15 21 22 11 9 14 4 12 
14 4 12 8 7 20 19 13 23 17 2 6 1 18 5 3 16 10 24 0 15 21 22 11 9 
14 4 12 8 7 20 19 13 23 17 2 6 1 18 5 3 16 10 24 0 15 21 22 11 9 
17 2 6 18 1 5 3 16 10 24 0 15 21 22 11 9 14 4 12 8 7 20 19 13 23 
21 22 11 9 14 4 12 8 20 7 19 13 23 17 2 6 18 1 5 3 16 10 24 0 15 
23 13 17 2 6 1 18 5 3 16 10 24 0 15 21 22 11 9 14 4 12 8 7 20 19 
8 7 20 19 13 23 17 2 6 1 18 5 3 16 10 24 0 15 21 22 11 9 14 4 12 
13 23 17 2 6 18 1 5 3 16 10 24 0 15 21 22 11 9 14 4 12 8 7 20 19 
6 1 18 5 3 16 10 24 0 15 21 22 11 9 14 4 12 8 7 19 20 13 23 17 2 
6 1 18 5 3 16 10 24 0 15 21 22 11 9 14 4 12 8 7 19 20 13 23 17 2 
3 16 10 24 0 15 21 22 11 9 14 4 12 8 7 20 19 13 23 17 2 6 1 18 5 
3 16 10 24 0 15 21 22 11 9 14 4 12 8 7 20 19 13 23 17 2 6 1 18 5 
3 16 10 24 0 15 21 22 11 9 14 4 12 8 7 20 19 13 23 17 2 6 1 18 5 
3 16 10 24 0 15 21 22 11 9 14 4 12 8 7 20 19 13 23 17 2 6 1 18 5 
1 18 5 3 16 10 24 0 15 21 22 11 9 14 4 12 8 7 20 19 13 23 17 2 6 
8 7 20 19 13 23 17 2 6 1 18 5 3 16 10 24 0 15 21 22 11 9 14 4 12 
1 18 5 3 16 10 24 0 15 21 22 11 9 14 4 12 8 7 20 19 13 23 17 2 6 
0 15 21 22 11 9 14 4 12 8 7 20 19 13 23 17 2 6 1 18 5 3 16 10 24 
0 15 21 22 11 9 14 4 12 8 7 20 19 13 23 17 2 6 1 18 5 3 16 10 24 
19 7 20 13 23 17 2 6 1 18 5 3 16 10 24 0 15 21 22 11 9 14 4 12 8 
21 22 11 9 14 4 12 8 7 20 19 13 23 17 2 6 1 18 5 3 16 10 24 0 15 
7 20 19 13 23 17 2 6 1 18 5 3 16 10 24 0 15 21 22 11 9 14 4 12 8 
3 16 10 24 0 15 21 22 11 9 14 4 12 8 7 20 19 13 23 17 2 6 1 18 5 
3 16 10 24 0 15 21 22 11 9 14 4 12 8 7 20 19 13 23 17 2 6 1 18 5 
12 8 7 20 19 13 23 17 2 6 1 18 5 3 16 10 24 0 15 21 22 11 9 14 4 
19 20 7 13 23 17 2 6 1 18 5 3 16 10 24 0 15 21 22 11 9 14 4 12 8 
7 20 19 13 23 17 2 6 1 18 5 3 16 10 24 0 15 21 22 11 9 14 4 12 8 
18 5 3 16 10 24 0 15 21 22 11 9 14 4 12 8 7 20 19 13 23 17 2 6 1 
12 8 7 20 19 13 23 17 2 6 1 18 5 3 16 10 24 0 15 21 22 11 9 14 4 
7 20 19 13 23 17 2 6 1 18 5 3 16 10 24 0 15 21 22 11 9 14 4 12 8 
23 13 17 2 6 1 18 5 3 16 10 24 0 15 21 22 11 9 14 4 12 8 20 7 19 
7 20 19 23 13 17 2 6 1 18 5 3 16 10 24 0 15 21 22 11 9 14 4 12 8 
16 10 24 0 15 21 22 11 9 14 4 12 8 7 20 19 13 23 17 2 6 1 18 5 3 
16 10 24 0 15 21 22 11 9 14 4 12 8 7 20 19 13 23 17 2 6 1 18 5 3 
3 16 10 24 0 15 21 22 11 9 14 4 12 8 7 20 19 13 23 17 2 6 1 18 5 
12 8 7 20 19 13 23 17 2 6 1 18 5 3 16 10 24 0 15 21 22 11 9 14 4 
16 10 24 0 15 21 22 11 9 14 4 12 8 7 20 19 13 23 17 2 6 1 18 5 3 
21 22 11 9 14 4 12 8 7 20 19 13 23 17 2 6 1 18 5 3 16 10 24 0 15 
7 20 19 13 23 17 2 6 1 18 5 3 16 10 24 0 15 21 22 11 9 14 4 12 8 
24 0 15 21 22 11 9 14 4 12 8 20 7 19 13 23 17 2 6 1 18 5 3 16 10 
12 8 20 7 19 13 23 17 2 6 1 18 5 3 16 10 24 0 15 21 22 11 9 14 4 
7 20 19 13 23 17 2 6 1 18 5 3 16 10 24 0 15 21 22 11 9 14 4 12 8 
20 7 19 13 23 17 2 6 1 18 5 3 16 10 24 0 15 21 22 11 9 14 4 12 8 
21 22 11 9 14 4 12 8 7 20 19 13 23 17 2 6 1 18 5 3 16 10 24 0 15 
23 17 2 6 1 18 5 3 16 10 24 0 15 21 22 11 9 14 4 12 8 7 20 19 13 
7 20 19 13 23 17 2 6 1 18 5 3 16 10 24 0 15 21 22 11 9 14 4 12 8 
1 18 5 3 16 10 24 0 15 21 22 11 9 14 4 12 8 7 19 20 13 23 17 2 6 
3 16 10 24 0 15 21 22 11 9 14 4 12 8 7 20 19 13 23 17 2 6 1 18 5 
3 16 10 24 0 15 21 22 11 9 14 4 12 8 20 7 19 13 23 17 2 6 1 18 5 
18 5 3 16 10 24 0 15 21 22 11 9 14 4 12 8 20 7 19 13 23 17 2 6 1 
19 13 23 17 2 6 1 18 5 3 16 10 24 0 15 21 22 11 9 14 4 12 8 20 7 
15 21 22 11 9 14 4 12 8 7 20 19 13 23 17 2 6 1 18 5 3 16 10 24 0 
7 20 19 13 23 17 2 6 1 18 5 3 16 10 24 0 15 21 22 11 9 14 4 12 8 
7 20 19 13 23 17 2 6 1 18 5 3 16 10 24 0 15 21 22 11 9 14 4 12 8 
20 7 19 13 23 17 2 6 1 18 5 3 16 10 24 0 15 21 22 11 9 14 4 12 8 
7 20 19 13 23 17 2 6 1 18 5 3 16 10 24 0 15 21 22 11 9 14 4 12 8 
9 14 4 12 8 7 20 19 13 23 17 2 6 1 18 5 3 16 10 24 0 15 21 22 11 
8 7 20 19 13 23 17 2 6 1 18 5 3 16 10 24 0 15 21 22 11 9 14 4 12 
12 8 7 20 19 13 23 17 2 6 1 18 5 3 16 10 24 0 15 21 22 11 9 14 4 
9 14 4 12 8 7 20 19 13 23 17 2 6 1 18 5 3 16 10 24 0 15 21 22 11 
16 10 24 0 15 21 22 11 9 14 4 12 8 7 20 19 13 23 17 2 6 1 18 5 3 
3 16 10 24 0 15 21 22 11 9 14 4 12 8 7 19 20 13 23 17 2 6 1 18 5 
21 22 11 9 14 4 12 8 7 20 19 13 23 17 2 6 1 18 5 3 16 10 24 0 15 
6 1 18 5 3 16 10 24 0 15 21 22 11 9 14 4 12 8 7 20 19 13 23 17 2 
10 24 0 15 21 22 11 9 14 4 12 8 7 20 19 13 23 17 2 6 1 18 5 3 16 
21 22 11 9 14 4 12 8 7 19 20 13 23 17 2 6 1 18 5 3 16 10 24 0 15 
21 22 11 9 14 4 12 8 7 19 20 13 23 17 2 6 1 18 5 3 16 10 24 0 15 
16 10 24 0 15 21 22 11 9 14 4 12 8 7 20 19 13 23 17 2 6 1 18 5 3 
16 10 24 0 15 21 22 11 9 14 4 12 8 7 20 19 13 23 17 2 6 18 1 5 3 
1 18 5 3 16 10 24 0 15 21 22 11 9 14 4 12 8 7 19 20 13 23 17 2 6 
