4 60 26 69 79 37 43 53 21 41 76 66 70 47 49 35 15 19 38 34 24 61 30 1 25 6 75 16 59 17 45 40 68 71 57 50 52 58 8 42 9 74 63 64 39 12 67 32 27 10 33 51 13 48 77 23 62 7 44 29 5 78 56 72 55 0 54 14 46 28 73 2 20 65 18 36 31 11 3 22 
19 38 34 24 61 30 1 66 76 41 21 53 43 37 79 29 5 78 55 56 72 0 54 14 46 28 73 2 20 65 18 36 31 11 3 22 60 4 77 23 33 10 27 32 67 12 39 64 9 74 63 62 69 26 48 13 51 42 8 58 52 57 50 71 68 40 7 44 45 17 59 16 75 6 25 70 47 49 35 15 
30 1 25 6 75 16 59 17 45 44 40 7 68 71 57 50 52 58 8 42 9 74 63 62 69 26 60 4 77 23 33 10 67 32 27 12 39 64 51 13 48 22 3 11 72 0 54 14 46 28 73 2 20 65 18 36 31 56 55 78 5 29 79 37 43 53 21 41 70 66 76 47 49 35 15 19 38 34 24 61 
66 76 70 47 49 35 15 19 38 34 24 61 30 1 25 6 75 16 59 17 45 44 40 7 68 71 57 50 52 58 8 42 9 64 39 12 10 33 51 13 48 60 26 69 43 37 79 56 55 72 0 54 14 46 28 73 2 20 65 18 36 31 3 11 22 4 77 23 27 32 67 63 74 62 53 21 41 29 5 78 
35 15 19 38 34 24 61 30 1 25 6 75 16 59 17 45 68 40 7 53 43 37 79 29 5 78 55 56 72 0 54 14 46 28 73 2 20 65 18 36 31 11 3 22 4 60 26 69 62 63 74 9 64 39 12 67 32 27 10 33 23 77 48 13 51 42 8 58 52 57 50 71 44 76 66 70 41 21 47 49 
66 76 70 47 49 35 15 19 38 34 24 61 30 1 25 6 75 16 59 17 45 44 40 7 68 71 50 57 52 58 42 8 74 63 9 64 39 12 67 32 27 10 33 23 77 4 60 26 69 37 79 29 78 5 56 55 72 0 54 14 46 28 73 2 20 65 18 36 31 3 11 22 48 13 51 62 43 53 21 41 
11 3 22 4 60 26 69 79 37 43 53 21 41 70 47 49 35 15 19 38 34 24 61 30 1 25 6 75 16 59 45 17 71 57 50 52 58 8 42 9 74 63 64 39 12 67 32 27 33 10 51 13 48 77 23 62 7 40 68 44 76 66 29 5 78 14 46 28 73 2 20 65 18 36 31 72 0 54 55 56 
46 14 54 0 55 56 72 2 73 28 20 65 18 36 31 11 3 22 4 60 26 69 62 7 40 68 71 57 50 52 58 8 42 9 74 63 64 39 12 67 32 27 10 33 13 51 48 77 23 79 37 43 53 21 41 70 66 76 44 45 17 59 16 75 6 25 30 1 24 61 38 34 19 15 35 49 47 29 5 78 
11 3 22 77 23 33 10 27 32 67 39 12 51 13 48 4 60 26 69 37 79 43 53 21 41 70 47 49 35 15 19 38 34 24 61 30 1 25 6 75 16 59 45 17 71 57 50 52 58 8 42 9 74 63 64 62 7 68 40 44 76 66 29 5 78 54 14 46 28 73 2 0 55 56 72 20 65 18 36 31 
28 73 20 65 18 36 31 11 3 22 4 60 26 69 37 79 29 5 78 49 35 15 19 38 34 24 61 30 1 25 6 75 16 59 17 45 44 7 40 68 71 50 57 52 58 8 42 9 74 63 64 39 12 67 32 27 10 33 13 51 48 77 23 62 43 53 21 41 70 66 76 47 56 55 0 2 72 54 14 46 
12 39 64 9 42 8 74 63 62 43 21 41 70 47 49 35 15 19 38 34 24 61 30 1 25 6 75 16 59 17 45 44 40 68 71 57 50 52 58 7 53 76 66 29 5 78 55 56 72 0 54 14 46 28 73 2 20 65 18 36 31 11 3 22 4 60 26 69 37 79 48 77 23 51 13 33 10 27 32 67 
4 60 26 69 79 37 43 53 21 41 76 66 70 47 49 35 15 19 38 34 24 61 30 1 25 6 75 16 59 17 45 40 68 71 57 50 52 58 8 42 9 74 63 64 39 12 67 32 27 10 33 51 13 48 77 23 62 7 44 29 5 78 56 72 55 0 54 14 46 28 73 2 20 65 18 36 31 11 3 22 
0 72 55 56 78 5 29 41 21 53 43 37 79 69 26 60 4 77 23 33 10 27 32 67 12 39 64 9 63 74 8 42 58 52 57 50 71 17 45 59 16 75 6 25 1 30 61 24 38 34 19 15 35 49 47 70 66 76 44 40 68 7 62 51 13 48 22 3 11 2 20 65 18 36 31 73 28 14 46 54 
33 10 12 39 64 9 74 8 42 58 52 57 50 71 68 44 40 7 53 21 41 70 66 76 59 17 45 16 75 6 25 1 30 24 61 38 34 19 15 35 49 47 29 5 78 56 55 72 0 54 14 46 28 73 2 20 65 18 36 31 11 3 22 4 60 26 69 37 79 43 62 63 51 13 48 77 23 27 32 67 
28 73 2 20 65 18 36 31 11 3 22 4 60 26 69 37 79 43 53 21 41 70 47 49 35 15 19 38 34 24 61 30 1 25 6 75 16 59 17 45 44 40 68 71 50 57 52 58 8 42 9 74 63 51 13 48 77 23 33 10 27 32 67 12 39 64 62 7 76 66 29 5 78 56 55 0 72 14 46 54 
2 20 65 18 36 31 11 3 22 4 60 26 69 37 79 43 53 21 41 70 47 49 35 15 19 38 34 24 61 30 1 25 6 75 16 59 17 45 40 68 71 57 50 52 58 8 42 9 64 39 12 51 13 48 77 23 33 10 27 32 67 63 74 62 7 44 76 66 29 5 78 54 14 46 28 73 0 72 55 56 
5 78 56 55 0 54 14 46 28 73 2 20 65 18 36 31 22 3 11 72 79 37 43 53 21 41 70 47 49 35 15 19 38 34 24 61 30 1 25 6 75 16 59 45 17 71 57 50 52 58 8 42 9 74 63 64 39 12 67 32 27 10 33 51 13 48 77 23 4 60 26 69 62 7 40 68 44 76 66 29 
66 76 70 41 21 53 43 37 79 69 26 60 4 48 13 51 33 10 12 39 64 9 74 8 42 58 52 57 50 71 17 59 16 75 6 25 1 30 61 24 34 38 19 15 35 49 47 29 5 78 55 56 72 0 54 14 46 73 28 2 20 65 18 36 31 11 3 22 77 23 27 32 67 63 62 7 40 68 45 44 
10 33 23 77 13 51 12 39 64 9 42 8 74 63 62 7 40 68 71 57 50 52 58 44 45 17 59 16 75 6 25 30 1 61 24 38 34 19 15 35 49 47 70 66 76 41 21 53 43 37 79 29 5 78 56 55 0 72 54 14 46 28 73 2 20 65 18 36 31 11 3 22 4 60 26 69 48 67 32 27 
34 19 15 35 49 47 29 5 78 56 72 55 0 54 14 46 28 73 2 20 65 18 36 31 11 3 22 4 60 26 69 37 79 43 53 21 41 70 76 66 25 6 75 16 59 17 45 40 7 62 63 74 64 39 12 67 32 27 10 33 23 77 48 13 51 9 8 42 58 52 57 50 71 68 44 1 30 61 24 38 
61 38 34 19 15 35 49 47 70 76 66 25 6 75 16 59 17 45 44 40 7 68 71 50 57 52 58 8 42 9 74 63 64 39 12 67 32 27 33 10 51 13 48 4 60 26 69 37 79 56 55 72 0 54 14 46 28 73 2 20 65 18 36 31 3 11 22 77 23 62 43 53 21 41 29 5 78 1 30 24 
65 18 36 31 11 3 22 4 60 26 69 37 79 43 53 21 41 70 47 49 35 15 19 38 34 24 61 30 1 25 6 75 16 59 17 45 44 40 7 68 71 50 57 52 58 8 42 9 74 63 64 39 12 67 32 27 10 33 23 77 48 13 51 62 76 66 29 5 78 55 56 72 0 54 14 46 28 73 20 2 
56 55 0 54 14 46 28 73 2 20 65 18 36 31 11 3 22 4 60 26 69 79 37 43 53 21 41 70 47 49 35 15 19 38 34 24 61 30 1 25 6 75 16 59 17 45 71 50 57 52 58 8 42 9 74 63 64 39 12 67 32 27 10 33 13 51 77 23 48 62 7 40 68 44 76 66 29 5 78 72 
44 45 17 59 16 75 6 25 1 30 24 61 38 34 19 15 35 49 47 70 41 21 53 43 37 79 29 5 78 56 55 0 72 11 3 22 4 60 26 69 62 7 40 68 71 57 50 52 58 8 42 9 74 63 64 39 12 67 32 27 10 33 51 13 48 23 77 31 36 18 65 20 2 73 28 14 54 46 66 76 
53 21 41 70 76 66 29 5 78 47 49 35 15 19 38 34 24 61 30 1 25 6 75 16 59 17 45 44 40 7 68 71 50 57 52 58 8 42 74 63 51 13 48 60 26 69 43 37 79 56 55 0 54 14 46 28 73 2 20 65 18 36 31 11 72 3 22 4 77 23 33 10 27 32 67 12 39 64 9 62 
60 26 69 37 79 29 5 78 47 49 35 15 19 38 34 24 61 30 1 25 6 75 16 59 17 45 44 53 21 41 70 66 76 43 62 7 40 68 71 57 50 52 58 8 42 9 74 63 64 39 12 67 32 27 10 33 51 13 48 77 23 4 22 3 11 72 0 55 56 54 14 46 28 73 2 20 65 18 36 31 
49 35 15 19 38 34 24 61 30 1 25 6 75 16 59 45 17 71 50 57 52 58 8 42 9 64 39 12 67 32 27 10 33 51 48 60 26 69 37 79 43 53 21 41 70 47 29 5 78 56 72 0 55 54 14 46 28 73 2 20 65 18 36 31 11 3 22 4 77 23 13 63 74 62 7 40 68 44 76 66 
43 53 21 41 70 47 49 35 15 19 38 34 24 61 30 1 25 6 75 16 59 17 45 44 40 7 68 71 57 50 52 58 8 42 9 64 39 12 67 32 27 10 33 23 77 48 13 51 62 63 74 76 66 29 5 78 56 55 72 0 54 14 46 28 73 2 20 65 18 36 31 11 3 22 4 60 26 69 37 79 
67 10 12 39 64 9 74 63 8 42 58 52 57 50 71 17 59 45 68 40 7 44 53 21 41 70 47 49 35 15 19 38 34 24 61 30 1 25 6 75 16 76 66 29 5 78 55 56 72 0 54 14 46 28 73 2 20 65 18 36 31 11 3 22 4 60 26 69 43 37 79 62 51 13 48 77 23 33 27 32 
68 40 44 53 21 41 76 66 70 47 49 35 15 19 38 34 24 61 30 1 25 6 75 16 59 17 45 71 57 50 52 58 42 8 74 9 64 39 12 67 32 27 10 33 51 13 48 4 60 26 69 43 37 79 29 5 78 56 55 0 54 14 46 28 73 2 20 65 18 36 31 72 11 3 22 77 23 63 62 7 
58 52 57 50 71 68 40 7 44 53 21 41 70 47 49 35 15 19 38 34 24 61 30 1 25 6 75 16 59 17 45 76 66 29 5 78 56 55 72 0 54 14 46 28 73 2 20 65 18 36 31 11 3 22 4 60 26 69 37 79 43 62 63 74 8 42 9 64 39 12 10 33 51 13 48 77 23 27 32 67 
4 60 26 69 79 37 43 53 21 41 76 66 70 47 49 35 15 19 38 34 24 61 30 1 25 6 75 16 59 17 45 40 68 71 57 50 52 58 8 42 9 74 63 64 39 12 67 32 27 10 33 51 13 48 77 23 62 7 44 29 5 78 56 72 55 0 54 14 46 28 73 2 20 65 18 36 31 11 3 22 
20 65 18 36 31 11 3 22 4 60 26 69 37 79 29 21 41 70 47 49 35 15 19 38 34 24 61 30 1 25 6 75 16 59 17 45 44 40 7 68 71 57 50 52 58 8 42 9 64 39 12 67 32 27 10 33 23 77 48 13 51 63 74 62 43 53 76 66 78 5 56 55 0 54 14 46 28 73 72 2 
20 65 18 36 31 3 22 4 60 26 69 37 79 43 53 21 41 70 47 49 35 15 19 38 34 24 61 30 1 25 6 75 16 59 17 71 50 57 52 58 8 42 9 74 63 64 39 12 67 32 27 10 33 23 77 48 13 51 62 7 40 68 45 44 76 66 29 5 78 55 0 54 14 46 28 73 2 72 56 11 
78 5 29 41 76 66 70 47 49 35 15 19 38 34 24 61 30 1 25 6 75 16 59 17 45 44 40 7 68 71 57 50 52 58 8 42 9 74 64 39 12 67 32 27 10 33 51 13 48 60 26 69 37 79 56 55 72 0 54 14 46 28 73 2 20 65 18 36 31 11 3 22 4 77 23 63 62 43 53 21 
47 49 35 15 19 38 34 24 61 30 1 25 6 75 16 59 45 17 71 57 50 52 58 8 42 9 74 63 64 39 12 67 32 27 10 33 23 77 4 60 26 69 37 79 21 41 70 29 5 78 55 56 72 0 54 14 46 28 73 2 20 65 18 36 31 11 3 22 48 13 51 62 43 53 44 40 68 7 76 66 
54 0 55 56 72 2 73 28 20 65 18 36 31 3 11 22 4 60 26 69 37 79 43 53 21 41 70 47 49 35 15 19 38 34 24 61 30 1 66 76 25 6 75 16 59 17 45 44 40 68 71 57 50 52 58 8 42 9 64 39 12 67 32 27 10 33 23 77 48 13 51 63 74 62 7 29 5 78 46 14 
4 60 26 69 37 79 43 21 53 44 45 17 59 16 75 6 25 1 30 24 61 38 34 19 15 35 49 66 70 76 41 29 5 78 47 56 0 72 55 54 14 46 28 73 2 20 65 18 36 31 11 3 22 77 23 33 10 27 32 67 12 39 64 63 74 9 42 8 58 52 57 50 71 68 40 7 62 51 13 48 
67 32 27 33 10 12 39 64 9 74 8 42 58 52 57 50 71 68 40 7 44 53 21 41 70 47 49 35 15 19 38 34 24 61 30 1 25 6 75 16 59 17 45 76 66 29 5 78 56 55 0 54 14 46 28 73 72 2 20 65 18 36 31 11 3 22 4 60 26 69 37 79 43 62 63 51 13 48 77 23 
31 36 18 65 20 73 28 2 72 0 55 54 14 46 35 49 47 70 66 76 44 45 17 71 50 57 52 58 8 42 9 74 63 64 39 12 67 32 27 10 33 23 77 48 13 51 62 7 40 68 59 16 75 6 25 1 30 61 24 38 34 19 15 78 5 29 41 21 53 43 37 79 56 69 26 60 4 22 3 11 
76 66 70 47 49 35 15 19 38 34 24 61 30 1 25 6 75 16 59 17 45 44 40 7 68 71 57 50 52 58 8 42 9 74 63 64 39 12 10 27 32 67 51 13 48 60 26 69 37 79 56 55 72 0 54 14 46 28 73 2 20 65 18 36 31 11 3 22 4 77 23 33 62 43 53 21 41 29 5 78 
47 49 35 15 19 38 34 24 61 30 1 25 6 75 16 59 17 45 44 40 7 68 71 57 50 52 58 8 42 9 64 63 74 62 69 26 60 4 48 13 51 39 12 67 32 27 10 33 23 77 22 3 11 72 0 55 54 14 46 28 73 20 65 18 36 31 2 56 5 29 78 79 37 43 53 21 41 70 76 66 
34 38 24 61 30 1 25 6 75 16 59 17 71 57 50 52 58 8 42 9 74 63 64 39 12 67 32 27 10 33 23 77 4 60 26 69 37 79 56 55 0 72 54 14 28 73 2 20 65 18 36 31 11 3 22 48 13 51 62 7 68 40 44 45 76 66 70 41 21 53 43 29 5 78 47 49 35 15 19 46 
65 18 36 31 3 11 22 60 4 77 48 26 69 37 79 29 5 78 47 49 35 15 19 38 34 24 61 30 1 25 6 75 16 59 17 45 44 40 7 68 71 50 57 52 58 8 42 9 74 63 64 39 12 67 32 27 10 33 23 13 51 62 43 53 21 41 70 76 66 46 14 54 0 55 56 72 2 20 73 28 
34 38 24 61 30 1 25 6 75 16 59 17 45 44 40 7 62 43 37 79 29 5 78 55 56 72 0 54 14 46 28 73 2 20 65 18 36 31 11 3 22 4 60 26 69 48 77 23 33 10 51 13 27 32 67 12 39 64 9 74 63 8 42 58 52 57 50 71 68 53 21 41 70 66 76 47 49 35 15 19 
70 41 21 53 43 37 79 69 26 60 4 22 3 11 31 36 18 65 20 2 73 28 46 14 54 0 55 56 72 29 5 78 47 49 35 15 19 38 34 24 61 30 1 25 6 75 16 59 17 45 44 40 68 71 57 50 52 58 8 42 9 74 63 64 39 12 67 32 27 10 33 51 13 48 23 77 62 7 76 66 
55 56 2 72 0 54 14 46 28 73 20 65 18 36 31 11 3 22 4 60 26 69 37 79 29 5 78 47 49 35 15 19 38 34 24 61 30 1 25 6 75 16 59 17 45 44 40 7 68 71 57 50 52 58 8 42 9 64 39 12 67 32 27 10 33 23 77 48 13 51 63 74 62 43 53 21 41 70 76 66 
47 49 35 15 19 38 34 24 61 30 1 25 6 75 16 59 17 45 44 40 7 68 71 57 50 52 58 8 42 9 74 63 64 39 12 67 32 27 10 33 23 77 4 60 26 69 37 79 29 5 78 55 56 72 0 54 14 46 28 73 2 20 65 18 36 31 3 11 22 48 13 51 62 43 53 21 41 70 76 66 
30 1 25 6 75 16 59 45 17 71 57 50 52 58 42 8 74 9 63 64 39 12 67 32 27 10 33 51 13 48 77 23 26 60 4 22 3 11 72 56 55 0 54 28 73 20 65 18 36 31 2 14 46 78 5 29 41 21 53 43 37 79 69 62 7 68 40 44 76 66 70 47 49 35 15 19 38 34 24 61 
72 55 0 54 14 46 28 73 2 20 65 18 36 31 3 11 22 4 60 26 69 37 79 5 78 47 49 35 15 19 38 34 24 61 30 1 25 6 75 16 59 17 45 40 68 71 57 50 52 58 8 42 9 74 63 64 39 12 67 32 27 10 33 23 77 13 51 48 62 7 44 53 43 21 41 70 66 76 29 56 
76 66 70 47 49 35 15 19 38 34 24 61 30 1 25 6 75 16 59 17 45 44 40 7 68 71 57 50 52 58 8 42 9 74 63 64 39 12 10 33 51 13 48 77 23 27 32 67 62 43 37 79 69 26 60 4 22 3 11 72 2 0 54 14 46 28 73 20 65 18 36 31 56 55 78 5 29 41 21 53 
29 47 49 35 15 19 38 34 24 61 30 1 25 6 75 16 59 17 45 44 40 68 71 50 57 52 58 8 42 9 64 39 12 67 32 27 10 33 23 77 4 60 26 69 43 37 79 56 72 55 0 54 14 46 28 73 2 20 65 18 36 31 11 3 22 48 13 51 63 74 62 7 53 21 41 70 76 66 78 5 
23 77 48 13 51 10 33 27 32 67 12 39 64 9 74 63 62 8 42 58 52 57 50 71 68 40 7 44 53 21 41 29 5 78 47 35 49 15 19 38 34 24 61 30 1 25 6 75 16 59 17 45 76 66 70 79 37 43 69 26 60 4 22 3 11 72 0 55 56 54 14 46 28 73 2 20 65 18 36 31 
48 13 51 10 33 27 32 67 12 39 64 63 74 9 42 8 58 52 57 50 71 68 40 7 62 43 53 21 41 47 49 35 15 19 38 34 24 61 30 1 25 6 75 16 59 17 45 44 76 66 70 29 5 78 55 72 0 54 14 46 28 73 2 20 65 18 36 31 3 22 4 60 26 69 37 79 56 11 77 23 
1 30 24 61 38 34 19 15 35 49 47 70 76 66 25 6 75 16 59 17 45 44 40 68 71 57 50 52 58 8 42 9 74 63 64 39 12 67 32 27 10 33 23 77 4 60 26 69 43 37 79 29 5 78 56 55 0 2 72 54 14 46 28 73 20 65 18 36 31 11 3 22 48 13 51 62 7 53 21 41 
76 70 47 49 35 15 19 38 34 24 61 30 1 25 6 75 16 59 17 45 44 40 7 68 71 50 57 52 58 8 42 9 64 39 12 67 32 27 10 33 51 13 48 60 26 69 37 79 29 5 78 55 56 72 0 54 14 46 73 28 2 20 65 18 36 31 11 3 22 4 77 23 63 74 62 53 43 21 41 66 
57 50 71 68 40 7 44 45 17 59 16 75 6 25 66 76 70 41 21 53 43 37 79 56 78 5 29 47 49 35 15 19 38 34 24 61 30 1 46 14 54 0 55 72 2 73 28 20 65 18 36 31 11 3 22 4 60 26 69 48 77 23 13 51 10 33 27 32 67 12 39 64 9 74 63 62 8 42 58 52 
64 9 74 8 42 58 52 57 50 71 68 40 7 53 21 41 29 47 49 35 15 19 38 34 24 61 30 1 25 6 75 16 59 17 45 44 76 66 70 5 78 56 72 0 55 54 14 46 28 73 2 20 65 18 36 31 11 3 22 4 60 26 69 37 79 43 62 63 51 33 10 12 67 32 27 23 77 48 13 39 
48 13 51 10 33 27 32 67 12 39 64 63 74 9 42 8 58 52 57 50 71 17 59 16 75 6 25 30 1 24 61 38 34 19 15 35 49 47 29 5 78 54 14 46 28 73 20 65 18 36 31 3 11 72 2 0 55 56 79 37 43 53 21 41 70 76 66 44 7 40 68 45 62 69 26 60 4 22 77 23 
74 63 64 9 42 8 58 52 57 50 71 68 7 40 44 45 17 59 16 75 6 25 66 76 70 47 49 35 15 19 38 34 24 61 30 1 46 14 54 0 72 55 56 5 78 29 41 21 53 43 37 79 69 26 60 4 22 3 11 2 73 28 20 65 18 36 31 77 23 33 10 27 32 67 12 39 51 13 48 62 
76 66 70 47 49 35 15 19 38 34 24 61 30 1 25 6 75 16 59 17 45 44 40 7 68 71 57 50 52 58 8 42 9 74 63 64 39 12 67 32 27 10 33 23 77 4 60 26 69 37 79 29 5 78 56 55 72 0 54 14 46 28 73 2 20 65 18 36 31 3 22 11 48 51 13 62 43 53 21 41 
77 23 33 13 51 10 27 32 67 12 39 64 9 74 63 8 42 58 52 71 57 50 17 59 45 44 40 68 7 62 69 26 60 4 22 3 11 72 0 55 54 14 46 28 73 20 65 18 36 31 2 56 78 5 29 47 49 35 15 19 38 34 24 61 30 1 25 6 75 16 76 66 70 41 21 53 43 37 79 48 
11 3 22 60 4 26 69 79 37 43 53 44 40 68 7 62 74 9 64 39 12 67 32 27 10 33 23 77 48 13 51 63 8 42 58 52 57 50 71 17 45 59 16 75 6 25 66 76 70 41 21 29 5 78 35 15 19 38 34 24 61 30 1 49 47 56 55 0 54 14 46 28 73 2 20 65 18 36 31 72 
70 47 49 35 15 19 38 34 24 61 30 1 25 6 75 16 59 17 45 44 40 7 68 71 57 50 52 58 8 42 9 64 39 12 51 13 48 60 26 69 37 79 29 5 78 54 0 72 55 56 14 46 28 73 2 20 65 18 36 31 11 3 22 4 77 23 33 10 27 67 32 63 74 62 43 53 21 41 76 66 
61 30 1 25 6 75 16 59 17 45 40 68 71 50 57 52 58 8 42 9 74 63 64 39 12 67 32 27 10 33 13 51 48 77 23 4 60 26 69 43 53 21 41 70 66 76 44 7 62 37 79 56 55 54 14 46 28 73 2 20 65 18 36 31 3 22 11 72 0 78 5 29 47 49 35 15 19 38 34 24 
0 55 54 14 46 20 65 18 36 31 11 3 22 4 60 26 69 37 79 5 29 47 49 35 15 19 38 34 24 61 30 1 25 6 75 16 59 17 45 44 40 7 68 71 57 50 52 58 8 42 9 74 63 64 39 12 67 32 27 10 33 23 77 48 13 51 62 43 53 21 41 70 76 66 78 56 72 2 73 28 
31 11 3 22 4 60 26 69 37 79 5 29 47 49 35 15 19 38 34 24 61 30 1 25 6 75 16 59 17 45 44 7 40 68 71 50 57 52 58 8 42 9 64 63 74 39 12 67 32 27 10 33 23 77 48 13 51 62 43 53 41 21 76 66 70 78 56 72 0 55 54 14 46 28 73 2 20 65 18 36 
54 0 55 72 56 29 5 78 47 49 35 15 19 38 34 24 61 30 1 25 6 75 16 59 45 17 68 40 44 53 21 41 70 66 76 71 50 57 52 58 8 42 9 64 39 12 67 32 27 10 33 23 77 48 13 51 63 74 62 7 43 37 79 69 26 60 4 22 3 11 31 36 18 65 20 2 73 28 14 46 
61 30 1 25 6 75 16 59 17 45 44 40 7 68 71 57 50 52 58 8 42 9 74 63 64 39 12 67 32 27 10 33 51 13 48 4 60 26 69 37 79 56 72 0 54 14 46 28 73 2 20 65 18 36 31 77 23 22 3 11 55 78 5 29 41 21 53 43 62 76 66 70 47 49 35 15 19 38 34 24 
4 60 26 69 79 37 43 53 21 41 76 66 70 47 49 35 15 19 38 34 24 61 30 1 25 6 75 16 59 17 45 40 68 71 57 50 52 58 8 42 9 74 63 64 39 12 67 32 27 10 33 51 13 48 77 23 62 7 44 29 5 78 56 72 55 0 54 14 46 28 73 2 20 65 18 36 31 11 3 22 
22 3 11 72 0 55 56 78 5 29 79 37 43 53 21 41 70 47 49 35 15 19 38 34 24 61 30 1 25 6 75 16 59 17 45 68 71 57 50 52 58 8 42 9 74 63 64 39 12 67 32 27 10 33 51 13 48 77 23 4 60 26 69 62 7 40 44 76 66 46 14 54 2 28 73 20 65 18 36 31 
32 67 12 39 64 9 74 63 8 42 58 52 57 50 71 17 45 59 16 75 6 25 30 1 24 61 38 34 19 15 35 49 47 70 41 21 53 43 37 79 56 55 0 72 11 3 22 4 60 26 69 62 7 40 68 44 76 66 29 5 78 54 14 46 28 73 2 20 65 18 36 31 23 77 48 13 51 33 10 27 
2 20 65 18 36 31 11 3 22 4 60 26 69 37 79 43 53 21 41 70 47 49 35 15 19 38 34 24 61 30 1 25 6 75 16 59 17 45 40 68 71 57 50 52 58 8 42 9 64 39 12 51 13 48 77 23 33 10 27 32 67 63 74 62 7 44 76 66 29 5 78 54 14 46 28 73 0 72 55 56 
21 41 76 66 70 47 49 35 15 19 38 34 24 61 30 1 25 6 75 16 59 17 45 44 40 7 68 71 50 57 52 58 8 74 42 9 64 39 12 67 32 27 10 33 23 77 48 13 51 63 62 69 26 60 22 3 11 72 0 54 14 46 28 73 2 20 65 18 36 31 4 56 55 78 5 29 79 37 43 53 
77 23 33 10 27 32 67 12 39 64 9 74 63 8 42 58 52 57 50 71 17 45 59 16 75 6 25 1 30 61 24 38 34 19 15 35 49 47 5 29 41 21 53 43 37 79 69 26 60 4 22 3 11 72 0 54 14 46 28 73 20 65 18 36 31 2 55 56 78 70 66 76 44 40 68 7 62 51 13 48 
63 74 8 42 9 64 39 12 67 32 27 10 33 51 13 48 60 26 69 37 79 43 53 21 41 70 47 49 35 15 19 38 34 24 61 30 1 25 6 75 16 59 17 71 57 50 58 52 68 40 7 44 45 76 66 29 5 78 55 56 72 0 54 14 46 28 73 2 20 65 18 36 31 11 3 22 4 77 23 62 
26 60 4 22 3 11 72 0 55 56 5 29 47 49 35 15 19 38 34 24 61 30 1 25 6 75 16 59 17 45 44 53 21 41 70 76 66 78 54 14 46 28 73 2 20 65 18 36 31 23 77 48 13 51 10 33 27 32 67 12 39 64 9 74 8 42 58 52 57 50 71 68 40 7 62 63 43 37 79 69 
77 23 33 10 27 32 67 12 39 64 9 74 63 62 8 42 58 52 57 50 71 68 7 40 44 45 17 59 16 75 6 25 66 70 47 49 35 15 19 38 34 24 61 30 1 76 41 43 53 21 29 5 78 55 56 72 0 54 14 46 28 73 2 20 65 18 36 31 11 3 22 4 60 26 69 37 79 48 13 51 
70 76 66 1 30 61 24 38 34 19 15 35 49 47 29 5 78 56 55 72 0 54 14 46 28 73 2 20 65 18 36 31 11 3 22 4 60 26 69 37 79 43 21 53 44 40 7 68 71 57 50 52 58 8 42 9 74 63 64 39 12 67 32 27 10 33 23 77 48 13 51 62 45 17 59 16 75 6 25 41 
2 0 54 55 72 56 79 37 43 53 21 41 70 47 49 35 15 19 34 38 24 61 30 1 25 6 75 16 59 45 17 71 57 50 52 58 8 42 9 74 63 64 39 12 67 32 27 10 33 51 13 48 77 23 4 60 26 69 62 7 40 68 44 76 66 29 5 78 14 46 28 73 20 65 18 36 31 3 11 22 
47 49 35 15 19 38 34 24 61 30 1 25 6 75 16 59 45 17 71 57 50 52 58 8 42 9 64 39 63 74 62 43 37 79 56 55 0 54 14 2 72 11 3 22 4 60 26 69 48 13 51 12 67 32 27 10 33 23 77 31 36 18 65 20 73 28 46 78 5 29 41 21 53 7 40 68 44 76 66 70 
33 10 27 32 67 12 39 64 63 74 8 9 42 58 52 57 50 71 68 40 7 44 45 17 59 16 75 6 25 30 1 49 35 15 19 38 34 24 61 66 76 70 47 29 5 78 55 56 72 0 54 14 46 28 73 2 20 65 18 36 31 3 11 22 4 60 26 69 37 79 43 53 21 41 62 51 13 48 77 23 
70 47 49 35 15 19 38 34 24 61 30 1 25 6 75 16 59 17 45 40 44 50 57 71 68 7 52 58 8 42 9 74 63 64 39 12 67 32 27 10 33 23 77 48 13 51 62 69 26 60 4 22 3 11 72 0 55 54 14 46 28 73 2 20 65 18 36 31 56 5 78 29 79 37 43 53 21 41 76 66 
51 13 48 77 23 33 10 27 32 67 12 39 64 9 63 74 8 42 58 52 57 50 71 68 40 7 44 53 21 41 70 47 49 35 15 19 38 34 24 61 30 1 25 6 75 16 59 17 45 76 66 29 5 78 56 55 0 54 14 46 28 73 2 20 65 18 36 31 3 22 11 72 79 37 43 62 69 26 60 4 
70 41 21 53 43 69 26 60 4 22 3 11 72 0 54 78 5 29 47 49 35 15 19 38 34 24 61 30 1 25 6 75 16 59 17 45 44 40 7 68 71 50 57 52 58 8 42 9 74 63 64 39 12 67 32 27 10 33 51 13 48 77 23 31 36 18 65 20 2 73 28 14 46 55 56 79 37 62 76 66 
66 76 70 47 49 35 15 19 38 34 24 61 30 1 75 6 25 16 59 17 45 44 7 40 68 71 57 50 52 58 8 42 9 64 39 12 67 32 27 10 33 51 13 48 60 26 69 37 79 29 5 78 55 56 72 0 54 14 46 28 73 2 20 65 18 36 31 3 11 22 4 77 23 63 74 62 43 53 21 41 
76 66 70 47 49 35 15 19 38 34 24 61 30 1 25 6 75 16 59 17 45 44 40 7 62 43 53 21 41 29 5 78 55 56 72 0 54 14 46 28 73 2 20 65 18 36 31 11 3 22 60 26 69 37 79 48 4 77 23 33 51 13 10 27 32 67 12 39 64 63 9 74 8 42 58 52 71 57 50 68 
72 0 55 54 14 46 28 73 2 20 65 18 36 31 11 3 22 4 60 26 69 37 79 5 29 47 49 35 15 19 38 34 24 61 30 1 25 6 75 16 59 17 45 44 40 7 68 71 50 57 52 58 8 42 9 64 39 12 67 32 27 10 33 13 48 77 23 51 63 74 62 43 53 21 41 70 76 66 78 56 
46 14 54 55 0 72 2 20 65 18 36 31 11 3 22 4 60 26 69 37 79 29 5 78 47 49 35 15 19 38 34 24 61 30 1 25 6 75 16 59 17 45 44 7 40 68 71 50 57 52 58 42 8 74 9 64 39 12 67 32 27 10 33 23 77 48 13 51 63 62 43 53 21 41 70 76 66 56 73 28 
51 13 48 60 26 69 79 37 43 53 21 41 29 5 78 56 55 72 0 54 14 46 28 73 2 20 65 18 36 31 3 11 22 4 77 23 33 10 27 32 67 12 39 64 9 8 42 58 52 71 57 50 17 45 59 16 75 6 25 66 76 70 47 49 35 15 19 38 34 24 61 30 1 44 40 68 7 62 74 63 
6 75 16 59 17 45 44 40 7 68 71 57 50 52 58 8 42 9 74 63 64 39 12 10 33 67 32 27 23 77 4 60 26 69 37 79 29 5 78 55 72 56 0 54 14 46 28 73 2 20 65 18 36 31 3 11 22 48 13 51 62 43 21 53 41 70 47 49 35 15 19 38 34 24 61 30 1 66 76 25 
55 0 2 28 73 20 65 18 36 31 11 3 22 4 60 26 69 37 79 29 5 78 47 49 35 15 19 1 25 6 75 16 59 17 45 44 40 7 68 71 57 50 52 58 8 42 9 64 39 12 67 32 27 10 33 23 77 48 13 51 63 74 62 43 53 21 41 70 76 66 30 24 61 38 34 46 14 54 72 56 
56 55 72 0 54 14 46 28 73 2 20 65 18 36 31 11 3 22 4 60 26 69 37 79 21 41 70 47 49 35 15 19 34 38 24 61 30 1 25 6 75 16 59 17 45 44 7 40 68 71 50 57 52 58 8 42 9 74 63 64 39 12 67 32 27 10 33 51 13 48 77 23 62 43 53 76 66 29 5 78 
27 32 67 12 39 64 9 74 63 8 42 58 52 57 50 71 68 40 7 44 53 21 41 70 47 49 35 15 19 38 34 24 61 30 1 25 6 75 16 59 17 45 76 66 29 5 78 54 14 46 28 73 20 65 18 36 31 3 11 2 0 55 56 72 22 4 60 26 69 37 79 43 62 51 13 48 77 23 33 10 
78 5 29 79 37 43 53 21 41 76 66 70 47 49 35 15 19 38 34 24 61 30 1 25 6 75 16 59 17 45 44 7 40 68 71 57 50 52 58 8 42 9 74 63 64 39 12 67 32 27 10 33 23 77 48 60 26 69 62 51 13 4 22 3 11 72 0 54 14 46 28 73 2 20 65 18 36 31 56 55 
35 49 47 70 76 66 25 6 75 16 59 17 45 44 40 7 68 71 50 57 52 58 8 74 63 9 42 64 39 12 67 32 27 10 33 23 77 4 60 26 69 37 79 11 3 22 48 13 51 62 43 53 21 41 29 5 78 56 55 54 0 72 2 20 65 18 36 31 73 28 14 46 19 15 38 34 24 61 30 1 
69 26 60 4 22 3 11 72 55 0 54 14 46 78 5 29 66 76 70 47 49 35 15 19 38 34 24 61 30 1 25 6 75 16 59 17 45 44 40 7 68 71 57 50 52 58 8 42 9 74 63 64 39 12 67 32 27 10 33 51 13 48 77 23 31 36 18 65 20 2 73 28 56 79 37 43 53 21 41 62 
56 55 0 72 11 3 22 4 60 26 69 37 79 29 5 78 47 49 35 15 19 38 34 24 61 30 1 25 6 75 16 76 66 70 41 21 53 43 62 7 40 44 45 59 17 68 71 57 50 52 58 8 42 9 74 63 64 39 12 67 32 27 10 33 13 51 48 77 23 31 36 18 65 20 2 73 28 14 54 46 
56 0 54 14 46 28 73 2 20 65 18 36 31 11 3 22 4 60 26 69 37 79 29 5 78 47 49 35 15 19 38 34 24 61 1 30 25 6 75 16 59 17 45 44 40 7 68 71 50 57 52 58 8 42 9 74 63 64 39 12 67 32 27 10 33 23 77 48 13 51 62 43 53 21 41 70 76 66 72 55 
7 40 68 71 50 57 52 58 8 42 9 74 63 64 39 12 67 32 27 10 33 13 51 23 77 4 60 26 69 37 79 43 53 21 41 70 47 49 35 15 19 38 34 24 61 30 1 25 6 75 16 59 45 17 44 76 66 29 5 78 56 72 55 0 54 14 46 28 73 20 2 65 18 36 31 11 3 22 48 62 
