5 20 36 23 28 35 0 22 11 1 6 37 32 7 21 17 3 24 18 34 29 10 4 12 39 25 8 9 33 16 13 19 14 38 31 15 2 26 30 27 
21 8 25 33 16 9 35 0 22 7 11 1 6 37 32 36 23 28 20 5 27 30 26 15 2 31 38 14 19 13 4 12 39 10 29 34 18 24 3 17 
17 21 8 25 16 33 9 35 0 22 11 1 6 37 32 36 23 28 20 5 27 30 26 2 15 31 38 14 19 13 4 12 39 10 29 34 18 24 3 7 
33 16 9 25 39 12 4 10 29 34 18 24 3 17 21 8 7 22 0 35 28 23 11 1 6 37 32 36 20 5 27 30 26 2 15 31 38 14 19 13 
7 11 1 6 37 32 36 23 28 20 5 27 30 26 15 31 38 14 19 13 12 39 4 10 29 34 18 24 3 17 21 8 25 16 33 9 2 35 0 22 
16 33 9 25 8 21 17 39 12 4 10 29 34 18 24 3 7 6 37 32 11 1 22 0 35 28 23 36 20 5 27 30 26 15 2 31 38 14 19 13 
31 38 14 19 13 4 10 29 34 18 24 3 17 21 8 25 39 12 16 33 9 35 0 22 7 6 37 32 1 11 23 36 28 20 5 27 26 30 15 2 
15 26 30 5 27 20 36 23 28 11 1 6 37 32 7 22 0 35 9 33 16 25 8 21 17 3 24 18 34 29 10 4 12 39 13 19 14 38 31 2 
3 24 18 34 29 10 39 12 4 13 19 14 38 31 2 15 26 30 20 5 27 36 23 28 11 1 6 37 32 7 22 0 35 9 33 16 25 8 21 17 
31 2 15 26 30 5 27 20 36 23 28 11 1 6 37 32 7 22 0 35 9 25 8 21 17 3 24 18 34 29 10 4 12 39 16 33 13 19 14 38 
32 37 6 1 11 23 36 20 5 27 15 31 38 14 19 13 4 12 25 8 21 17 24 3 18 34 29 10 39 16 33 9 2 26 30 28 35 0 22 7 
36 23 28 11 1 6 37 32 7 22 0 35 9 33 16 12 39 25 8 21 17 3 24 18 34 29 10 4 13 19 14 38 31 2 15 26 30 5 27 20 
1 11 22 0 35 9 33 16 25 12 39 8 21 17 3 24 18 34 29 10 4 13 19 14 38 31 15 2 26 30 5 27 20 28 23 36 32 37 6 7 
39 12 25 8 21 17 3 24 18 34 29 10 4 13 19 14 38 31 2 15 26 30 20 5 27 36 23 28 11 1 6 37 32 7 22 0 35 9 33 16 
22 0 35 28 23 36 20 5 27 30 26 15 2 31 38 14 19 13 16 33 9 25 8 21 17 3 24 18 34 29 10 4 12 39 7 6 37 32 1 11 
6 37 32 1 11 22 0 35 28 23 36 20 5 27 30 26 15 2 31 38 14 19 13 4 10 29 34 18 24 3 17 21 8 25 39 12 16 33 9 7 
5 20 30 26 15 2 31 38 14 19 13 4 10 29 34 18 24 3 17 21 8 25 39 12 16 33 9 35 0 22 7 6 37 1 11 23 28 32 36 27 
22 0 35 28 23 36 20 5 27 30 26 15 2 31 38 14 19 13 16 33 9 8 21 17 3 24 18 34 29 10 4 12 39 25 7 6 37 32 1 11 
15 26 30 5 27 20 36 23 28 11 1 6 37 32 7 22 0 35 9 33 16 12 4 39 25 8 21 17 3 24 18 34 29 10 13 19 14 38 31 2 
9 33 16 12 39 25 8 21 17 3 24 18 34 29 10 4 13 19 14 38 31 2 15 26 30 20 5 27 36 23 28 11 1 6 37 32 7 22 0 35 
6 37 32 36 23 28 20 5 27 30 26 15 2 31 38 14 19 13 4 12 39 10 29 34 18 24 3 17 21 8 25 33 16 9 35 0 22 7 11 1 
22 0 35 9 33 16 12 39 25 8 21 17 3 24 18 34 29 10 4 13 19 14 38 31 15 2 26 30 20 5 27 36 23 28 11 1 6 37 32 7 
25 39 12 4 10 29 34 18 24 3 17 21 8 7 6 37 32 1 11 22 0 35 28 23 36 20 5 27 30 26 2 15 31 38 14 19 13 16 33 9 
19 14 38 31 2 15 26 30 5 27 20 36 23 11 1 6 37 32 7 22 0 35 28 9 33 16 25 8 21 17 3 24 18 34 29 10 4 12 39 13 
23 28 11 1 32 37 6 7 22 0 35 9 33 16 12 39 25 8 21 17 3 24 18 34 29 10 4 13 19 14 38 31 15 2 26 30 20 5 27 36 
17 21 8 39 12 4 10 29 34 18 24 3 7 6 37 32 1 11 22 0 35 28 23 36 20 5 27 30 26 2 15 31 38 14 19 13 16 33 9 25 
17 21 8 39 12 4 10 29 34 18 24 3 7 6 37 32 1 11 22 0 35 28 23 36 20 5 27 30 26 2 15 31 38 14 19 13 16 33 9 25 
27 5 20 30 26 15 2 31 38 14 19 13 4 10 29 34 18 24 3 7 17 21 8 25 39 12 16 33 9 35 0 22 11 1 6 37 32 36 23 28 
22 0 35 9 33 16 25 8 21 17 3 24 18 34 29 10 4 12 39 13 19 14 38 31 15 2 26 30 20 5 27 36 23 28 11 1 6 37 32 7 
32 37 6 1 11 23 28 35 0 22 7 21 17 3 24 18 34 29 10 4 12 39 25 8 9 33 16 13 19 14 38 31 2 15 26 30 5 27 20 36 
0 22 1 11 23 28 35 9 33 16 12 39 25 8 21 17 3 24 18 34 29 10 4 13 19 14 38 31 2 15 26 30 20 5 27 36 32 37 6 7 
35 0 22 11 1 6 37 32 7 21 17 3 24 18 34 29 10 4 12 39 25 8 9 33 16 13 19 14 38 31 2 15 26 30 5 27 20 36 23 28 
5 20 28 23 36 11 1 6 37 32 7 22 0 35 9 33 16 12 39 25 8 21 17 3 24 18 34 29 10 4 13 19 14 38 31 2 26 30 15 27 
32 7 22 0 35 9 33 16 12 39 25 8 21 17 3 24 18 34 29 10 4 13 19 14 38 31 2 15 30 26 20 5 27 36 23 28 11 1 6 37 
15 26 30 20 5 27 36 23 28 11 1 6 37 32 7 22 0 35 9 33 16 12 39 25 8 21 17 3 24 18 34 29 10 4 13 19 14 38 31 2 
27 5 30 26 2 15 31 38 14 19 13 4 12 39 25 8 21 17 7 3 24 18 34 29 10 16 33 9 35 0 22 11 1 6 37 32 36 23 28 20 
39 12 4 10 29 34 18 24 3 17 21 8 25 33 16 13 19 14 38 31 2 15 26 30 5 27 20 36 23 28 11 1 6 37 32 7 22 0 35 9 
3 24 18 34 29 10 4 12 39 25 8 21 17 22 0 35 9 33 16 13 19 14 38 31 2 15 26 30 5 27 20 36 23 28 11 1 6 37 32 7 
5 27 20 36 23 28 11 1 6 37 32 7 22 0 35 9 8 21 17 3 24 18 34 29 10 4 12 39 25 33 16 13 19 14 38 31 2 15 26 30 
9 33 16 25 8 21 17 3 24 18 34 29 10 4 12 39 13 19 14 38 31 15 2 26 30 5 27 20 36 23 11 1 6 37 32 7 22 0 35 28 
24 3 18 34 29 10 16 33 9 35 0 22 11 1 6 37 32 36 23 28 20 5 27 30 26 15 2 31 38 14 19 13 4 12 39 25 8 21 17 7 
15 26 30 5 27 20 28 23 36 32 11 1 6 37 7 22 0 35 9 33 16 12 39 4 10 29 34 18 24 3 17 21 8 25 13 19 14 38 31 2 
27 5 30 26 2 15 31 38 14 19 13 16 33 9 25 8 21 17 39 12 4 10 29 34 18 24 3 7 22 0 35 28 11 1 6 37 32 36 23 20 
14 38 31 15 27 5 20 30 26 2 9 35 0 22 1 11 23 28 36 32 37 6 7 3 24 18 34 29 10 4 12 39 17 21 8 25 33 16 13 19 
32 37 6 1 11 28 23 36 20 5 27 30 26 15 2 31 38 14 19 13 4 12 39 25 8 21 17 3 24 18 34 29 10 16 33 9 35 0 22 7 
22 0 35 9 33 16 25 12 39 8 21 17 3 24 18 34 29 10 4 13 19 14 38 31 2 26 30 15 27 5 20 36 23 28 11 1 6 37 32 7 
6 37 32 1 11 28 23 36 20 5 27 30 26 2 15 31 38 14 19 13 16 33 9 35 0 22 7 3 24 18 34 29 10 4 12 39 25 8 21 17 
30 26 2 9 33 16 12 39 25 8 21 17 3 24 18 34 29 10 4 13 19 14 38 31 15 5 27 20 36 23 11 1 6 37 32 7 22 0 35 28 
7 6 37 32 1 11 28 23 36 20 5 27 30 26 15 2 31 38 14 19 13 4 12 39 25 8 21 17 3 24 18 34 29 10 16 33 9 35 0 22 
13 12 39 25 8 21 17 3 24 18 34 29 10 4 16 33 9 35 0 22 1 11 7 6 37 32 36 23 28 20 5 27 30 26 15 2 31 38 14 19 
28 23 36 20 5 27 30 26 15 2 31 38 14 19 13 4 12 39 25 8 21 17 3 24 18 34 29 10 16 33 9 35 0 22 7 6 37 32 1 11 
30 26 15 2 31 38 14 19 13 16 33 9 25 8 21 17 39 12 4 10 29 34 18 24 3 7 22 0 35 28 11 1 6 37 32 36 23 20 5 27 
32 1 11 22 0 35 28 23 36 20 30 26 5 27 15 2 31 38 14 19 13 16 33 9 25 8 21 17 3 24 18 34 29 10 4 12 39 7 6 37 
9 33 16 12 39 25 8 21 17 3 24 18 34 29 10 4 13 19 14 38 31 2 15 26 30 20 5 27 36 23 28 11 1 6 37 32 7 22 0 35 
17 21 8 25 16 33 9 35 0 22 11 1 6 37 32 36 23 28 20 30 26 5 27 15 2 31 38 14 19 13 4 12 39 10 29 34 18 24 3 7 
22 0 35 9 33 16 25 8 21 17 3 24 18 34 29 10 4 12 39 13 19 14 38 31 2 15 26 30 5 27 20 36 23 28 11 1 6 37 32 7 
6 37 32 36 23 28 26 30 20 5 27 15 2 31 38 14 19 13 4 12 25 8 21 17 3 24 18 34 29 10 39 16 33 9 35 0 22 11 1 7 
12 39 25 8 21 17 3 24 18 34 29 10 4 13 19 14 38 31 2 15 27 5 20 30 26 28 23 36 11 1 6 37 32 7 22 0 35 9 33 16 
9 35 0 22 11 1 6 37 32 36 23 28 20 5 27 30 26 15 2 31 38 14 19 13 16 33 25 39 12 4 10 29 34 18 24 3 7 17 21 8 
11 1 6 37 32 7 22 0 35 9 33 16 12 39 25 8 21 17 3 24 18 34 29 10 4 13 19 14 38 31 2 15 26 30 20 5 27 36 23 28 
15 26 30 5 27 20 36 23 28 11 1 6 37 32 7 22 0 35 9 33 16 25 8 21 17 3 24 18 34 29 10 4 12 39 13 19 14 38 31 2 
11 1 6 37 32 36 23 28 20 5 27 30 26 2 15 31 38 14 19 13 4 12 39 25 8 21 17 3 24 18 34 29 10 16 33 9 35 0 22 7 
32 6 1 11 23 36 20 5 27 15 26 30 28 35 0 22 21 8 25 16 33 9 2 31 38 14 19 13 4 12 39 10 29 34 18 24 3 17 7 37 
21 8 25 33 16 12 39 17 3 24 18 34 29 10 4 13 19 14 38 31 15 27 5 20 30 26 2 9 35 28 23 36 32 37 6 1 11 22 0 7 
17 21 8 25 39 12 4 10 29 34 18 24 3 7 6 37 32 1 11 22 0 35 28 23 36 20 30 26 5 27 15 2 31 38 14 19 13 16 33 9 
9 33 16 25 8 21 17 3 24 18 34 29 10 4 12 39 13 19 14 38 31 15 2 26 30 5 27 20 36 23 28 11 1 6 37 32 7 22 0 35 
8 25 33 16 9 35 0 22 11 1 6 37 32 36 23 28 20 5 27 30 26 15 2 31 38 14 19 13 4 12 39 10 29 34 18 24 3 7 17 21 
1 11 22 0 35 9 33 16 12 39 25 8 21 17 3 24 18 34 29 10 4 13 19 14 38 31 2 15 26 30 5 27 20 28 23 36 32 37 6 7 
22 0 35 9 33 16 12 39 25 8 21 17 3 24 18 34 29 10 4 13 19 14 38 31 2 15 26 30 5 27 20 28 23 36 11 1 6 37 32 7 
22 0 35 9 33 16 12 39 25 8 21 17 3 24 18 34 29 10 4 13 19 14 38 31 2 15 26 30 20 5 27 36 23 28 11 1 6 37 32 7 
22 0 35 9 33 16 25 12 39 8 21 17 3 24 18 34 29 10 4 13 19 14 38 31 2 15 27 5 30 26 20 36 23 28 11 1 6 37 32 7 
26 30 20 28 35 0 22 7 6 37 32 1 11 23 36 5 27 15 31 38 14 19 13 12 39 4 10 29 34 18 24 3 17 21 8 25 33 16 9 2 
27 5 20 28 23 36 11 1 6 37 32 7 22 0 35 9 33 16 12 39 25 8 21 17 3 24 18 34 29 10 4 13 19 14 38 31 2 15 26 30 
1 11 23 28 36 20 5 27 30 26 2 15 31 38 14 19 13 4 12 25 8 21 17 3 24 18 34 29 10 39 16 33 9 35 0 22 7 6 37 32 
5 20 36 23 28 35 0 22 11 1 6 37 32 7 3 24 18 34 29 10 4 12 39 25 8 21 17 9 33 16 13 19 14 38 31 15 2 26 30 27 
4 12 39 25 33 16 13 19 14 38 31 15 27 5 20 30 26 2 9 35 0 22 1 11 23 28 36 32 37 6 7 21 8 17 3 24 18 34 29 10 
20 36 23 28 11 1 6 37 32 7 22 0 35 9 33 16 12 39 25 8 21 17 3 24 18 34 29 10 4 13 19 14 38 31 2 15 26 30 5 27 
31 2 15 26 30 5 27 20 36 23 28 11 1 6 37 32 22 0 35 9 33 16 12 39 25 8 21 17 7 3 24 18 34 29 10 4 13 19 14 38 
15 31 38 14 19 13 4 12 39 25 8 21 17 7 3 24 18 34 29 10 16 33 9 35 0 22 11 1 6 37 32 36 23 28 20 5 27 30 26 2 
26 30 20 5 27 36 23 28 11 1 6 37 32 7 22 0 35 9 33 16 12 39 25 8 21 17 3 24 18 34 29 10 4 13 19 14 38 31 2 15 
37 6 7 22 0 35 9 33 16 25 8 21 17 3 24 18 34 29 10 4 12 39 13 19 14 38 31 15 2 26 30 20 5 27 36 23 28 11 1 32 
11 1 6 37 32 36 23 28 20 5 27 30 26 15 31 38 14 19 13 4 10 29 34 18 24 3 17 21 8 25 12 39 16 33 9 2 35 0 22 7 
15 26 30 5 27 20 36 23 28 11 6 37 32 1 7 22 0 35 9 33 16 12 39 25 8 21 17 3 24 18 34 29 10 4 13 19 14 38 31 2 
28 11 1 6 37 32 7 22 0 35 9 33 16 25 8 21 17 3 24 18 34 29 10 4 12 39 13 19 14 38 2 31 15 26 30 5 27 20 36 23 
5 20 36 23 28 11 1 6 37 32 7 22 0 35 9 33 16 25 8 21 17 24 3 18 34 29 10 4 12 39 13 19 14 38 31 2 15 26 30 27 
37 6 1 11 22 0 35 28 23 36 20 5 27 30 26 15 31 2 38 14 19 13 16 33 9 25 39 12 4 10 29 34 18 24 3 17 21 8 7 32 
15 26 30 20 5 27 36 23 28 11 1 6 37 32 7 22 0 35 9 33 16 25 8 21 17 3 24 18 34 29 10 4 12 39 13 19 14 38 31 2 
3 24 18 34 29 10 4 12 39 25 16 33 9 35 0 22 11 1 6 37 32 36 23 28 20 5 27 30 26 2 15 31 38 14 19 13 8 21 17 7 
22 0 35 9 33 16 25 8 21 17 3 24 18 34 29 10 4 12 39 13 19 14 38 31 2 15 26 30 20 5 27 36 23 28 11 1 6 37 32 7 
0 35 28 23 36 20 30 26 5 27 15 31 2 38 14 19 13 16 33 9 25 12 39 4 10 29 34 18 24 3 17 8 21 7 6 37 32 1 11 22 
10 4 12 39 25 33 16 13 19 14 38 31 15 27 5 20 30 26 2 9 35 0 22 11 1 6 37 32 36 23 28 7 21 8 17 3 24 18 34 29 
1 11 28 23 36 20 5 27 26 30 15 2 31 38 14 19 13 4 10 29 34 18 24 3 17 21 8 39 12 25 33 16 9 35 0 22 7 6 37 32 
31 2 15 26 30 5 27 20 36 23 28 11 1 6 37 32 7 22 0 35 9 33 16 12 39 25 8 21 17 3 24 18 34 29 10 4 13 19 14 38 
11 1 6 37 32 36 23 28 30 26 20 5 27 15 2 31 38 14 19 13 4 12 39 10 29 34 18 24 3 17 21 8 25 33 16 9 35 0 22 7 
22 0 35 28 23 36 20 5 27 30 26 2 15 31 38 14 19 13 16 33 9 25 12 4 39 10 29 34 18 24 3 17 8 21 7 6 37 32 1 11 
8 21 17 39 12 4 10 29 34 18 24 3 7 6 37 32 36 23 11 1 22 0 35 28 20 5 27 30 26 15 2 31 38 14 19 13 16 33 9 25 
19 14 38 31 15 2 26 30 20 5 27 36 23 28 11 1 6 37 32 7 22 0 35 9 33 16 12 39 25 8 21 17 3 24 18 34 29 10 4 13 
21 17 3 24 18 34 29 10 4 39 12 25 8 7 6 37 32 1 11 22 0 35 28 23 36 20 5 27 30 26 15 2 31 38 14 19 13 16 33 9 
22 0 35 9 33 16 25 12 39 8 21 17 3 24 18 34 29 10 4 13 19 14 38 31 2 15 27 5 20 30 26 28 23 36 32 37 6 1 11 7 
29 10 4 12 39 25 8 21 17 7 6 37 32 1 11 28 23 36 20 5 27 30 26 2 15 31 38 14 19 13 16 33 9 35 0 22 3 24 18 34 
