2 0 9 4 5 8 7 6 1 3 
9 4 5 8 7 6 1 3 2 0 
2 0 9 4 5 8 7 6 1 3 
2 0 9 4 5 8 7 6 1 3 
2 0 9 4 5 8 7 6 1 3 
2 0 9 4 5 8 7 6 1 3 
2 0 9 4 5 8 7 6 1 3 
2 0 9 4 5 8 7 6 1 3 
2 0 9 4 5 8 7 6 1 3 
2 0 9 4 5 8 7 6 1 3 
2 0 9 4 5 8 7 6 1 3 
2 0 9 4 5 8 7 6 1 3 
9 4 5 8 7 6 1 3 2 0 
9 4 5 8 7 6 1 3 2 0 
0 9 4 5 8 7 6 1 3 2 
9 4 5 8 7 6 1 3 2 0 
9 4 5 8 7 6 1 3 2 0 
9 4 5 8 7 6 1 3 2 0 
0 9 4 5 8 7 6 1 3 2 
9 4 5 8 7 6 1 3 2 0 
9 4 5 8 7 6 1 3 2 0 
9 4 5 8 7 6 1 3 2 0 
0 9 4 5 8 7 6 1 3 2 
9 4 5 8 7 6 1 3 2 0 
9 4 5 8 7 6 1 3 2 0 
0 9 4 5 8 7 6 1 3 2 
0 9 4 5 8 7 6 1 3 2 
0 9 4 5 8 7 6 1 3 2 
0 9 4 5 8 7 6 1 3 2 
0 9 4 5 8 7 6 1 3 2 
0 9 4 5 8 7 6 1 3 2 
0 9 4 5 8 7 6 1 3 2 
0 9 4 5 8 7 6 1 3 2 
0 9 4 5 8 7 6 1 3 2 
0 9 4 5 8 7 6 1 3 2 
0 9 4 5 8 7 6 1 3 2 
0 9 4 5 8 7 6 1 3 2 
1 3 2 0 9 4 5 8 7 6 
1 3 2 0 9 4 5 8 7 6 
1 3 2 0 9 4 5 8 7 6 
1 3 2 0 9 4 5 8 7 6 
1 3 2 0 9 4 5 8 7 6 
1 3 2 0 9 4 5 8 7 6 
1 3 2 0 9 4 5 8 7 6 
1 3 2 0 9 4 5 8 7 6 
1 3 2 0 9 4 5 8 7 6 
1 3 2 0 9 4 5 8 7 6 
1 3 2 0 9 4 5 8 7 6 
1 3 2 0 9 4 5 8 7 6 
2 0 9 4 5 8 7 6 1 3 
0 9 4 5 8 7 6 1 3 2 
0 9 4 5 8 7 6 1 3 2 
0 9 4 5 8 7 6 1 3 2 
0 9 4 5 8 7 6 1 3 2 
0 9 4 5 8 7 6 1 3 2 
0 9 4 5 8 7 6 1 3 2 
0 9 4 5 8 7 6 1 3 2 
0 9 4 5 8 7 6 1 3 2 
0 9 4 5 8 7 6 1 3 2 
0 9 4 5 8 7 6 1 3 2 
0 9 4 5 8 7 6 1 3 2 
0 9 4 5 8 7 6 1 3 2 
2 0 9 4 5 8 7 6 1 3 
9 4 5 8 7 6 1 3 2 0 
9 4 5 8 7 6 1 3 2 0 
0 9 4 5 8 7 6 1 3 2 
2 0 9 4 5 8 7 6 1 3 
9 4 5 8 7 6 1 3 2 0 
9 4 5 8 7 6 1 3 2 0 
0 9 4 5 8 7 6 1 3 2 
2 0 9 4 5 8 7 6 1 3 
9 4 5 8 7 6 1 3 2 0 
9 4 5 8 7 6 1 3 2 0 
0 9 4 5 8 7 6 1 3 2 
2 0 9 4 5 8 7 6 1 3 
0 9 4 5 8 7 6 1 3 2 
0 9 4 5 8 7 6 1 3 2 
2 0 9 4 5 8 7 6 1 3 
2 0 9 4 5 8 7 6 1 3 
0 9 4 5 8 7 6 1 3 2 
0 9 4 5 8 7 6 1 3 2 
2 0 9 4 5 8 7 6 1 3 
2 0 9 4 5 8 7 6 1 3 
0 9 4 5 8 7 6 1 3 2 
0 9 4 5 8 7 6 1 3 2 
2 0 9 4 5 8 7 6 1 3 
2 0 9 4 5 8 7 6 1 3 
0 9 4 5 8 7 6 1 3 2 
0 9 4 5 8 7 6 1 3 2 
0 9 4 5 8 7 6 1 3 2 
0 9 4 5 8 7 6 1 3 2 
0 9 4 5 8 7 6 1 3 2 
0 9 4 5 8 7 6 1 3 2 
0 9 4 5 8 7 6 1 3 2 
0 9 4 5 8 7 6 1 3 2 
0 9 4 5 8 7 6 1 3 2 
0 9 4 5 8 7 6 1 3 2 
0 9 4 5 8 7 6 1 3 2 
0 9 4 5 8 7 6 1 3 2 
0 9 4 5 8 7 6 1 3 2 
