53 31 60 23 8 13 30 2 32 42 29 22 57 37 34 11 3 5 28 24 63 19 0 15 55 62 41 61 26 50 48 14 35 38 1 45 52 56 58 51 44 40 17 39 20 59 47 12 33 49 36 64 18 9 6 54 7 27 16 21 4 46 25 10 43 
22 29 42 32 2 30 6 9 18 64 36 33 49 59 47 12 39 20 17 40 44 51 58 56 52 45 1 38 35 14 50 48 26 61 41 62 0 15 55 19 63 24 28 5 25 46 4 21 57 37 34 11 3 43 10 53 31 60 23 8 13 54 7 27 16 
17 44 40 51 58 56 52 45 1 38 35 14 48 26 61 41 62 0 15 55 19 63 24 28 5 3 43 10 50 53 31 60 23 8 11 13 30 2 34 32 37 22 57 21 4 46 25 16 29 42 7 27 54 6 9 18 64 36 33 49 59 47 12 39 20 
3 11 34 32 42 54 7 27 16 22 57 37 29 21 4 46 25 5 28 24 63 19 55 15 0 62 41 61 26 50 48 14 35 38 1 45 52 56 58 51 44 17 40 39 12 47 59 49 33 36 64 18 9 6 30 2 13 8 23 60 20 31 53 10 43 
48 26 61 41 62 0 15 55 19 63 24 28 5 25 46 4 21 57 22 29 16 27 7 54 6 2 30 13 8 23 60 31 53 35 14 38 1 45 52 56 58 51 44 40 17 39 20 59 47 12 33 49 36 64 18 9 34 32 42 37 11 3 43 10 50 
21 4 46 25 57 22 29 42 32 37 34 2 30 6 9 18 64 36 49 33 12 47 59 20 39 17 44 40 51 58 56 52 45 1 38 35 14 48 26 61 41 62 0 15 55 19 63 24 28 5 3 11 43 10 50 53 31 60 23 8 13 54 16 7 27 
57 22 29 42 32 37 34 2 30 6 9 18 64 36 49 33 12 47 59 20 39 17 44 40 51 58 56 52 45 1 38 35 14 48 26 61 41 62 0 15 55 19 63 24 28 5 3 11 43 10 50 53 31 60 23 8 13 54 7 27 16 21 4 46 25 
39 47 59 49 33 36 64 18 9 30 2 32 37 34 11 3 43 10 61 41 62 0 15 55 19 24 63 5 28 25 46 4 21 57 22 29 42 7 27 16 54 6 13 8 23 60 31 53 50 26 48 14 35 38 1 45 52 56 58 51 44 40 17 20 12 
54 7 27 16 22 57 21 4 46 25 5 28 24 63 19 55 15 0 62 41 61 26 50 48 14 35 38 1 45 52 56 58 51 44 17 20 60 23 8 13 30 2 32 37 29 42 34 11 3 10 43 53 31 40 39 12 47 59 49 33 36 64 18 9 6 
45 1 38 35 14 48 26 61 41 62 0 15 55 19 63 24 28 5 3 43 10 50 53 31 60 23 8 11 34 13 30 2 32 42 29 16 22 57 37 25 46 4 21 27 7 54 6 9 18 64 36 49 33 12 47 59 20 39 17 44 40 51 58 56 52 
28 24 63 19 55 15 0 62 41 61 26 50 48 14 35 38 1 45 52 56 58 51 44 17 40 39 12 47 59 49 33 36 64 18 9 6 30 2 32 42 29 16 22 57 37 34 11 3 43 10 53 31 23 8 60 20 13 54 7 27 21 4 46 25 5 
40 17 44 51 58 56 52 45 1 38 35 14 48 26 61 41 62 0 15 55 19 63 24 28 5 25 46 4 21 16 29 22 57 37 34 2 30 6 54 7 27 42 32 11 3 43 10 50 53 31 60 23 8 13 9 18 64 36 49 33 12 47 59 20 39 
47 59 49 33 36 64 18 9 6 30 2 32 42 29 22 57 37 34 11 43 3 10 61 41 62 0 15 55 19 63 24 28 5 25 46 4 21 16 7 27 54 13 8 23 60 31 53 50 26 48 14 35 38 1 45 52 56 58 51 44 17 40 39 20 12 
62 41 61 26 48 50 35 14 38 1 45 52 56 58 51 40 17 44 20 39 12 47 59 49 33 36 64 18 9 6 54 7 27 16 22 57 25 46 4 21 29 42 32 37 34 2 30 13 8 23 60 31 53 10 43 11 3 5 28 24 63 19 55 0 15 
3 11 34 32 42 54 7 27 16 22 57 37 29 21 4 46 25 5 28 24 63 19 55 15 0 62 41 61 26 50 48 14 35 38 1 45 52 56 58 51 44 17 40 39 12 47 59 49 33 36 64 18 9 6 30 2 13 8 23 60 20 31 53 10 43 
8 23 60 31 53 50 61 41 62 0 15 55 19 63 24 28 5 25 46 4 21 57 22 16 29 42 7 27 54 6 9 18 64 36 49 33 12 47 59 13 30 2 32 37 34 11 3 43 10 26 48 35 14 38 1 45 52 56 58 51 44 17 40 39 20 
59 47 12 33 49 36 64 18 9 6 30 2 32 42 29 22 57 37 34 11 3 43 10 61 41 62 0 15 55 19 63 24 28 5 25 46 4 21 16 7 27 54 13 8 23 60 31 53 50 26 48 35 14 38 1 45 52 56 58 51 44 17 40 39 20 
24 63 19 55 15 0 62 41 61 26 50 53 31 51 44 17 40 58 56 52 45 1 38 35 14 48 10 43 3 11 34 2 30 6 9 13 8 23 60 20 39 12 47 59 49 33 36 64 18 54 7 27 16 29 42 32 37 22 57 21 4 25 46 5 28 
13 9 30 2 32 42 29 22 57 37 34 11 3 43 8 23 60 31 53 35 14 38 1 45 52 56 58 51 44 17 40 39 20 59 47 12 33 49 36 64 18 6 54 7 27 16 21 4 46 25 5 28 24 63 19 55 15 0 62 41 61 26 48 50 10 
0 15 55 19 63 24 28 5 25 46 4 21 57 22 29 16 27 7 54 6 9 30 2 34 37 32 42 18 64 36 49 33 47 59 12 39 20 17 40 44 51 58 56 52 45 1 38 14 35 53 31 60 23 8 13 11 3 43 10 61 26 50 48 41 62 
10 61 26 50 48 41 62 0 15 55 19 24 63 28 5 25 46 4 21 57 22 29 42 32 2 30 6 9 13 8 23 60 31 53 35 14 38 1 45 52 56 58 51 44 17 40 39 20 59 47 12 33 49 36 64 18 54 7 27 16 37 34 11 3 43 
3 11 34 2 30 6 9 18 64 36 33 49 59 47 12 39 17 40 44 51 58 56 52 45 1 38 35 14 48 50 26 61 41 62 0 15 55 19 63 24 28 5 25 46 4 21 57 22 29 42 54 7 27 16 37 32 13 8 23 60 20 31 53 10 43 
34 11 13 8 23 60 20 17 44 40 39 12 47 59 49 33 36 64 18 9 6 30 2 32 37 29 42 54 7 27 16 22 57 25 46 4 21 5 28 24 63 19 55 15 0 62 41 61 26 50 48 14 35 38 1 45 52 56 58 51 31 53 10 43 3 
59 47 12 39 20 60 23 8 13 30 2 32 37 57 22 29 42 54 7 27 16 21 4 46 25 5 28 24 63 19 55 15 0 62 41 61 26 50 48 14 35 38 1 45 52 56 58 51 44 17 40 31 53 10 43 3 11 34 6 9 18 64 36 49 33 
37 32 42 29 22 57 21 4 46 25 5 28 24 63 19 55 15 0 62 41 61 50 26 48 35 14 38 1 45 52 56 58 51 44 40 17 39 20 60 23 8 13 30 2 34 11 3 43 10 53 31 12 47 59 49 33 36 64 18 9 6 54 7 27 16 
51 31 53 50 26 61 41 62 0 15 55 19 63 24 28 5 25 46 4 21 57 22 29 32 2 30 13 8 23 60 20 39 12 47 59 49 33 36 64 18 9 6 54 42 7 27 16 37 34 11 3 43 10 48 14 35 38 1 45 52 56 58 40 17 44 
5 28 24 63 19 55 15 0 62 41 61 26 50 48 14 35 38 1 45 52 56 58 51 44 17 40 31 53 23 8 60 20 39 12 47 59 49 33 36 64 18 13 30 2 32 42 29 22 57 25 46 4 21 16 27 7 54 6 9 34 37 11 3 43 10 
30 2 32 42 29 22 57 37 34 11 43 3 10 26 61 41 62 0 55 15 19 63 24 28 5 25 46 4 21 16 7 27 54 6 9 18 64 36 49 33 12 47 59 20 39 17 40 44 51 58 56 52 45 1 38 35 14 48 50 53 31 60 23 8 13 
22 16 29 42 32 37 34 2 30 6 9 13 11 43 10 3 5 28 24 63 19 55 15 0 62 41 61 26 50 48 14 35 38 1 45 52 56 58 40 17 44 51 31 53 23 8 60 20 39 12 47 59 49 33 36 64 18 54 27 7 21 4 46 25 57 
0 15 55 19 63 24 28 5 25 46 4 21 57 22 29 42 32 2 30 6 9 13 8 23 60 31 53 50 26 61 48 14 35 38 1 45 52 56 58 51 44 17 40 47 59 20 39 12 33 49 36 64 18 54 7 27 16 37 34 11 3 43 10 41 62 
46 25 5 28 24 63 19 55 15 0 62 41 61 26 50 48 14 35 38 1 45 52 56 58 51 44 17 40 39 20 47 59 12 33 49 36 64 18 9 6 30 2 42 29 22 57 37 32 34 11 3 43 10 53 31 60 23 8 13 54 7 27 16 21 4 
30 2 32 42 29 22 57 37 34 11 3 43 10 61 41 62 0 15 55 19 63 24 28 5 25 46 4 21 16 7 27 54 6 9 18 64 36 49 33 12 47 59 20 39 17 44 40 51 1 45 58 56 52 38 35 14 48 26 50 53 31 60 23 8 13 
11 3 43 10 61 41 62 0 15 55 19 63 24 28 5 25 46 4 21 57 22 29 42 32 34 2 30 6 9 18 64 36 49 33 12 47 59 20 39 17 40 44 51 1 45 58 56 52 38 35 14 48 26 50 53 31 60 23 8 13 54 7 27 16 37 
3 43 10 61 26 50 48 14 35 38 1 45 52 56 58 51 44 40 17 39 20 59 47 12 33 49 36 64 18 9 6 30 2 34 32 37 57 22 29 42 54 7 27 16 21 4 46 25 5 28 24 63 19 55 15 0 62 41 53 31 23 60 8 13 11 
26 61 41 62 0 15 55 19 63 24 28 5 25 46 4 21 57 22 29 42 32 34 2 30 13 8 23 60 20 39 12 47 59 49 33 36 64 18 9 6 54 7 27 16 37 11 3 43 10 50 48 14 35 38 1 45 52 56 58 51 40 17 44 31 53 
28 24 63 19 55 15 0 62 41 61 26 48 14 35 38 1 45 52 56 58 51 44 17 40 39 20 59 47 12 33 49 36 64 18 9 6 30 2 34 37 32 42 29 16 22 57 25 46 4 21 27 7 54 13 8 23 60 31 53 50 10 43 3 11 5 
19 55 15 0 62 41 26 61 50 48 14 35 38 1 45 52 56 58 51 44 40 17 20 39 12 47 59 49 33 36 64 18 9 30 2 34 37 32 42 29 22 57 25 46 4 21 16 27 7 54 6 13 8 23 60 31 53 10 43 11 3 24 63 5 28 
43 3 11 34 32 42 29 16 22 57 37 2 30 6 9 18 64 36 49 33 12 47 59 13 54 7 27 21 4 46 25 5 28 24 63 19 55 15 0 62 41 61 26 50 48 14 35 38 1 45 52 56 58 51 44 40 17 39 20 60 8 23 53 31 10 
13 30 2 32 42 27 7 54 6 9 18 64 36 49 33 12 47 59 20 39 17 40 44 51 58 56 52 45 1 38 35 14 48 26 61 41 62 0 15 55 19 63 24 28 5 25 46 4 21 57 22 29 16 37 34 11 3 43 10 50 53 31 60 23 8 
25 46 4 21 57 22 29 16 7 27 54 42 32 37 34 11 3 5 28 24 63 19 55 15 0 62 41 61 48 26 50 10 43 8 23 60 31 53 35 14 38 1 45 52 56 58 51 44 40 17 20 39 12 47 59 49 33 36 64 18 9 6 30 2 13 
2 30 6 9 18 64 36 33 49 59 47 12 39 17 44 51 58 56 52 45 1 38 35 14 48 26 50 61 41 62 0 15 55 19 63 24 28 5 25 46 4 21 57 22 29 42 54 7 27 16 37 32 34 11 43 3 10 53 31 40 20 60 23 8 13 
44 17 39 20 60 23 8 13 30 2 32 42 29 16 22 57 37 34 11 3 43 10 41 62 0 15 55 19 63 24 28 5 25 46 4 21 27 7 54 6 9 18 64 36 49 33 12 47 59 31 53 50 61 26 48 14 35 38 1 45 52 56 58 51 40 
62 41 61 26 50 48 14 35 38 1 45 52 56 58 51 44 40 17 39 12 47 59 49 33 36 64 18 9 6 30 2 32 34 37 22 57 25 46 4 21 16 29 42 7 27 54 13 8 23 60 20 31 53 10 43 11 3 5 28 24 63 19 55 15 0 
37 57 22 29 42 32 2 30 6 54 7 27 16 21 4 46 25 5 28 24 63 19 55 15 0 62 41 61 26 50 48 14 35 38 1 45 58 56 52 51 44 40 17 39 12 47 59 49 33 36 64 18 9 13 8 23 60 20 31 53 10 43 3 11 34 
56 52 45 1 38 14 35 48 26 61 41 62 0 15 55 19 63 24 28 5 25 46 4 21 29 42 32 2 30 6 9 13 8 23 60 20 39 12 47 59 49 33 36 64 18 54 7 27 16 22 57 37 34 11 3 43 10 50 53 31 51 44 17 40 58 
3 11 34 30 2 32 42 29 22 57 37 13 8 23 60 20 17 44 40 39 12 47 59 49 33 36 64 18 9 6 54 7 27 16 21 4 46 25 5 28 24 63 19 55 15 0 62 41 26 61 50 48 14 35 38 1 45 52 56 58 51 31 53 10 43 
31 53 50 26 48 14 35 38 1 45 52 56 58 51 44 40 17 39 20 12 47 59 49 33 36 64 18 9 6 30 2 32 42 29 22 57 37 54 7 27 16 21 4 46 25 5 28 24 63 19 55 15 0 62 41 61 10 43 3 11 34 13 8 23 60 
3 5 28 24 63 19 55 15 0 62 41 61 50 26 48 14 35 38 1 45 52 56 58 51 44 17 40 39 12 47 59 49 33 36 64 18 9 6 30 2 34 37 32 42 29 22 57 25 46 4 21 16 7 27 54 13 8 23 60 20 31 53 10 43 11 
21 4 46 25 57 22 29 42 32 37 34 2 30 6 9 18 64 36 49 33 12 47 59 20 39 17 40 44 51 58 56 52 45 1 38 35 14 48 26 50 10 61 41 62 0 15 55 19 63 24 28 5 3 11 43 8 23 60 31 53 13 54 7 27 16 
34 2 30 6 54 7 27 16 22 29 42 32 37 57 21 4 46 25 5 28 24 63 19 55 15 0 62 41 61 50 26 48 14 35 38 1 45 52 56 58 51 44 40 20 17 39 12 47 59 49 33 36 64 18 9 13 8 23 60 31 53 10 43 3 11 
34 2 30 6 9 18 64 36 49 33 59 47 12 39 20 17 40 44 51 58 56 52 45 1 38 35 14 48 26 61 41 62 0 15 55 19 63 24 28 5 25 46 4 21 57 22 29 42 32 37 16 27 7 54 13 8 23 60 31 53 50 10 43 3 11 
39 12 47 59 49 33 36 64 18 9 6 54 42 29 22 57 16 7 27 21 4 46 25 5 28 24 63 19 55 15 0 62 41 61 26 50 48 14 35 38 1 45 52 56 58 51 31 53 23 8 13 30 2 32 37 34 11 3 43 10 60 20 17 40 44 
51 31 53 50 26 61 41 62 0 15 55 19 63 24 28 5 25 46 4 21 57 22 29 32 2 30 13 8 23 60 20 39 12 47 59 49 33 36 64 18 9 6 54 42 7 27 16 37 34 11 3 43 10 48 14 35 38 1 45 52 56 58 40 17 44 
56 45 1 38 35 14 48 26 61 41 62 0 15 55 19 63 24 28 5 25 46 4 21 57 22 29 42 54 7 27 16 37 32 2 30 6 9 18 64 36 49 33 59 47 12 39 17 44 40 20 60 23 8 13 34 11 3 43 10 50 53 31 51 58 52 
59 47 12 33 49 36 64 18 9 6 30 2 32 42 29 22 57 37 34 11 3 43 10 26 61 41 62 0 15 55 19 24 63 28 5 25 46 4 21 16 7 27 54 13 8 23 60 31 53 50 48 14 35 38 1 45 52 56 58 51 44 17 40 39 20 
20 17 44 40 39 12 47 59 49 33 36 64 18 9 6 30 2 34 32 37 57 22 29 42 54 7 27 16 21 4 46 25 5 28 24 63 19 55 15 0 62 41 61 26 48 50 35 14 38 1 45 52 56 58 51 31 53 23 8 13 11 43 3 10 60 
8 23 60 20 17 44 40 39 12 47 59 49 33 36 64 18 9 6 30 2 32 37 29 42 54 7 27 16 22 57 21 4 46 25 5 28 24 63 19 55 15 0 62 41 61 26 50 48 14 35 38 1 45 52 56 58 51 31 53 10 43 3 11 34 13 
30 2 32 42 29 22 57 37 34 11 43 3 10 26 61 41 62 0 55 15 19 63 24 28 5 25 46 4 21 16 7 27 54 6 9 18 64 36 49 33 12 47 59 20 39 17 40 44 51 58 56 52 45 1 38 35 14 48 50 53 31 60 23 8 13 
5 28 24 63 19 55 15 0 62 41 61 50 26 48 14 35 38 1 45 52 56 58 51 31 53 23 8 60 20 17 44 40 39 12 47 59 49 33 36 64 18 9 6 30 2 34 37 32 42 29 16 22 57 25 46 4 21 27 7 54 13 11 43 10 3 
3 10 61 26 41 62 0 15 55 19 63 24 28 5 25 46 4 21 57 37 29 22 16 27 7 54 42 32 2 30 6 9 18 64 36 49 33 12 47 59 20 39 17 44 40 51 58 56 52 45 1 38 35 14 48 50 53 31 23 8 60 13 34 11 43 
28 24 63 19 55 15 0 62 41 61 26 48 14 35 38 1 45 52 56 58 51 44 17 40 39 20 59 47 12 33 49 36 64 18 9 6 30 2 34 37 32 42 29 16 22 57 25 46 4 21 27 7 54 13 8 23 60 31 53 50 10 43 3 11 5 
30 2 32 42 29 22 57 16 7 27 21 4 46 25 5 28 24 63 19 55 15 0 62 41 61 26 50 48 14 35 38 1 45 52 56 58 51 44 17 40 39 20 60 8 23 31 53 43 10 3 11 34 37 54 6 9 18 64 36 49 33 12 47 59 13 
2 30 9 6 54 42 29 22 57 16 7 27 21 4 46 25 5 28 24 63 19 55 15 0 62 41 61 26 50 48 14 35 38 1 45 52 56 58 51 44 40 17 39 12 47 59 49 33 36 64 18 13 8 23 60 20 31 53 10 43 3 11 37 34 32 
20 39 17 44 40 51 58 56 52 45 1 38 35 14 50 26 41 61 10 43 3 11 34 2 30 6 54 7 27 16 22 57 37 32 42 29 21 4 46 25 5 28 24 63 19 55 15 0 62 48 53 31 60 23 8 13 9 18 64 36 49 33 12 47 59 
37 29 42 32 34 2 30 6 9 18 64 36 49 33 59 47 12 39 40 17 44 51 58 56 52 45 1 38 35 14 48 26 61 41 62 0 15 55 19 63 24 28 5 25 46 4 21 57 22 16 27 7 54 13 8 23 60 20 31 53 50 10 43 3 11 
17 44 51 58 56 52 45 1 38 35 14 48 26 50 53 31 60 23 8 13 30 2 32 42 7 16 29 22 57 37 34 11 3 43 10 61 41 62 0 15 55 19 63 24 28 5 25 46 4 21 27 54 6 9 18 64 36 33 49 59 47 12 39 40 20 
34 37 22 57 16 29 42 32 2 30 6 54 7 27 21 4 46 25 5 28 24 63 19 55 15 0 62 41 61 26 48 35 14 38 1 45 52 56 58 51 44 17 40 39 12 47 59 49 33 36 64 18 9 13 8 23 60 20 31 53 50 10 43 3 11 
12 47 59 49 33 36 64 18 9 6 30 2 32 42 29 22 57 37 34 11 3 43 10 61 41 62 0 15 55 19 24 63 5 28 25 46 4 21 16 27 7 54 13 8 23 60 31 53 50 26 48 14 35 38 1 45 52 56 58 51 44 40 39 17 20 
21 4 46 25 5 28 24 63 19 55 15 0 62 41 61 26 48 14 35 38 1 45 52 56 58 40 44 51 31 53 50 10 43 3 11 34 2 30 6 9 13 8 23 60 20 39 17 12 47 59 49 33 36 64 18 54 7 27 16 57 22 29 42 32 37 
61 41 62 0 15 55 19 63 24 28 5 25 46 4 21 42 32 2 30 6 9 18 64 36 49 33 59 47 12 39 20 17 40 44 51 1 45 58 56 52 38 35 14 48 26 50 53 31 60 23 8 13 54 7 27 16 29 22 57 37 34 11 3 43 10 
34 32 42 7 54 6 30 2 37 57 22 29 16 27 21 4 46 25 5 28 24 63 19 55 15 0 62 41 61 26 50 48 14 35 38 1 45 52 56 58 51 44 17 40 39 20 59 47 12 33 49 36 64 18 9 13 8 23 60 31 53 10 43 11 3 
4 46 25 5 28 24 63 19 55 15 0 62 41 61 26 50 48 14 35 38 1 45 52 56 58 51 44 40 17 39 20 60 23 8 13 30 2 32 42 29 22 57 37 34 11 3 43 10 53 31 12 47 59 49 33 36 64 18 9 6 54 7 27 16 21 
60 23 8 13 30 2 32 37 22 57 29 42 54 7 27 16 21 4 46 25 5 24 28 63 19 55 15 0 62 41 61 26 50 48 14 35 38 1 45 52 56 58 51 44 17 40 39 12 47 59 49 33 36 64 18 9 6 34 11 3 43 10 53 31 20 
12 47 59 49 33 36 64 18 9 6 30 2 34 11 3 43 10 50 48 26 61 41 62 0 15 55 19 63 24 28 5 25 46 4 21 57 16 27 7 54 42 29 22 37 32 13 8 23 60 31 53 35 14 38 1 45 52 56 58 51 44 17 40 20 39 
50 26 61 41 62 0 15 55 19 63 24 28 5 25 46 4 21 16 29 42 32 2 30 6 9 13 8 23 60 31 53 10 43 3 11 34 37 22 57 27 7 54 18 64 36 33 49 59 47 12 39 20 17 44 40 51 58 56 52 45 1 38 35 14 48 
11 34 37 29 22 57 21 4 46 25 5 28 24 63 19 55 15 0 62 41 61 26 50 48 14 35 38 1 45 52 56 58 51 44 40 17 39 20 59 47 12 33 49 36 64 18 9 6 30 2 32 42 16 7 27 54 13 8 23 60 31 53 10 43 3 
7 54 6 9 18 64 36 49 33 12 47 59 20 39 17 40 44 51 58 56 52 45 1 38 35 14 48 50 61 26 41 62 0 15 55 19 63 24 28 5 25 46 4 21 22 57 37 34 42 32 2 30 13 8 23 60 31 53 10 43 3 11 29 16 27 
8 23 60 31 53 35 14 38 1 45 52 56 58 51 44 40 39 17 20 59 47 12 33 49 36 64 18 9 6 30 2 32 34 37 22 57 29 42 7 54 27 16 21 4 46 25 5 28 24 63 19 55 15 0 62 41 61 26 50 48 10 43 3 11 13 
60 23 8 13 9 6 30 2 32 37 34 11 3 43 10 61 41 62 0 15 55 19 63 24 28 5 46 25 4 21 57 22 29 42 7 27 16 54 18 64 36 33 49 59 47 12 39 17 44 40 58 56 52 45 1 38 35 14 48 26 50 53 31 51 20 
14 35 38 1 45 52 56 58 51 44 40 17 39 20 47 59 12 33 49 36 64 18 9 6 30 2 32 37 34 11 3 43 10 61 41 62 0 15 55 19 63 24 28 5 25 46 4 21 16 29 22 57 42 27 7 54 13 8 23 60 31 53 50 26 48 
13 30 2 32 42 29 22 57 21 4 46 25 5 28 24 63 19 55 15 0 62 41 61 50 26 48 14 35 38 1 45 52 56 58 51 31 53 10 43 3 11 34 37 16 7 27 54 6 9 18 64 36 49 33 12 47 59 39 17 44 40 20 60 23 8 
8 23 60 20 17 44 40 39 12 47 59 49 33 36 64 18 9 13 2 30 6 54 7 27 16 22 57 25 46 4 21 29 42 32 37 34 11 3 43 10 63 5 28 24 19 55 15 0 62 41 61 26 50 48 14 35 38 1 45 52 56 58 51 31 53 
16 29 42 32 2 30 6 9 18 64 36 33 49 59 47 12 39 17 44 40 58 56 52 45 1 38 35 14 48 26 61 41 62 0 15 55 19 63 24 28 5 25 46 4 21 57 22 37 34 11 3 43 10 50 53 31 51 20 60 23 8 13 54 7 27 
42 32 37 29 22 57 16 7 27 21 4 46 25 5 28 24 63 19 55 15 0 62 41 61 26 50 48 14 35 38 1 45 52 56 58 40 17 44 51 31 53 10 43 3 11 34 2 30 6 9 18 64 36 33 49 59 47 12 39 20 60 23 8 13 54 
45 1 38 35 14 48 26 61 41 62 0 15 55 19 63 24 28 5 25 46 4 21 57 16 22 29 42 7 27 54 6 9 18 64 36 49 33 12 47 59 20 60 23 8 13 30 2 32 37 34 11 3 43 10 50 53 31 51 44 17 39 40 58 56 52 
16 29 42 32 37 22 57 21 4 46 25 5 28 24 63 19 55 15 0 62 41 61 26 48 50 53 31 51 44 17 40 58 56 52 45 1 38 35 14 10 43 3 11 34 2 30 6 9 18 64 36 33 49 59 47 12 39 20 60 23 8 13 54 7 27 
8 23 60 20 17 44 40 39 12 47 59 49 33 36 64 18 9 6 30 2 32 37 22 57 16 29 42 54 7 27 21 4 46 25 5 28 24 63 19 55 15 0 62 41 61 26 48 14 35 38 1 45 52 56 58 51 31 53 50 10 43 3 11 34 13 
54 6 30 2 34 32 37 29 16 22 57 42 7 27 21 4 46 25 5 28 24 63 19 55 15 0 62 41 61 26 50 48 14 35 38 1 45 52 56 58 40 17 44 51 31 53 10 43 3 11 8 23 60 20 39 12 47 59 49 33 36 64 18 9 13 
8 23 60 20 17 44 40 39 12 47 59 49 33 36 64 18 9 6 54 42 32 37 57 22 29 16 7 27 21 4 46 25 5 28 24 63 19 55 15 0 62 41 61 26 50 48 35 14 38 1 45 52 56 58 51 31 53 43 10 3 11 34 2 30 13 
4 21 57 22 29 42 32 2 30 6 54 7 27 16 37 34 11 3 43 10 61 26 50 53 31 60 23 8 13 9 18 64 36 49 33 12 47 59 20 39 17 44 40 51 1 45 58 56 52 38 35 14 48 41 62 0 15 55 19 63 24 28 5 46 25 
62 41 61 26 50 48 14 35 38 1 45 52 56 58 51 44 17 20 40 39 47 59 12 33 49 36 64 18 9 6 54 7 42 32 2 30 13 8 23 60 31 53 10 43 3 11 34 37 29 22 57 16 27 21 4 25 46 5 28 24 63 19 55 15 0 
10 43 3 11 34 37 57 22 29 42 32 2 30 6 9 13 8 23 60 20 17 44 51 1 45 52 56 58 40 39 12 47 59 49 33 36 64 18 54 7 27 16 21 4 46 25 5 28 24 63 19 55 15 0 62 41 61 26 50 48 14 35 38 31 53 
14 38 1 45 52 56 58 51 44 17 40 39 12 47 59 49 33 36 64 18 6 30 2 32 42 29 22 57 37 34 11 3 43 10 53 31 23 8 60 20 13 9 54 7 27 16 21 4 46 25 28 5 24 63 19 55 15 0 62 41 61 26 50 48 35 
12 47 59 49 33 36 64 18 9 6 30 2 32 42 29 22 57 37 34 11 3 43 10 61 41 62 0 15 55 19 24 63 5 28 25 46 4 21 16 27 7 54 13 8 23 60 31 53 50 26 48 14 35 38 1 45 52 56 58 51 44 40 39 17 20 
30 2 32 37 34 11 3 43 10 61 26 50 48 41 62 0 15 55 19 63 24 28 5 25 46 4 21 22 57 16 29 42 7 27 54 6 9 18 64 36 49 33 12 47 59 20 39 17 44 40 51 58 56 52 45 1 38 35 14 53 31 60 23 8 13 
31 53 51 44 17 39 40 58 56 52 45 1 38 35 14 48 26 41 62 0 15 55 19 63 24 28 5 25 46 4 21 57 22 29 42 32 34 2 30 13 8 23 60 20 59 47 12 33 49 36 64 18 9 6 54 7 27 16 37 11 3 43 10 61 50 
6 9 18 64 36 49 33 12 47 59 20 39 40 17 44 51 58 56 52 45 1 38 35 14 48 61 41 62 0 15 55 19 24 63 28 5 25 46 4 21 57 22 29 42 32 2 30 13 8 23 60 31 53 50 26 10 43 3 11 34 37 16 7 27 54 
8 23 60 20 17 40 44 51 58 56 52 45 1 38 35 14 48 26 61 41 62 0 15 55 19 63 24 28 5 25 46 4 21 57 22 29 16 27 7 54 6 9 30 2 32 42 37 34 11 3 43 10 50 53 31 39 12 47 59 49 33 36 64 18 13 
13 30 2 32 37 34 11 3 43 10 61 26 48 14 35 38 1 45 52 56 58 51 44 40 17 39 20 60 23 8 53 31 50 41 62 0 15 55 19 24 63 5 28 25 46 4 21 57 22 29 42 16 7 27 54 6 9 18 64 36 49 33 12 47 59 
21 4 46 25 5 28 24 63 19 55 15 0 62 41 61 26 50 48 14 35 38 1 45 52 56 58 40 17 44 51 31 53 23 8 60 20 39 12 47 59 49 33 36 64 18 9 6 30 2 32 42 29 22 57 37 34 11 3 43 10 13 54 7 27 16 
