13031.639187
12899.148248
13016.857024
13096.649919
13111.588283
13016.288015
13176.799094
13309.404340
12767.867729
12934.577140
13232.088205
13158.849951
12955.998782
13094.846958
12964.946685
12892.884120
12884.380873
13090.582848
13225.126953
13169.447249
13025.820505
12991.001553
13037.504375
13148.795912
13217.970151
13213.988216
13144.129402
13222.128279
13267.296763
13267.296763
13312.287035
13209.486507
13321.120591
12898.407292
13222.731076
12922.355237
12968.146697
13134.840602
13130.344033
13181.017514
12887.676085
13028.762385
12976.613207
13171.556349
13226.459750
13054.686007
13068.703024
13183.943882
13174.544532
13318.857207
13226.882192
13000.929316
13210.561337
13005.203814
13147.758955
13259.599361
13260.216468
12870.234888
13141.487848
12648.866238
13103.240206
13138.481722
12917.777876
13251.457250
13244.464944
13077.391605
13213.653746
12999.924309
13079.850941
13212.323538
13131.997667
12844.071618
13015.382539
13021.190121
12988.327704
12625.708071
12850.777563
12950.486799
12992.101327
13113.698757
13026.211532
13154.723429
13257.051422
13200.189743
13044.930489
12880.155867
13136.879918
13190.561415
13023.732697
13094.849780
12997.879416
13219.729446
13124.363570
13050.692444
13368.330252
13169.262685
13199.306907
13081.028547
13051.137129
13041.990672
