17766.916307
18255.415115
18109.144127
18294.849165
18091.320215
18037.051528
17994.185826
18015.761921
18096.050041
18064.395140
18259.325852
17987.618513
17842.212328
18330.557908
18078.666628
18210.656099
18067.001967
18391.871430
18147.545985
17918.817212
18403.377435
18291.540376
18185.082674
18254.172451
18113.583691
18227.351278
18258.256806
18057.232649
18142.438602
18140.275649
18005.254814
17721.795570
18211.477219
18166.259755
17881.395082
18185.082674
18247.202558
18285.231371
17818.784108
18088.750187
18156.177302
17970.466826
18262.510769
18130.894469
17968.247831
17919.441534
18467.205534
18415.904305
18394.212681
18185.082674
18213.983120
18359.767042
18319.114944
18238.295066
17928.813713
18249.613398
18210.522876
17785.658480
17898.814846
18130.356711
18079.197635
18163.350108
17706.142518
18062.255467
18110.755992
18211.554499
17871.089332
17844.772404
18192.887907
18179.234682
18044.577985
17837.215938
18127.933705
18489.906547
18014.066232
18043.171496
18341.826027
18294.014144
18173.572668
18082.505194
18112.347379
18138.109052
18367.261864
18062.193529
17721.795570
18281.413530
17740.366414
18127.924322
18154.909851
18330.427380
18139.432875
18268.836175
18215.701160
17902.718047
17940.702825
17602.120439
18002.911005
18275.825716
18132.540164
18335.890276
