11553.466701
11399.810078
11300.706637
11624.432967
11633.297225
11369.040619
11426.832910
11446.877011
11466.462081
11712.520981
11765.136619
11345.271944
11415.425812
11592.562869
11498.275858
11576.131059
11857.009801
11599.818596
11518.099732
11483.431017
11399.810078
11520.017000
11332.761306
11665.787643
11354.908630
11424.519534
11424.519534
11524.618235
11621.622067
11443.020732
11631.841758
11539.643477
11575.704535
11665.909445
11483.431017
11593.867099
11663.932394
11620.727722
11540.033476
11702.373626
11724.288821
11649.195811
11472.562210
11523.197143
11575.937954
11507.092875
11663.415747
11689.765352
11410.829584
11581.004468
11410.829584
11413.213470
11607.005994
11483.431017
11372.850791
11446.877011
11575.275540
11489.565086
11475.851123
11483.431017
11446.877011
11610.879634
11715.281252
11628.446812
11563.468069
11483.462993
11360.034785
11348.403738
11444.319695
11483.431017
11471.501594
11599.451542
11421.556936
11494.631390
11656.432284
11493.575327
11345.271944
11514.625291
11571.104341
11483.431017
11456.513697
11708.560048
11460.298088
11598.148056
11544.482432
11612.554739
11585.036084
11646.163582
11585.036084
11544.455776
11649.595257
11432.015879
11345.271944
11537.621601
11393.535136
11427.913828
11520.017000
11612.827397
11419.309123
11622.860246
