11640.537717
11657.722484
11484.706985
11597.720689
11626.912643
11689.989803
11695.429059
11597.458041
11628.313294
11696.775685
11745.450016
11663.358418
11620.255118
11719.898755
11602.718447
11744.295535
11537.249861
11698.931779
11700.066467
11725.113334
11691.886898
11630.519808
11640.053144
11657.722484
11551.568162
11657.722484
11668.697858
11528.273300
11745.450016
11532.386668
11652.775832
11616.577257
11692.386564
11591.455026
11703.055011
11407.341665
11573.690302
11657.722484
11484.706985
11782.174694
11865.279063
11663.358418
11597.434613
11703.164904
11653.017698
11597.458041
11796.118239
11740.757028
11631.087231
11692.248476
11776.571819
11503.358522
11719.112616
11660.666061
11726.591129
11713.693557
11687.770145
11726.591129
11709.831483
11612.559502
11675.420967
11741.634169
11866.356536
11800.328991
11499.340767
11612.559502
11691.886898
11762.374359
11560.931496
11678.855992
11584.031022
11745.027592
11661.417834
11589.836277
11587.068299
11573.690302
11665.539661
11775.331893
11659.306990
11745.450016
11745.450016
11610.815543
11497.443672
11679.431632
11717.809978
11632.137582
11745.450016
11681.903830
11745.133831
11657.722484
11791.545300
11703.164904
11653.017698
11792.373959
11792.373959
11663.358418
11616.577257
11631.151314
11726.591129
11726.591129
