19028.009510
18615.660252
18804.672913
18899.054259
18906.851125
18775.133563
18513.344720
18857.865488
18736.215874
18980.616626
18949.893414
18645.618847
18904.026467
18834.441936
19143.058695
18689.297527
19081.628803
18997.606297
18977.698976
18951.618847
18992.792352
18840.296080
18727.034003
18966.232470
18739.311701
18803.921742
18642.774828
18890.119864
18997.408609
18777.710857
18882.973461
18187.355621
18623.404709
18962.204591
18708.065217
18681.467090
18828.066477
19083.567939
18874.507085
19073.961175
19098.121496
18508.619434
18873.819953
18682.080579
18942.033432
18337.432095
18497.539826
18437.024956
18489.607521
18568.911616
18853.504646
18682.846566
18981.733140
18688.690162
18710.330055
19122.327250
18586.922849
18773.540623
18558.846514
18931.974758
18778.083186
18668.049162
18898.187062
18806.574944
18719.926173
18441.651466
18624.109272
18877.451271
19029.022009
18967.938717
18548.729809
19071.160807
18836.544172
18774.438425
18683.528679
19254.867920
19039.343217
18603.153312
19003.342293
18620.625669
18823.865959
18960.539354
18550.107443
18904.310004
18786.693008
18913.302347
18598.480840
18790.924208
18654.612821
18958.209853
18765.573350
18880.150706
18776.241448
18788.216019
18953.646581
19037.086517
18638.135396
19085.711328
18936.100305
18513.344720
