18591.104619
18788.579803
18743.169740
18740.079945
18281.935029
18236.395157
18745.647221
18600.241024
19033.254907
18754.984285
18646.192893
18798.600116
18779.740259
18263.726612
18775.425605
18478.199985
18914.712509
18286.761165
19023.595714
18982.299129
18756.695128
18777.579386
18696.678969
18820.417200
18791.580241
18485.160506
18757.809040
18880.779010
18236.395157
18380.234333
18974.421701
18812.446087
18727.953752
18614.744727
18543.066411
18628.816700
18829.558943
18789.914101
18720.370996
18488.558585
18428.232931
18813.744293
18752.493151
18573.779994
18827.280010
18950.757844
18955.133622
18995.297928
18614.958181
18281.935029
18286.761165
18634.859900
18812.617565
18702.680605
18923.136567
18511.371915
18430.456623
18708.397694
18607.077635
18717.214460
18771.707733
18570.390893
18825.273834
18752.649671
18442.869115
18675.200026
18301.528396
18577.421291
18940.571191
18335.559568
18672.551022
18706.079801
18281.935029
18236.395157
18996.792690
18870.541739
18744.212768
18477.668480
18638.411421
18878.313680
19005.651048
18631.461018
18583.054929
18281.935029
18810.207439
18486.217542
18345.736735
18793.576957
18359.804595
18451.934358
18899.019938
18877.135043
18308.654919
18755.203115
18889.930637
18321.179300
18672.312172
18779.293976
18868.522302
18554.522143
