14835.585427
14841.901681
14675.400428
14574.817058
14799.240876
14383.221079
14670.886269
14859.782086
14920.004025
14594.039462
14306.458599
14602.080884
14306.458599
14914.015070
14970.269923
14696.113296
14824.262222
14641.149693
14964.060452
14652.657434
14726.618599
14723.536934
14642.144234
14302.343533
14927.311262
14797.971448
14830.437887
15097.006218
14636.449773
14824.494058
14693.127432
14857.519628
14845.434444
14459.012990
14386.360570
14630.069396
14643.458810
15053.498420
14627.887132
14504.908342
14855.166719
14640.921778
14636.371750
14929.376849
14589.864189
14759.589924
14992.623532
14586.405229
14961.250839
14784.436283
14729.556408
14808.319162
14671.018011
15057.128070
14395.790990
14807.813656
14915.579201
14858.512357
14859.822689
14654.147521
14863.369013
14946.445106
14916.927121
14948.956660
14813.447433
14755.617367
14747.001640
14622.851838
14830.637990
14680.693748
14944.235641
14694.541830
14683.032425
14666.542056
14731.296011
14822.111872
14819.803379
14615.650905
14755.642644
14732.959133
14802.222788
14799.976841
14969.525717
14624.498921
14941.600389
14727.274946
14478.452204
14796.229250
14651.831468
14784.153887
14781.788034
14703.460943
14897.489962
14801.774518
15011.233283
14524.259755
15013.666351
14509.088066
15013.336023
14675.028560
