7320.438686
7317.880332
7358.287557
7358.287557
7332.391967
7332.391967
7332.391967
7332.391967
7332.391967
7332.391967
7332.391967
7290.214597
7332.391967
7320.438686
7290.214597
7332.391967
7332.391967
7411.568063
7318.156008
7318.156008
7332.391967
7332.391967
7441.398943
7332.116291
7346.609952
7411.568063
7332.116291
7332.116291
7332.116291
7332.391967
7332.391967
7290.214597
7290.214597
7290.214597
7290.214597
7290.214597
7290.214597
7332.391967
7290.214597
7290.214597
7332.116291
7290.214597
7332.391967
7318.156008
7318.156008
7353.843594
7312.280526
7312.280526
7290.214597
7318.156008
7318.156008
7332.391967
7332.391967
7318.156008
7318.156008
7332.391967
7230.994992
7332.391967
7286.109260
7286.109260
7332.391967
7332.391967
7332.391967
7332.391967
7332.391967
7332.391967
7332.391967
7318.156008
7344.327273
7332.391967
7467.570208
7318.156008
7318.156008
7332.391967
7344.327273
7358.563233
7332.391967
7318.156008
7332.391967
7275.978638
7344.327273
7290.214597
7332.391967
7332.391967
7332.391967
7332.391967
7104.872612
7104.872612
7332.391967
7209.556452
7290.214597
7290.214597
7318.156008
7318.156008
7230.994992
7230.994992
7230.994992
7318.156008
7379.213438
7332.391967
