13441.846045
13342.754928
13226.682448
13446.959307
13436.002542
13269.556875
13491.990923
13427.478400
13437.582275
13450.349918
13631.037027
13470.415292
13543.860094
13346.408461
13373.683609
13531.805490
13455.585792
13372.568332
13518.815008
13327.466652
13327.466652
13510.907974
13399.942425
13649.024525
13455.845725
13566.896973
13254.938803
13477.667355
13568.301313
13554.855961
13329.784214
13620.040371
13513.046407
13559.084163
13429.250639
13645.172456
13518.244230
13285.372512
13285.372512
13506.097711
13490.342494
13353.113172
13634.795024
13488.059267
13479.985866
13184.083816
13353.483755
13549.188661
13556.899360
13668.677692
13632.118019
13282.053890
13421.392221
13457.259477
13385.228957
13154.753131
13256.147767
13665.206841
13381.798267
13366.770144
13490.260783
13661.791638
13253.344581
13369.607886
13664.666132
13487.734563
13424.307479
13343.363651
13615.383142
13645.131927
13340.771192
13454.413708
13445.959511
13417.503324
13575.650025
13516.584226
13278.080592
13658.262627
13589.934951
13398.061139
13482.201206
13451.985769
13599.906054
13563.280080
13204.548935
13275.540175
13472.291911
13408.693435
13373.990912
13489.946620
13377.046418
13337.077045
13562.471551
13230.402996
13540.680005
13486.606555
13511.812493
13480.366701
13317.852505
13611.767811
