10346.430227
10185.112236
10278.719021
10107.345666
10442.659731
10337.732810
10450.529856
10404.467522
10216.706726
10266.199761
10251.119489
10150.222900
10333.223023
10250.157317
10348.349506
10263.800521
10250.157317
10241.916185
10451.813784
10350.023432
10385.913925
10250.273292
10266.199761
10183.250030
10323.061332
10263.634723
10268.061966
10332.111767
10190.295396
10297.794252
10255.322515
10399.230276
10474.338854
10250.157317
10175.822710
10268.061966
10365.663710
10214.844521
10248.411087
10185.112236
10333.107048
10238.412225
10075.751175
10306.138319
10455.926199
10214.844521
10305.426884
10218.691694
10373.045606
10140.912232
10371.496888
10268.061966
10268.061966
10255.745118
10107.045930
10107.045930
10225.292096
10140.912232
10223.861962
10465.749203
10160.638719
10333.107048
10183.250030
10334.013559
10383.767716
10333.107048
10173.053184
10268.061966
10214.844521
10248.411087
10250.157317
10250.273292
10231.793763
10265.244354
10266.199761
10214.844521
10333.107048
10268.061966
10291.299350
10183.250030
10267.945991
10181.817391
10144.228219
10248.411087
10382.728298
10301.641425
10150.222900
10216.590751
10321.163971
10198.639464
10132.434226
10299.656457
10281.391210
10158.700906
10184.996261
10250.273292
10299.540482
10216.590751
10349.547301
10250.157317
