9758.102823
9676.350675
9738.007418
9745.427428
9738.007418
9738.007418
9738.007418
9750.917358
9641.376295
9641.376295
9701.637213
9738.007418
9781.420470
9767.434618
9676.350675
9695.004160
9781.376327
9862.987417
9781.376327
9738.007418
9767.434618
9715.662329
9767.434618
9767.434618
9767.434618
9767.434618
9715.662329
9701.637213
9671.635623
9701.637213
9701.637213
9738.007418
9738.007418
9738.007418
9701.637213
9701.637213
9738.007418
9803.804823
9862.987417
9862.987417
9741.677277
9615.361347
9738.007418
9701.637213
9701.637213
9862.619758
9782.228421
9799.355449
9758.102823
9862.987417
9862.987417
9779.619905
9615.361347
9781.376327
9781.376327
9781.376327
9781.376327
9856.230906
9781.376327
9781.376327
9862.987417
9863.839512
9781.376327
9732.087875
9781.429401
9615.361347
9738.007418
9701.637213
9738.007418
9671.635623
9701.637213
9701.637213
9701.637213
9671.635623
9701.637213
9701.637213
9781.420470
9738.007418
9702.724326
9738.007418
9862.987417
9821.256525
9803.804823
9803.804823
9856.230906
9738.007418
9745.427428
9701.637213
9701.637213
9738.007418
9889.604116
9846.600859
9792.972993
9781.376327
9738.007418
9738.007418
9856.230906
9767.434618
9701.637213
9615.361347
