14186.583570
14154.523775
13672.257483
13805.057830
13942.282310
13767.321276
13838.812395
13886.594785
13769.608844
13740.072743
14089.629830
13765.698727
13889.109092
14027.672290
13818.454038
14102.225557
13893.861037
14169.320412
13922.790755
13842.935197
13831.410938
13995.653711
13786.486576
14025.622279
13982.741757
13890.115569
13898.816473
13984.572804
13842.009188
13541.741381
13872.094860
13652.856192
13847.578315
13871.407729
14036.618159
13886.426281
13953.512654
14001.932848
13732.559072
13977.149531
14013.766201
13698.947023
13712.137429
13905.624732
14005.701453
13996.547577
13972.612785
14001.705375
14120.494944
13961.960600
13999.811830
13953.407374
13703.802247
13782.583039
13740.072743
13895.188822
13945.026745
13809.460216
14028.065352
13903.172775
13955.268348
14010.794907
13782.583039
14085.955597
13945.454862
14099.316355
13748.614915
13766.625497
14152.952931
13987.525420
13657.653181
14131.560297
13962.232970
13902.011917
13941.554858
14136.177436
13740.072743
13740.762026
13929.426476
13875.456938
14023.893173
13986.160202
14221.207789
13662.124490
13849.022131
14012.946430
13921.794432
13750.176268
13984.663271
14047.317569
13835.253382
13991.951627
14048.180668
13747.929871
14124.806971
13979.374028
13977.441198
13866.610584
13740.072743
13928.885317
