16666.085351
17152.496991
16766.324855
16928.587243
16881.099720
16646.091273
16961.098557
17225.325155
16950.547758
17017.157253
17085.975528
16840.333433
16769.218056
16750.739712
16889.303703
17228.418194
17061.617867
17083.591361
17009.787677
16891.353458
17106.006424
16842.089825
16852.536200
16627.059612
16589.446699
16596.529111
16738.408974
16895.049574
16849.517604
17075.138115
16947.618106
16986.838744
17101.677444
16872.066626
16749.898800
16852.615866
16700.648236
16722.210283
17066.900056
16911.582953
16859.486575
16563.476802
16705.819486
16967.196842
16843.317192
17094.044748
17076.634545
17061.987694
16975.422531
16914.485574
17074.222635
17132.807498
16692.076210
17019.484846
16736.993920
16739.878005
16779.761235
17044.656847
16804.001508
16769.218056
16890.712844
16879.952557
16535.257498
16645.100930
16760.135380
17164.110157
16768.787348
17037.829914
16741.338449
16852.536200
17078.424865
17070.783726
17004.199901
17016.690682
16967.109885
16800.750117
16895.093373
16847.530861
16984.460468
16924.704306
16814.681791
16715.022393
17049.708755
16707.863915
17059.928498
16962.938522
16804.922458
16749.169238
17015.064262
16792.535349
16940.045435
16233.734043
16895.095672
16897.152640
16818.683520
16866.025098
17049.412784
16628.577992
16920.675664
16869.464311
