9197.171392
9121.407985
9326.878957
9221.741765
9197.171392
9197.171392
9197.171392
9197.171392
9197.171392
9121.407985
9121.407985
9197.171392
9197.171392
9121.407985
9121.407985
9450.576594
9197.171392
9431.528776
9197.171392
9197.171392
9197.171392
9197.171392
9197.171392
9263.966833
9197.171392
9121.407985
9121.407985
9221.741765
9197.171392
9184.320109
9197.171392
9197.171392
9197.171392
9431.528776
9456.099148
9351.646682
9197.171392
9431.528776
9121.407985
9121.407985
9197.171392
9197.171392
9197.171392
9197.171392
9197.171392
9197.171392
9197.171392
9197.171392
9197.171392
9263.966833
9197.171392
9197.171392
9197.171392
9197.171392
9197.171392
9369.523890
9197.171392
9197.171392
9197.171392
9197.171392
9376.217054
9351.646682
9197.171392
9197.171392
9197.171392
9197.171392
9197.171392
9197.171392
9197.171392
9221.741765
9221.741765
9197.171392
9221.741765
9197.171392
9197.171392
9197.171392
9121.407985
9197.171392
9221.741765
9221.741765
9221.741765
9197.171392
9197.171392
9197.171392
9221.741765
9197.171392
9197.171392
9197.171392
9197.171392
9197.171392
9197.171392
9121.407985
9197.171392
9197.171392
9197.171392
9121.407985
9121.407985
9197.171392
9431.528776
9121.407985
