18138.730863
18002.912500
17631.208298
18043.684304
18002.030116
18137.224007
17952.930546
18176.261077
17940.005102
17958.802756
18190.685542
17693.315404
17982.164693
18320.121352
17638.398141
17830.070894
18092.546905
18132.135902
18129.324251
17905.458981
17973.491102
18020.724829
18071.342048
17974.732143
17863.556708
17951.271616
17752.401635
18027.852216
17857.012176
18037.313859
18096.840271
17992.070018
17791.821223
18239.989656
17667.469454
17659.497434
18054.665973
18034.316413
17634.403486
17909.900416
18024.982062
18080.452517
17748.659498
18266.951082
18082.796471
18145.107147
17995.765090
17976.830571
18207.972166
18146.140440
17992.393266
18113.360487
17971.749062
18138.536148
17987.586723
17919.066690
17702.860781
18089.162795
17674.656005
17932.102886
18021.405819
18139.142553
17549.071046
17707.199961
18098.304634
18122.054422
17920.138538
18130.071880
17707.788320
18157.058639
17900.172651
17693.111097
18028.599568
18090.182265
17711.440476
18273.099421
18150.854116
18247.461608
17764.917175
18232.709291
17983.460941
17752.145725
18253.761508
18054.418052
18123.757645
18130.693719
17618.917735
18076.429148
17942.363067
17630.050963
17947.314187
17645.519298
18221.981805
17646.823157
18064.118462
17737.187282
17999.412185
17916.103753
17718.339358
18056.766785
