14472.046890
13932.489694
14180.606170
14112.859177
14072.970818
14326.941006
13990.191306
14361.334262
14173.342961
14094.999330
14255.520884
14056.356460
14247.520062
14308.203193
14112.859177
14132.245469
14163.923660
14081.940906
14354.836357
14280.063133
14081.856078
14047.754468
14372.861659
14155.763479
14309.817589
14079.036350
14514.995697
14244.686531
14283.915645
14362.491922
14123.456393
14042.843368
14203.944375
14185.183075
14171.883611
14215.049181
14225.745241
14338.699320
13835.434578
14374.505740
14333.217154
14238.498278
14220.143496
14072.263751
14132.394184
14160.035590
14029.313312
14215.634957
14256.318889
13886.597218
13970.106660
14303.448332
14079.036350
14197.806796
14324.993421
14290.997072
13799.351660
14244.686531
14090.826706
14246.934390
14215.049181
14414.840413
14292.065280
14365.531605
14156.556141
14187.338264
14091.290597
14283.527404
14298.068755
14327.812622
14304.821311
14180.026092
14280.047587
14006.986928
14168.027612
14106.622217
14270.880527
14278.825610
14347.587712
14170.122821
14172.495394
14119.114629
14188.994360
14207.261649
13958.502387
14168.439502
13946.091044
14349.507694
14168.139049
14183.980942
14437.658705
14243.424263
14476.329057
14283.527404
14011.078172
14275.035270
14206.882094
14125.211067
14360.353842
14314.580130
