15987.541464
15873.887000
16094.847438
16160.309739
16153.153154
15598.846993
16341.653815
16156.942498
16090.076813
16102.611620
16100.019751
15987.541464
15845.122646
16057.799955
16118.069081
16192.748064
15911.913788
16147.662320
16101.534060
16132.284677
16179.442028
15948.274589
16007.310618
16089.777469
15952.949040
16029.442057
15911.005344
16179.175138
16070.855639
16206.902372
16272.874023
15987.541464
15946.959914
15949.781035
16097.124114
16137.059284
16027.785375
16214.025591
16101.401788
16028.993694
16067.915472
15980.005051
16068.832546
16289.672931
15957.047123
16140.609863
15925.717337
15602.318393
16186.706662
16058.262188
16330.349860
15810.214344
16097.655847
15940.665843
16163.556396
15919.464994
15691.695893
16188.640719
16330.544857
15922.692988
15880.243214
16270.249302
16216.748695
16040.085452
15941.036179
16143.637755
15845.321392
16049.287778
16205.816634
15987.541464
16060.372546
15984.508625
16192.748064
15979.542722
15950.642589
16064.686181
16272.269088
16024.129372
16115.964319
16244.714109
16092.473124
16063.872361
16172.467441
16033.020022
16084.606381
16109.583494
16187.439561
15771.929414
15955.804911
16015.535984
16205.204644
16015.216639
15862.311104
16078.805868
15918.488408
16212.575433
16226.424756
16070.768078
15954.699661
16192.055215
