24363.000000
24274.000000
23903.000000
23804.000000
24031.000000
23790.000000
24098.000000
23982.000000
24101.000000
24492.000000
23419.000000
24203.000000
23628.000000
23281.000000
23283.000000
23792.000000
24235.000000
23876.000000
24108.000000
23662.000000
23867.000000
24077.000000
24126.000000
23873.000000
23905.000000
23926.000000
24209.000000
24042.000000
23980.000000
24051.000000
24126.000000
23859.000000
23697.000000
23919.000000
23970.000000
23907.000000
23165.000000
23644.000000
23773.000000
23866.000000
24098.000000
24476.000000
24156.000000
23841.000000
22995.000000
23761.000000
23771.000000
24444.000000
23985.000000
23662.000000
24087.000000
24619.000000
24045.000000
23867.000000
24212.000000
24461.000000
23873.000000
23873.000000
23841.000000
23435.000000
23435.000000
23980.000000
23228.000000
23801.000000
23055.000000
23055.000000
24096.000000
23657.000000
23977.000000
23969.000000
23966.000000
24177.000000
23678.000000
23753.000000
23991.000000
24259.000000
24088.000000
23796.000000
23796.000000
23722.000000
23722.000000
23814.000000
23559.000000
24057.000000
23860.000000
24277.000000
23506.000000
23974.000000
24383.000000
23969.000000
23914.000000
24098.000000
24005.000000
24255.000000
23537.000000
23615.000000
23918.000000
23918.000000
24104.000000
24404.000000
