23955.000000
23776.000000
23773.000000
24046.000000
24115.000000
23644.000000
23674.000000
23477.000000
24356.000000
23099.000000
24234.000000
23333.000000
23792.000000
23710.000000
23710.000000
22790.000000
22790.000000
23590.000000
24407.000000
23939.000000
23698.000000
23583.000000
24445.000000
24124.000000
24246.000000
23812.000000
24090.000000
24133.000000
24284.000000
24119.000000
24119.000000
24141.000000
23891.000000
24487.000000
23348.000000
23522.000000
24361.000000
23802.000000
23802.000000
23560.000000
23800.000000
24169.000000
23717.000000
23610.000000
23495.000000
24255.000000
24475.000000
23710.000000
23710.000000
22456.000000
23676.000000
23587.000000
24286.000000
24286.000000
24117.000000
23919.000000
24302.000000
23557.000000
24019.000000
23754.000000
23754.000000
23802.000000
24001.000000
23281.000000
23281.000000
24403.000000
23837.000000
23436.000000
23151.000000
23911.000000
24221.000000
23148.000000
23592.000000
23592.000000
24181.000000
23153.000000
24089.000000
23845.000000
24042.000000
23921.000000
23921.000000
24111.000000
24111.000000
23527.000000
23948.000000
23384.000000
24180.000000
24150.000000
23575.000000
23575.000000
23875.000000
24440.000000
23434.000000
23754.000000
23918.000000
23644.000000
23644.000000
23523.000000
23523.000000
24402.000000
