24432.932325
89412.954302
90252.388976
89480.698833
87880.417491
91268.421132
89379.350633
89379.350633
89595.494639
91086.325156
90361.946552
88513.902427
91639.370033
89379.350633
90116.773914
92088.187654
90916.443433
90205.373517
90186.029513
91852.558335
91281.980187
88379.421174
90678.812719
88336.863828
88731.379865
90818.728215
86460.599240
87880.417491
90484.398265
89549.705121
89549.705121
91358.170214
89240.229641
89911.147226
87313.074761
87319.068293
91573.318191
90116.773914
91635.856680
90432.733059
90602.433593
92594.080770
91576.229019
91547.883597
89956.712768
85730.448253
91456.871037
91306.931514
91431.905823
89487.178204
89724.465465
91473.012313
89803.655519
91422.852491
89939.717421
89618.374685
91961.902729
92226.362762
89501.782128
89282.555565
91574.908331
91565.257102
90862.986798
91161.810390
92558.561255
86505.398460
89184.260756
87601.284768
91796.983669
90807.126525
92449.285236
90843.292828
91595.342162
89404.057095
89404.057095
89121.443843
91371.096324
87235.367916
87235.367916
88023.873438
89381.395689
89381.395689
89724.465465
91052.794789
89474.150859
92337.832683
91842.403763
91472.167992
89294.167192
88202.179390
88202.179390
91213.479419
87431.603967
92837.071258
89855.026747
89806.154085
91172.733186
90618.073723
87601.284768
90965.467228
