23347.000000
23694.000000
23662.000000
23400.000000
23753.000000
22826.000000
23224.000000
23229.000000
24119.000000
23742.000000
23855.000000
23686.000000
22624.000000
23424.000000
23754.000000
23090.000000
22771.000000
22050.000000
23566.000000
23653.000000
22500.000000
23764.000000
23324.000000
22690.000000
23490.000000
23949.000000
22917.000000
24081.000000
23994.000000
23453.000000
23300.000000
23850.000000
23553.000000
23180.000000
23893.000000
23549.000000
22530.000000
23753.000000
23451.000000
23013.000000
23224.000000
23895.000000
23710.000000
23606.000000
23060.000000
23492.000000
23708.000000
23567.000000
24014.000000
24070.000000
23663.000000
23365.000000
23365.000000
23935.000000
23185.000000
23437.000000
22690.000000
23431.000000
23434.000000
23063.000000
23063.000000
23915.000000
23050.000000
24039.000000
23855.000000
23924.000000
23618.000000
23992.000000
23923.000000
24204.000000
23924.000000
23778.000000
23713.000000
23364.000000
23921.000000
23453.000000
23377.000000
23934.000000
23224.000000
23158.000000
23158.000000
23968.000000
22529.000000
24364.000000
22804.000000
23587.000000
23431.000000
23811.000000
23542.000000
22690.000000
22690.000000
23880.000000
23880.000000
23300.000000
23768.000000
23156.000000
23156.000000
23063.000000
23768.000000
23050.000000
