20564.000000
20498.000000
20498.000000
93610.000000
92673.000000
90590.000000
88032.000000
88032.000000
88578.000000
88578.000000
90534.000000
90534.000000
91934.000000
91934.000000
92201.000000
91777.000000
90469.000000
90469.000000
90783.000000
91007.000000
93364.000000
91386.000000
92510.000000
92192.000000
89375.000000
91091.000000
91548.000000
93089.000000
90663.000000
93141.000000
91740.000000
92247.000000
90046.000000
91626.000000
90536.000000
92256.000000
92880.000000
89794.000000
90664.000000
90664.000000
90831.000000
90650.000000
87891.000000
87891.000000
92381.000000
90068.000000
88376.000000
91777.000000
93032.000000
90512.000000
92759.000000
91619.000000
93190.000000
92284.000000
91373.000000
91272.000000
92806.000000
89559.000000
89559.000000
92127.000000
92161.000000
91744.000000
91918.000000
91797.000000
91797.000000
92694.000000
90386.000000
90386.000000
93881.000000
92481.000000
90906.000000
90906.000000
91170.000000
89148.000000
91924.000000
92116.000000
87564.000000
88379.000000
93378.000000
92501.000000
91385.000000
89946.000000
89946.000000
92402.000000
91092.000000
91501.000000
90572.000000
90572.000000
91024.000000
88184.000000
88843.000000
93048.000000
90591.000000
90986.000000
93768.000000
92587.000000
92629.000000
88506.000000
89203.000000
91531.000000
