24290.000000
24436.000000
24201.000000
23792.000000
24091.000000
23996.000000
24022.000000
24102.000000
24279.000000
24289.000000
24093.000000
23830.000000
24285.000000
24349.000000
23615.000000
24133.000000
23270.000000
24172.000000
23738.000000
24095.000000
24325.000000
23904.000000
23457.000000
23457.000000
24035.000000
24037.000000
24452.000000
24247.000000
23860.000000
24462.000000
24052.000000
23561.000000
23561.000000
23855.000000
23958.000000
23735.000000
23740.000000
24367.000000
23705.000000
23282.000000
24136.000000
23271.000000
23958.000000
24178.000000
23861.000000
23861.000000
24098.000000
23914.000000
24029.000000
23722.000000
24009.000000
24023.000000
23655.000000
23655.000000
24495.000000
24053.000000
24231.000000
24133.000000
23869.000000
23465.000000
23465.000000
23799.000000
23581.000000
23581.000000
24288.000000
24288.000000
24263.000000
24057.000000
23885.000000
23866.000000
22766.000000
23828.000000
24037.000000
23726.000000
23324.000000
23324.000000
23475.000000
23762.000000
24045.000000
24120.000000
24104.000000
23716.000000
23112.000000
22539.000000
23587.000000
22955.000000
24389.000000
23708.000000
23213.000000
23830.000000
23846.000000
23846.000000
24036.000000
23782.000000
23158.000000
23158.000000
24201.000000
24048.000000
24771.000000
23949.000000
