24021.000000
24021.000000
24172.000000
24192.000000
24127.000000
24261.000000
24261.000000
24345.000000
23996.000000
24175.000000
23628.000000
23551.000000
23731.000000
24177.000000
23864.000000
23348.000000
23536.000000
23536.000000
24350.000000
24143.000000
24143.000000
24488.000000
24459.000000
23818.000000
24719.000000
23184.000000
23184.000000
23312.000000
23312.000000
24246.000000
23994.000000
23184.000000
24373.000000
24236.000000
24236.000000
24296.000000
24172.000000
24177.000000
23962.000000
24578.000000
24518.000000
24489.000000
24533.000000
23785.000000
23853.000000
23853.000000
24202.000000
24087.000000
23581.000000
23581.000000
23950.000000
23905.000000
23905.000000
23314.000000
24334.000000
24334.000000
24235.000000
24207.000000
23766.000000
24080.000000
23501.000000
24590.000000
23934.000000
23934.000000
24215.000000
23566.000000
23566.000000
24696.000000
24598.000000
24378.000000
24334.000000
23950.000000
24492.000000
24884.000000
24239.000000
24239.000000
24269.000000
23932.000000
23932.000000
24040.000000
24040.000000
24450.000000
23477.000000
23477.000000
23749.000000
24842.000000
24447.000000
24447.000000
24564.000000
24339.000000
24192.000000
23600.000000
24882.000000
24428.000000
23901.000000
24166.000000
23750.000000
23620.000000
23620.000000
23321.000000
