24227.000000
24118.000000
24179.000000
23965.000000
24459.000000
24047.000000
24067.000000
23260.000000
23984.000000
22793.000000
24462.000000
23485.000000
23412.000000
22823.000000
23555.000000
24193.000000
23765.000000
23995.000000
24183.000000
23754.000000
23754.000000
23238.000000
23093.000000
23093.000000
24227.000000
24194.000000
24233.000000
23720.000000
23644.000000
23796.000000
24024.000000
23577.000000
23577.000000
24406.000000
24028.000000
23525.000000
23581.000000
24287.000000
23296.000000
23882.000000
23922.000000
23880.000000
24424.000000
23866.000000
23943.000000
24763.000000
24050.000000
24050.000000
24218.000000
24036.000000
22914.000000
23879.000000
23787.000000
23922.000000
23804.000000
24036.000000
23925.000000
23926.000000
23894.000000
24194.000000
23969.000000
23740.000000
24183.000000
24183.000000
23543.000000
24485.000000
23748.000000
23726.000000
23726.000000
24406.000000
24443.000000
23708.000000
23510.000000
23510.000000
22782.000000
24104.000000
23889.000000
22726.000000
22726.000000
23791.000000
24509.000000
23971.000000
23938.000000
24273.000000
24318.000000
23845.000000
23845.000000
23313.000000
24081.000000
24477.000000
23671.000000
23975.000000
23636.000000
24598.000000
23365.000000
23633.000000
24012.000000
24012.000000
23234.000000
23234.000000
