20713.000000
21107.000000
20634.000000
92437.000000
91427.000000
92134.000000
90150.000000
89921.000000
87704.000000
90192.000000
91931.000000
90039.000000
90897.000000
84901.000000
93582.000000
93892.000000
91791.000000
91114.000000
91064.000000
92187.000000
90313.000000
89232.000000
90973.000000
90900.000000
90441.000000
92444.000000
91550.000000
91327.000000
92147.000000
91760.000000
90839.000000
92846.000000
90455.000000
90142.000000
91433.000000
92559.000000
92326.000000
91368.000000
92053.000000
92742.000000
89390.000000
90401.000000
92493.000000
91463.000000
92593.000000
88754.000000
92603.000000
92328.000000
92525.000000
91791.000000
91791.000000
92570.000000
91785.000000
91174.000000
89142.000000
89232.000000
92295.000000
90363.000000
91059.000000
89745.000000
91903.000000
91903.000000
91555.000000
92256.000000
89672.000000
90174.000000
90185.000000
90125.000000
91623.000000
90673.000000
89686.000000
89342.000000
89342.000000
90427.000000
89567.000000
90114.000000
90114.000000
91879.000000
91199.000000
92556.000000
89677.000000
88577.000000
91113.000000
91628.000000
92944.000000
93991.000000
89921.000000
91122.000000
89142.000000
90855.000000
90855.000000
87332.000000
87332.000000
91336.000000
92838.000000
90141.000000
90141.000000
92324.000000
91206.000000
90670.000000
