23640.000000
24445.000000
24517.000000
23603.000000
24507.000000
23565.000000
23768.000000
23565.000000
24749.000000
24015.000000
24069.000000
24293.000000
24489.000000
23865.000000
23904.000000
24090.000000
24241.000000
23988.000000
24119.000000
24316.000000
23796.000000
24219.000000
24187.000000
24157.000000
23835.000000
24256.000000
24192.000000
23510.000000
23926.000000
23001.000000
24055.000000
23587.000000
24142.000000
22210.000000
24173.000000
23620.000000
24022.000000
24466.000000
24220.000000
21883.000000
23137.000000
23565.000000
23565.000000
23826.000000
24246.000000
23919.000000
23182.000000
22818.000000
23875.000000
23875.000000
24205.000000
23979.000000
23857.000000
23822.000000
24510.000000
24138.000000
24082.000000
24082.000000
23955.000000
23837.000000
23397.000000
23397.000000
23510.000000
23245.000000
23933.000000
24055.000000
23587.000000
22210.000000
22210.000000
23851.000000
24035.000000
24494.000000
23791.000000
23791.000000
23137.000000
23137.000000
23770.000000
23861.000000
24433.000000
24209.000000
23681.000000
23182.000000
23182.000000
23619.000000
23619.000000
24472.000000
23979.000000
24169.000000
23915.000000
23915.000000
23765.000000
24284.000000
24082.000000
23830.000000
23734.000000
23734.000000
23787.000000
23787.000000
23724.000000
24045.000000
