23006.000000
23525.000000
22822.000000
23330.000000
23330.000000
23612.000000
24102.000000
23215.000000
23465.000000
23040.000000
23712.000000
23712.000000
23558.000000
23731.000000
23463.000000
23434.000000
24184.000000
24164.000000
23585.000000
23461.000000
24361.000000
23283.000000
23898.000000
23629.000000
23057.000000
22673.000000
23946.000000
22984.000000
23019.000000
23129.000000
23390.000000
23988.000000
23325.000000
23403.000000
23731.000000
23434.000000
23469.000000
24098.000000
24077.000000
24304.000000
24376.000000
23258.000000
23258.000000
23429.000000
23629.000000
22666.000000
23700.000000
23946.000000
23334.000000
23907.000000
23388.000000
23701.000000
23701.000000
23464.000000
23530.000000
23442.000000
23673.000000
23122.000000
23800.000000
24316.000000
23579.000000
23507.000000
24162.000000
23917.000000
23582.000000
23253.000000
23931.000000
23866.000000
22135.000000
23027.000000
23241.000000
23603.000000
23697.000000
24034.000000
22834.000000
23241.000000
23143.000000
23643.000000
23625.000000
24010.000000
23285.000000
23296.000000
24235.000000
23151.000000
23859.000000
23990.000000
23938.000000
23945.000000
24411.000000
24073.000000
23636.000000
23343.000000
24247.000000
23977.000000
23786.000000
23530.000000
23143.000000
24046.000000
23481.000000
24199.000000
