24788.997492
95825.323003
95825.323003
96184.261615
93412.073402
93780.486198
95022.236363
94512.610285
95406.616202
96452.909261
96913.906816
92986.480256
97890.561987
93344.527175
93344.527175
96703.257976
96006.588879
96246.827644
94939.816911
94939.816911
96831.379337
93862.097844
92971.844310
98153.479030
96731.767410
95825.323003
97123.968433
96450.517840
91797.471624
94814.851489
95466.465103
95996.426145
96209.122843
96209.122843
94861.922806
93458.089472
97545.969916
95055.916273
96922.289747
97698.549934
96030.134355
96885.670032
97353.466777
94370.223234
95618.288109
92352.768329
97815.151367
91928.838818
90215.977334
96402.468665
96358.064104
96358.064104
96512.400046
92759.896928
92944.043674
93410.988268
97730.575003
90745.083650
96115.216689
96126.630656
95097.678637
91044.834267
97460.485475
97028.353172
93664.741679
97244.363916
97244.363916
95585.247225
96098.358522
94193.831641
92582.756664
97729.524100
95737.740525
94942.278805
95618.288109
93148.622594
95238.877593
96530.738504
97115.015351
96375.443814
94054.588879
94189.229425
96042.803863
93907.628196
94675.926481
94873.264474
94130.558649
95957.889912
95957.889912
96083.892137
99216.604035
91044.834267
94760.194840
95621.287970
93176.550057
93649.222409
93649.222409
95585.247225
96376.781678
94105.344212
