23901.000000
23692.000000
24412.000000
24297.000000
23009.000000
23009.000000
23133.000000
23878.000000
24014.000000
24232.000000
24143.000000
24143.000000
24164.000000
23636.000000
23636.000000
24076.000000
24076.000000
24250.000000
24069.000000
24273.000000
23744.000000
23744.000000
24272.000000
24111.000000
22951.000000
23696.000000
24177.000000
23085.000000
23085.000000
24321.000000
23449.000000
23600.000000
23403.000000
23959.000000
23452.000000
23658.000000
23465.000000
23790.000000
23986.000000
24404.000000
23763.000000
24138.000000
23692.000000
24308.000000
23677.000000
23999.000000
21937.000000
24156.000000
24126.000000
23790.000000
23706.000000
24209.000000
23487.000000
23487.000000
24361.000000
24531.000000
24164.000000
23882.000000
23963.000000
23988.000000
24160.000000
24327.000000
23601.000000
24266.000000
24008.000000
23629.000000
23933.000000
24272.000000
24272.000000
24503.000000
24271.000000
24060.000000
24108.000000
23967.000000
24374.000000
24337.000000
24585.000000
24266.000000
23740.000000
23740.000000
24099.000000
23800.000000
23695.000000
24070.000000
23687.000000
23687.000000
23308.000000
24292.000000
23398.000000
23740.000000
24226.000000
23581.000000
23195.000000
23195.000000
24237.000000
24083.000000
23605.000000
23083.000000
24330.000000
24708.000000
