23738.000000
23429.000000
24415.000000
24375.000000
24163.000000
24334.000000
24334.000000
24369.000000
24194.000000
23781.000000
23753.000000
24058.000000
23907.000000
23907.000000
23792.000000
23792.000000
22255.000000
23862.000000
24028.000000
24028.000000
23408.000000
23408.000000
23870.000000
23968.000000
23644.000000
24653.000000
23837.000000
24306.000000
22677.000000
22677.000000
23933.000000
22611.000000
23828.000000
23773.000000
23907.000000
24164.000000
23629.000000
22743.000000
24565.000000
24771.000000
23401.000000
23633.000000
24483.000000
23666.000000
24068.000000
23779.000000
23985.000000
23765.000000
23455.000000
23806.000000
22925.000000
22925.000000
24381.000000
24070.000000
24483.000000
23867.000000
23938.000000
24189.000000
23157.000000
23704.000000
23325.000000
24418.000000
23823.000000
23823.000000
24644.000000
23134.000000
24132.000000
23406.000000
23327.000000
23822.000000
23761.000000
24280.000000
24069.000000
23740.000000
24048.000000
23680.000000
23654.000000
23660.000000
24039.000000
23034.000000
24220.000000
23042.000000
24216.000000
23390.000000
23841.000000
23838.000000
24261.000000
23444.000000
23753.000000
23822.000000
23822.000000
24078.000000
24476.000000
23556.000000
23330.000000
23773.000000
23574.000000
24213.000000
23819.000000
23380.000000
