22959.000000
23435.000000
23323.000000
23151.000000
23235.000000
22268.000000
22268.000000
23127.000000
22618.000000
22618.000000
23759.000000
23402.000000
23374.000000
23238.000000
23569.000000
23569.000000
23672.000000
23175.000000
22941.000000
23411.000000
23319.000000
23753.000000
23209.000000
23416.000000
23972.000000
23449.000000
23846.000000
23212.000000
23878.000000
23813.000000
23180.000000
23135.000000
23135.000000
23079.000000
23054.000000
23628.000000
23133.000000
23204.000000
23457.000000
23141.000000
23867.000000
23592.000000
23238.000000
23959.000000
23740.000000
23139.000000
22832.000000
23211.000000
23507.000000
23050.000000
23555.000000
23128.000000
23737.000000
23054.000000
23563.000000
23642.000000
22815.000000
23427.000000
23615.000000
23677.000000
23633.000000
23828.000000
23703.000000
23365.000000
23741.000000
23424.000000
23218.000000
23437.000000
23569.000000
23251.000000
23710.000000
23360.000000
22584.000000
23174.000000
23174.000000
23306.000000
22614.000000
23723.000000
23452.000000
23340.000000
23112.000000
23174.000000
23327.000000
23402.000000
24045.000000
23630.000000
23485.000000
22545.000000
23174.000000
22765.000000
23092.000000
23581.000000
23927.000000
23551.000000
23758.000000
23579.000000
23798.000000
23782.000000
23920.000000
23889.000000
