85
14357.279672
14718.146683
425 100 0.600000 4.000000 0.500000 1000
1646 142
262 1133
1969 454
264 275
380 272
232 446
571 1794
1437 959
1771 1676
244 42
1053 952
1517 1866
151 1872
609 165
770 1748
414 757
1537 1399
1356 1673
1047 314
689 961
1223 65
35 1858
1484 675
1390 1062
857 1375
1778 1519
386 1465
786 119
1287 1257
313 611
1158 1811
102 1689
1067 1170
828 438
628 1500
1 1439
720 1212
613 1316
1032 1987
1848 1367
755 570
874 1651
777 1974
215 1010
914 600
1296 1466
1579 1494
1087 1484
803 1478
940 942
71 1041
1497 545
807 253
1962 1612
1787 574
1062 1673
4 1244
1228 250
354 1247
486 395
481 1865
1260 618
76 433
448 489
1432 66
1992 1305
1917 684
1285 420
1967 1979
393 41
104 5
488 169
1825 923
1403 794
1919 1703
1375 500
1499 1218
193 1564
196 192
1767 130
120 919
563 1028
185 1250
1820 301
580 922
