50
10417.456959
10880.433045
250 100 0.600000 4.000000 0.500000 1000
973 1296
403 482
1109 1588
647 842
1819 877
740 1031
229 368
667 1150
1428 1731
1278 1400
1850 384
101 875
1260 679
458 1607
1890 1578
1812 1020
797 180
784 901
176 239
1656 1824
1469 962
1537 1806
1744 1510
801 1721
964 286
1739 809
598 734
376 1250
1685 76
1335 356
532 619
95 1203
598 1923
1386 674
1663 966
1781 5
1076 964
604 1039
101 1399
808 586
1570 487
36 458
1270 786
389 857
1488 1972
1071 15
206 1204
1907 1384
439 343
918 876
