50
10206.263034
10652.884200
250 100 0.600000 4.000000 0.500000 1000
1326 91
335 1057
1319 950
1908 1646
1587 1428
296 313
191 729
1738 1889
140 235
1890 386
1059 1819
1718 519
502 1540
1471 1854
1374 1582
1785 435
1462 1999
903 1840
1151 724
510 1149
844 226
96 1602
646 274
600 1732
1547 1665
1398 1449
1 27
1665 1746
868 565
1980 311
1984 1342
1761 1609
482 806
94 112
1826 1946
1808 22
972 312
1804 1262
1645 31
370 1881
1591 1814
1206 1226
873 1134
1921 1848
1120 412
1676 1307
1011 1588
303 1369
1801 167
1426 132
