90
14779.974801
15082.809740
450 100 0.600000 4.000000 0.500000 1000
962 1886
452 824
876 286
1946 482
1055 355
1276 198
1661 1352
512 1735
349 1056
761 1427
721 188
483 129
1773 1073
1465 1991
1719 66
624 1899
82 1508
756 1822
1129 1902
761 1280
1402 265
991 903
1710 464
323 369
1536 1620
191 1639
1137 1595
1534 877
192 216
207 806
1514 427
16 302
993 1990
717 919
681 1693
118 137
1454 1243
273 1906
1896 937
557 344
1994 1508
1852 609
1413 1133
1964 1797
584 846
1633 364
206 1366
1401 392
1614 744
322 630
1268 1832
590 142
933 636
1543 1364
849 407
49 1071
487 266
1674 1987
1745 1695
474 441
1964 244
964 1157
1465 1727
1641 621
205 9
489 1352
332 834
1840 1612
1743 1523
1122 1311
342 1177
165 897
1190 1207
1291 1593
868 1396
48 1768
1008 1674
1475 56
876 1652
1739 1883
1017 57
1987 1087
1352 564
1402 862
621 1282
1346 1380
1917 1707
1252 307
887 1812
122 1311
