65
13029.236973
13381.630220
325 100 0.600000 4.000000 0.500000 1000
1514 675
1299 1370
177 315
1874 654
143 888
1833 1873
34 1917
1221 1223
1027 332
325 1812
357 897
469 1621
720 337
925 1073
901 1951
177 616
470 1507
1446 49
1594 1768
1549 1306
1045 1652
1517 460
1999 41
777 1886
350 441
1938 1219
379 701
55 1163
597 1903
2 448
171 28
1631 343
1734 1208
1953 499
909 887
904 484
1701 946
106 199
1079 1149
858 1637
557 1240
1381 969
1843 193
1654 1862
75 1567
1584 1014
546 1402
1301 24
1730 526
518 811
746 983
1244 859
873 1398
733 1721
284 1398
1265 1696
1328 1821
309 152
1079 1394
745 1570
962 61
1405 1068
1980 310
1944 988
617 87
