55
9972.474296
10374.978954
275 100 0.600000 4.000000 0.500000 1000
1690 956
303 1570
1823 78
606 122
1221 1345
1251 1814
1174 279
1303 600
1111 1256
19 136
685 1094
1113 145
212 547
933 1702
1473 1967
1439 1129
1277 15
1868 916
1384 1827
900 543
840 1138
916 1462
535 260
954 1037
516 1625
1095 1669
390 1725
215 960
531 1276
627 372
80 315
450 1178
739 595
1651 456
1230 1037
597 15
1416 491
1534 846
193 1594
1070 1808
947 427
235 673
562 1521
853 262
1603 102
557 1823
1472 275
1748 482
51 476
807 1322
761 1957
1709 1097
227 1070
1161 596
1401 680
