80
13387.257251
13793.873778
400 100 0.600000 4.000000 0.500000 1000
122 889
266 84
1061 1820
1486 1968
1149 539
1232 1164
1716 57
240 419
716 42
1933 620
113 1106
1761 315
1206 1449
229 909
957 1733
672 1742
1253 1678
1358 1989
1018 1323
1408 1083
129 1925
1449 1213
1876 443
1950 729
1617 181
1877 1614
1248 1029
86 64
1536 515
354 1595
438 1846
1650 1205
1618 1850
1975 165
896 125
1461 187
1151 750
1586 1330
950 1224
911 1401
715 1134
1419 665
596 1103
955 963
1128 1006
1089 367
471 1425
1641 372
528 1787
789 867
692 1378
822 392
1157 1850
1369 267
558 385
964 423
344 703
1809 552
447 861
1401 932
414 100
1535 736
1523 965
12 636
45 1021
969 1962
1841 1159
1133 87
320 1857
18 477
1315 1240
1746 439
1310 1428
1957 1035
205 596
1271 745
1458 1758
577 1602
906 263
590 960
