55
11363.487218
11825.505616
275 100 0.600000 4.000000 0.500000 1000
49 660
273 1074
1201 563
135 492
342 1556
1846 719
15 313
1480 251
972 1309
126 1822
1579 1723
1184 1049
1910 82
1329 464
1013 1189
413 831
1628 1019
1859 1755
74 1056
66 1625
826 1814
728 59
595 1622
1734 1071
1886 1092
475 377
1318 1269
531 730
1994 1485
1204 344
466 947
1463 1534
115 282
113 1375
1102 522
1069 745
1807 1440
1186 1450
1642 1346
1587 1823
1215 1726
473 493
848 317
1420 611
375 259
1008 571
1541 127
1276 1814
1190 1924
249 1616
1370 131
613 1406
1711 520
1111 26
1425 1089
