70
12586.310137
12955.694760
350 100 0.600000 4.000000 0.500000 1000
1430 768
1348 88
948 633
1591 1251
1999 485
670 1375
615 53
1555 667
125 802
1581 124
1111 675
1188 1293
554 199
172 0
1879 732
907 206
1179 443
1034 1233
1877 1806
726 704
1270 631
1033 500
1054 1683
2 1100
218 732
686 309
1881 1310
1331 1799
1487 1220
1058 844
576 446
943 385
393 25
782 1906
201 1707
960 1592
235 1408
1872 1527
966 1450
1228 1715
1399 905
796 950
402 232
1990 1885
810 1187
1845 1629
623 903
503 1786
976 1035
659 534
663 1637
1413 579
102 1164
501 1326
209 581
304 158
1211 1092
1474 1509
1627 991
1698 447
1490 429
707 1016
17 1499
383 389
108 579
1496 1696
1709 664
1736 1684
1205 1550
783 245
