60
11478.466494
11883.960020
300 100 0.600000 4.000000 0.500000 1000
1269 922
537 824
747 1352
879 838
417 1861
1121 1139
836 1799
1656 747
1101 109
1503 249
1870 1856
1804 605
1095 1031
519 1692
1080 624
1772 1623
1027 270
1722 1197
538 1440
140 1212
1838 950
1659 1628
932 339
1247 1593
459 1541
1778 1468
894 1522
1492 553
298 408
407 1200
532 1990
1969 101
373 683
21 1716
499 630
1146 1810
86 491
1737 168
951 1775
1949 506
1756 780
1395 1968
196 348
1761 1031
540 1099
714 207
353 150
269 1142
609 604
1458 700
125 1538
115 1880
1889 1740
186 943
479 105
1250 31
1606 907
1144 1501
1629 519
1479 1636
