80
13290.358363
13695.999830
400 100 0.600000 4.000000 0.500000 1000
198 1088
1644 1917
1204 982
1571 514
1178 1173
462 142
727 1928
1407 179
1870 832
316 1295
1083 1432
1415 1
90 675
1948 1407
1413 868
796 135
668 276
1228 1404
433 1097
877 291
626 953
386 1871
781 1324
1035 980
1653 849
1771 327
911 1207
1531 704
1937 253
497 1952
620 521
1398 1205
965 1535
591 203
1182 818
1320 1883
1240 712
1296 800
1016 1973
538 428
1000 1637
1977 473
568 1305
5 107
818 578
456 1336
473 955
1997 1828
1503 803
1572 1653
1739 503
1953 901
1474 619
1985 1253
1781 1924
54 19
1796 737
1756 1066
1080 1833
280 1798
1172 1535
135 443
1361 1038
927 72
364 118
684 15
113 1185
685 1639
899 1388
1806 109
112 251
1016 336
842 1892
1010 1185
871 671
258 616
1513 428
821 1633
1773 1445
161 9
