50
10796.984605
11417.059936
250 100 0.600000 4.000000 0.500000 1000
724 1971
578 148
639 1743
1865 222
476 1785
1769 1208
139 1178
1954 340
928 1962
1751 188
221 1698
335 1311
1319 1183
1123 1762
1250 766
960 1575
788 893
1910 1211
1220 1520
1291 1050
1016 690
243 1011
272 632
1558 1952
854 1500
525 1954
1682 64
646 398
934 341
634 544
1610 1488
1457 1539
1587 1002
868 608
1195 483
91 552
1850 651
1651 1393
787 1357
789 1007
1496 1760
1030 17
450 1107
1860 1673
245 353
955 1163
507 852
608 1535
451 1614
1119 1269
