55
11201.286864
11671.088950
275 100 0.600000 4.000000 0.500000 1000
1611 36
1495 1979
1858 676
1024 600
377 1099
328 332
988 1318
911 402
423 292
630 218
796 350
407 1971
1800 7
1214 1559
1071 47
1142 1062
1030 1912
1469 1298
1950 981
1915 1562
1986 1136
1048 1188
1282 1363
126 826
1496 40
614 87
963 1733
831 1752
332 539
325 1549
226 792
1132 281
508 418
285 698
1845 1437
1033 386
80 250
710 584
962 1544
1182 152
1959 1917
1773 189
950 67
1607 963
1449 988
844 1897
1025 1052
154 1609
1155 746
1100 1386
1987 214
1303 371
902 250
1370 667
2 1683
