85
14366.168632
14713.049680
425 100 0.600000 4.000000 0.500000 1000
251 1180
1053 1436
1953 432
307 1584
211 1502
1538 151
562 480
1689 318
1473 1562
821 305
1067 1824
428 408
836 939
1444 243
350 111
1882 976
485 1185
1777 1970
1534 930
509 1942
1817 1474
358 1938
1183 254
1163 847
1482 1701
1096 767
676 1796
958 489
688 1929
1866 1185
120 1914
41 419
1903 316
683 482
1120 370
1225 1460
1403 1333
211 1678
1835 1297
983 1981
667 1187
1444 1935
1407 584
1308 768
533 838
96 1401
1899 1697
1063 276
1348 1840
1839 790
760 647
137 1023
1873 61
1042 1686
454 913
918 1251
1385 135
917 1509
1170 1626
678 1608
656 102
265 808
1034 559
22 112
526 243
317 249
1537 1794
760 761
1136 471
647 1312
380 1473
323 562
1369 852
411 1355
1290 1751
5 1075
516 1541
826 1836
789 61
1658 452
1473 767
1102 1106
178 477
1749 745
1196 1262
