75
12999.773423
13406.836072
375 100 0.600000 4.000000 0.500000 1000
28 730
569 954
1730 390
1687 1362
916 1414
1585 524
1222 1973
1276 918
1904 1374
445 1496
359 236
69 342
1174 1697
1910 24
1029 504
24 1117
1693 1788
739 697
1690 221
1807 1629
153 1848
955 924
1910 1202
1997 199
1941 327
1432 1398
669 30
1691 1572
1714 1469
1617 407
1981 1997
1377 276
715 1434
753 1219
549 1924
839 124
1227 197
1044 1864
1915 1487
1112 906
1980 1309
695 533
1421 1926
536 816
420 1784
62 1632
1073 1160
1490 884
1592 1806
1153 411
1195 1573
707 1063
878 1004
889 216
151 937
1636 64
1808 1224
908 792
1348 1534
695 1682
805 24
1278 737
755 401
1196 1362
1173 1885
1580 1617
204 384
1876 538
520 1048
72 509
976 1624
1190 8
551 1721
229 206
1491 1789
