70
11291.264427
11710.336020
350 100 0.600000 4.000000 0.500000 1000
1821 1209
983 845
161 1023
184 1529
942 1376
1213 1379
375 770
945 1730
405 146
590 162
763 627
882 265
191 1802
47 1298
812 744
682 113
307 1524
1209 805
1288 1742
1536 1128
1030 716
1471 659
1743 1309
221 1389
1893 1060
1367 1860
1339 1272
1579 864
6 969
1342 1045
146 57
775 1278
219 181
1080 992
543 475
1522 259
1769 1434
1558 993
397 559
1163 213
264 1219
67 1973
1008 298
1806 262
1582 1219
1216 1222
974 190
1117 1117
974 585
889 969
333 893
1046 1487
1317 209
464 1427
837 1810
1650 755
901 1545
1175 331
383 1783
1110 1405
1141 462
267 17
1379 1476
1289 1625
1085 1651
673 1144
1871 676
536 1762
1179 1031
1096 1215
