65
11840.768902
12316.552466
325 100 0.600000 4.000000 0.500000 1000
1573 815
1218 1840
11 1129
1117 836
64 801
664 1276
764 1743
1008 675
1049 418
1433 373
798 86
1770 793
1847 1423
1505 1021
1076 596
521 450
1717 1621
1597 1279
689 1409
926 1908
1833 343
13 1671
612 1179
422 348
1659 1860
1806 1711
1380 625
812 848
1248 463
868 1450
1246 1312
1978 1085
1357 1355
290 337
1079 1761
742 1642
534 1742
45 1513
560 239
794 955
466 675
413 1242
1076 1435
1745 1510
279 1083
1780 496
649 601
1286 670
1495 1188
1535 300
1212 215
1591 649
1092 59
762 1129
824 1974
663 1851
474 838
1966 409
1973 808
1993 1880
315 459
1573 192
1888 676
366 1990
582 1982
