55
11802.512873
12242.291406
275 100 0.600000 4.000000 0.500000 1000
1188 1599
1773 804
844 719
967 207
1068 320
1556 1967
1872 10
923 598
302 1479
1814 113
367 1687
267 645
1084 1982
473 1032
299 1009
375 836
1740 327
1516 916
536 1785
1609 1249
1518 74
938 1352
1146 12
668 496
294 1867
814 1999
414 206
1083 171
1327 994
1946 271
838 1311
1445 326
1927 1458
485 1
880 1083
133 576
1863 587
562 137
1262 1301
495 1297
1775 1997
58 376
180 1242
1678 1595
1932 1099
1225 918
1297 72
199 1020
68 1586
1037 676
507 1449
1331 317
1706 591
1627 172
748 1920
