95
15019.721483
15364.893903
475 100 0.600000 4.000000 0.500000 1000
1800 705
325 789
1963 1595
95 522
1360 773
173 736
934 1515
1108 546
1227 419
826 1977
983 342
431 1543
671 783
1109 296
695 1725
492 342
1037 1443
610 950
1983 1886
766 1834
1583 876
1967 680
1139 1860
569 1127
1418 957
622 188
499 1728
1332 1447
663 1053
295 472
357 1262
1256 1844
1384 1291
1221 1339
206 1938
1574 1866
1771 592
501 207
1762 1322
1841 1976
1844 1577
1826 18
1658 367
538 749
1611 1580
1575 688
1598 1219
217 1086
1890 351
580 1343
443 1841
1854 1168
386 660
1904 1386
1359 58
565 49
499 894
286 1397
658 1462
765 652
1820 897
1630 1089
463 513
1728 1615
30 398
155 1351
857 1289
1990 1728
1766 1498
701 497
303 30
84 1452
1131 1580
1773 1071
1711 95
301 992
1511 1099
937 751
1495 1961
896 283
3 1681
223 542
1969 843
102 1806
89 216
714 269
1858 1274
1611 253
840 1742
1786 1782
706 1973
618 321
1758 1905
539 626
1074 1195
