90
14852.718598
15201.763850
450 100 0.600000 4.000000 0.500000 1000
229 540
1279 1308
287 782
509 1496
1135 550
58 371
165 1124
554 1404
429 1893
1245 675
358 337
963 1744
1052 415
1784 1501
822 267
1471 1430
1582 1798
432 1155
1726 1098
127 770
976 897
1422 1667
951 771
847 649
1286 894
635 382
94 158
927 564
1286 1855
735 987
629 1897
1598 700
154 654
1414 713
280 434
1810 1718
1183 1422
1421 987
1328 273
881 1954
459 908
971 1902
1965 1619
222 347
236 1543
1358 585
74 1608
1782 629
323 1754
1459 1999
24 788
1842 1977
24 1801
880 435
1959 586
727 1171
107 940
932 243
374 685
947 1391
1526 1175
1337 1213
445 1
605 1578
1787 306
407 456
1028 611
773 380
1683 1418
532 138
1172 1290
332 578
218 168
842 38
989 1068
1602 1624
1153 1965
301 1999
415 1645
1430 1815
702 1828
1999 1042
316 897
1076 1782
1628 428
1860 1135
1336 38
301 1359
1783 160
1594 253
