95
15117.165785
15455.278192
475 100 0.600000 4.000000 0.500000 1000
778 712
1318 616
39 1120
1397 1143
199 1803
351 450
1126 45
1591 1075
954 1275
1612 511
218 345
1001 1177
1875 816
122 593
1457 1300
711 1976
955 938
1857 1265
1017 132
574 189
1257 1876
469 498
389 41
1560 1878
975 1953
1723 1731
1944 1702
400 1875
1526 341
780 1172
1426 424
212 828
96 923
683 56
417 1724
1096 733
1004 1543
1171 496
423 961
1907 1583
1342 133
1946 678
52 190
1201 1010
1924 83
939 808
1860 415
1087 586
96 348
530 51
233 245
935 1628
302 1028
1649 1426
378 811
1905 1379
710 636
1373 791
209 1937
1246 1260
1210 166
544 334
1813 692
114 1983
1062 1285
1779 125
625 1297
896 421
555 870
866 1086
369 1369
423 1558
847 55
809 525
137 1264
604 1704
636 538
1705 1137
621 721
1549 168
1561 755
1110 299
1795 1060
1754 441
642 925
149 21
1349 1388
1447 1047
780 1317
670 1425
345 1990
541 1533
271 1503
1249 385
1462 1771
