70
12261.332044
12699.620762
350 100 0.600000 4.000000 0.500000 1000
453 1475
13 1328
444 31
679 1897
1476 318
1237 97
1183 858
1322 1203
1600 332
1930 618
1997 263
148 1506
1851 1566
711 1790
263 1481
56 84
853 65
257 1640
1551 1280
1073 436
1316 855
575 1622
139 1679
1022 621
1789 263
990 945
358 1566
1969 1280
273 849
505 781
1709 1152
1223 1530
907 1375
454 657
870 1130
1290 1854
1780 828
209 1851
1612 887
1080 1703
1387 171
1326 1395
392 1026
1429 1694
1118 187
570 991
105 1391
902 574
1178 1409
1785 1264
1528 1636
1325 491
545 50
751 1187
170 1183
779 1706
216 271
1405 595
1871 451
628 643
748 1348
25 1940
129 213
1278 1003
694 76
1940 1870
867 1502
1639 1574
666 1532
1613 1705
