60
11764.455819
12165.201374
300 100 0.600000 4.000000 0.500000 1000
1508 34
1899 1050
1350 98
1171 1415
279 890
1592 852
576 1865
1004 1679
1799 1151
1426 343
584 495
1692 1724
1537 1756
1602 1432
1060 1766
1794 901
516 187
178 1483
1923 1675
46 1822
896 1586
1772 787
1540 1285
1269 1325
1586 1535
887 747
894 300
1414 1621
1951 1537
1354 1479
237 614
443 1389
115 659
1694 1572
1959 235
62 925
1683 495
762 27
700 785
750 442
352 104
1779 431
1736 16
1615 125
808 1004
612 1539
76 188
1930 841
719 1593
339 1074
1235 919
395 233
78 1312
766 1407
273 736
1989 1793
9 1399
407 1648
1700 695
1252 1898
