100
15383.720856
15713.366120
500 100 0.600000 4.000000 0.500000 1000
825 696
581 508
1301 1470
896 20
1056 1868
1334 1587
1276 1222
662 640
1390 1271
437 1029
21 1572
1373 1854
519 1646
87 650
415 396
125 1092
105 1710
987 1417
719 1411
22 440
183 946
1613 1421
473 1520
809 1691
1783 1293
1587 1892
1674 1341
1331 1001
962 1532
1056 881
1860 361
1515 844
1419 213
1932 1428
1842 1795
174 265
862 1902
1369 316
1573 1066
22 233
799 1218
1622 1589
78 1360
1165 1234
1741 1803
504 1772
1888 464
1720 1986
1607 1715
1667 364
658 1270
662 194
1426 468
1493 1480
1439 1747
425 1708
959 563
1129 1357
658 1853
290 559
1923 1314
443 733
1168 425
1256 360
533 208
67 1908
872 456
565 942
976 1182
1737 965
1998 993
1830 1917
671 929
636 1525
162 457
430 1248
1163 303
169 1876
898 248
1441 642
1496 1146
1051 99
1309 793
1118 967
1138 49
1558 114
767 103
1782 583
1485 1948
88 119
1429 1035
1083 1131
1987 1824
942 1306
1707 1688
518 627
1246 1737
1351 74
1013 1640
1677 762
