75
13238.457637
13594.336830
375 100 0.600000 4.000000 0.500000 1000
457 1109
48 1425
627 1931
1246 27
709 1580
424 1876
1391 1112
536 1576
1834 352
208 600
1901 1403
1951 828
89 1563
268 1674
924 135
1198 1757
1232 1292
1106 1011
1172 804
1200 478
1743 456
1938 1564
305 1381
1564 1991
1097 1367
1897 1934
1952 340
1017 721
748 462
189 1924
1684 272
1067 123
1814 531
401 1639
440 814
308 1252
708 1307
472 29
393 503
435 1286
1853 1274
133 776
1887 629
1799 1502
938 1707
780 1110
1498 1299
1255 986
931 1006
1500 606
274 378
958 297
1929 518
1248 1181
1341 903
1342 1768
297 263
186 1167
107 364
1732 1669
1712 584
669 303
37 447
407 362
1626 1649
82 551
355 888
1406 283
1906 79
5 1190
943 486
1299 1979
24 989
401 1750
583 1419
