200
24541.083775
24759.057009
1000 100 0.600000 4.000000 0.500000 1000
740 930
1567 1036
1042 926
117 1615
1061 1704
432 753
924 533
1334 1400
534 178
1393 1775
1834 1447
205 1012
1366 1967
1726 1340
430 1976
59 129
512 1878
709 1201
1128 1231
297 1184
1148 669
1436 1866
616 1636
1277 31
1005 222
391 510
1371 1205
159 1759
339 1690
873 69
1574 1677
369 1473
1519 135
573 1389
954 133
1432 411
482 1105
1378 809
1973 1959
325 1930
1089 574
707 1357
119 836
1460 1096
1867 1787
714 462
1780 1224
892 873
706 1995
1340 1527
95 236
1233 1557
460 20
187 1421
1856 1616
994 330
1891 1096
318 26
1012 757
675 1495
27 978
45 1401
813 1680
502 859
95 32
245 814
822 1478
23 1701
1859 577
186 692
1096 1470
1661 1486
1591 1313
1738 1083
685 100
1833 399
1156 150
1974 1291
1714 169
870 670
1467 1569
1133 1579
1543 877
1244 876
1908 238
1700 562
468 276
1944 77
564 464
551 354
1159 1729
1328 983
1264 1167
1708 744
688 1735
429 613
1013 1571
1751 61
937 1811
1358 511
373 1805
726 807
1429 593
948 1333
150 1916
1855 1967
1642 325
1039 1840
985 1124
1114 408
1237 1863
442 1302
1719 1753
443 1558
257 1843
1389 695
504 1477
898 1579
707 1848
23 566
1172 1975
219 1278
947 1463
285 1381
556 723
1549 1969
1061 92
1266 254
1646 44
1652 971
947 1229
875 1989
1595 458
16 367
913 1707
1211 1362
142 1209
42 1547
840 1377
823 230
1828 686
1243 454
1893 1220
1117 2
251 472
1278 617
1422 79
653 1086
1838 812
980 1956
593 1249
76 1112
1249 756
54 1816
1762 1876
886 354
231 215
315 280
1472 1304
265 1561
1834 987
1671 1182
1341 328
1935 453
868 1006
454 389
644 606
1949 624
66 1300
1056 1033
980 619
368 127
1685 842
731 666
1892 903
1946 767
6 763
1971 992
290 921
181 313
1554 1169
1969 1415
818 1877
1443 957
640 889
970 439
540 566
1475 269
365 1047
1775 1545
1482 498
846 1179
225 1681
660 213
335 651
1999 1786
1985 1575
1516 1464
332 407
373 836
