75
13841.998817
14210.305754
375 100 0.600000 4.000000 0.500000 1000
444 964
267 25
1828 1775
924 1650
794 159
1391 1132
972 1293
44 1659
1471 1558
1485 1986
7 724
1155 1090
1948 793
1009 1546
1140 304
1184 772
707 1967
1856 1163
1827 767
1472 472
318 307
419 681
335 764
1915 336
1467 60
1501 1241
962 490
762 46
447 1972
1038 1955
11 181
1119 1275
1093 996
1263 86
1610 1737
1656 404
307 873
1032 162
698 1850
604 399
694 489
1020 1700
714 779
1910 1959
1602 1566
828 979
350 1048
1728 1744
1816 1541
1592 1375
1351 1264
413 24
1733 956
1286 664
86 1899
311 645
1868 917
487 1801
666 604
1924 536
1919 1616
1831 597
1467 764
1833 81
1149 655
87 1317
707 1565
1965 49
902 1054
79 550
1557 664
830 1385
604 1071
437 1275
1944 1823
