95
14965.922252
15363.061396
475 100 0.600000 4.000000 0.500000 1000
966 1274
808 1759
285 135
588 1808
325 302
173 1701
199 1093
343 649
399 517
1305 400
375 1720
338 1457
1275 1592
657 1128
207 427
1196 1306
1223 1005
556 1434
97 821
16 89
1337 100
879 793
1897 1639
553 168
150 71
174 1959
116 1154
1904 18
1730 332
1474 1569
1996 1204
225 624
886 302
1569 1018
1516 809
182 915
851 1159
1978 1972
624 1230
796 679
808 1442
1331 573
1091 161
1314 1732
391 1158
940 1382
1848 533
552 1327
1642 110
1066 1363
1101 459
1303 1192
308 1093
1798 1237
1491 1088
1945 429
329 424
684 1951
1829 1886
92 319
444 85
720 1390
363 967
68 1359
1719 1460
992 1061
220 764
1715 1104
1586 1882
322 1878
921 939
863 498
666 206
1572 500
1202 1986
648 759
1729 591
1555 387
1034 1173
1937 815
381 833
1046 718
1185 90
730 1552
916 1946
225 261
1720 186
464 1476
191 1819
1847 383
1518 131
572 1055
1961 534
499 1612
17 1020
