70
12376.370660
12767.318227
350 100 0.600000 4.000000 0.500000 1000
230 1043
764 623
1119 1382
713 1167
940 1521
1118 1106
474 1373
1 1596
136 142
1030 681
856 380
590 810
910 481
636 1441
1519 1104
491 1232
466 1803
1316 1372
86 766
379 1256
145 665
745 1464
1004 340
1810 824
764 247
889 1351
1255 698
698 1571
1914 455
1182 1017
1324 1969
1532 800
80 1741
295 605
1788 194
789 490
765 1338
746 1750
1089 157
357 429
1632 1976
1240 1252
533 1710
743 1012
570 984
1715 1622
1313 1075
1278 1692
1061 1810
1551 903
1311 1842
473 313
393 941
869 157
1155 1659
12 1097
1473 1483
1059 469
1627 1162
1683 902
1891 1223
504 885
100 1273
113 1013
1172 1805
950 1991
282 812
1466 410
1734 1458
1888 1879
