100
15661.635998
15971.340696
500 100 0.600000 4.000000 0.500000 1000
1673 988
1728 177
1131 602
1096 765
972 862
580 1859
1372 308
859 795
991 259
464 1619
505 1373
1286 1173
269 1204
624 71
150 1144
1953 1926
728 1104
1301 1449
1861 503
527 938
1556 1198
1024 1100
1948 1254
150 302
1119 1162
199 541
1222 450
1906 1514
509 647
1805 1253
761 96
845 1775
628 1487
280 817
360 938
1617 1784
275 245
1746 407
1259 262
1578 1432
1299 766
1905 231
1009 1766
572 1054
354 360
44 11
1556 1675
752 431
1055 466
1532 304
1822 28
253 969
30 1344
1871 642
1480 523
1335 1699
147 1036
903 1966
1278 1818
652 1290
1872 887
1558 657
133 464
131 1408
420 751
1324 1058
504 811
848 976
23 1460
1999 1683
57 605
1248 1986
1495 117
1525 1101
1585 922
25 1563
1247 852
271 6
1485 1967
945 641
272 1307
1636 752
1322 1549
420 1191
491 249
1840 1043
176 722
449 1833
777 1612
14 1685
669 967
1714 1452
1688 1
287 1741
1721 1825
1164 920
321 1423
653 601
1968 146
1625 118
