85
14375.016839
14734.114540
425 100 0.600000 4.000000 0.500000 1000
1768 819
1766 1024
1246 1507
1383 1998
275 601
775 1596
758 568
227 376
488 1779
896 1230
1864 1724
683 1722
890 1864
481 770
737 1167
1272 1320
1820 1850
1094 1403
1089 1114
548 360
1249 1997
1950 719
1736 1716
266 1143
1142 1772
1738 1560
1521 263
113 1212
1504 91
1790 426
870 1380
815 214
159 1452
544 1890
234 1767
1382 473
1515 773
1281 1669
859 1706
1520 460
574 1331
752 71
1814 1231
849 497
1326 773
316 1699
1992 369
78 1634
1019 1821
398 1129
269 199
1709 294
53 1331
810 1957
1834 4
352 1515
1011 1247
1608 1262
353 1352
136 909
1121 157
665 1064
111 1846
1994 1910
1444 1229
1675 456
955 742
1731 168
4 529
1500 1417
1080 1999
617 1424
323 1879
1367 1372
526 661
1059 865
36 1092
212 1615
483 1279
956 452
1841 1963
540 45
1643 1899
548 1154
1867 189
