65
11732.454301
12258.519355
325 100 0.600000 4.000000 0.500000 1000
1865 1579
283 451
289 654
350 1322
656 1317
1076 64
1940 1693
1287 980
1637 432
240 1516
1767 1055
1449 356
1022 668
1002 1544
778 486
793 232
1189 278
1954 343
83 1425
1813 1416
396 1095
635 1170
1250 1233
980 167
1927 645
1306 355
1289 1580
1498 948
1475 1054
911 53
1135 1573
1922 1461
719 1763
613 1879
1628 1338
940 1438
1955 52
475 575
588 1719
940 1173
1569 1422
461 1180
1637 953
563 83
687 652
1120 637
512 1000
1440 1592
1790 1252
510 293
1192 1904
338 20
1209 724
790 357
265 1819
47 697
170 6
1419 850
1425 1290
407 691
681 1512
962 1743
1 9
1796 1738
1612 1164
