55
10712.079500
11155.053767
275 100 0.600000 4.000000 0.500000 1000
1935 552
352 498
1940 658
811 1646
47 1340
1498 46
1430 1100
1351 1513
1239 947
1264 1634
537 380
756 1376
1626 918
1099 116
1556 749
1222 173
34 275
472 660
115 766
443 426
1456 579
1117 1016
740 200
427 258
1017 1827
578 1432
1202 1369
498 790
530 1826
1501 1284
324 1732
1131 871
1623 1071
1027 690
323 138
1257 845
1802 1084
1748 431
278 1463
1461 1575
1062 1666
880 588
267 993
1402 222
1308 1180
1716 1750
1260 592
997 1271
1771 1360
1762 0
276 14
1068 1363
1866 0
1995 9
1625 354
