65
12230.082081
12673.238938
325 100 0.600000 4.000000 0.500000 1000
1264 1123
783 1801
586 1721
609 1449
397 1769
1464 1181
79 34
1303 1724
1649 1102
1953 1938
1263 775
194 1097
1337 1972
178 252
1783 1075
1031 1422
72 1045
1958 1549
342 567
1154 640
1764 1394
1402 1058
988 742
394 945
228 702
1959 617
680 494
1147 1974
264 408
561 1957
180 1926
1542 1870
1213 1858
871 314
737 811
1143 534
517 840
440 699
878 1108
686 132
1019 190
182 604
68 1919
1149 1741
832 1388
1192 976
594 43
388 1218
1692 1313
1061 1531
1309 1541
1640 636
1193 1604
240 1495
1508 577
1955 276
1513 308
60 1612
444 1494
1996 1426
1460 1367
606 990
314 819
498 1848
1098 736
