50
11054.250875
11594.849664
250 100 0.600000 4.000000 0.500000 1000
1681 1772
1875 1422
1137 1173
1549 1231
1480 1419
393 1263
1743 294
524 1969
555 1535
1436 137
1907 617
201 1309
246 837
1283 1546
1367 1035
1414 628
1437 956
924 1572
973 68
1048 1835
325 1532
1399 1256
1485 1948
432 596
1185 1442
1999 1790
1598 900
710 966
557 668
1309 414
1553 1787
693 1145
1537 455
1795 93
675 652
1220 299
1897 1906
339 1171
209 570
951 1952
588 322
1413 1500
77 1319
1022 826
264 1741
1967 101
387 503
286 273
92 98
9 1865
