80
13949.636778
14280.115219
400 100 0.600000 4.000000 0.500000 1000
32 1099
1722 833
417 378
1233 1546
1853 648
126 196
1920 1455
1829 511
960 326
1143 1121
1081 1707
124 727
1402 538
85 1348
71 1467
1293 481
1052 809
230 1983
51 345
726 1160
1605 709
1130 95
562 1643
963 1938
599 1910
652 354
798 1905
276 125
1339 961
1417 882
1534 1488
1888 1021
1821 1624
504 1257
1394 0
448 94
1897 150
1358 1496
1706 94
1666 316
1375 1686
1007 49
1488 598
1522 1957
789 403
956 1501
687 1263
160 1856
1696 468
566 1793
1460 1386
788 927
56 1784
1854 1838
1835 1198
1842 13
1197 1720
671 1021
269 1374
1801 264
314 385
1061 1035
44 127
6 1880
162 1530
1235 1215
838 788
964 1202
316 946
578 832
342 1906
1866 1948
6 1626
947 1730
1723 1557
1942 827
1252 1998
398 705
1438 179
463 1016
