85
14097.696322
14470.898680
425 100 0.600000 4.000000 0.500000 1000
1831 1272
1269 98
892 582
1775 1175
1080 777
539 1835
1229 1286
1827 809
543 311
538 1622
911 1876
577 542
468 459
74 1702
993 1406
1578 1631
451 1532
1489 1509
727 1172
355 1997
1090 13
1727 1288
209 365
794 85
1210 889
794 1853
31 27
1201 478
1100 1203
1346 1311
1829 1934
135 525
1065 1485
360 125
254 1207
1766 1031
1547 1369
1390 579
1321 1187
592 752
60 1994
1317 1825
1632 1430
706 733
591 1134
765 414
1641 1996
35 349
1736 187
1858 552
1421 95
654 850
936 1126
1492 1154
883 30
115 1226
1218 320
722 1679
134 846
1714 347
1477 1810
268 951
1376 1915
1980 525
780 268
1811 268
234 1597
238 478
800 1342
866 1609
1971 1142
1300 1561
222 1729
93 1828
180 635
1967 726
1114 209
494 1282
1365 887
1804 61
1036 636
520 199
1391 457
1582 330
578 1966
