75
13416.929192
13831.898296
375 100 0.600000 4.000000 0.500000 1000
1215 1719
1148 501
1241 321
996 1765
1465 347
968 1510
1390 1770
1114 1556
424 1423
1754 1188
412 1143
212 1765
1507 1576
1459 525
846 35
1534 1230
433 654
1967 630
1594 1733
986 1619
1790 1922
1804 1423
518 1821
1843 1703
1287 980
1560 15
671 1010
417 1961
1153 969
1708 433
1693 1067
1849 381
599 926
127 1198
1514 1981
64 1982
76 1780
420 346
678 375
944 1982
981 1173
1036 669
972 1322
1484 177
1675 534
1721 1337
661 1387
738 1140
1288 1398
1697 742
267 261
1407 808
1550 888
1780 947
1918 1266
241 1551
1135 1923
1666 1842
1576 1896
155 223
1836 1544
4 982
1952 1451
1120 1067
1099 1456
1856 45
206 667
321 1407
1448 961
1700 1651
983 201
37 610
760 557
1241 1103
1334 1501
