50
10413.910316
10840.408850
250 100 0.600000 4.000000 0.500000 1000
1096 1736
268 1607
1311 1716
1180 574
1531 65
939 347
1097 1325
1753 1058
940 617
498 1849
1294 688
1021 62
1846 200
26 1557
1951 697
1603 217
1042 285
672 258
194 986
1181 711
971 1958
860 163
547 1168
518 269
153 1890
1642 1857
725 939
54 1409
1607 1402
391 1173
144 64
1795 1985
1201 1550
1204 1230
1086 417
1919 1183
114 1168
1842 1488
1428 1378
1941 1613
148 702
1485 1740
994 1225
1666 865
388 967
227 298
1792 1882
1904 112
1439 108
1089 187
