100
15794.878946
16169.900279
500 100 0.600000 4.000000 0.500000 1000
487 1073
1615 1926
856 770
232 777
1226 613
296 550
1448 1294
1669 1040
1550 698
1957 832
988 1111
1676 1673
600 866
606 1823
1297 490
1067 1182
453 339
1030 892
1093 1455
5 61
422 864
382 1879
1420 275
1722 246
1892 1090
1742 1317
1070 588
1128 1680
1827 233
1038 1615
1310 1317
1802 608
1751 844
157 1657
225 1959
1212 1842
953 512
772 663
81 1383
967 1967
977 1283
990 230
1050 108
100 1519
1099 1946
806 500
652 1485
648 182
295 1599
1930 215
1865 93
1797 1520
1248 1537
855 1658
768 915
1810 1181
1959 659
961 622
753 1438
1470 1554
1585 198
1960 1770
1220 901
720 1665
212 1252
124 392
944 1389
574 368
1432 1938
1050 1751
753 1996
1166 478
460 532
512 141
505 1555
1353 1817
68 1867
533 1998
533 1301
1611 1257
852 1931
286 1454
590 517
122 821
185 1784
1810 719
901 124
324 281
1820 1885
1795 502
1 436
751 285
1348 868
1998 1555
1474 830
640 1137
769 1551
1246 804
124 661
34 936
