95
14818.474723
15228.461308
475 100 0.600000 4.000000 0.500000 1000
287 1868
181 181
1929 374
1594 1441
625 1687
829 1832
179 933
1614 666
641 675
105 1369
883 1512
1618 174
1952 1853
1651 443
603 1152
1775 1384
1635 1593
1222 1816
1247 793
703 1811
438 930
974 571
199 637
1312 1734
1001 1729
4 1434
1459 1992
53 1748
382 834
429 502
964 395
1609 1036
650 1907
633 180
234 1303
1617 807
941 1042
1141 631
1399 798
1851 1092
499 184
1508 1035
733 961
869 758
784 1615
1320 627
115 1990
565 519
450 1919
287 165
889 640
393 1775
312 918
695 822
63 447
1378 1875
395 1622
692 1358
683 1568
1776 258
724 11
1484 121
819 305
368 1049
1398 462
1716 1755
451 1183
1945 737
1577 1286
293 717
836 1073
191 537
928 1386
306 350
1089 750
526 642
70 995
966 1855
1982 1362
1012 855
1417 1631
1855 1242
1134 373
791 567
1351 1355
1273 64
841 27
613 1481
622 429
1758 684
592 73
750 1944
1277 1180
1813 564
1516 294
