60
10866.395067
11337.453449
300 100 0.600000 4.000000 0.500000 1000
1588 1285
538 1152
250 53
451 1826
692 875
1328 1282
1745 1415
1431 1025
348 913
1297 1042
1386 765
221 1710
807 1458
405 1264
697 1810
842 861
831 162
1180 754
1972 1525
1913 1873
1769 1629
1810 738
1131 1652
231 1530
1462 304
118 1616
1728 823
1285 297
930 1534
1961 976
1124 1005
1759 1879
1036 460
682 1236
1315 608
597 345
1565 1151
174 877
1320 1429
512 743
967 999
1353 403
833 1218
1407 1803
1383 1914
1084 1804
109 1936
520 439
836 270
390 1055
1255 1179
644 1106
1543 42
1574 1758
1873 1283
144 737
1614 1619
1666 1824
647 1583
1222 490
