60
11801.318881
12242.812935
300 100 0.600000 4.000000 0.500000 1000
579 181
1065 1266
90 1772
1776 487
987 1164
362 1975
41 1159
509 47
1568 310
960 1663
1354 825
1021 847
1490 1679
816 37
653 1108
1985 674
1222 1825
439 1152
389 693
102 105
406 879
449 1709
1141 458
1354 1209
681 679
108 1919
1076 974
520 845
957 444
1806 859
1022 529
1769 1886
1441 427
1315 1061
427 1271
1990 1984
293 1746
1781 1474
279 434
1999 1126
280 1240
1949 109
1161 1608
558 1270
1462 987
11 735
1909 1550
1135 1915
762 1554
1594 906
350 91
1805 356
1114 1500
1940 1384
460 1899
519 689
387 527
512 313
1051 1716
1663 168
