65
12231.733276
12713.770619
325 100 0.600000 4.000000 0.500000 1000
923 1424
124 1157
1887 685
1207 1721
424 1730
982 1148
1666 1158
1220 312
1038 511
1055 1416
807 1273
1957 844
1226 1446
1482 560
746 1958
1455 1276
1463 1934
691 1030
1078 1699
1791 1275
1424 199
932 266
671 777
648 1148
1452 1720
1480 1018
496 316
1057 1018
28 819
146 1368
733 159
1762 195
1272 1348
1300 756
882 1005
103 722
371 1278
1945 1940
1936 1331
1753 830
1677 552
1273 962
414 399
169 525
1693 692
401 1828
551 99
823 296
1321 123
1983 1050
1279 1609
182 1573
348 560
1369 383
16 1844
980 1988
152 1019
1735 1057
1225 1257
682 1754
883 43
1283 1863
1089 223
1889 1570
1615 1452
