200
24637.152313
24871.713419
1000 100 0.600000 4.000000 0.500000 1000
1593 366
1559 1193
891 199
918 667
285 1301
112 1443
1877 1
1984 1234
1223 14
46 1049
799 93
1947 465
181 1236
764 1966
933 1719
1360 900
26 1884
1126 770
31 461
482 1366
1219 1666
346 782
364 1510
850 415
1135 62
1684 899
790 1853
1454 653
1140 1041
1922 1689
1494 1079
1173 1930
1214 551
592 330
31 846
789 586
1422 1580
1302 1829
190 741
1337 1331
1443 471
512 80
1421 221
1791 950
1126 1391
1079 406
1885 1197
1389 1760
210 913
436 833
1766 648
1813 544
329 1068
969 1384
538 488
336 437
129 507
1953 822
66 690
1061 895
1105 1185
484 1606
940 1966
797 1632
1619 697
192 1881
795 1035
1675 1351
457 349
1964 1033
521 1992
1765 377
1693 1712
1701 1871
1570 1337
1880 1947
567 610
1988 351
1488 1441
616 1085
1017 1272
500 1179
700 1290
460 998
1144 1537
87 1989
939 559
1766 1495
1906 661
1960 150
745 789
1342 717
645 1697
273 1417
1105 593
1223 163
10 1255
388 141
1773 55
310 1963
1429 82
856 1376
187 365
317 240
683 183
188 622
34 1526
1002 1078
1367 1231
1146 257
1622 1641
1302 413
1236 673
1734 1123
993 779
1913 1353
166 183
425 1892
1562 226
1411 1937
755 1410
810 1142
1645 1488
165 1056
645 86
1849 1838
433 588
531 720
519 906
1838 165
1555 960
1499 785
127 73
267 27
755 482
1610 1806
1216 1273
901 1820
1395 360
690 695
1788 257
1375 1023
5 1736
674 1799
175 1611
1852 1443
1248 1079
1063 133
333 1757
990 1482
757 914
1580 46
1302 1542
931 961
622 1560
1114 1721
544 1794
1053 1601
1610 1977
1752 1285
942 364
1645 1059
1908 270
1246 948
10 206
1924 1580
1274 1961
109 910
882 808
1980 0
18 105
783 248
1201 1807
1978 1486
1675 461
1992 1794
10 1391
123 1765
1032 1813
1680 784
1541 1894
2 317
1545 460
924 2
1180 866
1443 1313
420 692
644 1954
1984 567
1325 190
697 318
1732 1986
577 218
412 1275
116 283
2 601
235 454
1796 1658
1661 137
1840 1041
