80
13045.851556
13440.031718
400 100 0.600000 4.000000 0.500000 1000
509 1256
1455 480
330 413
870 851
441 546
1170 823
1264 1236
251 821
888 1292
1187 1158
1145 441
451 329
1918 1176
429 198
1827 317
1547 55
260 1347
642 95
388 1893
1620 1055
1274 1399
1661 1854
685 1762
1595 498
1289 85
37 1588
675 698
283 1720
1636 1366
89 159
1579 1730
1801 1261
69 603
1167 615
929 1446
1370 1243
1282 442
1092 749
850 28
1829 1985
374 1304
1704 1532
887 1798
1934 1435
311 622
1501 159
257 966
1458 1814
212 1988
1288 686
1449 34
911 676
134 1807
384 843
735 806
212 115
1879 914
1270 1851
511 1747
1667 850
734 600
1255 1689
487 812
1938 348
1962 512
1054 1092
94 42
200 1481
63 1485
139 1148
1755 45
665 931
1362 221
1037 375
1090 900
1232 1520
525 709
108 453
612 512
1914 1073
