100
15615.341555
15986.450703
500 100 0.600000 4.000000 0.500000 1000
1627 577
297 78
1564 1033
129 1829
1847 914
704 917
122 64
1424 908
1379 1584
968 115
1932 1332
822 749
636 1895
1180 132
916 1370
1001 937
1852 1557
710 244
899 1748
339 1167
762 478
1724 1791
1782 1344
1898 126
560 1490
879 884
1878 1815
1244 873
492 285
1555 1324
184 1445
1216 1619
367 1924
1349 115
936 1633
1357 565
1174 1393
341 581
1838 508
1609 1922
1903 1041
829 1166
1348 712
557 1984
252 909
1059 1332
1017 834
1353 1002
1544 1514
1694 12
825 1419
408 1362
790 1061
1143 338
153 592
909 1524
440 675
625 139
1940 647
587 46
1017 1168
462 70
1238 1931
750 1541
1758 1038
590 913
1630 1698
175 1270
1672 239
1725 1498
204 1603
297 471
28 1566
501 1048
1997 460
34 929
441 1838
877 50
1595 459
1051 1477
1903 267
428 1525
640 615
1064 69
1704 357
1973 1231
1209 445
78 268
1894 738
1101 685
84 1449
1185 1197
1173 578
1024 385
727 1704
373 941
1798 664
1974 1544
690 773
1595 1152
