90
15175.526731
15540.963456
450 100 0.600000 4.000000 0.500000 1000
1344 1728
628 1337
1560 595
1858 289
955 551
1085 1391
1039 69
1282 58
1126 1210
506 680
1228 343
940 1602
960 321
1986 112
1402 785
698 1857
1451 515
560 821
1532 1486
779 501
1410 229
1753 1970
911 1967
717 1623
1594 914
1078 790
707 144
792 1090
455 1492
1060 947
1908 1579
1196 511
1747 731
395 337
971 1735
344 19
1697 394
278 687
1698 95
366 1261
409 1095
623 350
316 1455
1767 1034
1865 169
1843 1746
349 1578
140 1990
1965 1758
1817 395
1511 739
1907 1028
59 1019
1606 1329
1267 1204
1262 699
1370 1986
145 189
575 63
1517 1785
1723 1666
800 254
1884 1298
166 1276
1178 762
628 924
1954 1978
614 1519
1762 183
17 1687
1389 1089
421 767
232 101
75 1139
809 1550
1561 250
927 1288
1253 1393
95 551
1142 668
512 1616
668 561
1622 1589
1995 394
9 1995
270 1911
527 253
246 894
954 853
1020 1510
