90
14619.570585
14944.139639
450 100 0.600000 4.000000 0.500000 1000
1257 1211
1244 697
964 1652
1866 853
400 1722
199 322
510 244
815 1128
418 1084
150 1754
852 897
1525 821
1883 1174
1382 1987
1603 1206
1942 12
1028 1067
364 101
616 1077
763 1003
773 1718
385 1865
1766 1597
1513 1569
1788 542
16 938
1101 46
232 1985
690 1659
1059 477
1508 1108
856 1225
1989 244
119 1976
1547 966
31 677
1053 1240
1379 124
958 1796
1808 187
1902 1666
195 1193
1495 1771
750 274
1595 553
833 770
990 937
1532 1972
1203 1961
1882 382
818 49
331 1318
42 1174
155 619
1372 444
508 539
730 1996
640 854
1896 504
42 503
265 752
665 1424
1043 192
687 689
219 1833
1616 1568
1526 1349
699 1154
1686 259
1226 916
1113 841
965 676
446 723
499 1915
327 477
1613 1840
1534 375
1877 1839
71 87
922 1139
1714 1849
1851 76
295 238
779 1854
872 146
1580 732
619 1780
912 1469
1163 1261
221 442
