10422.769527
10336.837277
10282.846599
10253.700337
10247.576507
10365.117274
10282.846599
10247.576507
10365.240193
10247.576507
10218.430245
10282.846599
10218.430245
10249.830867
10282.846599
10247.576507
10299.347309
10218.430245
10218.430245
10282.846599
10247.576507
10233.483253
10365.117274
10247.576507
10365.240193
10247.576507
10190.150248
10247.576507
10247.576507
10198.213160
10247.576507
10256.014305
10364.336732
10247.576507
10365.117274
10247.576507
10218.430245
10247.576507
10218.430245
10190.150248
10218.430245
10218.430245
10247.576507
10247.576507
10247.576507
10218.430245
10218.430245
10218.430245
10218.430245
10190.150248
10247.576507
10190.150248
10247.576507
10247.576507
10247.576507
10218.430245
10247.576507
10247.576507
10247.576507
10247.576507
10247.576507
10218.430245
10247.576507
10190.150248
10218.430245
10247.576507
10218.430245
10247.576507
10247.576507
10190.150248
10247.576507
10218.430245
10218.430245
10247.576507
10233.483253
10247.576507
10247.576507
10247.576507
10218.430245
10247.576507
10218.430245
10247.576507
10218.430245
10247.576507
10218.430245
10218.430245
10218.430245
10218.430245
10247.576507
10190.150248
10218.430245
10247.576507
10247.576507
10247.576507
10247.576507
10218.430245
10247.576507
10247.576507
10218.430245
10247.576507
