15475.263534
15092.936989
14978.516325
15450.005236
14931.470498
15152.338277
15350.381284
15211.913684
15178.250482
15448.480247
15016.580342
15155.165610
14991.023416
15260.639088
15126.227537
15225.928765
15185.217123
15204.370053
15161.350413
15126.227537
14954.052189
15114.830692
15199.683409
14967.306582
15321.294838
14970.470650
15356.933001
15166.784705
15478.876279
15034.759825
14997.090241
15070.999581
15070.552252
15272.313864
15114.830692
14852.479714
15155.116068
15256.072614
15367.331205
15010.176246
15236.156973
15047.413113
15190.762365
15316.253409
15434.352151
15295.078903
14858.615133
15100.411322
15100.411322
15432.180296
15030.485598
15040.143658
15172.811214
15382.192826
15178.636018
15270.932068
15183.767925
14886.630544
15013.490257
15117.630566
15378.763915
15228.572829
14608.485250
15285.945056
15079.370589
15419.956033
15070.248109
15274.329535
14728.896042
15108.354359
14886.630544
15207.971146
15260.530234
15236.236348
14745.939242
15400.535453
15345.897125
15157.962630
14793.407585
14852.905707
14964.436684
15041.741735
14958.096496
15228.724983
15252.119334
15132.654316
14966.755063
15048.313480
15524.657615
15104.370264
15073.071363
15506.147695
14818.615826
14758.163795
15225.973174
15185.298373
15089.065364
15025.917433
15022.752393
15245.628556
