10998.846743
11234.018734
11392.964676
11296.930681
11121.954649
11121.954649
11223.747978
10896.644598
11288.452037
11295.233192
10937.367273
11063.109181
10896.644598
11384.832770
11275.007544
11162.421046
11121.954649
11118.952157
10998.846743
11221.242450
11274.485132
11064.706924
11560.966936
11162.421046
11276.989141
11237.930184
11237.930184
11237.930184
11494.758005
11339.723513
11235.142182
11256.322361
11103.831856
10997.736049
11477.953741
11121.954649
11288.948393
11121.954649
11149.294357
11121.954649
11223.747978
11351.109803
11351.109803
11121.954649
11121.954649
10931.782274
11282.785443
11375.749876
11268.780866
11344.111680
11114.822278
11253.751060
11114.822278
11373.789251
11219.662392
11430.584825
11172.779778
11285.664035
11486.375749
10887.230291
11121.954649
11226.479043
11347.472745
11237.930184
11234.018734
10977.833671
11114.822278
10998.846743
11142.450047
11211.616781
11400.097047
11275.007544
11301.018842
11408.341431
11121.954649
11471.051222
11275.007544
10896.644598
11329.903726
11234.541147
11029.414939
11121.954649
11306.843967
11308.139396
10998.846743
11244.108111
11144.298254
11162.421046
11237.930184
11162.421046
10998.846743
11373.789251
11349.994269
11162.421046
11237.930184
11237.930184
11369.318532
10958.124068
11309.624138
11223.747978
