8710.796690
8710.796690
8802.811880
8814.953424
8660.511825
8697.447454
8697.447454
8697.447454
8802.811880
8934.142108
8936.351966
8861.703447
8789.462644
8710.796690
8710.796690
8801.252580
8729.872805
8710.796690
8710.796690
8783.443485
8743.222042
8743.222042
8743.222042
8789.462644
8743.222042
8743.222042
8743.222042
8728.739827
8728.739827
8802.811880
8908.287948
8771.286060
8728.739827
8728.739827
8789.462644
8660.511825
8741.942004
8743.222042
8817.271877
8743.222042
8710.796690
8802.811880
8743.222042
8743.222042
8710.796690
8710.796690
8814.953424
8802.811880
8710.796690
8771.286060
8771.286060
8660.511825
8771.286060
8743.222042
8743.222042
8814.953424
8802.811880
8710.796690
8710.796690
8802.811880
8660.511825
8908.287948
8743.222042
8814.953424
8743.222042
8743.222042
8660.511825
8660.511825
8660.511825
8743.222042
8729.872805
8771.286060
8710.796690
8743.222042
8710.796690
8743.222042
8743.222042
8710.796690
8710.796690
8660.511825
8710.796690
8710.796690
8710.796690
8743.222042
8743.222042
8743.222042
8814.953424
8771.286060
8814.953424
8743.222042
8743.222042
8833.728350
8660.511825
8715.390590
8937.885084
8729.872805
8729.872805
8743.222042
8743.222042
8743.222042
