13639.289096
13434.126491
13447.290015
13484.641989
13496.385879
13374.377882
13449.816897
13503.825414
13741.188306
13574.718229
13598.880985
13349.595570
13449.816897
13568.273618
13424.418942
13598.071506
13605.478386
13496.385879
13508.891153
13480.134610
13377.847193
13525.575079
13700.083997
13410.983587
13274.275875
13501.239135
13701.931502
13377.847193
13310.529613
13591.035446
13410.983587
13472.987884
13399.354419
13550.502127
13592.207659
13389.838739
13728.765625
13527.520925
13472.987884
13387.108252
13226.203601
13553.825974
13444.525945
13412.294642
13491.283523
13563.277595
13523.928530
13182.847066
13533.200961
13502.159713
13599.498275
13491.283523
13419.915353
13494.189590
13692.508857
13212.008754
13457.121076
13431.332064
13728.843526
13419.915353
13622.354978
13692.508857
13212.008754
13389.941153
13475.294403
13261.290639
13507.915564
13488.326391
13607.615168
13494.255823
13673.426830
13244.331702
13261.290639
13692.666000
13488.326391
13343.525801
13415.794900
13594.757716
13296.669438
13612.597437
13549.558059
13124.200350
13428.938318
13289.257630
13669.201227
13340.384878
13588.512204
13385.938998
13484.164390
13521.920070
13463.316910
13532.149866
13388.802968
13544.508525
13448.566854
13613.632191
13521.920070
13434.557937
13501.393773
13496.704126
