18405.981177
18218.701690
18444.061634
18336.527107
17979.859210
18417.902595
18554.638435
18480.117750
18687.011736
18499.525516
18443.452313
18647.306864
18550.211862
18712.842940
18317.761711
18518.878281
18636.007081
18449.660764
18223.073767
18567.962099
18365.931950
18552.435800
18525.538331
18413.983802
18645.215114
18504.061584
18613.625561
18786.481238
18640.682441
18689.842421
18327.657915
18725.198754
18461.715652
18553.298161
18595.490770
18751.737483
18366.956579
18633.454379
18205.794778
18250.075576
18548.411533
18270.418183
18449.248098
18478.443169
18462.919340
18187.609234
18543.795693
18358.340548
18366.956579
18676.739816
18547.142842
17824.657439
18476.375927
18236.674338
18521.159920
18559.913290
18525.360884
18483.146560
18181.116875
18605.883479
18360.755784
18767.654988
18193.968665
18585.088047
18426.162741
18296.193068
18703.180824
18455.451004
18692.625350
18337.587094
18501.978454
18499.764303
18299.910206
18282.794886
18040.901408
18527.494810
18413.704391
18447.960221
18121.666595
18794.997975
18343.286548
18313.592716
18417.560232
18515.841370
18490.101261
18594.639767
18612.229078
18321.434084
18653.180178
18579.514777
18448.085379
18519.808775
18237.533830
18443.762545
18574.029551
18560.209933
18417.407478
18438.963181
18544.332881
18525.014116
