14107.176402
13826.928900
13782.278550
14048.602151
13980.951487
14119.669786
13710.407099
13844.452776
14079.413933
14201.896164
13915.017588
13885.624912
13760.656377
14024.479178
13929.026244
14147.739208
13433.821960
13760.656377
14024.479178
13996.944838
14071.595106
13882.570180
13963.007560
14038.974832
13752.001533
13828.256264
13771.921937
13678.348370
14024.479178
13934.719207
13572.852010
14133.918736
13964.462804
14137.233534
14147.739208
13885.624912
13879.246523
14051.986000
14097.830442
13784.513799
14006.334472
14213.533033
13933.134940
13618.000784
13958.146020
14111.341972
14082.940207
14136.908920
13908.406782
13750.947332
13639.018855
13988.767290
14140.052868
14004.519788
14135.397077
14011.368779
13850.133026
14113.726742
13908.406782
14074.017242
13809.463610
13958.094102
13810.643971
13860.537358
13942.158904
13742.869055
14056.618307
13963.871358
13825.748253
13855.861737
14119.846009
13647.638461
13899.028553
13907.750631
13742.869055
14093.317703
13979.664778
13791.522523
13909.072315
13878.184256
13981.306003
13806.866185
14032.564522
14049.845418
14154.603576
14099.971749
13928.094029
13929.855309
13879.789028
13875.444843
13983.082654
13694.881233
14078.985115
13996.059087
14132.937885
14100.544210
14019.821192
14123.523968
13878.184256
13909.826500
