12583.638895
12328.838718
12634.843419
12443.102569
12485.446307
12544.725423
12582.621349
12281.720101
12535.556494
12387.105556
12541.958242
12763.023273
12566.126084
12281.720101
12495.849578
12446.269803
12072.314335
12498.987364
12606.445394
12426.030940
12554.542553
12683.823170
12570.246248
12454.914428
12450.332804
12441.223649
12445.946748
12572.973375
12260.328755
12481.464703
12564.989152
12682.400579
12350.784744
12388.819306
12553.714730
12681.607657
12690.042589
12475.004531
12530.171584
12334.724156
12200.091824
12481.464703
12187.324094
12315.901307
12307.033267
12211.541537
12464.909543
12409.434848
12615.878717
12351.709545
12540.821905
12612.929934
12522.575200
12562.194175
12224.358007
12162.488258
12478.768400
12526.803731
12281.720101
12412.933867
12595.410680
12455.161378
12509.960089
12559.988269
12408.469427
12095.003309
12300.299912
12416.723414
12366.961954
12203.524774
12412.076486
12545.213668
12334.970168
12521.892843
12462.390970
12647.146720
12677.782917
12573.461761
12479.256389
12357.742528
12265.767050
12485.446307
12162.488258
12341.262055
12146.084919
12524.368174
12572.300917
12432.360657
12730.574077
12365.708252
12299.242762
12259.181587
12411.013958
12570.036821
12438.255287
12481.384458
12599.225182
12622.912337
12515.486326
12356.455462
