16681.071003
17176.146836
17332.422716
17047.258513
17445.138759
17485.246051
17248.558541
17246.303153
17412.455845
16953.083368
17108.945504
17366.861132
17076.971162
17414.510898
17276.621625
17341.773639
17148.880448
17243.501231
17529.996145
17411.545882
17490.774821
16897.767980
17200.881193
16953.083368
17294.349581
17471.521796
17067.658304
17217.541660
17355.371861
17537.505721
17242.214749
17153.465423
17460.341380
17335.663021
17585.973703
16923.546919
17069.822411
17200.881193
17150.767823
17140.676392
17110.476161
17094.039206
17371.053005
17339.707613
17265.881627
17028.846144
17392.422313
17195.282507
17029.822864
17099.754916
17105.683793
17366.256544
16801.781159
17150.767823
16860.850132
16988.792293
16828.916310
17138.163063
17328.728968
17410.991338
17152.518341
17333.987805
17127.326098
17426.563778
17066.793655
17396.351089
17300.771867
17458.928020
17081.041289
17077.503505
17488.804657
16828.916310
17205.903552
17203.498519
17278.070250
17157.205075
16901.523783
16792.235654
17206.792879
17441.317052
17266.440412
17091.212539
16917.464640
17042.797625
17338.357564
17217.325234
17238.682123
17305.816399
17278.070250
17180.142950
17158.106745
17236.634696
17418.927414
17104.819957
17130.843903
17393.426348
17256.801540
17184.649776
17357.239671
17183.251375
