13036.205195
12848.729183
13065.976812
12657.801518
13001.909711
12821.853738
12959.153385
12810.421277
13143.717974
12847.926155
12814.547898
12987.330908
12965.181979
12738.383634
12733.135886
13023.014156
12952.149774
12666.393674
12809.177373
13063.834522
12905.498751
12916.830398
12814.277385
12624.012331
12939.580152
12703.475111
12723.770369
12606.275790
13061.910718
12859.561589
12910.659674
12990.195241
12946.519214
13000.235872
12795.143359
12814.277385
13054.183544
12658.484936
12915.242614
12804.194548
12657.801518
12871.560379
12759.164446
13052.857815
12761.366845
13095.523509
12900.538344
12705.803485
13074.101394
12844.992628
12636.400878
12812.568342
12636.400878
12772.312163
12990.381683
12894.233053
12793.089184
12863.234041
12926.101464
12991.807298
13003.793352
12784.993059
12930.663063
12795.143359
12844.744941
12658.484936
12985.148752
12636.400878
12881.641219
13177.923247
12945.869397
12930.863446
12761.366845
13071.388203
12705.803485
12916.690867
13078.968602
12915.242614
12954.133109
12905.860302
12944.333289
12772.312163
12735.490572
12872.535032
12826.190878
12709.108474
12706.589986
12665.113972
12709.108474
12795.143359
12495.816508
12894.233053
12844.744941
12762.267122
12795.143359
12883.969315
12633.847924
13129.214416
12767.372957
13063.707211
