16135.307989
16488.084139
16357.620288
16007.731666
16561.386493
16631.778606
16326.036359
16436.597393
16355.787618
16241.795190
16598.548771
16373.780685
16408.358788
16653.854214
16407.013811
16397.160519
16452.954418
16335.644132
16290.762370
16413.920472
16155.586869
16441.544773
16359.840057
16496.272511
16447.837598
16475.864005
16482.379828
16640.862077
16423.610623
16336.645256
16626.730033
16439.982234
16551.784428
16386.698772
16499.969637
16551.231540
16334.690561
16426.431172
16549.897930
16546.776089
16492.633338
16048.060978
16496.057584
16148.528000
16541.788048
16429.222671
16479.063645
16458.466941
16417.518600
16522.893573
16465.420988
16488.679967
16317.690072
16680.516940
16173.186716
16566.669633
16318.449267
16563.806281
16224.048639
16608.242943
16292.188229
16378.135907
16256.999815
16563.752129
16370.346206
16260.148919
16255.845742
16510.316206
16062.342789
16343.925284
16372.787616
16570.027911
16373.610715
16559.933314
16152.337245
16683.542745
16377.807607
16388.504805
16581.425332
16326.665162
16548.885024
16558.185198
16479.597562
16450.661633
16463.853399
16326.650367
16073.942320
16399.836635
16475.182231
16671.101281
16331.239482
16445.766296
16319.432557
16453.334389
16630.081000
16535.343364
16434.576651
16436.054155
16354.078230
16032.975650
