11067.840502
11001.718288
11023.483419
11080.469074
10918.811737
11001.718288
11023.483419
10931.782926
10974.862267
11054.545083
10931.782926
11023.483419
11069.976538
11024.761161
11057.517680
11001.718288
11054.545083
10931.782926
11143.065278
11035.643270
11067.840502
10980.487678
10980.487678
10961.566849
11080.469074
11074.581552
11023.483419
10942.497711
10931.782926
11044.797629
11053.267342
10931.782926
11052.190620
11142.649530
10976.422694
11024.761161
11080.469074
10931.782926
11024.761161
10931.782926
11053.267342
11024.761161
11066.690242
10931.782926
10972.144657
11023.483419
11022.504757
11010.271601
11147.435321
10961.566849
11024.761161
11059.261753
11059.261753
10931.782926
10964.262843
11065.486039
11053.267342
11065.486039
11024.761161
10953.548057
10931.782926
11057.768683
10931.782926
10931.782926
10931.782926
10993.836473
11096.337188
11143.004931
11118.472169
11004.646190
10942.497711
11053.267342
11044.797629
11080.469074
10974.862267
11051.815706
10931.782926
11024.761161
10953.548057
11074.581552
10931.782926
10999.556815
10931.782926
10931.782926
10931.782926
11044.171829
11024.761161
11067.840502
11021.616036
10931.782926
11051.399958
10974.862267
10974.862267
11044.171829
11053.267342
11053.267342
11014.524883
11046.526292
11046.526292
11059.261753
