6677.314093
6677.314093
6808.897393
6677.314093
6677.314093
6677.314093
6677.314093
6677.314093
6677.314093
6677.314093
6664.734451
6664.734451
6664.734451
6664.734451
6664.734451
6677.314093
6677.314093
6677.314093
6677.314093
6677.314093
6677.314093
6677.314093
6677.314093
6677.314093
6677.314093
6677.314093
6677.314093
6677.314093
6677.314093
6677.314093
6677.314093
6677.314093
6677.314093
6677.314093
6677.314093
6677.314093
6677.314093
6677.314093
6677.314093
6677.314093
6677.314093
6808.897393
6808.897393
6808.897393
6963.737590
6963.737590
6664.734451
6664.734451
6664.734451
6664.734451
6664.734451
6677.314093
6677.314093
6677.314093
6677.314093
6677.314093
6677.314093
6677.314093
6677.314093
6677.314093
6677.314093
6677.314093
6677.314093
6677.314093
6677.314093
6677.314093
6677.314093
6808.897393
6808.897393
6677.314093
6677.314093
6677.314093
6677.314093
6677.314093
6677.314093
6677.314093
6677.314093
6847.462071
6847.462071
6677.314093
6677.314093
6677.314093
6677.314093
6677.314093
6677.314093
6677.314093
6677.314093
6677.314093
6677.314093
6677.314093
6677.314093
6677.314093
6664.734451
6664.734451
6664.734451
6664.734451
6800.214537
6800.214537
6800.214537
6521.846628
