8317.826125
8345.783075
8282.397121
8221.341040
8221.341040
8221.341040
8218.529196
8218.529196
8218.529196
8279.585277
8279.585277
8279.585277
8221.341040
8279.585277
8315.014281
8424.007973
8377.434264
8279.585277
8218.529196
8218.529196
8315.014281
8315.014281
8279.585277
8279.585277
8253.958200
8253.958200
8677.317534
8253.958200
8315.014281
8315.014281
8315.014281
8253.958200
8253.958200
8514.558097
8253.958200
8253.958200
8377.434264
8377.434264
8279.585277
8279.585277
8369.025974
8369.025974
8310.354072
8380.246108
8218.529196
8221.341040
8377.434264
8475.439953
8377.434264
8377.434264
8377.434264
8316.378183
8316.378183
8279.585277
8218.529196
8218.529196
8218.529196
8218.529196
8307.542228
8282.397121
8307.542228
8221.341040
8377.434264
8316.378183
8253.958200
8421.196129
8310.354072
8317.826125
8316.378183
8316.378183
8279.585277
8218.529196
8218.529196
8377.434264
8316.378183
8316.378183
8221.341040
8279.585277
8279.585277
8279.585277
8316.378183
8221.341040
8221.341040
8279.585277
8279.585277
8529.971222
8221.341040
8369.025974
8421.196129
8377.434264
8380.246108
8342.971232
8342.971232
8342.971232
8221.341040
8221.341040
8221.341040
8307.542228
8363.577843
8363.577843
