19437.467738
19447.648793
19246.785659
19501.425372
19539.269112
19225.060479
19220.644240
19283.553377
19417.420106
19278.254583
19138.586677
19460.029865
19369.492858
19043.561982
19597.233294
19548.159424
18885.701457
18953.491408
18720.975170
19598.827447
19004.842323
19326.837049
19332.279910
19306.074965
19448.986505
19633.516628
19572.358919
19449.149778
19367.520209
19062.457497
19298.176830
19159.178333
19589.739919
19255.163133
19421.111116
18742.531668
19543.263533
19340.035121
19232.676281
19383.935948
19612.094280
19315.617492
19510.758208
19249.455939
19223.545863
18848.827171
19585.269353
19302.586576
18856.623725
19251.381262
19572.278606
19443.734925
19135.112140
19263.345419
19177.982976
19342.314190
19252.289214
18999.421598
19303.910006
19347.044395
19363.834638
19580.619474
19344.146676
19709.363755
19602.355006
19122.386241
19301.852414
19149.381662
19220.467598
19635.713526
19367.618045
19160.071117
19499.959272
19446.499295
19444.658205
19069.398487
19217.546055
19165.938863
19556.678444
19339.505283
19197.522740
19275.823904
19320.371488
19699.527951
19384.578767
19241.098541
19539.295566
19122.386241
19233.158353
19320.626804
19305.520377
19121.224216
19286.934267
19194.511831
19369.655705
19151.565215
19280.894639
19334.853549
19422.965611
19246.038478
