18666.920854
18251.152303
18324.711609
18681.299456
18177.832024
18403.453404
18669.864849
18592.391019
18839.180779
18654.852913
18338.331017
18673.646882
18585.347409
18717.350555
18641.254526
18584.702749
18269.697416
18251.152303
18770.505111
18265.924743
18775.484257
18379.474003
18589.374692
18630.991696
18639.922548
18571.859027
18714.545186
18910.506062
18529.316126
18311.023095
18446.807357
17999.679562
18111.409714
18488.851527
18557.605744
18720.993392
18505.632365
18604.273013
18316.226921
18612.932733
18625.691909
18172.339798
18511.444992
18471.683143
18345.793182
18677.422275
18779.305292
18368.400754
18482.800196
17905.651189
18619.734389
18471.030717
18411.271086
18284.805606
18613.085885
18310.546664
18452.743736
18637.104838
18589.941928
18678.668805
18632.751746
18798.548297
18277.433583
18593.779591
18293.273907
18405.273999
18777.473160
18659.825450
18082.300913
18541.389784
18118.837193
18499.971179
18658.696341
18547.315420
18469.593210
18697.247368
18275.923039
18470.289354
18795.017768
18281.120176
18790.493809
18702.819797
18344.174555
18467.154846
18358.836972
18694.693519
18760.807572
18399.849205
17992.115810
18675.286486
18439.763490
18553.151382
18581.914193
18391.081425
19000.648189
18489.357247
18522.851947
17959.885373
18350.560535
18574.202394
