9628.390166
9583.386695
9583.386695
9665.099001
9579.319891
9579.319891
9579.319891
9723.779594
9596.920971
9855.607203
9721.766263
9788.175816
9583.386695
9665.099001
9661.032197
9596.920971
9628.390166
9628.390166
9583.386695
9678.633276
9815.050002
9640.053957
9665.099001
9579.319891
9579.319891
9661.032197
9665.099001
9628.390166
9628.390166
9661.032197
9888.943711
9628.390166
9865.525690
9894.505505
9665.099001
9665.099001
9661.032197
9661.032197
9661.032197
9788.175816
9773.298643
9719.110473
9678.633276
9661.032197
9628.390166
9678.633276
9665.099001
9678.633276
9761.515469
9937.319509
9888.943711
9665.099001
9794.277911
9665.099001
9678.633276
9678.633276
9665.099001
9661.032197
9661.032197
9721.766263
9661.032197
9678.633276
9661.032197
9583.386695
9665.099001
9546.677860
9665.099001
9721.766263
9619.283676
9546.677860
9665.099001
9665.099001
9665.099001
9661.032197
9665.099001
9628.390166
9661.032197
9665.099001
9815.050002
9661.032197
9700.995981
9661.032197
9761.515469
9815.457533
9792.159060
9665.099001
9628.390166
9628.390166
9661.032197
9665.099001
9661.032197
9665.099001
9665.099001
9665.099001
9661.032197
9665.099001
9761.515469
9779.116549
9628.390166
9640.053957
