14501.586775
14351.996894
14606.570412
14612.969765
14590.014809
14217.218906
14344.223229
14727.369012
14758.873507
14555.985968
14608.831498
14596.839107
14515.732938
14670.180216
14683.882522
13600.710609
14755.400319
14558.028953
14624.797311
14537.443306
14740.673992
14789.112170
14217.218906
14587.162315
14713.966322
14584.306501
14555.474070
14550.122405
14748.735585
14511.922058
14893.183219
14777.881267
14853.148993
14797.327635
14684.393906
14690.813524
14553.229180
14183.193615
14183.193615
14171.424840
14305.384701
14698.289691
14655.740518
14888.245128
14153.161686
14645.218710
14617.539103
14755.145001
14505.792038
14721.111502
14817.239003
14960.220463
14613.849703
14631.564974
14567.576677
14825.210456
15004.311015
14659.512433
14759.153332
14512.193013
14814.041414
14336.386366
14556.481330
14637.072567
14623.163362
14727.719035
14389.698243
14681.687600
14446.732574
14712.528651
14723.957836
14642.443343
14467.649162
14521.338005
14217.880301
14725.052890
14640.225139
14501.560367
14779.813537
14715.438779
14706.110112
14602.838545
14734.249709
14425.743042
14488.925002
14620.198890
14852.059284
14480.910276
14753.825466
14844.496352
14542.242187
14446.021034
14481.623381
14674.733164
14965.422984
14546.387827
14753.140045
14697.237899
14170.675984
14427.230198
