6553.998703
8606.764659
8606.764659
8606.764659
8606.764659
8606.764659
8606.764659
8606.764659
8606.764659
8606.764659
8606.764659
8606.764659
8606.764659
8606.764659
8606.764659
8606.764659
8606.764659
8606.764659
8606.764659
8606.764659
8606.764659
8606.764659
8606.764659
8606.764659
8606.764659
8606.764659
8606.764659
8606.764659
8606.764659
8606.764659
8606.764659
8606.764659
8606.764659
8606.764659
8606.764659
8606.764659
8606.764659
8606.764659
8606.764659
8606.764659
8606.764659
8606.764659
6389.944822
6389.944822
6389.944822
6389.944822
6389.944822
6389.944822
6389.944822
6389.944822
6389.944822
6389.944822
6389.944822
6389.944822
6389.944822
6389.944822
6389.944822
6389.944822
6389.944822
6389.944822
6389.944822
6389.944822
6389.944822
6389.944822
6389.944822
6389.944822
6389.944822
6389.944822
6389.944822
6389.944822
6389.944822
6389.944822
6389.944822
6389.944822
6389.944822
6389.944822
6389.944822
6389.944822
6389.944822
6389.944822
6389.944822
6389.944822
6389.944822
6389.944822
6389.944822
6389.944822
6389.944822
6389.944822
6389.944822
6389.944822
6389.944822
6389.944822
6389.944822
6389.944822
6389.944822
6389.944822
6389.944822
6389.944822
6389.944822
6389.944822
