5899.242965
7244.769790
7244.769790
7244.769790
7244.769790
7244.769790
7244.769790
7244.769790
7244.769790
7244.769790
7244.769790
7244.769790
7244.769790
7244.769790
7244.769790
7244.769790
7244.769790
7244.769790
7244.769790
7244.769790
7244.769790
7244.769790
6260.468032
6260.468032
6260.468032
6260.468032
6260.468032
6260.468032
6260.468032
6260.468032
6260.468032
6260.468032
6260.468032
6260.468032
6260.468032
6260.468032
6260.468032
6260.468032
6260.468032
6260.468032
6260.468032
6260.468032
6260.468032
6260.468032
6260.468032
6260.468032
6260.468032
6260.468032
6260.468032
6260.468032
6260.468032
6260.468032
6260.468032
6260.468032
6260.468032
6260.468032
6260.468032
6260.468032
6260.468032
6260.468032
6260.468032
6260.468032
6260.468032
6260.468032
6260.468032
6260.468032
6260.468032
6260.468032
6260.468032
6260.468032
6260.468032
6260.468032
6260.468032
6260.468032
6260.468032
6260.468032
6260.468032
6260.468032
6260.468032
6260.468032
6260.468032
6260.468032
6260.468032
6260.468032
6260.468032
6260.468032
6260.468032
6260.468032
6260.468032
6260.468032
6260.468032
6260.468032
6260.468032
6260.468032
6260.468032
6260.468032
6260.468032
6260.468032
6260.468032
6260.468032
