15139.374976
47762.958561
49121.746857
46292.541613
46292.541613
48197.684546
50682.506422
45289.224261
45289.224261
48758.984175
48287.911492
47256.602599
47256.602599
49022.613732
49256.860118
49607.679131
51602.865060
51074.200856
48993.861796
47216.991494
47216.991494
49211.498271
49095.946712
48703.557906
48364.542302
48364.542302
46868.209501
46868.209501
47828.198067
49965.992132
48295.181787
46047.764391
46047.764391
48540.238558
50081.931253
48293.431846
48293.431846
49307.427509
50974.463719
48761.677356
50180.160383
46687.936419
46687.936419
49205.338360
49205.338360
49259.222147
49430.121233
47849.351505
47849.351505
48749.614217
47456.770311
48420.436475
47832.656067
47535.293013
48252.571392
47477.548169
48095.551886
48095.551886
49686.536431
48057.312187
48057.312187
47766.884460
50293.992059
49994.131996
48523.015106
48523.015106
48968.418668
47944.031481
48724.861238
48724.861238
45625.773193
45625.773193
47779.438954
48791.181226
49523.974341
46094.014016
47954.397255
47479.734623
47591.856737
49246.055656
49670.534594
49305.843092
49305.843092
47751.632294
47751.632294
48493.691854
48493.691854
49804.863042
50001.393464
50798.963424
47642.022363
47642.022363
47144.393427
47144.393427
49429.828770
49060.212050
48118.682558
48118.682558
49596.245286
48313.030733
