15062.952770
40674.827229
40766.730889
38307.340408
40233.933063
39900.097326
38286.127296
39246.115943
38236.881909
40034.431257
41141.699205
40532.518548
39204.483775
39586.435268
39502.324448
39253.625183
40081.650959
38054.790817
39476.982961
38153.295217
40273.730127
39719.343397
40767.753031
39246.115943
40339.720620
37814.481803
38729.082593
40055.256392
39730.879587
40093.382989
40966.228781
39216.895069
40207.157334
38492.486322
41321.267826
41573.429427
41573.429427
41725.825636
41204.882525
41546.732924
41546.732924
41112.214919
42186.934504
41668.684116
43258.656078
41125.284742
41125.284742
40116.455367
40116.455367
41970.767914
42621.632411
41837.369202
41837.369202
42935.132195
40487.634628
41204.882525
42084.272413
42133.129573
41474.982324
41967.774323
42036.238852
42099.479935
42775.276973
42775.276973
40517.746594
40517.746594
41984.232792
42131.099061
40569.021897
40841.294034
41133.274310
41816.059971
42233.002789
42008.678981
41923.905087
41073.235751
41073.235751
42104.425723
41634.991212
41474.982324
40363.708062
41519.007804
42740.294925
41251.841535
41251.841535
41814.075442
41779.731983
42706.462598
41611.692533
40569.021897
40569.021897
42228.648901
41485.750021
41013.195023
40765.914539
40765.914539
41184.359112
41073.235751
42095.437373
40891.932161
