13303.268323
37023.202247
36896.193760
37328.702830
37328.702830
38365.247606
38325.369519
37060.224950
37060.224950
38376.280572
38390.457614
38390.457614
37653.626001
37653.626001
38012.633059
38442.040902
36745.897886
38015.104621
38015.104621
39609.539187
38128.814621
39974.720290
39963.036303
39346.977695
38390.457614
38390.457614
38899.815498
38803.711652
38331.801319
38012.633059
36242.665812
36242.665812
38785.167071
38785.167071
39349.830816
39349.830816
39976.658312
39402.863634
35138.830638
35138.830638
39205.101609
38040.699550
37995.817580
37995.817580
36616.144040
36616.144040
39418.348461
39169.147302
39169.147302
37453.825479
37453.825479
39937.381707
39937.381707
40342.002070
39759.053166
39759.053166
39141.818067
39069.696912
39069.696912
36971.244252
38795.986111
38336.866510
38336.866510
38484.119751
38484.119751
38404.433287
38404.433287
38397.831841
38397.831841
37739.058749
38804.832281
38374.033665
36089.247899
36089.247899
37623.924107
36501.976878
36501.976878
37950.893373
37950.893373
39504.282447
39504.282447
38725.044943
38807.779857
34757.659755
38348.633115
38759.066515
39680.571402
38508.277223
38508.277223
39394.859023
39394.859023
39354.851636
36986.297892
37670.506797
37392.317628
37392.317628
37898.220304
37898.220304
39554.647400
37602.633715
