14396.000000
14783.000000
13975.000000
13975.000000
13975.000000
13975.000000
13752.000000
14159.000000
13752.000000
13752.000000
13752.000000
14340.000000
14340.000000
14535.000000
13879.000000
13879.000000
14377.000000
14377.000000
14239.000000
14239.000000
14239.000000
14315.000000
14088.000000
14164.000000
14164.000000
13698.000000
13698.000000
13698.000000
13698.000000
13698.000000
14070.000000
14070.000000
14314.000000
13833.000000
13833.000000
13833.000000
13833.000000
13238.000000
13238.000000
13238.000000
13238.000000
13238.000000
14418.000000
14192.000000
14418.000000
13896.000000
13946.000000
13896.000000
13946.000000
13732.000000
14508.000000
13732.000000
14508.000000
13567.000000
14098.000000
13567.000000
14098.000000
13567.000000
14302.000000
13960.000000
13960.000000
13869.000000
13869.000000
13869.000000
13869.000000
13655.000000
13655.000000
13655.000000
13655.000000
13655.000000
14302.000000
14302.000000
14302.000000
14205.000000
13636.000000
14205.000000
13636.000000
14108.000000
14108.000000
14108.000000
14108.000000
14108.000000
14138.000000
14168.000000
14138.000000
14127.000000
14127.000000
14127.000000
14127.000000
13531.000000
13531.000000
13531.000000
13376.000000
13376.000000
13735.000000
13735.000000
13735.000000
13735.000000
13820.000000
14090.000000
