18905.000000
19517.000000
19583.000000
19125.000000
20092.000000
19366.000000
18830.000000
18954.000000
19019.000000
19472.000000
19472.000000
19791.000000
19503.000000
19722.000000
19486.000000
19161.000000
19230.000000
19230.000000
20126.000000
19463.000000
19463.000000
19618.000000
19118.000000
19536.000000
19583.000000
19861.000000
18580.000000
18677.000000
20087.000000
20198.000000
19521.000000
19165.000000
19165.000000
19769.000000
20280.000000
19816.000000
18676.000000
19489.000000
19489.000000
19747.000000
19747.000000
19246.000000
19555.000000
19628.000000
19464.000000
20266.000000
20038.000000
18901.000000
18901.000000
19988.000000
19761.000000
19612.000000
19595.000000
20014.000000
20003.000000
19685.000000
19765.000000
20031.000000
18929.000000
18929.000000
19096.000000
19096.000000
19246.000000
19388.000000
19609.000000
20030.000000
19776.000000
19660.000000
19660.000000
19441.000000
19441.000000
18961.000000
19538.000000
19503.000000
18810.000000
18810.000000
19252.000000
20096.000000
19567.000000
19441.000000
19475.000000
19164.000000
19164.000000
19614.000000
19396.000000
19827.000000
19540.000000
18676.000000
19892.000000
19127.000000
19637.000000
19554.000000
19328.000000
19742.000000
19678.000000
19509.000000
19868.000000
19799.000000
19747.000000
19486.000000
