7727.871603
12116.958131
12116.958131
11919.293269
11919.293269
11919.293269
11919.293269
11919.293269
11919.293269
11919.293269
11919.293269
11919.293269
11919.293269
11919.293269
12529.999272
12529.999272
12529.999272
12529.999272
12529.999272
12529.999272
12529.999272
12529.999272
12529.999272
12222.951444
12222.951444
12222.951444
12222.951444
12222.951444
12222.951444
12222.951444
12222.951444
11963.642443
11963.642443
11963.642443
11963.642443
11963.642443
11963.642443
11963.642443
11963.642443
11963.642443
11963.642443
11963.642443
12672.575871
12672.575871
12672.575871
12672.575871
12672.575871
12672.575871
12672.575871
12672.575871
13457.603051
13457.603051
13457.603051
13457.603051
13457.603051
13457.603051
13457.603051
13457.603051
12355.701324
12355.701324
12355.701324
12355.701324
12355.701324
12355.701324
12355.701324
12355.701324
12355.701324
12335.929301
12335.929301
12335.929301
12335.929301
12335.929301
12335.929301
12335.929301
12335.929301
12335.929301
12335.929301
12509.341285
12509.341285
12509.341285
12509.341285
12509.341285
12509.341285
12509.341285
12443.817332
12443.817332
12443.817332
12443.817332
12443.817332
12443.817332
12443.817332
12443.817332
11263.732183
11263.732183
11263.732183
11263.732183
11263.732183
11263.732183
11263.732183
11263.732183
