20120.280540
65538.770920
65794.506925
65794.506925
64684.195117
64314.884053
65247.482642
66648.270807
67711.909332
66851.032965
65832.426698
65458.830607
63871.482105
65909.348428
67006.411897
65247.466494
65068.510014
64239.295857
66608.628110
63908.554848
63908.554848
65089.585457
63245.041366
65988.427329
65254.393706
66368.474929
61790.717180
66018.505910
64722.333594
66198.384929
66122.450051
67764.711279
66027.488932
62162.831984
62162.831984
63672.312722
65842.357171
65842.357171
67964.291796
62192.547393
65400.596614
65400.596614
69052.785857
67819.737948
65831.928382
62548.884063
66582.879104
67620.134928
65181.411871
64509.059919
64509.059919
64797.249313
65774.365379
63477.831528
63477.831528
66397.613796
65248.368654
65768.638373
66633.807471
63577.843875
63577.843875
66688.524236
65413.981786
64889.037863
66198.563077
66198.563077
66203.998603
65676.736646
64943.868500
64943.868500
64981.949031
67174.921084
67014.149883
65281.338982
66648.270807
65757.712103
67594.349831
65832.426698
66258.088136
63871.482105
63487.273976
62651.656721
62651.656721
63819.778219
65884.065254
64957.840535
64559.229090
64559.229090
64738.757637
64784.402695
63834.432465
63834.432465
66919.168969
67124.081064
66225.814774
67334.785360
66794.531824
66489.328960
67206.827420
67504.663851
