11063.607542
23901.259567
24623.761834
24719.762078
24719.762078
25097.710850
25097.710850
25097.710850
23949.619862
23949.619862
23949.619862
24651.810267
24772.446590
24780.812987
24861.818057
24861.818057
25632.139614
25714.919337
23178.758706
23178.758706
23178.758706
23178.758706
24648.105105
22527.331897
22527.331897
22527.331897
22527.331897
24102.778154
24102.778154
24102.778154
24913.891320
21106.718310
21106.718310
21106.718310
21106.718310
24373.056109
24373.056109
24523.396028
24523.396028
24523.396028
24578.152951
24578.152951
24578.152951
24938.999025
21713.636521
21713.636521
21713.636521
21713.636521
23962.271116
22279.492736
23305.352761
23305.352761
23214.436962
23214.436962
23214.436962
23214.436962
24418.173283
23875.592383
23875.592383
23875.592383
23875.592383
24793.058562
24793.058562
25071.853738
25071.853738
23911.363266
23911.363266
23911.363266
23911.363266
24406.998382
24406.998382
25195.502836
25195.502836
23758.459572
23758.459572
23758.459572
23758.459572
25077.455093
24411.127626
24411.127626
24411.127626
24411.127626
25183.319471
25183.319471
23879.065537
23879.065537
23879.065537
24142.679913
24142.679913
23462.819493
23462.819493
23462.819493
24021.913740
24021.913740
24021.913740
24150.182280
24150.182280
24150.182280
24911.870717
24192.065184
