20247.535821
68740.383956
68154.828499
69077.589600
70788.879925
69956.035796
70065.229651
69451.552724
69021.694465
69411.754090
70347.310604
70440.279698
69980.478325
68170.801078
70927.229594
70920.843327
70303.758590
70017.877845
70279.858942
71266.551193
71148.189070
69798.291791
69668.715877
69656.635048
70803.586508
70149.720253
71158.724339
69260.158937
70309.661800
70175.999801
70496.530104
69985.408785
69846.155431
69736.308921
69827.509489
70043.816740
70303.758590
69209.230399
71268.321688
71266.551193
68843.370642
70440.279698
69452.186781
70368.596780
70149.720253
70149.720253
68913.050371
66977.898007
70924.689835
68193.601734
67537.779236
70149.720253
69846.155431
68830.927492
70043.816740
70303.758590
66775.729653
71268.321688
70122.945375
70554.641875
70237.011870
70149.720253
68359.962007
71348.525179
70343.736657
69485.556733
70237.011870
69719.150325
70614.656063
71046.515653
71172.060432
69364.656849
71568.551150
68909.852848
70122.945375
70372.935287
70517.872888
70639.092791
70303.758590
69980.478325
70171.933065
70417.924738
68864.662414
70368.596780
70237.011870
70623.364874
70623.364874
71167.808444
68705.690210
70924.689835
67627.383304
69136.633590
71303.630878
70936.785530
70591.558621
71918.152871
70639.092791
69228.329491
69745.223601
69866.223234
