3890.887331
4395.896619
4395.896619
4395.896619
4395.896619
4395.896619
4395.896619
4395.896619
4395.896619
4395.896619
4395.896619
4395.896619
4395.896619
4395.896619
4395.896619
4395.896619
4395.896619
4395.896619
4395.896619
4395.896619
4395.896619
4395.896619
4395.896619
4395.896619
4395.896619
4395.896619
4395.896619
4395.896619
4395.896619
4395.896619
4395.896619
4395.896619
4395.896619
4395.896619
4395.896619
4395.896619
4395.896619
4395.896619
4395.896619
4395.896619
4395.896619
4395.896619
4395.896619
4395.896619
4395.896619
4395.896619
4395.896619
4395.896619
4395.896619
4395.896619
4395.896619
4395.896619
4395.896619
4395.896619
4395.896619
4395.896619
4395.896619
4395.896619
4395.896619
4395.896619
4395.896619
4395.896619
4395.896619
4395.896619
4395.896619
4395.896619
4395.896619
4395.896619
4395.896619
4395.896619
4395.896619
4395.896619
4395.896619
4395.896619
4395.896619
4395.896619
4395.896619
4395.896619
4395.896619
4395.896619
4395.896619
4395.896619
4395.896619
4395.896619
4395.896619
4395.896619
4395.896619
4395.896619
4395.896619
4395.896619
4395.896619
4395.896619
4395.896619
4395.896619
4395.896619
4395.896619
4395.896619
4395.896619
4395.896619
4395.896619
