24136.805595
89758.617562
91131.606830
94450.394074
89702.939367
89589.368013
90629.735085
90629.735085
88422.967995
88681.505421
87894.403095
92129.296665
90432.161914
93760.722573
91641.923436
88282.608579
90862.737176
91042.054123
91469.731101
91239.041992
90732.353305
88740.938778
92714.463508
93582.496647
93146.704047
91741.351851
91741.351851
87760.843561
91213.629277
93304.107673
93984.152609
91305.175272
89724.779976
90627.458033
87992.966345
92381.997772
93556.861609
90647.386982
90180.399073
91922.728570
91625.873026
94304.054043
85274.925799
88696.405415
90229.205296
94936.876332
92824.110488
92824.110488
93597.431739
90999.711955
91325.684769
93450.552266
92516.015296
89080.514707
91469.731101
91318.482293
89779.199956
91562.584892
89085.549616
89453.041981
89222.511401
91384.518922
88731.579587
91239.014891
93462.572097
89508.679181
91990.876662
92323.320979
92329.086710
91845.253174
91082.573819
91513.176188
91513.176188
93642.688544
92957.836169
92562.918968
93785.505637
90730.315553
88104.959797
88104.959797
90772.693755
92210.234512
90392.970175
88789.522545
88789.522545
93118.476110
93657.312692
91359.564182
91401.700567
94214.250317
92000.106709
88601.392744
92836.121171
91878.158048
89199.608410
92172.953668
90840.020597
90840.020597
92644.535921
91309.925540
