11932.303910
29106.000932
29106.000932
30874.195774
32076.423751
32076.423751
32076.423751
30091.832812
30091.832812
29723.075031
29723.075031
29723.075031
29723.075031
31227.075036
31160.987443
31160.987443
31160.987443
31368.888772
28771.775183
28771.775183
31717.063984
32324.886133
32324.886133
32324.886133
32324.886133
31712.094969
31712.094969
31712.094969
31712.094969
32625.140054
32140.220200
32140.220200
31462.281908
31462.281908
31462.281908
32493.691546
31462.281908
31745.788592
31128.981660
31128.981660
31128.981660
31128.981660
32444.258753
32444.258753
32444.258753
27494.246978
27494.246978
27494.246978
27494.246978
27494.246978
27494.246978
28968.167714
28968.167714
24366.468573
24366.468573
24366.468573
24366.468573
24366.468573
24366.468573
31210.132205
29830.050854
29830.050854
31210.132205
31347.340996
31347.340996
31347.340996
29077.728504
29077.728504
29077.728504
29077.728504
29077.728504
31576.418573
31576.418573
31576.418573
31576.418573
31576.418573
32209.884705
32209.884705
28391.116634
28391.116634
28391.116634
28391.116634
28391.116634
32015.844003
32015.844003
32015.844003
32015.844003
28427.297946
28427.297946
28427.297946
28427.297946
30751.592436
30751.592436
30131.586097
30131.586097
30131.586097
30131.586097
31686.793522
31686.793522
31686.793522
