11602.943170
30640.646132
32087.446939
32087.446939
33960.704182
34960.838371
33224.197164
33224.197164
32458.538977
32458.538977
32458.538977
32458.538977
32458.538977
34028.298918
34028.298918
34028.298918
35606.614791
35606.614791
35606.614791
37520.978112
37520.978112
37520.978112
34078.275098
34078.275098
34078.275098
31475.123205
31475.123205
31475.123205
31475.123205
33763.167287
33763.167287
33763.167287
34939.631439
34939.631439
34939.631439
35140.823110
35140.823110
35140.823110
33550.078387
33550.078387
33550.078387
33550.078387
33550.078387
34492.098578
33217.437418
33217.437418
33217.437418
33217.437418
34489.946057
34489.946057
34489.946057
33028.575669
33028.575669
33028.575669
33028.575669
33608.718906
33608.718906
33587.911145
33587.911145
33587.911145
33587.911145
33211.863148
33211.863148
34706.634228
34706.634228
34882.568693
34882.568693
33011.740252
33011.740252
33011.740252
33011.740252
33011.740252
34971.625089
34971.625089
33339.709491
33339.709491
33339.709491
32888.602210
32888.602210
32888.602210
32888.602210
32888.602210
35509.389696
35509.389696
34470.389225
34470.389225
34470.389225
34105.122924
34105.122924
34105.122924
34105.122924
32140.758292
32140.758292
32140.758292
32140.758292
34770.626313
34770.626313
33006.566712
33006.566712
33006.566712
