37781.000000
38056.000000
38007.000000
36487.000000
36347.000000
38233.000000
36487.000000
37889.000000
38167.000000
38015.000000
36968.000000
37694.000000
37901.000000
36968.000000
38360.000000
38124.000000
38015.000000
36968.000000
38167.000000
37874.000000
37745.000000
37058.000000
37702.000000
37555.000000
37058.000000
37874.000000
37499.000000
38023.000000
37687.000000
37499.000000
37353.000000
36926.000000
38217.000000
37353.000000
36926.000000
37417.000000
37430.000000
36487.000000
38106.000000
36487.000000
37470.000000
38106.000000
36487.000000
37430.000000
37412.000000
37559.000000
36763.000000
37470.000000
38154.000000
36763.000000
37785.000000
37686.000000
37287.000000
36347.000000
36347.000000
38161.000000
35984.000000
36347.000000
37687.000000
36799.000000
35984.000000
37752.000000
38261.000000
35984.000000
37997.000000
37499.000000
38087.000000
38041.000000
37353.000000
38142.000000
38058.000000
38008.000000
37353.000000
37295.000000
38586.000000
37353.000000
38072.000000
37295.000000
37623.000000
37353.000000
38530.000000
37623.000000
38299.000000
38056.000000
37694.000000
37877.000000
38299.000000
37745.000000
37694.000000
37412.000000
37543.000000
37745.000000
37394.000000
37009.000000
37543.000000
38064.000000
37819.000000
37543.000000
37924.000000
37819.000000
