11894.000000
11894.000000
11894.000000
11894.000000
11894.000000
11894.000000
11894.000000
12370.000000
12634.000000
12634.000000
12634.000000
12634.000000
12634.000000
11711.000000
11711.000000
11711.000000
11711.000000
12534.000000
12534.000000
12534.000000
12534.000000
12534.000000
12511.000000
12511.000000
12511.000000
12185.000000
12185.000000
12082.000000
12082.000000
12185.000000
12185.000000
12185.000000
12053.000000
12053.000000
11156.000000
11156.000000
11156.000000
11156.000000
11156.000000
11156.000000
11156.000000
11156.000000
11156.000000
11156.000000
12035.000000
12035.000000
12035.000000
12035.000000
12035.000000
12035.000000
12035.000000
12035.000000
11927.000000
11991.000000
11991.000000
11991.000000
11991.000000
11991.000000
11991.000000
11991.000000
11991.000000
11991.000000
11991.000000
12722.000000
12722.000000
12722.000000
12722.000000
12722.000000
12722.000000
12722.000000
12722.000000
12343.000000
12487.000000
12487.000000
12487.000000
12487.000000
12487.000000
12487.000000
12487.000000
12487.000000
12487.000000
12049.000000
12049.000000
12049.000000
12049.000000
12049.000000
12049.000000
12049.000000
12049.000000
12049.000000
11982.000000
12609.000000
12609.000000
12609.000000
12609.000000
12609.000000
12647.000000
12647.000000
12647.000000
12647.000000
