19118.000000
19536.000000
19281.000000
19281.000000
19090.000000
19773.000000
19712.000000
18984.000000
19091.000000
19091.000000
18604.000000
19092.000000
19536.000000
19728.000000
19414.000000
18382.000000
19757.000000
19936.000000
19510.000000
19126.000000
19126.000000
19457.000000
19248.000000
18584.000000
19050.000000
19050.000000
19680.000000
19071.000000
19237.000000
19304.000000
19470.000000
19463.000000
19277.000000
19104.000000
19104.000000
19520.000000
19002.000000
19002.000000
19265.000000
19186.000000
19243.000000
19206.000000
18885.000000
19008.000000
19425.000000
19766.000000
19557.000000
19603.000000
19262.000000
18548.000000
19362.000000
19283.000000
19073.000000
19223.000000
19223.000000
19541.000000
19050.000000
19450.000000
18949.000000
19250.000000
19250.000000
19138.000000
19531.000000
19396.000000
19254.000000
18349.000000
19651.000000
19979.000000
19942.000000
19478.000000
18901.000000
19591.000000
18309.000000
19365.000000
19689.000000
18891.000000
19553.000000
19373.000000
19413.000000
19262.000000
19329.000000
19892.000000
19943.000000
19943.000000
19350.000000
19127.000000
19267.000000
19799.000000
19300.000000
19406.000000
19775.000000
18719.000000
19041.000000
19957.000000
19369.000000
19759.000000
18716.000000
18716.000000
19565.000000
19397.000000
