16478.000000
16735.000000
17003.000000
16808.000000
16294.000000
16411.000000
16152.000000
16152.000000
16791.000000
16791.000000
17300.000000
17054.000000
17054.000000
17054.000000
16931.000000
17186.000000
16688.000000
16684.000000
16684.000000
17431.000000
16693.000000
16218.000000
16998.000000
16951.000000
16883.000000
17081.000000
17275.000000
17275.000000
16809.000000
16695.000000
17264.000000
17013.000000
16738.000000
16738.000000
17190.000000
16809.000000
17007.000000
17007.000000
17007.000000
17200.000000
16998.000000
17067.000000
17403.000000
17403.000000
17592.000000
17278.000000
16670.000000
16670.000000
16902.000000
17080.000000
17026.000000
17026.000000
16507.000000
16507.000000
17660.000000
17660.000000
17952.000000
16972.000000
17393.000000
17351.000000
17173.000000
17172.000000
17172.000000
17172.000000
16037.000000
16037.000000
16754.000000
16754.000000
16959.000000
17583.000000
17150.000000
16611.000000
15698.000000
15698.000000
15698.000000
16758.000000
16758.000000
17425.000000
16972.000000
16972.000000
17419.000000
16458.000000
16349.000000
16349.000000
16812.000000
16812.000000
17086.000000
17086.000000
17207.000000
15949.000000
15949.000000
17356.000000
16894.000000
16894.000000
17175.000000
17311.000000
16791.000000
16791.000000
17828.000000
17054.000000
