12093.000000
12093.000000
12153.000000
12141.000000
12324.000000
12324.000000
12324.000000
12335.000000
12297.000000
12297.000000
12297.000000
12368.000000
12578.000000
11541.000000
11541.000000
11541.000000
11541.000000
12234.000000
12234.000000
12293.000000
12293.000000
11732.000000
11732.000000
11906.000000
11906.000000
11906.000000
11587.000000
11587.000000
11587.000000
12048.000000
12048.000000
11996.000000
11919.000000
11996.000000
12258.000000
12258.000000
11620.000000
11620.000000
11349.000000
11349.000000
11349.000000
11349.000000
12259.000000
12259.000000
11756.000000
11756.000000
11756.000000
12335.000000
12335.000000
12158.000000
12158.000000
12158.000000
12646.000000
12329.000000
11973.000000
11973.000000
11973.000000
12134.000000
12134.000000
12121.000000
12121.000000
12121.000000
12693.000000
12664.000000
11723.000000
11723.000000
11717.000000
11717.000000
11717.000000
12084.000000
12084.000000
11528.000000
12090.000000
11623.000000
11623.000000
11623.000000
11623.000000
12454.000000
12760.000000
12302.000000
11712.000000
11712.000000
11712.000000
11712.000000
12674.000000
12183.000000
12649.000000
12649.000000
12649.000000
12683.000000
12013.000000
12628.000000
12628.000000
12177.000000
12177.000000
12093.000000
12093.000000
12093.000000
11224.000000
11224.000000
