21774.000000
21837.000000
21892.000000
21782.000000
21471.000000
21551.000000
21551.000000
21969.000000
21139.000000
21696.000000
21610.000000
21372.000000
21727.000000
21859.000000
22174.000000
21721.000000
21049.000000
21609.000000
21455.000000
21292.000000
21616.000000
20582.000000
21484.000000
21556.000000
21587.000000
22264.000000
21833.000000
22132.000000
21204.000000
21686.000000
21502.000000
21457.000000
21960.000000
21913.000000
21056.000000
21525.000000
21537.000000
21049.000000
21914.000000
21906.000000
21745.000000
21800.000000
21847.000000
21884.000000
21717.000000
21610.000000
21598.000000
21796.000000
22339.000000
21750.000000
21686.000000
21697.000000
21895.000000
22099.000000
21580.000000
21580.000000
21959.000000
20825.000000
21590.000000
21441.000000
21552.000000
21668.000000
21063.000000
21745.000000
21474.000000
21185.000000
21751.000000
21753.000000
20750.000000
21477.000000
20951.000000
21393.000000
21597.000000
21778.000000
22133.000000
21550.000000
22211.000000
22218.000000
21426.000000
21492.000000
20910.000000
20469.000000
21699.000000
21791.000000
21315.000000
21717.000000
21913.000000
21312.000000
21756.000000
20992.000000
21447.000000
21607.000000
21706.000000
21076.000000
22159.000000
22174.000000
21335.000000
22048.000000
21233.000000
21218.000000
