6075.682598
7845.101957
7845.101957
7845.101957
7845.101957
7845.101957
7845.101957
7845.101957
7845.101957
7845.101957
7845.101957
7845.101957
7845.101957
7845.101957
7845.101957
7845.101957
7845.101957
7845.101957
7845.101957
7845.101957
7845.101957
7845.101957
7845.101957
7845.101957
7845.101957
7845.101957
7845.101957
7845.101957
7845.101957
7845.101957
7845.101957
7845.101957
7845.101957
7845.101957
7845.101957
7845.101957
7845.101957
7845.101957
7845.101957
7845.101957
7845.101957
7845.101957
7845.101957
7845.101957
7845.101957
7845.101957
7845.101957
7845.101957
7845.101957
7845.101957
7845.101957
7845.101957
7845.101957
7845.101957
7845.101957
7845.101957
7845.101957
7845.101957
7845.101957
7845.101957
7845.101957
7845.101957
7845.101957
7845.101957
7845.101957
7845.101957
7845.101957
7845.101957
7845.101957
7845.101957
7845.101957
7845.101957
7845.101957
8593.606987
8593.606987
8593.606987
8593.606987
8593.606987
8593.606987
8593.606987
8593.606987
8593.606987
8593.606987
8593.606987
8593.606987
8593.606987
8593.606987
8593.606987
8593.606987
8593.606987
8593.606987
8593.606987
8593.606987
8593.606987
8593.606987
8593.606987
8593.606987
8593.606987
8593.606987
8593.606987
