20191.801014
59598.410618
59861.398518
59117.079269
59598.410618
57055.045777
60124.761748
60633.169234
59265.261203
61322.188758
59676.082791
59546.954360
59959.551371
59676.082791
59676.082791
59565.095309
59418.131192
59418.131192
60603.272112
58893.322659
60564.346396
59960.834445
60584.583619
59568.504906
61177.451502
59437.966071
58518.239546
59608.764621
59314.812057
59325.579977
56015.326338
57099.552149
58592.088077
58768.102360
59301.882326
58037.939530
59694.708127
59694.708127
59873.835007
58037.939530
60239.822718
60298.803894
55431.069479
60190.172989
57305.075978
58826.942289
61000.061185
59228.629576
59196.311813
59879.698728
59726.508084
58504.584632
60537.031855
59020.911216
59667.568897
60181.001916
59441.167479
56806.658453
59621.727129
59056.075074
56571.213434
59676.887814
60859.733784
60341.786553
58028.834743
57456.342689
58497.752353
58035.230923
58035.230923
58291.049034
59267.110163
59267.110163
60307.300965
59794.261988
59675.640702
59675.640702
60841.783755
59873.835007
60342.281263
56952.881486
59495.522239
59278.684803
57716.533686
61349.620335
59858.836461
59441.290513
59293.695414
59293.695414
60134.408065
59726.508084
60790.627308
61685.832574
60146.741874
56654.673818
59631.288869
61373.915681
59763.333127
62137.404131
58400.540426
60553.362311
