20965.408182
69379.514554
68225.389659
69067.637903
71418.613461
70916.309006
69379.439008
69490.291948
71948.348411
71470.496519
71037.907260
68809.464294
71318.627972
69433.162990
70190.086507
71451.819359
70451.622654
69838.075542
69838.075542
69310.063504
70041.562293
69554.377630
70471.321824
71028.227648
70986.671490
72477.949967
70742.372730
71260.976834
71328.846430
68806.423770
68809.464294
68800.503618
69216.434721
72764.595552
69931.726693
71604.970802
71604.970802
70205.127253
71229.643978
71656.647106
70275.017881
70914.857244
70914.857244
70771.248394
71643.118648
68205.940173
69199.246764
69260.099414
71620.636781
71310.142194
71412.946674
71199.444312
69902.961623
70919.936490
70919.936490
70826.024522
70865.900712
70567.821374
70567.821374
72474.589061
70366.558152
70751.815005
70075.477375
71657.930432
69260.099414
69260.099414
69839.166975
72322.030051
71259.461085
70549.918268
69957.270530
71601.298831
70982.881878
70716.581833
69289.640880
67880.153345
70473.807347
69895.544404
70567.821374
71150.247209
71600.561316
70479.756740
69040.818546
71380.226766
70521.755948
72567.917889
72124.606360
72136.165429
69927.436471
71758.936199
71945.446423
71429.804937
69957.270530
70060.679125
68001.863707
69260.374769
70716.581833
69406.882432
69715.954322
70606.538704
