18069.081716
56281.006255
58539.917062
59590.663123
60272.283090
58081.446622
57970.037696
57566.901052
59423.970532
59593.260010
58511.504309
58511.504309
57250.920936
57250.920936
56956.502347
58364.205275
57249.619725
57249.619725
57850.540332
57098.194985
55052.504427
55052.504427
58853.813513
57680.162798
55310.766650
54995.073318
54995.073318
58408.164657
58061.790886
57566.901052
57566.901052
54358.177115
58541.272182
58541.272182
55447.069045
55873.160681
58328.427931
58328.427931
57947.792152
57947.792152
59627.914905
59235.826531
59235.826531
59396.843081
56082.608360
56082.608360
60503.462371
58149.364661
58149.364661
58969.004807
61276.066308
57983.325823
59867.431253
60390.002934
59822.848236
59442.302800
57045.775459
57045.775459
60104.054834
60104.054834
56810.586121
59082.322002
56495.014646
56495.014646
55228.302846
55228.302846
58910.146460
59649.538471
60483.744774
55902.033206
55902.033206
60138.975378
58119.222897
59569.078553
55579.398167
59348.148814
59828.679297
56321.216179
61109.691342
59889.490233
57935.047031
57935.047031
54768.678801
54768.678801
59642.401254
59642.401254
58304.372399
58954.774635
58954.774635
59054.640976
59928.369111
56846.265910
60163.422689
58748.044041
58748.044041
60065.571064
60644.579012
61875.645683
61002.951275
59509.264561
