13389.000000
13389.000000
13389.000000
13389.000000
13389.000000
13135.000000
13135.000000
13135.000000
13913.000000
14065.000000
14065.000000
13839.000000
13839.000000
13839.000000
13839.000000
13271.000000
13441.000000
13441.000000
13562.000000
13562.000000
13562.000000
13562.000000
13614.000000
12376.000000
13128.000000
13128.000000
13128.000000
13128.000000
13128.000000
13128.000000
13128.000000
13414.000000
13414.000000
13414.000000
13414.000000
13414.000000
13367.000000
13367.000000
13367.000000
13367.000000
13367.000000
13367.000000
13367.000000
13720.000000
13720.000000
13720.000000
13720.000000
13720.000000
12549.000000
12549.000000
12549.000000
12549.000000
12549.000000
12549.000000
12204.000000
12204.000000
12204.000000
12204.000000
12204.000000
12204.000000
12204.000000
12204.000000
13676.000000
13676.000000
13676.000000
13676.000000
13676.000000
12279.000000
12279.000000
12279.000000
12279.000000
12279.000000
12279.000000
12065.000000
12065.000000
12065.000000
12065.000000
12065.000000
12065.000000
12065.000000
13232.000000
13232.000000
13232.000000
13232.000000
13232.000000
13232.000000
13380.000000
13380.000000
13380.000000
12984.000000
13380.000000
12961.000000
12961.000000
12961.000000
12961.000000
12961.000000
12961.000000
12885.000000
12885.000000
12885.000000
