8037.592655
14536.040106
14536.040106
14536.040106
14536.040106
14536.040106
14536.040106
14536.040106
14536.040106
14536.040106
14536.040106
14536.040106
14536.040106
14536.040106
14536.040106
14536.040106
14536.040106
13191.744795
13191.744795
13191.744795
13191.744795
13191.744795
13191.744795
13191.744795
13191.744795
13191.744795
13191.744795
13191.744795
13191.744795
13191.744795
13191.744795
13191.744795
13191.744795
13191.744795
13191.744795
13191.744795
13191.744795
13191.744795
13191.744795
13191.744795
13191.744795
13191.744795
13191.744795
13191.744795
13191.744795
13191.744795
13191.744795
13191.744795
13191.744795
13191.744795
13191.744795
13191.744795
13191.744795
14489.977557
14489.977557
14489.977557
14489.977557
14489.977557
14489.977557
14489.977557
14489.977557
14489.977557
14489.977557
14489.977557
14489.977557
14489.977557
14489.977557
14489.977557
14489.977557
14489.977557
14489.977557
14489.977557
14489.977557
14489.977557
14489.977557
14489.977557
14489.977557
14489.977557
14489.977557
14489.977557
14489.977557
14489.977557
14489.977557
14489.977557
14489.977557
14489.977557
14489.977557
14489.977557
15863.647354
15863.647354
15863.647354
15863.647354
15863.647354
15863.647354
15863.647354
15863.647354
15863.647354
15863.647354
15863.647354
15863.647354
