23830.000000
23215.000000
23168.000000
23138.000000
23246.000000
23509.000000
23475.000000
23465.000000
23250.000000
23657.000000
23478.000000
23716.000000
23411.000000
23001.000000
23282.000000
23898.000000
22655.000000
23293.000000
23293.000000
23407.000000
23573.000000
23917.000000
23439.000000
23168.000000
23874.000000
23305.000000
22854.000000
23668.000000
22608.000000
22608.000000
23581.000000
23547.000000
22855.000000
22466.000000
24023.000000
23274.000000
23509.000000
23264.000000
23566.000000
23250.000000
23375.000000
23160.000000
23277.000000
23724.000000
22984.000000
23902.000000
22880.000000
22655.000000
23293.000000
23172.000000
23243.000000
23231.000000
23775.000000
23733.000000
23162.000000
23547.000000
23305.000000
22854.000000
23586.000000
23495.000000
23574.000000
23576.000000
23790.000000
24103.000000
23716.000000
22640.000000
23807.000000
23012.000000
23549.000000
23067.000000
22972.000000
23373.000000
23612.000000
23541.000000
23541.000000
23216.000000
23703.000000
23861.000000
23626.000000
23767.000000
23788.000000
23310.000000
23324.000000
23248.000000
23248.000000
23001.000000
22808.000000
23035.000000
22443.000000
22545.000000
23759.000000
23988.000000
23525.000000
23640.000000
23783.000000
23228.000000
24025.000000
23358.000000
22972.000000
23140.000000
