4503.668988
5380.257064
5380.257064
5380.257064
5380.257064
5380.257064
5380.257064
4970.585411
4970.585411
4970.585411
4970.585411
4970.585411
4970.585411
4970.585411
4970.585411
4970.585411
4970.585411
4970.585411
4970.585411
4970.585411
4970.585411
4970.585411
4970.585411
4970.585411
4970.585411
4970.585411
4970.585411
4970.585411
4970.585411
4970.585411
4970.585411
4970.585411
4970.585411
4970.585411
4970.585411
4970.585411
4970.585411
4970.585411
4970.585411
4970.585411
4970.585411
4970.585411
4970.585411
4970.585411
4970.585411
4970.585411
4970.585411
4970.585411
4970.585411
4970.585411
4970.585411
4970.585411
4970.585411
4970.585411
4970.585411
4970.585411
4970.585411
4970.585411
4970.585411
4970.585411
4970.585411
4970.585411
4970.585411
4970.585411
4970.585411
4970.585411
4970.585411
4970.585411
4970.585411
4970.585411
4970.585411
4970.585411
4970.585411
4970.585411
4970.585411
4970.585411
4970.585411
4970.585411
4970.585411
4970.585411
4970.585411
4970.585411
4970.585411
4970.585411
4970.585411
4970.585411
4970.585411
4970.585411
4970.585411
4970.585411
4970.585411
4970.585411
4970.585411
4970.585411
4970.585411
4970.585411
4970.585411
4970.585411
4970.585411
4970.585411
