13494.000000
13494.000000
13494.000000
14152.000000
12992.000000
13609.000000
13304.000000
13304.000000
12953.000000
14050.000000
12815.000000
12815.000000
12815.000000
13442.000000
13442.000000
13403.000000
13728.000000
13728.000000
13728.000000
13414.000000
13406.000000
13828.000000
13828.000000
13626.000000
13817.000000
12890.000000
12890.000000
14129.000000
13743.000000
13644.000000
13901.000000
13309.000000
13309.000000
12929.000000
12929.000000
13312.000000
13312.000000
13930.000000
13930.000000
13549.000000
13549.000000
13557.000000
13557.000000
13457.000000
13457.000000
13606.000000
13606.000000
13926.000000
13197.000000
13197.000000
13197.000000
13615.000000
13615.000000
13442.000000
13442.000000
13491.000000
13491.000000
12765.000000
13313.000000
13325.000000
13325.000000
13739.000000
13739.000000
12991.000000
12991.000000
12991.000000
13335.000000
13335.000000
13883.000000
13353.000000
13353.000000
13415.000000
13567.000000
13924.000000
14135.000000
13938.000000
13938.000000
13938.000000
14062.000000
13871.000000
13022.000000
13677.000000
13677.000000
13779.000000
13779.000000
14324.000000
14324.000000
12933.000000
12933.000000
12844.000000
12844.000000
13579.000000
13579.000000
13758.000000
13758.000000
13772.000000
13498.000000
13498.000000
13498.000000
14152.000000
