9664.682245
18999.803323
18999.803323
18983.005744
18983.005744
18983.005744
18983.005744
18983.005744
18983.005744
18983.005744
18983.005744
20057.057878
20057.057878
20057.057878
20057.057878
20057.057878
20057.057878
20057.057878
18467.711533
18467.711533
18467.711533
18467.711533
18467.711533
18467.711533
18467.711533
18467.711533
18467.711533
18467.711533
18771.721032
18771.721032
18771.721032
18771.721032
18771.721032
18771.721032
18771.721032
18771.721032
18771.721032
19765.912072
19765.912072
19765.912072
19765.912072
19765.912072
19765.912072
19765.912072
18110.436959
18110.436959
18110.436959
18110.436959
18110.436959
18110.436959
18110.436959
18110.436959
18110.436959
18110.436959
19940.678975
19940.678975
19940.678975
19940.678975
19940.678975
19940.678975
19940.678975
19722.254103
19722.254103
19434.403650
19434.403650
19434.403650
19434.403650
19434.403650
19434.403650
19434.403650
20148.400103
20148.400103
20148.400103
20148.400103
20148.400103
20148.400103
20148.400103
18211.691330
18158.728641
18158.728641
18158.728641
18158.728641
18158.728641
18158.728641
18158.728641
18158.728641
18158.728641
18234.586490
19398.854995
19398.854995
19398.854995
19398.854995
19398.854995
19398.854995
19110.324154
19110.324154
19110.324154
19110.324154
19110.324154
19110.324154
