23959.191275
83527.764283
82146.037774
80868.030055
82172.695879
81715.394454
83259.734766
80389.126316
79779.543431
80374.501276
82542.051065
83153.074230
82332.520660
81015.735138
82046.846678
82793.969966
82033.986151
81333.588567
84161.477079
82641.209587
82463.877052
83053.041993
81913.130719
83259.734766
79920.962896
83282.853220
80564.873082
81765.283825
79480.331453
81015.735138
81404.315158
81907.766590
82033.986151
83382.073316
82519.763472
81637.520824
83272.270998
84349.222007
81084.206973
81927.882798
82029.086977
80773.783210
83311.723022
79103.870283
80325.116980
83112.126965
81295.257565
81715.394454
81715.394454
82607.167968
82922.482084
77844.431456
83042.566506
84534.469290
80897.360261
81913.130719
83436.837459
82775.147939
82641.209587
81732.880227
80704.069439
79932.648694
82272.895823
82860.097078
82006.782890
80364.385185
82922.482084
81976.047188
81976.047188
83015.436558
82271.430409
82033.978840
82033.978840
82080.123966
82519.511721
81037.046235
81037.046235
83692.434664
83586.477977
83194.678812
81895.326519
79779.543431
83145.933449
82719.137760
82921.933158
83844.498790
82122.214407
83117.659814
81333.588567
83787.025541
80249.148487
80614.102633
79410.387130
82357.785938
81913.130719
82941.357548
82487.436135
83504.219510
81732.880227
79932.648694
