23054.000000
22866.000000
22951.000000
23202.000000
23190.000000
23654.000000
23184.000000
22763.000000
23409.000000
22218.000000
23712.000000
23418.000000
22097.000000
23287.000000
23313.000000
22250.000000
22331.000000
23664.000000
22815.000000
22591.000000
23091.000000
23287.000000
23155.000000
22671.000000
23795.000000
23133.000000
23245.000000
23120.000000
22831.000000
23126.000000
23284.000000
23687.000000
23715.000000
23156.000000
22985.000000
22591.000000
22941.000000
22347.000000
23032.000000
22979.000000
23674.000000
22401.000000
22805.000000
22902.000000
23217.000000
22893.000000
22909.000000
23004.000000
23303.000000
23154.000000
22968.000000
23044.000000
23668.000000
22942.000000
23052.000000
23337.000000
23464.000000
23006.000000
23006.000000
22830.000000
23136.000000
22097.000000
22428.000000
22428.000000
23044.000000
23091.000000
23099.000000
23117.000000
23701.000000
22218.000000
22218.000000
22461.000000
23019.000000
23418.000000
22097.000000
22889.000000
22250.000000
22955.000000
22955.000000
22591.000000
23091.000000
22863.000000
23447.000000
23427.000000
22941.000000
22501.000000
22218.000000
22347.000000
23168.000000
23464.000000
22466.000000
23604.000000
23269.000000
22854.000000
22955.000000
22591.000000
22591.000000
22941.000000
23247.000000
23154.000000
