23073.000000
23141.000000
23919.000000
23668.000000
23518.000000
24054.000000
23465.000000
23281.000000
22578.000000
23076.000000
23698.000000
23815.000000
23084.000000
23730.000000
23068.000000
23195.000000
23259.000000
23465.000000
23800.000000
23490.000000
23141.000000
22770.000000
23588.000000
23084.000000
23521.000000
23421.000000
23357.000000
24127.000000
23527.000000
23890.000000
23639.000000
23120.000000
23895.000000
23942.000000
23432.000000
23730.000000
23084.000000
23833.000000
22878.000000
23300.000000
23465.000000
22794.000000
23869.000000
23171.000000
23795.000000
23120.000000
23490.000000
23432.000000
23377.000000
23782.000000
23521.000000
24195.000000
23186.000000
23431.000000
23431.000000
23720.000000
23621.000000
22840.000000
23547.000000
23555.000000
23630.000000
23411.000000
23627.000000
23607.000000
24338.000000
24019.000000
23435.000000
23845.000000
24237.000000
23321.000000
23247.000000
23883.000000
23281.000000
23747.000000
23698.000000
23409.000000
23409.000000
23900.000000
23703.000000
23998.000000
23541.000000
24172.000000
23722.000000
23553.000000
23850.000000
23260.000000
22993.000000
23432.000000
23607.000000
23195.000000
23735.000000
23563.000000
23703.000000
23668.000000
23937.000000
23806.000000
23984.000000
23263.000000
23432.000000
22510.000000
