11224.791359
23795.129320
23795.129320
23795.129320
23795.129320
23795.129320
23795.129320
23795.129320
23795.129320
23795.129320
23795.129320
25474.498737
25827.827883
25827.827883
25827.827883
25827.827883
25827.827883
25827.827883
25827.827883
25827.827883
25827.827883
25827.827883
27440.617015
27440.617015
27440.617015
27440.617015
27440.617015
27440.617015
27440.617015
24572.613772
24572.613772
24572.613772
24572.613772
24572.613772
24572.613772
24572.613772
24572.613772
24572.613772
24572.613772
21786.112914
21786.112914
21786.112914
21786.112914
21786.112914
21786.112914
21786.112914
21786.112914
21786.112914
21786.112914
25066.181080
25066.181080
25066.181080
25066.181080
25066.181080
22061.106155
21778.644420
21778.644420
21778.644420
21778.644420
21778.644420
21778.644420
21778.644420
21778.644420
21778.644420
25383.151494
25383.151494
25383.151494
25383.151494
25383.151494
25383.151494
25383.151494
25383.151494
25383.151494
23897.122741
23897.122741
23897.122741
23897.122741
23897.122741
23897.122741
23897.122741
23897.122741
23897.122741
25024.154976
25024.154976
25024.154976
25024.154976
25024.154976
25024.154976
25024.154976
25024.154976
25024.154976
23580.151434
23580.151434
23580.151434
23580.151434
23580.151434
23580.151434
23580.151434
23580.151434
25791.553564
