21155.186922
63592.832796
63478.604091
64883.143700
64223.316469
66116.933587
67191.580064
66874.964796
63478.604091
66836.480073
66035.792961
66146.601217
66928.392857
62798.784690
62798.784690
64211.956399
67501.053213
65839.218316
66074.990285
66390.615763
66967.179376
64781.821102
66556.781009
66007.372377
65963.072137
65202.528117
66817.738396
65529.333045
63891.313776
66146.601217
66146.601217
63756.341288
66558.721634
66425.233297
67536.923699
67626.827826
65726.138718
65813.878449
66263.081447
62456.904393
67399.579272
65682.264045
65541.902558
65878.225901
66200.455756
64383.397970
66905.887002
64781.821102
66088.295214
65830.432333
65830.432333
66430.216016
65149.167918
66455.010208
66897.466293
65260.385587
64223.316469
61844.253841
61844.253841
68013.328689
66688.271078
66074.990285
66074.990285
64162.997928
65645.180318
63133.840293
62456.904393
65920.290279
67429.485943
66174.501948
65963.072137
64781.443636
68455.784851
66099.040616
67861.224217
67231.319291
66863.240907
65529.333045
65529.333045
67579.749545
63133.840293
66520.372279
65260.385587
67275.946285
63552.502071
66475.461138
65496.720952
66854.628774
63733.756856
63733.756856
66558.721634
67372.726420
65406.875651
66962.779658
65878.225901
66465.966822
65726.138718
65784.848910
65784.848910
67190.647333
