8982.977857
13294.179438
13294.179438
13294.179438
13294.179438
13294.179438
13294.179438
13294.179438
13294.179438
13294.179438
13294.179438
13294.179438
13294.179438
13294.179438
13294.179438
13294.179438
13294.179438
15803.912263
15803.912263
15803.912263
15803.912263
15803.912263
15803.912263
15803.912263
15803.912263
15803.912263
15803.912263
15803.912263
15803.912263
15803.912263
15803.912263
15803.912263
15803.912263
15803.912263
15803.912263
15803.912263
15803.912263
15803.912263
15803.912263
15803.912263
15803.912263
15803.912263
15803.912263
15803.912263
15803.912263
15803.912263
15803.912263
15803.912263
15803.912263
15803.912263
15803.912263
14562.587009
14562.587009
14562.587009
14562.587009
14562.587009
14562.587009
14562.587009
14562.587009
14562.587009
14562.587009
14562.587009
14562.587009
14562.587009
14562.587009
14562.587009
14562.587009
14562.587009
14562.587009
14562.587009
14562.587009
14562.587009
14562.587009
14562.587009
14562.587009
14562.587009
14562.587009
14562.587009
14562.587009
14562.587009
14562.587009
14562.587009
14562.587009
14562.587009
14562.587009
14562.587009
13272.039931
14583.114516
14583.114516
14583.114516
14583.114516
14583.114516
14583.114516
14583.114516
14583.114516
14583.114516
14583.114516
14583.114516
14583.114516
14583.114516
