9918.261040
19441.132141
21305.709890
21305.709890
21305.709890
20493.405353
21512.016707
21512.016707
21512.016707
21512.016707
21512.016707
21512.016707
21512.016707
21512.016707
21512.016707
21512.016707
21591.598789
21591.598789
21591.598789
21591.598789
21591.598789
21591.598789
21591.598789
21591.598789
21591.598789
21006.475543
21006.475543
21006.475543
20963.537203
20963.537203
21006.475543
21006.475543
21006.475543
21006.475543
21006.475543
22181.957532
22181.957532
22181.957532
22181.957532
22181.957532
22181.957532
22181.957532
22181.957532
22181.957532
20489.727369
20489.727369
20489.727369
20489.727369
20489.727369
20489.727369
20489.727369
20489.727369
20489.727369
20489.727369
19367.967705
19367.967705
19367.967705
19367.967705
19367.967705
19367.967705
19367.967705
19367.967705
19367.967705
19367.967705
21680.035120
21680.035120
21680.035120
21680.035120
22052.406667
22052.406667
22052.406667
22052.406667
22052.406667
22052.406667
22158.130199
22158.130199
22158.130199
22158.130199
22158.130199
22158.130199
22158.130199
22158.130199
19146.083259
19146.083259
19146.083259
19146.083259
19146.083259
19146.083259
19146.083259
19146.083259
19146.083259
19146.083259
21056.461540
21056.461540
21056.461540
21056.461540
21056.461540
21056.461540
21056.461540
21056.461540
