6724.371085
10708.111144
10708.111144
10708.111144
10708.111144
10708.111144
10708.111144
10708.111144
10708.111144
10708.111144
10708.111144
10708.111144
10708.111144
10708.111144
10708.111144
10708.111144
10708.111144
10708.111144
11545.525723
11545.525723
11545.525723
11545.525723
11545.525723
11545.525723
11545.525723
11545.525723
11545.525723
11545.525723
11545.525723
11545.525723
11545.525723
11545.525723
11545.525723
11545.525723
11545.525723
11545.525723
11545.525723
11545.525723
11545.525723
11545.525723
11545.525723
11545.525723
11545.525723
11545.525723
11545.525723
11545.525723
11545.525723
11545.525723
11545.525723
11545.525723
11545.525723
11545.525723
11545.525723
11545.525723
11545.525723
11545.525723
11034.480391
11034.480391
11034.480391
11034.480391
11034.480391
11034.480391
11034.480391
11034.480391
11034.480391
11034.480391
11034.480391
11034.480391
11034.480391
11034.480391
11034.480391
11034.480391
11034.480391
11034.480391
11034.480391
11034.480391
11034.480391
11034.480391
11034.480391
11034.480391
11034.480391
11034.480391
11034.480391
11034.480391
11034.480391
11034.480391
11034.480391
11034.480391
11034.480391
11034.480391
11034.480391
11034.480391
10988.503774
10988.503774
10988.503774
10988.503774
10988.503774
10988.503774
10988.503774
10988.503774
