22766.255455
80841.975502
80704.698087
83178.421122
77887.779317
80743.393860
82256.629920
78869.810053
80429.621093
80842.023675
77502.299545
77502.299545
83172.599129
80023.803976
80145.097926
82594.008106
82891.411623
80446.749162
79344.117024
80382.787967
81392.114619
78715.817384
79689.637551
80325.606512
79392.720406
78583.121093
78583.121093
79867.787313
80793.644273
78753.889131
80928.367494
80923.652537
80923.652537
79144.090030
77450.846313
83197.729316
81985.891904
80900.034007
80835.453565
82002.763135
80942.886497
79154.472462
79246.583576
82162.612849
79428.657905
80704.698087
80732.092436
80732.092436
82484.998937
80692.251253
80692.251253
81456.809411
81360.179631
80148.648644
79122.142304
81462.760396
79592.702551
79784.345814
79784.345814
79256.846861
80070.618213
82236.009448
79804.109958
77818.684598
82089.768259
80393.061565
78478.321836
78478.321836
79280.753652
81404.180442
76584.701876
76584.701876
79871.877554
77709.443325
78161.678310
80233.651339
77734.284869
78769.951779
81964.194693
79313.368660
80674.932619
80127.322920
79877.098868
81329.809586
78401.082314
77222.181101
77222.181101
79980.326866
80581.411252
78715.817384
76793.841803
76793.841803
80641.899430
80842.323794
80293.566215
77606.476420
78038.278684
78812.443921
79042.974815
82417.294035
