22511.000000
22511.000000
22099.000000
22915.000000
22590.000000
22851.000000
21815.000000
22482.000000
22697.000000
22625.000000
22749.000000
22949.000000
22422.000000
22422.000000
22571.000000
22563.000000
22563.000000
21190.000000
21190.000000
21854.000000
22848.000000
22295.000000
22295.000000
22840.000000
23431.000000
22897.000000
22737.000000
22479.000000
21927.000000
22061.000000
22650.000000
22012.000000
22703.000000
22861.000000
22455.000000
22009.000000
21962.000000
22427.000000
22700.000000
22907.000000
22655.000000
22915.000000
22915.000000
21967.000000
22629.000000
22876.000000
22293.000000
22836.000000
22836.000000
22549.000000
22759.000000
21553.000000
21754.000000
22785.000000
22713.000000
22492.000000
23225.000000
22611.000000
22328.000000
22590.000000
22959.000000
20948.000000
22741.000000
22955.000000
22715.000000
21653.000000
22061.000000
22375.000000
22375.000000
22601.000000
22613.000000
22729.000000
22492.000000
22680.000000
22464.000000
23103.000000
22191.000000
22191.000000
23364.000000
22972.000000
22681.000000
22914.000000
22446.000000
22929.000000
22056.000000
22056.000000
22328.000000
22328.000000
22891.000000
21584.000000
22861.000000
22277.000000
22439.000000
22288.000000
22288.000000
23148.000000
22465.000000
22722.000000
22741.000000
21874.000000
