23797.000000
23806.000000
23435.000000
23434.000000
22747.000000
23140.000000
23496.000000
22064.000000
22997.000000
23231.000000
22916.000000
23250.000000
22825.000000
23002.000000
23002.000000
23534.000000
22875.000000
22777.000000
23188.000000
22988.000000
23326.000000
22870.000000
23354.000000
23161.000000
22958.000000
22533.000000
23116.000000
23170.000000
21675.000000
23262.000000
22974.000000
21686.000000
22068.000000
22503.000000
22629.000000
23330.000000
23231.000000
22734.000000
22326.000000
22770.000000
22921.000000
22762.000000
23207.000000
22351.000000
22418.000000
22778.000000
22788.000000
22723.000000
23611.000000
22865.000000
22865.000000
23244.000000
22777.000000
23117.000000
22930.000000
23275.000000
22916.000000
22187.000000
22203.000000
23207.000000
23755.000000
22687.000000
23589.000000
23369.000000
23140.000000
23532.000000
23156.000000
21686.000000
23658.000000
22608.000000
23325.000000
22718.000000
23785.000000
23523.000000
23321.000000
23328.000000
23328.000000
23274.000000
22723.000000
23266.000000
23298.000000
23236.000000
23106.000000
23106.000000
23621.000000
23028.000000
23384.000000
23400.000000
24108.000000
23974.000000
23832.000000
23145.000000
23242.000000
23242.000000
23961.000000
23967.000000
23623.000000
23626.000000
23295.000000
22629.000000
