10333.000000
10333.000000
10333.000000
10023.000000
10023.000000
10023.000000
10023.000000
10023.000000
10023.000000
10023.000000
10023.000000
10023.000000
9862.000000
9862.000000
9862.000000
9862.000000
9862.000000
9862.000000
9862.000000
9862.000000
9862.000000
10698.000000
10698.000000
10698.000000
10698.000000
10698.000000
10698.000000
10698.000000
10698.000000
10698.000000
10698.000000
11029.000000
11029.000000
11029.000000
11029.000000
11029.000000
11029.000000
11029.000000
10676.000000
9762.000000
9762.000000
9762.000000
9762.000000
9762.000000
9762.000000
9762.000000
9762.000000
9762.000000
10764.000000
10764.000000
10764.000000
10764.000000
10764.000000
10764.000000
10764.000000
10764.000000
10672.000000
10672.000000
10672.000000
10672.000000
10672.000000
10672.000000
10672.000000
10672.000000
10672.000000
10536.000000
10536.000000
10536.000000
10536.000000
10536.000000
10536.000000
10536.000000
10536.000000
10536.000000
10536.000000
10756.000000
10756.000000
10756.000000
10756.000000
10756.000000
10756.000000
10756.000000
10756.000000
10486.000000
10486.000000
10486.000000
10486.000000
10486.000000
10486.000000
10486.000000
10486.000000
10486.000000
10617.000000
10617.000000
10698.000000
10698.000000
10432.000000
10432.000000
10432.000000
10698.000000
