6649.336311
7700.277482
8695.032857
8971.275195
8971.275195
8971.275195
8971.275195
8971.275195
8971.275195
8971.275195
8971.275195
8971.275195
8971.275195
8971.275195
8971.275195
8971.275195
8971.275195
8971.275195
8971.275195
8971.275195
8971.275195
8971.275195
8971.275195
8971.275195
8971.275195
8971.275195
8971.275195
8971.275195
8971.275195
8971.275195
8971.275195
8971.275195
8971.275195
8971.275195
8971.275195
8971.275195
8971.275195
8971.275195
8971.275195
8971.275195
8971.275195
8971.275195
8971.275195
8971.275195
8971.275195
8971.275195
8971.275195
8971.275195
8971.275195
8971.275195
8971.275195
8971.275195
8971.275195
8971.275195
8971.275195
8971.275195
8971.275195
8971.275195
8971.275195
8971.275195
8971.275195
8971.275195
8971.275195
8971.275195
8971.275195
8971.275195
8971.275195
8971.275195
8971.275195
8971.275195
8971.275195
8971.275195
8971.275195
8971.275195
8971.275195
8971.275195
8971.275195
8971.275195
8971.275195
8971.275195
8971.275195
8971.275195
8971.275195
8971.275195
8971.275195
8971.275195
8971.275195
8971.275195
8971.275195
8971.275195
8971.275195
8971.275195
8971.275195
8971.275195
8971.275195
8971.275195
8971.275195
8971.275195
8976.106112
8976.106112
