12969.000000
13078.000000
12791.000000
12791.000000
12791.000000
12644.000000
12644.000000
13009.000000
12832.000000
12832.000000
13787.000000
12832.000000
13061.000000
13061.000000
12957.000000
13061.000000
13139.000000
13318.000000
13166.000000
13161.000000
13562.000000
13038.000000
13696.000000
13274.000000
12477.000000
12477.000000
12477.000000
12477.000000
12986.000000
12986.000000
13466.000000
12992.000000
13466.000000
12992.000000
13762.000000
13549.000000
13549.000000
12620.000000
12620.000000
12620.000000
12620.000000
13354.000000
13845.000000
13306.000000
13306.000000
13306.000000
13306.000000
13565.000000
13565.000000
13462.000000
13462.000000
13462.000000
13139.000000
13139.000000
13139.000000
13128.000000
13128.000000
13128.000000
13128.000000
13582.000000
13339.000000
13339.000000
12441.000000
12441.000000
12300.000000
12300.000000
13149.000000
13149.000000
13060.000000
13060.000000
13060.000000
13060.000000
12735.000000
13776.000000
13089.000000
13089.000000
12850.000000
13089.000000
13187.000000
13187.000000
13187.000000
13741.000000
13810.000000
13359.000000
13359.000000
13359.000000
13359.000000
13543.000000
13543.000000
12930.000000
12930.000000
12930.000000
12930.000000
13397.000000
12949.000000
12896.000000
12886.000000
12886.000000
13516.000000
13316.000000
