6335.000000
6335.000000
6335.000000
6335.000000
6335.000000
6335.000000
6335.000000
6335.000000
6335.000000
6198.000000
6198.000000
6198.000000
6335.000000
6335.000000
6335.000000
6198.000000
6198.000000
6198.000000
6198.000000
6198.000000
6198.000000
6198.000000
6198.000000
6198.000000
6198.000000
6198.000000
6198.000000
6198.000000
6198.000000
6198.000000
6198.000000
6198.000000
6198.000000
6198.000000
6198.000000
6198.000000
6198.000000
6198.000000
6198.000000
6198.000000
6198.000000
6198.000000
6198.000000
6198.000000
6198.000000
6198.000000
6198.000000
6198.000000
6198.000000
6198.000000
6198.000000
6198.000000
6198.000000
6198.000000
6198.000000
6198.000000
6198.000000
6198.000000
6198.000000
6198.000000
6198.000000
6198.000000
6198.000000
6198.000000
6198.000000
6198.000000
6198.000000
6198.000000
6198.000000
6198.000000
6198.000000
6198.000000
6198.000000
6198.000000
6198.000000
6198.000000
6198.000000
6198.000000
6198.000000
6198.000000
6198.000000
6198.000000
6198.000000
6198.000000
6198.000000
6198.000000
6198.000000
6198.000000
6198.000000
6198.000000
6198.000000
6198.000000
6198.000000
6198.000000
6198.000000
6198.000000
6198.000000
6198.000000
6198.000000
6198.000000
