19732.075731
67677.024695
66973.502553
64970.609247
64629.638029
65467.024063
65467.024063
64928.489858
67572.265601
67486.811024
65646.753577
66084.436294
65810.146449
67426.961408
67274.667604
65988.499690
64665.814311
64928.489858
64928.489858
67002.397909
66975.289707
67008.617955
66904.414182
65646.753577
66587.399071
66587.399071
68508.317362
66380.037911
69065.921249
66973.502553
66380.037911
67177.761280
67008.258810
67964.607952
68197.651187
67896.590331
66100.596531
67500.578322
65810.146449
63561.703469
66849.534792
67652.335096
66070.830542
66395.106962
67572.265601
65769.157999
67486.811024
68109.486396
67779.276169
67981.829544
66380.037911
65532.133165
67456.325840
67274.667604
65837.666743
67001.465837
68793.498415
67177.761280
67580.288977
64928.489858
65646.753577
67633.609095
65890.592375
66463.403265
67675.569360
67572.265601
67872.648660
63740.633197
67293.412538
67472.661481
66084.436294
66084.436294
67960.360840
66070.830542
67422.841860
67002.397909
68545.317587
67533.505340
67002.765686
67896.590331
68486.462848
68428.704986
66100.596531
69506.218905
66625.982347
69590.692916
67363.061320
63740.633197
65890.592375
66594.143870
65646.753577
65769.157999
67555.731769
65988.499690
65988.499690
67157.281675
66380.037911
67961.676258
68280.056384
67467.089493
