23249.990242
78239.464795
79113.061805
79117.478855
75296.426801
78661.027965
78389.913432
79767.515436
78799.831850
77797.527459
78094.086238
78539.631414
74533.235042
78953.997509
80376.030624
79341.041214
77880.072064
78524.074350
79191.156464
77355.171807
79979.995125
77880.072064
76969.175832
76969.175832
79146.983941
77283.269946
80083.408813
78937.489754
79569.146327
78822.845271
76448.405838
81240.666111
77599.426614
78302.885691
80847.961864
79058.848112
79598.473052
77927.519566
77927.519566
75866.088022
78603.893810
79094.138263
79650.101779
81020.301688
76690.366549
78466.375451
78524.074350
79572.569358
77991.562741
79436.033675
79184.981535
78100.649140
77456.383125
82282.147669
80666.261796
78792.230896
78294.955690
80018.335967
76944.557333
76944.557333
78734.040197
76882.684878
76581.231905
78781.964989
78724.009960
76371.456008
80780.284581
79626.856239
77896.568503
80030.112255
78204.107575
78325.729614
80518.672287
80070.030722
80155.157625
80792.961819
79103.951847
78562.441604
78416.073130
79836.264182
76495.453529
75244.246232
78875.804764
77464.590223
77896.568503
78654.505081
79608.471730
80112.371157
78541.096473
78225.652014
76921.450739
73428.733767
73428.733767
80909.303796
79842.443775
79821.855487
75654.550638
75244.246232
78356.638457
81289.183603
