12466.000000
12467.000000
12469.000000
12645.000000
12364.000000
12493.000000
12739.000000
12962.000000
12962.000000
13327.000000
12883.000000
12824.000000
13705.000000
12017.000000
12386.000000
12614.000000
12377.000000
13096.000000
12607.000000
13095.000000
11824.000000
12312.000000
12407.000000
12406.000000
12531.000000
12584.000000
12584.000000
12637.000000
12357.000000
12427.000000
12690.000000
13040.000000
12904.000000
12334.000000
12937.000000
12044.000000
13121.000000
12206.000000
12717.000000
12867.000000
12857.000000
12392.000000
12304.000000
12304.000000
12724.000000
13134.000000
12627.000000
12717.000000
12739.000000
12944.000000
12941.000000
12615.000000
12318.000000
13067.000000
12912.000000
12800.000000
12414.000000
12538.000000
12890.000000
12796.000000
12483.000000
13502.000000
13344.000000
12814.000000
13026.000000
12876.000000
12203.000000
13013.000000
12984.000000
12100.000000
12839.000000
12417.000000
12670.000000
12700.000000
12100.000000
12467.000000
12467.000000
12996.000000
13183.000000
12198.000000
12423.000000
13089.000000
13111.000000
12517.000000
12713.000000
12768.000000
12585.000000
12585.000000
12564.000000
13420.000000
13398.000000
13659.000000
13425.000000
12265.000000
12417.000000
12417.000000
11967.000000
12660.000000
13078.000000
12669.000000
