17244.139609
53748.051761
52889.244925
52898.002996
52898.002996
52138.614378
54770.684324
54710.394475
53607.184243
53190.166619
51751.843534
51951.833673
52796.129821
53338.024188
54101.254285
53223.092967
54958.549718
54256.321830
53662.109970
54011.773999
52669.243685
52669.243685
53347.755309
53602.682393
53243.716979
53858.741820
50129.294605
52898.002996
53254.415436
54245.677764
55519.630763
52592.876736
52525.398337
52525.398337
54563.433661
53190.166619
52525.398337
51719.433470
53202.910924
53125.116254
53125.116254
53202.910924
51263.949325
51847.360292
51847.360292
54518.050993
52812.432648
53962.214297
53546.737479
52754.346178
54485.727976
53310.847864
54893.319167
52898.002996
51749.613491
53540.695265
54078.830093
54256.428894
53836.345427
51168.810151
52994.195329
53385.218948
51751.843534
51639.292260
53305.785405
52460.273042
51751.843534
53305.785405
53718.273415
52745.253560
53415.321788
52280.564197
52745.253560
53741.884791
55021.969628
52970.345892
53741.884791
51775.104056
51978.140132
54710.514251
52793.610928
55502.917169
51978.140132
51971.029787
52480.338917
53677.738476
54492.755013
54689.750669
54624.130069
54247.889035
53385.218948
52872.105594
54698.565786
53040.771444
51263.949325
51263.949325
52471.796505
53976.852783
54207.457989
53415.321788
