13448.704304
31589.233556
30773.855786
30249.473245
31820.358395
31768.552663
31827.481979
32092.094724
31964.915283
31156.118868
31454.366593
31290.131987
30044.119248
30191.063864
30163.989337
31385.036455
31385.036455
33385.504797
32230.432391
32230.432391
32903.028148
32183.885796
33159.911547
30890.326628
30890.326628
32588.663222
33300.329560
30445.479262
30445.479262
32139.646053
35424.350480
33202.639502
33202.639502
33425.207301
30888.441973
30888.441973
33366.609962
33807.562395
34488.778239
34872.047828
30717.846959
33608.886714
33581.430441
33581.430441
33422.545438
33707.250952
32622.991090
32622.991090
34066.776616
32791.307719
32401.343698
31330.950488
31330.950488
32967.195419
32967.195419
29496.169586
32863.299991
32863.299991
31012.346550
31012.346550
31999.348833
32183.885796
31131.891367
31131.891367
32435.383888
32435.383888
33145.696614
33181.313871
33878.871251
32799.715151
32959.495217
32909.653491
32909.653491
33455.030849
32928.040895
32030.172788
34137.355716
33418.727484
33418.727484
34170.032222
33900.148897
31842.571091
32987.642108
34351.855382
33472.067382
33472.067382
33011.583962
33011.583962
32614.961125
34263.481914
33671.963683
33256.170866
33256.170866
33620.198540
34230.406669
31123.652783
31123.652783
34376.345961
33137.669083
30791.088457
