8709.277014
19026.297023
19026.297023
19026.297023
19026.297023
19026.297023
19026.297023
19026.297023
18752.369565
18752.369565
18752.369565
18752.369565
18752.369565
18752.369565
18752.369565
18752.369565
18752.369565
18752.369565
18752.369565
18752.369565
18752.369565
18752.369565
18752.369565
18752.369565
18752.369565
18752.369565
19865.013986
19865.013986
19865.013986
19865.013986
19865.013986
19865.013986
19865.013986
19865.013986
19865.013986
19865.013986
19865.013986
19865.013986
19865.013986
19865.013986
19865.013986
18642.402563
18642.402563
18642.402563
18642.402563
18642.402563
18642.402563
18642.402563
18642.402563
18642.402563
18642.402563
18642.402563
18642.402563
18642.402563
18642.402563
18642.402563
18642.402563
18609.791756
18609.791756
18609.791756
18609.791756
18609.791756
18609.791756
18609.791756
18609.791756
18609.791756
18609.791756
18609.791756
18609.791756
18609.791756
18609.791756
18609.791756
16090.600399
16090.600399
16090.600399
16090.600399
16090.600399
16090.600399
16090.600399
16090.600399
16090.600399
16090.600399
16090.600399
16090.600399
16090.600399
16090.600399
16090.600399
16090.600399
16090.600399
18083.678586
18083.678586
18083.678586
18083.678586
18083.678586
18083.678586
18083.678586
18083.678586
18083.678586
18083.678586
18083.678586
