16104.000000
16865.000000
15334.000000
15334.000000
16280.000000
16676.000000
15528.000000
15528.000000
16319.000000
16319.000000
16230.000000
15660.000000
15660.000000
15699.000000
16446.000000
16410.000000
16410.000000
16410.000000
16539.000000
16356.000000
16577.000000
16060.000000
15251.000000
15961.000000
16054.000000
16319.000000
16423.000000
16487.000000
16934.000000
16653.000000
15952.000000
15952.000000
16272.000000
16342.000000
15655.000000
15655.000000
16349.000000
15800.000000
15800.000000
16621.000000
16414.000000
16150.000000
15735.000000
15735.000000
16748.000000
16570.000000
15313.000000
15313.000000
15702.000000
16385.000000
16546.000000
16059.000000
15651.000000
15651.000000
16388.000000
15885.000000
15863.000000
15863.000000
16292.000000
15285.000000
15285.000000
15692.000000
16284.000000
15896.000000
15896.000000
16737.000000
16544.000000
16428.000000
16428.000000
16671.000000
16138.000000
15546.000000
15546.000000
16056.000000
16142.000000
16138.000000
16138.000000
17009.000000
16623.000000
15256.000000
15256.000000
16195.000000
15925.000000
15925.000000
16505.000000
16505.000000
16536.000000
15619.000000
15619.000000
15627.000000
15920.000000
16757.000000
16802.000000
16028.000000
16028.000000
16525.000000
15475.000000
15908.000000
16417.000000
16417.000000
