24951.309838
92711.265108
92282.239760
94755.339597
94467.072398
93878.710647
94528.678661
93350.884452
93350.884452
92937.509536
92937.509536
95039.864997
95465.449930
95837.176484
93897.359818
94901.725165
94218.118619
92711.265108
95192.770065
90535.137504
95476.702166
94371.460563
94798.595708
93031.601281
95576.354234
92166.646750
93069.613628
93380.299926
93875.079365
89886.640225
94277.208787
94375.456515
95999.772078
95260.220565
93474.967216
92571.263109
93408.712473
92208.519482
94034.308597
95503.821353
93166.630940
91884.073505
94812.659820
94978.712382
90225.614831
93095.504184
94602.318096
92385.080314
93015.091573
93915.388524
94174.015196
93056.467254
95185.650917
96371.753182
93983.985732
90322.864738
92473.499280
88589.601395
92876.332880
96299.720914
90923.888868
95385.073086
94735.256329
94672.443624
92958.162698
91193.995617
95146.608605
95746.370606
90489.406441
91952.322154
92348.171319
94389.264737
94821.684585
94082.984650
94082.984650
93664.878196
93754.943404
94012.637394
93705.171336
88589.601395
92989.408624
93015.091573
93496.689665
93760.495155
95574.160367
94672.443624
91780.276758
92958.162698
92119.495573
91866.673763
93031.601281
93655.547368
94451.063204
90274.409960
94762.703253
91390.388207
93056.467254
93664.878196
91217.549721
96086.855241
