22987.339940
72843.794491
74021.412962
77221.877052
75006.829647
72557.322234
72557.322234
72023.848604
72023.848604
72815.052221
72815.052221
75467.857120
75220.015960
75225.825500
74313.290860
76251.037443
75793.331859
78370.700912
74947.163934
70442.309364
74276.623185
75505.891463
70785.253179
70785.253179
77841.395347
71575.894956
71575.894956
76319.793887
75622.592469
74421.858131
73732.445634
73732.445634
73694.866577
73809.142410
73809.142410
77058.944845
75102.889360
74281.491608
71459.699187
76401.410551
73772.658595
73447.692469
75009.995025
76441.297219
74287.502625
75968.488745
76143.258181
70121.246248
76078.449981
76913.994279
75594.591075
71662.474465
74788.659938
74926.827624
74375.246508
75800.684962
74711.787369
74146.054138
74146.054138
75931.927537
74875.663504
73185.347109
73603.699245
75766.542569
76218.131805
74399.421923
70785.253179
70291.425685
75774.384097
74336.935926
74336.935926
76785.177887
74085.500195
75341.338176
75692.358975
73024.115784
72575.060935
75637.281434
75637.281434
70433.464393
70433.464393
72170.946324
74179.677594
73724.317391
73019.109830
73019.109830
72843.794491
72843.794491
75442.367061
76409.833301
72504.130071
76749.214643
73234.940169
75853.955782
76748.535938
74115.002404
74115.002404
71508.090002
74401.955711
76296.884732
