9360.000000
9360.000000
9360.000000
9360.000000
9360.000000
9360.000000
9360.000000
9360.000000
9360.000000
9360.000000
9360.000000
9360.000000
9360.000000
9360.000000
9360.000000
9360.000000
9360.000000
9360.000000
9360.000000
9360.000000
9360.000000
9360.000000
9360.000000
9360.000000
9360.000000
9360.000000
9360.000000
9360.000000
9360.000000
9360.000000
9938.000000
9830.000000
9830.000000
9830.000000
9830.000000
9830.000000
9830.000000
9830.000000
9830.000000
9830.000000
9830.000000
9830.000000
9830.000000
9830.000000
9830.000000
9830.000000
9830.000000
9830.000000
9830.000000
9830.000000
9830.000000
9830.000000
9830.000000
9830.000000
9830.000000
9830.000000
9830.000000
9830.000000
9830.000000
9830.000000
9830.000000
9126.000000
9126.000000
9126.000000
9126.000000
9126.000000
9126.000000
9126.000000
9126.000000
9126.000000
9126.000000
9126.000000
9126.000000
9126.000000
9126.000000
9126.000000
9126.000000
9126.000000
9126.000000
9126.000000
9126.000000
9126.000000
9126.000000
9126.000000
9126.000000
9126.000000
9126.000000
9126.000000
9126.000000
9126.000000
9126.000000
9126.000000
9126.000000
9126.000000
9126.000000
9306.000000
9306.000000
9306.000000
9306.000000
9306.000000
