13750.344464
34702.632440
37897.762190
38577.684670
38577.684670
38762.296991
39028.107538
38571.956674
36073.785518
36073.785518
36967.452868
38021.529277
38704.263934
38629.672458
38420.800808
38583.893127
38583.893127
39103.983303
39103.983303
38293.738889
37951.513996
37980.910883
38996.557330
38595.290227
37850.633765
37947.556554
37594.576588
38757.097463
38227.655033
37115.289600
37784.510642
37862.552026
39751.882303
37930.280493
37930.280493
38168.663973
38125.826945
38885.636265
38053.730427
38053.730427
39153.620390
39241.554725
37046.162988
37765.342204
37417.494960
37580.650910
38354.847331
38725.759877
37931.903673
36360.927487
39649.992648
37433.485902
37676.558570
37676.558570
38035.112733
37778.337245
36920.786097
37598.480232
38162.612440
38861.924202
38415.207388
38415.207388
38464.550777
38464.550777
36013.997649
36520.915943
37934.871475
38940.391222
38940.391222
39286.099586
38565.808724
38292.317870
39576.159288
39980.145580
39451.734198
38334.149370
36459.190091
39403.848030
38272.402001
38219.667994
36930.096272
38927.154557
37134.811182
37897.762190
37121.526737
37121.526737
37743.985769
38524.184232
37733.108218
38756.703638
38225.334939
37511.471303
38170.887623
38726.247033
38946.028909
38653.363902
38653.363902
37793.490872
39782.009157
38504.998591
