19508.722953
56504.385808
58196.959047
59585.416537
55617.673915
59649.066902
57855.024528
57855.024528
59673.319459
57751.421603
53890.495055
59506.074134
58848.808515
60520.899351
60520.899351
59288.328913
60754.551798
59882.775094
59046.706277
57627.491138
61642.599784
59854.340439
59765.197492
60099.580936
58126.692043
57985.825218
57985.825218
56924.555259
59400.931593
59481.030781
59279.485118
54185.936960
54185.936960
59623.280741
60219.851806
59439.941871
56911.814720
57763.121310
60710.347789
59857.929332
59812.143156
59812.143156
60903.229206
56660.609029
59499.015315
59445.770864
59324.172426
58863.308279
60095.487796
57756.227669
57756.227669
60576.475919
56300.708532
59753.817738
60118.856154
59826.028698
57399.945391
57399.945391
60781.560476
57866.806374
58396.962276
55485.165207
58614.532500
58321.101765
58321.101765
58929.502630
58416.708314
60914.675262
57851.030165
58494.339128
55303.160284
59167.111472
60531.787553
56783.716232
59759.516518
56115.128332
59525.994789
58590.320478
58590.320478
59775.813961
60819.314051
61055.298485
59109.576432
59436.016935
59436.016935
60730.960076
59669.251392
60204.338829
58538.182837
59586.783051
60973.389896
59023.606596
59419.816944
59716.848844
59454.938044
61174.546730
60712.197068
58387.692127
58387.692127
57971.311822
