15756.000000
15953.000000
15953.000000
16040.000000
40782.000000
43610.000000
41517.000000
41811.000000
43407.000000
43407.000000
43407.000000
43556.000000
43212.000000
43212.000000
43212.000000
43212.000000
44083.000000
43610.000000
43610.000000
43610.000000
43610.000000
45440.000000
43349.000000
43349.000000
42107.000000
42107.000000
44019.000000
44019.000000
44459.000000
41822.000000
41822.000000
41822.000000
42555.000000
42532.000000
44849.000000
44849.000000
43796.000000
43796.000000
43796.000000
45203.000000
41904.000000
41904.000000
41904.000000
43981.000000
43981.000000
43984.000000
43984.000000
43461.000000
43461.000000
43461.000000
