5162.214383
6986.341451
7003.805558
7003.805558
7003.805558
7003.805558
7003.805558
7003.805558
7003.805558
7003.805558
7003.805558
7003.805558
7003.805558
7003.805558
7003.805558
7003.805558
7003.805558
7003.805558
6450.866785
6450.866785
6450.866785
6450.866785
6450.866785
6450.866785
6450.866785
6450.866785
6450.866785
6450.866785
6450.866785
6450.866785
6450.866785
6450.866785
6450.866785
6450.866785
6450.866785
6450.866785
6450.866785
6450.866785
6450.866785
6450.866785
6450.866785
6450.866785
6450.866785
7173.430398
7173.430398
7173.430398
7173.430398
7173.430398
7173.430398
7173.430398
7173.430398
7173.430398
7173.430398
7173.430398
7173.430398
7173.430398
7173.430398
7173.430398
7173.430398
7173.430398
7173.430398
7173.430398
7173.430398
7173.430398
7173.430398
7173.430398
7173.430398
7173.430398
6634.523580
6634.523580
6634.523580
6634.523580
6634.523580
6634.523580
6634.523580
6634.523580
6634.523580
6634.523580
6634.523580
6634.523580
6634.523580
6634.523580
6634.523580
6634.523580
6634.523580
6634.523580
6634.523580
6634.523580
6634.523580
6634.523580
6634.523580
7244.966338
7244.966338
7244.966338
7244.966338
7244.966338
7244.966338
7244.966338
7244.966338
7244.966338
