11816.620546
36833.884919
36833.884919
36433.648474
36433.648474
35063.814863
35063.814863
35063.814863
33601.937941
31267.803738
31267.803738
31267.803738
33658.310559
33658.310559
36276.978337
31795.075987
31795.075987
31795.075987
32989.224321
32989.224321
37201.712186
34582.353240
33876.156957
33876.156957
33876.156957
33876.156957
34987.935708
31560.971044
31560.971044
31560.971044
32620.770729
32620.770729
34777.713822
34777.713822
34777.713822
35191.747876
34321.754790
34321.754790
34321.754790
34689.879282
34358.065752
34358.065752
34358.065752
34076.641420
34076.641420
34803.698859
35110.753175
35110.753175
35135.186554
32327.038211
32327.038211
32327.038211
33186.817573
33186.817573
33190.060675
33190.060675
32236.704640
32236.704640
33611.363509
33611.363509
33611.363509
33922.209420
33922.209420
34024.429175
34024.429175
35123.456017
33358.689024
33358.689024
33358.689024
33875.224600
33927.207910
33927.207910
34526.769557
33724.027423
32333.103530
32333.103530
32333.103530
33940.578356
33504.136345
33504.136345
33504.136345
34630.394738
32165.242938
32165.242938
32165.242938
34328.057380
32672.159511
32672.159511
32672.159511
33737.054111
33737.054111
34107.253605
33893.326516
33893.326516
33893.326516
34112.149670
32422.756059
32422.756059
32422.756059
34144.745485
