20733.709070
58518.745102
58150.963449
56748.017632
56748.017632
57236.931285
58364.848432
56725.945450
57631.996681
57631.996681
57635.410439
56523.665346
57769.351329
57859.071308
59571.106755
57035.405253
56555.192980
56339.748670
58820.942109
58380.302346
57663.990385
57663.990385
58711.196200
55397.043635
58509.627813
58509.627813
58455.766761
58186.664476
58186.664476
58506.792935
59346.461256
55665.832395
57419.538358
57762.872858
57616.968167
58043.499437
56852.030289
58240.253249
57745.035076
60108.874847
59376.062747
59470.113630
59513.074270
55584.684497
56193.580271
57085.097880
56629.289963
58172.221085
58127.039994
58127.039994
56290.026600
56074.891531
56132.629011
60644.780806
60363.769184
58803.083093
58151.353893
57745.330503
57745.330503
56587.913494
57685.604984
58822.985790
56463.030286
56463.030286
59569.854773
59210.829804
59210.829804
58069.326287
57631.996681
57631.996681
58474.674177
58724.517468
58724.517468
55996.765431
57352.550163
58852.937035
58852.937035
56316.311537
56316.311537
57542.501498
58527.968209
59914.632194
59424.695547
57124.863788
57124.863788
58233.031618
59652.674292
59847.877513
58405.362026
56329.748529
56329.748529
59466.202990
59466.202990
59434.164926
58500.605455
57884.483221
60063.884498
56704.705438
56704.705438
57412.424055
