15197.162719
38912.548386
38967.281871
38967.281871
39377.556265
39199.903126
38660.391169
36633.699366
36633.699366
36633.699366
38209.603063
38209.603063
38209.603063
39260.559575
39260.559575
40503.497700
40503.497700
41076.110820
39548.724741
39548.724741
40028.646547
40028.646547
40401.348306
39761.959807
39761.959807
39761.959807
40109.438728
40109.438728
40109.438728
42749.644504
40390.229095
40390.229095
40390.229095
40465.675083
40465.675083
40465.675083
40589.690869
40589.690869
43603.052034
39424.657517
39424.657517
40532.199229
40532.199229
41092.558482
41092.558482
42088.898136
42088.898136
40011.216429
40011.216429
40011.216429
40887.444438
38041.771483
38041.771483
38041.771483
40884.178354
40884.178354
38138.629739
38138.629739
38138.629739
38652.148303
38687.514641
37640.475800
37640.475800
37640.475800
40029.245821
40029.245821
40373.997852
39617.500439
39159.878827
39159.878827
39159.878827
40236.463698
41131.648040
39931.450891
39931.450891
39931.450891
41641.690139
39846.231440
39611.133044
39611.133044
39611.133044
39824.197152
39824.197152
42282.458097
39128.373237
39128.373237
41962.198249
39419.167126
42167.302274
41656.404163
41656.404163
42640.867873
41088.873871
41088.873871
41088.873871
42144.045550
36811.179941
36811.179941
41406.338686
40328.387476
