16919.258928
49453.238521
51370.087216
50479.944459
51553.126567
48658.655201
48658.655201
49839.104466
47252.917027
49544.111094
50288.168335
47049.670819
49900.852079
48252.588247
48252.588247
49195.571551
50051.919697
49795.974576
49192.121431
49192.121431
49308.598020
50827.298074
49096.150104
45038.885246
51804.775765
49278.465803
46457.153507
47877.235546
47049.670819
49671.626569
49240.144927
49240.144927
49689.771973
49410.800266
49443.714425
49882.372383
50823.499550
49308.598020
50035.369608
49025.431366
48812.854320
48812.854320
49742.127734
50802.976210
49389.486543
49479.571001
49337.450682
47921.239134
48849.602693
48504.581741
48504.581741
49267.140157
47349.583080
50188.645503
49898.273715
49898.273715
50314.560974
45995.695570
50618.219378
48686.323092
48280.286871
49718.264734
48326.483192
50055.872741
49875.741404
46318.916235
51006.341962
48697.554714
47349.583080
47349.583080
49313.539923
50487.936386
47864.865311
47864.865311
47212.199946
48648.821031
48280.286871
48858.548031
47784.829332
47784.829332
47199.965547
47252.917027
47252.917027
50103.454473
50266.491006
49799.685873
50841.452054
50841.452054
51366.683899
47815.384800
50051.919697
51600.526917
50991.463123
49721.341258
49721.341258
49369.279252
49369.279252
48543.672451
49237.925866
50024.585222
