7227.000000
7272.000000
7272.000000
7272.000000
7272.000000
7272.000000
7272.000000
7269.000000
7269.000000
7269.000000
7269.000000
7269.000000
7269.000000
7269.000000
7269.000000
7269.000000
7269.000000
7269.000000
7269.000000
7269.000000
7269.000000
7269.000000
7269.000000
7269.000000
7269.000000
7269.000000
7269.000000
7269.000000
7269.000000
7269.000000
7269.000000
7269.000000
7269.000000
7269.000000
7269.000000
7269.000000
7269.000000
7269.000000
7269.000000
7269.000000
7269.000000
7269.000000
7269.000000
7269.000000
7269.000000
7269.000000
7269.000000
7269.000000
7269.000000
7269.000000
7269.000000
7269.000000
7269.000000
7269.000000
7269.000000
7269.000000
7269.000000
7269.000000
7269.000000
7269.000000
7269.000000
7269.000000
7269.000000
7269.000000
7269.000000
7269.000000
7269.000000
7269.000000
7269.000000
7269.000000
7269.000000
7269.000000
7269.000000
7269.000000
7269.000000
7269.000000
7269.000000
7269.000000
7269.000000
7269.000000
7269.000000
7269.000000
7269.000000
7269.000000
7203.000000
7203.000000
7203.000000
7203.000000
7203.000000
7203.000000
7203.000000
7203.000000
7203.000000
7203.000000
7203.000000
7203.000000
7203.000000
7203.000000
7203.000000
7203.000000
