25317.816259
89908.543776
90335.722011
87857.287437
88403.066685
92435.551974
86703.077159
91530.072705
89199.953660
92361.835653
86433.762046
86433.762046
91002.812353
92798.101892
91432.702258
91205.462717
91299.772102
91299.772102
92285.818225
88896.723115
90335.722011
91886.930748
92944.866960
91592.734240
91528.849673
92087.493133
89199.953660
89199.953660
90324.162066
92801.028876
92801.028876
90716.537779
91268.307258
90805.655650
90062.167298
92156.695699
90348.547807
92082.074864
92981.625842
91550.956169
89946.629850
89264.127497
91978.715939
91771.933386
90431.347015
89873.527498
90869.489956
89807.088867
90620.604462
91628.581359
89558.932423
91980.484444
88351.854069
88351.854069
90845.379833
90728.806216
88717.153828
91337.172259
90435.648472
90435.648472
91969.253471
91126.804395
91588.213120
89045.747600
88616.502658
92055.258452
89873.527498
89490.397337
92890.254801
92890.254801
92143.815938
90620.604462
91758.999908
91002.110473
91230.058961
93313.964786
93364.086845
93364.086845
90104.170505
91197.879472
91197.879472
92038.918932
91116.830121
90045.925946
90045.925946
94100.235537
93534.496732
91838.411610
93255.129943
90660.024725
90340.327346
93206.400575
91042.571261
90615.397932
91094.804165
92856.338481
91360.162574
91495.433035
92653.128833
92599.211289
