17997.000000
18108.000000
17759.000000
17317.000000
17566.000000
17023.000000
17023.000000
17181.000000
17450.000000
18507.000000
17800.000000
17800.000000
17727.000000
17727.000000
18404.000000
17891.000000
17411.000000
17411.000000
18291.000000
17744.000000
17026.000000
17026.000000
17441.000000
18045.000000
18271.000000
18819.000000
18562.000000
18064.000000
17756.000000
17756.000000
18150.000000
18332.000000
17753.000000
17643.000000
17643.000000
17193.000000
17924.000000
18435.000000
18030.000000
18463.000000
18410.000000
18298.000000
17974.000000
17172.000000
17172.000000
17624.000000
17624.000000
18475.000000
17566.000000
18040.000000
17705.000000
17705.000000
18105.000000
17807.000000
17094.000000
17094.000000
17800.000000
17800.000000
18030.000000
18316.000000
17610.000000
17465.000000
17465.000000
17993.000000
17993.000000
18016.000000
17132.000000
18697.000000
17954.000000
17969.000000
17969.000000
18157.000000
17878.000000
16802.000000
18090.000000
17811.000000
18211.000000
18211.000000
18392.000000
18343.000000
18496.000000
18242.000000
17751.000000
18012.000000
18111.000000
18030.000000
17565.000000
17752.000000
17922.000000
17958.000000
17958.000000
18308.000000
17980.000000
17980.000000
18037.000000
18037.000000
18260.000000
18456.000000
17512.000000
17512.000000
