10452.000000
10573.000000
10652.000000
10652.000000
9983.000000
9983.000000
9983.000000
9983.000000
9983.000000
9862.000000
9862.000000
9862.000000
9862.000000
9862.000000
10638.000000
10411.000000
10877.000000
10314.000000
10314.000000
10314.000000
10314.000000
10314.000000
10314.000000
10949.000000
10949.000000
10949.000000
10949.000000
10587.000000
10587.000000
10587.000000
10587.000000
10548.000000
11202.000000
11202.000000
11202.000000
10449.000000
9646.000000
9646.000000
10449.000000
10449.000000
10286.000000
10286.000000
10286.000000
10286.000000
10286.000000
10921.000000
10557.000000
10557.000000
10557.000000
10557.000000
10357.000000
10357.000000
10169.000000
10625.000000
10640.000000
10592.000000
10438.000000
10438.000000
10438.000000
10464.000000
10464.000000
10464.000000
10464.000000
10537.000000
10537.000000
10537.000000
10537.000000
10347.000000
10347.000000
10347.000000
10347.000000
10218.000000
10218.000000
10218.000000
10218.000000
10218.000000
10710.000000
10710.000000
10710.000000
10710.000000
10367.000000
10444.000000
10767.000000
10444.000000
10444.000000
10338.000000
10338.000000
10338.000000
10821.000000
10166.000000
10302.000000
10302.000000
10302.000000
10302.000000
10302.000000
10616.000000
10616.000000
10616.000000
10616.000000
10704.000000
