20086.000000
20457.000000
19606.000000
19788.000000
19488.000000
20163.000000
19586.000000
19129.000000
19825.000000
19985.000000
19758.000000
20087.000000
19974.000000
20034.000000
20163.000000
20158.000000
19652.000000
19298.000000
20332.000000
20043.000000
19655.000000
20172.000000
19740.000000
19176.000000
19681.000000
19825.000000
19455.000000
19611.000000
19917.000000
20274.000000
20053.000000
20078.000000
19342.000000
19622.000000
20038.000000
20261.000000
19931.000000
19486.000000
19508.000000
20251.000000
19418.000000
19418.000000
20037.000000
20043.000000
19873.000000
19643.000000
19584.000000
19584.000000
20087.000000
19876.000000
19407.000000
19407.000000
19941.000000
19682.000000
20163.000000
20230.000000
20047.000000
18867.000000
19623.000000
19191.000000
20129.000000
19760.000000
19765.000000
19800.000000
20288.000000
19878.000000
19781.000000
19930.000000
19509.000000
20498.000000
19895.000000
19723.000000
19723.000000
20126.000000
19860.000000
20428.000000
19989.000000
19592.000000
20229.000000
19387.000000
19707.000000
20301.000000
19486.000000
20262.000000
19886.000000
19727.000000
19727.000000
20173.000000
19772.000000
18693.000000
19486.000000
19810.000000
19865.000000
20189.000000
20431.000000
20376.000000
20050.000000
20050.000000
20191.000000
19396.000000
