5162.214383
7461.682092
7461.682092
7461.682092
7461.682092
7461.682092
7461.682092
7461.682092
7461.682092
7461.682092
7461.682092
7461.682092
7461.682092
7461.682092
7461.682092
7461.682092
7461.682092
7461.682092
7461.682092
7461.682092
7461.682092
7461.682092
7461.682092
7461.682092
7461.682092
7461.682092
7461.682092
7461.682092
7461.682092
7461.682092
7461.682092
7461.682092
7461.682092
7461.682092
7461.682092
7461.682092
7461.682092
7461.682092
7461.682092
7461.682092
7461.682092
7461.682092
7461.682092
7461.682092
7461.682092
7461.682092
7461.682092
7461.682092
7461.682092
7461.682092
7461.682092
7461.682092
7461.682092
7461.682092
7461.682092
7461.682092
7461.682092
7461.682092
7461.682092
7461.682092
7461.682092
7461.682092
7461.682092
6474.730256
6474.730256
6474.730256
6474.730256
6474.730256
6474.730256
6474.730256
6474.730256
6474.730256
6474.730256
6474.730256
6474.730256
6474.730256
6474.730256
6474.730256
6474.730256
6474.730256
6474.730256
6474.730256
6474.730256
6474.730256
6474.730256
6474.730256
6474.730256
6474.730256
6474.730256
6474.730256
6474.730256
6474.730256
6474.730256
6474.730256
6474.730256
6474.730256
6474.730256
6474.730256
6474.730256
6474.730256
