17006.523709
43516.966862
43516.966862
44238.215425
44777.359488
44777.359488
45796.242968
45968.777573
44338.694729
44918.110338
44824.518247
44824.518247
44980.918482
46650.355485
42051.941302
42051.941302
44792.975784
44792.975784
45252.986349
44735.553951
44735.553951
44735.553951
42822.015698
42822.015698
42788.538189
42788.538189
45607.765155
42679.487744
42679.487744
43740.492933
43740.492933
44312.275173
44312.275173
44266.377557
44266.377557
44073.254535
43820.385440
43820.385440
43820.385440
45858.735878
42633.387399
42449.439154
42449.439154
42449.439154
44483.574180
44483.574180
44687.352723
44687.352723
41431.027605
39257.619400
39257.619400
44593.949995
44748.979221
44294.777084
44230.788336
44018.111916
42889.024646
42889.024646
42889.024646
41864.721470
41864.721470
42000.372702
43333.637907
43333.637907
43708.241073
43708.241073
40878.204238
40878.204238
45369.448172
44557.602865
43312.656426
43312.656426
43388.874808
43989.733963
45239.450159
45239.450159
41986.647485
41986.647485
44771.296155
41415.131652
41415.131652
42881.769371
42794.917871
42794.917871
43851.770331
42874.018413
42874.018413
41275.500062
41275.500062
43260.141840
43659.618369
44149.141944
43900.349394
42467.175816
42467.175816
44132.496905
42889.918345
42889.918345
43689.877011
44178.649474
