16001.000000
16362.000000
16321.000000
16498.000000
15524.000000
15524.000000
15524.000000
15524.000000
15373.000000
15373.000000
15373.000000
15373.000000
15886.000000
16101.000000
16089.000000
15938.000000
15938.000000
15938.000000
16286.000000
16286.000000
16286.000000
16392.000000
15757.000000
16070.000000
16122.000000
16122.000000
16122.000000
15899.000000
15899.000000
15899.000000
15520.000000
15520.000000
15500.000000
15500.000000
15759.000000
15759.000000
15759.000000
15353.000000
15353.000000
15353.000000
15353.000000
15898.000000
15898.000000
15898.000000
16032.000000
16032.000000
16032.000000
16316.000000
16316.000000
16240.000000
