21980.000000
21373.000000
21423.000000
21686.000000
22031.000000
21263.000000
22178.000000
21792.000000
22110.000000
21911.000000
21891.000000
21764.000000
21353.000000
21230.000000
21930.000000
21706.000000
22317.000000
21325.000000
21493.000000
21375.000000
21806.000000
21934.000000
21953.000000
22104.000000
21423.000000
21454.000000
21898.000000
21202.000000
22155.000000
21396.000000
21094.000000
21693.000000
21639.000000
21807.000000
20920.000000
21592.000000
21641.000000
21639.000000
21952.000000
20406.000000
21592.000000
21537.000000
21678.000000
21298.000000
21426.000000
21238.000000
22466.000000
21426.000000
22531.000000
22157.000000
22157.000000
22310.000000
21464.000000
22235.000000
21957.000000
22248.000000
22458.000000
21621.000000
21641.000000
21202.000000
22181.000000
22294.000000
21239.000000
21158.000000
21451.000000
21451.000000
21404.000000
22419.000000
21709.000000
21140.000000
21931.000000
21724.000000
21777.000000
21804.000000
21959.000000
21292.000000
21337.000000
21953.000000
21951.000000
21967.000000
21668.000000
21771.000000
21715.000000
21633.000000
21898.000000
21489.000000
21719.000000
21195.000000
22488.000000
22085.000000
21772.000000
21806.000000
21670.000000
22046.000000
21548.000000
21995.000000
22064.000000
21871.000000
22175.000000
21874.000000
