9260.941981
17271.426209
17271.426209
17271.426209
17271.426209
17271.426209
17271.426209
17271.426209
17271.426209
17271.426209
17271.426209
17271.426209
17271.426209
17271.426209
17383.150784
17383.150784
17383.150784
17383.150784
17383.150784
17383.150784
17383.150784
17383.150784
17383.150784
17383.150784
17383.150784
17383.150784
17383.150784
17383.150784
17383.150784
17383.150784
17383.150784
17383.150784
17735.626626
17735.626626
17735.626626
17735.626626
17735.626626
17735.626626
17735.626626
17735.626626
17735.626626
17735.626626
17735.626626
17735.626626
17735.626626
17735.626626
17735.626626
17735.626626
17735.626626
17569.879147
17569.879147
17569.879147
17569.879147
17569.879147
17569.879147
17569.879147
17569.879147
17569.879147
17569.879147
17569.879147
17569.879147
17569.879147
17569.879147
17569.879147
17569.879147
17569.879147
17569.879147
17569.879147
17748.677044
17748.677044
17748.677044
17748.677044
17748.677044
17748.677044
17748.677044
17748.677044
17748.677044
17748.677044
17748.677044
17748.677044
17748.677044
17748.677044
17748.677044
17748.677044
17748.677044
17748.677044
16501.080969
16501.080969
16501.080969
16501.080969
16501.080969
18430.238090
18430.238090
18430.238090
18430.238090
18430.238090
18430.238090
18430.238090
18430.238090
18430.238090
