3825.583800
4182.724895
4182.724895
4182.724895
4182.724895
4182.724895
4182.724895
4182.724895
4182.724895
4182.724895
4182.724895
4182.724895
4182.724895
4182.724895
4182.724895
4182.724895
4182.724895
4182.724895
4182.724895
4182.724895
4182.724895
4182.724895
4182.724895
4182.724895
4182.724895
4182.724895
4182.724895
4182.724895
4182.724895
4182.724895
4182.724895
4182.724895
4182.724895
4182.724895
4182.724895
4182.724895
4182.724895
4182.724895
4182.724895
4182.724895
4182.724895
4182.724895
4182.724895
4182.724895
4182.724895
4182.724895
4182.724895
4182.724895
4182.724895
4182.724895
4182.724895
4182.724895
4182.724895
4182.724895
4182.724895
4182.724895
4182.724895
4182.724895
4182.724895
4182.724895
4182.724895
4182.724895
4182.724895
4182.724895
4182.724895
4182.724895
4182.724895
4182.724895
4182.724895
4182.724895
4182.724895
4182.724895
4182.724895
4182.724895
4182.724895
4182.724895
4182.724895
4182.724895
4182.724895
4182.724895
4182.724895
4182.724895
4182.724895
4182.724895
4182.724895
4182.724895
4182.724895
4182.724895
4182.724895
4182.724895
4182.724895
4182.724895
4182.724895
4182.724895
4182.724895
4182.724895
4182.724895
4182.724895
4182.724895
4182.724895
