16102.448147
39742.324673
40441.487298
40207.901594
40207.901594
41521.233533
41521.233533
41012.139978
41012.139978
38113.517293
37283.468454
37283.468454
39296.139874
40442.138084
37847.680501
37767.428884
37767.428884
37767.428884
38261.721325
38261.721325
38261.721325
41536.350908
41536.350908
37561.395933
36950.498937
36950.498937
36950.498937
37545.388009
37545.388009
41380.224093
37402.214166
37402.214166
36821.325994
36821.325994
40773.064618
40773.064618
39532.880865
39532.880865
37959.026174
37959.026174
40179.363302
39203.384044
38360.172977
38360.172977
38665.898294
38665.898294
38665.898294
39096.684765
40711.777644
37969.168572
37969.168572
37969.168572
39254.146894
41786.403078
40365.108378
40365.108378
39848.913639
39848.913639
37602.186273
37602.186273
37602.186273
37529.697388
37529.697388
37529.697388
40374.400558
41350.867617
40935.091088
40558.147942
40558.147942
37903.272851
37903.272851
40540.972014
40540.972014
39947.279721
39947.279721
39838.650306
39838.650306
39838.650306
40275.697196
37977.271103
37977.271103
37094.281748
37094.281748
39490.281959
39490.281959
39611.722732
40909.100021
39317.432081
36524.385884
36524.385884
39977.035395
39547.242969
39087.536178
39087.536178
38516.816318
38516.816318
39131.130228
39131.130228
39308.734984
39308.734984
