9809.000000
9809.000000
9854.000000
9139.000000
9139.000000
9730.000000
9730.000000
9730.000000
9730.000000
9730.000000
9730.000000
9730.000000
9760.000000
9760.000000
9632.000000
9632.000000
9632.000000
9632.000000
9481.000000
9481.000000
9481.000000
9481.000000
9481.000000
10015.000000
10015.000000
10015.000000
10015.000000
10015.000000
10015.000000
10015.000000
9897.000000
9855.000000
9855.000000
9508.000000
9508.000000
9508.000000
9508.000000
9897.000000
9897.000000
9897.000000
9755.000000
9755.000000
9931.000000
9931.000000
9931.000000
9931.000000
9931.000000
9931.000000
9931.000000
9399.000000
9399.000000
9399.000000
9399.000000
9399.000000
9399.000000
9399.000000
9399.000000
9399.000000
9813.000000
9813.000000
9813.000000
9813.000000
9813.000000
9813.000000
9813.000000
9813.000000
9414.000000
9414.000000
9414.000000
9414.000000
9414.000000
9414.000000
9414.000000
9414.000000
9414.000000
9414.000000
9811.000000
9811.000000
9811.000000
9811.000000
9811.000000
9811.000000
9811.000000
9780.000000
9780.000000
9780.000000
9780.000000
9780.000000
9780.000000
9780.000000
9780.000000
9780.000000
9530.000000
9530.000000
9530.000000
9530.000000
9530.000000
9530.000000
9530.000000
9530.000000
