18192.000000
17906.000000
18452.000000
18141.000000
17888.000000
17570.000000
17497.000000
18365.000000
17908.000000
17908.000000
18146.000000
18592.000000
18348.000000
18250.000000
18146.000000
18177.000000
18788.000000
18602.000000
18593.000000
18822.000000
18729.000000
17990.000000
18024.000000
18148.000000
18600.000000
17761.000000
17080.000000
17212.000000
18777.000000
18025.000000
18140.000000
18472.000000
18918.000000
18222.000000
18766.000000
18244.000000
17754.000000
18521.000000
18471.000000
18187.000000
18455.000000
18535.000000
17965.000000
18043.000000
17745.000000
18601.000000
18488.000000
18539.000000
18260.000000
17546.000000
18146.000000
18146.000000
18599.000000
18628.000000
18498.000000
18018.000000
17880.000000
18680.000000
18086.000000
18140.000000
17947.000000
18498.000000
18543.000000
17765.000000
18513.000000
18671.000000
18671.000000
17985.000000
18207.000000
18425.000000
18618.000000
18514.000000
18645.000000
18653.000000
18260.000000
17985.000000
18397.000000
18183.000000
18185.000000
18488.000000
18315.000000
18183.000000
17546.000000
18280.000000
18114.000000
18298.000000
18453.000000
18754.000000
18781.000000
17212.000000
18689.000000
18462.000000
18514.000000
17947.000000
17761.000000
18569.000000
17872.000000
18207.000000
18498.000000
18739.000000
