24758.923624
89668.458961
88753.030113
91214.431595
89308.085861
89975.455997
90932.416683
90843.842010
90654.222731
90916.864897
91535.505301
90594.497687
90272.284570
90272.284570
91579.733271
90656.973627
89321.814201
88607.760340
90351.120591
90988.143699
90453.040166
91845.591978
91234.067940
91038.159501
91384.532392
90594.497687
90594.497687
90728.285464
89715.916154
91141.903692
90049.185292
90271.869884
88803.899639
91595.039479
90351.120591
87755.364203
91582.435930
92549.794533
92549.794533
91038.159501
90061.038187
91650.919749
92044.033772
92044.033772
90492.218376
92030.064430
93380.668612
90049.185292
90049.185292
92386.322675
88803.899639
90600.726795
87755.364203
90512.558411
91649.237573
90791.269968
91711.798276
91460.433130
90804.275838
90357.934086
91770.898595
87534.729342
92966.619853
91793.953794
92352.569624
92610.599440
91343.299812
91765.383700
91692.369960
91463.354319
89880.675599
88318.219953
90802.418609
90592.393817
90866.609828
90854.388134
90532.520537
91845.979455
92796.331163
91736.024721
87534.729342
91282.632907
92087.679568
91767.061913
91463.795840
93638.944416
92002.894717
87921.805870
92678.735052
90491.899502
91408.999014
90802.418609
91845.979455
92149.468050
92149.468050
89190.210126
91579.733271
92217.002980
88345.710326
90030.754217
