23190.506283
85015.234862
85332.805590
80575.655825
86599.512007
84470.836232
83812.105291
84835.845333
84803.959965
85448.900662
81222.250083
83747.021555
83747.021555
85697.709632
81514.166656
82627.398463
82056.329999
86563.605055
84554.130218
82319.324913
85174.560394
85952.754875
85076.356645
85795.165372
84968.103244
84649.145356
84512.097752
84512.097752
85524.595272
86773.198055
88524.426380
87226.407948
84153.915872
84858.345811
81324.996884
81324.996884
87256.425206
82960.428167
84001.001330
84001.001330
86316.297598
86428.419025
86629.292955
86975.310734
85466.971391
85937.866324
85426.131591
84029.060653
83715.258606
83715.258606
84842.888518
85291.966893
80929.008979
82521.073684
84892.707894
85155.336018
87440.925263
85206.251050
85259.058416
85259.058416
85755.656153
85327.506618
86707.975494
84930.733488
86754.796495
84785.779676
84282.990240
86072.144447
82960.428167
85907.703046
83348.910648
87214.674277
86243.039696
84244.845858
80390.758194
80390.758194
83091.140375
83644.228647
84627.527191
87154.064998
86359.116613
83701.166264
87573.357717
85400.368916
84842.888518
84626.578988
86250.230058
83430.654796
86902.954946
86343.011975
83822.968411
83348.693110
85511.038398
86540.866982
82964.545168
84443.351427
85995.784563
87399.016563
84782.547160
84732.630039
