16509.808968
45366.700584
45366.700584
46770.692939
44941.895230
44941.895230
48617.212843
49254.552324
47536.046563
47536.046563
47246.906148
48457.371748
48729.720305
48408.906913
48408.906913
48286.229303
46741.810851
46741.810851
48661.225562
49076.931654
46501.842600
46501.842600
46958.149085
46958.149085
46958.149085
46754.589052
46754.589052
47323.225286
47323.225286
49097.375615
49085.666261
49085.666261
49003.057969
49003.057969
49914.731208
50151.021176
50151.021176
49176.169012
47548.745225
47548.745225
47874.546491
47874.546491
47874.546491
48072.098442
45993.791543
45993.791543
45993.791543
46526.542138
48394.122877
48498.460085
48498.460085
48498.460085
50068.329767
48267.242122
48267.242122
49482.670992
49482.670992
49834.121791
47781.154658
47781.154658
49861.885971
47750.230418
49902.152289
49902.152289
49865.660773
49865.660773
46299.120011
46299.120011
48886.747451
48886.747451
47940.842395
47940.842395
47604.110987
47604.110987
50875.384111
49454.000327
50268.953562
47893.872783
47893.872783
49860.968955
47339.020033
47339.020033
49761.186830
50492.324750
49624.454071
49624.454071
49377.124304
49307.636392
48992.317912
48992.317912
49829.424404
44286.632586
44286.632586
46995.694157
46956.484309
46956.484309
45149.561534
45149.561534
49546.225327
49546.225327
