23212.928296
68340.140035
73729.540905
72169.860723
72169.860723
72243.825742
71806.638698
70414.130449
70414.130449
71020.969332
68434.125717
68748.371673
68748.371673
70514.147139
72459.411055
70028.848074
72868.788204
72926.461748
65555.913442
65555.913442
72679.768403
68296.279410
73739.205498
70957.494253
70957.494253
74198.411975
67747.878212
73368.347869
71687.417142
71687.417142
73658.104355
71211.114232
71211.114232
72320.660648
72320.660648
72428.194374
74258.772926
74472.490163
72129.709757
72129.709757
70336.008416
73739.937711
73495.296979
73495.296979
72005.621001
72363.086951
70221.502905
69334.317465
68340.140035
67338.488513
73849.309291
73378.376353
69525.820128
69525.820128
72163.836020
72621.371140
69425.599564
72711.370244
71791.186992
70723.036707
70078.082434
74065.672809
74065.672809
72370.737313
73438.965158
73438.965158
71574.594425
72233.514888
72233.514888
72537.640387
71515.619345
69725.925472
69725.925472
71920.155410
73455.459424
73284.866203
73284.866203
71698.271748
70914.391086
70914.391086
73911.308047
72689.417899
69836.725197
72959.320964
73178.841474
72903.101135
70910.665214
73148.793437
73417.998504
72002.924580
72979.427956
72728.655618
70613.358793
70613.358793
73978.391157
74535.348239
65555.913442
74669.862358
70976.648707
70573.778177
