19998.000000
20499.000000
21166.000000
21166.000000
19636.000000
19985.000000
20909.000000
21042.000000
20818.000000
20461.000000
20402.000000
20814.000000
20637.000000
20980.000000
21216.000000
20873.000000
19955.000000
21015.000000
20569.000000
20368.000000
21138.000000
20922.000000
20859.000000
19671.000000
20667.000000
20375.000000
21033.000000
19981.000000
19981.000000
20688.000000
19915.000000
19577.000000
20392.000000
20816.000000
20625.000000
20893.000000
20931.000000
20901.000000
21081.000000
19606.000000
21031.000000
21074.000000
20859.000000
20494.000000
20196.000000
21256.000000
20667.000000
21194.000000
19862.000000
20495.000000
20845.000000
20866.000000
20337.000000
20087.000000
20412.000000
20358.000000
20981.000000
20893.000000
20893.000000
21176.000000
21200.000000
21300.000000
21419.000000
20586.000000
21199.000000
20882.000000
20273.000000
20983.000000
21177.000000
20962.000000
20495.000000
20695.000000
20537.000000
20537.000000
21253.000000
21064.000000
21196.000000
21178.000000
21281.000000
21167.000000
20694.000000
20875.000000
20875.000000
20726.000000
20444.000000
20444.000000
21256.000000
20859.000000
21258.000000
20809.000000
20133.000000
20133.000000
21274.000000
21407.000000
21300.000000
20950.000000
20807.000000
20564.000000
20952.000000
20322.000000
