23150.362469
85742.593902
84999.039148
84633.235328
86093.091405
86030.867343
82034.379956
84845.276058
87837.102639
84489.650060
85840.581519
85024.327367
85645.227861
87144.515386
86386.578644
85565.263677
85565.263677
81728.110084
84220.778863
88358.417307
86298.358892
85297.374760
85297.374760
87064.425297
81091.718650
83695.271330
86758.371618
86266.832695
88092.641627
83636.412422
85065.184334
85553.755592
83555.018206
85316.453662
84209.529651
86040.668450
85110.412035
84917.971997
84873.615567
80882.868120
84508.984726
84676.290831
86396.221710
82676.671447
88330.534356
85429.873681
85429.873681
86654.921413
84055.856342
84055.856342
84845.276058
83723.483890
83417.883466
86576.980665
86239.538609
84853.078647
84054.166907
84054.166907
85065.184334
85741.511860
86167.413050
85450.439040
87262.060873
86838.408173
88525.747313
85477.695879
84552.791730
80882.868120
86271.393137
86271.393137
86758.371618
86388.441459
87466.041588
87444.705952
86525.020134
85173.455941
87897.070785
82153.439107
82153.439107
86210.092865
86210.092865
86771.451403
85015.860805
87072.474202
85635.326894
86091.043895
86091.043895
85931.793101
86373.403984
85517.489345
86370.748638
86123.618706
86123.618706
86376.113582
85024.327367
85947.501763
85702.055574
85702.055574
86224.498578
87917.034234
