16631.347080
42790.170051
46026.309755
45995.827423
44907.690522
46057.322228
44909.097673
45400.425574
46652.076470
45973.461628
43767.498104
43767.498104
42923.890869
44297.787013
46268.819841
46207.740760
46165.375698
45064.125425
44076.901344
44076.901344
46780.806943
44005.181301
45687.008043
45602.074465
45327.265940
45377.134787
46867.469105
43735.707281
43735.707281
46227.300529
45300.365698
45150.679076
45530.365443
45284.932707
45046.390120
46971.733127
44666.732114
44289.185729
45946.333291
45502.023612
44198.231609
46240.527868
42840.515697
42840.515697
45133.545944
43066.397473
45744.945434
46930.169979
46441.302426
46509.765957
45423.654579
46239.144793
45971.124130
46748.084384
46866.678612
46631.852729
45641.903990
45902.854473
44835.106087
44835.106087
45260.483205
45986.644861
44195.014986
46555.000840
46098.952500
45442.320213
48140.362599
45169.133560
47168.505631
45400.425574
45400.425574
46033.929741
45722.924199
46233.494514
44349.625274
42923.890869
44297.787013
44909.097673
45690.527425
46413.030503
45687.008043
45687.008043
45201.373013
43066.397473
43654.671035
44326.125893
46223.982417
45682.438253
44022.805250
44022.805250
43854.881429
46685.402104
46158.761758
46259.406456
45641.903990
45327.265940
45377.134787
46658.123061
46411.199082
44231.288516
