17694.000000
15748.000000
17690.000000
17494.000000
16853.000000
16853.000000
16626.000000
16626.000000
17352.000000
17352.000000
16899.000000
16899.000000
16445.000000
16445.000000
17972.000000
17574.000000
16807.000000
16724.000000
17399.000000
18034.000000
16348.000000
16348.000000
17039.000000
17594.000000
17726.000000
17939.000000
17726.000000
17548.000000
17412.000000
17682.000000
17682.000000
17469.000000
17876.000000
17334.000000
17334.000000
17130.000000
17325.000000
17325.000000
17188.000000
17785.000000
17632.000000
17345.000000
17345.000000
17686.000000
17148.000000
17482.000000
17333.000000
17490.000000
18171.000000
17894.000000
17894.000000
17894.000000
17736.000000
17325.000000
17201.000000
18055.000000
17972.000000
17972.000000
18090.000000
17837.000000
17651.000000
17422.000000
17361.000000
17361.000000
17156.000000
17156.000000
17464.000000
17766.000000
17514.000000
17514.000000
17851.000000
17569.000000
17569.000000
17882.000000
17432.000000
17049.000000
17866.000000
17408.000000
17793.000000
17799.000000
18263.000000
18263.000000
17892.000000
17892.000000
17841.000000
18055.000000
18055.000000
18023.000000
17687.000000
17687.000000
17690.000000
17639.000000
17956.000000
17148.000000
17148.000000
17738.000000
17291.000000
17291.000000
18720.000000
17145.000000
