18915.000000
18852.000000
18903.000000
18433.000000
19384.000000
19485.000000
19327.000000
19111.000000
19647.000000
19062.000000
19316.000000
18991.000000
18944.000000
18334.000000
19610.000000
17993.000000
19258.000000
18842.000000
19315.000000
19243.000000
19223.000000
19613.000000
19482.000000
19024.000000
19090.000000
19386.000000
18055.000000
18055.000000
19188.000000
19337.000000
19412.000000
19462.000000
18661.000000
19253.000000
19480.000000
19434.000000
18622.000000
19052.000000
19022.000000
19310.000000
18749.000000
19002.000000
18956.000000
19451.000000
18857.000000
18534.000000
19088.000000
19057.000000
18456.000000
18610.000000
18428.000000
19006.000000
18890.000000
19072.000000
18913.000000
18260.000000
19225.000000
19298.000000
18816.000000
19498.000000
19233.000000
19302.000000
20139.000000
19141.000000
19788.000000
19870.000000
20209.000000
19292.000000
18396.000000
19109.000000
19235.000000
19237.000000
19568.000000
19010.000000
19025.000000
19389.000000
18733.000000
19048.000000
19219.000000
19345.000000
18874.000000
18856.000000
18316.000000
19435.000000
19292.000000
19118.000000
18717.000000
19076.000000
19083.000000
18966.000000
19551.000000
19423.000000
18602.000000
18450.000000
19098.000000
19355.000000
18819.000000
18421.000000
18901.000000
19349.000000
