100
15353.705956
15655.536575
500 100 0.600000 4.000000 0.500000 1000
825 91
1948 1444
1223 455
232 22
1485 1616
864 1351
1700 1636
374 589
1718 1016
1616 448
1081 34
714 1534
1859 1300
674 1917
802 204
1452 1438
613 736
1567 30
227 490
375 1282
310 955
608 871
81 97
1361 1608
243 1260
784 1026
480 1516
1127 208
1834 841
1901 72
936 451
1239 1892
905 1595
868 1231
1379 682
1810 1921
1967 1720
916 4
1834 1660
764 857
1148 1992
467 906
1245 1227
1324 1299
259 205
1205 27
1580 1537
1399 1226
882 847
715 1106
595 1438
1780 934
1200 726
646 404
1972 1316
1540 733
1946 432
927 1936
85 1496
508 1018
504 1254
75 242
636 10
1668 1923
789 312
210 677
1108 853
1079 1610
1588 1797
385 698
1642 1233
364 1928
1762 1171
1928 1623
1565 226
0 156
1479 1845
1306 1457
910 1082
1675 224
173 810
1930 686
1129 365
1709 1335
1223 1604
1337 936
924 1696
1750 442
93 1117
399 1643
568 1119
591 1720
1789 63
1384 162
88 1871
530 1808
264 1830
328 1511
1397 1910
1017 316
