100
16131.195096
16531.157594
500 100 0.600000 4.000000 0.500000 1000
800 1833
616 1057
1334 417
1240 691
728 114
418 1256
883 365
184 1190
1693 1601
741 975
1668 1051
1002 1176
1426 1753
1963 902
464 177
102 1627
1755 1914
892 1169
1759 1500
1936 1592
308 1476
217 1415
1499 1676
1329 1168
992 935
735 1987
698 714
976 554
1590 1890
1614 1505
537 86
578 1605
1157 512
1830 298
1676 741
679 1322
637 390
478 788
1619 929
1590 294
172 425
1505 672
1294 1481
725 548
1267 961
228 1691
1428 1072
1329 1886
886 1426
913 713
1779 1753
161 1532
408 473
606 1822
690 1145
1047 839
13 792
21 406
941 161
1014 1548
1949 463
283 1988
888 47
1055 1908
172 1833
1425 279
1670 1249
718 306
1223 1397
1234 1689
1180 1875
1018 1712
1121 751
1916 1993
18 1429
513 643
886 1642
1960 257
1 1958
1282 1584
1389 930
1474 101
1598 132
1516 899
49 40
1893 1827
21 1747
398 1896
1062 280
1414 1978
1978 723
1063 1450
1380 1639
952 1343
1354 3
409 1642
1146 1090
534 527
286 270
1865 680
