100
15591.964216
16029.965357
500 100 0.600000 4.000000 0.500000 1000
1102 1035
1861 317
876 1459
603 1032
1226 946
1043 654
1920 790
1622 1399
1988 1569
987 201
155 659
1293 78
484 826
474 1464
734 1529
1988 1325
1226 624
982 1972
979 1022
833 1006
1606 1080
1763 1290
1312 270
1433 852
1614 971
1947 457
58 1875
812 1639
647 902
473 1634
115 1294
1787 1667
1356 1425
1621 811
321 1847
214 157
1045 1256
875 572
672 455
153 1095
1649 1806
524 1333
367 1204
863 692
1498 459
762 196
350 1304
574 1859
1568 1997
665 1391
821 459
1846 168
1203 1319
14 797
693 1117
492 244
1879 1717
971 1351
1210 1072
5 1557
903 368
1464 1908
1257 727
1606 553
1108 1846
1264 1839
774 578
247 811
1530 1539
125 1783
1855 1000
1534 745
1963 1854
775 1394
1833 1441
1532 1685
1635 1628
1589 150
1344 796
845 893
995 19
684 96
1846 513
481 1116
671 1931
234 1577
106 37
1486 1073
1507 605
1647 24
1079 1448
26 1118
1723 1011
473 1922
1938 1109
1644 1242
18 536
787 318
1700 341
1174 1504
