100
15657.882315
16022.546544
500 100 0.600000 4.000000 0.500000 1000
1891 940
1056 1578
552 355
711 127
877 685
1373 219
551 478
308 1696
1336 1204
1354 711
1133 1277
592 1317
895 234
140 91
1875 154
1784 197
735 1233
875 1019
333 80
563 1523
1412 1092
413 1023
1825 1713
1053 1441
38 1546
635 1186
279 401
1139 925
1482 1893
377 1346
1791 1084
351 1599
1987 1457
1829 659
795 2
1949 1249
956 915
1640 9
465 887
1456 60
1708 932
1071 1882
105 565
1204 1553
1221 287
1667 1512
1930 668
1668 347
532 1927
622 1711
1427 1465
30 1125
260 1493
1207 1401
1294 387
1310 10
1648 1260
1061 731
900 1472
1659 129
598 901
797 1713
1705 487
676 1407
1362 498
978 1107
1831 56
6 807
973 1248
1607 228
882 439
1069 108
347 1985
830 570
1948 36
1348 881
415 624
1602 1078
1188 1830
1356 1587
1226 126
638 1961
1161 1968
139 278
1525 1990
1002 1744
115 922
294 1047
1491 1293
161 1533
1325 1003
1074 492
1534 944
455 1457
536 187
603 610
1185 1709
55 666
1506 284
1666 1157
