100
15136.449844
15546.699768
500 100 0.600000 4.000000 0.500000 1000
941 263
535 719
1576 1446
1419 176
1895 954
829 275
1145 1604
1418 1545
1288 70
56 470
1988 688
27 1506
1578 220
901 728
643 410
1270 892
279 830
312 216
537 143
1175 930
1274 376
1028 1119
796 1568
1578 1645
1754 1712
864 1981
1393 848
1224 558
1384 560
551 270
1366 1096
25 313
1862 1807
996 376
988 963
1763 852
499 1668
77 102
1637 1544
228 1985
1076 1287
29 1009
26 651
1527 424
40 1250
281 1734
711 97
608 574
1323 1770
1340 1219
1201 1286
1423 433
678 1207
1698 755
153 374
799 1434
1106 7
383 844
1198 141
1888 451
381 736
687 1516
104 1089
1905 1955
604 947
1196 1740
1583 1148
1743 590
1812 337
96 1845
1957 1409
571 1060
1793 1405
922 1261
425 1144
170 1704
747 919
118 919
387 1437
1264 1040
956 1791
422 456
363 1804
391 128
516 1263
1736 1170
1766 197
18 1987
715 1072
1607 502
342 1239
770 770
312 351
554 821
114 248
1827 533
236 687
1107 378
1881 1083
163 556
