100
15044.460686
15363.764138
500 100 0.600000 4.000000 0.500000 1000
1176 979
1328 1010
878 0
687 1577
1634 272
78 274
966 652
1963 314
1860 1979
1775 1055
1645 681
643 283
155 167
517 1207
378 654
406 1781
578 1640
502 951
1580 1756
1969 1744
1001 1557
4 1533
519 176
941 188
538 769
993 1455
69 1026
1731 61
30 625
1816 1331
870 901
654 1333
1586 1162
726 672
601 870
1970 1282
1081 1912
1541 1313
1443 1844
357 502
1299 1740
822 805
1447 723
222 535
1500 247
1746 457
402 179
255 1927
413 291
452 1616
748 1293
265 818
1299 463
1587 1002
1649 1391
481 625
1704 574
1052 501
1054 1372
402 796
805 1976
928 1853
647 1736
35 1434
229 12
1747 1717
1275 1224
76 448
1486 1943
1925 1860
580 89
871 459
1108 1251
1217 525
24 1916
1970 1382
1821 180
1370 278
1799 357
1604 14
1988 96
232 653
302 203
1271 1937
176 1746
2 886
589 1063
1934 1571
1846 1737
377 1295
309 1104
970 406
291 405
1482 2
106 1837
100 1599
543 1494
646 533
169 1077
208 1562
