100
15315.510598
15681.302899
500 100 0.600000 4.000000 0.500000 1000
1313 23
800 1510
1767 536
1687 626
1907 1587
556 378
795 1766
266 1159
288 1055
39 362
1553 1537
1570 1330
805 1408
955 1691
1732 1942
1285 1475
663 11
743 650
1184 975
1867 1382
537 89
772 898
1995 1128
1885 162
95 529
287 1790
839 360
1422 1887
1896 532
867 121
1379 1525
532 567
1689 198
875 1889
1634 1847
1127 1726
186 300
651 1597
1752 1128
1852 890
1866 328
313 25
1218 1959
201 40
1842 635
505 1708
1636 869
1391 101
739 1144
402 1003
649 1087
623 961
244 731
636 187
1963 902
1314 424
40 884
595 1468
1711 36
87 1607
1307 1073
927 453
301 1997
102 704
996 252
1105 254
816 1665
162 1725
643 1929
1135 818
1448 492
1900 1209
1533 1864
1204 1298
697 382
1513 1721
1548 922
1731 355
1988 1457
1806 1800
1302 805
1271 624
1481 744
480 1246
1593 248
602 494
1405 675
1067 388
526 679
1358 1781
925 1352
75 1314
1592 746
1980 1659
1193 348
410 325
1264 1603
96 32
1537 117
970 1828
