100
15335.602488
15661.755826
500 100 0.600000 4.000000 0.500000 1000
1230 1654
1682 1552
706 1805
1668 1356
1959 984
1988 1353
1391 1479
58 1950
139 568
494 1878
568 997
608 217
1540 1818
28 336
1776 297
1790 1984
941 873
1116 1019
114 1103
1555 1122
1234 579
441 1793
37 864
1549 621
1523 433
951 1069
308 1940
118 1253
1857 939
1036 95
1382 1041
1429 687
802 1113
449 144
781 1378
138 1600
1526 885
1187 731
1649 1998
1729 495
1017 298
239 1304
640 719
911 404
1174 1251
313 1839
494 721
789 713
1279 1291
185 1704
336 731
1423 360
847 1794
1998 1679
934 1634
792 1704
392 970
1552 1402
1216 889
901 612
1900 370
25 1033
818 1930
684 1904
165 427
695 116
173 123
1932 840
1019 1777
1123 1758
1422 1842
664 1627
1682 729
1838 1779
1107 583
205 1847
1829 473
1029 1893
517 1602
1003 1531
1368 1611
1830 660
590 19
322 1609
773 196
1171 403
791 856
1261 1455
1910 734
1581 1646
1328 1779
804 1275
1313 276
677 1317
1384 812
13 552
173 20
10 0
1974 1249
1737 1064
