100
15835.948084
16183.816173
500 100 0.600000 4.000000 0.500000 1000
1947 1303
659 869
17 1018
1116 38
675 1482
1475 1823
1024 1802
1113 763
1667 39
419 445
110 1780
427 1442
1862 353
1804 1160
1040 1697
1411 779
481 1998
894 1561
306 1099
241 722
495 1610
337 667
1621 616
1445 438
1481 150
1401 1428
1720 713
271 881
1027 1972
1454 1584
1987 1755
856 308
1518 1068
1281 1245
215 1777
599 1135
548 656
666 269
533 1306
868 1160
1855 1646
1346 177
239 1238
1564 1236
1277 98
751 1637
1865 458
966 724
1300 1507
1072 1571
128 1401
133 1111
49 1925
352 108
1519 872
1766 1409
810 432
319 1594
1873 1770
1963 569
346 1954
643 435
1992 161
1558 1609
117 215
224 401
131 1505
1009 1403
996 290
946 1225
1140 1827
42 1167
1521 575
1274 532
719 778
451 1165
1449 1
1987 1654
635 1923
874 1939
405 23
845 1736
1349 1787
1670 1706
1916 867
758 548
164 1977
1075 1241
1898 1425
1265 1351
1143 604
1621 262
571 780
264 1891
852 4
1566 350
1022 936
491 944
1271 334
767 1531
