100
15523.063223
15900.524479
500 100 0.600000 4.000000 0.500000 1000
1356 1336
713 396
881 1264
153 914
148 712
1575 1336
1398 963
1678 1377
1249 77
1775 1165
1221 909
254 734
1508 1239
1147 1793
1331 1597
1008 290
705 675
1103 1247
1611 1095
1735 1588
448 498
1695 1009
1892 864
1999 695
898 777
631 828
1606 805
448 163
190 1121
1100 850
984 440
875 518
1550 529
1763 1862
1589 38
494 725
229 1546
983 1968
107 1910
645 139
27 935
95 107
225 613
763 1704
1527 183
1691 1701
1999 1221
1851 1769
737 570
1867 539
424 1538
1018 931
1057 1885
1238 643
1041 1131
1486 708
776 1874
1338 453
1885 1406
1829 1025
256 401
873 650
1312 1093
840 382
1626 429
9 1597
805 1507
1488 407
520 1054
60 1177
1230 776
1396 768
1386 249
1153 25
1719 894
1084 740
1503 1070
1067 1541
1748 443
1266 1995
45 1709
132 1394
987 593
187 19
316 1106
628 1898
405 906
857 1114
1356 1492
1917 249
240 1673
1476 1705
867 106
1849 170
790 1403
312 550
346 283
363 38
1707 715
1636 204
