100
15424.583769
15747.581351
500 100 0.600000 4.000000 0.500000 1000
744 398
1853 414
1025 621
1952 282
994 1557
47 1519
890 496
967 1969
700 1298
281 1164
592 238
187 1866
1432 730
863 1317
988 882
719 1009
1391 510
1194 1057
1770 108
954 750
1140 1522
1959 1181
571 1520
237 1335
1259 1864
523 556
1529 508
136 917
1367 1974
1872 1366
33 571
962 245
1830 1553
1524 1282
1301 1577
962 1063
667 768
1615 1140
349 682
1093 1339
470 1913
1099 265
156 377
1259 934
1198 456
715 1656
43 418
481 1028
333 67
1615 332
683 55
1684 1694
1069 1730
275 342
160 1051
1090 1875
984 1454
1564 1564
1794 304
1581 654
677 1141
1120 114
1372 224
1918 547
1246 651
1691 1310
383 1327
490 1620
1602 1416
167 1216
1335 1006
595 946
301 1529
796 199
1649 1823
507 1719
109 786
1617 963
1756 1990
1868 1807
91 656
1254 1983
419 534
1290 72
1708 401
212 1969
1694 620
418 899
975 28
1713 1193
1919 1948
367 1829
1550 1043
1483 246
1911 740
1430 1388
491 701
1353 416
1433 905
419 1125
