100
15784.265938
16177.501236
500 100 0.600000 4.000000 0.500000 1000
175 1320
1608 1631
1010 1985
1024 518
913 1563
826 106
1500 1390
1746 1853
21 1915
556 1377
927 960
1879 858
1910 1147
301 737
1547 1484
924 82
1305 1291
6 898
836 284
1865 724
1617 124
837 753
350 254
1029 405
1761 1343
1366 1677
1969 975
483 333
203 37
552 126
1778 339
1245 1905
1055 1330
1985 87
278 1180
892 1449
162 470
1247 866
472 924
507 635
2 711
363 616
1019 1063
603 1600
103 1717
1088 772
312 1008
1316 633
1880 1047
82 820
1556 1992
730 1722
529 1150
384 1919
1791 1719
598 683
621 1991
545 1028
183 1038
669 1310
1691 636
423 1285
234 614
1000 1691
203 1463
1641 371
1639 768
1940 644
1358 826
3 69
1178 1721
1374 438
1146 661
1129 1167
404 1476
117 609
1277 1798
691 1099
1719 1062
1436 206
1885 1266
1875 1937
890 1758
1899 546
18 1642
1113 265
1315 956
1237 416
1961 789
1112 1800
368 416
1493 501
1681 871
483 752
1122 1440
287 1524
876 1235
1786 444
1836 213
1543 1016
