100
15859.561371
16176.323230
500 100 0.600000 4.000000 0.500000 1000
903 191
688 784
965 1868
29 1344
1174 1076
1606 1419
1157 1896
640 1043
1939 928
616 1876
1416 668
262 1338
1531 83
299 53
327 447
40 1676
470 361
530 998
1475 1844
950 1596
99 529
1257 457
1047 487
1535 1126
1579 1273
898 1463
205 336
1827 1916
567 412
423 1003
286 1954
1622 396
469 644
691 404
1435 1402
40 392
1054 627
400 12
930 706
1509 250
1404 416
316 666
234 995
1850 185
198 852
745 944
690 1386
1945 631
385 1351
1046 1783
656 1252
1052 1236
368 1618
730 292
55 1119
879 1191
963 942
1700 562
850 32
74 103
1767 1690
147 1426
1816 1322
549 882
1302 1604
890 1071
1069 1092
328 1823
926 1730
1225 1396
1245 1289
498 768
1369 73
1844 1418
882 1311
28 879
1064 387
743 593
848 1806
85 1864
635 106
1703 1300
435 1448
855 425
161 1568
350 153
1579 767
1009 167
1087 96
1059 854
500 161
1955 1786
1989 1488
1264 328
1991 369
557 1543
1223 1781
799 147
520 1910
1865 1222
