100
16117.759288
16448.543205
500 100 0.600000 4.000000 0.500000 1000
1693 1291
1619 1177
640 96
193 885
1412 29
1515 1337
1895 517
284 1334
1058 960
1292 1726
541 1841
523 133
1468 1112
1234 1548
688 379
1743 574
488 916
1709 1914
1508 531
1754 966
1659 767
193 1100
281 328
1593 1994
1410 240
420 180
1004 1134
1631 460
1206 1924
1031 137
391 1685
1035 446
321 1114
1119 1643
1370 972
290 729
789 1959
1189 1108
37 869
512 493
177 1856
244 507
100 457
1039 1440
361 1506
651 1330
1406 1321
34 640
1103 1913
898 575
309 918
1740 1762
1302 329
320 1998
39 1869
995 1887
1639 591
1350 1958
1943 1276
1466 409
829 1603
1994 1069
968 897
182 1643
1764 782
1104 699
1440 1832
22 304
1912 178
778 1167
738 1744
535 315
873 708
1591 1435
592 1107
1911 1835
1738 147
296 1218
648 263
1270 808
1791 1108
1618 1533
737 646
1854 1592
159 96
1158 1392
1138 97
175 665
934 258
1918 297
1880 12
1957 1472
30 1441
1768 1476
1629 1790
1559 678
709 1502
1281 661
1444 1598
1878 1702
