100
15697.462602
16155.390544
500 100 0.600000 4.000000 0.500000 1000
1013 1762
352 1191
625 142
1232 1579
506 1922
364 195
1769 1348
1724 30
90 1025
88 1655
53 1989
1098 419
1541 930
1701 1132
1449 1958
1591 456
510 729
956 492
650 257
1922 1124
983 1978
1480 35
665 1649
720 620
1804 1458
1412 392
1525 1167
302 758
869 971
811 741
942 1427
699 1490
1523 1442
1211 958
289 592
1931 1895
1840 315
1327 627
219 471
420 506
1845 948
1650 1699
1734 1951
377 645
1220 1120
613 890
1704 1547
640 1274
1172 807
358 1401
482 66
1941 1552
1573 338
458 299
1704 402
763 27
489 1392
264 990
780 1599
1518 719
147 1331
1391 1640
1761 799
1832 1997
1121 1231
904 231
900 1627
1505 1787
591 1554
700 1895
1780 1821
427 1703
1452 1048
1742 984
789 284
1103 232
15 1362
639 1140
495 410
74 266
161 1485
1149 550
609 670
188 1157
1887 783
259 1461
1382 138
437 812
1048 955
1073 665
1290 803
1833 1714
979 1256
340 93
1963 1367
1398 1264
534 1795
806 1970
1075 1906
960 67
