100
15739.089686
16074.059834
500 100 0.600000 4.000000 0.500000 1000
996 107
1680 1752
1582 324
1426 854
1272 569
32 735
257 1197
502 68
422 341
1154 32
1693 160
1683 1947
1851 1172
945 1872
1875 475
1874 897
1498 1041
808 450
978 1457
1444 242
165 1022
625 1740
1820 339
1268 304
67 1943
884 1776
245 1647
900 591
1107 945
1092 386
89 1466
1179 813
140 1710
1677 692
717 54
1120 1666
1194 413
1708 1439
351 768
1065 1105
1985 865
1481 619
1802 33
295 933
777 1707
1393 1278
223 833
220 596
1619 1118
250 1391
377 1618
1160 1418
1421 1436
703 776
606 1932
95 512
802 1042
663 1152
1641 855
754 1593
1322 1525
868 1471
746 637
1535 1765
1889 1952
1388 369
1529 1265
973 660
1988 1208
1555 99
567 1362
1161 637
554 240
380 1994
1158 1046
686 1482
750 232
241 80
9 610
1098 552
1970 1422
555 947
1820 1287
948 989
1252 1269
308 423
403 593
180 275
986 246
579 1054
850 925
1960 350
405 1718
528 1782
1320 1644
243 1850
1125 202
817 1966
653 539
1347 174
