50
10406.536929
10932.626275
188 89 0.727462 4.776236 0.513129 6
1032 981
278 1290
1165 54
1016 1773
301 1395
1204 1827
378 1463
1625 1559
890 1314
1976 600
218 1999
969 129
1342 1431
791 295
1435 454
1316 692
1643 1385
1440 33
1400 1298
127 54
793 438
905 1499
95 1390
1476 1869
231 1194
914 778
1008 1369
719 1572
251 1656
525 1888
89 415
1114 360
1276 813
515 1997
811 4
96 1072
936 1126
1181 657
1322 1213
1935 463
1763 1174
515 1477
1409 1660
1302 1677
1605 227
394 109
789 1033
653 280
335 1008
490 657
