49
10021.740891
10518.475226
171 87 0.693868 4.691133 0.333964 5
584 1956
1177 1651
1036 981
1012 1784
325 1153
1894 935
1082 1135
1941 1722
110 920
936 1544
138 144
1405 5
1831 814
312 685
1698 164
1008 852
788 632
883 1001
479 1437
317 102
341 957
1410 1668
1703 1823
664 428
1970 1963
1767 346
953 560
1079 392
859 498
1608 888
475 1169
1471 274
704 1665
1137 1291
1468 440
1271 295
1563 797
1870 1290
1882 555
594 341
1401 1158
472 645
1532 1417
776 177
1668 1707
1087 285
1519 57
704 1051
867 783
