95 74 1.067615 1.258629 0.373079 10 8605.740347 9125.102167 271.261406 7026.410739 7802.382387
77 27 1.456399 1.475783 0.340019 6 6086.414801 6147.940086 33.942102 5385.098845 5982.393059
70 58 1.510504 1.331434 0.560940 2 8498.814795 9086.776420 206.746248 6678.943649 7497.266935
40 50 0.545620 4.500098 0.476839 7 7379.077850 7379.077850 0.000000 6502.232566 7236.790754
69 10 1.058268 4.831432 0.116606 5 7883.722040 7943.118371 78.062072 6407.548330 7227.026822
92 109 0.954527 4.855013 0.301006 10 8493.528058 8527.454527 28.714092 6741.064250 7572.744339
30 58 1.095093 1.095680 0.513719 9 7701.072136 7906.389934 38.126558 6361.777303 7040.003534
45 73 0.564673 3.355393 0.676556 7 7602.485326 7672.623762 33.327029 5809.598507 6568.866534
23 46 0.745771 3.268167 0.299057 3 6477.409139 6752.904506 163.162979 4919.418450 5613.099213
80 56 0.549194 3.379870 0.573894 10 8276.276128 8515.675674 134.248366 6438.255736 7189.587886
70 86 1.921910 2.842001 0.824413 1 6613.753283 6987.840020 69.466163 4842.472340 5756.877611
27 10 0.969108 3.099885 0.799923 4 7765.005319 7970.954422 185.050006 6207.737464 6884.064308
47 38 0.583202 3.434536 0.696351 3 7374.570253 7445.172372 55.917397 6004.094653 6748.595474
58 103 0.783499 2.970543 0.698049 1 8850.835004 9000.900964 77.091562 7433.309183 8104.967579
95 34 1.738180 1.284361 0.589787 8 7022.558577 8104.572877 200.925011 5927.989865 6517.973673
82 19 0.996201 1.681614 0.572544 1 8343.084636 8773.595847 209.188664 6262.374881 7182.366729
84 33 0.857633 4.772897 0.859573 6 7308.994061 7451.822255 94.029973 5840.434775 6679.441927
54 28 1.178396 3.282848 0.102282 5 6767.312695 6855.763776 39.556526 5617.412167 6298.036880
87 29 1.078672 2.360510 0.773393 7 8059.876008 8339.088420 127.495515 5978.861226 6695.917709
28 104 0.956312 1.901994 0.747335 2 8144.999296 8379.640101 186.942177 6382.771759 7103.918069
77 72 0.952255 2.627097 0.582759 9 8739.698054 9009.291085 195.408356 6589.074952 7420.941527
44 30 1.529931 2.235766 0.877041 10 8441.410483 8753.845710 58.017765 6745.559185 7495.739876
99 109 0.621513 3.281849 0.547584 1 6545.025819 6617.746000 52.184807 5522.669406 6105.114983
69 19 1.197890 3.887419 0.544304 5 7824.076810 7953.774774 78.157811 6585.168066 7386.622993
93 43 1.312852 2.821218 0.137732 5 7870.289692 8001.935241 47.017900 6105.119968 6967.349108
34 10 1.343255 3.053517 0.139569 2 7141.262813 7223.881074 22.080659 5771.280485 6550.031496
60 50 1.481768 2.463927 0.883152 9 8727.682939 9179.992798 88.953710 6790.697219 7563.111616
81 64 1.763228 2.382900 0.656473 4 7522.377850 8136.616406 114.061236 5919.149038 6636.185299
23 64 1.892297 3.770777 0.717393 4 7956.564499 8470.532116 95.441390 6145.553933 6938.144622
39 66 0.896993 1.810058 0.854227 2 7162.280497 7462.123941 260.091262 5805.615710 6608.282515
61 10 1.468326 4.031019 0.551398 3 7590.440222 7914.063601 64.983427 6234.705652 6837.162290
68 21 1.187682 2.746172 0.143709 4 7351.216103 7681.078248 175.125019 5878.770542 6667.907413
29 15 1.629680 3.619596 0.209330 9 8776.482244 10458.481850 429.611951 6882.004870 7593.870728
39 40 0.786074 3.229083 0.863902 4 8423.114409 8445.843971 6.189370 6442.843545 7312.513612
26 34 0.781134 2.926260 0.818358 3 8146.387952 8174.332165 5.189110 6142.071799 7050.032151
36 80 0.588693 2.795296 0.742351 6 7148.372777 7148.372777 0.000000 6075.364204 6889.882466
87 92 0.701981 2.812719 0.854875 4 8253.788548 8333.415095 36.444235 6328.897905 7200.111427
75 58 0.850394 3.485297 0.123679 7 7302.665571 7348.859065 73.182417 5836.485491 6525.485491
66 99 0.511386 2.168715 0.653103 5 8254.550609 8452.673552 113.439150 6544.675449 7105.251046
57 53 1.005067 4.609902 0.555555 5 7677.361137 7934.877199 146.106365 6594.950038 7321.286701
65 97 1.166627 3.543301 0.548737 4 8720.792049 8720.792049 0.000000 6271.359963 7264.001389
84 91 0.601154 2.916036 0.674474 5 7659.462892 7815.038651 115.373279 5972.263690 6817.229269
86 88 1.855566 2.382179 0.548397 5 7451.488256 8324.768797 183.894964 5774.718555 6483.125218
94 105 0.861758 2.048468 0.615522 5 7483.541276 7577.737855 118.018409 5633.391601 6479.078304
74 107 0.857236 3.106246 0.181300 7 8531.426961 8683.546122 48.863332 6363.932982 7254.796047
88 10 1.401014 2.180520 0.670627 9 8117.274823 8165.539671 8.962557 6341.629838 7196.961162
26 84 1.291428 1.016116 0.576445 1 8623.706538 9756.309913 433.562330 6152.024258 6808.727322
26 34 1.132231 2.609617 0.750171 8 8971.277949 9206.429707 160.456194 6754.763620 7553.667869
56 101 1.078288 1.163467 0.221373 10 7353.700209 7520.080484 122.154848 5743.618982 6565.152305
51 69 1.911411 4.128247 0.239469 9 7305.818111 7587.379976 75.250574 5749.652499 6401.990601
93 109 1.341677 2.852602 0.744698 7 7898.359347 8405.113970 107.960324 6429.833576 7176.148436
77 87 0.648284 1.968029 0.309332 8 8131.242439 8335.236843 140.544420 6355.206871 7116.856772
31 102 0.954006 2.476057 0.604357 5 8246.776972 8752.859548 109.977344 6839.615287 7715.006057
25 109 0.617089 2.422787 0.257067 8 8887.863170 9163.680039 197.622082 6527.430307 7260.383239
38 12 0.764105 1.682924 0.795976 7 7890.371370 8026.054439 160.525493 6410.660796 7126.347319
68 88 1.899882 1.758844 0.750717 1 8543.066210 9510.924110 179.726700 6447.427941 7173.249544
80 39 0.981942 4.973300 0.768575 4 7159.697097 7159.697097 0.000000 5833.917769 6425.461728
28 35 1.380494 1.660114 0.221094 7 7101.334562 7442.786314 114.965439 5766.918282 6548.983878
54 42 1.421143 4.020607 0.125912 1 7890.026347 8255.814280 134.052208 6438.143139 7243.318896
74 67 0.662681 1.434938 0.175444 7 8016.356558 8448.974318 225.100908 6641.171235 7294.857610
67 105 1.556337 4.952797 0.448242 6 7993.727937 8121.392813 74.072460 6704.505034 7486.006793
80 23 1.313363 2.624549 0.810397 4 7567.708888 8596.381208 364.689270 5821.348477 6680.299056
34 80 1.211467 2.811734 0.119110 4 7522.876653 7690.900602 38.785565 5879.450307 6515.469961
69 69 0.910540 4.947121 0.812780 1 7219.991381 7397.634199 89.969221 5735.962860 6500.983122
50 29 1.313074 4.938233 0.853529 2 8568.124171 8835.924041 194.382762 6276.867016 7098.039958
74 92 1.008680 4.826439 0.885691 10 7946.800596 8013.291800 102.706277 6293.133875 7201.373931
68 57 1.363224 4.859580 0.405781 9 7720.402106 7830.290696 54.944295 6659.007310 7456.634394
75 34 1.839114 4.602605 0.768839 1 7995.502430 8320.752969 85.709273 6538.674045 7336.712265
56 103 1.514419 4.095813 0.639653 7 8040.670346 8109.329871 27.746309 6332.292102 6980.532343
50 100 1.118537 1.709825 0.288393 5 7877.141080 7958.155934 63.697815 6168.633964 6818.143098
44 38 0.628080 2.894711 0.839504 9 7900.413873 8087.715233 57.737996 6294.682628 7219.982579
27 13 1.240768 2.634779 0.851018 5 8877.025416 10196.846060 303.939540 6715.738663 7617.843978
91 46 1.476872 2.194560 0.128576 1 8645.873876 9482.574473 205.320373 6619.789971 7867.717052
36 91 1.783912 3.210366 0.300553 10 9430.848198 9636.563337 103.765826 7257.648216 8059.798344
85 68 1.780331 2.334518 0.114249 8 7959.032647 8009.748948 25.358150 6356.802735 7027.831795
57 104 1.037333 4.049248 0.593056 4 7592.928239 7667.411555 66.984378 6198.565967 7249.335209
22 58 1.688638 1.906393 0.131949 1 7957.062260 8113.656901 29.078895 6270.835771 6987.086829
20 55 1.109633 3.714009 0.606946 9 7787.034235 8233.639585 122.131808 6490.486183 7179.117324
85 103 0.839253 4.734395 0.702002 1 8855.847485 8855.847485 0.000000 6617.702702 7502.460861
79 75 0.949273 4.043622 0.787837 4 7266.843158 7381.897076 45.127860 6226.487033 6907.783591
45 41 1.921783 1.993790 0.692422 5 8852.225625 9111.072452 48.066649 6779.437224 7689.385025
44 105 1.004661 2.317816 0.852434 5 8129.232825 8631.027456 367.652853 6359.495388 7125.276035
81 31 0.822534 2.639761 0.716460 9 7669.109141 7794.442908 41.826287 5851.053346 6796.647868
54 49 0.872328 1.607389 0.100021 9 8055.414347 8232.529333 139.711007 6161.127153 6888.946499
94 70 1.138919 2.492509 0.248669 2 7463.898979 7682.576758 60.543584 6350.251770 7073.506911
84 81 1.124721 2.695975 0.446323 10 8707.316358 9276.265485 290.132713 7304.964439 7994.707145
32 96 1.875685 2.850090 0.819538 9 8644.709309 9356.394331 276.039126 6339.639901 7424.418680
40 33 1.051258 4.285906 0.631898 2 7383.410472 7864.545001 174.173575 5865.833640 6666.621377
38 41 0.971311 2.680934 0.486311 6 7226.937589 7271.384446 112.774011 5708.735443 6360.582051
71 97 0.846972 4.932655 0.617375 5 8592.289056 8592.289056 0.000000 7285.350171 7946.803873
72 102 1.730262 1.666268 0.569943 8 8048.387306 8226.355098 33.047789 6422.150748 7177.305036
55 70 0.970908 4.838992 0.861752 4 6621.221702 6621.221702 0.000000 5729.525918 6423.587155
60 76 1.352219 2.050676 0.120050 4 7510.686753 8556.091324 213.808354 6209.637170 6980.049428
58 28 1.285972 4.318397 0.897598 10 8871.161053 9097.500848 65.917242 6196.974384 6983.788212
52 74 0.687650 3.151626 0.654817 8 8397.671687 8432.919802 39.172863 6530.343186 7316.841755
33 66 1.847998 3.493638 0.537114 9 8251.272045 8413.691237 30.160487 6186.412565 6937.961632
44 92 0.514039 4.985650 0.553050 10 7788.139095 7795.722157 15.395547 6166.273689 6948.729917
49 69 1.850456 2.832341 0.816709 2 9208.497397 10407.037021 267.122760 6897.190847 7600.286857
98 67 1.038636 4.950428 0.336004 7 8241.575870 8381.276237 98.036568 6490.895719 7379.303283
37 62 1.129452 1.877475 0.841642 1 7485.047413 7631.414673 27.179718 6094.836478 6814.439147
