62 57 1.710044 4.319546 0.578361 5 10317.490052 10419.274561 64.622522 7669.456572 8386.554195
118 30 1.650142 2.253969 0.746669 7 9223.265503 10409.134792 220.210399 7748.991390 8417.348331
82 69 0.706221 3.150330 0.215349 4 9846.441548 9976.043506 84.284414 8345.215283 8942.113153
104 23 0.662930 2.615377 0.223905 3 9057.640270 9223.855505 90.850803 7623.750146 8277.267552
54 110 0.529854 3.591433 0.284473 2 9391.121396 9711.320189 189.681098 7729.212404 8412.271698
125 67 1.928833 1.494937 0.247081 9 10061.469125 11064.912684 186.334791 7795.099703 8415.417363
62 20 0.957722 3.446579 0.328303 10 9956.409536 10281.683085 195.577832 8506.762968 9252.913757
76 71 0.642701 3.606634 0.654885 1 8916.349876 8994.162816 43.753702 7534.701682 8110.870060
103 103 0.772036 4.173181 0.707851 9 9434.019571 9641.140684 152.092215 7695.547123 8266.020610
44 47 1.707902 1.594276 0.899982 2 10072.962583 10987.853338 169.890948 8024.731068 8879.368418
126 88 1.056095 4.617382 0.318800 10 9876.248275 10059.743617 70.143208 7997.504003 8653.389664
145 43 0.546644 3.553879 0.832697 9 9386.703491 9522.371061 77.776430 7555.211888 8107.954142
131 73 1.979578 3.657717 0.300458 2 10148.504364 10496.792376 64.675460 8413.253511 9020.484933
113 108 1.151580 1.807507 0.703693 4 9281.561103 9841.174161 262.950375 7376.875504 7920.934325
128 38 1.877608 3.505057 0.180924 4 9733.241543 10041.455478 62.008978 7800.198436 8393.199279
36 88 0.970721 3.085576 0.428877 10 9723.390421 10108.750682 176.006540 7937.406239 8528.348707
133 75 0.831161 2.953799 0.554076 5 9817.195556 10029.758796 106.204304 7760.326213 8588.212679
104 111 0.509803 3.387681 0.639720 5 9294.262995 9528.221678 104.726613 7917.243316 8733.137917
146 71 0.850220 4.858291 0.758513 6 9374.113603 9395.180676 44.324491 7223.444254 7759.268852
54 91 0.796702 4.343247 0.602230 3 9341.995111 9447.729605 46.525713 7456.847700 8122.959552
149 56 1.781725 1.359240 0.784620 10 8546.194883 9203.613278 122.079531 6759.708926 7357.165200
149 83 1.027115 3.057836 0.272057 10 9751.101925 9968.690373 162.526465 8067.545080 8728.663073
114 96 0.586669 4.240437 0.200245 9 9427.397010 9566.879562 113.851558 7984.764318 8680.794270
122 52 0.949640 2.745741 0.539543 3 10479.000287 10651.355825 80.005914 8685.171657 9343.390466
43 19 0.566303 3.590557 0.251138 8 9253.841102 9437.849101 114.886530 7534.332425 8059.762725
146 87 1.307538 4.852579 0.287685 7 9487.346794 9671.712184 38.044893 7342.626346 7979.430869
108 90 0.631213 2.855499 0.518805 8 9071.652464 9170.315182 114.988090 7745.430952 8286.112928
97 100 0.988838 3.059945 0.347421 2 8873.504955 9139.693279 132.798775 6871.500537 7536.214009
131 79 0.531530 4.385435 0.877297 7 9003.797758 9326.004664 129.867353 7280.313372 7902.037587
116 112 1.764887 2.227677 0.611581 6 10212.208699 10953.449266 193.647848 8064.637979 8813.587243
119 105 0.589468 4.210256 0.471970 3 10329.295751 10433.865457 76.406063 7960.141725 8817.244402
85 55 0.994572 4.253328 0.241718 9 10487.646450 10739.162293 176.551863 8121.261032 8785.068232
142 98 1.379766 4.958470 0.630280 10 9564.734461 9765.774803 148.590696 7761.335187 8458.438479
81 32 1.288603 1.852278 0.290122 7 9217.771889 9217.771889 0.000000 7861.080322 8462.722242
108 98 0.897365 3.401255 0.759372 2 9119.646039 9243.668042 52.829874 7691.114912 8305.330233
48 98 0.971364 3.059917 0.219028 9 10058.769444 10553.069264 259.088475 8006.828438 8799.496086
83 73 0.720850 4.265673 0.898494 10 10484.243912 10733.642422 187.637536 8044.564695 8876.307665
117 44 0.765569 1.513840 0.554356 10 10048.452685 10503.433248 173.891255 8116.043481 8665.248361
67 78 1.123251 3.059657 0.749428 10 9975.015785 10389.693295 139.531945 8084.201652 8748.310076
142 57 0.964680 4.408285 0.766785 8 9140.653901 9213.527824 48.747794 7380.306548 7951.789583
131 72 0.939345 2.556259 0.120379 5 9531.421627 9698.456315 138.932338 7894.371682 8442.249406
144 107 0.830589 2.055548 0.801630 9 10282.186108 10398.146358 76.699232 8082.275598 8679.398141
100 80 0.514258 4.137018 0.164178 10 8792.374705 8818.589489 28.384826 7374.556341 7923.089633
90 73 1.192529 3.995501 0.108838 8 9077.789020 9327.670714 200.584263 7712.526340 8252.086346
70 66 0.604918 2.899363 0.355906 2 10115.633877 10416.334223 175.998703 7946.353648 8907.640806
76 52 1.967275 3.267249 0.533111 4 9204.812393 9236.101506 5.810242 7178.677784 7764.915315
64 74 0.695499 4.604393 0.730441 9 9463.405297 9472.944617 21.928331 8217.204929 8932.727116
59 97 1.986233 2.447160 0.716601 4 9978.562627 10238.405907 48.251686 8157.169678 8728.785808
117 52 0.709334 3.310091 0.275294 10 9030.336058 9159.840989 98.877104 7558.788388 8172.649936
126 26 1.052912 1.790587 0.507964 10 10192.274572 10268.356676 14.128092 7998.982473 8792.077676
66 20 1.007658 2.697076 0.586192 5 9633.940127 9785.001900 116.708712 7590.048977 8103.576299
66 107 0.574587 2.736319 0.815484 6 8199.202345 8367.304985 71.298343 6744.173955 7262.360215
82 112 1.151871 3.867700 0.334113 2 9672.532247 9980.724941 149.425050 8016.367862 8754.917943
100 58 0.603358 2.281434 0.538692 8 8594.485278 8844.507124 178.271807 6960.440100 7528.264897
112 99 1.084487 2.067372 0.530290 8 9884.482841 10593.611092 139.038968 7864.350234 8577.504495
147 29 1.803103 4.383677 0.538058 6 9870.571072 10022.256214 28.167224 7964.559668 8541.393266
119 87 0.672325 4.839664 0.835586 5 8941.245206 8958.386544 14.350563 7453.490692 8002.949516
124 98 0.667116 3.480030 0.706201 3 9838.020797 9885.394605 45.252906 7633.860704 8395.606068
59 30 0.660089 4.690871 0.309620 8 8332.907265 8397.124544 39.237133 7207.788269 7797.141304
78 97 1.450755 3.440938 0.346052 10 10205.132458 10814.523364 121.326692 7936.997162 8536.231674
117 63 0.539605 2.672982 0.704896 9 9684.470429 10097.040695 152.392268 7391.142429 8151.375288
90 54 0.990515 2.808411 0.237275 4 8954.858284 9146.462653 153.251617 7684.318290 8528.510211
133 38 0.739674 4.388001 0.760385 5 8679.870881 8875.308284 84.361117 7724.118067 8311.460215
136 60 0.654315 3.304923 0.427555 5 10016.897644 10340.829433 187.635630 8101.271940 8783.360644
121 107 1.309877 3.021713 0.870193 10 10423.731398 10692.889072 57.520016 8048.679413 8679.604131
139 30 1.334469 2.889936 0.702552 3 10153.219420 10433.433546 52.034457 8191.699804 8857.259624
99 92 0.656964 3.619918 0.567003 6 9289.497732 9368.465672 65.736549 7389.168444 8256.668876
114 92 0.980425 1.310683 0.773947 3 9885.450699 10026.618363 103.752634 8088.874351 8799.012365
105 107 1.367175 2.741350 0.476788 2 8870.675012 8870.675012 0.000000 7578.538102 8220.685541
107 35 1.388496 4.627060 0.682090 2 10061.526030 10200.746528 30.729798 8445.725863 9109.402291
125 110 0.580481 3.530581 0.778399 10 8813.774719 8932.254540 60.751422 7525.767231 8194.492137
77 107 0.805205 2.715310 0.518857 6 9168.221635 9350.478022 144.298552 7422.606340 8089.867159
109 59 1.203413 3.977852 0.373630 2 10811.626438 11653.300046 423.010266 8659.637065 9305.938852
87 70 1.796513 4.736761 0.797862 2 9593.071925 9969.543184 104.345531 7800.576761 8307.122377
110 20 1.833032 1.867019 0.759954 6 9797.808207 10090.684464 76.884897 8152.163498 8841.692323
56 49 0.528296 3.777983 0.521157 3 10039.540622 10345.527318 147.181487 8488.250725 9114.637187
65 80 1.721372 4.725422 0.462157 7 10706.793631 11649.003741 221.275189 9039.405762 9779.430086
126 86 0.793503 3.524364 0.438766 3 9676.821548 9719.086328 53.986398 8341.789930 9009.822377
62 78 0.875529 4.937083 0.469876 3 9597.369859 9674.395978 70.831379 7841.072644 8441.415872
58 19 1.024877 2.833619 0.169111 7 9263.868156 9470.144296 110.344622 7778.136534 8349.420176
94 99 0.615357 4.967899 0.519067 8 9967.580315 10098.035974 127.784504 7925.211695 8815.387520
84 63 1.975989 1.241693 0.504459 10 10020.312097 12325.885747 428.134279 7773.034380 8423.219263
121 60 1.295127 3.378947 0.192281 5 9579.285983 10487.937764 200.888114 7395.807600 8025.007886
96 84 0.700666 2.953041 0.694202 6 9581.372770 9692.713742 82.380167 7448.441026 8065.715682
117 32 1.871111 3.026929 0.279197 9 9933.124702 10230.657309 55.250418 7217.650812 7772.544844
136 38 1.076013 1.751564 0.761801 5 9638.945914 9791.866146 31.390601 7993.423173 8563.890487
56 89 1.723478 1.619960 0.472355 8 10003.910740 11276.234110 265.261129 8542.417218 9061.369472
116 92 1.097974 1.919182 0.254483 8 9330.902472 9777.339598 104.550260 7834.555458 8472.861028
113 103 0.855300 2.022428 0.787779 7 9322.378324 9564.041952 119.200226 7359.478011 7954.377162
131 53 0.546840 3.014675 0.344214 9 9500.002679 9599.742902 89.266486 8176.314630 8861.801537
112 40 1.102902 4.060683 0.839212 7 8862.058327 8907.364173 15.101949 7611.015988 8280.577786
125 102 0.530478 1.752468 0.378122 2 10733.644913 11142.262404 225.866171 7843.611096 8436.490510
132 20 0.801924 3.829423 0.270137 10 9445.810492 9690.553597 80.288065 8137.285677 8705.011843
144 86 0.535369 4.290755 0.770410 2 9116.988633 9239.516520 103.868144 7564.320043 8237.233856
68 55 1.188685 4.525319 0.732694 2 9551.544211 9892.679899 85.905667 7944.707448 8556.769941
114 85 0.991617 3.013850 0.557753 1 9117.986889 9393.253586 139.901068 7521.284967 8364.234550
66 47 1.039867 4.522593 0.620655 6 9884.260420 10112.478554 87.203804 7706.706326 8444.327502
53 21 0.828726 2.768744 0.368814 6 9802.625704 10107.989649 213.707280 8361.257653 8816.410619
127 84 1.129431 4.933530 0.634444 6 10068.981351 10269.983574 39.426089 7910.878643 8524.250750
65 97 0.502229 4.612435 0.593826 4 8947.222635 9106.339344 95.306675 7140.287525 7749.125330
