105 95 0.729353 4.020809 0.789463 6 10943.005056 11063.103100 77.907424 9095.697126 9710.717451
97 71 0.904861 3.729152 0.577372 10 11212.242772 11464.369024 120.791949 9041.486280 9649.673390
155 64 1.367481 4.110050 0.659056 2 10905.140433 11259.573337 112.537383 9088.052936 9529.605878
169 60 0.993755 3.951000 0.658728 2 11998.747514 12148.469218 81.481356 8874.003264 9527.015516
174 37 0.851964 2.663323 0.490829 2 11897.761040 12180.117289 139.104584 9724.045554 10509.265268
89 35 1.793955 3.723510 0.827729 4 11376.365007 11442.050025 13.934459 8938.041111 9517.782432
171 108 0.661722 3.806016 0.135931 3 10890.303434 11238.528393 139.994597 9135.813899 9642.702447
107 31 1.389417 1.922823 0.794376 5 10743.895445 11634.652805 169.635033 8923.486146 9451.085425
173 53 0.882893 2.626832 0.614783 9 10344.119988 10357.542052 3.042248 9061.101723 9542.792623
100 70 0.667082 4.084889 0.841401 2 11410.961576 11581.705714 129.124613 9587.678718 10147.007133
93 72 1.764659 3.628833 0.769632 7 11349.885898 11915.522768 319.674711 9353.069165 9950.304462
195 96 0.767050 3.726027 0.847842 6 10282.553097 10496.955981 99.126969 8740.595204 9260.449471
163 62 0.560877 4.709714 0.559327 6 10358.929820 10482.714514 59.490197 8876.046984 9368.034734
182 58 0.573129 3.434818 0.437410 10 9996.046667 10126.248325 84.060208 8971.355819 9479.674385
110 54 1.129699 1.880855 0.124564 9 10665.814788 10840.423929 64.501163 8996.963237 9495.024478
120 81 1.420659 3.262706 0.613197 5 11212.217317 11909.074183 497.658389 9636.411985 10273.511663
100 76 0.671653 3.488579 0.101329 3 11354.642680 11646.163169 155.875835 9301.313350 9825.531816
178 56 0.679126 2.588269 0.892604 2 10039.310026 10268.262183 116.737559 8232.620644 8738.669061
116 87 1.791357 2.762494 0.315265 10 11557.968250 11914.813120 77.242364 9448.654770 9997.705769
129 108 1.828705 2.870234 0.796749 9 10964.717954 11630.631383 123.657019 9017.797042 9582.885531
86 33 0.754924 4.237415 0.579839 3 11314.079168 11679.754723 117.235925 9674.363750 10190.987405
129 111 0.585091 2.658358 0.294244 6 10496.011648 10805.173250 157.284642 8628.667259 9069.499427
135 57 1.011083 1.984357 0.882426 9 10937.017413 11251.036827 197.256074 9286.358329 9833.062088
98 78 0.812480 2.302859 0.159973 3 11259.853388 11525.216897 150.556853 9019.541930 9602.193310
83 93 0.528025 4.395998 0.761891 1 9364.180258 9439.849723 53.668824 8110.514144 8696.213725
147 72 0.760584 3.157011 0.881075 9 11123.386958 11308.642599 100.805306 8887.475648 9517.251005
129 65 1.818617 3.016257 0.383819 6 11119.148881 11934.274591 158.505982 9294.342818 9815.341858
169 62 0.736672 4.758862 0.856368 7 11172.632099 11358.056158 142.175221 9114.996305 9585.952779
122 91 0.811066 4.321392 0.898673 5 10241.187256 10326.183931 73.684378 8478.104736 9103.987313
142 82 0.714497 2.389069 0.744680 2 11838.233197 12215.376668 183.470821 9798.609298 10388.338049
159 37 1.018018 3.392709 0.414439 10 11485.082796 11701.881469 170.273353 9063.359849 9578.762605
152 79 0.950109 2.963816 0.413287 8 10550.611212 10660.669609 59.306389 8609.717377 9281.985925
198 80 1.860333 4.384492 0.308912 9 9944.049060 10750.788818 151.899142 8559.390522 9042.634766
176 29 1.579800 3.160690 0.163836 4 11568.363830 11690.400890 24.887163 9704.208150 10209.152581
125 91 1.178804 2.843214 0.405988 9 12148.018977 12405.050127 140.329163 9821.880561 10359.216582
138 114 1.195544 1.998105 0.316047 9 10730.252960 11288.710860 166.517135 8996.423078 9507.804778
133 81 0.614801 3.010898 0.418625 9 11720.847538 12242.326490 223.608005 9954.187164 10514.734218
192 30 1.824528 4.913198 0.727058 1 11661.127219 11911.927620 46.572465 9091.864971 9690.585273
159 38 1.358731 1.488746 0.345280 3 11750.151234 12121.391158 83.440124 9137.519036 9591.519036
47 99 0.992008 3.000119 0.100482 6 11064.005521 11457.497933 177.554084 9304.178258 9774.012271
164 95 0.605506 3.992903 0.699957 3 10136.078897 10291.635531 81.262246 9024.369038 9553.747920
47 40 1.491116 2.188445 0.728356 7 10734.149528 11521.080775 235.289885 9280.059797 9738.225366
135 59 1.749234 3.268647 0.282187 6 12467.700939 12751.678643 52.733336 9698.120989 10275.953145
81 86 0.841230 2.717852 0.886402 10 11341.364926 11526.871125 110.198337 9534.610080 10131.623480
116 87 1.506256 3.704065 0.475171 2 11769.345223 12056.688499 57.016100 8752.566562 9397.113689
125 84 1.455966 2.295064 0.557557 8 11361.642879 12144.816833 145.431752 9459.342829 10107.926671
121 117 0.861084 3.311962 0.527551 2 10996.415987 11125.334610 96.923047 9496.819222 10039.354014
83 69 1.702827 1.145496 0.136455 2 11432.119266 12347.508460 187.334537 9260.628386 9762.937056
104 21 1.853802 3.398972 0.121041 5 11162.730374 11690.221994 126.649910 8800.730912 9365.815862
63 98 1.350263 4.357787 0.243942 7 11593.453516 11908.544809 77.958630 9235.342452 9935.920785
181 119 0.617942 3.279263 0.171147 8 10689.663147 10904.422284 100.404320 8899.034963 9453.540148
97 101 0.975565 1.800816 0.603490 4 10404.025036 10536.430318 67.766088 8869.647615 9418.118216
188 88 1.483446 4.783664 0.252611 9 11198.102367 11374.028346 40.219499 8999.326873 9520.074505
147 85 0.984290 1.603108 0.600368 5 10758.951441 10970.170403 125.839224 9536.496584 10039.578377
112 62 0.562054 4.604479 0.588227 2 11248.451614 11441.598711 82.999205 9356.333643 9999.709893
48 98 1.578397 1.886364 0.447180 1 10925.752546 11250.837001 209.176953 8507.966311 8929.053001
155 72 1.135205 3.386875 0.251050 3 10689.405192 10780.055386 24.227283 9117.993095 9707.283796
142 83 0.799693 3.647559 0.228042 8 11383.747628 11553.481573 97.812895 9613.043702 10110.477669
116 113 0.641392 3.196691 0.801546 2 12260.565520 12452.227457 102.620996 10108.686121 10807.332470
159 93 0.963764 3.665746 0.144922 2 11377.400646 11670.776321 90.179238 9794.538957 10320.847936
92 29 1.263353 4.340027 0.530524 9 10418.450010 10707.281353 154.211465 8861.860900 9305.908589
164 37 1.129531 2.337370 0.794162 5 10809.911328 10946.578461 42.987837 8752.333031 9280.610421
175 118 0.613771 2.770503 0.812396 10 11648.802175 11917.898018 122.720788 9657.151567 10341.517897
176 94 0.822689 3.287537 0.224074 2 11311.397512 11443.329134 74.469243 9188.335793 9722.924420
76 104 0.662595 3.607866 0.425634 2 10861.960175 11295.512642 219.103795 9256.284142 9842.138219
111 115 0.948881 1.946333 0.545010 8 10197.633487 10489.450825 155.622125 8530.493161 9067.943299
172 28 1.959177 2.021115 0.634196 7 11231.445668 12055.383536 153.001421 9767.020058 10318.944872
174 97 0.876941 1.905318 0.394435 6 10871.943588 10991.714347 62.813279 9261.759578 9796.767989
155 37 0.647950 3.285404 0.392315 9 11585.643435 11820.979969 123.347420 9679.162650 10273.201369
174 78 0.820268 3.101550 0.355045 4 11066.788364 11275.284477 115.612852 8707.165760 9323.519555
118 89 0.652761 2.474811 0.788345 4 10122.221613 10535.665445 161.179852 8529.264482 9012.893509
140 94 0.854004 4.151736 0.511414 5 11111.200347 11458.362242 107.431320 9321.568737 9940.537234
142 86 1.264398 4.722620 0.300764 9 11463.309520 12242.795757 203.644834 9176.040618 9744.677585
179 54 1.208704 1.620166 0.535603 2 10015.681250 10896.951344 326.132217 8391.394746 8816.835566
94 64 1.570415 2.360502 0.301118 2 11709.245359 12335.021156 116.203648 9313.379190 9971.291039
154 86 0.869104 2.196742 0.897902 4 11257.400921 11483.598695 99.734061 9308.145273 9864.663017
63 66 1.565639 3.378715 0.821948 8 11278.326752 11942.467312 123.327806 9596.607085 10162.214723
179 33 0.752915 3.073314 0.388460 7 10639.763860 10779.986383 88.350931 9021.359416 9564.329949
84 49 1.166602 2.083423 0.595218 2 12018.324175 12368.514218 203.555762 9016.574404 9727.743864
140 109 0.763763 4.242812 0.182171 2 10194.851720 10339.192564 101.640742 8752.007711 9231.817319
77 32 0.708003 2.886351 0.592195 6 10792.169831 11016.540232 133.699508 9268.271295 9788.371285
53 79 1.017370 2.732761 0.893370 7 11276.546591 11276.546591 0.000000 9911.094428 10497.691394
51 78 0.669683 4.043734 0.578163 1 9934.191074 10089.474367 104.539822 8240.082002 8695.000740
68 114 0.574966 3.540647 0.381037 9 10219.431662 10523.081452 152.559879 8148.241578 8728.047132
70 58 0.507533 3.174203 0.353950 3 12214.384066 12628.501571 222.375531 9462.970773 10130.062971
162 110 1.214060 2.208598 0.834797 5 11366.826107 11434.741493 58.323548 9737.913315 10154.552247
90 115 1.677298 2.134287 0.230961 3 10500.977452 11549.873259 212.528741 8853.716109 9355.093386
51 102 1.967666 1.633584 0.104757 7 11459.077729 13172.227067 412.586605 9010.197953 9591.190208
146 107 0.717370 2.696112 0.462327 7 10558.589109 10923.673649 174.703825 9323.092064 9774.175200
52 102 0.535770 3.870299 0.468497 1 10968.405821 11502.538938 221.435027 8774.332202 9236.839289
121 31 1.979689 2.651509 0.518934 3 10592.808068 11570.690170 325.725074 8843.561030 9418.513202
93 28 1.193406 2.341184 0.839728 3 11585.285640 12768.376053 505.067662 9358.333888 9830.191918
112 77 1.897614 1.153745 0.384574 5 11892.522686 12714.203084 152.582219 8939.806384 9445.299503
65 36 0.922717 4.220417 0.225009 6 11592.984304 11735.005915 174.464227 9847.149375 10416.614036
172 85 1.681655 4.621895 0.688546 5 11198.051783 11577.873624 212.343756 8942.921577 9661.799174
180 57 0.766687 3.935544 0.314469 6 10815.447486 11000.737789 82.048201 9118.333720 9581.454655
94 59 0.723954 2.989080 0.764211 6 11245.812263 11633.776098 154.455073 9240.299269 9746.676599
180 103 0.743490 3.978354 0.433238 7 10610.984875 10665.424727 29.282968 8806.812067 9417.459265
149 78 1.383789 3.081705 0.840437 2 12198.744229 12880.613525 231.110501 9820.426301 10393.450734
190 61 0.799236 2.337740 0.381591 9 11765.019398 12015.810758 144.395071 9626.090768 10205.001815
