69 55 1.680392 3.204063 0.630545 3 12135.809683 13596.988415 350.994060 10635.692229 11154.679705
176 61 0.944925 2.149065 0.145055 7 12343.731984 12632.382002 150.235632 10303.811809 10776.181368
229 84 0.741425 4.571875 0.740774 6 13703.869313 13940.148583 121.384026 10936.607169 11626.941146
127 71 0.967464 2.741543 0.257265 7 12721.117092 12948.066161 151.433654 11112.336777 11556.639602
197 25 0.998294 2.784484 0.328937 8 12819.023127 13395.457224 159.310973 10539.524578 11101.393780
193 44 1.022570 4.643825 0.197346 4 11879.820844 12270.521742 188.614326 9750.788629 10354.093692
95 88 1.895739 1.524821 0.687908 5 12664.741740 13320.258607 140.700676 10016.631163 10574.685820
122 46 1.203104 1.611698 0.512400 2 12262.313251 12834.265979 327.858206 9570.809547 10023.413127
238 38 0.614320 1.451762 0.155584 7 14625.624158 15574.458185 401.032136 10165.818026 10680.803283
181 26 0.603955 4.535058 0.744509 3 12337.863002 12539.060550 141.824202 10465.832520 10946.265658
224 115 0.762197 4.657083 0.641681 2 12454.879985 12550.460007 65.410957 10812.034978 11315.330120
110 114 1.236611 1.774861 0.532518 2 12538.126834 14025.917266 494.648510 10000.961970 10563.559517
166 90 1.014891 4.459598 0.601880 6 11882.049363 11958.415624 46.233519 10278.165252 10743.882678
204 43 1.768033 2.284825 0.316638 8 12722.655993 13374.912995 121.121085 10388.249600 10880.306507
219 98 0.592656 3.432894 0.653967 3 12902.523960 13137.364080 121.107658 10761.226784 11455.092765
147 74 0.862222 3.600926 0.425189 6 12256.130188 12501.945233 84.886896 10598.833757 11073.103722
205 59 0.791483 2.780675 0.562011 5 12631.912839 13084.498676 185.106186 10343.226142 10912.313130
233 96 0.748552 2.275112 0.402596 2 12291.600782 12645.137677 152.183769 10333.410396 10838.446038
136 45 0.869605 3.375017 0.124054 3 12737.013772 12929.637299 77.481603 10615.778847 11078.107734
74 29 1.980540 2.005284 0.700614 9 13592.391846 13823.980944 43.005016 10400.845440 10869.849705
133 124 0.960760 2.119181 0.656286 2 12214.883839 12514.890569 151.951227 10035.408460 10574.582828
142 59 0.852447 3.392989 0.775403 3 12253.873808 12619.424732 155.359957 9861.080807 10342.705142
102 36 1.164423 1.523189 0.866448 5 13745.331709 14455.310682 419.711176 11120.254405 11595.005919
173 73 1.099417 3.439736 0.280020 10 13115.976032 13556.880123 200.992221 10727.976043 11304.178264
113 50 0.825311 1.773747 0.488694 1 13157.454077 13641.837342 234.338631 10881.261877 11380.421170
114 95 1.013556 2.202861 0.840557 7 13321.915840 13489.251978 138.175537 10977.789826 11631.769183
95 45 0.876834 2.885123 0.698129 8 13081.357836 13425.198175 172.403935 10685.444162 11392.529022
155 54 0.605971 3.511351 0.668567 1 12148.327529 12380.104088 117.227616 10230.503128 10831.792576
208 124 1.419864 3.853241 0.285320 5 13916.557768 14319.968883 75.113631 11111.722817 11712.875875
222 71 1.451559 2.497961 0.310643 10 12731.521591 12985.944499 98.596612 10213.893477 10908.530793
93 59 1.509642 3.335983 0.672072 4 12896.153298 13109.573728 39.631179 10555.863728 11045.863680
225 26 0.646069 4.073129 0.644173 7 13102.270647 13501.282774 159.817265 10823.481246 11401.481246
195 93 0.908421 3.289238 0.514334 5 11926.108042 11978.984708 81.940931 10020.654015 10554.936712
203 84 1.165106 3.145881 0.250909 7 12363.292695 12706.701976 135.132722 10543.344428 10968.486781
227 98 0.932701 3.584448 0.622064 2 12399.817071 12788.192314 136.493247 10419.874264 10910.523834
220 100 0.716061 4.823432 0.282223 7 12023.814270 12100.646411 57.872099 10119.883414 10653.520785
171 104 0.519139 3.485851 0.163767 2 12245.083713 12625.567280 170.140730 9553.075501 10045.251282
214 28 0.804390 3.772250 0.745597 9 12061.632604 12231.215509 115.064033 10171.938383 10676.444142
176 116 1.064323 4.399929 0.552549 10 12920.365052 12984.799107 94.110726 10908.477430 11479.876590
108 122 1.225593 3.802578 0.776901 2 12571.080160 13067.812731 133.213299 10845.488682 11431.796621
155 91 0.743026 4.607982 0.603111 9 11628.833334 11771.200340 44.413857 9782.946206 10394.338879
161 68 1.075221 3.561390 0.773614 6 12643.037357 13236.594080 173.665638 10368.710919 10819.709811
144 105 0.861296 3.805665 0.243038 2 12552.684999 12687.748515 76.223002 10704.575138 11120.196168
230 77 0.601765 3.739720 0.864498 3 12196.202699 12652.610024 152.046940 10252.630004 10750.923091
218 122 1.968494 1.178055 0.537620 10 12908.771655 13407.052622 92.627788 10051.215754 10587.219485
215 51 1.718053 1.463300 0.156239 9 13895.446719 14379.657688 89.921371 11500.221898 12109.011682
176 116 0.868073 3.793312 0.813193 2 12658.830033 13002.870751 145.727650 10495.105743 10952.442918
210 91 1.146633 1.088847 0.641002 1 12333.711650 12800.236140 162.792388 10101.605308 10579.082984
145 34 0.708461 4.527279 0.403533 6 11737.677970 12024.338473 112.945405 10430.651407 10911.585914
216 113 0.877797 3.831843 0.688225 6 11560.290087 11742.829300 106.528067 10190.641060 10629.368766
174 45 1.478176 3.079096 0.729343 2 12901.843800 13123.772596 91.775733 10744.123646 11319.562608
134 51 1.702175 3.527326 0.370766 6 12096.049482 12539.240396 83.030578 9809.998979 10362.072343
248 35 1.469988 1.385378 0.739868 4 13308.057167 14620.752945 290.905908 10240.427674 10724.353288
122 60 0.629350 4.135919 0.791992 6 13073.161394 13400.938261 147.119466 10653.045368 11134.464104
192 50 0.874245 3.682939 0.747190 10 13041.349016 13418.599018 118.146879 10940.423437 11499.748923
246 107 1.291838 2.541515 0.436246 1 12070.865584 13014.851311 590.244814 9986.132383 10467.485684
75 53 0.927089 3.479742 0.714955 8 13308.118895 13664.161835 167.997708 11028.408153 11476.261924
234 86 0.762080 3.851161 0.564287 3 12366.185860 12536.711057 79.292542 9786.426183 10280.872337
245 116 0.688707 4.699914 0.541443 1 12471.310046 12759.945104 113.322655 9929.848656 10578.099379
57 31 1.342804 2.547734 0.141891 4 12181.558981 12756.122849 115.231973 10341.197845 10742.381095
160 102 0.604421 3.914694 0.620303 1 12232.428174 12535.724594 117.376510 10305.161920 10801.308067
136 102 0.507933 3.717365 0.154404 2 11661.855071 11998.747272 148.763113 9817.473777 10292.208632
242 110 0.962989 4.963493 0.689292 9 12915.460399 13033.709608 101.697440 10334.628822 10877.083428
179 80 0.942067 3.075716 0.222822 9 11954.975149 12262.166779 122.250659 9972.199667 10459.826574
183 108 0.972475 2.218224 0.759548 1 12600.997305 12904.884729 111.052019 10172.351889 10673.527029
147 123 1.549256 2.050008 0.569715 6 11740.985585 11919.952560 33.233333 10166.502707 10601.467048
113 57 1.067172 2.381816 0.786270 10 12097.871502 12451.149302 152.023067 9882.587849 10431.719891
186 96 0.950141 3.713515 0.768613 1 12288.759488 12587.363378 98.559248 10125.376033 10822.106253
237 84 0.856840 3.039303 0.762739 8 12180.114762 12322.984730 68.591597 10297.999088 10815.396421
248 79 0.900442 4.829912 0.379814 5 12606.596630 12678.757192 31.446949 10710.518987 11251.268467
245 71 0.917397 2.978043 0.518528 10 12058.613246 12194.911615 93.580178 10155.276869 10656.392624
198 111 0.940775 3.176282 0.656759 4 12587.698012 12768.857354 103.370076 10331.824424 10806.718521
245 64 0.664923 3.721704 0.440462 8 12302.052789 12464.223429 110.318122 10231.403424 10728.195131
248 113 1.930150 2.639174 0.256817 5 13134.152440 13141.294836 28.806955 10592.546852 11058.415932
211 82 0.580611 4.781791 0.801844 10 12231.690912 12609.106102 190.518269 9914.249625 10568.090584
239 98 0.805168 3.588379 0.330434 6 11582.904682 11769.343993 88.846462 9833.056679 10403.615177
143 116 0.672910 3.171801 0.753360 4 11132.005305 11565.409500 200.122394 9309.229565 9744.745351
241 109 1.777330 1.318687 0.157641 9 12500.084000 12544.887104 8.319728 10516.269371 11015.401618
102 31 1.530386 3.299101 0.353566 7 13192.547292 13832.513571 186.737454 10937.398153 11406.490894
224 99 0.912498 2.972884 0.107446 10 12838.574987 13075.088945 93.577166 10846.537963 11508.574971
242 86 0.694063 4.451315 0.502108 6 11454.414217 11605.687224 69.480884 9555.886625 10095.437196
175 30 1.009544 4.308096 0.236306 1 12342.436400 12703.378499 95.988385 10092.195664 10758.207676
186 120 0.500162 3.159644 0.143550 3 11754.263528 12146.527897 224.703221 10128.660763 10613.212626
187 72 1.300884 4.401046 0.461744 4 12911.046926 12993.721220 47.723629 10027.251767 10745.258034
181 91 0.611852 3.009077 0.620456 10 13330.943859 13651.564586 162.056379 11061.307108 11565.359685
153 37 0.606511 4.411135 0.803482 8 12420.176997 12601.875267 124.800580 10360.099199 10837.723529
180 54 1.634458 2.696659 0.892893 9 11682.584822 11809.499404 23.567446 9955.078071 10403.439532
145 117 1.051198 1.140159 0.412479 9 11863.716496 12589.210502 222.714253 9862.424728 10321.668672
185 91 1.882544 3.637068 0.229380 5 12571.802604 13892.839037 249.645411 10326.600046 10828.445098
228 42 1.135759 1.350112 0.281116 6 13338.436514 13649.492354 73.579325 10940.768834 11457.405506
180 78 0.885600 2.307941 0.870570 6 11895.034031 11981.246382 70.540249 10165.087816 10608.174030
76 111 0.846870 4.749122 0.667211 3 11875.918345 11971.022399 111.339750 9920.820323 10544.420356
159 121 1.545898 2.195631 0.701263 8 13371.594907 13848.950339 143.481066 10783.552510 11245.402053
166 110 1.416181 1.319379 0.117723 6 12056.267512 12359.162787 95.600014 9916.962140 10368.670195
147 109 1.701411 4.507888 0.341776 10 12153.794191 12353.915769 160.846355 10460.168767 10937.111112
233 123 0.728846 4.793779 0.412974 7 12630.098362 12895.812691 137.823341 11082.907725 11534.383411
235 99 0.960123 2.361717 0.656512 4 12678.077302 12891.888161 87.635708 10543.581440 11055.605854
225 87 1.535945 4.230322 0.547226 7 12164.728062 12515.381635 153.897351 10181.597159 10700.408300
62 47 0.922046 3.942323 0.465813 2 11877.154189 12180.855535 150.534221 10178.271034 10578.680067
208 103 1.117815 4.288455 0.330597 9 12057.546123 12314.344895 133.428950 10220.240185 10800.644354
