18226.314709
18090.799212
17891.171980
18039.233163
18454.449352
18056.232242
18251.988323
18152.834807
17573.583453
17870.913208
18151.551486
18219.987132
18044.235724
18101.028527
18420.230172
18054.012557
18013.969271
18394.057460
18280.291308
17881.424363
18191.077188
17730.440143
18104.135974
18143.140060
18005.758782
18177.139822
18147.242730
18195.538797
17903.522642
18054.569291
17835.801438
18082.790219
18004.215009
18032.594869
17953.446835
18014.144820
18181.251789
18070.811606
17628.426946
18046.673135
18253.881925
18096.099315
18288.566788
17729.442385
18215.153599
18171.480434
18195.171586
18035.143004
18318.459950
18104.824167
17994.068349
18134.241854
17957.606264
17832.542483
17677.764703
18000.411345
17978.165292
17982.857641
18032.665770
17934.789466
18168.883598
18193.016949
18184.067635
18355.781768
18091.785714
17967.925522
17756.140091
18305.262001
18067.856984
17701.788278
17706.963312
18350.541951
18170.725090
17966.098568
17733.648392
17646.985838
17992.757350
18131.991722
18273.513477
18217.019172
18089.220694
18082.948467
18207.519216
18127.098203
18102.590027
17996.440622
18006.784704
18389.043067
18026.136622
17774.437544
17886.888039
17963.072650
17949.135396
17949.983932
18163.496721
18160.019111
18026.137541
18163.512663
18111.701878
18000.520198
