9547.437320
9547.437320
9696.545992
9973.402029
9547.437320
9547.437320
9547.437320
9547.437320
9547.437320
9547.437320
9547.437320
9734.532410
9734.532410
9589.071779
9589.071779
10032.627117
9757.268758
9757.268758
9774.719855
9919.552718
9686.462873
9686.462873
9919.552718
9696.545992
9919.552718
9883.641082
9749.083895
9547.437320
9757.563166
9774.719855
9796.486363
9821.407632
9821.407632
9837.340877
9837.340877
9801.147594
9677.328761
9677.328761
9677.328761
9686.462873
9797.800751
9784.802975
9784.802975
9774.719855
9774.719855
9547.437320
9782.263687
9547.437320
9547.437320
9734.532410
9734.532410
9734.532410
9686.462873
9686.462873
9686.462873
9696.545992
9547.437320
9547.437320
9547.437320
9982.356694
9883.641082
9947.754800
9860.880076
9873.557962
9898.192567
9831.295736
9831.295736
9696.545992
9757.268758
9797.800751
9797.800751
9734.532410
9734.532410
9734.532410
9801.147594
9801.147594
9797.800751
9696.545992
9696.545992
9696.545992
9696.545992
9752.832385
9696.545992
9547.437320
9797.800751
9883.641082
9796.486363
9796.486363
9816.266924
9797.800751
9821.407632
10016.485612
9919.552718
9547.437320
9547.437320
9547.437320
9547.437320
9942.680988
9547.437320
9734.532410
