7762.216483
7762.216483
7924.708425
7924.708425
7924.708425
7924.708425
7924.708425
8155.579957
8155.579957
8155.579957
8155.579957
7913.280846
8034.016525
7913.280846
7913.280846
7913.280846
7853.154331
8002.360952
8002.360952
8002.360952
8002.360952
7924.708425
8195.154024
8195.154024
8195.154024
8195.154024
7900.996134
7762.216483
7947.470586
7947.470586
7947.470586
7762.216483
7762.216483
7762.216483
7762.216483
7762.216483
7762.216483
7762.216483
7762.216483
7762.216483
7762.216483
7762.216483
7762.216483
7762.216483
7762.216483
7762.216483
7762.216483
7762.216483
7982.700121
8012.458440
8012.458440
7900.996134
7900.996134
7982.700121
7982.700121
7982.700121
7924.708425
7924.708425
7924.708425
7924.708425
7924.708425
7924.708425
8044.089661
8044.089661
8044.089661
8044.089661
8044.089661
7924.708425
7924.708425
7924.708425
7924.708425
7924.708425
7924.708425
8087.172853
8087.172853
8087.172853
8087.172853
7900.996134
8044.089661
8044.089661
8044.089661
8044.089661
7762.216483
7762.216483
7762.216483
7762.216483
7762.216483
7762.216483
8012.552735
8012.552735
8012.552735
8012.552735
7982.700121
7982.700121
7982.700121
7982.700121
7982.700121
7762.216483
7924.708425
7924.708425
