12142.591502
11921.314087
12131.471939
11776.319110
12048.166900
12027.532096
11968.346440
12019.624461
12102.295974
12019.360462
11991.533837
12036.943241
11878.580527
11985.602176
11970.795774
11826.411411
12244.925022
12075.025996
12022.680798
12056.483572
11982.383403
11961.330380
11885.311292
11906.587267
12098.907502
12108.960322
12033.392248
12185.930227
12012.897490
11905.492187
12018.030641
11853.519557
12405.427261
12161.019446
11903.572375
12101.808035
11934.880936
12032.523570
12096.937031
12023.522508
12023.522508
12003.665967
12218.096498
12163.091590
12212.493850
11944.716635
11825.783032
12034.976259
11845.226636
12011.134263
11984.630379
12162.584902
12147.161930
12161.225912
12082.323989
11864.338768
12104.530294
12011.338617
12195.529616
12069.166844
11973.901093
12027.882483
11783.635874
11865.596400
12017.645146
11831.521943
12026.141589
11828.625002
12135.679869
12173.542341
11927.465230
11927.465230
12172.173339
11894.696236
11952.059432
11966.189989
12157.182177
12014.287109
11915.053024
11961.349462
12177.941605
12139.081609
12077.698112
11918.314927
12193.666530
11981.874310
12008.729196
11854.106508
11854.106508
11927.386907
11885.790150
11884.140557
11949.892431
11929.548045
11828.625002
12101.577673
12075.157224
12020.622561
12177.609371
11884.077021
