11100.662869
11516.302427
11243.344593
11243.344593
11241.792099
11331.091205
11131.386982
11335.379234
11335.379234
11408.093800
11466.793072
11322.099880
11309.549361
11198.955111
11542.533280
11256.181787
11204.498310
11117.967308
11248.732014
11229.353601
11421.276018
11428.555815
11293.586514
11182.956467
11190.771631
11273.010445
11303.099645
11209.885732
11249.474579
11256.181787
11167.121751
11101.029894
11300.734116
11267.187514
11204.498310
11109.152063
11204.498310
11183.594758
11306.121538
11295.552369
11265.195281
11203.021225
11203.021225
11242.822083
11104.206273
11208.041714
11243.344593
11362.245576
11263.917595
11280.884653
11209.885732
11285.795207
11285.795207
11415.695548
11297.632343
11230.563210
11310.647119
11243.344593
11243.344593
11314.936782
11365.433603
11247.319051
11243.344593
11382.716820
11154.721407
11243.344593
11259.790538
11370.703325
11243.344593
11493.231266
11183.004814
11474.139159
11185.078495
11336.478626
11318.244229
11285.795207
11374.178893
11256.181787
11248.732014
11373.651181
11394.462334
11435.261920
11243.344593
11191.887292
11191.887292
11190.771631
11279.649266
11109.845139
11255.548807
11255.548807
11139.509151
11248.732014
11357.129364
11092.540700
11073.120884
11073.120884
11318.629917
11363.049862
11404.536604
11369.834080
