16096.756661
16325.793483
16356.667780
16489.578494
16226.645487
16150.215217
16047.977856
15982.956781
16184.451704
16339.128808
16030.909006
16438.254906
16008.463246
15990.454008
16174.972322
16181.716052
16391.297770
16383.331301
16227.320244
16279.468507
16433.563123
16205.815207
16278.868264
16270.721570
16207.874474
16061.599575
16118.191763
16577.876458
16308.764056
16274.544535
16183.189545
15986.978709
16360.571114
16289.927625
16375.387672
16139.764896
16319.175720
15924.523498
16230.266177
16072.493360
16161.410110
16237.941833
16475.563162
15853.661156
16143.592923
16411.372736
16121.730113
16203.429521
16334.812193
16337.711211
16353.198869
16314.452173
16250.149867
16158.208122
16315.381839
16160.023187
16217.339016
16276.629729
15928.268988
16266.488681
16333.486493
16030.389830
16188.950585
16185.503597
16332.427776
16134.448779
16231.048880
16125.445052
16235.540962
16222.625195
16137.672916
16364.147053
16162.571466
16478.316523
16132.090598
16095.239314
16174.188164
16386.813807
16317.507193
16203.342074
15863.420380
16162.310951
16279.713764
15997.671480
16346.517709
16493.149382
16083.524296
16305.684947
16418.372776
16331.613224
16432.818333
16154.667985
16208.731484
16307.116974
16192.822474
16165.811505
16257.322025
16033.327569
15964.331442
15998.076552
