18635.334984
18794.381050
18283.529622
18839.641518
18275.921640
18501.654439
18609.462998
18728.638509
18313.497025
18432.372526
18572.353146
18814.089611
18780.270377
18585.064198
18641.115216
18824.274833
18696.842397
18703.778818
18821.879420
18623.216403
18956.575383
18764.332371
18275.921640
18776.323617
18656.569034
18974.718518
18386.754539
18770.475448
18218.451835
17886.303507
18843.817336
18511.767632
18805.017012
18856.550689
18619.405815
18693.841074
18766.629188
18695.714052
18931.789115
18656.885202
18299.372423
18606.118578
18424.337613
18858.854230
18761.952290
18197.181188
18735.710089
18292.194273
18638.119036
18646.496150
18563.999149
18319.824483
18915.557109
18626.716819
18365.123073
18843.702544
18497.785505
18570.656320
18352.896727
18332.333141
18393.511969
18561.225246
18709.558072
18294.693540
18409.539862
18776.785619
18740.384954
18773.292531
18651.794224
18511.920546
18275.921640
18549.717292
18705.989267
18499.938457
18745.678629
18344.110047
18476.203967
18479.028535
18058.963023
18665.920427
18677.605950
18578.366646
18656.722089
18556.827776
18860.932873
18457.050911
18690.247816
18759.293742
18554.585910
18670.009876
18649.938796
18747.129328
18214.845431
18642.506341
18871.613785
18801.776462
18859.422776
18519.123905
18594.454438
18391.522922
