14040.383449
14026.747377
14013.350913
14199.310073
14134.158665
14123.988465
14014.958093
13961.173341
14039.926898
14063.739502
14136.162829
14019.608355
13973.101337
14207.294909
14285.401531
14012.052461
13956.435045
13795.065809
14038.512326
14160.801911
13851.798316
13675.214262
14032.706264
14107.418211
14052.540010
14164.927441
14256.077185
14161.767921
14060.951815
14023.045257
13824.749902
13791.938004
14060.230050
14077.721134
13944.938704
13823.023247
14105.597480
14042.658354
14032.617401
14127.156841
13831.474426
13893.121007
14139.887713
14046.677672
14183.524224
14067.714890
14098.014160
13787.784572
14141.869413
14271.983732
14100.767051
14076.984234
13796.162611
14030.997805
13961.486991
13537.542233
14102.592768
13999.208048
13734.558566
14087.437365
13981.635362
14176.159666
13767.266916
14176.412810
14097.091929
13895.512386
14260.644409
14104.906255
14152.970183
14116.663815
14233.179859
14185.137829
14186.996940
13815.188009
14134.859938
14073.181015
14213.925900
14167.060075
13983.037385
13573.163013
13763.909335
14222.869102
14062.074651
14227.117859
14070.315152
14148.036673
14005.276751
13913.860647
13995.283345
14312.262331
14223.278400
14201.143389
14231.670425
14151.999184
14120.620792
14056.006363
13787.562970
14040.489408
13903.116841
13981.580537
