16960.279125
16482.626960
16888.064714
17065.719102
17248.103641
16879.020337
16866.790500
17181.244546
16667.589886
16618.081558
16609.875191
17019.266935
16804.131519
16756.538512
17055.884837
16887.731770
16880.374219
17145.201290
16777.875764
17030.653092
17196.475153
16728.269521
16612.017459
16869.163736
16865.367909
17051.741812
16730.246015
17034.953268
17255.288648
17011.792536
16476.156419
16923.395791
17076.685861
16752.390555
16914.468791
16831.965690
16746.211069
16823.362449
16959.737108
16867.944760
16880.730854
16894.709806
17131.686280
16982.958980
17133.587213
17089.126514
17125.651862
16897.279956
17204.327747
17052.372007
17024.295017
16875.529136
16760.186154
16922.273688
16905.573692
16952.409105
16877.015720
16922.398914
17343.519467
16843.291187
17232.694150
16816.539669
16713.340135
16851.578210
17147.426411
17003.165488
16798.433250
16725.182107
17018.346912
16736.175119
17086.531125
17189.214459
16427.664145
16942.947226
16916.085591
16765.060007
17085.869390
16533.517251
16923.390228
17079.940069
16990.349717
16816.105143
17162.861949
16541.821950
16690.742967
17003.420475
17069.439939
16822.622755
17227.819485
16965.366930
16925.326855
16988.710471
16701.692070
16727.915352
16939.823184
17081.670496
17217.352645
16965.187520
16942.788589
16829.301604
