7180.026492
7180.026492
7180.026492
7180.026492
7180.026492
7180.026492
7180.026492
7248.089515
7248.089515
7180.026492
7229.846135
7229.846135
7229.846135
7229.846135
7229.846135
7229.846135
7229.846135
7229.846135
7229.846135
7229.846135
7229.846135
7229.846135
7229.846135
7229.846135
7229.846135
7229.846135
7229.846135
7229.846135
7229.846135
7229.846135
7229.846135
7229.846135
7229.846135
7229.846135
7229.846135
7180.026492
7180.026492
7180.026492
7180.026492
7180.026492
7180.026492
7180.026492
7180.026492
7180.026492
7180.026492
7180.026492
7180.026492
7180.026492
7180.026492
7180.026492
7229.846135
7229.846135
7229.846135
7229.846135
7229.846135
7229.846135
7229.846135
7229.846135
7229.846135
7229.846135
7229.846135
7229.846135
7229.846135
7248.089515
7248.089515
7248.089515
7248.089515
7248.089515
7248.089515
7248.089515
7248.089515
7248.089515
7248.089515
7248.089515
7248.089515
7248.089515
7248.089515
7339.101048
7339.101048
7339.101048
7339.101048
7339.101048
7339.101048
7339.101048
7339.101048
7339.101048
7339.101048
7339.101048
7339.101048
7339.101048
7229.846135
7229.846135
7229.846135
7229.846135
7229.846135
7229.846135
7229.846135
7229.846135
7229.846135
7229.846135
