13798.830182
13663.095842
13501.907413
13886.619683
13872.451236
13823.926771
13583.416181
13774.539353
13877.375181
13740.203285
13740.203285
13763.859561
13621.340273
13861.902198
13717.010994
13825.862294
13899.540216
13749.376634
13778.864379
13774.623347
13602.121234
13602.121234
13744.352543
13767.000788
13665.355191
13689.848966
13808.162413
13670.610396
13677.965639
13638.335070
13596.722291
13905.924658
13760.285738
13528.506024
13956.320189
13771.930343
13929.444036
13700.576342
13936.492202
13751.212983
13866.135428
13639.083643
13755.679718
13555.627633
13681.882458
13511.130119
13920.205710
13674.353309
13770.594345
13838.322263
13899.821574
13914.841080
13849.477851
13781.997242
13948.211419
13760.086741
13927.896985
13599.493589
13906.395117
13686.108934
13689.848966
13156.089320
13711.468133
13651.021799
13545.724921
13618.955239
13605.994706
13812.479770
13678.115956
13813.540317
13747.481768
13747.481768
13829.480961
13619.554143
13575.567437
13575.567437
13867.353678
13707.808081
13780.086112
13578.671987
13927.727732
13682.015067
13758.494481
13758.494481
13845.471547
13905.119452
13879.870749
13851.916745
13836.297292
13833.866372
13750.135547
13802.177720
13960.121198
13977.834968
13849.730588
13831.928758
13614.644877
13765.555632
13920.584798
13797.343061
