16210.770139
16257.018900
15650.123821
15711.843522
16226.716001
15840.597707
15882.706252
16009.574029
15983.801909
15843.106948
15910.090872
15696.749649
16042.200060
15897.477818
16293.236051
16073.396075
15932.090996
16047.103286
16103.358727
16143.042513
15690.215327
15865.200664
15872.912559
15981.073226
16256.208696
16169.529814
15898.213184
15743.397828
16194.553316
15638.552630
15752.572619
15711.096424
16140.819617
16007.146225
16192.597913
15872.309387
15955.032231
16054.073413
16176.444027
15990.714897
16039.473220
15646.850302
15728.295403
15789.099141
16202.505466
16035.973352
15885.812622
15885.812622
16169.138920
15746.907381
16063.804787
16154.029753
16238.318925
16060.762549
16131.196440
15987.487130
15874.450349
16009.574029
16281.850250
15685.523669
16198.041316
15987.797802
15705.489595
15779.780168
16255.653803
16113.705197
15995.786195
15979.690318
15996.368177
15835.188492
16050.805562
16192.502646
16027.742229
16288.708674
15807.796616
15909.075364
15719.693017
15975.977595
16109.523053
15642.646603
15870.154070
15972.247003
15708.555876
15852.649942
15924.633356
15983.696456
15937.935232
15726.065716
15820.559012
15834.374364
16009.798568
15994.946461
16079.910896
15800.194697
16089.413876
15810.881904
16057.808668
16010.254535
15609.507169
15894.202401
