13290.474385
13109.421076
13175.512678
13227.094319
13237.030525
13262.124675
13088.022237
13008.621410
13083.962639
12897.588126
13062.758002
13221.368355
13089.344557
13199.864585
13343.539836
13014.310808
12959.694040
13280.794543
13278.673702
13024.082515
13110.738367
13071.662362
13155.506394
13130.024865
13110.329259
12999.843905
13214.618928
13270.316682
12897.588126
13109.996734
13076.051039
13181.292294
13186.216523
13145.340714
13332.824973
13227.094319
13302.441065
13173.564578
13085.885372
13145.340714
13223.941009
13145.274176
13061.785037
13227.094319
13250.486211
13063.182385
13097.018061
13023.747275
13275.532303
12897.588126
12835.314107
13180.825719
13198.105354
12797.695256
13258.809560
13175.346348
13419.098522
13283.455492
13523.898940
13184.976767
13327.212263
13165.710639
13108.194098
12907.711258
13004.183626
13183.771042
13256.511998
13479.878642
13379.628068
13302.207142
13322.801581
13211.085928
13024.082515
13326.099944
13366.858188
13370.604240
13300.586033
13089.344557
13359.192448
13198.530204
13310.346009
13254.599136
12990.516774
12907.711258
13061.785037
13413.702652
13317.252490
13074.162350
13237.330553
13125.016910
13359.854320
13306.134433
13447.046770
13085.379264
13325.531228
13130.307388
13024.082515
13291.741221
13191.855321
13275.930638
