10195.933301
10215.031325
10095.585178
10095.585178
10210.183372
10310.162510
10315.010463
10206.380491
10315.010463
10210.183372
10210.183372
10168.145708
10168.145708
10197.706949
10219.205966
10221.454056
10275.819478
10215.031325
10112.568646
10210.183372
10210.183372
10284.938780
10192.069916
10206.380491
10221.320135
10215.031325
10215.031325
10215.031325
10274.628483
10274.628483
10210.183372
10307.231503
10215.031325
10180.604355
10215.031325
10264.927612
10197.706949
10164.948475
10269.288816
10269.288816
10272.921287
10272.921287
10293.130343
10306.359628
10215.031325
10221.320135
10221.320135
10197.706949
10215.031325
10215.031325
10272.921287
10272.921287
10215.031325
10215.031325
10302.920169
10221.320135
10206.626761
10210.183372
10215.031325
10215.031325
10178.915193
10310.162510
10315.010463
10315.010463
10142.259059
10264.927612
10310.162510
10310.162510
10215.031325
10215.031325
10164.948475
10164.948475
10210.183372
10272.921287
10068.166571
10210.183372
10310.162510
10269.288816
10269.288816
10215.031325
10215.031325
10269.288816
10164.948475
10264.927612
10095.585178
10281.883754
10144.532522
10172.911642
10264.242362
10168.145708
10068.166571
10297.686086
10281.883754
10138.788533
10281.883754
10210.183372
10164.948475
10164.948475
10281.883754
10264.927612
