9419.852591
9419.852591
9419.852591
9419.852591
9419.852591
9419.852591
9419.852591
9419.852591
9614.122137
9419.852591
9419.852591
9419.852591
9419.852591
9419.852591
9419.852591
9419.852591
9419.852591
9419.852591
9419.852591
9419.852591
9419.852591
9419.852591
9419.852591
9419.852591
9419.852591
9419.852591
9419.852591
9419.852591
9419.852591
9419.852591
9419.852591
9419.852591
9419.852591
9419.852591
9419.852591
9419.852591
9419.852591
9419.852591
9419.852591
9419.852591
9419.852591
9419.852591
9419.852591
9419.852591
9493.266939
9493.266939
9419.852591
9419.852591
9419.852591
9419.852591
9493.266939
9419.852591
9419.852591
9419.852591
9419.852591
9419.852591
9419.852591
9419.852591
9419.852591
9419.852591
9419.852591
9419.852591
9419.852591
9419.852591
9419.852591
9419.852591
9419.852591
9419.852591
9419.852591
9419.852591
9419.852591
9419.852591
9419.852591
9419.852591
9419.852591
9493.266939
9493.266939
9493.266939
9614.122137
9614.122137
9419.852591
9419.852591
9419.852591
9419.852591
9419.852591
9419.852591
9419.852591
9419.852591
9419.852591
9419.852591
9419.852591
9419.852591
9493.266939
9825.808133
9419.852591
9419.852591
9419.852591
9419.852591
9419.852591
9419.852591
