10938.707218
10965.685562
10799.564481
10759.754493
10897.707752
10721.398585
10940.403300
11110.392447
10966.793310
10897.707752
10965.685562
10965.685562
10965.685562
10721.398585
10897.707752
10759.754493
10897.707752
10897.707752
10897.707752
11089.420515
10897.707752
11010.776069
10965.685562
10897.707752
10897.707752
10787.385816
10827.732303
11011.960277
10965.685562
11061.433073
10897.707752
11110.392447
10789.376396
10965.685562
10721.398585
10721.398585
10897.707752
10799.564481
10759.754493
10759.754493
10940.673730
11118.065614
10897.707752
11089.919381
10897.707752
11012.459142
10721.398585
10965.685562
10897.707752
10855.363627
10963.694983
10897.707752
11094.323147
10897.707752
11076.763300
11076.763300
10827.732303
10942.798258
10897.707752
11008.785489
11113.819493
10827.732303
10721.398585
10721.398585
10893.719534
10897.707752
10897.707752
10897.707752
10897.707752
10897.707752
10942.798258
10965.685562
10897.707752
10965.685562
10963.513643
10963.513643
10789.376396
10789.376396
11041.860878
11008.785489
10897.707752
10827.732303
10827.732303
10787.385816
10721.398585
10721.398585
10897.707752
10897.707752
10897.707752
10973.604369
10973.604369
10965.685562
10897.707752
10973.661918
10965.685562
10721.398585
10897.707752
10897.707752
11063.599750
10721.398585
