18149.295005
18709.570600
18337.562006
18531.960757
18287.430053
18511.965876
18462.648664
18298.827596
18746.117167
18684.028664
18615.001149
18668.484240
18613.429554
18683.152361
18572.510541
18772.467901
18616.084522
18383.660713
18714.937871
18605.751441
18052.300665
18442.893704
18239.182774
18423.406680
18694.865991
18783.568650
18357.891466
18740.239247
18542.229378
18647.011675
18890.362280
18386.963095
18529.019584
18248.418898
18634.813615
18401.315341
18539.005183
18647.494926
18499.906201
18096.938539
18196.683924
18568.435658
18664.442932
18230.029681
18594.690999
18658.744865
18501.761128
18524.063316
18279.143509
18443.084696
18454.041068
18417.809005
18485.451181
18409.034187
18497.304147
18504.101132
18506.248397
18515.376514
18595.305900
18525.634848
18692.399059
18514.860166
18345.435679
18257.796272
18819.302088
18703.577279
18730.074781
18391.068894
18578.189287
18463.902110
18418.290798
18401.094035
18142.712000
18409.940277
18533.450699
18204.526037
18416.613775
18566.896238
18455.314490
18849.066394
18445.237272
18369.219201
18382.564857
18419.893958
18459.067236
18444.306200
18866.913155
18674.957379
18524.016564
18684.505416
18317.974229
18677.823367
18281.228123
18700.579537
18500.768780
18311.670862
18687.139418
18510.432886
18352.058810
18658.444587
