15996.709195
15692.949957
15991.463911
15698.750815
16081.232685
16004.616870
15823.535434
15853.863892
15691.083517
15915.077734
15999.521464
15968.576790
16064.263329
16027.777129
15768.519314
15835.401526
15884.497869
15838.248895
16204.856060
16050.876029
16213.168670
15765.569639
15480.327604
15571.458630
15836.273241
15879.473152
16167.982630
15846.155317
16063.550567
16102.334819
16220.558153
16078.021583
15856.647303
15833.136411
16117.702484
15826.666794
15947.067077
15772.998805
16080.178131
16068.940671
15782.102053
15851.372088
15752.666657
15964.895498
15747.880806
15926.084948
16009.110409
16187.318410
16231.578301
16156.517120
15965.229477
15878.262122
15782.304111
15785.747488
15957.963201
15618.366688
16274.883474
15711.342010
15730.634144
15684.399430
16106.952493
15705.386253
15320.583335
16026.185981
15834.745413
15300.469059
15870.778801
15846.910671
15846.910671
15939.604209
15901.406711
15947.184355
16202.755680
15884.843150
15891.639031
16062.018063
16014.327306
15696.986022
15842.789626
15743.694279
15892.453104
15731.884695
16003.885008
16262.376188
16052.793082
16038.525974
16021.277086
15859.048882
15846.118698
15952.255220
15878.480743
16126.695186
15756.487214
16119.314351
15600.930326
15947.221135
15784.023024
15973.854294
16091.130202
15613.924017
