33.094963
33.080065
33.083242
33.076863
33.085265
33.086585
33.084594
33.123372
33.091269
33.111465
33.146536
33.109765
33.190792
33.168030
33.161346
33.173795
33.154137
33.138501
33.098935
33.103554
33.115899
33.090202
33.095403
33.093111
33.101893
33.107485
33.108428
33.110696
33.122512
33.081423
33.102355
33.138214
33.102914
33.110442
33.119126
33.124876
33.129485
33.118148
33.133609
33.138387
33.097911
33.110188
33.100658
33.112124
33.128151
33.112569
33.080808
33.094541
33.096873
33.115729
33.105893
33.095521
33.108773
33.116231
33.093959
33.085557
33.113128
33.106135
33.106793
33.104314
33.111300
33.108381
33.095450
33.103975
33.110631
33.117857
33.104921
33.094110
33.134544
33.123498
33.091894
33.127536
33.121574
33.119950
33.116598
33.110812
33.109825
33.177097
33.112997
33.112566
33.118576
33.125955
33.149116
33.154527
33.165503
33.124411
33.123574
33.139818
33.134170
33.127690
33.129725
33.126141
33.120909
33.116880
33.119648
33.108922
33.116277
33.109853
33.111263
33.119153
