19.576613
19.579588
19.587593
19.580918
19.580088
19.575207
19.590079
19.587597
19.570162
19.590963
19.682551
19.680287
19.701800
19.696410
19.652882
19.681565
19.694331
19.692234
19.682122
19.695112
19.686171
19.702252
19.691190
19.689682
19.665354
19.673876
19.695887
19.685630
19.686538
19.669010
19.689297
19.668241
19.670609
19.675979
19.683704
19.691738
19.691057
19.661325
19.658836
19.688347
19.644713
19.644072
19.664494
19.675182
19.675426
19.671943
19.674516
19.653870
19.672863
19.661659
19.664653
19.664404
19.667751
19.665286
19.667447
19.672283
19.685186
19.676298
19.681342
19.669958
19.672242
19.669537
19.667657
19.653485
19.653789
19.666658
19.676395
19.687462
19.686785
19.683361
19.676828
19.692001
19.678992
19.665708
19.690183
19.678179
19.685929
19.679910
19.668544
19.668847
19.651061
19.647084
19.659298
19.664199
19.661552
19.654569
19.660188
19.677860
19.659772
19.675379
19.654595
19.640973
19.651766
19.651921
19.633601
19.640591
19.656607
19.652522
19.657081
19.670193
