113.873731
113.888994
113.908059
113.920230
113.879088
113.884296
113.887007
113.863221
114.022582
113.992458
114.003662
113.840067
113.893437
113.921011
113.914515
113.922868
113.979304
114.046464
113.892717
113.868024
113.915550
113.873420
113.820634
113.818588
113.865548
113.906091
113.910090
113.879200
113.911298
113.944395
113.866749
113.992132
113.906366
113.948200
113.933116
113.945566
113.934597
113.872234
113.934260
113.887731
113.877445
113.844013
113.912773
113.911455
113.840259
113.887054
113.987349
113.916685
113.928015
113.964375
113.897096
114.037463
113.980564
113.944250
113.897963
114.009167
113.900630
113.988709
113.886355
114.272069
115.516144
115.228293
114.433999
115.103833
114.857546
114.954369
114.885398
114.973778
115.045355
114.977902
114.415633
113.838100
113.939383
114.010057
114.003014
113.975686
113.877685
113.928212
113.928651
113.953948
113.954144
113.967320
114.012384
113.940216
113.972290
113.941045
114.195081
114.018612
114.047795
113.954826
113.922091
113.886760
113.848978
113.887752
113.902433
113.952975
113.910101
113.948572
113.932830
113.979762
