10.656289
10.647003
10.651758
10.653518
10.678887
10.662209
10.651677
10.654498
10.662189
10.662734
10.692581
10.714548
10.707831
10.710298
10.727465
10.718420
10.711642
10.714807
10.731745
10.721687
10.707351
10.727322
10.717007
10.701913
10.713610
10.703808
10.716574
10.726776
10.722228
10.743053
10.722415
10.720782
10.691893
10.693227
10.717653
10.717969
10.704314
10.711637
10.712952
10.701896
10.697058
10.702224
10.698225
10.703062
10.699674
10.689144
10.695134
10.699219
10.710502
10.723503
10.720581
10.717055
10.717028
10.690755
10.728298
10.732184
10.727342
10.712307
10.707668
10.707297
10.712843
10.689813
10.705754
10.713621
10.701681
10.704124
10.698769
10.711690
10.725003
10.723932
10.693900
10.703185
10.702540
10.713973
10.696407
10.701898
10.706621
10.720750
10.705287
10.696614
10.699134
10.704278
10.694751
10.724350
10.710923
10.708425
10.703043
10.712518
10.717453
10.704176
10.701062
10.699179
10.705297
10.711052
10.694155
10.694114
10.691265
10.722529
10.743188
10.741526
