0.245067
0.244418
0.244888
0.244865
0.244630
0.244512
0.244271
0.244547
0.244718
0.244542
0.254859
0.253601
0.253224
0.253436
0.253611
0.252428
0.253809
0.252769
0.252938
0.252467
0.252743
0.252781
0.253214
0.252966
0.252993
0.252821
0.253169
0.253024
0.252946
0.252822
0.252417
0.252073
0.253077
0.253091
0.252834
0.252669
0.252627
0.252639
0.252736
0.252991
0.253542
0.253388
0.253055
0.252140
0.252107
0.252216
0.251709
0.252656
0.252814
0.252563
0.252144
0.252495
0.252669
0.253382
0.252966
0.253755
0.254051
0.253433
0.253130
0.253333
0.253214
0.253489
0.252677
0.252573
0.253103
0.253352
0.251338
0.252085
0.252138
0.252236
0.251897
0.252520
0.252745
0.252682
0.251918
0.252363
0.251350
0.250770
0.250324
0.251683
0.251912
0.251943
0.251050
0.253435
0.253218
0.253173
0.252797
0.252961
0.253266
0.253573
0.252537
0.253106
0.252832
0.253370
0.252725
0.253381
0.253193
0.253122
0.252194
0.251682
