78.878621
78.828610
78.877440
78.869376
78.885767
78.917518
78.852234
78.930154
78.902788
78.914771
78.889381
78.879943
78.821179
78.974568
78.877379
78.849715
78.835064
78.825196
78.873075
78.880312
78.848260
78.853570
78.864360
78.908581
78.905095
78.934515
78.909143
78.888132
78.924807
79.013637
78.927321
78.876678
78.894362
78.953086
78.946958
78.967277
78.910701
78.984754
78.925115
78.929670
78.953660
78.890808
78.947954
78.930791
78.959063
78.972975
78.975046
78.936798
78.947841
78.934576
78.955541
78.925833
78.857556
78.857527
78.925511
78.928377
78.913970
78.875518
78.957432
78.929771
78.954428
78.928741
78.923701
78.848773
78.916436
78.893325
78.990742
78.899084
78.955355
78.955417
78.930167
78.905738
78.953501
78.890478
78.939553
78.918290
78.939670
78.906103
78.891494
78.916747
78.953704
78.967247
78.924178
78.810444
78.948517
78.940287
78.958761
78.863219
78.885806
78.898220
78.927691
78.953250
78.959953
78.990428
78.912427
78.923435
79.057468
78.894447
78.905421
78.810933
