1.123900
1.124223
1.123394
1.122030
1.124738
1.123247
1.122519
1.121427
1.121788
1.122324
1.153186
1.155769
1.156017
1.154388
1.152021
1.149971
1.151290
1.149062
1.149554
1.152271
1.150016
1.151755
1.151083
1.152019
1.152155
1.155946
1.158535
1.155034
1.157622
1.154088
1.157688
1.153609
1.157091
1.156104
1.155883
1.155280
1.154611
1.155767
1.154614
1.156642
1.156432
1.155670
1.154659
1.155026
1.155097
1.153839
1.153881
1.155695
1.154754
1.155502
1.156074
1.157707
1.155362
1.153993
1.154248
1.152983
1.154405
1.153667
1.153767
1.154869
1.155815
1.155035
1.154572
1.155211
1.154743
1.153179
1.156668
1.155454
1.157030
1.156696
1.156413
1.156115
1.154149
1.154840
1.153573
1.152169
1.153118
1.153825
1.152490
1.152872
1.152593
1.151290
1.152836
1.150413
1.150416
1.150054
1.151283
1.147868
1.148132
1.147183
1.147403
1.146602
1.148168
1.150687
1.149674
1.152126
1.156221
1.154668
1.153480
1.154986
