3.237353
3.241515
3.240546
3.243857
3.237631
3.234280
3.248274
3.239063
3.241541
3.237162
3.297391
3.302679
3.305870
3.304561
3.294401
3.324116
3.298810
3.299116
3.294699
3.298808
3.298691
3.299955
3.305840
3.298181
3.302996
3.301582
3.298023
3.295502
3.298502
3.297443
3.304347
3.318396
3.296307
3.290898
3.293303
3.292733
3.289839
3.294473
3.303160
3.303366
3.302886
3.292841
3.295967
3.299139
3.302653
3.295983
3.298301
3.317548
3.305381
3.308257
3.297478
3.299538
3.300747
3.298900
3.303581
3.296260
3.301289
3.299888
3.305915
3.298194
3.296940
3.295251
3.290792
3.309963
3.298405
3.293417
3.291473
3.296264
3.292112
3.294260
3.304699
3.297474
3.293529
3.293915
3.294891
3.291468
3.302786
3.291587
3.296635
3.312482
3.301136
3.298223
3.294243
3.295504
3.295592
3.300320
3.307150
3.302113
3.298543
3.302222
3.302304
3.300493
3.297137
3.296060
3.306907
3.316701
3.300194
3.289792
3.294927
3.293843
