52.453355
52.407658
52.443360
52.434097
52.447508
52.464953
52.439739
52.393561
52.468207
52.450987
52.510044
52.559206
52.553594
52.530466
52.504023
52.558943
52.535653
52.474733
52.582509
52.540365
52.523203
52.534286
52.563910
52.552481
52.552602
52.532805
52.547889
52.483655
52.497923
52.467872
52.527591
52.527008
52.556107
52.518645
52.509458
52.510933
52.494678
52.446028
52.489916
52.495544
52.533030
52.497993
52.503973
52.446082
52.488891
52.525469
52.481659
52.505931
52.470457
52.534277
52.458495
52.508103
52.514823
52.544440
52.534976
52.564982
52.548532
52.536661
52.518709
52.523833
52.518167
52.501832
52.536727
52.495126
52.550268
52.536673
52.536493
52.563683
52.465382
52.482737
52.498334
52.477791
52.483945
52.494677
52.463343
52.472794
52.480301
52.522997
52.539049
52.556551
52.474982
52.469717
52.508633
52.441356
52.432013
52.504147
52.479856
52.476355
52.513672
52.494259
52.491245
52.493982
52.490548
52.458407
52.487666
52.451257
52.480136
52.479754
52.465546
52.550179
