0.080430
0.078760
0.078892
0.079045
0.078896
0.078994
0.079027
0.078745
0.078581
0.078675
0.081641
0.081463
0.080685
0.080695
0.080602
0.080683
0.080610
0.080656
0.080625
0.080765
0.080701
0.080828
0.080907
0.080510
0.080386
0.080397
0.080219
0.080100
0.080381
0.080574
0.080214
0.080249
0.080297
0.080103
0.080270
0.080100
0.080081
0.080331
0.080257
0.080230
0.080284
0.080185
0.080241
0.080371
0.080284
0.080379
0.080311
0.080240
0.080046
0.080468
0.080709
0.080611
0.080490
0.080527
0.080654
0.080644
0.080599
0.080555
0.080511
0.080904
0.080512
0.080560
0.080583
0.080617
0.080762
0.080670
0.080655
0.080638
0.080507
0.080545
0.080548
0.080651
0.080762
0.080320
0.080503
0.080587
0.080605
0.080596
0.080699
0.080561
0.080388
0.080385
0.080445
0.080651
0.080674
0.080144
0.080158
0.080215
0.080327
0.080268
0.080116
0.080138
0.080105
0.080086
0.080218
0.080046
0.080113
0.080012
0.080173
0.080455
