14.660810
14.631832
14.645065
14.658437
14.652149
14.638576
14.660502
14.652385
14.658675
14.646993
14.739636
14.760149
14.776844
14.758060
14.738436
14.743790
14.751926
14.768672
14.757095
14.752777
14.759695
14.745355
14.758026
14.728041
14.743879
14.757612
14.769794
14.787655
14.773065
14.754988
14.756725
14.742512
14.764043
14.757327
14.754461
14.743217
14.727360
14.742641
14.743194
14.735211
14.731005
14.742524
14.745989
14.750656
14.746325
14.777123
14.796818
14.791933
14.806481
14.802107
14.790307
14.788140
14.777218
14.737860
14.747695
14.739913
14.746493
14.745614
14.749387
14.749871
14.744396
14.747720
14.741594
14.766398
14.747586
14.740348
14.754692
14.753481
14.757366
14.739861
14.740145
14.741287
14.748392
14.744169
14.746979
14.747462
14.748929
14.757045
14.753622
14.754441
14.755979
14.750441
14.749535
14.740321
14.757866
14.739129
14.747582
14.741008
14.767788
14.758309
14.748225
14.758240
14.772422
14.751714
14.732488
14.736677
14.741034
14.761125
14.752250
14.741009
