41.582083
41.581231
41.486568
41.526828
41.486202
41.558496
41.544427
41.534997
41.547070
41.507239
41.605885
41.653270
41.638234
41.621590
41.667530
41.691586
41.709666
41.689770
41.661635
41.667926
41.644957
41.625011
41.613944
41.630663
41.609193
41.640941
41.605357
41.641747
41.648199
41.632525
41.669330
41.664129
41.675304
41.636354
41.663311
41.652162
41.618568
41.580416
41.621012
41.632952
41.630194
41.657126
41.567347
41.662218
41.696830
41.690877
41.663769
41.670733
41.680762
41.664936
41.632330
41.656522
41.634678
41.645020
41.650761
41.662306
41.604352
41.629806
41.664399
41.686800
41.651318
41.633681
41.606436
41.652884
41.628042
41.633928
41.628042
41.634192
41.620224
41.652508
41.674208
41.640700
41.648928
41.610617
41.638586
41.605695
41.589615
41.649190
41.632807
41.622282
41.597321
41.606703
41.631509
41.597202
41.639662
41.637992
41.628086
41.601862
41.584513
41.616806
41.649223
41.667478
41.664247
41.650506
41.636512
41.631778
41.675755
41.699795
41.713811
41.679755
