25.783616
25.732953
25.755553
25.724554
25.748423
25.760933
25.745047
25.719899
25.751332
25.646952
25.649985
25.573318
25.754708
25.797012
25.744057
25.748428
25.800678
25.818619
25.791175
25.808833
25.801186
25.806514
25.802733
25.723318
25.727969
25.675969
25.755544
25.461682
25.399406
25.364927
25.417522
25.343137
25.471121
25.398493
25.545461
25.645335
25.622965
25.659124
25.744110
25.803065
25.783628
25.764929
25.771031
25.737000
25.670991
25.738988
25.656615
25.672219
25.609641
25.700964
25.576484
25.427777
25.482745
25.465449
25.627735
25.654123
25.622584
25.327511
25.688986
25.696484
25.407791
25.278752
25.394343
25.696768
25.564948
25.726783
25.694306
25.670527
25.768052
25.765708
25.784399
25.786229
25.797211
25.765479
25.788432
25.760458
25.806391
25.777296
25.763295
25.800621
25.799432
25.799237
25.794394
25.815920
25.787456
25.797504
25.807370
25.807254
25.793775
25.812080
25.810100
25.837339
25.805312
25.799014
25.849522
25.803124
25.801884
25.817862
25.777097
25.781400
