2.028973
2.025091
2.028172
2.024794
2.027247
2.026715
2.028254
2.024253
2.029600
2.025841
2.078199
2.087295
2.087038
2.089992
2.092206
2.094329
2.092198
2.088327
2.088605
2.102945
2.088886
2.091124
2.088164
2.099478
2.090050
2.087878
2.087024
2.083660
2.085656
2.085119
2.084925
2.084180
2.083712
2.085598
2.084223
2.085112
2.084721
2.084982
2.082196
2.085831
2.085423
2.086653
2.088051
2.087003
2.090497
2.090846
2.090751
2.090262
2.104380
2.091272
2.089581
2.086406
2.087935
2.089614
2.090734
2.090667
2.092298
2.090347
2.088865
2.092623
2.091327
2.088486
2.090672
2.090622
2.091981
2.087155
2.086032
2.085576
2.085772
2.083939
2.086207
2.084818
2.087580
2.094579
2.097045
2.094435
2.095561
2.094055
2.089950
2.089073
2.086495
2.089996
2.089758
2.090756
2.094028
2.088919
2.086195
2.086013
2.083415
2.081908
2.084611
2.082787
2.082321
2.086208
2.083668
2.083562
2.081553
2.084807
2.092776
2.096427
