7.472399
7.466997
7.463554
7.463934
7.476784
7.472029
7.469250
7.474547
7.484482
7.481997
7.514974
7.513718
7.514335
7.512331
7.509737
7.521053
7.518923
7.516727
7.516408
7.514890
7.508971
7.504345
7.519703
7.508832
7.506873
7.509321
7.512826
7.510647
7.508983
7.526955
7.507965
7.513563
7.518349
7.516884
7.508343
7.510455
7.517739
7.510521
7.508061
7.518809
7.514537
7.508569
7.498724
7.520773
7.511226
7.507906
7.510883
7.511010
7.508772
7.508955
7.528658
7.517076
7.516226
7.511152
7.512503
7.531786
7.531346
7.540574
7.544224
7.530962
7.527557
7.536973
7.531090
7.525292
7.529289
7.520119
7.527848
7.521887
7.522618
7.521954
7.516604
7.522503
7.525158
7.522839
7.534810
7.524997
7.520475
7.519847
7.528331
7.518540
7.523687
7.512210
7.510661
7.508226
7.520483
7.518121
7.511703
7.518678
7.515565
7.519856
7.521423
7.522552
7.523958
7.509499
7.518433
7.513559
7.515702
7.517357
7.514505
7.523751
