64.640694
64.625221
64.562734
64.548654
64.541061
64.507168
64.565433
64.615839
64.631281
64.592207
64.598257
64.521099
64.568625
64.560540
64.651750
64.640743
64.617066
64.626804
64.702967
64.704512
64.699732
64.624567
64.597614
64.567953
64.582216
64.557936
64.639214
64.699454
64.626947
64.621581
64.663312
64.686724
64.650162
64.632731
64.716606
64.656426
64.635949
64.656377
64.597164
64.640734
64.648965
64.658523
64.674015
64.623029
64.553463
64.664325
64.629323
64.658465
64.649607
64.672965
64.622248
64.672759
64.686859
64.650946
64.685475
64.627164
64.660927
64.639975
64.674619
64.615764
64.692409
64.672194
64.651887
64.653074
64.643411
64.652559
64.672653
64.572647
64.680831
64.637143
64.611329
64.580634
64.617051
64.600748
64.608550
64.594742
64.635321
64.682327
64.591491
64.616715
64.592805
64.645542
64.616196
64.624713
64.628405
64.614212
64.690245
64.601809
64.587516
64.659669
64.582501
64.589769
64.605397
64.614083
64.590199
64.653936
64.632142
64.586218
64.542725
64.518635
