95.109708
95.153978
95.258240
95.170313
95.134944
95.144296
95.245779
95.186047
95.112477
95.098058
95.286099
95.299674
95.320284
95.455476
95.309171
95.285445
95.279071
95.290893
95.326668
95.368080
95.372204
95.305068
95.296016
95.338948
95.313743
95.282149
95.308277
95.270659
95.343762
95.346632
95.295222
95.324610
95.310661
95.234027
95.321841
95.340516
95.324199
95.356442
95.283670
95.313416
95.265262
95.203056
95.208565
95.232451
95.230295
95.212827
95.172512
95.213184
95.213812
95.238844
95.213971
95.220949
95.259026
95.270359
95.251384
95.265409
95.309330
95.270018
95.258898
95.267296
95.266430
95.228966
95.267797
95.250567
95.255402
95.215033
95.201655
95.239263
95.258607
95.189528
95.210054
95.225228
95.361035
95.333029
95.256619
95.278804
95.285106
95.324448
95.365993
95.295687
95.290437
95.339284
95.338505
95.278589
95.314093
95.322757
95.293424
95.296253
95.352786
95.312505
95.280332
95.308022
95.316561
95.308592
95.298030
95.304502
95.276502
95.307730
95.304000
95.342248
