0.585679
0.582908
0.582994
0.582208
0.582319
0.581934
0.582866
0.581699
0.582050
0.581112
0.604064
0.602938
0.601556
0.602855
0.602324
0.602398
0.602159
0.600730
0.602273
0.602192
0.604095
0.602211
0.601397
0.601926
0.601825
0.601677
0.601591
0.601605
0.601705
0.601160
0.602128
0.601778
0.601276
0.601336
0.600582
0.600950
0.601267
0.600963
0.601533
0.600078
0.601674
0.600844
0.599867
0.602888
0.601415
0.600201
0.600470
0.599715
0.602010
0.601295
0.601985
0.602396
0.601816
0.602430
0.602369
0.602414
0.602968
0.602770
0.603281
0.601899
0.601719
0.602460
0.601844
0.601849
0.601170
0.601684
0.602508
0.602517
0.602997
0.601616
0.601305
0.601301
0.601068
0.601573
0.601175
0.601249
0.601688
0.600556
0.600638
0.600962
0.601355
0.601917
0.600982
0.601459
0.601106
0.602214
0.602598
0.602047
0.602723
0.601782
0.601105
0.601395
0.601125
0.602249
0.602119
0.601162
0.601410
0.600252
0.602760
0.601440
