5.063594
5.065405
5.055429
5.050749
5.043603
5.051343
5.054241
5.061317
5.067745
5.051505
5.099447
5.106757
5.108934
5.100549
5.101128
5.102233
5.098578
5.130219
5.118299
5.106645
5.120734
5.105437
5.118592
5.112663
5.119469
5.116449
5.103196
5.106267
5.120875
5.099866
5.095188
5.107496
5.109870
5.105498
5.104269
5.105698
5.115711
5.112908
5.122077
5.116384
5.113732
5.113082
5.110939
5.110490
5.107556
5.106924
5.106495
5.095401
5.114390
5.100509
5.103948
5.105698
5.106356
5.113324
5.120481
5.131252
5.122889
5.125201
5.120496
5.134857
5.121330
5.124782
5.119566
5.123916
5.107855
5.110342
5.112175
5.114906
5.112119
5.127742
5.108184
5.108911
5.096711
5.109688
5.097033
5.093679
5.101953
5.095414
5.110365
5.119711
5.107931
5.100628
5.093904
5.102953
5.110240
5.097859
5.105282
5.106123
5.106255
5.096014
5.123085
5.111409
5.105249
5.100536
5.125248
5.127402
5.117902
5.119227
5.121957
5.113525
