0.666871
0.663641
0.664692
0.664126
0.663923
0.663611
0.663991
0.664071
0.664517
0.664178
0.682141
0.693808
0.695162
0.696187
0.695296
0.693990
0.692938
0.693165
0.692973
0.694803
0.694610
0.694863
0.696553
0.696821
0.697156
0.696716
0.698097
0.696795
0.698869
0.699656
0.700479
0.698579
0.698830
0.699150
0.698505
0.697725
0.699246
0.697707
0.698143
0.699561
0.694637
0.695422
0.696339
0.697540
0.694513
0.693392
0.692336
0.693676
0.694256
0.692834
0.693500
0.694175
0.693546
0.693081
0.692801
0.692301
0.689301
0.690588
0.690528
0.689803
0.689226
0.689780
0.688352
0.691867
0.694365
0.693513
0.695133
0.694423
0.691495
0.693415
0.693156
0.690751
0.692817
0.696351
0.692485
0.692706
0.692693
0.692906
0.695031
0.692365
0.692717
0.694147
0.693653
0.694036
0.693842
0.695264
0.694863
0.694848
0.694969
0.694967
0.693834
0.694159
0.693119
0.693263
0.693575
0.692696
0.693257
0.694694
0.694601
0.693333
