2.297477
2.287060
2.287369
2.282829
2.283675
2.285680
2.243335
2.220203
2.219112
2.223497
2.263618
2.285625
2.289618
2.285602
2.292687
2.305611
2.288621
2.296452
2.294557
2.297192
2.296902
2.291474
2.293213
2.317125
2.319463
2.289762
2.288438
2.286153
2.288396
2.298068
2.303318
2.299784
2.299620
2.318309
2.296033
2.293901
2.294343
2.290034
2.294125
2.298574
2.292912
2.296754
2.315498
2.299325
2.294257
2.295227
2.293246
2.294220
2.296738
2.298478
2.289113
2.304698
2.282850
2.292619
2.295488
2.290591
2.293990
2.291587
2.290899
2.294621
2.312714
2.294733
2.298407
2.292717
2.298432
2.294861
2.297732
2.297488
2.295886
2.310963
2.292061
2.289656
2.306359
2.298688
2.288357
2.287116
2.286846
2.290634
2.310520
2.291248
2.294054
2.289824
2.291046
2.292756
2.292080
2.296118
2.294686
2.309290
2.290029
2.292403
2.291581
2.295103
2.296682
2.293953
2.297222
2.302785
2.314043
2.304797
2.290422
2.286152
