126.429878
126.948090
126.953059
126.945221
126.944363
126.946936
126.946139
126.988533
126.967094
126.967521
127.189309
127.023925
127.024777
127.029496
127.027911
127.019386
127.014906
127.033441
127.010468
127.038760
127.033208
127.027751
127.012866
127.010313
127.028300
127.033601
127.037023
127.050421
127.039973
127.019664
127.042179
127.042352
127.011585
127.019714
127.018678
126.986535
127.041046
127.027316
127.009179
127.022746
127.008466
127.015365
127.029883
127.020707
127.024753
127.028932
127.021537
127.024535
127.013952
127.021421
127.019301
127.020711
127.025894
127.025023
127.018273
127.010167
127.012260
127.034034
127.032679
127.016769
127.031704
127.023110
127.026255
127.034226
127.001400
127.052075
127.032795
127.032257
127.017395
126.993386
127.039689
127.011616
127.023658
127.007777
127.011896
127.024541
127.017245
127.028166
127.008037
127.015019
127.027480
127.018562
127.010413
127.047928
127.015335
127.032001
127.044934
127.028480
127.016272
127.005532
127.015955
127.012491
127.023634
127.025490
127.032874
127.041305
127.051316
127.027267
127.032470
127.048310
