0.100893
0.097841
0.098016
0.098344
0.098074
0.097928
0.097788
0.097971
0.097854
0.098054
0.100161
0.100585
0.100577
0.100673
0.100876
0.100907
0.100976
0.100645
0.100744
0.100925
0.100710
0.100740
0.101317
0.100390
0.100828
0.101271
0.101180
0.101128
0.101193
0.101231
0.101196
0.101176
0.101225
0.101298
0.101310
0.101243
0.101132
0.101178
0.101079
0.100980
0.101011
0.101055
0.101727
0.101150
0.101040
0.101240
0.101139
0.101222
0.101229
0.100836
0.100905
0.101217
0.101036
0.100872
0.100846
0.100943
0.100884
0.101010
0.100970
0.100934
0.100949
0.101004
0.101006
0.100870
0.100720
0.100419
0.100549
0.100472
0.100383
0.100611
0.100449
0.100583
0.100652
0.100516
0.100857
0.100753
0.100764
0.100758
0.100827
0.100826
0.100922
0.100877
0.101123
0.100769
0.101145
0.100470
0.100476
0.100565
0.100566
0.100625
0.100398
0.100587
0.100839
0.100964
0.101001
0.101081
0.101065
0.101126
0.100956
0.100822
