82.876542
82.707983
82.690086
82.697961
82.701487
82.697985
82.693551
82.719900
82.696279
82.697696
82.862058
82.737568
82.722184
82.717905
82.718418
82.726215
82.729067
82.730929
82.715585
82.738800
82.713065
82.732711
82.749270
82.713645
82.721391
82.738030
82.724838
82.719241
82.741161
82.724722
82.739231
82.741390
82.720378
82.736303
82.730900
82.726599
82.729663
82.725003
82.731572
82.734682
82.752220
82.746014
82.734694
82.745190
82.733839
82.732383
82.740114
82.731223
82.734095
82.740022
82.740545
82.727261
82.738035
82.730261
82.765842
82.750403
82.733510
82.748357
82.749917
82.740779
82.739514
82.743756
82.730824
82.727082
82.748041
82.733663
82.732624
82.739503
82.727493
82.738625
82.748285
82.746994
82.737776
82.754332
82.746750
82.732144
82.753748
82.733872
82.728693
82.749878
82.742264
82.753941
82.751169
82.739389
82.740203
82.752009
82.753949
82.740148
82.755905
82.739458
82.744399
82.758894
82.753237
82.742615
82.730654
82.730433
82.724121
82.757087
82.722743
82.738457
