5.511893
5.505836
5.513897
5.504301
5.511647
5.519070
5.514842
5.509570
5.523450
5.511176
5.566389
5.595862
5.607986
5.593994
5.590248
5.605693
5.601133
5.604803
5.603951
5.608679
5.607940
5.603435
5.597569
5.614910
5.597833
5.604430
5.632685
5.604986
5.598398
5.605770
5.622153
5.614464
5.607470
5.609072
5.616296
5.609794
5.610633
5.611021
5.614273
5.593160
5.593250
5.604157
5.590628
5.600360
5.608233
5.619345
5.631311
5.611707
5.610443
5.603043
5.603913
5.600371
5.609780
5.604593
5.600467
5.614393
5.618603
5.598972
5.593704
5.595305
5.617812
5.600450
5.590513
5.619136
5.593307
5.601180
5.609423
5.629012
5.609317
5.601915
5.610985
5.608197
5.598277
5.593851
5.611792
5.606973
5.595886
5.598150
5.608995
5.594281
5.591282
5.601861
5.611466
5.599690
5.603669
5.604046
5.588479
5.620247
5.590431
5.605055
5.583379
5.581876
5.581062
5.600806
5.589208
5.593089
5.591332
5.601735
5.597183
5.593506
