34.951066
35.012402
34.948027
34.973552
34.974310
35.009529
35.266874
35.016266
34.742556
34.712705
34.867396
34.837289
34.678239
34.675315
34.728424
34.607843
34.708859
34.665469
34.771665
34.669864
34.750225
34.765925
34.722198
34.657779
34.739637
34.660511
34.680987
34.733116
34.753135
34.707400
34.718722
34.723319
34.744136
34.760625
34.768735
34.751717
34.764333
34.748731
34.762498
34.693226
34.660522
34.702200
34.766174
34.714040
34.786036
34.731318
34.700644
34.707783
34.747984
34.773714
34.696905
34.691016
34.760450
34.697799
34.693102
34.717254
34.724441
34.726203
34.762334
34.756644
34.734464
34.740629
34.751617
34.775637
34.747374
34.702326
34.719182
34.742920
34.738910
34.736455
34.793936
34.746106
34.750667
34.726854
34.697556
34.706350
34.747826
34.795922
34.772681
34.753914
34.801181
34.699335
34.713139
34.687846
34.744137
34.727999
34.734235
34.779505
34.760177
34.702128
34.703948
34.726725
34.797731
34.785856
34.661662
34.695551
34.798804
34.747085
34.660604
34.657094
