154.772428
154.833285
154.853326
154.903573
154.895402
154.876031
154.876504
154.876263
154.894193
154.882577
155.180258
154.963376
154.964569
154.935263
154.936673
154.938467
154.953842
154.962653
154.963302
154.956017
154.957614
154.949324
154.930948
154.935459
154.920718
154.956115
154.964912
154.934327
154.965245
154.919840
154.938270
154.927672
154.956825
154.966705
154.987965
154.988808
154.973037
154.949952
154.962947
154.930290
154.955740
154.946166
154.946516
154.959773
154.982211
154.979102
154.968892
154.958889
154.955139
154.952389
154.975452
154.975565
154.983701
154.974869
154.987417
154.965267
154.962193
154.962299
154.912548
154.959466
154.978394
154.966056
154.986348
154.977225
154.962066
154.953105
154.951886
154.937529
154.948677
154.989528
155.016256
154.987905
154.953139
154.943670
154.942410
154.953927
154.974875
154.948162
154.986315
154.972639
154.966107
154.928699
154.932157
154.947171
154.947431
154.957380
154.962206
154.967317
154.972683
154.951965
154.925185
154.942669
154.964972
154.961909
154.975070
154.972066
154.939469
154.938631
154.923069
154.943039
