3.566527
3.561632
3.563045
3.580953
3.569921
3.573075
3.584959
3.576810
3.578267
3.574581
3.603774
3.615760
3.612893
3.618874
3.637925
3.610736
3.613349
3.617231
3.617857
3.614956
3.623380
3.604864
3.601192
3.605865
3.609919
3.614216
3.612288
3.611120
3.612174
3.599268
3.599027
3.604847
3.611027
3.604418
3.604279
3.599670
3.598610
3.615862
3.604295
3.604185
3.598899
3.597869
3.599663
3.609516
3.595581
3.618625
3.597971
3.594822
3.598528
3.608815
3.592239
3.589950
3.599849
3.587100
3.594660
3.602629
3.592609
3.589530
3.592246
3.591873
3.605068
3.606431
3.606944
3.603818
3.600912
3.600558
3.611022
3.591118
3.596631
3.598546
3.601878
3.598100
3.613118
3.588892
3.585373
3.591044
3.588902
3.618523
3.604751
3.593291
3.599127
3.597816
3.598773
3.595255
3.607000
3.599567
3.594149
3.598562
3.590566
3.605903
3.592834
3.594927
3.598736
3.594844
3.593811
3.611061
3.596848
3.594421
3.594596
3.595481
