11.401628
11.407397
11.371227
11.386162
11.379759
11.387863
11.416660
11.392591
11.405657
11.401539
11.519123
11.561422
11.570108
11.592789
11.575846
11.588090
11.582000
11.574896
11.593916
11.585288
11.561217
11.592152
11.555337
11.585952
11.562209
11.548199
11.583389
11.562280
11.583126
11.579573
11.607427
11.618147
11.587581
11.561266
11.558305
11.589047
11.572902
11.607652
11.575940
11.588579
11.583871
11.582163
11.564695
11.566276
11.561449
11.545955
11.569389
11.569455
11.595563
11.573708
11.573107
11.594207
11.576199
11.593982
11.577196
11.554637
11.548170
11.549353
11.549895
11.554146
11.575278
11.575482
11.574054
11.573298
11.580781
11.565248
11.570213
11.566831
11.534831
11.555416
11.556652
11.568466
11.562870
11.567887
11.579892
11.581169
11.566146
11.563949
11.585650
11.562769
11.602225
11.559355
11.578550
11.570520
11.572742
11.564102
11.544699
11.574627
11.561221
11.580818
11.584467
11.571376
11.562842
11.555057
11.577174
11.582167
11.591785
11.572619
11.566294
11.577145
