101.970208
101.938580
101.917017
101.890252
101.892410
101.879698
101.889581
101.858216
101.858233
101.896266
102.107762
101.937772
101.934034
101.925926
101.953488
101.937564
101.931921
101.942628
101.932939
101.913992
101.934140
101.931923
101.931172
101.935857
101.927849
101.938434
101.933389
101.919285
101.945116
101.946143
101.930387
101.946868
101.923644
101.920095
101.930682
101.941319
101.915749
101.948995
101.939925
101.947417
101.928836
101.922191
101.926827
101.946952
101.934803
101.931519
101.933821
101.910212
101.936542
101.922834
101.930555
101.947025
101.928724
101.943082
101.933402
101.938939
101.940901
101.938640
101.943884
101.916132
101.940264
101.945451
101.959415
101.934848
101.936709
101.933868
101.930063
101.951578
101.943281
101.929237
101.925428
101.933947
101.915763
101.956735
101.927429
101.926510
101.925332
101.923007
101.925105
101.912623
101.904426
101.923082
101.930360
101.923111
101.939825
101.904442
101.911364
101.921685
101.922976
101.931027
101.932138
101.946794
101.932326
101.945284
101.944730
101.936206
101.953764
101.943242
101.945841
101.952300
