8.065716
8.076792
8.064157
8.064513
8.059256
8.089321
8.069539
8.074836
8.082902
8.072995
8.171048
8.216304
8.213396
8.225248
8.201940
8.210025
8.206672
8.200680
8.190588
8.206395
8.203540
8.191790
8.187897
8.202015
8.193564
8.190165
8.199602
8.184314
8.201412
8.185543
8.190454
8.192378
8.180228
8.202098
8.186218
8.176001
8.190580
8.179440
8.185922
8.189102
8.195562
8.189693
8.181002
8.197815
8.188737
8.183519
8.202913
8.201317
8.189449
8.184090
8.185853
8.197788
8.194411
8.189497
8.173774
8.175481
8.182970
8.173098
8.173759
8.172310
8.183087
8.192540
8.191582
8.208833
8.200687
8.203534
8.203769
8.194789
8.208660
8.201876
8.181438
8.200431
8.188481
8.189014
8.188159
8.177633
8.186285
8.190143
8.195986
8.197052
8.191898
8.202787
8.196653
8.202384
8.206371
8.194045
8.215203
8.218119
8.219745
8.216893
8.205278
8.202531
8.189878
8.187003
8.202257
8.191855
8.205266
8.194641
8.194159
8.199789
