20.807853
20.754908
20.753694
20.745771
20.691248
20.726922
20.705469
20.715364
20.748025
20.758495
20.861801
20.950559
20.875548
20.820289
20.868001
20.849925
20.895893
20.884810
20.894704
20.849829
20.871337
20.879486
20.866219
20.884493
20.904957
20.886904
20.835304
20.909053
20.909584
20.884310
20.899896
20.900476
20.906110
20.909019
20.847000
20.847844
20.861622
20.890600
20.898321
20.888863
20.886906
20.854024
20.837762
20.932790
20.903768
21.102636
21.065105
20.946050
20.978859
20.984956
20.921610
20.937421
20.937047
20.885981
20.883329
20.940638
20.956262
20.969468
20.927412
20.901151
20.955946
20.997267
20.981608
20.885607
21.021145
20.945109
20.943074
20.958576
20.896452
20.975339
20.925093
20.922980
20.883049
20.928221
20.893733
20.883997
20.927476
20.940997
20.952177
20.990822
20.931221
20.982711
21.010091
20.953507
20.988212
21.078040
20.958090
20.957716
20.916698
21.060838
20.993897
21.019456
20.909197
20.928605
20.916036
20.958581
20.903264
20.914683
20.927515
20.987638
