185.996658
186.271399
186.241963
186.229823
186.206870
186.305825
186.295798
186.292575
186.297158
186.294399
186.528274
186.414311
186.430171
186.358719
186.377895
186.360300
186.390708
186.385075
186.371205
186.363221
186.344138
186.400749
186.380857
186.385917
186.371265
186.373589
186.381582
186.339803
186.373466
186.367827
186.380413
186.375490
186.349891
186.364209
186.371922
186.385385
186.357398
186.379467
186.380424
186.376551
186.374223
186.389896
186.379711
186.379703
186.372620
186.389622
186.358232
186.368679
186.384962
186.411092
186.371358
186.394512
186.383716
186.364184
186.389065
186.388154
186.378429
186.389504
186.387608
186.387548
186.383972
186.371807
186.354192
186.374654
186.383278
186.363097
186.391799
186.386837
186.387092
186.389383
186.369488
186.367754
186.381531
186.385354
186.395779
186.353280
186.365774
186.378696
186.388683
186.377971
186.399881
186.383519
186.376228
186.394436
186.396659
186.378507
186.405363
186.371495
186.353984
186.371692
186.378273
186.383174
186.391619
186.376962
186.393144
186.375991
186.353369
186.382504
186.374819
186.361301
