224.253483
224.604181
224.633847
224.629100
224.616058
224.627274
224.636401
224.599023
224.608280
224.604335
224.820770
224.661009
224.657365
224.636674
224.671245
224.653833
224.643029
224.644926
224.653882
224.656223
224.677277
224.717715
224.724932
224.708467
224.687241
224.676837
224.718589
224.691128
224.658492
224.667274
224.713966
224.683639
224.717453
224.709731
224.693891
224.703334
224.700779
224.719035
224.727767
224.741720
224.747333
224.708478
224.694736
224.740317
224.711405
224.724899
224.740878
224.698139
224.710859
224.725143
224.677411
224.674811
224.649739
224.636564
224.648270
224.693257
224.684913
224.709276
224.733735
224.721885
224.717693
224.739398
224.696065
224.727373
224.704413
224.687627
224.728763
224.724287
224.749518
224.753966
224.710394
224.705256
224.733715
224.750887
224.758865
224.729885
224.720963
224.717368
224.712387
224.723773
224.716870
224.714094
224.718686
224.648666
224.683478
224.680944
224.650480
224.657427
224.674222
224.661108
224.642047
224.642699
224.665227
224.644647
224.667249
224.703995
224.680394
224.679497
224.665622
224.661904
