15.669748
15.677126
15.674391
15.674406
15.652734
15.666604
15.667465
15.688441
15.682966
15.674596
15.807564
15.887116
15.858218
15.885303
15.902249
15.861324
15.854345
15.827285
15.828955
15.823985
15.818352
15.824345
15.855183
15.850898
15.840622
15.825786
15.851183
15.841429
15.856030
15.859339
15.864288
15.833282
15.838110
15.828374
15.829967
15.839060
15.835194
15.836161
15.826519
15.810470
15.820600
15.832514
15.800843
15.814585
15.804112
15.831223
15.839016
15.843828
15.843975
15.818877
15.815975
15.810421
15.841049
15.830166
15.821186
15.839388
15.859967
15.848441
15.859080
15.832419
15.827511
15.878325
15.847600
15.857961
15.857147
15.836666
15.853734
15.809268
15.860031
15.850198
15.852076
15.836015
15.862077
15.837608
15.828752
15.859048
15.829080
15.814636
15.825232
15.844253
15.821678
15.815512
15.831149
15.830699
15.801503
15.804542
15.832615
15.820936
15.814976
15.825919
15.827131
15.825197
15.828484
15.838359
15.835729
15.842985
15.847039
15.822390
15.851458
15.852645
