1.272092
1.276423
1.267053
1.266729
1.268155
1.266567
1.266172
1.267814
1.268298
1.268941
1.307913
1.325320
1.324554
1.327434
1.328468
1.326310
1.328674
1.337243
1.327753
1.328721
1.327156
1.328188
1.325665
1.324984
1.325165
1.324557
1.330880
1.328700
1.323324
1.324860
1.324647
1.328939
1.330452
1.330038
1.323370
1.326184
1.323387
1.324446
1.322434
1.322439
1.322665
1.320952
1.322840
1.324180
1.321215
1.323573
1.322535
1.324442
1.341243
1.329051
1.326606
1.328298
1.323679
1.326232
1.337280
1.329156
1.326770
1.326068
1.330779
1.328827
1.330193
1.327418
1.327861
1.328195
1.335633
1.324380
1.326594
1.327835
1.330063
1.330852
1.324581
1.328410
1.326909
1.326065
1.326830
1.328928
1.325392
1.325790
1.326000
1.335493
1.332057
1.325181
1.327044
1.326065
1.325405
1.326484
1.323799
1.330292
1.330672
1.331660
1.334027
1.328563
1.326749
1.329954
1.331033
1.338069
1.327114
1.326711
1.326051
1.325883
