27.160953
27.024644
26.966435
26.992068
27.041012
27.067259
27.188565
27.106091
27.081255
26.975708
27.049897
27.184110
27.146033
27.131787
27.164822
27.161273
27.253625
27.250510
27.184637
27.150671
27.134696
27.343029
27.244562
27.235571
27.219669
27.187780
27.168145
27.195633
27.282217
27.228924
27.181070
27.395509
27.360148
27.343804
27.412274
27.407103
27.230606
27.187676
27.204977
27.176893
27.214880
27.197981
27.157927
27.153615
27.152711
27.108103
27.205562
27.207855
27.188399
27.177073
27.200225
27.274584
27.495664
27.415374
27.440535
27.429258
27.446520
27.478268
27.404758
27.282099
27.180808
27.218880
27.174960
27.244899
27.209491
27.211948
27.206783
27.287466
28.557093
29.378630
29.341327
29.503413
27.514247
27.343988
27.272359
28.035316
35.366155
29.950022
30.657867
27.813282
27.421375
27.299049
27.207873
27.214731
27.227353
27.190024
27.261927
27.772755
27.287661
27.272253
27.215786
27.133629
27.175501
27.198252
27.583207
27.332899
27.911944
29.791274
29.000263
28.513733
