0.293515
0.291843
0.291449
0.291991
0.292232
0.292437
0.292343
0.291659
0.291920
0.291474
0.305487
0.305751
0.305268
0.305094
0.305889
0.306063
0.305435
0.306050
0.305518
0.305519
0.306010
0.305895
0.304776
0.305407
0.305133
0.305247
0.305379
0.305959
0.305152
0.305024
0.304705
0.305371
0.304662
0.305106
0.306090
0.305030
0.305931
0.306075
0.305777
0.306286
0.306424
0.305345
0.305249
0.305382
0.306377
0.305696
0.306024
0.306328
0.305796
0.305817
0.306316
0.305770
0.305288
0.305570
0.306032
0.305319
0.306172
0.306265
0.305275
0.304830
0.305671
0.304762
0.306575
0.307208
0.306505
0.305642
0.306331
0.304626
0.305892
0.306480
0.305256
0.306036
0.305216
0.305436
0.305660
0.306643
0.305640
0.305734
0.305948
0.306299
0.307248
0.306899
0.306902
0.306662
0.306273
0.305526
0.306362
0.305342
0.305378
0.306183
0.304518
0.305589
0.306091
0.305839
0.306093
0.306130
0.305742
0.305850
0.306134
0.306282
