37 8 16 23 41 6 10 3 26 29 13 11 2 5 40 25 24 32 31 38 20 34 39 17 0 1 28 21 7 14 18 30 12 35 43 19 36 27 9 22 15 33 44 4 42 
15 22 43 35 12 30 18 7 14 21 28 1 0 17 39 34 20 31 38 32 24 25 19 36 27 40 5 2 11 26 29 13 10 3 6 41 23 9 37 16 8 42 4 44 33 
31 38 32 24 25 19 36 27 40 5 2 11 26 29 13 10 3 6 41 23 16 8 37 42 4 44 33 15 22 9 43 35 12 30 18 7 14 21 28 1 0 17 39 34 20 
30 12 35 43 22 15 33 44 4 42 8 16 37 9 23 41 3 10 6 26 29 13 11 2 5 40 27 36 19 25 24 32 38 31 20 34 39 17 0 1 28 21 7 14 18 
30 12 35 43 22 15 33 44 4 42 8 16 37 9 23 41 6 10 3 26 13 29 11 2 5 40 27 36 19 25 24 32 38 31 20 34 39 17 0 1 28 21 7 14 18 
34 20 31 38 32 24 25 19 36 27 40 5 2 11 26 29 13 10 3 6 41 23 9 37 16 8 42 4 44 33 15 22 43 35 12 30 18 7 14 21 28 1 0 17 39 
32 24 25 19 36 27 40 5 2 11 26 29 13 10 3 6 41 23 16 8 37 42 4 44 33 15 22 9 43 35 12 30 18 7 14 21 28 1 0 17 39 34 20 31 38 
44 4 42 8 16 37 9 23 41 6 10 3 26 29 13 11 2 5 40 27 36 19 25 24 32 38 31 20 34 39 17 0 1 28 21 7 14 18 30 12 35 43 22 15 33 
23 41 6 10 3 26 29 13 11 2 5 40 25 24 32 38 31 20 34 39 17 0 1 28 21 7 14 18 30 12 35 43 19 36 27 9 22 15 33 44 4 42 37 8 16 
23 41 6 10 3 26 29 13 11 2 5 40 27 36 19 25 24 32 31 38 20 39 34 17 0 1 28 21 7 14 18 30 12 35 43 22 15 33 44 4 42 8 16 37 9 
25 24 32 38 31 20 34 39 17 0 1 28 21 7 14 18 30 12 35 43 22 15 33 44 4 42 8 16 37 9 23 41 6 10 3 26 29 13 11 2 5 40 27 36 19 
39 34 20 31 38 32 24 25 19 36 27 40 5 2 11 26 29 13 10 3 6 41 23 16 8 37 42 4 44 33 15 22 9 43 35 12 30 18 7 14 21 28 1 0 17 
10 26 29 13 11 2 5 40 27 36 19 25 24 32 38 31 20 34 39 17 0 1 28 21 7 14 18 30 12 35 43 22 15 33 44 4 42 16 8 37 9 23 41 6 3 
23 41 6 10 3 26 29 13 11 2 5 40 27 36 19 25 24 32 31 38 20 34 39 17 0 1 28 21 7 14 18 30 12 35 43 22 15 33 44 4 42 8 16 37 9 
38 31 20 34 39 17 0 1 28 21 7 14 18 30 12 35 15 22 33 44 4 42 8 16 37 9 23 41 6 10 3 26 29 13 11 2 5 40 27 36 43 19 25 24 32 
10 3 6 41 23 9 37 16 8 42 4 44 33 15 22 43 35 12 30 18 7 14 21 28 1 0 17 39 34 20 31 38 32 24 25 19 36 27 40 5 2 11 26 29 13 
25 24 32 31 38 20 39 34 17 0 1 28 21 7 14 18 30 12 35 43 22 15 33 44 4 42 8 16 37 9 23 41 6 10 3 26 29 13 11 2 5 40 27 36 19 
12 35 43 22 15 33 44 4 42 8 16 37 9 23 41 6 10 3 26 29 13 11 2 5 40 27 36 19 25 24 32 38 31 20 34 39 17 0 1 28 21 7 14 18 30 
5 2 11 26 29 13 10 3 6 23 41 16 8 37 42 4 44 33 15 22 9 27 36 19 43 35 12 30 18 7 14 21 28 1 0 17 39 34 20 31 38 32 24 25 40 
4 44 33 15 22 43 35 12 30 18 7 14 21 28 1 0 17 39 34 20 31 38 32 24 25 19 36 27 40 5 2 11 26 29 13 10 3 6 41 23 9 16 8 37 42 
36 27 9 22 15 33 44 4 42 37 8 16 23 41 6 10 3 26 29 13 11 2 5 40 25 24 32 31 38 20 34 39 17 0 1 28 21 7 14 18 30 12 35 43 19 
15 22 9 27 36 19 43 35 12 30 18 7 14 21 28 1 0 17 39 34 20 31 38 32 24 25 40 5 2 11 29 13 26 10 3 6 41 23 16 8 37 42 4 44 33 
15 22 9 27 36 19 43 35 12 30 18 7 14 21 28 1 0 17 39 34 20 31 38 32 24 25 40 5 2 11 29 13 26 10 3 6 41 23 16 8 37 42 4 44 33 
11 2 5 40 27 36 19 25 24 32 38 31 20 39 34 17 0 1 28 21 7 14 18 30 12 35 43 22 15 33 44 4 42 8 16 37 9 23 41 6 10 3 26 29 13 
28 21 7 14 18 30 12 35 43 22 15 33 44 4 42 8 16 37 9 23 41 3 10 6 26 29 13 11 2 5 40 27 36 19 25 24 32 38 31 20 34 39 17 0 1 
4 44 33 15 22 9 27 36 19 43 35 12 30 18 7 14 21 28 1 0 17 34 39 20 31 38 32 24 25 40 5 2 11 26 29 13 10 3 6 41 23 16 8 37 42 
34 20 31 38 32 24 25 19 36 27 40 5 2 11 26 29 13 10 3 6 41 23 16 8 37 42 4 44 33 15 22 9 43 35 12 30 18 7 14 21 28 1 0 17 39 
43 22 15 33 44 4 42 8 16 37 9 23 41 6 3 10 26 29 13 11 2 5 40 27 36 19 25 24 32 38 31 20 34 39 17 0 1 28 21 7 14 18 30 12 35 
28 21 7 14 18 30 12 35 43 22 15 33 44 4 42 8 16 37 9 23 41 6 10 3 26 29 13 11 2 5 40 27 36 19 25 24 32 38 31 20 34 39 17 0 1 
41 23 16 8 37 42 4 44 33 15 22 9 27 36 19 43 35 12 30 18 7 14 21 28 1 0 17 39 34 20 31 38 32 24 25 40 5 2 11 26 29 13 10 3 6 
17 34 39 20 31 38 32 24 25 19 36 27 40 5 2 11 26 29 13 10 3 6 41 23 16 8 37 42 4 44 33 15 22 9 43 35 12 30 18 7 14 21 28 1 0 
25 24 32 38 31 20 34 39 17 0 1 28 21 7 14 18 30 12 35 43 22 15 33 44 4 42 8 16 37 9 23 41 6 10 3 26 29 13 11 2 5 40 27 36 19 
5 2 11 26 29 13 3 10 6 41 23 9 37 16 8 42 4 44 33 15 22 43 35 12 30 18 7 14 21 28 1 0 17 34 39 20 31 38 32 24 25 19 36 27 40 
15 22 9 27 36 19 43 35 12 30 18 7 14 21 28 1 0 17 34 39 20 31 38 32 24 25 40 5 2 11 26 29 13 10 3 6 41 23 16 37 8 42 4 44 33 
23 41 6 3 10 26 29 13 11 2 5 40 27 36 19 25 24 32 38 31 20 34 39 17 0 1 28 21 7 14 18 30 12 35 43 22 15 33 44 4 42 37 8 16 9 
6 10 3 26 29 13 11 2 5 40 27 36 19 25 24 32 31 38 20 34 39 17 0 1 28 21 7 14 18 30 12 35 43 22 15 33 44 4 42 8 16 37 9 23 41 
18 30 12 35 43 22 15 33 44 4 42 8 16 37 9 23 41 3 10 6 26 29 13 11 2 5 40 27 36 19 25 24 32 38 31 20 34 39 17 0 1 28 21 7 14 
0 1 28 21 7 14 18 30 12 35 43 22 15 33 44 4 42 8 16 37 9 23 41 6 10 3 26 29 13 11 2 5 40 27 36 19 25 24 32 38 31 20 34 39 17 
22 15 33 44 4 42 8 16 37 9 23 41 6 10 3 26 29 13 11 2 5 40 27 36 19 25 24 32 31 38 20 34 39 17 0 1 28 21 7 14 18 30 12 35 43 
25 24 32 38 31 20 34 39 17 0 1 28 21 7 14 18 30 12 35 43 22 15 33 44 4 42 8 16 37 9 23 41 6 10 3 26 29 13 11 2 5 40 27 36 19 
17 34 39 20 31 38 32 24 25 19 36 27 40 5 2 11 26 29 13 10 3 6 41 23 16 8 37 42 4 44 33 15 22 9 43 35 12 30 18 7 14 21 28 1 0 
9 23 41 6 10 3 26 29 13 11 2 5 40 27 36 19 25 24 32 31 38 20 34 39 17 0 1 28 21 7 14 18 30 12 35 43 22 15 33 44 4 42 8 16 37 
13 29 26 11 2 5 40 27 36 19 25 24 32 38 31 20 34 39 17 0 1 28 21 7 14 18 30 12 35 43 22 15 33 44 4 42 8 16 37 9 23 41 3 10 6 
11 2 5 40 27 36 19 25 24 32 38 31 20 34 39 17 0 1 28 21 7 14 18 30 12 35 43 22 15 33 44 4 42 8 16 37 9 23 41 6 10 3 26 29 13 
13 29 26 10 3 6 41 23 16 8 37 42 4 44 33 15 22 9 43 35 12 30 18 7 14 21 28 1 0 17 39 34 20 31 38 32 24 25 19 36 27 40 5 2 11 
34 20 31 38 32 24 25 19 36 27 40 5 2 11 26 29 13 10 3 6 41 23 16 8 37 42 4 44 33 15 22 9 43 35 12 30 18 7 14 21 28 1 0 17 39 
28 21 7 14 18 30 12 35 43 22 15 33 44 4 42 8 16 37 9 23 41 6 3 10 26 13 29 11 2 5 40 27 36 19 25 24 32 31 38 20 34 39 17 0 1 
41 23 16 8 37 42 4 44 33 15 22 9 27 36 19 43 35 12 30 18 7 14 21 28 1 0 17 34 39 20 31 38 32 24 25 40 5 2 11 29 13 26 10 3 6 
41 23 16 8 37 42 4 44 33 15 22 9 27 36 19 43 35 12 30 18 7 14 21 28 1 0 17 34 39 20 31 38 32 24 25 40 5 2 11 26 29 13 6 10 3 
40 27 36 19 25 24 32 38 31 20 39 34 17 0 1 28 21 7 14 18 30 12 35 43 22 15 33 44 4 42 8 16 37 9 23 41 6 10 3 26 29 13 11 2 5 
31 38 20 34 39 17 0 1 28 21 7 14 18 30 12 35 43 22 15 33 44 4 42 8 16 37 9 23 41 6 10 3 26 29 13 11 2 5 40 27 36 19 25 24 32 
22 15 33 44 4 42 16 8 37 9 23 41 6 10 3 26 29 13 11 2 5 40 27 36 19 25 24 32 38 31 20 34 39 17 0 1 28 21 7 14 18 30 12 35 43 
25 24 32 38 31 20 34 39 17 0 1 28 21 7 14 18 30 12 35 43 22 15 33 44 4 42 16 8 37 9 23 41 6 10 3 26 29 13 11 2 5 40 27 36 19 
17 0 1 28 21 7 14 18 30 12 35 43 22 15 33 44 4 42 8 16 37 9 23 41 6 10 3 26 29 13 11 2 5 40 27 36 19 25 24 32 38 31 20 34 39 
13 29 26 10 3 6 41 23 16 8 37 42 4 44 33 15 22 9 43 35 12 30 18 14 7 21 28 1 0 17 39 34 20 31 38 32 24 25 19 36 27 40 5 2 11 
2 11 26 29 13 3 10 6 41 23 16 8 37 42 4 44 33 15 22 9 27 36 19 43 35 12 30 18 7 14 21 28 1 0 17 39 34 20 31 38 32 24 25 40 5 
39 20 31 38 32 24 25 19 36 27 40 5 2 11 26 29 13 10 3 6 41 23 16 8 37 42 4 44 33 15 22 9 43 35 12 30 18 7 14 21 28 1 0 17 34 
2 11 26 29 13 3 10 6 41 23 16 8 37 42 4 44 33 15 22 9 27 36 19 43 35 12 30 18 7 14 21 28 1 0 17 39 34 20 31 38 32 24 25 40 5 
44 4 42 8 16 37 9 23 41 6 10 3 26 29 13 11 2 5 40 27 36 19 25 24 32 31 38 20 34 39 17 0 1 28 21 7 14 18 30 12 35 43 22 15 33 
22 15 33 44 4 42 37 8 16 23 41 6 10 3 26 29 13 11 2 5 40 27 36 19 25 24 32 38 31 20 34 39 17 0 1 28 21 7 14 18 30 12 35 43 9 
32 38 31 20 34 39 17 0 1 28 21 7 14 18 30 12 35 43 22 15 33 44 4 42 8 16 37 9 23 41 6 10 3 26 29 13 11 2 5 40 27 36 19 25 24 
24 25 32 38 31 20 34 39 17 0 1 28 21 7 14 18 30 12 35 43 22 15 33 44 4 42 8 16 37 9 23 41 6 10 3 26 29 13 11 2 5 40 27 36 19 
28 21 7 14 18 30 12 35 43 22 15 33 44 4 42 8 16 37 9 23 41 6 10 3 26 29 13 11 2 5 40 27 36 19 25 24 32 38 31 20 34 39 17 0 1 
10 3 26 29 13 11 2 5 40 27 36 19 25 24 32 38 31 20 34 39 17 0 1 28 21 7 14 18 30 12 35 43 22 15 33 44 4 42 8 16 37 9 23 41 6 
27 36 19 25 24 32 38 31 20 34 39 17 0 1 28 21 7 14 18 30 12 35 43 22 15 33 44 4 42 8 16 37 9 23 41 6 10 3 26 29 13 11 2 5 40 
3 10 13 29 26 11 2 5 40 27 36 19 25 24 32 38 31 20 34 39 17 0 1 28 21 7 14 18 30 12 35 43 22 15 33 44 4 42 8 16 37 9 23 41 6 
35 12 30 18 7 14 21 28 1 0 17 39 34 20 31 38 32 24 25 19 36 27 40 5 2 11 26 29 13 6 10 3 41 23 16 8 37 42 4 44 33 15 22 9 43 
3 10 26 29 13 11 2 5 40 27 36 19 25 24 32 38 31 20 34 39 17 0 1 28 21 7 14 18 30 12 35 43 22 15 33 44 4 42 37 9 23 41 16 8 6 
8 16 37 9 23 41 6 10 3 26 29 13 11 2 5 40 27 36 19 25 24 32 31 38 20 34 39 17 0 1 28 21 7 14 18 30 12 35 43 15 22 33 44 4 42 
8 16 23 41 6 10 3 26 29 13 11 2 5 40 25 24 32 38 31 20 39 34 17 0 1 28 21 7 14 18 30 12 35 43 19 36 27 9 22 15 33 44 4 42 37 
3 10 26 29 13 11 2 5 40 27 36 19 25 24 32 38 31 20 34 39 17 0 1 28 21 7 14 18 30 12 35 43 22 15 33 44 4 42 8 16 37 9 23 41 6 
19 36 27 40 5 2 11 26 29 13 10 3 6 41 23 16 8 37 42 4 44 33 15 22 9 43 35 12 30 18 7 14 21 28 1 0 17 34 39 20 31 38 32 24 25 
5 2 11 26 29 13 10 3 6 41 23 16 8 37 42 4 44 33 15 22 9 27 36 19 43 35 12 30 18 7 14 21 28 1 0 17 39 34 20 31 38 32 24 25 40 
38 31 20 34 39 17 0 1 28 21 7 14 18 30 12 35 43 22 15 33 44 4 42 8 16 37 9 23 41 3 10 6 26 29 13 11 2 5 40 27 36 19 25 24 32 
23 41 6 10 3 26 29 13 11 2 5 40 25 24 32 38 31 20 34 39 17 0 1 28 21 7 14 18 30 12 35 43 19 36 27 9 22 15 33 44 4 42 37 8 16 
20 34 39 17 0 1 28 21 7 14 18 30 12 35 43 9 22 15 33 44 4 42 37 8 16 41 23 6 10 3 26 29 13 11 2 5 40 27 36 19 25 24 32 38 31 
1 28 21 7 14 18 30 12 35 43 22 15 33 44 4 42 8 16 37 9 23 41 6 10 3 26 29 13 11 2 5 40 27 36 19 25 24 32 38 31 20 34 39 17 0 
40 27 36 19 25 24 32 31 38 20 34 39 17 0 1 28 21 7 14 18 30 12 35 43 22 15 33 44 4 42 8 16 37 9 23 41 6 10 3 26 29 13 11 2 5 
44 4 42 37 8 16 23 41 6 10 3 26 29 13 11 2 5 40 27 36 19 25 24 32 38 31 20 34 39 17 0 1 28 21 7 14 18 30 12 35 43 9 22 15 33 
5 2 11 26 29 13 10 3 6 41 23 16 8 37 42 4 44 33 15 22 9 27 36 19 43 35 12 30 18 7 14 21 28 1 0 17 34 39 20 31 38 32 24 25 40 
28 21 7 14 18 30 12 35 43 22 15 33 44 4 42 8 16 37 9 23 41 6 10 3 26 29 13 11 2 5 40 27 36 19 25 24 32 38 31 20 34 39 17 0 1 
40 5 2 11 29 13 26 3 10 6 41 23 16 8 37 42 4 44 33 15 22 9 27 36 19 43 35 12 30 18 7 14 21 28 1 0 17 34 39 20 31 38 32 24 25 
18 30 12 35 43 22 15 33 44 4 42 8 16 37 9 23 41 6 10 3 26 29 13 11 2 5 40 27 36 19 25 24 32 38 31 20 34 39 17 0 1 28 21 7 14 
30 12 35 43 22 15 33 44 4 42 8 16 37 9 23 41 6 10 3 26 29 13 11 2 5 40 27 36 19 25 24 32 38 31 20 34 39 17 0 1 28 21 7 14 18 
22 15 33 44 4 42 8 16 37 9 23 41 6 10 3 26 29 13 11 2 5 40 27 36 19 25 24 32 38 31 20 34 39 17 0 1 28 21 7 14 18 30 12 35 43 
4 44 33 15 22 9 43 35 12 30 18 7 14 21 28 1 0 17 39 34 20 31 38 32 24 25 19 36 27 40 5 2 11 26 29 13 3 10 6 41 23 16 8 37 42 
25 24 32 31 38 20 34 39 17 0 1 28 21 7 14 18 30 12 35 43 22 15 33 44 4 42 8 16 37 9 23 41 6 10 3 26 29 13 11 2 5 40 27 36 19 
0 1 28 21 7 14 18 30 12 35 43 19 36 27 9 22 15 33 44 4 42 37 8 16 23 41 6 10 3 26 29 13 11 2 5 40 25 24 32 31 38 20 34 39 17 
22 15 33 44 4 42 8 37 16 23 41 6 10 3 26 29 13 11 2 5 40 27 36 19 25 24 32 38 31 20 34 39 17 0 1 28 21 7 14 18 30 12 35 43 9 
25 24 32 38 31 20 34 39 17 0 1 28 21 7 14 18 30 12 35 43 22 15 33 44 4 42 8 16 37 9 23 41 6 10 3 26 29 13 11 2 5 40 27 36 19 
22 15 33 44 4 42 8 37 16 23 41 6 10 3 26 29 13 11 2 5 40 27 36 19 25 24 32 38 31 20 39 34 17 0 1 28 21 7 14 18 30 12 35 43 9 
16 23 41 6 10 3 26 29 13 11 2 5 40 25 24 32 38 31 20 34 39 17 0 1 28 21 7 14 18 30 12 35 43 19 36 27 9 22 15 33 44 4 42 37 8 
16 23 41 6 10 3 26 29 13 11 2 5 40 25 24 32 38 31 20 34 39 17 0 1 28 21 7 14 18 30 12 35 43 19 36 27 9 22 15 33 44 4 42 37 8 
34 20 31 38 32 24 25 19 36 27 40 5 2 11 26 29 13 3 10 6 41 23 16 8 37 42 4 44 33 15 22 9 43 35 12 30 18 7 14 21 28 1 0 17 39 
31 38 32 24 25 19 36 27 40 5 2 11 26 29 13 10 3 6 41 23 16 8 37 42 4 44 33 15 22 9 43 35 12 30 18 7 14 21 28 1 0 17 34 39 20 
17 34 39 20 31 38 32 24 25 19 36 27 40 5 2 11 26 29 13 10 3 6 41 23 16 8 37 42 4 44 33 15 22 9 43 35 12 30 18 7 14 21 28 1 0 
43 22 15 33 44 4 42 8 16 37 9 23 41 6 10 3 13 29 26 11 2 5 40 27 36 19 25 24 32 38 31 20 34 39 17 0 1 28 21 7 14 18 30 12 35 
22 15 33 44 4 42 37 8 16 23 41 6 10 3 26 29 13 11 2 5 40 27 36 19 25 24 32 31 38 20 34 39 17 0 1 28 21 7 14 18 30 12 35 43 9 
22 15 33 44 4 42 37 8 16 23 41 6 10 3 26 29 13 11 2 5 40 27 36 19 25 24 32 31 38 20 34 39 17 0 1 28 21 7 14 18 30 12 35 43 9 
30 12 35 43 22 15 33 44 4 42 16 8 37 9 23 41 6 10 3 26 29 13 11 2 5 40 27 36 19 25 24 32 38 31 20 34 39 17 0 1 28 21 7 14 18 
