43 71 51 48 16 72 34 53 38 75 52 59 67 4 22 9 79 7 18 80 14 12 54 55 0 42 46 58 25 69 70 73 57 49 35 63 50 62 5 85 27 28 68 19 2 66 89 78 33 84 15 30 36 20 61 37 32 77 23 29 44 64 74 6 65 8 31 56 60 87 11 47 17 76 82 26 88 24 21 39 10 81 1 86 40 41 45 83 3 13 
63 66 2 68 19 28 27 85 5 62 79 7 18 80 14 54 12 55 0 42 40 86 21 24 88 26 82 41 45 83 3 9 22 4 61 20 32 37 89 78 33 84 15 36 30 77 23 75 38 34 53 16 48 51 71 47 11 87 60 56 31 8 6 74 72 64 65 44 29 52 59 67 13 43 76 17 81 10 39 1 46 58 25 69 70 73 57 49 35 50 
24 88 26 82 41 45 83 3 7 79 62 50 63 35 54 12 55 0 42 46 58 25 69 70 73 57 19 68 2 66 27 28 85 5 89 78 33 30 36 15 84 37 61 20 32 77 23 75 38 29 44 64 65 6 74 8 31 56 60 87 76 17 11 47 43 71 51 48 16 72 53 34 59 52 13 67 4 22 9 18 80 14 49 40 86 1 39 10 81 21 
4 22 67 9 79 7 62 50 63 35 14 54 12 55 0 42 40 86 21 24 88 26 82 41 45 83 3 18 80 13 51 48 16 34 53 44 29 75 52 38 72 74 6 65 64 8 31 56 60 87 11 47 43 71 76 17 81 10 39 1 46 58 25 69 70 73 57 49 2 68 19 28 27 66 85 5 89 78 33 84 15 30 36 37 61 20 32 77 23 59 
81 24 21 39 10 1 86 40 42 46 58 0 55 12 54 14 35 63 50 62 79 7 18 80 49 25 69 70 73 57 19 68 2 66 27 28 85 5 84 15 30 36 77 23 75 38 29 44 53 34 48 16 72 74 6 65 64 8 31 56 60 87 11 47 43 71 51 52 59 67 4 61 20 32 37 33 78 89 22 9 3 83 13 45 41 82 26 88 76 17 
27 28 68 19 2 66 63 50 62 79 9 3 83 45 13 51 48 34 52 59 67 4 22 89 78 33 84 15 36 30 37 61 20 32 77 23 29 75 38 16 53 44 64 65 6 74 72 56 31 8 60 87 11 43 47 71 17 76 88 24 81 10 39 1 46 42 40 86 21 26 82 41 18 80 54 12 55 0 58 25 69 70 73 57 49 35 14 7 5 85 
43 11 47 71 51 48 16 72 74 6 65 64 53 34 38 75 52 59 13 83 3 9 79 7 18 80 14 54 12 55 0 40 86 42 46 58 25 69 70 73 57 49 35 63 50 66 27 28 68 2 19 85 5 62 22 67 4 61 20 32 37 33 78 89 84 15 30 36 77 23 29 44 8 31 56 60 87 17 76 88 24 21 81 10 39 1 26 82 41 45 
7 79 62 5 85 66 27 28 68 19 2 63 50 35 14 12 55 0 40 86 26 82 41 45 83 3 9 67 4 61 37 33 84 30 36 15 78 89 22 20 32 77 23 75 52 59 13 51 48 16 34 53 38 29 44 64 65 74 6 8 31 56 60 87 11 47 43 71 72 17 76 88 24 21 39 10 81 1 46 42 58 25 69 70 73 57 49 54 80 18 
38 75 52 59 67 4 22 9 79 7 18 80 54 12 55 0 58 42 46 1 39 10 81 24 21 86 40 26 88 76 17 43 47 11 87 60 56 31 8 74 6 65 64 44 29 23 77 32 37 61 20 89 78 33 84 30 36 15 85 5 62 50 63 66 27 28 2 68 19 57 73 70 69 25 49 35 14 41 82 45 83 3 13 51 48 34 16 72 53 71 
47 11 87 60 56 31 8 6 65 64 44 29 38 34 53 72 74 16 48 51 71 43 17 76 88 26 82 41 45 83 3 9 22 67 4 61 20 32 37 33 78 89 5 62 79 7 18 80 14 54 12 55 0 42 46 1 39 10 81 24 21 86 40 58 25 69 70 73 57 19 68 2 27 28 66 63 50 35 49 85 15 84 30 36 77 23 75 52 59 13 
3 83 45 41 43 71 51 48 16 72 74 6 65 64 44 53 38 29 75 52 59 13 34 56 31 8 60 87 11 47 17 76 82 26 88 24 21 39 10 81 1 86 40 42 46 58 0 55 12 14 35 63 50 62 79 7 18 80 54 49 70 69 25 73 57 19 68 2 66 27 28 85 5 89 78 33 84 15 30 36 37 32 77 23 20 61 4 67 22 9 
3 83 45 41 82 26 88 24 21 81 39 10 1 86 40 42 46 58 0 55 12 54 14 35 63 50 62 5 85 28 27 66 2 68 19 57 73 70 69 25 49 80 18 7 79 9 67 22 4 61 20 32 37 33 78 89 84 15 30 36 77 23 75 29 38 34 53 48 51 71 47 11 87 60 56 31 8 74 6 65 64 44 72 16 52 59 13 43 76 17 
11 47 71 43 17 76 88 24 81 21 39 10 1 46 42 58 25 69 70 73 57 19 68 28 27 66 63 50 62 79 7 9 3 83 45 41 82 26 86 40 0 55 12 54 14 35 49 2 85 5 89 61 20 32 37 33 78 84 15 30 36 77 23 29 38 75 52 59 67 4 22 18 80 13 51 48 16 34 53 44 64 65 6 74 72 56 31 8 60 87 
17 76 88 24 21 81 10 39 1 86 40 42 46 58 0 55 12 54 14 35 63 50 62 79 9 22 61 37 32 20 4 67 13 51 48 34 53 16 72 74 6 65 64 44 29 38 75 52 59 23 77 36 30 84 15 33 78 89 5 85 66 27 28 68 19 2 49 70 69 25 73 57 80 18 7 3 83 45 41 82 26 43 47 11 87 60 56 8 31 71 
83 3 9 79 62 22 4 67 13 59 52 75 38 34 53 16 48 51 71 43 47 11 87 60 56 31 8 72 74 6 65 64 44 29 23 77 32 20 61 37 33 30 36 84 15 78 89 5 85 27 28 68 19 57 73 70 69 25 12 55 0 58 42 46 1 40 86 26 88 24 21 39 10 81 17 76 82 41 45 18 7 50 63 66 2 49 35 14 54 80 
44 64 65 6 74 8 31 56 60 87 11 47 71 43 17 76 88 26 82 41 45 3 83 13 51 48 16 72 53 34 38 75 52 59 67 4 22 9 79 7 18 80 54 12 55 0 58 42 40 86 21 39 10 81 24 1 46 25 69 70 73 57 49 35 14 63 50 62 5 66 27 28 68 19 2 85 89 78 33 84 15 30 36 37 20 61 32 77 23 29 
72 16 48 51 71 43 47 11 87 60 56 31 8 74 6 65 64 44 53 34 38 52 59 75 29 23 77 32 37 33 84 15 36 30 78 89 22 4 61 20 67 3 83 45 41 82 26 88 24 21 39 10 81 76 17 40 86 1 46 42 0 58 55 12 14 54 80 18 7 79 62 50 63 35 49 70 69 25 73 57 19 68 2 66 27 28 85 5 9 13 
37 61 20 32 77 23 75 29 38 52 59 67 4 22 9 79 7 18 80 54 12 55 0 40 86 21 24 88 26 82 41 45 83 3 13 43 47 11 71 51 16 72 74 6 65 64 44 53 34 48 56 31 8 60 87 17 76 81 10 39 1 46 42 58 25 69 70 73 57 19 68 2 66 27 28 85 5 50 63 35 14 49 62 89 78 33 84 15 36 30 
43 47 11 71 51 48 16 72 74 6 65 64 44 29 38 34 53 8 31 56 60 87 17 76 88 26 82 41 45 83 3 9 79 7 18 80 54 14 12 55 0 42 40 86 21 24 81 10 39 1 46 58 25 69 70 73 57 49 2 68 19 28 27 66 85 5 78 89 62 50 35 63 22 4 61 20 32 37 33 84 15 30 36 77 23 75 52 59 67 13 
15 84 30 36 37 32 77 23 75 38 29 44 64 65 6 74 72 16 48 34 53 51 71 43 47 11 60 56 31 8 87 17 76 88 24 81 21 39 10 1 86 40 42 46 58 0 55 12 14 54 80 7 18 3 83 45 41 82 26 13 59 52 67 4 61 20 22 9 79 62 50 63 35 49 70 69 25 73 57 19 68 2 66 27 28 85 5 89 78 33 
89 78 33 84 15 30 36 37 61 20 4 67 9 79 7 18 80 14 54 12 55 0 40 86 42 46 1 39 10 81 24 21 88 26 82 41 45 83 3 13 43 47 11 87 17 76 71 51 48 34 53 16 72 8 31 56 60 74 6 65 64 44 29 38 75 52 59 23 77 32 22 62 50 63 35 49 70 69 25 58 73 57 19 68 2 27 28 66 85 5 
30 36 84 15 78 89 22 4 61 37 32 77 23 75 52 59 20 67 9 79 7 18 80 14 54 12 55 0 42 46 1 39 10 81 24 88 26 82 41 45 83 3 13 51 48 16 34 53 38 29 44 64 65 6 74 72 8 31 56 60 87 11 47 43 71 17 76 21 86 40 58 25 69 70 73 57 49 35 63 66 27 28 19 68 2 85 5 62 50 33 
66 50 62 79 7 18 80 54 14 12 55 0 40 86 21 24 88 26 82 41 45 83 3 9 67 4 20 32 77 23 75 52 59 13 47 11 87 60 56 31 8 74 6 65 64 44 29 38 34 53 16 72 48 51 71 43 76 17 81 10 39 1 46 42 58 25 69 70 73 57 19 68 2 27 28 85 5 89 78 33 84 15 36 30 37 61 22 49 35 63 
75 38 52 59 23 77 32 20 4 22 9 3 83 45 41 82 26 88 24 21 39 10 81 1 46 42 40 86 0 58 55 12 54 14 35 63 50 62 79 7 18 80 49 70 69 25 73 57 19 68 2 66 27 28 85 5 89 78 33 84 15 36 30 37 61 67 13 43 47 11 87 17 76 60 56 31 8 74 6 65 64 72 16 48 51 71 34 53 44 29 
24 21 39 10 81 1 42 40 86 46 58 0 55 12 54 14 80 18 7 79 62 50 66 27 28 68 2 19 57 73 70 69 25 49 35 63 85 5 89 78 33 84 15 36 30 37 61 20 32 77 23 67 4 22 9 3 83 45 41 82 26 88 76 17 11 47 71 43 13 51 48 34 53 38 75 52 59 29 44 64 65 6 74 72 16 56 31 8 60 87 
67 4 61 20 32 77 23 75 52 59 34 53 38 29 44 64 65 6 74 72 16 48 51 71 43 47 11 87 60 56 31 8 17 76 88 26 82 41 45 83 3 9 62 79 7 18 80 14 54 12 55 0 42 46 1 39 10 81 24 21 86 40 58 25 69 70 73 57 49 35 63 50 66 2 68 19 28 27 85 5 89 78 33 37 30 36 84 15 22 13 
10 39 1 86 40 42 46 58 0 55 12 14 35 63 50 62 79 7 18 80 54 49 70 69 25 73 57 19 68 2 66 27 28 85 5 78 89 61 20 32 37 33 84 15 30 36 77 23 75 52 38 29 44 53 34 16 72 74 6 65 64 8 31 56 60 87 11 47 43 71 51 48 13 83 3 9 22 4 67 59 45 41 82 26 88 24 81 21 76 17 
18 80 54 14 12 55 0 42 40 86 21 24 88 26 82 41 45 83 3 7 79 62 9 22 4 61 37 32 20 89 78 33 84 15 30 36 77 23 59 52 38 75 29 44 64 65 6 74 72 16 48 51 13 67 34 53 8 31 56 60 87 11 47 43 71 76 17 81 10 39 1 46 58 25 69 70 73 57 49 2 68 19 28 66 27 85 5 50 63 35 
41 45 83 3 13 67 4 61 37 32 20 22 9 79 7 62 50 63 35 14 54 12 55 0 42 46 58 25 69 70 73 57 49 19 68 2 66 27 28 85 5 89 78 33 30 36 84 15 77 23 59 52 75 38 29 44 53 34 48 51 16 72 74 6 65 64 8 31 56 60 87 11 47 43 71 17 76 26 82 88 24 21 39 10 81 1 86 40 80 18 
42 46 58 0 55 12 54 80 18 7 79 62 50 63 35 14 49 70 69 25 73 57 19 68 2 66 27 28 85 5 89 78 33 84 15 30 36 77 23 32 37 61 20 4 67 9 22 3 83 45 41 82 26 88 24 21 39 10 81 76 17 87 11 47 43 71 51 48 16 72 74 6 65 64 44 29 38 75 52 59 13 34 53 8 31 56 60 1 86 40 
21 24 81 39 10 1 46 42 40 86 26 82 41 45 83 3 13 51 48 34 53 44 64 65 6 74 72 16 38 75 52 59 67 4 20 61 22 9 79 62 7 18 80 14 54 12 55 0 58 25 69 70 73 57 49 35 63 50 66 27 28 68 19 2 5 85 89 78 33 84 15 36 30 37 32 77 23 29 8 31 56 60 87 11 47 43 71 17 76 88 
42 46 58 0 55 25 69 70 73 57 68 19 28 27 66 63 50 62 79 7 18 80 54 12 14 35 49 2 85 5 89 78 33 84 15 30 36 37 61 20 32 77 23 29 38 52 75 59 67 4 22 9 3 83 45 41 82 26 88 24 21 39 10 81 17 76 47 11 87 60 56 31 8 74 6 65 64 44 53 34 48 16 72 51 71 43 13 40 86 1 
20 32 37 61 67 4 22 9 3 83 45 41 82 26 88 24 21 39 10 81 1 86 40 42 46 58 0 55 12 14 54 80 18 7 79 62 5 85 66 27 28 68 2 19 57 73 70 69 25 49 35 50 63 89 78 33 84 15 30 36 77 23 75 52 38 29 44 53 34 16 72 74 6 65 64 8 31 56 60 87 11 47 71 43 76 17 13 51 48 59 
45 41 82 26 88 24 21 39 10 81 1 40 86 42 46 58 55 0 54 12 14 35 63 50 62 79 7 18 80 49 70 69 25 73 57 19 68 2 66 27 28 85 5 89 78 33 84 30 36 15 37 61 20 32 77 23 75 52 59 38 29 44 53 34 16 72 74 6 65 64 8 31 56 60 87 11 47 17 76 43 71 51 48 13 83 3 9 22 4 67 
39 10 81 24 88 26 82 41 45 83 3 9 79 62 50 5 85 66 27 28 19 68 2 63 35 14 54 12 55 0 40 86 42 46 58 25 69 70 73 57 49 18 80 7 67 22 4 61 20 32 37 33 78 89 15 84 30 36 77 23 75 52 59 38 29 44 53 34 48 16 72 74 6 65 64 8 31 56 60 87 11 47 43 71 51 13 76 17 21 1 
12 55 0 42 40 86 26 82 41 45 83 3 9 79 62 50 63 2 68 19 28 27 66 85 5 89 22 4 20 61 37 33 78 15 84 30 36 32 77 23 75 38 29 44 53 74 6 65 64 8 31 56 60 11 47 71 51 48 16 72 34 52 59 67 13 43 17 87 76 88 24 21 39 10 81 1 46 58 25 69 70 73 57 49 35 14 54 80 18 7 
25 69 70 73 57 19 68 2 66 27 28 85 5 62 79 7 18 80 3 83 45 41 82 26 88 24 21 86 40 0 58 42 46 1 39 10 81 17 76 43 47 11 87 60 56 31 8 74 6 65 64 44 29 75 38 34 53 72 16 48 51 71 13 9 22 4 67 59 52 23 77 32 37 61 20 30 36 84 15 33 78 89 50 63 35 14 12 54 55 49 
81 24 21 39 10 1 86 40 42 46 58 0 55 12 54 14 80 18 7 79 62 50 63 35 49 70 69 25 73 57 19 68 2 27 28 66 5 85 78 89 22 9 3 83 45 41 82 26 88 76 17 87 11 47 43 71 51 48 16 34 38 75 52 59 67 4 20 32 37 61 33 84 15 30 36 77 23 29 44 53 72 74 6 65 64 8 31 56 60 13 
5 89 78 33 84 15 30 36 37 61 4 67 22 9 3 83 13 59 52 75 38 34 53 72 16 48 51 71 43 47 11 87 60 56 31 8 6 74 65 64 44 29 23 32 77 20 45 41 82 26 88 76 17 24 21 39 10 81 1 86 40 42 46 58 0 55 12 54 14 80 18 7 79 62 50 63 35 49 25 69 70 73 57 19 68 2 66 27 28 85 
29 38 75 52 59 48 51 71 43 47 11 72 16 34 53 44 64 65 6 74 8 31 56 60 87 17 76 88 26 82 41 45 83 3 9 79 62 50 63 35 14 54 12 55 0 42 46 1 39 10 81 24 21 86 40 58 25 69 70 49 73 57 19 68 2 66 27 28 85 5 89 78 33 84 15 30 36 37 32 77 23 20 61 4 67 22 7 18 80 13 
25 69 70 73 57 19 68 2 27 28 66 63 50 62 5 85 78 89 22 4 61 20 32 37 33 84 15 30 36 77 23 29 75 38 52 59 67 9 79 7 18 80 54 14 12 55 0 58 42 46 1 39 10 81 21 24 88 26 82 41 45 83 3 13 51 48 16 34 53 44 64 65 6 74 72 56 31 8 60 87 11 47 43 71 76 17 86 40 35 49 
83 45 41 82 26 88 24 81 10 39 21 1 46 42 40 86 58 0 55 12 14 54 80 18 7 79 62 50 63 35 49 70 69 25 73 57 19 68 2 66 27 28 85 5 89 78 33 30 36 84 15 37 32 77 23 52 59 75 38 29 44 64 65 6 74 72 53 34 16 48 51 71 43 47 11 87 60 56 31 8 17 76 13 67 4 61 20 22 9 3 
42 46 40 86 21 24 88 26 82 41 45 83 3 9 79 7 18 80 54 14 12 55 0 58 25 69 70 73 57 49 35 63 50 66 2 68 19 28 27 85 5 62 22 4 20 61 37 33 78 89 84 15 30 36 77 32 23 29 44 75 52 59 67 13 51 48 34 53 38 16 72 74 6 64 65 8 31 56 60 87 11 47 43 71 17 76 81 10 39 1 
34 53 72 16 48 51 71 43 47 11 87 17 76 82 26 88 24 21 81 10 39 1 86 40 42 46 58 0 55 12 54 14 80 18 7 50 63 35 49 70 69 25 73 57 19 68 2 66 27 28 85 5 62 79 9 22 89 78 33 84 15 30 36 23 77 32 20 4 61 37 67 3 83 45 41 13 59 38 75 52 29 44 64 74 6 65 8 31 56 60 
12 54 14 80 18 7 79 62 50 63 35 49 70 69 25 73 57 2 68 19 66 27 28 85 5 78 89 22 9 67 4 61 20 32 37 33 84 30 36 15 77 23 75 38 29 44 64 65 6 74 8 31 56 60 87 11 47 43 71 51 48 16 72 53 34 52 59 13 83 3 45 41 82 26 88 76 17 24 21 39 10 81 1 86 40 0 42 46 58 55 
20 61 4 67 22 9 79 7 18 80 54 12 55 0 42 40 86 26 82 41 45 83 3 13 51 48 16 34 53 38 75 52 59 29 44 64 65 6 74 72 8 31 56 60 87 11 47 43 71 17 76 88 24 21 39 10 81 1 46 58 25 69 70 73 57 49 35 14 50 63 66 27 28 2 68 19 85 5 62 89 78 33 30 36 15 84 37 32 77 23 
59 52 75 38 29 44 64 6 65 8 31 56 60 87 11 47 43 71 51 48 16 34 53 72 74 17 76 88 26 82 41 45 83 3 9 79 62 5 85 66 27 28 68 19 2 63 50 7 18 80 14 54 12 55 0 40 86 21 24 81 10 39 1 46 42 58 25 69 70 73 57 49 35 13 67 4 22 89 78 33 84 15 30 36 20 61 37 32 77 23 
83 45 41 82 26 88 24 21 81 10 39 1 86 40 42 46 58 0 55 12 14 54 80 18 7 79 62 50 63 35 49 70 69 25 73 57 19 68 2 27 28 66 5 85 89 78 33 84 15 30 36 32 20 4 22 61 37 77 23 75 38 52 59 13 51 48 16 72 74 6 65 64 44 29 34 53 8 31 56 60 87 17 76 43 47 11 71 67 9 3 
25 69 70 73 57 19 68 2 66 27 28 85 5 62 79 7 18 80 3 83 45 41 82 26 88 24 21 86 40 0 58 42 46 1 39 10 81 17 76 43 47 11 87 60 56 31 8 74 6 65 64 44 29 75 38 34 53 72 16 48 51 71 13 9 22 4 67 59 52 23 77 32 37 61 20 30 36 84 15 33 78 89 50 63 35 14 12 54 55 49 
17 11 47 43 71 51 48 34 16 72 74 6 65 64 44 29 75 52 59 67 9 79 7 18 80 54 12 55 0 42 46 58 40 86 21 39 10 1 81 24 88 26 82 41 45 83 3 13 20 32 37 61 4 22 62 50 63 35 14 49 25 69 70 73 57 19 68 2 66 27 28 85 5 89 78 33 84 15 36 30 77 23 38 53 56 31 8 60 87 76 
89 78 33 37 32 20 61 4 67 22 62 79 9 7 3 83 45 41 82 26 88 24 21 39 10 81 1 86 40 42 46 58 0 55 12 54 35 63 50 5 85 27 28 68 2 66 19 57 73 70 69 25 49 14 80 18 13 71 11 47 43 76 17 87 60 56 31 8 74 6 65 64 44 53 34 48 16 72 51 52 59 75 38 29 23 77 36 30 84 15 
86 40 42 46 58 0 55 12 54 80 18 7 79 62 50 63 35 14 49 70 69 25 73 57 19 68 2 66 27 28 85 5 89 78 33 84 15 30 36 37 32 77 23 75 52 59 48 51 71 47 11 43 76 17 87 60 56 31 8 74 6 65 64 44 29 38 34 53 16 72 13 67 4 61 20 22 9 3 83 45 41 82 26 88 24 81 21 39 10 1 
81 10 39 1 46 42 40 86 21 24 88 26 82 41 45 83 18 80 54 14 12 55 0 58 25 69 70 73 57 49 35 63 66 27 28 68 19 2 5 85 78 33 84 15 30 36 37 61 20 32 77 23 75 52 59 67 22 4 89 62 50 7 79 9 3 13 51 48 16 53 34 38 29 44 64 65 6 74 72 56 31 8 60 11 47 43 71 87 17 76 
44 64 65 74 6 8 31 56 60 87 17 76 24 21 81 10 39 1 86 40 42 46 58 0 55 12 14 54 80 18 7 79 62 50 63 35 49 70 69 25 73 57 19 68 2 28 27 66 5 85 89 78 33 84 15 30 36 37 61 20 32 77 23 59 52 75 38 34 53 72 16 48 51 71 43 11 47 82 26 88 41 45 83 3 9 22 4 67 13 29 
22 79 7 18 80 41 45 83 3 67 4 20 32 37 61 89 78 33 84 15 30 36 77 23 75 52 59 13 51 48 34 53 44 29 38 16 72 74 6 65 64 8 31 56 60 87 11 47 43 71 17 76 88 26 82 21 24 81 10 39 1 46 42 40 86 0 55 12 54 14 35 50 63 49 70 69 25 58 73 57 19 68 2 66 27 28 85 5 62 9 
86 40 42 46 1 39 10 81 24 88 26 82 41 45 83 3 9 50 62 79 7 18 80 14 54 12 55 0 58 69 25 70 73 57 49 35 63 66 27 28 68 19 2 85 5 89 78 33 84 15 30 36 37 61 20 32 77 23 22 4 67 59 52 38 75 29 44 53 34 48 16 72 74 6 65 64 8 31 56 60 87 11 47 43 71 51 13 76 17 21 
76 17 11 47 43 71 51 48 34 53 16 72 74 6 65 64 44 29 75 52 59 13 3 83 45 41 82 26 88 24 21 39 10 81 1 86 40 42 46 58 0 55 12 54 14 35 63 50 66 27 28 68 2 19 57 73 70 69 25 49 80 18 7 79 62 5 85 78 89 22 9 67 4 61 37 33 84 15 30 36 32 20 23 77 38 8 31 56 60 87 
17 76 88 24 21 81 10 39 1 46 58 25 69 70 73 57 19 68 2 49 35 50 63 66 27 28 85 5 89 78 33 84 15 30 36 77 23 75 38 34 16 48 51 71 43 47 11 87 60 56 31 8 74 6 65 64 44 29 53 72 52 59 67 4 61 37 32 20 22 9 79 62 7 18 80 12 54 14 55 0 42 40 86 26 82 41 45 83 3 13 
52 59 75 38 29 44 64 65 6 74 72 16 48 51 34 53 8 31 56 60 87 11 47 43 71 17 76 88 26 82 41 45 83 3 7 18 80 54 14 12 55 0 40 86 21 24 81 10 39 1 46 42 58 25 69 70 73 57 49 35 63 50 66 27 28 68 19 2 85 5 89 78 33 84 15 30 36 77 23 20 32 37 61 4 22 9 79 62 67 13 
81 21 24 88 26 82 41 45 83 3 9 79 62 50 63 35 14 54 12 55 0 40 86 42 46 58 25 69 70 73 57 49 2 68 19 28 27 66 5 85 78 89 33 84 15 36 30 37 61 20 32 77 23 75 52 59 29 38 34 16 48 51 72 53 44 64 65 6 74 8 31 56 60 87 11 47 43 71 17 76 13 67 4 22 7 18 80 1 39 10 
57 73 70 69 25 49 35 63 50 62 79 7 18 80 14 54 12 55 0 42 86 40 46 58 1 39 10 81 21 88 24 26 82 41 45 83 3 9 22 4 67 13 51 48 16 72 74 6 64 65 8 31 56 60 87 17 76 11 47 43 71 34 53 44 29 38 75 52 59 23 77 32 37 61 20 89 78 33 84 15 30 36 85 5 66 27 28 68 2 19 
8 31 56 60 87 11 47 43 71 51 48 34 53 38 75 52 59 67 4 22 62 50 63 35 14 54 12 55 0 42 46 58 25 69 70 73 57 49 2 68 19 28 27 66 85 5 89 78 33 84 15 30 36 37 61 20 32 77 23 29 44 64 65 6 74 72 16 13 45 83 3 7 79 9 18 80 41 82 26 88 24 81 39 10 21 86 40 1 76 17 
40 86 42 46 58 55 12 54 80 18 7 79 62 50 63 35 14 49 70 69 25 73 57 19 68 2 27 28 66 85 5 89 78 33 84 15 30 36 77 23 59 52 75 38 29 44 64 65 6 74 72 16 48 34 53 8 31 56 60 87 17 76 47 11 43 71 51 13 67 4 61 20 32 37 22 9 3 83 45 41 82 26 88 24 21 39 10 81 1 0 
78 89 22 9 79 7 18 80 54 12 55 0 42 46 40 86 21 24 88 26 82 41 45 83 3 67 4 20 61 37 32 77 23 59 52 75 38 29 44 53 34 16 72 74 6 65 64 8 31 56 60 87 11 47 43 71 51 48 13 76 17 81 10 39 1 58 25 69 70 73 57 19 68 2 27 28 66 63 35 14 49 50 62 5 85 33 30 36 84 15 
76 88 26 82 41 45 83 3 9 79 7 18 80 14 54 12 55 0 42 40 86 21 24 81 10 39 1 46 58 25 69 70 73 57 49 35 63 66 27 28 68 19 2 50 62 5 85 78 33 84 15 30 36 37 61 20 32 77 23 75 38 29 52 59 67 4 22 89 13 51 48 16 34 53 72 74 6 65 64 44 8 31 56 60 87 11 47 43 71 17 
3 83 45 41 82 26 88 24 21 76 17 11 47 43 71 51 48 16 34 53 38 75 52 59 13 67 4 20 61 30 36 84 15 33 37 32 77 23 29 44 64 6 65 74 72 31 8 56 60 87 81 10 39 1 86 40 42 46 58 0 55 12 14 54 80 18 7 79 62 50 63 35 49 70 69 25 73 57 19 68 2 27 28 66 85 5 89 78 22 9 
47 11 87 60 56 31 8 74 6 65 64 44 53 34 48 51 16 72 38 75 52 59 29 23 77 32 37 61 20 30 36 84 15 33 78 89 22 4 67 9 79 62 5 85 66 27 28 2 68 19 57 73 70 69 25 58 0 55 12 54 14 35 63 49 50 7 18 80 3 83 45 41 82 88 26 86 40 42 46 1 39 10 81 24 21 76 17 71 43 13 
52 59 67 3 83 45 41 82 26 21 86 40 0 58 42 46 1 39 10 81 24 88 76 17 47 11 87 60 56 31 8 65 64 6 74 72 16 48 51 71 43 13 18 80 14 54 12 55 25 69 70 73 57 49 35 63 50 66 27 28 68 19 2 5 85 78 89 62 79 7 9 22 4 61 20 32 37 33 84 15 30 36 77 23 29 38 75 44 53 34 
42 46 58 0 55 12 14 54 80 18 7 79 62 50 63 35 49 70 69 25 73 57 19 68 28 27 66 2 5 85 89 78 33 84 15 30 36 37 32 77 23 75 52 59 38 29 44 72 16 48 34 53 74 6 65 64 8 31 56 60 87 17 76 88 26 82 41 45 83 3 9 22 4 61 20 67 13 51 71 43 47 11 21 24 81 1 39 10 86 40 
62 79 7 18 80 54 14 12 55 0 42 46 1 39 10 81 24 88 26 82 41 45 83 3 9 67 4 61 20 32 37 33 78 89 5 85 2 68 19 28 27 66 50 63 35 49 70 73 57 69 25 58 40 86 21 76 17 43 47 11 87 60 56 31 8 65 64 6 74 72 16 48 51 71 13 59 52 75 38 34 53 44 29 23 77 36 30 84 15 22 
17 76 24 88 26 82 41 45 83 3 9 79 7 18 80 14 54 12 55 0 40 86 21 39 10 81 1 46 42 58 25 69 70 73 57 19 68 2 63 35 49 28 27 66 50 62 22 4 67 20 32 37 61 33 78 89 5 85 15 84 30 36 77 23 29 38 75 52 59 13 43 71 51 48 16 34 53 44 64 65 6 74 72 56 31 8 60 87 11 47 
63 50 62 79 7 18 80 54 14 35 49 70 69 25 73 57 19 68 2 66 27 28 85 5 89 78 33 84 30 36 15 32 77 23 59 52 75 38 29 44 53 34 16 72 74 6 65 64 8 31 56 60 87 11 47 43 71 51 48 13 67 4 20 61 37 22 9 3 83 45 41 82 26 88 24 21 39 10 81 17 76 1 86 40 42 46 58 0 55 12 
77 32 37 33 78 89 22 62 79 9 3 83 45 41 82 26 88 76 17 11 47 43 71 51 48 34 53 72 16 13 59 52 75 38 29 44 64 65 6 74 8 31 56 60 87 81 24 21 39 10 1 86 40 42 46 58 0 55 12 54 14 80 18 7 50 63 35 49 70 69 25 73 57 19 68 2 28 27 66 5 85 15 84 30 36 20 61 4 67 23 
81 24 88 26 21 39 10 1 86 40 42 46 58 0 55 12 14 54 80 18 7 79 62 50 63 35 49 70 69 25 73 57 19 2 68 28 27 66 85 5 89 78 33 84 15 30 36 37 32 77 23 75 38 29 44 53 34 16 48 51 72 74 6 65 64 8 31 56 60 87 11 47 43 71 13 83 3 9 22 4 61 20 59 52 67 45 41 82 76 17 
61 20 4 67 9 79 7 62 50 63 35 49 25 69 70 73 57 19 68 2 66 27 28 85 5 89 78 33 84 15 30 36 77 23 29 38 75 52 59 13 43 47 11 87 60 56 31 8 74 6 65 64 44 53 72 16 34 48 51 71 17 76 88 82 26 21 24 81 10 39 1 86 40 42 46 58 0 55 12 54 14 18 80 41 45 83 3 22 37 32 
24 21 39 10 81 1 46 42 40 86 26 82 41 45 83 18 80 54 12 55 0 58 25 69 70 73 57 49 35 14 50 63 66 27 28 68 19 2 85 5 62 7 79 9 3 67 22 4 61 20 32 37 33 78 89 84 15 30 36 77 23 75 29 38 52 59 13 48 51 71 43 47 11 87 60 56 31 8 74 6 65 64 44 53 34 16 72 17 76 88 
55 0 42 40 86 21 24 88 26 82 41 45 83 3 9 22 4 67 59 52 75 38 34 53 16 48 51 71 43 47 11 87 60 56 31 8 6 74 72 65 64 44 29 23 77 32 20 61 37 33 30 36 84 15 78 89 5 85 66 27 28 68 2 19 57 73 70 69 25 49 35 14 12 54 80 18 7 79 62 50 63 13 76 17 81 10 39 1 46 58 
21 39 10 81 24 88 82 26 86 40 42 46 58 0 55 12 54 80 18 7 79 62 50 63 35 14 49 70 69 25 73 57 19 68 2 66 27 28 85 5 89 78 33 84 15 36 30 37 61 20 32 77 23 75 52 59 67 4 22 9 3 83 45 41 43 47 11 87 60 56 31 8 74 6 65 64 44 29 38 53 34 48 16 72 71 51 13 17 76 1 
17 76 88 24 21 39 10 81 1 46 42 86 40 26 82 41 45 83 3 9 79 7 18 80 14 12 54 55 0 58 25 69 70 73 57 49 2 19 68 28 27 66 63 35 50 62 5 85 78 89 22 4 61 20 32 37 33 84 15 30 36 77 23 29 75 52 59 67 13 51 48 16 72 74 6 65 64 44 38 34 53 8 31 56 60 87 11 47 43 71 
4 67 20 32 37 61 22 62 79 7 3 83 45 41 82 26 88 21 24 81 10 39 1 86 40 42 46 58 0 55 12 54 14 35 63 50 5 85 66 27 28 68 2 19 57 73 49 70 69 25 80 18 9 13 52 75 38 29 44 6 74 72 16 48 51 71 43 47 11 17 76 87 60 56 31 8 65 64 53 34 59 23 77 36 30 84 15 33 78 89 
60 87 11 47 43 71 51 48 16 34 53 72 74 6 65 64 44 29 38 75 52 59 67 4 61 20 32 37 33 78 89 22 9 3 83 45 41 82 26 88 24 81 21 39 10 1 86 40 42 46 58 0 55 12 14 54 80 18 7 79 62 50 63 35 49 70 69 25 73 57 19 68 2 66 27 28 85 5 15 84 30 36 77 23 13 76 17 56 31 8 
74 6 65 64 44 29 38 34 53 72 16 48 51 71 11 87 17 76 88 24 81 10 39 1 46 42 40 86 21 26 82 41 45 83 3 9 79 7 18 80 54 12 55 0 58 25 69 70 73 57 49 35 14 63 50 5 85 27 28 68 19 2 66 62 22 4 20 61 37 33 78 89 15 84 30 36 77 32 23 75 52 59 67 13 43 47 60 56 31 8 
74 6 65 64 44 29 38 75 52 59 67 4 61 20 32 37 33 78 89 22 9 3 83 45 41 82 26 88 24 21 39 10 81 1 86 40 42 46 58 0 55 12 14 35 63 66 27 28 68 19 2 49 70 73 57 69 25 54 80 18 7 79 62 50 5 85 15 84 30 36 77 23 34 53 72 16 48 51 13 71 43 47 11 87 17 76 60 56 31 8 
81 24 21 39 10 1 86 40 42 46 58 0 55 12 54 14 80 18 7 79 62 50 63 35 49 70 69 25 73 57 19 68 2 66 27 28 85 5 89 78 33 84 15 30 36 37 61 20 4 67 3 83 9 22 13 45 41 82 26 88 76 43 71 51 48 16 34 53 38 75 52 59 23 77 32 29 44 64 65 6 74 72 56 31 8 60 87 11 47 17 
43 47 11 87 17 76 88 24 21 39 10 81 1 46 42 40 86 26 82 41 45 83 3 9 79 62 7 18 80 54 12 55 0 58 25 69 70 73 57 19 68 2 28 27 66 63 35 14 49 50 5 85 78 89 22 67 4 61 20 32 37 33 15 84 30 36 77 23 52 48 16 72 74 6 65 64 8 31 56 60 71 51 34 53 44 29 75 38 59 13 
15 84 30 36 37 33 78 89 22 4 67 9 79 7 18 80 14 54 12 55 0 42 40 86 21 24 88 26 82 41 45 83 3 13 51 48 16 34 53 38 75 52 59 20 61 32 77 23 29 44 64 65 6 74 72 56 31 8 60 87 11 47 43 71 76 17 81 10 39 1 46 58 25 69 70 73 57 19 68 2 27 28 66 63 50 35 49 62 5 85 
8 31 56 60 87 11 47 43 71 51 48 16 72 74 6 65 64 44 53 34 52 59 75 38 29 23 77 32 37 61 20 4 67 22 89 78 33 30 36 84 15 85 5 62 79 7 50 63 35 14 54 12 55 0 42 46 58 25 69 70 73 57 68 19 28 27 66 2 49 80 18 3 9 13 83 45 41 82 26 88 24 21 86 40 1 39 10 81 76 17 
17 76 88 24 21 39 10 81 1 86 40 42 46 58 0 55 12 54 14 35 63 50 5 66 27 28 68 19 57 73 70 69 25 49 2 85 78 89 62 79 7 18 80 3 9 22 4 67 20 61 37 33 84 15 36 30 32 77 23 59 52 38 75 29 44 53 34 48 16 72 74 6 65 64 31 8 56 60 87 11 47 43 71 51 13 83 45 41 82 26 
67 4 20 61 37 32 77 23 75 52 59 38 29 44 53 16 34 48 51 71 43 47 11 87 60 56 31 8 6 65 64 74 72 13 3 83 45 41 82 26 88 24 21 39 10 81 17 76 1 86 40 42 46 58 0 55 12 54 14 35 63 50 62 79 7 18 80 25 69 70 73 57 49 2 68 19 28 27 66 85 5 89 78 33 30 36 84 15 22 9 
13 59 52 38 53 34 48 16 72 74 6 65 64 44 29 75 23 77 32 20 22 89 78 33 84 15 36 30 37 61 4 67 9 79 7 50 62 5 85 66 27 28 68 19 2 63 35 14 54 12 55 0 40 86 42 46 58 25 69 70 73 57 49 80 18 3 83 45 41 82 26 88 21 24 81 10 39 1 76 17 47 11 87 60 56 31 8 71 43 51 
63 66 27 2 68 19 28 85 5 62 79 7 18 80 35 14 54 12 55 0 42 40 86 26 82 41 45 83 3 13 51 48 34 53 38 75 52 59 67 9 22 4 61 20 32 37 33 78 89 15 84 30 36 77 23 29 44 64 65 6 74 72 16 71 43 47 11 87 60 56 31 8 17 76 88 24 21 39 10 81 1 46 58 25 69 70 73 57 49 50 
76 17 87 11 47 43 71 13 67 4 22 7 18 80 14 35 63 50 62 79 9 3 83 45 41 82 26 88 21 24 81 10 39 1 86 40 42 46 58 0 55 12 54 49 70 69 25 73 57 19 68 2 27 28 85 66 5 89 78 33 30 36 84 15 37 61 20 32 77 23 75 38 34 53 74 6 65 64 44 29 52 59 48 51 16 72 56 31 8 60 
11 47 43 71 51 48 16 72 53 34 38 75 29 44 64 65 6 74 8 31 56 60 87 17 76 88 24 21 39 10 81 26 82 41 45 83 3 67 4 22 9 79 7 18 80 14 54 12 55 0 42 40 86 1 46 58 25 69 70 73 57 49 35 63 50 62 5 66 27 28 68 19 2 85 78 89 61 20 32 37 33 84 15 36 30 77 23 59 52 13 
63 2 68 19 28 27 66 5 85 89 78 33 37 32 20 61 4 67 22 9 3 83 45 41 82 26 88 24 21 39 10 81 76 17 87 60 56 31 8 65 64 6 74 72 16 34 48 51 71 47 11 43 13 59 52 75 38 53 44 29 23 77 30 36 84 15 62 79 7 18 80 54 12 55 0 42 46 1 86 40 58 25 69 70 73 57 49 35 14 50 
80 54 14 12 55 0 42 40 86 21 88 26 82 41 45 83 3 9 79 62 5 85 27 28 66 2 68 19 57 63 50 35 49 70 73 69 25 58 46 1 39 10 81 24 76 17 87 11 47 43 71 51 48 34 16 72 53 8 31 56 60 74 6 65 64 44 29 38 75 52 59 13 67 4 37 61 20 23 77 32 30 36 84 15 33 78 89 22 7 18 
22 9 79 62 7 18 80 54 14 12 55 0 42 46 1 39 10 81 24 21 88 76 17 47 11 87 60 56 31 8 74 6 65 64 44 53 38 75 52 59 13 43 71 51 48 16 72 34 29 23 77 32 37 30 36 33 84 15 78 89 61 20 4 67 3 83 45 41 82 26 86 40 58 25 69 70 73 57 49 35 63 50 66 27 28 68 19 2 5 85 
63 50 62 79 7 18 80 54 12 55 0 42 46 86 40 26 82 41 45 83 3 9 22 89 78 33 84 15 36 30 37 32 20 61 4 67 13 51 48 16 53 34 38 75 52 59 23 77 29 44 64 65 6 74 72 8 31 56 60 87 11 47 43 71 17 76 88 24 21 39 10 81 1 58 25 69 70 73 57 19 68 2 66 27 28 85 5 35 14 49 
71 43 47 11 87 17 76 88 26 82 41 45 83 3 9 79 7 18 80 54 12 55 0 42 46 40 86 21 24 81 39 10 1 58 25 69 70 73 57 49 2 68 19 28 27 66 85 5 62 50 63 35 14 67 4 22 89 78 33 84 30 36 15 37 61 20 32 77 23 75 52 59 34 53 38 29 44 64 65 6 74 8 31 56 60 72 16 48 51 13 
55 12 54 14 80 18 7 79 62 50 35 63 66 27 28 68 19 2 49 70 73 57 69 25 58 42 46 1 39 10 81 24 21 88 26 82 41 45 83 3 9 22 4 67 20 32 37 61 33 78 89 5 85 84 15 30 36 77 23 29 38 75 52 59 13 43 47 11 87 60 56 31 8 74 6 65 64 44 53 34 48 16 72 51 71 17 76 86 40 0 
24 88 26 82 41 45 83 3 9 22 79 7 18 80 14 54 12 55 0 42 46 58 25 69 70 73 57 49 35 63 50 62 5 85 27 28 19 68 2 66 78 89 33 84 15 30 36 37 32 77 23 75 52 59 67 4 20 61 13 51 48 16 72 74 6 65 64 44 29 38 34 53 8 31 56 60 87 11 47 43 71 17 76 81 10 39 1 86 40 21 
