43 0 17 52 21 12 32 27 58 13 7 4 19 54 46 1 5 51 68 11 62 2 24 49 35 63 50 16 30 18 39 48 34 15 56 37 66 3 9 41 55 67 60 61 14 42 28 40 33 26 29 8 22 59 23 20 25 57 38 45 65 36 69 53 10 6 47 31 44 64 
15 56 67 60 61 14 42 28 26 33 40 34 48 39 18 16 30 50 63 35 24 2 49 62 11 68 51 5 1 43 0 17 52 21 12 32 27 58 13 19 54 46 4 7 29 8 22 44 31 64 47 6 10 53 23 59 20 25 45 65 69 36 38 57 55 41 9 3 37 66 
0 43 17 52 21 12 32 27 58 13 7 4 19 54 46 1 5 51 68 11 49 62 2 24 35 63 50 16 30 66 3 37 56 15 48 39 18 34 40 33 26 28 42 14 61 60 67 55 41 9 57 38 36 65 45 69 53 10 6 47 31 64 44 59 23 20 25 22 8 29 
13 58 7 4 19 54 46 1 5 51 68 11 49 62 2 24 35 63 50 16 30 66 3 37 56 15 48 39 18 34 40 33 26 28 42 14 61 60 67 55 41 9 57 38 36 45 65 69 53 23 20 25 59 22 8 29 44 31 6 10 47 64 27 32 12 21 17 0 43 52 
7 4 19 54 46 1 5 51 68 11 62 49 2 24 35 63 50 16 30 18 39 48 15 34 56 37 3 66 9 41 55 67 60 61 14 42 28 26 40 33 29 8 22 59 23 20 25 45 65 36 38 57 69 53 10 6 47 31 44 64 27 32 12 21 17 0 43 52 13 58 
67 60 57 38 36 65 45 69 53 23 59 22 8 29 26 33 40 28 42 14 61 25 20 10 6 47 31 44 64 27 32 12 21 17 52 43 0 13 58 7 4 19 54 46 1 5 51 68 11 49 62 2 24 35 63 50 16 30 18 39 48 15 34 56 37 66 3 9 41 55 
66 3 9 41 55 57 38 36 65 45 69 53 10 6 47 31 64 44 59 23 20 25 61 14 42 28 26 33 40 34 48 39 18 16 30 50 63 35 24 2 49 62 11 68 51 5 1 43 0 17 52 21 12 32 27 58 13 19 54 46 7 4 29 8 22 60 67 15 56 37 
18 39 48 34 15 56 37 3 9 41 55 67 60 61 14 42 28 40 33 26 29 8 22 59 23 20 25 45 65 36 38 57 69 53 10 6 47 31 44 64 58 13 7 4 19 54 46 43 0 17 52 21 12 32 27 1 5 51 68 11 62 49 2 24 35 63 50 16 30 66 
14 42 28 40 33 26 8 29 4 7 13 58 27 32 12 21 52 43 0 17 19 54 46 1 5 51 68 11 49 62 2 24 35 63 50 16 30 18 39 48 34 15 56 67 60 61 25 20 23 59 22 44 31 64 47 6 10 53 69 65 45 36 38 57 55 41 9 3 37 66 
49 62 2 24 35 63 50 30 16 18 39 48 15 56 67 60 61 14 42 28 26 33 40 34 37 3 66 9 41 55 57 38 36 65 45 69 53 10 6 47 31 64 44 59 23 20 25 22 8 29 7 4 19 54 46 43 0 17 52 21 12 32 27 58 13 1 5 51 68 11 
13 58 7 4 19 54 46 1 5 51 68 11 49 62 2 24 35 63 50 16 30 66 3 37 56 15 34 48 39 18 40 33 26 28 42 14 61 60 67 55 41 9 57 38 36 45 65 69 53 23 20 25 59 22 8 29 44 31 6 10 47 64 27 32 12 21 17 52 43 0 
18 39 48 34 15 56 37 3 9 41 55 67 60 61 14 42 28 40 33 26 29 8 22 59 23 20 25 57 38 36 65 45 69 53 10 6 47 31 44 64 58 13 0 43 52 17 21 12 32 27 7 4 19 54 46 1 5 2 24 62 49 51 68 11 35 63 50 16 30 66 
4 7 19 54 46 1 5 51 68 11 49 62 2 24 35 63 50 16 30 18 39 48 34 15 56 37 66 3 9 41 55 67 60 61 14 42 28 26 33 40 29 8 22 59 23 20 25 45 65 36 38 57 69 53 10 6 47 31 64 44 27 32 12 21 17 52 43 0 13 58 
15 56 37 3 9 41 55 67 60 61 14 42 28 40 33 26 29 8 22 59 23 20 25 45 65 36 38 57 69 53 10 6 47 31 44 64 58 13 7 4 19 54 46 43 0 17 52 21 12 32 27 1 5 51 68 11 49 62 2 24 35 63 50 16 30 66 18 39 48 34 
48 34 15 56 37 3 9 41 55 67 60 61 14 42 28 40 33 26 29 8 22 59 23 20 25 45 65 36 38 57 69 53 10 6 47 31 64 44 27 32 12 21 52 43 0 17 13 58 7 4 19 54 46 1 5 51 68 11 49 62 2 24 35 50 63 16 30 66 18 39 
44 31 47 6 10 53 69 65 45 36 38 57 25 20 23 59 22 8 29 26 33 40 28 42 14 61 60 67 55 41 9 3 66 37 56 15 34 48 39 18 16 30 50 63 35 24 2 62 49 11 68 51 5 1 46 54 19 4 7 13 58 17 0 43 52 21 12 32 27 64 
18 39 48 34 15 56 67 60 61 14 42 28 33 40 26 29 8 22 44 31 64 58 13 19 7 4 54 46 1 5 51 68 11 62 49 2 24 43 0 17 52 21 12 32 27 47 6 10 53 23 59 25 20 45 65 69 36 38 57 55 41 9 3 37 66 30 16 50 63 35 
39 48 15 56 37 3 66 30 16 50 63 35 24 2 62 49 68 11 51 5 1 46 54 19 4 7 13 58 17 0 43 52 21 12 32 27 31 44 64 47 6 10 53 20 25 61 14 42 28 40 33 26 29 8 22 59 23 69 45 65 36 38 57 55 41 9 67 60 34 18 
38 57 60 67 55 41 9 37 3 66 30 16 50 63 35 24 2 62 49 68 11 51 5 1 43 0 17 52 21 12 32 27 58 13 7 4 19 54 46 18 39 48 15 56 34 40 33 26 28 42 14 61 25 20 23 59 22 8 29 44 31 64 47 6 10 53 69 45 65 36 
58 13 7 4 19 54 46 1 5 51 68 11 62 49 2 24 35 63 50 18 16 30 66 3 37 56 15 48 39 34 25 20 23 59 22 8 29 26 33 40 28 42 14 61 60 67 55 41 9 57 38 36 65 45 69 53 10 6 47 31 44 64 27 32 12 21 52 17 0 43 
63 35 50 16 30 18 39 48 34 15 56 37 66 3 9 41 55 67 60 61 14 42 28 26 33 40 29 8 22 59 23 20 25 57 38 45 65 36 69 53 10 6 47 31 44 64 58 13 7 4 19 54 46 0 43 17 52 21 12 32 27 1 5 51 68 11 62 49 2 24 
9 41 55 67 60 61 14 42 28 26 33 40 34 48 39 18 16 30 50 63 35 24 2 62 49 11 68 51 5 1 46 54 19 7 4 29 22 8 44 31 58 13 0 43 52 17 21 12 32 27 64 47 6 10 53 23 59 20 25 45 65 69 36 38 57 56 15 37 3 66 
67 60 57 38 36 65 45 69 53 23 59 22 8 29 26 33 40 28 42 14 61 25 20 10 6 47 31 44 64 27 32 12 21 17 52 43 0 13 58 7 4 19 54 46 1 5 51 68 11 49 62 2 24 35 63 50 16 30 18 39 48 15 34 56 37 66 3 9 41 55 
9 41 55 67 60 61 14 42 28 33 40 26 29 8 22 59 23 20 25 57 38 36 65 45 69 53 10 6 47 31 44 64 27 32 12 21 52 0 43 46 54 19 4 7 13 58 17 1 5 51 68 11 49 62 2 24 35 63 50 16 30 18 39 48 15 56 34 37 3 66 
9 41 55 67 60 61 14 42 28 26 33 40 29 8 22 59 23 20 25 38 57 45 65 36 69 53 10 6 47 31 44 64 58 13 7 4 19 54 46 43 0 17 52 21 12 32 27 1 5 51 68 11 62 49 2 24 35 63 50 16 30 18 39 48 34 15 56 37 3 66 
6 10 53 23 59 20 25 61 14 42 28 40 33 26 29 8 22 44 31 64 27 32 12 21 17 0 43 52 58 13 7 4 19 54 46 1 5 51 68 11 49 62 2 24 35 63 50 16 30 66 3 37 56 15 34 48 39 18 9 41 55 67 60 57 38 36 65 45 69 47 
13 58 44 59 23 20 25 22 8 29 7 4 19 54 46 1 5 51 68 11 49 62 2 24 35 63 50 16 30 66 3 37 9 41 55 67 60 61 14 42 28 26 33 40 34 48 39 18 15 56 57 38 36 65 45 69 53 10 6 47 31 64 27 32 12 21 52 43 0 17 
39 48 34 15 56 67 60 61 14 42 28 40 33 26 29 8 22 59 23 53 10 6 47 31 44 64 27 32 12 21 52 43 0 17 13 58 7 4 19 54 46 1 5 51 68 11 49 62 2 24 35 63 50 16 30 66 37 3 9 41 55 57 38 36 65 45 69 20 25 18 
25 20 23 59 22 8 29 26 33 40 28 42 14 61 60 67 55 41 9 3 37 56 15 34 48 18 39 66 30 16 50 63 35 24 2 62 49 68 11 51 5 1 46 54 19 7 4 13 58 27 32 12 21 17 52 0 43 64 31 44 47 6 10 53 69 65 45 36 38 57 
14 42 28 40 33 26 8 29 4 7 19 54 46 1 5 51 68 11 49 62 2 24 35 63 50 16 30 18 39 48 34 15 56 37 66 3 9 41 55 67 60 61 25 20 23 59 22 44 31 64 27 32 12 21 17 0 43 52 13 58 47 6 10 53 69 65 36 45 38 57 
19 4 7 13 43 0 17 52 21 12 32 27 58 64 31 44 59 23 20 25 57 38 36 65 45 69 53 10 6 47 22 8 29 26 28 42 14 61 60 67 55 41 9 3 37 66 30 16 50 63 35 18 39 48 15 56 34 40 33 24 62 2 49 68 11 51 5 1 46 54 
24 2 62 49 11 68 51 5 1 43 0 17 52 21 12 32 27 58 13 19 54 46 7 4 29 8 22 59 23 20 25 61 60 67 56 15 34 40 33 26 28 42 14 44 31 64 47 6 10 53 69 65 36 45 38 57 55 41 9 3 37 66 30 16 18 39 48 63 35 50 
3 37 9 41 55 67 60 61 14 42 28 40 33 26 29 8 22 59 23 20 25 45 65 36 38 57 69 53 10 6 47 31 44 64 17 0 43 52 21 12 32 27 58 13 7 4 19 54 46 1 5 51 68 11 49 62 2 24 35 63 50 16 30 18 39 48 15 56 34 66 
66 37 3 9 41 55 57 38 36 65 69 45 20 25 61 14 42 28 40 33 26 29 8 22 59 23 53 10 6 47 31 44 64 58 13 27 32 12 21 52 17 0 43 46 54 19 4 7 1 5 51 68 11 49 62 2 24 35 63 50 16 30 18 39 48 15 56 34 60 67 
22 8 29 26 33 40 28 42 14 61 25 20 23 53 10 6 47 31 44 64 27 32 12 21 52 43 0 17 13 58 7 4 19 54 46 1 5 51 68 11 62 49 2 24 63 35 50 16 30 66 3 37 56 15 48 39 18 34 60 67 55 41 9 57 38 36 45 65 69 59 
37 3 9 41 55 67 60 61 14 42 28 40 33 26 29 8 22 59 23 20 25 45 65 36 38 57 69 53 10 6 47 31 44 64 27 32 12 21 17 0 43 46 54 19 7 4 13 58 52 1 5 51 68 11 62 49 2 24 35 63 50 16 30 18 39 48 34 15 56 66 
17 0 43 52 21 12 32 27 58 13 19 54 46 1 5 51 68 11 62 49 2 24 35 63 50 16 30 18 39 48 34 15 56 37 66 3 9 41 55 67 60 61 14 42 28 40 33 26 4 7 29 8 22 59 23 20 25 45 65 36 38 57 69 53 10 6 47 31 64 44 
58 13 7 4 19 54 46 1 5 51 68 11 49 62 2 24 35 63 50 16 30 18 39 48 34 15 56 37 66 3 9 41 55 67 60 61 14 42 28 26 33 40 29 8 22 59 23 20 25 45 65 36 38 57 69 53 10 6 47 31 44 64 27 32 12 21 52 17 0 43 
58 13 7 4 19 54 46 1 5 51 68 11 49 62 2 24 35 63 50 16 30 18 39 48 34 15 56 37 66 3 9 41 55 67 60 61 14 42 28 26 33 40 29 8 22 59 23 20 25 45 65 36 38 57 69 53 10 6 47 31 44 64 27 32 12 21 52 17 0 43 
20 25 61 14 42 28 40 33 26 29 8 22 59 23 53 10 6 47 31 44 64 27 32 12 21 52 43 0 17 13 58 7 4 19 54 46 1 5 51 68 11 49 62 2 24 35 63 50 16 30 66 3 37 56 15 34 48 39 18 9 41 55 67 60 57 38 36 65 45 69 
30 16 18 39 48 34 15 56 37 3 9 41 55 67 60 61 14 42 28 40 33 26 29 8 22 59 23 20 25 45 65 36 38 57 69 53 10 6 47 31 44 64 27 32 12 21 52 43 0 17 13 58 7 4 19 54 46 1 5 51 68 11 49 62 2 24 35 63 50 66 
25 20 23 59 22 8 29 7 4 26 33 40 28 42 14 61 60 67 9 41 55 57 38 36 65 45 69 53 10 6 47 31 44 64 27 32 12 21 52 43 0 17 13 58 19 54 46 1 5 51 68 11 62 49 2 24 35 63 50 16 30 66 3 37 56 15 34 48 39 18 
39 48 34 15 56 67 60 61 14 42 28 40 33 26 29 8 22 59 23 20 25 57 38 36 65 45 69 53 10 6 47 31 44 64 27 32 12 21 52 43 0 17 13 58 7 4 19 54 46 1 5 51 68 11 49 62 2 24 35 63 50 16 30 18 37 3 9 41 55 66 
39 48 34 15 56 37 3 9 41 55 67 60 61 14 42 28 26 40 33 29 8 22 59 23 20 25 45 65 36 38 57 69 53 10 6 47 31 44 64 27 32 12 21 17 0 43 52 13 58 7 4 19 54 46 1 5 51 68 11 49 62 2 24 35 63 50 16 30 18 66 
58 13 7 4 19 54 46 1 5 51 68 11 62 49 2 24 35 63 50 16 30 18 39 48 34 15 56 66 37 3 9 41 55 67 60 61 14 42 28 40 33 26 29 8 22 59 23 20 25 57 38 36 65 45 69 53 10 6 47 31 44 64 27 32 21 12 52 17 0 43 
3 37 56 15 34 48 39 18 30 16 50 63 35 24 2 62 49 68 11 51 5 1 43 0 17 52 21 12 32 27 58 13 7 4 19 54 46 29 8 22 59 23 20 25 57 38 36 45 65 69 53 10 6 47 31 44 64 26 33 40 28 42 14 61 60 67 55 41 9 66 
34 15 56 37 3 66 30 18 16 50 63 35 24 2 62 49 68 11 51 5 1 43 0 17 52 21 12 32 27 58 13 7 4 19 54 46 33 40 28 26 42 14 61 25 20 23 59 22 8 29 44 31 64 47 6 10 53 69 45 65 36 38 57 55 41 9 67 60 48 39 
57 38 67 60 61 14 42 28 40 33 26 29 8 22 59 23 20 25 45 65 36 69 53 10 6 47 31 64 44 27 32 12 21 17 0 43 52 13 58 7 4 19 54 46 1 5 51 68 11 49 62 2 24 35 63 50 16 30 37 56 15 34 48 39 18 66 3 9 41 55 
67 60 61 14 42 28 40 33 26 29 8 22 59 23 20 25 45 65 36 38 57 69 53 10 6 47 31 44 64 27 32 12 21 17 0 43 52 13 58 7 4 19 54 46 1 5 51 68 11 49 62 2 24 35 63 50 16 30 37 56 15 34 48 39 18 66 3 9 41 55 
18 39 48 15 56 9 41 55 67 60 61 14 42 28 40 33 26 29 8 22 59 23 20 25 45 65 36 38 57 69 53 10 6 47 31 44 64 27 32 12 21 17 43 0 52 13 58 7 4 19 54 46 1 5 51 68 11 62 49 2 24 35 63 50 16 30 66 3 37 34 
16 30 18 39 48 34 15 56 37 3 9 41 55 67 60 61 14 42 28 26 33 40 29 8 22 59 23 20 25 45 65 36 38 57 69 53 10 6 47 31 44 64 27 32 12 21 52 43 0 17 13 58 7 4 19 54 46 1 5 51 68 11 62 49 2 24 35 63 50 66 
61 14 42 28 26 33 40 34 48 39 18 16 30 50 63 35 24 2 62 49 68 11 51 5 1 46 54 19 4 7 29 8 22 59 20 25 23 53 10 6 47 31 44 64 58 13 17 0 43 52 21 12 32 27 69 45 65 36 38 57 55 41 9 66 3 37 56 15 67 60 
37 3 9 41 55 67 60 61 14 42 28 40 33 26 29 8 22 59 23 20 25 57 38 36 65 45 69 53 10 6 47 31 44 64 58 13 7 4 19 54 46 1 43 0 52 17 21 12 32 27 5 51 68 11 49 62 2 24 35 63 50 16 30 18 39 48 34 15 56 66 
17 0 43 1 5 51 68 11 62 49 2 24 35 63 50 16 30 66 3 37 56 15 48 39 18 34 40 33 26 28 42 8 22 59 23 20 25 61 14 60 67 55 41 9 57 38 45 65 36 69 53 10 6 47 31 64 44 29 7 4 19 54 46 13 58 27 32 12 21 52 
3 37 56 15 34 48 39 18 16 30 50 63 35 24 2 62 49 68 11 51 5 1 43 0 17 52 21 12 32 27 58 13 7 4 19 54 46 29 8 22 59 23 20 25 61 14 42 28 40 33 26 44 31 64 47 6 10 53 69 65 45 36 38 57 67 60 55 41 9 66 
19 54 46 1 5 51 68 11 62 49 2 24 35 63 50 16 30 18 39 48 15 56 37 3 66 9 41 55 67 60 57 38 36 65 45 20 23 59 22 8 29 28 26 33 40 34 42 14 61 25 69 53 10 6 47 31 44 64 27 32 21 12 17 0 43 52 13 58 7 4 
22 8 29 4 7 19 54 46 1 43 0 17 52 21 12 32 27 58 13 5 51 68 49 11 62 24 2 35 63 50 16 30 66 37 3 9 41 55 67 60 61 14 42 28 26 33 40 34 48 39 18 15 56 57 38 36 69 65 45 20 25 59 23 53 10 6 47 31 64 44 
45 65 36 38 57 25 20 23 59 22 8 29 26 33 40 28 42 14 61 60 67 55 41 9 3 37 39 48 34 15 56 66 30 18 16 50 63 35 24 2 62 49 68 11 51 5 1 46 54 19 4 7 13 58 27 32 12 21 52 17 0 43 64 31 44 47 6 10 53 69 
69 65 45 36 38 57 25 20 23 59 22 8 29 26 33 40 28 42 14 61 60 67 55 41 9 56 15 34 18 39 48 37 3 66 30 16 50 63 35 24 2 62 49 68 11 51 5 1 46 54 19 7 4 13 58 27 32 21 12 52 17 0 43 64 31 44 47 6 10 53 
52 17 0 43 1 5 51 49 68 11 62 24 2 46 54 19 4 7 58 13 29 8 22 59 23 20 25 61 14 42 28 26 33 40 34 48 39 18 63 35 50 16 30 66 3 37 56 15 67 60 55 41 9 57 38 36 65 45 69 53 10 6 47 31 44 64 27 32 12 21 
68 11 62 49 2 24 35 63 50 16 30 66 3 37 56 15 34 48 39 18 40 33 26 28 42 14 61 60 67 9 41 55 57 38 36 65 45 69 20 25 23 59 22 8 29 7 4 19 54 46 13 58 64 31 47 6 10 53 44 27 32 12 21 17 0 43 52 1 5 51 
38 57 67 60 61 14 42 28 40 33 26 29 8 22 59 23 20 25 45 65 36 69 53 10 6 47 44 31 64 27 32 12 21 17 52 43 0 13 58 7 4 19 54 46 1 5 51 68 49 62 2 24 11 35 63 50 16 30 18 39 48 34 15 56 37 3 66 9 41 55 
0 17 52 43 1 5 51 68 11 62 49 2 24 35 63 50 16 30 18 39 48 34 15 56 37 66 3 9 41 55 67 60 61 14 42 28 40 33 26 29 8 22 59 23 20 25 57 38 36 65 45 69 53 10 6 47 31 44 64 27 32 12 21 54 19 7 4 13 58 46 
0 17 52 43 1 5 51 68 11 49 62 2 24 63 35 50 18 16 30 66 3 37 56 15 48 39 34 28 40 33 26 29 8 22 44 64 31 47 6 10 53 23 59 20 25 45 69 65 36 38 57 55 41 9 67 60 61 14 42 4 7 19 54 46 13 58 27 32 12 21 
37 3 9 41 55 67 60 61 14 42 28 26 33 40 34 48 39 18 16 50 63 35 24 2 62 49 11 68 51 5 1 43 0 17 52 21 12 32 27 58 13 7 19 54 46 4 29 8 22 44 31 64 47 6 10 53 23 59 20 25 45 69 65 36 38 57 56 15 30 66 
60 67 15 56 34 48 39 18 16 30 50 63 35 24 2 62 49 11 68 51 5 1 43 0 17 52 21 12 32 27 58 13 7 4 19 54 46 26 33 40 28 42 14 61 25 20 23 59 22 8 29 44 31 64 47 6 10 53 69 65 45 36 38 57 55 41 9 3 37 66 
37 3 9 41 55 57 38 36 65 69 45 20 25 59 23 53 10 6 47 31 44 64 27 32 21 12 52 43 0 17 13 58 7 4 19 54 46 1 5 51 68 11 49 62 2 24 35 63 50 16 30 18 39 48 34 40 28 26 33 29 8 22 42 14 61 60 67 15 56 66 
13 58 27 32 12 21 17 0 43 52 1 5 51 68 11 49 62 2 24 54 46 19 4 7 29 8 22 59 23 20 25 61 14 42 28 26 33 40 34 15 56 48 39 18 16 50 63 35 30 66 3 37 9 41 55 67 60 57 38 45 65 36 69 53 10 6 47 31 44 64 
18 39 48 34 15 56 37 3 9 41 55 67 60 61 14 42 28 40 33 26 29 8 22 59 23 20 25 45 65 36 38 57 69 53 10 6 47 31 44 64 27 32 12 52 43 0 17 21 58 13 7 4 19 54 46 1 5 51 68 11 62 49 2 24 35 63 50 16 30 66 
59 23 20 25 45 65 36 38 57 55 41 9 37 3 66 30 16 50 63 35 24 2 62 49 11 68 51 5 1 43 0 17 52 21 12 32 27 58 13 7 4 19 54 46 33 26 28 42 14 61 60 67 56 15 48 39 18 34 40 8 29 22 44 31 64 47 6 10 53 69 
66 37 3 9 41 55 67 60 61 14 42 28 40 33 26 29 8 22 59 23 20 25 45 65 36 38 57 69 53 10 6 47 31 44 64 58 27 32 12 21 17 0 43 52 13 7 4 19 54 46 1 5 51 68 11 62 2 24 49 35 63 50 16 30 18 39 48 34 15 56 
0 17 52 43 46 54 19 4 7 13 58 21 12 32 27 64 31 44 47 6 10 53 23 59 25 20 45 69 65 36 38 57 55 41 9 3 37 56 15 34 40 28 26 33 29 8 22 42 14 61 60 67 48 39 18 16 30 66 50 63 35 24 2 62 49 11 68 51 5 1 
9 41 55 25 20 23 59 22 8 29 26 33 40 28 42 14 61 60 67 57 38 36 65 45 69 53 10 6 47 31 44 64 58 13 17 0 43 52 21 12 32 27 7 4 19 54 46 1 5 51 68 11 62 49 2 24 35 63 50 16 30 18 39 48 34 15 56 37 3 66 
56 15 34 48 39 18 16 30 50 63 35 24 2 62 49 68 11 51 5 1 43 0 17 52 21 12 32 27 58 13 19 54 46 4 7 29 8 22 59 23 20 25 61 14 42 28 40 33 26 44 31 64 47 6 10 53 69 45 65 36 38 57 67 60 55 41 9 3 37 66 
18 39 48 34 15 56 37 3 9 41 55 67 60 61 14 42 28 33 40 26 29 8 22 59 23 20 25 57 38 36 65 45 69 53 10 6 47 31 44 64 27 32 12 21 52 43 0 17 13 58 7 4 19 54 46 1 5 51 68 11 62 49 2 24 63 35 50 16 30 66 
58 13 19 54 46 1 5 51 68 11 62 49 2 24 35 63 50 16 30 18 39 48 34 67 57 25 20 23 59 22 8 29 44 31 64 47 6 10 53 69 45 65 36 38 55 41 9 3 66 37 56 15 60 61 14 42 28 40 33 26 4 7 17 0 43 52 21 12 32 27 
43 0 17 52 12 21 32 27 58 13 19 54 46 1 5 51 68 11 62 49 2 24 35 63 50 16 30 18 39 48 34 15 56 37 66 3 9 41 55 67 60 61 14 42 28 40 33 26 29 8 22 59 23 20 25 45 65 36 38 57 69 53 10 6 47 31 64 44 7 4 
56 15 34 48 39 18 16 30 50 63 35 24 2 62 49 11 68 51 5 1 43 0 17 52 21 12 32 27 58 13 7 4 19 54 46 33 40 28 26 42 14 61 25 20 23 59 22 8 29 64 31 44 47 6 10 53 69 65 45 36 38 57 67 60 55 41 9 3 37 66 
0 43 52 21 12 32 27 64 58 13 7 4 19 54 46 1 5 51 49 68 11 62 2 24 35 63 50 16 30 66 37 3 9 41 55 57 38 36 45 65 69 20 25 59 23 53 10 6 47 31 44 22 8 29 26 28 42 14 61 60 67 56 15 34 48 39 18 40 33 17 
61 14 42 28 40 26 33 4 7 13 58 29 8 22 59 23 20 25 38 57 45 65 36 69 53 10 6 47 31 44 64 27 32 12 21 52 17 0 43 46 54 19 1 5 51 68 11 49 62 2 24 35 63 50 16 30 66 3 37 56 15 34 48 39 18 9 41 55 67 60 
58 13 19 54 46 1 5 51 68 11 62 49 2 24 35 63 50 16 30 37 15 56 67 60 61 14 42 28 26 33 40 34 48 39 18 66 3 9 41 55 57 38 36 69 65 45 20 25 59 23 53 10 6 47 31 64 44 22 8 29 4 7 43 0 17 52 21 12 32 27 
3 37 56 15 34 48 39 18 16 30 50 63 35 62 2 24 49 11 68 51 5 1 46 54 19 4 7 29 8 22 59 23 20 25 61 14 42 28 26 33 40 13 58 17 0 43 52 21 12 32 27 64 31 44 47 6 10 53 69 65 36 45 38 57 67 60 55 41 9 66 
58 13 7 4 19 54 46 1 5 51 68 11 49 62 2 24 35 63 50 16 18 39 48 34 15 56 37 66 30 3 9 41 55 67 60 61 14 42 28 26 33 40 8 29 22 59 23 20 25 45 65 36 38 57 69 53 10 6 47 31 44 64 27 32 12 21 17 0 43 52 
27 32 12 21 17 0 43 52 13 58 7 4 19 54 46 1 5 51 68 11 62 49 2 24 35 63 50 16 30 18 39 48 34 15 56 37 3 66 9 41 55 57 38 36 65 45 20 23 59 22 8 29 26 33 40 28 42 14 61 60 67 25 69 53 10 6 47 31 44 64 
24 2 62 49 11 68 51 5 1 46 54 19 4 7 13 58 17 0 43 52 21 12 32 27 64 31 44 47 6 10 53 23 20 25 57 38 36 45 65 69 59 22 8 29 26 28 42 14 61 60 67 55 41 9 3 37 66 30 16 50 63 35 18 39 48 34 15 56 40 33 
52 21 12 32 27 58 13 7 4 19 54 46 1 5 51 68 11 62 49 2 24 35 63 50 16 30 18 39 48 34 15 56 37 3 66 9 41 55 67 60 61 14 42 26 28 40 33 29 8 22 59 23 20 25 38 57 45 65 36 69 53 10 6 47 31 44 64 43 0 17 
15 56 34 48 39 18 16 30 66 3 37 9 41 55 67 60 61 14 42 28 26 33 40 29 8 22 59 23 20 25 45 65 36 38 57 69 53 10 6 47 31 44 64 27 32 12 21 17 0 43 52 13 58 7 4 19 54 46 1 5 51 68 11 49 62 2 24 35 63 50 
52 17 0 43 13 19 54 46 1 5 51 68 11 49 62 24 2 35 63 50 16 30 18 39 48 34 15 56 37 66 3 9 41 55 67 60 61 14 42 28 26 33 40 4 7 29 8 22 59 23 20 25 45 65 36 38 57 69 53 10 6 47 31 44 64 58 27 32 12 21 
21 12 32 27 58 13 19 54 46 1 43 0 17 52 5 51 68 11 62 49 2 24 35 63 50 16 30 18 39 48 34 15 56 37 66 3 9 41 55 67 60 61 14 42 28 26 33 40 4 7 29 8 22 59 23 20 25 45 65 36 38 57 69 53 10 6 47 31 44 64 
33 40 28 42 14 61 60 67 56 15 34 48 39 18 63 35 50 16 30 66 3 37 9 41 55 57 38 36 65 45 69 53 10 6 47 31 44 59 23 20 25 22 8 29 26 4 7 13 58 64 27 32 21 12 52 17 0 43 1 46 54 19 5 51 68 11 62 49 2 24 
7 4 33 40 28 26 42 14 61 60 67 25 20 23 59 22 8 29 19 54 46 1 5 51 68 11 49 62 2 24 35 63 50 16 30 66 18 39 48 34 15 56 37 3 9 41 55 57 38 36 65 45 69 53 10 6 47 31 44 64 27 32 12 21 17 0 43 52 13 58 
66 37 56 15 48 39 18 16 30 50 63 35 24 2 62 49 68 11 51 5 1 46 54 19 7 4 29 8 22 42 28 26 33 40 34 67 60 61 14 25 20 23 59 44 31 64 58 13 17 0 43 52 21 12 32 27 47 6 10 53 69 45 65 36 38 57 55 41 9 3 
64 27 32 12 21 52 43 0 17 13 58 7 4 19 54 46 1 5 51 68 11 62 49 2 24 35 63 50 16 30 18 39 48 15 56 37 66 3 9 41 55 67 60 61 14 42 28 26 33 40 34 8 29 22 59 23 20 25 45 65 36 38 57 69 53 10 6 47 31 44 
65 36 38 57 55 41 9 3 37 66 56 15 34 48 39 18 16 30 50 63 35 2 24 62 49 11 68 51 5 1 46 54 19 7 4 29 26 28 40 33 42 14 61 60 67 25 20 23 59 22 8 58 13 0 43 52 17 21 12 32 27 64 31 44 47 6 10 53 69 45 
39 48 34 15 56 9 41 55 57 38 36 69 65 45 20 25 59 23 53 10 6 47 31 64 44 22 8 29 26 33 40 28 42 14 61 60 67 3 37 66 30 16 50 63 35 24 2 62 49 11 68 51 5 1 43 0 17 52 21 12 32 27 58 13 19 7 4 46 54 18 
32 12 21 52 17 0 43 13 7 4 19 54 46 1 5 51 68 11 49 62 2 24 35 63 50 16 30 66 3 37 56 15 48 39 18 34 40 33 26 28 42 14 61 60 67 55 41 9 57 38 36 65 45 69 20 25 59 23 53 10 6 47 31 44 22 8 29 58 64 27 
18 39 48 34 15 56 37 3 9 41 55 67 60 61 14 42 28 40 33 26 29 8 22 59 23 20 25 69 65 36 38 57 45 53 10 47 6 44 31 64 27 32 12 21 52 43 0 17 13 58 7 4 19 54 46 1 5 51 68 11 2 24 62 49 35 63 50 16 30 66 
0 17 52 21 12 32 27 58 13 7 4 26 33 40 34 15 56 37 66 3 9 41 55 57 38 36 65 45 69 53 10 6 47 31 44 64 29 8 22 59 23 20 25 61 14 42 28 60 67 48 39 18 16 30 50 63 35 24 2 62 49 68 11 51 5 1 46 54 19 43 
18 39 48 34 15 56 9 41 55 67 60 61 14 42 28 40 33 26 29 8 22 59 23 20 45 65 36 38 57 25 69 53 10 6 47 31 44 64 27 32 12 21 17 52 43 0 13 58 7 4 19 54 46 1 5 51 68 11 62 49 2 24 35 63 50 16 30 66 3 37 
3 37 56 15 34 48 39 18 16 30 50 63 35 24 2 62 49 68 11 51 5 1 43 0 17 52 21 12 32 27 58 13 7 4 19 54 46 33 26 28 40 42 14 61 25 20 23 59 22 8 29 44 31 64 47 6 10 53 69 65 45 36 38 57 67 60 55 41 9 66 
