3 18 22 24 8 23 10 1 6 5 32 19 28 33 20 31 2 12 29 17 14 13 11 7 9 15 27 34 26 16 25 0 21 30 4 
3 30 21 0 25 27 34 15 29 17 14 13 11 7 9 12 2 31 20 33 28 19 32 5 6 1 10 23 8 24 22 18 16 26 4 
0 21 30 4 3 18 22 24 8 23 10 1 6 5 32 19 28 33 20 31 2 12 29 9 7 11 13 14 17 27 15 34 26 16 25 
26 16 4 25 0 21 30 3 18 22 24 8 23 10 1 6 5 32 19 28 33 20 31 2 12 29 9 7 11 13 14 17 27 15 34 
5 32 19 28 33 20 31 2 12 29 9 7 11 13 14 17 15 27 34 26 16 25 0 21 30 4 3 18 22 24 8 23 10 1 6 
7 11 13 14 17 29 15 27 34 26 16 4 25 0 21 30 3 18 22 24 8 23 10 1 6 5 32 19 28 33 20 31 2 12 9 
25 0 21 30 4 3 18 22 24 8 23 10 1 6 5 32 19 28 33 20 31 2 12 29 9 7 11 13 14 17 27 15 34 26 16 
25 0 21 30 4 3 18 22 24 8 23 10 1 6 5 32 19 28 33 20 31 2 12 29 9 7 11 13 14 17 15 27 34 26 16 
32 19 28 33 20 31 2 12 29 17 9 7 11 13 14 27 15 34 26 16 25 0 21 30 4 3 18 22 24 8 23 10 1 6 5 
19 28 33 20 31 2 12 29 9 7 11 13 14 17 15 27 34 26 16 25 0 21 30 4 3 18 22 24 8 23 10 1 6 5 32 
15 27 34 26 16 4 25 0 21 30 3 18 22 24 8 23 10 1 6 5 32 19 28 33 20 31 2 12 29 9 7 11 13 14 17 
25 0 21 30 4 3 18 22 24 8 23 10 1 6 5 32 19 28 33 20 31 2 12 29 9 7 11 13 14 17 27 15 34 26 16 
16 26 34 27 15 17 14 13 11 7 9 29 12 2 31 20 33 28 19 32 5 6 1 10 23 8 24 22 18 3 30 21 0 25 4 
2 31 20 33 28 19 32 5 6 1 10 23 8 24 22 18 3 4 30 21 0 25 26 16 34 27 15 17 14 13 11 7 9 29 12 
22 24 8 23 10 1 6 5 32 19 28 33 20 31 2 12 29 9 7 11 13 14 17 27 15 34 26 16 25 0 21 30 4 3 18 
30 4 3 18 22 24 8 23 10 1 6 5 32 19 28 33 20 31 2 12 29 9 7 11 13 14 17 15 27 34 26 16 25 0 21 
30 4 16 18 22 24 8 23 10 1 6 5 32 19 28 33 20 31 2 12 29 9 7 11 13 14 17 27 15 34 26 25 0 21 3 
6 5 32 19 28 33 20 31 2 12 29 9 7 11 13 14 17 15 27 34 26 16 4 25 0 21 30 3 18 22 24 8 23 10 1 
6 5 32 19 28 33 20 31 2 12 29 9 7 11 13 14 17 15 27 34 26 16 4 25 0 21 30 3 18 22 24 8 23 10 1 
28 33 20 31 2 12 29 9 7 11 13 14 17 27 15 34 26 16 25 0 21 30 4 3 18 22 24 8 23 10 1 6 5 32 19 
3 18 22 24 8 23 10 1 6 5 32 19 28 33 20 31 2 12 29 9 7 11 13 14 17 15 27 34 26 16 25 0 21 30 4 
18 22 24 8 23 10 1 6 5 32 19 28 33 20 31 2 12 29 9 7 11 13 14 17 27 15 34 26 25 0 21 30 3 4 16 
17 29 15 27 34 26 16 4 25 0 21 30 3 18 22 24 8 23 10 1 6 5 32 19 28 33 20 31 2 12 9 7 11 13 14 
22 24 8 23 10 1 6 5 32 19 28 33 20 31 2 12 29 9 7 11 13 14 17 15 27 34 26 16 25 0 21 30 4 3 18 
10 1 6 5 32 19 28 33 20 31 2 12 29 17 9 7 11 13 14 27 15 34 26 16 25 0 21 30 4 3 18 22 24 8 23 
15 27 34 26 16 25 0 21 30 4 3 18 22 24 8 23 10 1 6 5 32 19 28 33 20 31 2 12 29 9 7 11 13 14 17 
30 21 0 25 27 34 15 17 14 13 11 7 9 29 12 2 31 20 33 28 19 32 5 6 1 10 23 8 24 22 18 16 26 4 3 
25 0 21 30 4 3 18 22 24 8 23 10 1 6 5 32 19 28 33 20 31 2 12 29 9 7 11 13 14 17 15 27 34 26 16 
25 0 21 30 4 3 18 22 24 8 23 10 1 6 5 32 19 28 33 20 31 2 12 29 9 7 11 13 14 17 15 27 34 26 16 
4 16 18 22 24 8 23 10 1 6 5 32 19 28 33 20 31 2 12 29 9 7 11 13 14 17 15 27 34 26 25 0 21 30 3 
25 0 21 30 4 3 18 22 24 8 23 10 1 6 5 32 19 28 33 20 31 2 12 29 9 7 11 13 14 17 15 27 34 26 16 
21 0 25 27 34 15 17 14 13 11 7 9 29 12 2 31 20 33 28 19 32 5 6 1 10 23 8 24 22 18 16 26 4 30 3 
4 25 0 21 30 3 18 22 24 8 23 10 1 6 5 32 19 28 33 20 31 2 12 29 9 7 11 13 14 17 15 34 27 26 16 
32 19 28 33 20 31 2 12 29 9 7 11 13 14 17 15 27 34 26 16 25 0 21 30 4 3 18 22 24 8 23 10 1 6 5 
23 10 1 6 5 32 19 28 33 20 31 2 12 9 7 11 13 14 17 29 15 27 34 26 16 4 25 0 21 30 3 18 22 24 8 
25 0 21 30 4 3 18 22 24 8 23 10 1 6 5 32 19 28 33 20 31 2 12 29 9 7 11 13 14 17 15 27 34 26 16 
16 26 34 27 15 17 14 13 11 7 9 29 12 2 31 20 33 28 19 32 5 6 1 10 23 8 24 22 18 3 30 21 0 25 4 
25 0 21 30 4 3 18 22 24 8 23 10 1 6 5 32 19 28 33 20 31 2 12 29 9 7 11 13 14 17 15 27 34 26 16 
4 25 0 21 30 3 18 22 24 8 23 10 1 6 5 32 19 28 33 20 31 2 12 29 9 7 11 13 14 17 15 27 34 26 16 
3 4 26 16 18 22 24 8 23 10 1 6 5 32 19 28 33 20 31 2 12 29 9 7 11 13 14 17 15 34 27 25 0 21 30 
18 22 24 8 23 10 1 6 5 32 19 28 33 20 31 2 12 29 9 7 11 13 14 17 15 27 34 26 16 4 25 0 21 30 3 
16 26 34 27 15 17 14 13 11 7 9 29 12 2 31 20 33 28 19 32 5 6 1 10 23 8 24 22 18 3 30 21 0 25 4 
22 24 8 23 10 1 6 5 32 19 28 33 20 31 2 12 29 9 7 11 13 14 17 15 27 34 26 16 25 0 21 30 4 3 18 
25 0 21 30 4 3 18 22 24 8 23 10 1 6 5 32 19 28 33 20 31 2 12 29 9 7 11 13 14 17 15 27 34 26 16 
3 18 22 24 8 23 10 1 6 5 32 19 28 33 20 31 2 12 29 9 7 11 13 14 17 15 27 34 26 16 25 0 21 30 4 
9 7 11 13 14 17 15 27 34 26 16 4 25 0 21 30 3 18 22 24 8 23 10 1 6 5 32 19 28 33 20 31 2 12 29 
4 25 0 21 30 3 18 22 24 8 23 10 1 6 5 32 19 28 33 20 31 2 12 29 9 7 11 13 14 17 15 27 34 26 16 
4 25 0 21 30 3 18 22 24 8 23 10 1 6 5 32 19 28 33 20 31 2 12 29 9 7 11 13 14 17 15 27 34 26 16 
4 25 0 21 30 3 18 22 24 8 23 10 1 6 5 32 19 28 33 20 31 2 12 29 9 7 11 13 14 17 15 27 34 26 16 
30 21 0 25 27 34 15 17 14 13 11 7 9 29 12 2 31 20 33 28 19 32 5 6 1 10 23 8 24 22 18 16 26 4 3 
25 0 21 30 4 3 18 22 24 8 23 10 1 6 5 32 19 28 33 20 31 2 12 29 9 7 11 13 14 17 15 27 34 26 16 
30 21 0 25 27 34 15 17 14 13 11 7 9 29 12 2 31 20 33 28 19 32 5 6 1 10 23 8 24 22 18 16 26 4 3 
25 0 21 30 4 3 18 22 24 8 23 10 1 6 5 32 19 28 33 20 31 2 12 29 9 7 11 13 14 17 15 27 34 26 16 
25 0 21 30 4 3 18 22 24 8 23 10 1 6 5 32 19 28 33 20 31 2 12 29 9 7 11 13 14 17 15 27 34 26 16 
3 18 22 24 8 23 10 1 6 5 32 19 28 33 20 31 2 12 29 9 7 11 13 14 17 15 27 34 26 16 25 0 21 30 4 
4 25 0 21 30 3 18 22 24 8 23 10 1 6 5 32 19 28 33 20 31 2 12 29 9 7 11 13 14 17 15 27 34 26 16 
18 22 24 8 23 10 1 6 5 32 19 28 33 20 31 2 12 29 9 7 11 13 14 17 15 27 34 26 16 25 0 21 30 4 3 
18 22 24 8 23 10 1 6 5 32 19 28 33 20 31 2 12 29 9 7 11 13 14 17 15 27 34 26 16 25 0 21 30 4 3 
32 19 28 33 20 31 2 12 29 9 7 11 13 14 17 15 27 34 26 16 25 0 21 30 4 3 18 22 24 8 23 10 1 6 5 
15 27 34 26 16 25 0 21 30 4 3 18 22 24 8 23 10 1 6 5 32 19 28 33 20 31 2 12 29 9 7 11 13 14 17 
25 0 21 30 4 3 18 22 24 8 23 10 1 6 5 32 19 28 33 20 31 2 12 29 9 7 11 13 14 17 15 27 34 26 16 
18 22 24 8 23 10 1 6 5 32 19 28 33 20 31 2 12 29 9 7 11 13 14 17 15 27 34 26 16 4 25 0 21 30 3 
25 0 21 30 4 3 18 22 24 8 23 10 1 6 5 32 19 28 33 20 31 2 12 29 9 7 11 13 14 17 15 27 34 26 16 
4 3 30 21 0 25 27 34 15 17 14 13 11 7 9 29 12 2 31 20 33 28 19 32 5 6 1 10 23 8 24 22 18 16 26 
0 21 30 3 18 22 24 8 23 10 1 6 5 32 19 28 33 20 31 2 12 29 9 7 11 13 14 17 15 27 34 26 16 4 25 
18 22 24 8 23 10 1 6 5 32 19 28 33 20 31 2 12 29 9 7 11 13 14 17 15 27 34 26 16 25 0 21 30 4 3 
4 25 0 21 30 3 18 22 24 8 23 10 1 6 5 32 19 28 33 20 31 2 12 29 9 7 11 13 14 17 15 27 34 26 16 
29 9 7 11 13 14 17 15 27 34 26 16 25 0 21 30 4 3 18 22 24 8 23 10 1 6 5 32 19 28 33 20 31 2 12 
18 22 24 8 23 10 1 6 5 32 19 28 33 20 31 2 12 29 9 7 11 13 14 17 15 27 34 26 16 25 0 21 30 4 3 
3 30 21 0 25 27 34 15 17 14 13 11 7 9 29 12 2 31 20 33 28 19 32 5 6 1 10 23 8 24 22 18 16 26 4 
5 32 19 28 33 20 31 2 12 29 9 7 11 13 14 17 15 27 34 26 16 25 0 21 30 4 3 18 22 24 8 23 10 1 6 
16 26 34 27 15 17 14 13 11 7 9 29 12 2 31 20 33 28 19 32 5 6 1 10 23 8 24 22 18 3 30 21 0 25 4 
10 1 6 5 32 19 28 33 20 31 2 12 29 9 7 11 13 14 17 15 27 34 26 16 4 25 0 21 30 3 18 22 24 8 23 
25 0 21 30 4 3 18 22 24 8 23 10 1 6 5 32 19 28 33 20 31 2 12 29 9 7 11 13 14 17 15 27 34 26 16 
3 30 21 0 25 26 34 15 27 17 14 13 11 7 9 29 12 2 31 20 33 28 19 32 5 6 1 10 23 8 24 22 18 16 4 
25 0 21 30 4 3 18 22 24 8 23 10 1 6 5 32 19 28 33 20 31 2 12 29 9 7 11 13 14 17 15 27 34 26 16 
28 33 20 31 2 12 29 9 7 11 13 14 17 15 27 34 26 16 25 0 21 30 4 3 18 22 24 8 23 10 1 6 5 32 19 
25 0 21 30 4 3 18 22 24 8 23 10 1 6 5 32 19 28 33 20 31 2 12 29 9 7 11 13 14 17 15 27 34 26 16 
18 22 24 8 23 10 1 6 5 32 19 28 33 20 31 2 12 29 9 7 11 13 14 17 15 27 34 26 16 4 25 0 21 30 3 
25 0 21 30 4 3 18 22 24 8 23 10 1 6 5 32 19 28 33 20 31 2 12 29 9 7 11 13 14 17 15 27 34 26 16 
31 2 12 29 9 7 11 13 14 17 15 27 34 26 16 4 25 0 21 30 3 18 22 24 8 23 10 1 6 5 32 19 28 33 20 
6 5 32 19 28 33 20 31 2 12 29 9 7 11 13 14 17 15 27 34 26 16 25 0 21 30 4 3 18 22 24 8 23 10 1 
4 25 0 21 30 3 18 22 24 8 23 10 1 6 5 32 19 28 33 20 31 2 12 29 9 7 11 13 14 17 15 27 34 26 16 
6 5 32 19 28 33 20 31 2 12 29 9 7 11 13 14 17 15 27 34 26 16 25 0 21 30 4 3 18 22 24 8 23 10 1 
16 26 34 27 15 17 14 13 11 7 9 29 12 2 31 20 33 28 19 32 5 6 1 10 23 8 24 22 18 3 30 21 0 25 4 
4 25 0 21 30 3 18 22 24 8 23 10 1 6 5 32 19 28 33 20 31 2 12 29 9 7 11 13 14 17 15 27 34 26 16 
0 21 30 3 18 22 24 8 23 10 1 6 5 32 19 28 33 20 31 2 12 29 9 7 11 13 14 17 15 27 34 26 16 4 25 
11 13 14 17 15 27 34 26 16 4 25 0 21 30 3 18 22 24 8 23 10 1 6 5 32 19 28 33 20 31 2 12 29 9 7 
15 27 34 26 16 25 0 21 30 4 3 18 22 24 8 23 10 1 6 5 32 19 28 33 20 31 2 12 29 9 7 11 13 14 17 
30 21 0 25 27 34 15 17 14 13 11 7 9 29 12 2 31 20 33 28 19 32 5 6 1 10 23 8 24 22 18 16 26 4 3 
4 25 0 21 30 3 18 22 24 8 23 10 1 6 5 32 19 28 33 20 31 2 12 29 9 7 11 13 14 17 15 27 34 26 16 
21 30 4 3 18 22 24 8 23 10 1 6 5 32 19 28 33 20 31 2 12 29 9 7 11 13 14 17 15 27 34 26 16 25 0 
25 0 21 30 4 3 18 22 24 8 23 10 1 6 5 32 19 28 33 20 31 2 12 29 9 7 11 13 14 17 15 27 34 26 16 
6 5 32 19 28 33 20 31 2 12 29 9 7 11 13 14 17 15 27 34 26 16 25 0 21 30 4 3 18 22 24 8 23 10 1 
18 22 24 8 23 10 1 6 5 32 19 28 33 20 31 2 12 29 9 7 11 13 14 17 15 27 34 26 16 25 0 21 30 4 3 
14 17 15 27 34 26 16 4 25 0 21 30 3 18 22 24 8 23 10 1 6 5 32 19 28 33 20 31 2 12 29 9 7 11 13 
5 32 19 28 33 20 31 2 12 29 9 7 11 13 14 17 15 27 34 26 16 25 0 21 30 4 3 18 22 24 8 23 10 1 6 
18 22 24 8 23 10 1 6 5 32 19 28 33 20 31 2 12 29 9 7 11 13 14 17 15 27 34 26 16 25 0 21 30 4 3 
28 33 20 31 2 12 29 9 7 11 13 14 17 15 27 34 26 16 4 25 0 21 30 3 18 22 24 8 23 10 1 6 5 32 19 
32 19 28 33 20 31 2 12 29 9 7 11 13 14 17 15 27 34 26 16 25 0 21 30 4 3 18 22 24 8 23 10 1 6 5 
