39 5 56 10 53 29 47 23 20 31 43 38 22 48 12 18 45 15 58 50 1 49 52 16 57 25 27 42 21 14 59 46 7 33 26 51 6 11 9 0 2 37 41 54 3 30 24 19 40 28 44 55 13 4 8 32 17 35 34 36 
21 14 59 46 7 33 26 51 6 0 9 11 8 4 32 2 37 41 54 3 30 13 44 55 24 19 40 28 56 10 53 47 29 23 39 5 36 34 35 17 48 12 57 25 16 52 49 31 20 43 38 22 50 1 58 15 27 45 18 42 
14 59 46 7 33 26 51 6 11 9 0 2 37 41 54 3 30 55 24 19 40 28 44 13 4 32 8 17 35 34 36 5 39 53 10 56 47 29 23 20 31 43 38 22 48 12 18 45 27 15 58 50 1 49 52 16 57 25 42 21 
49 31 20 43 38 22 50 1 58 15 27 45 18 42 21 14 59 46 7 33 26 51 6 11 9 0 2 37 41 54 3 32 8 4 13 30 44 55 24 19 40 28 53 10 56 5 39 47 29 23 36 34 35 17 48 12 57 25 16 52 
37 41 54 3 30 13 4 32 8 17 35 34 36 5 39 10 56 28 40 19 24 55 44 53 29 47 23 20 31 43 38 22 48 12 18 45 27 15 58 50 1 49 52 16 57 25 42 21 14 59 46 7 33 26 51 6 11 9 0 2 
1 50 58 15 27 45 18 42 21 14 59 46 7 33 26 51 6 11 9 0 2 37 41 54 3 30 24 19 55 44 13 4 32 8 17 35 34 36 5 39 56 10 53 28 40 29 47 23 20 31 43 38 22 48 12 57 25 16 52 49 
11 9 0 2 37 41 54 3 30 13 4 32 8 17 35 34 36 5 39 10 56 44 55 24 19 40 28 53 47 23 29 20 31 43 38 22 48 50 1 49 52 16 57 25 27 15 58 12 45 18 42 21 14 59 46 7 33 26 51 6 
11 9 0 2 37 41 54 3 30 13 44 55 24 19 40 28 53 10 56 5 39 47 23 29 20 31 43 38 22 36 34 35 17 4 32 8 48 12 18 45 27 15 58 50 1 49 52 16 25 57 42 21 14 59 46 7 33 26 51 6 
52 16 57 25 27 15 58 50 1 49 31 20 43 38 22 48 12 18 45 42 21 14 59 46 7 33 26 51 6 11 9 0 2 37 41 54 3 30 55 24 19 40 28 53 10 56 44 13 4 32 8 17 35 34 36 5 39 23 47 29 
7 46 59 14 42 21 18 45 15 58 27 57 25 16 52 49 1 50 22 38 43 31 20 23 47 29 53 56 10 39 5 36 34 35 17 48 12 8 32 4 13 44 55 24 19 40 28 30 3 54 41 37 2 0 9 11 6 51 26 33 
41 37 2 0 9 11 6 51 26 33 7 46 59 14 21 42 18 45 27 15 58 50 1 49 52 16 57 25 12 48 22 38 43 31 20 23 47 29 53 10 56 39 5 36 34 35 17 4 32 8 13 44 55 24 19 40 28 30 3 54 
58 15 27 45 18 42 21 14 59 46 7 33 26 51 6 11 9 0 2 37 41 54 3 30 13 4 32 8 17 35 34 36 5 39 10 53 28 40 19 24 55 44 56 29 47 23 20 31 43 38 22 48 12 50 1 49 52 16 57 25 
11 9 0 2 37 41 54 3 30 13 4 32 8 17 35 34 36 5 39 10 56 44 55 24 19 40 28 53 47 23 29 20 31 43 38 22 48 50 1 49 52 16 57 25 27 15 58 12 45 18 42 21 14 59 46 7 33 26 51 6 
3 54 41 37 2 0 9 11 6 51 26 33 7 46 59 14 21 42 18 45 27 15 58 50 1 49 52 16 57 25 12 48 22 38 43 31 20 23 47 29 39 5 36 34 35 17 8 32 4 13 44 55 24 19 40 28 10 53 56 30 
14 59 46 7 33 26 51 6 11 9 0 2 37 41 54 3 30 55 24 19 40 28 44 13 4 32 8 17 35 34 36 5 39 10 56 53 29 47 23 20 31 43 38 22 48 12 18 45 27 15 58 50 1 49 52 16 57 25 21 42 
52 16 57 25 1 50 58 15 27 45 18 21 42 14 59 46 7 33 26 51 6 11 9 8 4 32 0 2 37 41 54 3 30 13 44 55 24 19 40 28 56 10 53 39 5 36 34 35 17 48 12 22 38 43 31 20 23 47 29 49 
57 25 15 27 45 18 42 21 14 59 46 7 33 26 51 6 11 9 0 2 37 41 54 3 30 13 4 32 8 17 35 34 36 5 39 10 53 56 44 55 24 19 40 28 47 23 29 20 31 43 38 22 48 12 58 50 1 49 52 16 
11 9 0 2 37 41 54 3 30 13 4 32 8 17 35 34 36 5 39 10 56 28 40 19 24 55 44 53 29 47 23 20 31 43 38 22 48 12 18 45 27 15 58 50 1 49 52 16 57 25 42 21 14 59 46 7 33 26 51 6 
49 31 43 38 22 48 12 45 18 42 21 14 59 46 7 33 26 51 6 11 9 0 2 37 41 54 3 30 55 24 19 40 28 53 39 5 36 34 35 17 8 32 4 13 44 56 10 47 29 23 20 52 16 57 25 27 15 58 50 1 
16 52 25 57 15 27 45 18 21 42 14 59 46 7 33 26 51 6 11 8 4 32 9 0 2 37 41 54 3 30 13 44 55 19 24 40 28 53 10 56 5 39 47 23 29 20 31 43 38 22 36 34 35 17 48 12 58 50 1 49 
57 25 16 52 49 1 50 58 15 27 45 18 42 21 14 59 46 7 33 26 51 6 11 9 0 2 37 41 54 3 30 55 24 19 40 28 44 13 4 32 8 48 22 38 43 31 20 23 47 29 53 10 56 39 5 36 34 35 17 12 
46 26 51 6 11 9 0 2 37 41 54 3 30 13 44 55 24 19 40 28 53 10 56 5 39 47 29 23 20 31 43 38 22 50 1 49 52 16 57 25 58 15 27 45 18 12 48 17 35 34 36 4 32 8 21 42 14 59 7 33 
18 42 21 14 59 46 7 33 26 51 6 11 9 0 2 37 41 54 3 30 55 44 28 40 19 24 13 4 32 8 17 35 34 36 5 39 10 56 53 29 23 47 20 31 43 38 22 48 12 45 27 15 58 50 1 49 52 16 57 25 
8 32 9 11 6 51 26 33 7 46 59 14 21 42 18 45 12 48 17 35 34 36 22 38 43 31 20 1 50 58 15 27 57 25 16 52 49 23 47 29 53 10 39 5 56 28 40 19 24 55 44 13 30 3 54 41 37 2 0 4 
14 59 46 7 33 26 51 6 11 9 0 2 37 41 54 3 30 55 24 19 40 28 44 13 4 32 8 17 35 34 36 5 39 10 56 53 29 47 23 20 31 43 38 22 48 12 18 45 27 15 58 50 1 49 52 16 57 25 42 21 
33 7 46 59 14 42 21 18 45 27 15 57 25 16 52 1 50 58 12 48 22 38 43 31 20 49 23 47 29 53 10 56 39 5 36 34 35 17 8 32 4 13 44 55 24 19 40 28 30 3 54 41 37 2 0 9 11 6 51 26 
59 46 7 33 26 51 6 11 9 0 2 37 41 54 3 30 19 24 55 44 13 4 32 8 17 35 34 36 5 39 10 53 56 28 40 29 47 23 20 31 43 38 22 48 12 18 45 27 15 58 50 1 49 52 16 57 25 42 21 14 
57 25 16 52 49 1 50 58 15 27 45 18 42 21 14 59 46 7 33 26 51 6 11 9 0 2 37 41 54 3 30 55 24 19 40 28 44 13 4 32 8 48 22 38 43 31 20 23 47 29 53 10 56 39 5 36 34 35 17 12 
4 32 8 11 6 51 26 33 7 46 59 14 21 42 18 45 27 15 58 50 1 49 52 16 57 25 12 48 22 38 43 31 20 23 47 29 39 5 36 34 35 17 56 10 53 28 40 19 24 55 44 13 30 3 54 41 37 2 0 9 
26 33 7 46 59 14 21 42 18 45 15 58 50 1 49 52 16 57 25 27 12 48 22 38 43 31 20 23 47 29 53 10 56 34 36 5 39 35 17 8 32 4 13 44 55 24 19 40 28 30 3 54 41 37 2 0 9 11 6 51 
8 32 9 11 6 51 26 33 7 46 59 14 21 42 18 45 12 48 17 35 34 36 22 38 43 31 20 1 50 58 15 27 57 25 16 52 49 23 47 29 53 10 39 5 56 28 40 19 24 55 44 13 30 3 54 41 37 2 0 4 
52 16 57 25 15 27 45 18 42 21 14 59 46 7 33 26 51 6 11 9 0 2 37 41 54 3 30 13 4 32 8 17 35 34 36 5 39 10 53 28 40 19 24 55 44 56 47 23 29 20 31 43 38 22 48 12 58 50 1 49 
2 0 9 11 6 51 26 46 7 33 59 14 21 42 18 45 27 15 58 50 1 49 52 16 25 57 12 48 22 38 43 31 20 23 47 29 53 10 56 39 5 36 34 35 17 8 32 4 13 44 55 24 19 40 28 30 3 54 41 37 
57 25 16 52 49 31 43 38 22 48 12 18 42 21 14 59 46 7 33 26 51 6 11 9 0 2 37 41 54 3 30 13 4 32 8 17 35 34 36 5 39 10 53 28 40 19 24 55 44 56 29 47 23 20 1 50 58 15 27 45 
34 36 5 39 10 56 44 55 24 19 40 28 53 47 23 29 20 31 43 38 22 48 12 18 45 27 15 58 50 1 49 52 16 25 57 42 21 14 59 46 7 33 26 51 6 11 9 0 2 37 41 54 3 30 13 4 32 8 17 35 
1 50 58 15 27 45 18 42 21 14 59 46 7 33 26 51 6 11 9 0 2 37 41 54 3 30 24 19 55 44 13 4 32 8 17 35 34 36 5 39 53 10 56 28 40 29 47 23 20 31 43 38 22 48 12 57 25 16 52 49 
59 46 7 33 26 51 6 11 9 0 2 37 41 54 3 30 13 4 8 32 48 17 35 34 36 5 39 10 56 28 40 19 24 55 44 53 29 23 47 20 31 43 38 22 50 1 49 52 16 57 25 27 15 58 12 45 18 42 21 14 
29 47 23 20 31 43 38 22 48 12 18 45 27 15 58 50 1 49 52 16 57 25 42 21 14 59 46 7 33 26 51 6 11 9 0 2 37 41 54 3 30 13 4 32 8 17 35 34 36 5 39 10 53 56 44 55 24 19 40 28 
52 16 57 25 15 27 45 18 42 21 14 59 46 7 33 26 51 6 11 9 0 2 37 41 54 3 30 13 4 32 8 17 35 34 36 5 39 10 53 28 40 19 24 55 44 56 47 23 29 20 31 43 38 22 48 12 58 50 1 49 
3 54 41 37 2 0 9 11 6 51 26 46 7 33 59 14 21 42 18 45 27 57 25 16 52 49 1 50 58 15 12 48 22 38 43 31 20 23 47 29 39 5 36 34 35 17 8 32 4 13 44 55 24 19 40 28 53 10 56 30 
0 2 37 41 54 3 30 13 44 55 24 19 40 28 53 10 56 5 39 47 29 23 20 31 43 38 22 36 34 35 17 48 12 18 45 27 15 58 50 1 49 52 16 57 25 42 21 14 59 46 7 33 26 51 6 11 9 32 4 8 
1 50 58 15 27 45 18 42 21 14 59 46 26 33 7 51 6 11 9 0 2 37 41 54 3 30 13 4 32 8 17 35 34 36 5 39 10 53 28 40 19 24 55 44 56 47 29 23 20 31 43 38 22 48 12 57 25 16 52 49 
12 48 17 35 36 34 5 39 47 29 23 20 31 43 38 22 50 1 49 52 16 57 25 27 15 58 45 18 21 42 14 59 46 7 33 26 51 6 11 9 0 2 37 41 54 3 30 55 24 19 40 28 53 10 56 44 13 4 32 8 
4 32 0 2 37 41 54 3 30 13 44 55 24 19 40 28 56 10 53 5 39 47 23 29 20 31 43 38 22 36 34 35 17 48 12 57 25 16 52 49 1 50 58 15 27 45 18 42 21 14 59 46 33 7 26 51 6 11 9 8 
26 51 6 11 9 0 2 37 41 54 3 30 55 24 19 40 28 53 10 56 44 13 4 32 8 17 35 34 36 5 39 47 23 29 20 31 43 38 22 48 12 18 45 27 15 58 50 1 49 52 16 57 25 42 21 14 59 46 7 33 
49 1 50 58 15 27 45 18 42 21 14 59 46 7 33 26 51 6 11 9 0 2 37 41 54 3 30 13 4 32 8 17 35 34 36 5 39 10 56 53 28 40 19 24 55 44 29 47 23 20 31 43 38 22 48 12 57 25 16 52 
13 44 55 24 19 40 28 53 10 56 5 39 47 29 23 20 31 43 38 22 36 34 35 17 48 12 18 45 27 15 58 50 1 49 52 16 57 25 42 21 14 59 46 7 33 26 51 6 11 9 0 2 37 41 54 3 4 8 32 30 
0 2 37 41 54 3 30 13 44 55 24 19 40 28 53 10 56 5 39 47 29 23 20 31 43 38 22 36 34 35 17 48 12 18 45 15 58 50 1 49 52 16 57 25 27 42 21 14 59 46 7 33 26 51 6 11 9 32 4 8 
44 55 24 19 40 28 53 10 56 34 36 5 39 47 23 29 20 31 43 38 22 48 12 15 58 50 1 49 52 16 57 25 27 45 18 21 42 14 59 46 7 33 26 51 6 11 9 0 2 37 41 54 3 30 13 4 32 8 17 35 
45 18 12 48 22 38 43 31 20 23 47 29 39 5 36 34 35 17 8 32 4 13 44 55 24 19 40 28 53 10 56 30 3 54 41 37 2 0 9 11 6 51 26 33 7 46 59 14 21 42 57 25 16 52 49 1 50 58 15 27 
2 0 9 11 6 51 26 33 7 46 59 14 21 42 18 45 27 15 58 50 22 38 43 31 20 49 1 16 52 25 57 12 48 17 35 34 36 5 39 47 23 29 53 10 56 28 40 19 24 55 44 13 30 3 54 41 37 32 8 4 
26 51 6 11 9 0 2 37 41 54 3 30 55 24 19 40 28 53 10 56 44 13 4 32 8 17 35 34 36 5 39 47 23 29 20 31 43 38 22 48 12 18 45 27 15 58 50 1 49 52 16 57 25 42 21 14 59 46 7 33 
53 10 56 28 40 19 24 55 44 13 30 3 54 41 37 2 0 9 11 6 51 26 46 7 33 59 14 21 42 18 45 27 15 58 1 50 22 38 43 31 20 49 52 16 57 25 12 48 8 32 4 17 35 34 36 5 39 47 23 29 
49 31 43 38 22 48 12 45 18 42 21 14 59 46 7 33 26 51 6 11 9 0 2 37 41 54 3 30 55 24 19 40 28 53 10 56 44 13 4 8 32 17 35 34 36 5 39 47 23 29 20 1 50 58 15 27 57 25 16 52 
11 9 0 2 37 41 54 3 30 13 4 32 8 17 35 34 36 5 39 10 56 28 40 19 24 55 44 53 29 23 47 20 31 43 38 22 48 12 18 45 27 15 58 50 1 49 52 16 57 25 42 21 14 59 46 7 33 26 51 6 
52 16 57 25 15 27 45 18 42 21 14 59 46 7 33 26 51 6 11 9 0 2 37 41 54 3 30 55 24 19 40 28 53 10 56 44 13 4 32 8 17 35 34 36 5 39 47 23 29 20 31 43 38 22 48 12 58 50 1 49 
32 9 0 2 37 41 54 3 30 13 44 55 24 19 40 28 56 10 53 5 39 47 29 23 20 31 43 38 22 36 34 35 17 48 12 18 45 27 15 58 50 1 49 52 16 57 25 21 42 14 59 46 7 33 26 51 6 11 8 4 
3 54 41 37 2 0 9 11 6 51 26 33 7 46 59 14 42 21 18 45 12 58 15 27 57 25 16 52 49 1 50 22 38 43 31 20 23 47 29 53 10 39 5 36 34 35 17 48 8 32 4 13 44 55 24 19 40 28 56 30 
31 43 38 22 48 12 45 18 42 21 14 59 46 7 33 26 51 6 11 9 0 2 37 41 54 3 30 24 19 55 44 13 4 8 32 17 35 34 36 5 39 10 53 56 28 40 29 47 23 20 49 1 50 58 15 27 57 25 16 52 
53 10 56 28 40 19 24 55 44 13 30 3 54 41 37 2 0 9 11 6 51 26 46 7 33 59 14 21 42 18 45 27 15 58 1 50 22 38 43 31 20 49 52 16 57 25 12 48 8 32 4 17 35 34 36 5 39 47 23 29 
26 51 6 11 9 0 2 54 41 37 3 30 55 24 19 40 28 53 10 56 44 13 4 32 8 17 35 34 36 5 39 47 23 29 20 31 43 38 22 48 50 1 49 52 16 57 25 27 15 58 12 45 18 42 21 14 59 46 7 33 
11 9 0 2 37 41 54 3 30 13 4 32 8 17 35 34 36 5 39 10 56 28 40 19 24 55 44 53 29 23 47 20 31 43 38 22 48 12 18 45 27 15 58 50 1 49 52 16 57 25 42 21 14 59 46 7 33 26 51 6 
52 16 57 25 15 27 45 18 42 21 14 59 46 7 33 26 51 6 11 9 0 2 37 41 54 3 30 55 24 19 40 28 53 10 56 44 13 4 32 8 17 35 34 36 5 39 47 23 29 20 31 43 38 22 48 12 58 50 1 49 
39 10 56 44 55 24 19 40 28 53 29 47 23 20 31 43 38 22 48 12 57 25 16 52 49 1 50 58 15 27 45 18 42 21 14 59 46 7 33 26 51 6 11 9 0 2 37 41 54 3 13 30 4 32 8 17 35 34 36 5 
29 47 23 20 31 43 38 22 36 34 35 17 48 12 18 45 27 15 58 50 1 49 52 16 57 25 42 21 14 59 46 7 33 26 51 6 11 9 0 32 4 8 2 37 41 54 3 30 13 44 55 24 19 40 28 56 10 53 39 5 
57 16 52 49 1 50 58 15 27 45 18 42 21 14 59 46 7 33 26 51 6 11 9 0 2 37 41 54 3 30 13 4 32 8 17 35 34 36 5 39 10 56 44 55 24 19 40 28 53 47 29 23 20 31 43 38 22 48 12 25 
58 15 27 45 18 42 21 14 59 46 7 33 26 51 6 11 9 0 2 37 41 54 3 30 13 4 32 8 17 35 34 36 5 39 10 53 28 40 19 24 55 44 56 29 47 23 20 31 43 38 22 48 12 50 1 49 52 57 25 16 
2 0 9 11 6 51 26 46 7 33 59 14 21 42 18 45 27 15 58 50 1 49 52 16 57 25 12 48 22 38 43 31 20 23 47 29 53 10 56 39 5 36 34 35 17 8 32 4 13 44 55 24 19 40 28 30 3 54 41 37 
50 1 49 31 43 38 22 48 12 45 18 42 21 14 59 46 7 33 26 51 6 11 9 0 2 37 41 54 3 30 13 4 32 8 17 35 34 36 5 39 10 53 28 40 19 24 55 44 56 29 47 23 20 52 16 57 25 15 27 58 
29 47 23 20 31 43 38 22 48 12 18 45 27 15 58 50 1 49 52 16 57 25 42 21 14 59 46 7 33 26 51 6 11 9 0 2 37 41 54 3 30 55 24 19 40 28 44 13 4 32 8 17 35 34 36 5 39 10 53 56 
14 59 46 7 33 26 51 6 11 9 0 2 37 54 41 3 30 13 44 55 24 19 40 28 53 10 56 8 32 4 17 35 34 36 5 39 47 29 23 20 31 43 38 22 48 12 18 45 27 15 58 50 1 49 52 16 57 25 42 21 
1 50 58 15 27 45 18 42 21 14 59 46 7 33 26 51 6 11 9 0 2 37 41 54 3 30 24 19 40 28 53 10 56 44 55 13 4 32 8 17 35 34 36 5 39 29 47 23 20 31 43 38 22 48 12 57 25 16 52 49 
57 16 52 49 1 50 58 15 27 45 18 42 21 14 59 46 7 33 26 51 6 11 9 0 2 37 41 54 3 30 13 4 32 8 17 35 34 36 5 39 10 56 44 55 24 19 40 28 53 47 29 23 20 31 43 38 22 48 12 25 
0 9 11 6 51 2 37 41 54 3 30 13 4 32 8 17 35 34 36 5 39 10 53 56 44 55 24 19 40 28 29 47 23 20 31 43 38 22 48 12 58 50 1 49 52 16 57 25 27 15 45 18 42 21 14 59 46 7 33 26 
2 0 9 11 6 51 26 46 7 33 59 14 21 42 18 45 27 15 58 50 1 49 52 16 57 25 12 48 22 38 43 31 20 23 47 29 53 10 56 39 5 36 34 35 17 8 32 4 13 44 55 24 19 40 28 30 3 54 41 37 
38 22 48 12 45 18 42 21 14 59 46 7 33 26 51 6 11 9 0 2 37 41 54 3 30 13 4 32 8 17 35 34 36 5 39 53 10 56 44 55 24 19 40 28 29 47 23 20 31 43 1 49 52 16 57 25 27 15 58 50 
30 3 54 41 37 2 0 9 11 6 51 26 33 7 46 59 14 21 42 18 45 27 15 58 50 1 49 52 16 57 25 12 48 22 38 43 31 20 23 47 29 39 5 36 34 35 17 8 32 4 13 44 55 24 19 40 28 53 10 56 
4 32 9 0 2 37 41 54 3 30 13 44 55 24 19 40 28 53 10 56 5 39 47 23 29 20 31 43 38 22 36 34 35 17 48 12 18 45 27 15 58 50 1 49 52 16 57 25 21 42 14 59 46 7 33 26 51 6 11 8 
17 35 34 36 5 39 10 53 29 47 23 20 31 43 38 22 48 12 58 50 1 49 52 16 57 25 15 27 45 18 21 42 14 59 46 7 33 26 51 6 11 9 0 2 37 41 54 3 30 13 44 55 24 19 40 28 56 4 32 8 
13 44 55 24 19 40 28 53 10 56 34 36 5 39 29 47 23 20 31 43 38 22 48 12 18 45 27 15 58 50 1 49 52 16 57 25 42 21 14 59 46 7 33 26 51 6 11 9 0 2 37 41 54 3 30 4 32 8 17 35 
50 58 15 27 45 18 42 21 14 59 46 7 33 26 51 6 11 9 0 2 37 41 54 3 4 32 8 17 35 34 36 5 39 10 56 44 13 30 55 24 19 40 28 53 47 29 23 20 31 43 38 22 48 12 57 25 16 52 1 49 
5 39 10 53 29 47 23 20 31 43 38 22 48 12 58 50 1 49 52 16 57 25 27 15 45 18 42 21 14 59 46 7 33 26 51 6 11 9 0 2 37 41 54 3 30 55 24 19 40 28 56 44 13 4 32 8 17 35 34 36 
9 0 2 37 41 54 3 30 24 19 40 28 44 55 13 4 32 8 17 35 34 36 5 39 10 56 53 29 47 23 20 31 43 38 22 48 12 18 45 27 15 58 50 1 49 52 16 57 25 42 21 14 59 46 7 33 26 51 6 11 
2 0 9 11 6 51 26 46 7 33 59 14 21 42 18 45 27 57 25 16 52 49 1 50 58 15 12 48 22 38 43 31 20 23 47 29 53 10 56 39 5 36 34 35 17 8 32 4 13 44 55 24 19 40 28 30 3 54 41 37 
13 30 55 19 24 40 28 53 10 56 34 36 5 39 47 29 23 20 31 43 38 22 50 1 49 52 16 57 25 27 15 58 48 12 18 45 42 21 14 59 46 7 33 26 51 6 11 9 0 2 37 41 54 3 4 32 8 17 35 44 
47 23 20 31 43 38 22 36 34 35 17 48 12 45 27 15 58 50 1 49 52 16 57 25 18 42 21 14 59 46 7 33 26 51 6 11 9 0 32 4 8 2 37 41 54 3 30 13 44 55 24 19 40 28 53 10 56 5 39 29 
32 4 56 10 53 28 40 19 24 55 44 13 30 3 54 41 37 2 0 9 11 6 51 26 33 7 46 59 14 42 21 18 45 27 15 58 50 1 49 52 16 57 25 12 48 22 38 43 31 20 47 23 29 39 5 36 34 35 17 8 
6 11 9 0 2 37 41 54 3 30 24 19 55 44 13 4 32 8 17 35 34 36 5 39 10 53 56 28 40 29 47 23 20 31 43 38 22 48 12 15 58 50 1 49 52 16 57 25 27 45 18 42 21 14 59 46 7 33 26 51 
35 34 36 5 39 10 53 56 44 55 24 19 40 28 29 47 23 20 31 43 38 22 48 12 18 45 15 58 50 1 49 52 16 57 25 27 42 21 14 59 46 7 33 26 51 6 11 9 0 2 37 41 54 3 30 13 4 32 8 17 
29 47 23 20 31 43 38 22 48 12 45 18 27 15 58 50 1 49 52 16 57 25 42 21 14 59 46 7 33 26 51 6 11 9 0 2 37 41 54 3 30 55 19 24 40 28 44 13 4 32 8 17 35 34 36 5 39 10 56 53 
1 58 15 27 57 25 16 52 49 31 20 23 47 29 39 5 36 34 35 17 48 12 18 45 42 21 14 59 46 7 33 26 51 6 11 9 0 2 37 41 54 3 30 55 24 19 40 28 53 10 56 44 13 4 32 8 22 38 43 50 
10 56 28 40 19 24 55 44 13 30 3 54 41 37 2 0 9 11 6 51 26 46 7 33 59 14 21 42 18 45 15 58 50 1 27 57 25 16 52 49 31 20 43 38 22 48 12 8 32 4 17 35 34 36 5 39 47 23 29 53 
59 46 26 33 7 51 6 11 9 0 2 37 41 54 3 30 55 19 24 40 28 44 13 4 32 8 17 35 34 36 5 39 10 56 53 29 47 23 20 31 43 38 22 48 12 15 58 50 1 49 52 16 57 25 27 45 18 42 21 14 
58 50 1 49 52 16 57 25 15 27 45 18 42 21 14 59 46 7 33 26 51 6 11 9 0 2 37 41 54 3 30 13 44 55 24 19 40 28 53 10 56 35 17 48 22 38 43 31 20 23 47 29 39 5 36 34 4 32 8 12 
34 36 5 39 47 29 23 20 31 43 38 22 48 50 1 49 52 16 57 25 27 15 58 12 18 45 42 21 14 59 46 7 33 26 51 6 11 9 0 2 37 41 54 3 30 13 44 55 24 19 40 28 53 10 56 35 17 8 32 4 
6 11 9 0 2 37 41 54 3 30 13 4 32 8 17 35 34 36 5 39 10 53 28 40 19 24 55 44 56 47 29 23 49 52 16 57 25 27 15 58 50 1 31 20 43 38 22 48 12 18 45 42 21 14 59 46 7 33 26 51 
29 47 23 20 31 43 38 22 48 12 45 18 27 15 58 50 1 49 52 16 57 25 42 21 14 59 46 7 33 26 51 6 11 9 0 2 37 41 54 3 30 55 19 24 40 28 44 13 4 32 8 17 35 34 36 5 39 10 56 53 
29 47 23 20 31 43 38 22 50 1 49 52 16 57 25 58 15 27 45 18 42 21 14 59 46 7 33 26 51 6 11 9 0 2 37 41 54 3 30 13 44 55 24 19 40 28 53 10 56 34 35 17 4 32 8 12 48 36 5 39 
52 16 57 25 15 27 45 18 12 21 42 14 59 46 7 33 26 51 6 11 9 0 2 41 37 54 3 30 13 44 55 24 19 40 28 53 10 56 5 39 47 29 23 20 31 43 38 22 36 34 35 17 4 32 8 48 58 50 1 49 
39 5 36 34 35 17 48 22 38 43 31 20 50 1 49 52 16 57 25 27 15 58 12 18 45 42 21 14 59 46 7 33 26 51 6 11 9 0 32 4 8 2 37 41 54 3 30 13 44 55 24 19 40 28 53 10 56 47 23 29 
