7 38 21 1 12 36 28 24 13 18 2 19 9 11 22 17 35 27 32 14 39 6 25 31 23 3 34 16 33 37 26 10 30 5 0 20 4 15 8 29 
12 36 28 24 13 18 2 19 9 11 22 17 35 27 32 14 39 6 25 31 23 3 34 16 15 8 4 20 0 5 33 37 26 10 30 29 7 38 21 1 
21 1 12 36 28 24 13 18 2 19 9 11 22 17 35 27 32 14 39 6 25 31 3 23 34 16 15 4 20 0 5 33 37 26 10 30 29 8 7 38 
38 1 12 21 28 36 24 13 18 2 19 9 11 22 17 35 27 32 14 39 6 25 31 3 23 34 16 33 37 26 10 30 5 0 29 4 20 15 8 7 
0 20 4 8 15 29 7 38 21 1 12 36 28 24 13 18 2 19 9 11 22 17 35 27 32 14 39 6 25 31 23 3 34 16 33 37 26 10 30 5 
5 0 20 4 8 15 29 7 38 21 1 12 36 28 24 13 18 2 19 9 11 22 17 35 27 32 14 39 6 25 31 23 3 34 16 33 37 26 10 30 
0 20 4 8 15 29 7 38 21 1 12 36 28 24 13 18 2 19 9 11 22 17 35 27 14 32 39 6 25 31 23 3 34 16 33 37 26 10 30 5 
34 3 23 31 25 6 39 14 32 27 35 17 22 11 9 19 2 18 13 24 28 36 12 1 21 38 7 8 15 20 4 29 0 5 26 10 30 37 33 16 
7 38 21 1 12 36 28 24 13 18 2 19 9 11 22 17 35 27 32 14 39 6 25 31 3 34 23 16 33 37 26 10 30 5 0 20 4 8 15 29 
4 20 0 5 33 37 26 10 30 16 34 3 23 31 25 6 39 14 32 27 35 17 22 11 9 19 2 18 13 24 28 36 12 1 21 38 7 29 8 15 
5 0 29 4 20 15 8 7 38 21 1 12 36 28 24 13 18 2 19 9 11 22 17 35 27 32 14 39 6 25 31 23 3 34 16 33 37 26 10 30 
0 5 26 10 30 37 33 16 34 3 23 31 25 6 39 14 32 27 35 17 22 11 9 19 2 18 13 24 28 36 12 1 21 38 7 15 8 4 20 29 
34 3 23 31 25 6 39 14 32 27 35 17 22 11 9 19 2 18 13 24 28 36 12 1 21 38 7 8 15 20 4 29 0 5 26 10 30 37 33 16 
28 24 13 18 2 19 9 11 22 17 35 27 32 14 39 6 25 31 34 3 23 16 33 37 26 10 30 5 0 20 4 15 8 29 7 38 21 12 36 1 
1 21 12 36 28 24 13 18 2 19 9 11 22 17 35 27 32 14 39 6 25 31 34 3 23 16 33 37 26 10 30 5 0 20 4 8 15 29 7 38 
7 38 21 1 12 36 28 24 13 18 2 19 9 11 22 17 35 27 32 14 39 6 25 31 34 3 23 16 33 37 26 10 30 5 0 20 4 8 15 29 
27 32 14 39 6 25 31 23 3 34 16 33 37 26 10 30 5 0 20 4 8 15 29 7 38 21 1 12 36 28 24 13 18 2 19 9 11 22 17 35 
9 19 2 18 13 24 28 36 12 1 21 38 7 8 15 4 20 29 0 5 10 26 30 37 33 16 23 3 34 31 6 25 39 32 14 27 35 17 22 11 
32 14 39 6 25 31 23 3 34 16 33 37 26 10 30 5 0 20 4 15 8 29 7 38 21 1 12 36 28 24 13 18 2 19 9 11 22 17 35 27 
7 38 21 1 12 36 28 24 13 2 19 9 11 22 17 18 35 27 32 14 39 6 25 31 3 23 34 16 33 37 26 10 30 5 0 20 4 15 8 29 
35 27 32 14 39 6 25 31 34 3 23 16 15 8 4 20 0 5 33 37 26 10 30 29 7 38 21 1 12 36 28 24 13 18 2 19 9 11 22 17 
8 7 38 21 1 12 36 28 24 18 13 2 19 9 11 22 17 35 27 32 14 39 6 25 31 23 3 34 16 33 37 26 10 30 5 0 29 4 20 15 
34 3 23 31 25 6 39 14 32 27 35 18 2 19 9 11 22 17 13 24 36 12 21 28 38 7 1 8 15 4 20 29 0 5 26 10 30 37 33 16 
1 12 36 28 24 13 18 2 19 9 11 22 17 35 27 32 14 39 6 25 31 34 3 23 16 33 37 26 10 30 5 0 20 4 8 15 29 7 38 21 
38 21 1 12 36 28 24 13 18 2 19 9 11 22 17 35 27 32 14 39 6 25 31 23 3 34 16 15 4 20 0 5 33 37 26 10 30 29 8 7 
7 38 21 1 12 36 28 24 13 18 2 19 9 11 22 17 35 27 32 14 39 6 25 31 3 23 34 16 33 37 26 10 30 5 0 20 4 8 15 29 
7 38 21 1 12 36 28 24 13 18 2 19 9 11 22 17 35 27 32 14 39 6 25 31 3 23 34 16 33 37 26 10 30 5 0 20 4 8 15 29 
1 12 36 28 24 13 18 2 19 9 11 22 17 35 27 32 14 39 6 25 31 3 23 34 16 33 37 26 10 30 5 0 20 4 8 15 29 7 38 21 
38 21 1 12 36 28 24 13 18 2 19 9 11 22 17 35 27 14 32 39 6 25 31 3 23 34 16 15 4 20 0 5 33 37 26 10 30 29 8 7 
1 12 36 28 24 13 18 2 19 9 11 22 17 35 27 14 32 39 6 25 31 3 23 34 16 33 37 26 10 30 5 0 20 4 8 15 29 7 38 21 
3 23 31 34 16 33 37 26 10 30 5 0 20 4 15 8 29 7 38 21 1 12 36 28 24 13 18 2 19 9 11 22 17 35 27 32 14 39 6 25 
7 38 21 1 12 36 28 24 13 18 2 19 9 11 22 17 35 27 32 14 39 6 25 31 23 3 34 16 15 8 4 20 0 5 10 26 30 37 33 29 
7 38 21 1 12 36 28 24 13 18 2 19 9 11 22 17 35 27 32 14 39 6 25 31 23 3 34 16 33 37 26 10 30 5 0 29 20 4 8 15 
20 4 15 8 7 38 21 1 12 36 28 24 13 2 19 9 11 22 17 18 35 27 32 14 39 6 25 31 23 3 34 16 33 37 26 10 30 5 0 29 
18 13 2 19 9 11 22 17 35 27 32 14 39 6 25 31 23 3 34 16 33 37 26 10 30 5 0 20 4 15 8 29 7 38 21 28 36 12 1 24 
28 24 13 18 2 19 9 11 22 17 35 27 32 14 39 6 25 31 23 3 34 16 33 37 26 10 30 5 0 20 4 8 15 29 7 38 21 1 12 36 
7 38 28 36 12 1 21 24 13 18 2 19 9 11 22 17 35 27 32 14 39 6 25 31 23 3 34 16 33 37 26 10 30 5 0 20 4 15 8 29 
31 23 3 34 16 33 37 26 10 30 5 0 20 4 8 15 29 7 38 21 1 12 36 28 24 13 18 2 19 9 11 22 17 35 27 32 14 39 6 25 
5 0 20 4 15 8 29 7 38 21 1 12 36 28 24 13 18 2 19 9 11 22 17 35 27 32 39 14 6 25 31 23 3 34 16 33 37 26 10 30 
37 26 10 30 5 0 20 4 8 15 29 7 38 21 1 12 36 28 24 13 18 2 19 9 11 22 17 35 27 32 14 39 6 25 31 23 3 34 16 33 
13 18 2 19 9 11 22 17 35 27 14 32 39 6 25 31 23 3 34 16 33 37 26 10 30 5 0 20 4 8 15 29 7 38 21 1 12 36 28 24 
23 3 34 16 15 4 20 0 5 26 10 30 37 33 29 8 7 38 21 1 12 36 28 24 13 18 2 19 9 11 22 17 35 27 32 14 39 6 25 31 
23 3 34 16 15 4 20 0 5 26 10 30 37 33 29 8 7 38 21 1 12 36 28 24 13 18 2 19 9 11 22 17 35 27 32 14 39 6 25 31 
38 21 1 12 36 28 24 13 18 2 19 9 11 22 17 35 27 32 14 39 6 25 31 23 3 34 16 33 37 26 10 30 5 0 20 4 8 15 29 7 
27 32 14 39 6 25 31 23 3 34 16 33 37 26 10 30 5 0 20 4 8 15 29 7 38 21 1 12 36 28 24 13 18 2 19 9 11 22 17 35 
20 4 15 8 7 38 21 1 12 36 28 24 13 18 2 19 9 11 22 17 35 27 32 14 39 6 25 31 34 3 23 16 33 37 26 10 30 5 0 29 
31 3 23 16 33 37 26 10 30 5 0 20 4 8 15 29 7 38 21 1 12 36 28 24 13 18 2 19 9 11 22 17 35 27 32 14 39 6 25 34 
24 28 36 12 1 21 38 7 29 0 5 10 30 26 37 33 20 4 8 15 34 16 3 23 31 25 6 39 14 32 27 35 17 22 11 9 19 2 18 13 
4 20 0 5 26 10 30 37 33 16 34 3 23 31 25 6 39 14 32 27 35 18 2 19 9 11 22 17 13 24 28 36 12 1 21 38 7 8 15 29 
4 20 0 5 26 10 30 37 33 16 34 3 23 31 25 6 39 14 32 27 35 18 13 2 19 9 11 22 17 24 28 36 12 1 21 38 7 29 8 15 
7 38 21 1 12 36 28 24 13 18 2 19 9 11 22 17 35 27 32 14 39 6 25 31 3 23 34 16 33 37 26 10 30 5 0 20 4 15 8 29 
5 0 20 4 15 8 29 7 38 21 1 12 36 28 24 13 18 2 19 9 11 22 17 35 27 32 14 39 6 25 34 3 23 31 16 33 37 26 10 30 
38 21 1 12 36 28 24 13 18 2 19 9 11 22 17 35 27 32 14 39 6 25 31 3 23 34 16 33 37 26 10 30 5 0 20 4 15 8 29 7 
33 37 26 10 30 5 0 20 4 8 15 29 7 38 21 1 12 36 28 24 13 18 2 19 9 11 22 17 35 27 32 14 39 6 25 31 3 34 16 23 
27 14 32 39 6 25 31 3 23 34 16 33 37 26 30 10 5 0 20 4 8 15 29 7 38 21 1 12 36 28 24 13 18 2 19 9 11 22 17 35 
32 14 39 6 25 31 23 3 34 16 15 8 4 20 0 5 10 26 37 33 30 29 7 38 21 1 12 36 28 24 13 18 2 19 9 11 22 17 35 27 
21 1 12 36 28 24 13 18 2 19 9 11 22 17 35 27 32 14 39 6 25 34 3 31 23 16 33 37 26 30 10 5 0 20 4 8 15 29 7 38 
3 34 31 23 16 33 37 26 10 30 5 0 20 4 15 8 29 7 38 21 1 12 36 28 24 13 18 2 19 9 11 22 17 35 27 32 14 39 6 25 
1 21 12 36 28 24 13 18 2 19 9 11 22 17 35 27 32 14 39 6 25 31 3 34 16 23 33 37 26 10 30 5 0 20 4 8 15 29 7 38 
20 4 15 8 7 38 21 1 12 36 28 24 13 18 2 19 9 11 22 17 35 27 32 14 39 6 25 31 3 23 34 16 33 37 26 30 10 5 0 29 
38 21 1 12 36 28 24 13 18 2 19 9 11 22 17 35 27 32 14 39 6 25 31 23 3 34 16 33 37 26 10 30 5 0 20 4 8 15 29 7 
12 36 28 24 13 18 2 19 9 11 22 17 35 27 14 39 32 6 25 31 23 3 34 16 33 37 26 10 30 5 0 29 4 20 15 8 7 38 21 1 
36 28 24 13 18 2 19 9 11 22 17 35 27 32 14 39 6 25 31 34 3 23 16 33 37 26 10 30 5 0 20 4 8 15 29 7 38 21 12 1 
1 12 36 28 24 13 18 2 19 9 11 22 17 35 27 32 14 39 6 25 31 3 23 34 16 33 37 26 10 30 5 0 20 4 8 15 29 7 38 21 
6 25 31 23 3 34 16 15 8 4 20 0 5 33 37 26 10 30 29 7 38 21 1 12 36 28 24 13 18 2 19 9 11 22 17 35 27 32 14 39 
21 1 12 36 28 24 13 18 2 19 9 11 22 17 35 27 32 14 39 6 25 31 34 3 23 16 33 37 26 10 30 5 0 29 4 20 15 8 7 38 
7 38 21 1 12 36 28 24 13 18 2 19 9 11 22 17 35 27 32 14 39 6 25 31 3 23 34 16 33 37 26 10 30 5 0 20 4 15 8 29 
27 32 14 39 6 25 31 23 3 34 16 33 37 26 10 30 5 0 20 4 15 8 29 7 38 21 1 12 36 28 24 13 18 2 19 9 11 22 17 35 
38 21 1 12 36 28 24 13 18 2 19 9 11 22 17 35 27 32 14 39 6 25 31 3 23 34 16 33 37 26 10 30 5 0 20 15 8 4 29 7 
38 21 12 36 28 24 13 18 2 19 9 11 22 17 35 27 32 14 39 6 25 31 23 3 34 16 33 37 26 10 30 5 0 20 29 4 8 15 1 7 
16 34 3 23 31 25 6 39 14 32 27 35 17 22 11 9 19 2 18 13 24 28 36 12 1 21 38 7 8 4 20 0 5 33 37 26 10 30 29 15 
1 21 12 36 28 24 13 18 2 19 9 11 22 17 35 27 32 14 39 6 25 31 34 3 23 16 33 37 26 10 30 5 0 20 4 8 15 29 7 38 
38 21 36 12 1 28 24 13 18 2 19 9 11 22 17 35 27 32 14 39 6 25 31 3 23 34 16 33 37 26 10 30 5 0 20 29 4 15 8 7 
4 8 15 16 34 3 23 31 25 6 39 14 32 27 35 18 2 19 9 11 22 17 13 24 28 36 12 1 21 38 7 29 0 5 26 10 30 37 33 20 
12 36 28 24 13 18 2 19 9 11 22 17 35 27 32 14 39 6 25 31 23 3 34 16 33 37 26 10 30 5 0 20 4 8 15 29 7 38 21 1 
38 21 1 12 36 28 24 13 18 2 19 9 11 22 17 35 27 32 14 39 6 25 31 34 3 23 16 15 8 4 20 0 5 10 26 37 33 30 29 7 
1 21 12 36 28 24 13 18 2 19 9 11 22 17 35 27 32 14 39 6 25 31 34 3 23 16 33 37 26 10 30 5 0 20 4 8 15 29 7 38 
19 2 18 13 24 28 36 12 1 21 38 7 8 15 20 4 29 0 5 26 10 30 37 33 16 34 3 23 31 25 6 39 14 32 27 35 17 22 11 9 
32 14 39 6 25 31 3 23 34 16 33 37 26 10 30 5 0 20 15 4 8 29 7 38 21 1 12 36 28 24 13 2 19 9 11 22 17 18 35 27 
1 21 12 36 28 24 13 18 2 19 9 11 22 17 35 27 32 14 39 6 25 31 23 3 34 16 33 37 26 10 30 5 0 20 4 8 15 29 7 38 
30 26 10 5 0 20 4 8 15 29 7 38 21 1 12 36 28 24 13 18 2 19 9 11 22 17 35 27 32 14 39 6 25 31 23 3 34 16 33 37 
7 38 21 1 12 36 28 24 13 18 2 19 9 11 22 17 35 27 32 14 39 6 25 31 23 3 34 16 33 37 26 10 30 5 0 20 4 8 15 29 
8 4 20 0 5 26 10 30 37 33 16 34 3 23 31 25 6 39 14 32 27 35 18 2 19 9 11 22 17 13 24 28 36 12 1 21 38 7 29 15 
32 14 39 6 25 31 23 3 34 16 15 8 4 20 0 5 26 10 30 37 33 29 7 38 21 1 12 36 28 24 13 18 2 19 9 11 22 17 35 27 
16 33 37 26 10 30 5 0 20 4 15 8 29 7 38 21 1 12 36 28 24 13 18 2 19 9 11 22 17 35 27 32 14 39 6 25 31 23 3 34 
29 7 38 21 1 12 36 28 24 13 18 2 19 9 11 22 17 35 27 32 14 39 6 25 31 34 23 3 16 33 37 26 10 30 5 0 20 4 8 15 
38 21 1 12 36 28 24 13 18 2 19 9 11 22 17 35 27 32 14 39 6 25 31 34 3 23 16 33 37 26 10 30 5 0 29 20 4 8 15 7 
35 27 32 14 39 6 25 31 34 3 23 16 33 37 26 10 30 5 0 20 4 8 15 29 7 38 21 1 12 36 28 24 13 18 2 19 9 11 22 17 
36 28 24 13 18 2 19 9 11 22 17 35 27 32 14 39 6 25 31 3 23 34 16 33 37 26 10 30 5 0 20 4 8 15 29 7 38 21 1 12 
1 12 36 28 24 13 18 2 19 9 11 22 17 35 27 32 14 39 6 25 31 34 3 23 16 33 37 26 10 30 5 0 20 4 8 15 29 7 38 21 
5 0 20 4 15 8 29 7 38 21 1 12 36 28 24 13 18 2 19 9 11 22 17 35 27 32 14 39 6 25 31 23 3 34 16 33 37 26 10 30 
1 12 36 28 24 13 18 2 19 9 11 22 17 35 27 32 14 39 6 25 31 3 34 16 23 33 37 26 10 30 5 0 20 4 8 15 29 7 38 21 
16 15 8 4 20 0 5 33 37 26 10 30 29 7 38 21 1 12 36 28 24 13 18 2 19 9 11 22 17 35 27 32 14 39 6 25 31 3 23 34 
21 1 12 36 28 24 13 18 2 19 9 11 22 17 35 27 32 14 39 6 25 31 34 3 23 16 33 37 26 10 30 5 0 20 4 8 15 29 7 38 
32 14 39 6 25 31 3 23 34 16 33 37 26 10 30 5 0 20 4 8 15 29 7 38 21 1 12 36 28 24 13 18 2 19 9 11 22 17 35 27 
38 21 1 12 36 28 24 13 18 2 19 9 11 22 17 35 27 32 14 39 6 25 31 3 23 34 16 33 37 26 10 30 5 0 20 4 8 15 29 7 
1 12 36 28 24 13 18 2 19 9 11 22 17 35 27 32 14 39 6 25 23 31 34 3 16 33 37 26 10 30 5 0 20 4 8 15 29 7 38 21 
4 20 0 5 26 10 30 37 33 16 34 3 23 31 25 6 39 14 32 27 35 17 22 11 9 19 2 18 13 24 28 36 12 1 21 38 7 29 8 15 
13 18 2 19 9 11 22 17 35 27 32 14 39 6 25 31 3 23 34 16 33 37 26 10 30 5 0 20 4 15 8 29 7 38 1 12 21 36 28 24 
7 38 21 1 12 36 28 24 13 18 2 19 9 11 22 17 35 27 14 32 39 6 25 31 23 3 34 16 33 37 26 10 30 5 0 20 4 8 15 29 
