19 12 11 2 16 18 15 6 9 3 1 4 8 7 13 10 17 5 0 14 
1 3 9 15 6 18 16 2 11 12 19 14 0 5 17 10 13 8 7 4 
3 1 4 8 7 13 10 17 5 0 14 19 11 12 2 16 18 15 6 9 
7 8 4 1 3 9 15 6 18 16 2 12 11 19 14 0 5 17 10 13 
7 8 4 1 3 9 15 6 18 16 2 12 11 19 14 0 5 17 10 13 
7 8 4 1 3 9 15 6 18 16 2 12 11 19 14 0 5 17 10 13 
3 1 4 8 7 13 5 10 17 0 14 19 11 12 2 16 18 6 15 9 
3 1 4 8 7 13 5 10 17 0 14 19 11 12 2 16 18 6 15 9 
3 1 4 8 7 13 5 10 17 0 14 19 11 12 2 16 18 6 15 9 
18 15 6 9 3 1 4 8 7 13 5 10 17 0 14 19 11 12 2 16 
18 15 6 9 3 1 4 8 7 13 5 10 17 0 14 19 11 12 2 16 
18 15 6 9 3 1 4 8 7 13 5 10 17 0 14 19 11 12 2 16 
5 17 10 13 7 8 4 1 3 9 15 6 18 16 2 12 11 19 14 0 
2 16 18 15 6 9 3 1 4 8 7 13 5 10 17 0 14 19 11 12 
3 1 4 8 7 13 5 10 17 0 14 19 12 11 2 16 18 15 6 9 
1 4 8 7 13 10 17 5 0 14 19 11 12 2 16 3 9 15 6 18 
3 1 4 8 7 13 5 10 17 0 14 19 12 11 16 2 18 15 6 9 
18 15 6 9 3 1 4 8 7 13 5 10 17 0 14 19 11 12 2 16 
4 1 3 9 15 6 18 16 2 12 11 19 14 0 17 10 5 13 7 8 
4 1 3 9 15 6 18 16 2 12 11 19 14 0 17 10 5 13 7 8 
3 1 4 8 7 13 5 10 17 0 14 19 12 11 2 16 18 15 6 9 
3 1 4 8 7 13 5 10 17 0 14 19 12 11 2 16 18 15 6 9 
18 15 6 9 3 1 4 8 7 13 5 10 17 0 14 19 11 12 2 16 
18 15 6 9 3 1 4 8 7 13 5 10 17 0 14 19 11 12 2 16 
0 14 19 12 11 2 16 18 6 15 9 3 1 4 8 7 13 5 10 17 
0 14 19 12 11 2 16 18 6 15 9 3 1 4 8 7 13 5 10 17 
12 11 2 16 18 15 6 9 3 1 4 8 7 13 10 17 5 19 14 0 
6 15 9 3 1 4 8 7 13 5 10 17 0 14 19 12 11 2 16 18 
18 15 6 9 3 1 4 8 7 13 5 10 17 0 14 19 12 11 2 16 
5 10 17 0 14 19 12 11 2 16 18 15 6 9 3 1 4 8 7 13 
5 10 17 0 14 19 12 11 2 16 18 15 6 9 3 1 4 8 7 13 
15 9 3 1 4 8 7 13 5 10 17 0 14 19 12 11 2 16 18 6 
4 1 3 9 15 6 18 16 2 11 12 19 14 0 17 10 5 13 7 8 
12 19 11 13 3 16 2 18 15 6 9 1 4 8 7 10 17 5 0 14 
18 6 15 9 3 1 4 8 7 13 5 10 17 0 14 19 12 11 2 16 
18 6 15 9 3 1 4 8 7 13 5 10 17 0 14 19 12 11 2 16 
5 10 17 0 14 19 12 11 16 2 18 15 6 9 3 1 4 8 7 13 
5 10 17 0 14 19 12 11 16 2 18 15 6 9 3 1 4 8 7 13 
0 14 19 11 12 2 16 18 15 6 9 3 1 4 8 7 13 5 10 17 
3 1 4 8 7 13 5 10 17 0 14 19 11 12 2 16 18 15 6 9 
15 6 18 9 3 1 4 8 7 13 5 10 17 0 14 19 11 12 2 16 
15 6 18 9 3 1 4 8 7 13 5 10 17 0 14 19 11 12 2 16 
8 7 4 1 3 9 15 6 18 16 2 12 11 19 14 0 5 17 10 13 
1 4 8 7 13 10 17 5 0 14 19 12 11 16 2 18 15 6 9 3 
0 14 19 11 12 2 16 18 6 15 9 3 1 4 8 7 13 5 10 17 
1 3 9 15 6 18 16 2 12 11 19 14 0 5 17 10 13 7 8 4 
3 1 4 8 7 13 5 10 17 0 14 19 12 11 16 2 18 15 6 9 
10 5 17 0 14 19 12 11 16 2 18 15 6 9 3 1 4 8 7 13 
5 10 17 0 14 19 12 11 16 2 18 15 6 9 3 1 4 8 7 13 
3 1 4 8 7 13 5 10 17 0 14 19 12 11 16 2 18 15 6 9 
3 1 4 8 7 13 5 10 17 0 14 19 12 11 16 2 18 15 6 9 
8 7 13 5 10 17 0 14 19 12 11 16 2 18 6 15 9 3 1 4 
8 7 13 5 10 17 0 14 19 12 11 16 2 18 6 15 9 3 1 4 
3 1 4 8 7 13 5 10 17 0 14 19 11 12 2 16 18 15 6 9 
3 1 4 8 7 13 5 10 17 0 14 19 11 12 2 16 18 6 15 9 
3 1 4 8 7 13 5 10 17 0 14 19 11 12 2 16 18 6 15 9 
8 4 1 3 9 15 6 18 16 2 12 11 19 14 0 17 10 5 13 7 
8 4 1 3 9 15 6 18 16 2 12 11 19 14 0 17 10 5 13 7 
16 2 12 11 19 14 0 17 10 5 13 8 7 4 1 3 9 15 6 18 
3 1 4 8 7 13 10 17 5 0 14 19 11 12 2 16 18 15 6 9 
16 2 12 11 19 14 0 17 10 5 13 8 7 4 1 3 9 15 6 18 
7 8 4 1 3 9 15 6 18 16 2 12 11 19 14 0 5 17 10 13 
5 10 17 0 14 19 12 11 16 2 18 15 6 9 3 1 4 8 7 13 
0 14 19 12 11 16 2 18 6 15 9 3 1 4 8 7 13 5 10 17 
5 10 17 0 14 19 12 11 2 16 18 6 15 9 3 1 4 8 7 13 
1 4 8 7 13 5 10 17 0 14 19 11 12 2 16 3 9 15 6 18 
10 13 8 7 4 1 3 9 15 6 18 16 2 12 11 19 14 0 5 17 
5 0 14 19 12 11 2 16 18 15 6 9 3 1 4 8 7 13 10 17 
5 10 17 0 14 19 12 11 16 2 18 6 15 9 3 1 4 8 7 13 
5 10 17 0 14 19 12 11 16 2 18 6 15 9 3 1 4 8 7 13 
0 14 19 11 12 2 16 18 15 6 9 3 1 4 8 7 13 5 10 17 
4 8 7 13 5 10 17 0 14 19 11 12 2 16 18 6 15 9 3 1 
4 8 7 13 5 10 17 0 14 19 11 12 2 16 18 6 15 9 3 1 
14 19 12 11 16 2 18 15 6 9 3 1 4 8 7 13 5 10 17 0 
1 4 8 7 13 5 10 17 0 14 19 12 11 16 2 18 6 15 9 3 
1 4 8 7 13 5 10 17 0 14 19 12 11 16 2 18 6 15 9 3 
7 8 4 1 3 9 15 6 18 16 2 12 11 19 14 0 5 17 10 13 
0 14 19 11 12 2 16 18 15 6 9 3 1 4 8 7 13 5 10 17 
0 14 19 11 12 2 16 18 15 6 9 3 1 4 8 7 13 5 10 17 
3 1 4 8 7 13 5 10 17 0 14 19 11 12 2 16 18 15 6 9 
16 2 18 6 15 9 3 1 4 8 7 13 5 10 17 0 14 19 12 11 
7 8 4 1 3 9 15 6 18 16 2 12 11 19 14 0 5 17 10 13 
7 8 4 1 3 9 15 6 18 16 2 12 11 19 14 0 5 17 10 13 
18 15 6 9 3 1 4 8 7 13 5 10 17 0 14 19 11 12 2 16 
18 15 6 9 3 1 4 8 7 13 5 10 17 0 14 19 11 12 2 16 
7 8 4 13 3 1 9 15 6 18 2 16 12 11 19 14 0 5 17 10 
7 8 4 1 3 9 15 6 18 16 2 12 11 19 14 0 5 17 10 13 
15 6 18 9 3 1 4 8 7 13 5 10 17 0 14 19 11 12 2 16 
7 13 5 10 17 0 14 19 11 12 2 16 3 9 15 6 18 1 4 8 
0 14 19 12 11 16 2 18 15 6 9 3 1 4 8 7 13 5 10 17 
0 14 19 12 11 16 2 18 15 6 9 3 1 4 8 7 13 10 17 5 
4 1 3 9 15 6 18 16 2 11 12 19 14 0 17 10 5 13 8 7 
4 1 3 9 15 6 18 16 2 11 12 19 14 0 17 10 5 13 8 7 
4 1 3 9 15 6 18 16 2 11 12 19 14 0 17 10 5 13 8 7 
8 4 1 3 9 15 6 18 16 2 12 11 19 14 0 5 17 10 13 7 
8 4 1 3 9 15 6 18 16 2 12 11 19 14 0 5 17 10 13 7 
8 4 1 3 9 15 6 18 16 2 12 11 19 14 0 5 17 10 13 7 
16 2 12 11 19 14 0 17 10 5 13 8 7 4 1 3 9 15 6 18 
3 1 4 8 7 13 5 10 17 0 14 19 11 12 2 16 9 15 6 18 
3 1 4 8 7 13 5 10 17 0 14 19 11 12 2 16 9 15 6 18 
