0 5 3 20 46 24 18 11 23 29 16 47 39 7 17 45 25 34 2 30 15 6 19 21 40 41 42 44 37 4 33 31 43 27 36 48 49 22 14 13 26 10 12 35 28 38 9 8 32 1 
28 38 9 32 8 1 0 5 3 46 20 24 18 37 44 42 41 40 21 19 6 15 11 23 30 2 39 29 16 47 7 17 45 25 34 36 27 43 4 33 31 48 49 22 14 13 26 12 10 35 
31 33 4 43 27 36 48 49 22 14 13 25 45 17 7 47 39 2 30 29 16 23 11 15 6 19 21 40 41 42 44 37 18 24 20 46 3 5 0 1 32 8 9 38 28 35 12 10 26 34 
34 25 45 17 7 39 2 30 29 47 16 23 11 15 6 19 21 40 41 42 44 37 18 24 20 46 5 0 3 1 32 8 9 38 28 35 12 10 26 13 14 22 49 48 36 27 43 4 33 31 
37 44 42 41 40 21 19 6 15 11 23 30 2 39 29 16 47 7 17 45 25 34 27 43 4 33 31 36 13 14 22 48 49 26 10 12 35 28 38 9 8 32 1 0 5 3 46 20 24 18 
31 33 4 6 19 21 40 41 42 44 37 18 24 20 46 5 0 3 1 8 32 35 28 38 9 12 10 26 13 14 22 49 48 36 34 25 45 17 7 39 2 30 29 16 47 23 11 15 43 27 
37 44 42 41 21 40 19 6 15 11 23 30 2 39 29 16 47 7 17 45 25 34 36 27 43 4 33 31 48 49 22 14 13 26 10 12 38 28 35 9 8 32 1 0 5 3 46 20 24 18 
15 6 19 21 40 41 42 44 37 18 24 20 46 5 0 3 1 32 8 9 38 28 35 12 10 26 13 14 22 49 48 31 33 4 43 27 36 34 25 45 17 7 39 2 30 29 16 47 23 11 
8 32 1 0 5 3 20 46 37 44 42 41 40 21 19 6 15 11 18 24 23 30 2 39 29 16 47 7 17 45 25 34 36 27 43 4 33 31 48 49 22 14 13 26 10 12 28 38 9 35 
43 27 33 31 4 6 19 21 40 41 42 44 37 18 24 20 46 5 0 3 1 32 8 9 38 28 35 12 10 26 13 14 22 49 48 36 34 25 45 17 7 39 2 30 29 47 16 23 11 15 
26 10 12 35 28 38 9 8 32 1 3 5 0 20 46 18 24 11 15 6 19 21 40 41 42 44 37 23 16 47 29 30 2 39 7 17 45 25 34 36 27 43 4 33 31 48 49 22 14 13 
42 41 40 21 19 6 15 11 23 30 2 39 47 16 29 7 17 45 25 34 36 27 43 4 33 31 48 49 22 14 13 26 10 12 28 38 9 8 32 35 1 0 5 3 46 20 24 18 37 44 
27 43 4 33 31 48 49 22 14 13 25 45 17 7 35 10 26 12 28 38 9 32 8 1 0 5 3 46 20 24 18 11 15 6 19 21 40 41 42 44 37 23 29 16 47 39 2 30 34 36 
43 27 36 34 25 45 17 7 39 2 30 29 16 47 23 11 15 6 19 21 40 41 42 44 37 18 24 20 46 5 0 3 1 32 8 9 38 28 35 12 10 26 13 14 22 49 48 31 33 4 
49 48 36 43 4 33 31 27 34 25 45 17 7 39 2 30 29 16 47 23 11 15 6 19 21 40 41 42 44 37 18 24 20 46 5 0 3 1 32 8 9 38 28 35 12 10 26 13 14 22 
30 2 39 47 16 29 23 11 15 6 19 21 40 41 42 44 37 18 24 20 46 3 5 0 1 32 8 9 38 28 12 10 26 35 7 17 13 14 22 48 49 31 33 4 43 27 36 34 25 45 
37 44 42 41 40 21 19 6 15 11 23 30 2 39 29 16 47 7 17 45 25 34 36 27 43 4 33 31 48 49 22 14 13 26 10 12 35 28 38 9 8 32 1 0 5 3 20 46 24 18 
21 19 6 15 11 23 29 16 47 39 2 30 7 17 45 25 34 36 27 43 4 33 31 48 49 22 14 13 26 10 12 9 38 28 35 32 8 1 0 5 3 20 46 18 24 37 44 42 41 40 
14 13 25 45 34 2 39 47 16 29 23 30 11 15 6 19 21 40 41 42 44 37 18 24 20 46 5 0 3 1 32 8 9 38 28 35 12 10 26 7 17 36 27 43 4 33 31 48 49 22 
7 17 45 25 13 14 22 49 48 31 33 4 43 27 36 34 2 30 29 16 47 39 23 11 15 6 19 21 40 41 42 44 37 18 24 20 46 0 5 3 1 32 8 9 38 28 12 10 26 35 
16 47 29 30 2 39 7 17 45 25 34 13 14 22 48 49 31 33 4 43 27 36 26 10 12 35 28 38 9 8 32 1 0 5 3 20 46 24 18 37 44 42 41 40 21 19 6 15 11 23 
1 8 32 35 28 38 9 12 10 26 13 14 22 49 48 31 33 4 43 27 36 34 25 45 17 7 47 16 29 23 30 2 39 11 15 6 19 21 40 41 42 44 37 18 24 20 46 5 0 3 
13 14 22 49 48 31 33 4 6 19 21 40 41 42 44 37 18 24 20 46 5 3 0 1 8 32 47 39 2 30 29 16 23 11 15 43 27 36 34 25 45 17 7 35 28 38 9 12 10 26 
33 31 27 43 4 6 19 21 40 41 42 44 37 18 24 20 46 3 5 0 1 32 8 9 38 28 35 12 10 26 13 14 22 49 48 36 34 25 45 17 7 47 16 29 30 2 39 23 11 15 
9 38 28 35 10 12 26 13 14 22 49 48 31 33 4 43 27 36 34 25 45 17 7 39 2 30 29 16 47 23 11 15 6 19 21 40 41 42 44 37 18 24 20 46 5 0 3 1 32 8 
39 2 30 29 23 16 47 7 17 45 25 34 36 27 43 4 33 31 48 49 22 14 13 26 10 12 35 28 38 9 8 32 1 0 5 3 20 46 24 18 11 37 44 42 41 40 21 19 6 15 
3 5 0 1 32 8 9 38 28 35 12 10 26 13 14 22 49 48 31 33 4 43 27 36 34 25 45 17 7 39 47 29 16 23 30 2 15 6 19 21 40 41 42 44 37 18 24 11 46 20 
34 25 45 17 7 47 16 29 30 2 39 23 11 15 6 19 21 40 41 42 44 37 18 24 20 46 5 0 3 1 32 8 9 38 28 35 12 10 26 13 14 22 49 48 36 27 43 4 33 31 
3 5 0 20 46 37 44 42 41 40 21 19 4 33 31 27 43 6 15 11 18 24 23 30 2 39 29 16 47 7 17 45 25 34 36 48 49 22 14 13 26 10 12 35 28 38 9 8 32 1 
31 33 4 43 27 36 34 25 45 17 7 39 2 30 29 16 47 23 11 15 6 19 21 40 41 42 44 37 18 24 20 46 5 0 3 1 8 32 35 28 38 9 12 10 26 13 14 22 49 48 
38 28 35 12 10 26 13 14 22 49 48 27 43 4 33 31 36 34 25 45 17 7 47 16 29 30 2 39 23 11 15 6 19 21 40 41 42 44 37 18 24 20 46 5 0 3 1 32 8 9 
11 24 18 20 46 5 0 3 1 8 32 35 28 38 9 12 10 26 17 7 39 47 16 29 23 30 2 34 25 45 13 14 22 49 48 36 27 43 4 33 31 6 19 21 40 41 42 44 37 15 
26 10 12 35 28 38 9 8 32 1 0 5 3 46 20 37 44 42 41 40 21 19 6 15 11 18 24 23 30 2 39 47 16 29 7 17 45 25 34 36 27 43 4 33 31 48 49 22 14 13 
24 18 37 44 42 41 40 21 19 6 15 11 23 29 16 47 39 7 17 45 25 34 2 30 36 27 43 4 33 31 48 49 22 14 13 26 10 12 35 28 38 9 8 32 1 0 5 3 46 20 
25 45 17 7 39 2 30 29 16 47 23 24 18 11 15 6 19 21 40 41 42 44 37 46 20 5 0 3 1 32 8 9 38 28 35 12 10 26 13 14 22 49 48 36 27 43 4 33 31 34 
26 10 12 28 35 7 17 45 25 34 2 39 47 16 29 30 23 11 15 6 43 27 36 13 14 22 49 48 31 33 4 19 21 40 41 42 44 37 18 24 20 46 5 0 3 1 8 32 9 38 
48 49 22 14 13 36 34 25 45 17 7 39 2 30 29 16 47 23 24 18 11 15 6 43 27 33 31 4 19 21 40 41 42 44 37 46 20 5 0 3 1 32 8 9 38 28 35 12 10 26 
35 28 38 9 32 8 1 0 5 3 46 20 24 18 37 44 42 41 40 21 19 6 15 11 23 30 2 39 29 16 47 7 17 45 25 34 13 14 22 49 48 31 33 4 43 27 36 26 10 12 
17 7 47 16 29 39 2 30 23 11 15 6 19 21 40 41 42 44 37 18 24 20 46 5 0 3 1 32 8 35 28 38 9 12 10 26 13 14 22 49 48 31 33 4 43 27 36 34 25 45 
0 5 3 46 20 24 18 37 44 42 41 21 40 19 4 33 31 27 43 6 15 11 23 29 16 47 39 2 30 7 17 45 25 34 36 48 49 22 14 13 26 10 12 35 28 38 9 8 32 1 
24 18 37 44 42 41 40 21 19 6 15 11 23 16 47 29 2 30 39 7 17 45 25 34 36 27 43 4 33 31 48 49 22 14 13 26 10 12 35 28 38 9 8 32 1 0 5 3 20 46 
34 25 45 17 7 39 2 30 29 16 47 23 11 15 6 19 21 40 41 42 44 37 18 24 20 46 5 0 3 1 8 32 35 28 38 9 12 10 26 13 14 22 49 48 31 33 4 43 27 36 
0 5 3 46 20 24 18 37 44 42 41 40 21 19 6 15 11 30 2 39 23 29 16 47 7 17 45 25 34 36 27 43 4 33 31 48 49 22 14 13 26 10 12 35 28 38 9 8 32 1 
26 10 12 35 28 38 9 8 32 1 0 5 3 46 20 24 18 37 44 42 41 40 21 19 6 15 11 30 2 39 47 16 29 23 7 17 45 25 34 36 27 43 4 33 31 48 49 22 14 13 
26 10 12 35 28 38 9 32 8 1 0 5 3 20 46 24 18 37 44 42 41 40 21 19 6 15 11 23 30 2 39 47 16 29 7 17 45 25 34 36 27 43 4 33 31 48 49 22 14 13 
28 38 9 8 32 1 3 5 0 20 46 24 18 37 44 42 41 40 21 19 6 15 11 23 16 47 29 30 2 39 7 17 45 25 34 36 27 43 4 33 31 48 49 22 14 13 26 10 12 35 
37 44 42 41 40 21 19 6 15 11 16 47 39 2 30 23 29 7 17 45 25 34 36 27 43 4 33 31 48 49 22 14 13 26 10 12 35 28 38 9 8 32 1 0 5 3 20 46 24 18 
0 5 20 46 3 24 18 37 44 42 41 40 21 19 6 15 11 23 30 2 39 29 16 47 7 17 45 25 34 36 27 43 4 33 31 48 49 22 14 13 26 10 12 35 28 38 9 8 32 1 
24 18 37 44 42 41 40 21 19 6 15 11 23 29 16 47 39 2 30 7 17 45 34 25 13 14 22 49 48 31 33 4 43 27 36 26 10 12 28 35 38 9 8 32 1 0 5 3 20 46 
33 31 27 43 4 6 15 11 23 30 2 39 47 16 29 7 17 45 25 34 36 48 49 22 14 13 26 10 12 35 28 38 9 8 32 1 0 5 3 20 46 24 18 37 44 42 41 40 21 19 
30 2 39 7 17 45 25 34 36 27 43 4 33 31 48 49 22 14 13 26 10 12 35 28 38 9 32 8 1 0 5 3 20 46 18 24 11 15 6 19 21 40 41 42 44 37 23 29 16 47 
47 16 29 23 11 15 6 19 21 40 41 42 44 37 18 24 46 20 5 0 3 1 32 8 35 28 38 9 12 10 26 14 13 22 49 48 31 33 4 43 27 36 34 25 45 17 7 39 2 30 
2 30 29 16 47 39 7 17 45 25 34 36 27 43 4 33 31 48 49 22 14 13 26 10 12 35 28 38 9 8 32 1 0 5 3 20 46 24 18 11 15 6 19 21 40 41 42 44 37 23 
0 3 5 20 46 18 24 11 15 6 43 27 33 31 4 19 21 40 41 42 44 37 30 2 39 29 23 16 47 7 17 45 25 34 36 48 49 22 14 13 26 10 12 35 28 38 9 8 32 1 
32 8 9 38 28 35 12 10 26 13 14 22 49 48 31 33 4 43 27 36 34 25 45 17 7 39 2 30 29 47 16 23 11 15 6 19 21 40 41 42 44 37 18 24 20 46 5 0 3 1 
26 10 12 35 28 38 9 8 32 1 0 5 3 46 20 24 18 37 44 42 41 40 21 19 6 15 11 23 29 16 47 39 2 30 7 17 45 25 34 36 27 43 4 33 31 48 49 22 14 13 
24 18 37 44 42 41 40 21 19 6 15 11 30 2 39 29 16 47 7 17 45 25 34 36 27 43 4 33 31 48 49 22 14 13 26 10 12 35 28 38 9 8 32 1 23 0 5 3 46 20 
2 30 29 16 47 39 7 17 45 25 34 36 27 43 4 33 31 48 49 22 14 13 26 10 12 35 28 38 9 8 32 1 0 5 3 20 46 18 24 11 15 6 19 21 40 41 42 44 37 23 
32 8 9 38 28 35 12 10 26 13 14 22 49 48 31 33 4 43 27 36 34 25 45 17 7 39 2 30 29 16 47 23 11 15 6 19 21 40 41 42 44 37 18 24 20 46 5 0 3 1 
22 14 13 25 45 17 7 12 10 26 35 28 38 9 8 32 1 0 5 3 20 46 18 24 37 44 42 41 40 21 19 6 15 11 23 29 16 47 39 2 30 34 36 27 43 4 33 31 48 49 
9 38 28 35 12 10 26 13 14 22 48 49 36 27 43 4 33 31 34 25 45 17 7 39 2 30 29 47 16 23 24 11 15 6 19 21 40 41 42 44 37 18 20 46 3 5 0 1 32 8 
23 29 16 47 39 2 30 11 18 24 20 46 5 3 0 1 32 8 9 38 28 35 12 10 26 7 17 45 25 34 13 14 22 49 48 36 27 43 31 33 4 6 19 21 40 41 42 44 37 15 
29 47 16 23 30 2 39 7 17 45 25 34 36 27 43 4 33 31 48 49 22 14 13 26 10 12 35 28 38 9 8 32 1 3 5 0 20 46 18 24 37 44 42 41 40 21 19 6 15 11 
19 6 15 11 23 16 47 39 2 30 29 7 17 45 25 34 36 27 43 4 33 31 48 49 22 14 13 26 10 12 35 28 38 9 8 32 1 0 5 3 20 46 18 24 37 44 42 41 21 40 
40 41 42 44 37 18 24 20 46 5 0 3 1 32 8 9 38 28 35 12 10 26 13 14 22 48 49 31 33 4 43 27 36 34 25 45 17 7 39 2 30 29 47 16 23 11 15 6 19 21 
39 7 17 45 25 34 36 27 43 4 33 31 48 49 22 14 13 26 10 12 35 28 38 9 8 32 1 0 5 3 20 46 24 18 37 44 42 41 40 21 19 6 15 11 23 29 16 47 30 2 
16 47 7 17 45 25 34 36 27 43 4 33 31 48 49 22 14 13 26 10 12 35 28 38 9 8 32 1 0 5 3 20 46 18 24 11 37 44 42 41 40 21 19 6 15 30 2 39 23 29 
42 41 40 21 19 6 15 11 18 24 23 30 2 39 47 16 29 7 17 45 25 34 36 27 43 4 33 31 48 49 22 14 13 26 10 12 35 28 38 9 8 32 1 3 5 0 20 46 37 44 
28 38 9 8 32 1 0 5 3 20 46 24 18 37 44 42 41 40 21 19 4 33 31 27 43 6 15 11 23 30 2 39 29 16 47 7 17 45 25 13 14 22 49 48 36 34 26 10 12 35 
15 6 19 21 40 41 42 44 37 18 24 20 46 3 5 0 1 32 8 9 38 28 35 12 10 26 13 14 22 49 48 31 33 4 43 27 36 34 25 45 17 7 39 47 16 29 23 30 2 11 
26 10 12 28 38 9 8 32 1 0 5 3 20 46 37 44 42 41 40 21 19 6 15 11 18 24 23 29 16 47 39 2 30 34 36 27 43 33 4 31 48 49 22 14 13 25 45 17 7 35 
24 18 37 44 42 41 40 21 19 4 33 31 27 43 6 15 11 23 30 2 39 29 16 47 35 7 17 45 25 34 36 13 14 22 48 49 26 10 12 28 38 9 8 32 1 0 5 3 20 46 
13 14 22 49 48 31 33 4 43 27 36 34 25 45 17 7 39 2 30 29 16 47 23 24 18 11 15 6 19 21 40 41 42 44 37 46 20 5 0 3 1 32 8 9 38 28 35 12 10 26 
35 28 38 9 8 32 1 0 5 3 46 20 24 11 18 37 44 42 41 40 21 19 6 15 23 29 16 47 39 2 30 45 25 34 36 27 43 4 33 31 48 49 22 14 13 17 7 26 10 12 
24 18 37 44 42 41 40 21 19 6 15 11 23 16 29 30 2 39 47 7 17 45 25 34 36 27 43 4 33 31 48 49 22 14 13 26 10 12 28 35 9 38 32 8 1 0 5 3 46 20 
12 10 26 13 14 22 49 48 31 33 4 6 43 27 36 34 25 45 17 7 39 2 30 29 16 47 23 24 18 11 15 19 21 40 41 42 44 37 46 20 5 0 3 1 32 8 9 38 28 35 
21 40 19 6 15 30 2 39 23 29 16 47 7 17 45 25 34 36 27 43 33 4 31 48 49 22 14 13 26 10 12 35 28 38 9 8 32 1 0 5 3 46 20 24 18 11 37 44 42 41 
43 27 31 33 4 19 21 40 41 42 44 37 18 24 20 46 3 5 0 1 32 8 9 38 28 35 12 10 26 17 7 39 2 30 29 16 47 23 11 15 6 34 25 45 13 14 22 49 48 36 
43 27 33 4 19 21 40 41 42 44 37 18 24 20 46 5 3 0 1 32 8 9 38 28 35 12 10 26 13 14 22 49 48 36 34 25 45 17 7 39 2 30 29 47 16 23 11 15 6 31 
36 34 25 45 17 7 39 2 30 29 16 47 23 11 15 6 19 21 40 41 42 44 37 18 24 20 46 5 0 3 1 32 8 9 38 28 35 12 10 26 14 13 22 49 48 31 33 4 43 27 
31 33 4 43 27 36 34 25 45 17 7 39 2 30 29 16 47 23 11 15 6 19 21 40 41 42 44 37 18 24 46 20 5 0 3 1 32 8 9 38 28 35 12 10 26 13 14 22 49 48 
19 6 15 11 23 30 2 39 29 16 47 7 17 45 25 34 27 43 4 33 31 36 13 14 22 48 49 26 10 12 35 28 38 9 8 32 1 0 5 3 46 20 24 18 37 44 42 41 40 21 
21 19 6 15 11 23 29 16 47 39 2 30 7 17 45 25 34 36 27 43 4 33 31 48 49 22 14 13 26 10 12 35 28 38 9 8 32 1 0 5 3 46 20 24 18 37 44 42 41 40 
20 46 37 44 42 41 40 21 19 6 15 11 18 24 23 30 2 39 29 16 47 7 17 45 25 34 36 27 43 4 33 31 48 49 22 14 13 26 10 12 9 38 28 35 32 8 1 0 5 3 
24 18 37 44 42 41 40 21 19 6 15 11 23 29 30 2 39 47 16 7 17 45 25 34 36 27 43 4 33 31 48 49 22 14 13 26 10 12 35 28 38 9 8 32 1 0 5 3 46 20 
47 16 29 23 30 2 39 7 17 45 25 34 36 27 43 4 33 31 48 49 22 14 13 26 10 12 35 28 38 9 8 32 1 5 0 3 20 46 24 18 37 44 42 41 40 21 19 6 15 11 
32 8 1 0 5 3 46 20 24 18 37 44 42 41 40 21 19 6 15 11 30 2 39 29 23 16 47 7 17 45 25 34 13 14 36 27 43 4 33 31 48 49 22 26 10 12 28 38 9 35 
0 5 20 46 37 44 42 41 40 21 19 6 15 11 18 24 23 29 16 47 30 2 39 7 17 45 25 34 36 27 43 4 33 31 48 49 22 14 13 26 10 12 35 28 38 9 32 8 1 3 
34 25 45 17 7 47 16 29 30 2 39 23 11 15 6 19 21 40 41 42 44 37 18 24 20 46 3 5 0 1 8 32 35 28 38 9 12 10 26 13 14 22 48 49 36 27 43 4 33 31 
0 5 3 46 20 24 18 37 44 42 41 40 21 19 6 15 11 23 29 16 47 39 2 30 7 17 45 25 34 14 13 36 27 43 4 33 31 48 49 22 26 10 12 35 28 38 9 8 32 1 
20 46 18 24 37 44 42 41 40 21 19 6 15 11 23 29 16 47 39 2 30 7 17 45 25 34 36 27 43 4 33 31 48 49 22 14 13 26 10 12 35 28 38 9 8 32 1 0 5 3 
10 12 35 28 38 9 8 32 1 0 5 3 20 46 37 44 42 41 40 21 19 6 15 11 18 24 23 29 16 47 39 2 30 7 17 45 25 34 36 27 43 4 33 31 48 49 22 14 13 26 
44 37 42 41 40 21 19 6 15 11 23 30 2 39 47 16 29 7 17 45 25 34 36 27 43 4 33 31 48 49 22 14 13 26 10 12 35 28 38 9 8 32 1 0 5 3 20 46 24 18 
47 16 29 39 2 30 23 24 18 11 15 6 19 21 40 41 42 44 37 46 20 5 0 3 1 8 32 35 28 38 9 12 10 26 14 13 22 49 48 31 33 4 43 27 36 34 25 45 17 7 
2 39 47 16 29 23 11 15 6 19 21 40 41 42 44 37 18 24 20 46 3 5 0 1 8 32 35 28 38 9 12 10 26 14 13 22 49 48 31 33 4 43 27 36 34 25 45 17 7 30 
21 19 6 15 11 24 18 23 30 2 39 47 16 29 7 17 45 25 34 36 27 43 4 33 31 48 49 22 14 13 26 10 12 35 28 38 9 32 8 1 0 5 3 20 46 37 44 42 41 40 
11 15 6 19 21 40 41 42 44 37 18 24 20 46 3 5 0 1 32 8 28 38 9 35 12 10 26 14 13 22 49 48 31 33 4 43 27 36 34 25 45 17 7 39 47 16 29 30 2 23 
40 41 42 44 37 18 24 20 46 3 5 0 1 32 8 9 38 28 35 7 17 45 25 34 13 14 36 27 43 4 33 31 48 49 22 26 10 12 39 2 30 29 47 16 23 11 15 6 19 21 
7 17 39 2 30 29 16 47 23 24 18 11 15 6 19 21 40 41 42 44 37 46 20 5 0 3 1 32 8 9 38 28 35 12 10 26 13 14 22 49 48 31 33 4 43 27 36 34 25 45 
31 33 4 43 27 36 34 25 45 17 7 39 47 16 29 23 30 2 15 6 19 21 40 41 42 44 37 18 24 11 46 20 5 3 0 1 32 8 9 38 28 35 12 10 26 13 14 22 49 48 
