10 11 9 12 23 17 5 16 22 21 2 20 0 8 24 1 13 6 19 15 3 7 4 14 18 
11 9 12 23 17 5 16 22 21 2 20 0 8 24 1 13 6 19 15 3 7 4 14 18 10 
20 0 8 24 1 13 6 15 3 7 4 14 19 18 10 11 9 12 23 17 5 16 22 21 2 
23 17 5 16 22 21 2 20 0 8 24 1 13 6 15 3 7 19 14 4 18 10 11 9 12 
20 0 8 24 1 13 6 3 15 19 7 4 14 18 10 11 9 12 23 17 5 16 22 21 2 
16 22 20 0 8 24 1 13 6 19 15 3 7 4 14 18 10 11 9 12 23 17 5 2 21 
11 9 12 23 17 5 2 21 16 22 20 0 8 24 1 13 6 19 15 3 7 4 14 18 10 
11 9 12 23 17 5 2 21 16 22 20 0 8 24 1 13 6 19 15 3 7 4 14 18 10 
23 17 5 16 22 21 2 20 0 8 24 1 13 6 15 3 7 4 14 19 18 10 11 9 12 
8 24 1 13 6 15 3 7 14 4 19 18 10 11 9 12 23 17 5 16 22 21 2 20 0 
2 21 20 0 8 24 1 13 6 3 15 19 14 4 7 18 10 11 9 12 23 17 5 16 22 
18 10 11 9 12 23 17 5 16 2 21 22 20 0 8 24 1 13 6 15 3 7 4 14 19 
2 21 16 22 20 0 8 24 1 13 6 15 3 7 4 14 19 18 10 11 9 12 23 17 5 
19 15 3 7 4 14 18 10 11 9 12 23 17 5 16 22 21 2 20 0 8 24 1 13 6 
19 15 3 7 4 14 18 10 11 9 12 23 17 5 16 22 21 2 20 0 8 24 1 13 6 
24 1 13 6 3 19 15 7 4 14 18 10 11 9 12 23 17 5 16 22 21 2 20 0 8 
2 21 16 22 20 0 8 24 1 13 6 15 19 3 7 4 14 18 10 11 9 12 23 17 5 
19 15 3 7 4 14 18 10 11 9 12 23 17 5 16 22 21 2 20 0 8 24 1 13 6 
19 15 3 7 4 14 18 10 11 9 12 23 17 5 16 22 21 2 20 0 8 24 1 13 6 
3 15 19 7 4 14 18 10 11 9 12 23 17 5 16 22 21 2 0 20 8 24 1 13 6 
23 17 5 16 22 21 2 20 0 8 24 1 13 6 15 19 3 7 4 14 18 10 11 9 12 
23 17 5 16 22 21 2 20 0 8 24 1 13 6 15 19 3 7 4 14 18 10 11 9 12 
17 5 16 22 21 2 20 0 8 24 1 13 6 15 19 3 7 4 14 18 10 11 9 12 23 
5 2 21 16 22 20 0 8 24 1 13 6 15 3 7 4 14 19 18 10 11 9 12 23 17 
5 16 22 21 2 20 0 8 24 1 13 6 15 19 3 7 4 14 18 10 11 9 12 23 17 
18 10 11 9 12 23 17 5 16 22 21 2 20 0 8 24 1 13 6 15 19 3 7 4 14 
18 10 11 9 12 23 17 5 16 22 21 2 20 0 8 24 1 13 6 15 19 3 7 4 14 
11 9 12 23 17 5 16 22 21 2 20 0 8 24 1 13 6 15 3 19 7 4 14 18 10 
11 9 12 23 17 5 16 22 21 2 20 0 8 24 1 13 6 15 3 19 7 4 14 18 10 
20 0 8 24 1 13 6 15 3 7 4 14 19 18 10 11 9 12 23 17 5 16 22 21 2 
3 15 19 14 4 7 18 10 11 9 12 23 17 5 16 22 21 2 20 0 8 24 1 13 6 
5 16 22 2 21 20 0 8 24 1 13 6 15 19 3 7 4 14 18 10 11 9 12 23 17 
1 13 6 15 3 19 7 4 14 18 10 11 9 12 23 17 5 16 22 21 2 20 0 8 24 
1 13 6 15 3 19 7 4 14 18 10 11 9 12 23 17 5 16 22 21 2 20 0 8 24 
2 21 16 22 20 0 8 24 1 13 6 15 3 7 4 14 19 18 10 11 9 12 23 17 5 
10 11 9 12 23 17 5 16 22 21 2 20 0 8 24 1 13 6 3 15 19 7 4 14 18 
16 22 18 14 4 7 19 15 3 6 13 1 24 8 0 20 21 2 5 17 23 12 9 11 10 
10 11 9 12 23 17 5 16 22 21 2 20 0 8 24 1 13 6 15 19 3 7 4 14 18 
8 1 13 6 15 19 3 7 4 14 18 10 11 9 12 23 17 5 16 22 21 2 20 0 24 
8 24 1 13 6 15 19 3 7 4 14 18 10 11 9 12 23 17 5 16 22 21 2 20 0 
19 15 3 7 4 14 18 10 11 9 12 23 17 5 16 22 21 2 20 0 8 24 1 13 6 
12 23 17 5 16 22 21 2 20 0 8 24 1 13 6 15 3 7 4 14 19 18 10 11 9 
18 10 11 9 12 23 17 5 16 22 21 2 20 0 8 24 1 13 6 15 19 3 7 4 14 
8 24 1 13 6 15 19 3 7 4 14 18 10 11 9 12 23 17 5 16 22 21 2 20 0 
19 15 3 7 4 14 18 10 11 9 12 23 17 5 16 22 21 2 20 0 8 24 1 13 6 
19 15 3 7 4 14 18 10 11 9 12 23 17 5 16 22 21 2 20 0 8 24 1 13 6 
11 9 12 23 17 5 16 22 21 2 20 0 8 24 1 13 6 15 3 7 19 14 4 18 10 
23 17 5 16 22 21 2 20 0 8 24 1 13 6 15 3 7 4 14 19 18 10 11 9 12 
19 15 3 7 4 14 18 10 11 9 12 23 17 5 16 22 21 2 20 0 8 24 1 13 6 
2 21 20 0 8 24 1 13 6 15 19 3 7 4 14 18 10 11 9 12 23 17 5 16 22 
2 21 20 0 8 24 1 13 6 15 19 3 7 4 14 18 10 11 9 12 23 17 5 16 22 
10 11 9 12 23 17 5 16 22 21 2 20 0 8 24 1 13 6 3 15 19 7 4 14 18 
2 21 20 0 8 24 1 13 6 15 19 3 7 4 14 18 10 11 9 12 23 17 5 16 22 
9 12 23 17 5 16 22 21 2 20 0 8 24 1 13 6 15 19 3 7 4 14 18 10 11 
9 12 23 17 5 16 22 21 2 20 0 8 24 1 13 6 15 19 3 7 4 14 18 10 11 
11 9 12 23 17 5 16 22 21 2 20 0 8 24 1 13 6 15 3 7 19 14 4 18 10 
18 10 11 9 12 23 17 5 16 22 21 2 20 0 8 24 1 13 6 15 3 7 4 14 19 
19 15 3 7 4 14 18 10 11 9 12 23 17 5 16 22 21 2 20 0 8 24 1 13 6 
19 15 3 7 4 14 18 10 11 9 12 23 17 5 16 22 21 2 20 0 8 24 1 13 6 
23 17 5 16 22 21 2 20 0 8 24 1 13 6 15 3 7 4 14 19 18 10 11 9 12 
11 9 12 23 17 5 16 22 21 2 20 0 8 24 1 13 6 3 15 19 7 4 14 18 10 
8 24 1 13 6 3 15 19 14 4 7 18 10 11 9 12 23 17 5 16 22 21 2 20 0 
10 11 9 12 23 17 5 16 22 21 2 20 0 8 24 1 13 6 15 19 3 7 4 14 18 
10 11 9 12 23 17 5 16 22 21 2 20 0 8 24 1 13 6 15 3 7 19 14 4 18 
6 15 19 3 7 4 14 18 10 11 9 12 23 17 5 16 22 21 2 20 0 8 24 1 13 
6 15 19 3 7 4 14 18 10 11 9 12 23 17 5 16 22 21 2 20 0 8 24 1 13 
10 11 9 12 23 17 5 16 22 21 2 20 0 8 24 1 13 6 3 15 19 7 4 14 18 
5 16 22 21 2 20 0 8 24 1 13 6 3 15 19 7 4 14 18 10 11 9 12 23 17 
23 17 5 16 22 21 2 20 0 8 24 1 13 6 3 15 19 7 4 14 18 10 11 9 12 
17 5 16 22 21 2 20 0 8 24 1 13 6 15 19 3 7 4 14 18 10 11 9 12 23 
21 16 22 20 0 8 24 1 13 6 15 19 3 7 4 14 18 10 11 9 12 23 17 5 2 
2 21 20 0 8 24 1 13 6 15 19 3 7 4 14 18 10 11 9 12 23 17 5 16 22 
19 15 3 7 4 14 18 10 11 9 12 23 17 5 16 22 21 2 20 0 8 24 1 13 6 
22 21 2 20 0 8 24 1 13 6 15 19 3 7 4 14 18 10 11 9 12 23 17 5 16 
19 15 3 7 4 14 18 10 11 9 12 23 17 5 16 22 21 2 20 0 8 24 1 13 6 
23 17 5 16 22 21 2 20 0 8 24 1 13 6 15 19 3 7 4 14 18 10 11 9 12 
23 17 5 16 22 21 2 20 0 8 24 1 13 6 15 19 3 7 4 14 18 10 11 9 12 
19 15 3 7 4 14 18 10 11 9 12 23 17 5 16 22 21 2 20 0 8 24 1 13 6 
19 15 3 7 4 14 18 10 11 9 12 23 17 5 16 22 21 2 20 0 8 24 1 13 6 
3 15 19 7 4 14 18 10 11 9 12 23 17 5 16 22 21 2 20 0 8 24 1 13 6 
19 15 3 7 4 14 18 10 11 9 12 23 17 5 16 22 21 2 20 0 8 24 1 13 6 
19 15 3 7 4 14 18 10 11 9 12 23 17 5 16 22 21 2 20 0 8 24 1 13 6 
19 15 3 7 4 14 18 10 11 9 12 23 17 5 16 22 21 2 20 0 8 24 1 13 6 
18 10 11 9 12 23 17 5 16 22 21 2 20 0 8 24 1 13 6 15 19 3 7 4 14 
15 19 3 7 4 14 18 10 11 9 12 23 17 5 16 22 21 2 20 0 8 24 1 13 6 
10 11 9 12 23 17 5 16 22 21 2 20 0 8 24 1 13 6 15 19 3 7 4 14 18 
11 9 12 23 17 5 16 22 21 2 20 0 8 24 1 13 6 15 3 7 19 14 4 18 10 
6 15 19 3 7 4 14 18 10 11 9 12 23 17 5 16 22 2 21 20 0 8 24 1 13 
23 17 5 16 22 21 2 20 0 8 24 1 13 6 15 3 7 19 14 4 18 10 11 9 12 
23 17 5 16 22 21 2 20 0 8 24 1 13 6 15 19 3 7 4 14 18 10 11 9 12 
10 11 9 12 23 17 5 16 22 21 2 20 0 8 24 1 13 6 15 19 3 7 4 14 18 
19 15 3 7 4 14 18 10 11 9 12 23 17 5 16 22 21 2 0 20 8 24 1 13 6 
3 15 19 7 4 14 18 10 11 9 12 23 17 5 16 22 21 2 20 0 8 24 1 13 6 
15 3 19 7 4 14 18 10 11 9 12 23 17 5 2 21 16 22 20 0 8 24 1 13 6 
11 9 12 23 17 5 16 22 21 2 0 20 8 24 1 13 6 15 3 7 19 14 4 18 10 
21 16 22 20 0 8 24 1 13 6 15 19 3 7 4 14 18 10 11 9 12 23 17 5 2 
21 16 22 20 0 8 24 1 13 6 15 19 3 7 4 14 18 10 11 9 12 23 17 5 2 
23 17 5 16 22 21 2 20 0 8 24 1 13 6 15 19 3 7 4 14 18 10 11 9 12 
1 13 6 15 19 3 7 4 14 18 10 11 9 12 23 17 5 16 22 21 2 20 0 8 24 
23 17 5 16 22 21 2 20 0 8 24 1 13 6 15 19 3 7 4 14 18 10 11 9 12 
