7 2 4 1 10 14 3 12 6 11 9 8 5 13 0 
10 14 3 12 6 11 9 8 5 13 0 7 2 4 1 
9 8 5 13 0 7 2 4 1 10 14 3 11 12 6 
11 9 8 5 13 0 7 2 4 1 10 14 3 12 6 
11 9 8 5 13 0 7 2 4 1 10 14 3 12 6 
11 9 8 5 13 0 7 2 4 1 10 14 3 12 6 
11 9 8 5 13 0 7 2 4 1 10 14 3 12 6 
7 2 4 1 10 14 3 12 6 11 9 8 5 13 0 
7 2 4 1 10 14 3 12 6 11 9 8 5 13 0 
7 2 4 1 10 14 3 12 6 11 9 8 5 13 0 
0 5 8 9 11 12 6 3 14 10 4 1 2 7 13 
0 5 8 9 11 12 6 3 14 10 4 1 2 7 13 
0 5 8 9 11 12 6 3 14 10 4 1 2 7 13 
0 5 8 9 11 12 6 3 14 10 4 1 2 7 13 
0 5 8 9 11 12 6 3 14 10 4 1 2 7 13 
7 2 4 1 10 14 3 12 6 11 9 8 5 13 0 
7 2 4 1 10 14 3 12 6 11 9 8 5 13 0 
7 2 4 1 10 14 3 12 6 11 9 8 5 13 0 
7 2 4 1 10 14 3 12 6 11 9 8 5 13 0 
7 2 4 1 10 14 3 12 6 11 9 8 5 13 0 
7 2 4 1 10 14 3 12 6 11 9 8 5 13 0 
7 2 4 1 10 14 3 12 6 11 9 8 5 13 0 
7 2 4 1 10 14 3 12 6 11 9 8 5 13 0 
7 2 4 1 10 14 3 12 6 11 9 8 5 13 0 
4 1 10 14 3 12 6 11 9 8 5 13 0 7 2 
4 1 10 14 3 12 6 11 9 8 5 13 0 7 2 
4 1 10 14 3 12 6 11 9 8 5 13 0 7 2 
4 1 10 14 3 12 6 11 9 8 5 13 0 7 2 
8 5 13 0 7 2 4 1 10 14 3 12 6 11 9 
8 5 13 0 7 2 4 1 10 14 3 12 6 11 9 
7 2 4 1 10 14 3 12 6 11 9 8 5 13 0 
7 2 4 1 10 14 3 12 6 11 9 8 5 13 0 
7 2 4 1 10 14 3 12 6 11 9 8 5 13 0 
7 2 4 1 10 14 3 12 6 11 9 8 5 13 0 
7 2 4 1 10 14 3 12 6 11 9 8 5 13 0 
7 2 4 1 10 14 3 12 6 11 9 8 5 13 0 
7 2 4 1 10 14 3 12 6 11 9 8 5 13 0 
7 2 4 1 10 14 3 12 6 11 9 8 5 13 0 
7 2 4 1 10 14 3 12 6 11 9 8 5 13 0 
7 2 4 1 10 14 3 12 6 11 9 8 5 13 0 
7 2 4 1 10 14 3 12 6 11 9 8 5 13 0 
9 8 5 13 0 7 2 4 1 10 14 3 11 12 6 
9 8 5 13 0 7 2 4 1 10 14 3 11 12 6 
9 8 5 13 0 7 2 4 1 10 14 3 11 12 6 
10 14 3 11 12 6 9 8 5 0 13 1 4 2 7 
10 14 3 11 12 6 9 8 5 0 13 1 4 2 7 
13 0 5 8 9 11 12 6 3 14 10 4 1 2 7 
13 0 5 8 9 11 12 6 3 14 10 4 1 2 7 
13 0 5 8 9 11 12 6 3 14 10 4 1 2 7 
13 0 5 8 9 11 12 6 3 14 10 4 1 2 7 
13 0 5 8 9 11 12 6 3 14 10 4 1 2 7 
9 8 5 13 0 7 2 4 1 10 14 3 12 6 11 
9 8 5 13 0 7 2 4 1 10 14 3 12 6 11 
7 2 4 1 10 14 3 12 6 11 9 8 5 13 0 
7 2 4 1 10 14 3 12 6 11 9 8 5 13 0 
7 2 4 1 10 14 3 12 6 11 9 8 5 13 0 
7 2 4 1 10 14 3 12 6 11 9 8 5 13 0 
11 9 8 5 13 0 7 2 4 1 10 14 3 12 6 
11 9 8 5 13 0 7 2 4 1 10 14 3 12 6 
7 2 4 1 10 14 3 12 6 11 9 8 5 13 0 
7 2 4 1 10 14 3 12 6 11 9 8 5 13 0 
7 2 4 1 10 14 3 12 6 11 9 8 5 13 0 
7 2 4 1 10 14 3 12 6 11 9 8 5 13 0 
7 2 4 1 10 14 3 12 6 11 9 8 5 13 0 
11 9 8 5 13 0 7 2 4 1 10 14 3 12 6 
11 9 8 5 13 0 7 2 4 1 10 14 3 12 6 
11 9 8 5 13 0 7 2 4 1 10 14 3 12 6 
9 8 5 13 0 7 2 4 1 10 14 3 11 12 6 
9 8 5 13 0 7 2 4 1 10 14 3 11 12 6 
2 4 1 10 14 3 12 6 11 9 8 5 13 0 7 
2 4 1 10 14 3 12 6 11 9 8 5 13 0 7 
2 4 1 10 14 3 12 6 11 9 8 5 13 0 7 
2 4 1 10 14 3 12 6 11 9 8 5 13 0 7 
7 2 4 1 10 14 3 12 6 11 9 8 5 13 0 
7 2 4 1 10 14 3 12 6 11 9 8 5 13 0 
7 2 4 1 10 14 3 12 6 11 9 8 5 13 0 
7 2 4 1 10 14 3 12 6 11 9 8 5 13 0 
6 12 11 9 8 5 13 0 1 4 2 7 10 14 3 
6 12 11 9 8 5 13 0 1 4 2 7 10 14 3 
7 2 4 1 10 14 3 12 6 11 9 8 5 13 0 
7 2 4 1 10 14 3 12 6 11 9 8 5 13 0 
7 2 4 1 10 14 3 12 6 11 9 8 5 13 0 
7 2 4 1 10 14 3 12 6 11 9 8 5 13 0 
7 2 4 1 10 14 3 12 6 11 9 8 5 13 0 
7 2 4 1 10 14 3 12 6 11 9 8 5 13 0 
7 2 4 1 10 14 3 12 6 11 9 8 5 13 0 
7 2 4 1 10 14 3 12 6 11 9 8 5 13 0 
7 2 4 1 10 14 3 12 6 11 9 8 5 13 0 
7 2 4 1 10 14 3 12 6 11 9 8 5 13 0 
7 2 4 1 10 14 3 12 6 11 9 8 5 13 0 
11 9 8 5 13 0 7 2 4 1 10 14 3 12 6 
11 9 8 5 13 0 7 2 4 1 10 14 3 12 6 
11 12 6 3 14 10 4 1 2 7 13 0 5 8 9 
11 12 6 3 14 10 4 1 2 7 13 0 5 8 9 
11 12 6 3 14 10 4 1 2 7 13 0 5 8 9 
11 12 6 3 14 10 4 1 2 7 13 0 5 8 9 
11 9 8 5 13 0 1 4 2 7 10 14 3 12 6 
11 9 8 5 13 0 1 4 2 7 10 14 3 12 6 
11 9 8 5 13 0 1 4 2 7 10 14 3 12 6 
11 12 6 3 14 10 1 4 2 7 13 0 5 8 9 
