39 59 11 43 45 50 61 21 52 0 48 58 40 36 8 17 2 37 41 20 42 1 30 29 22 62 19 23 16 12 35 26 24 60 38 25 27 28 9 44 53 5 63 31 51 15 47 32 49 64 34 14 55 57 13 18 56 4 3 10 7 54 6 33 46 
27 25 28 44 53 9 5 63 31 51 15 47 32 49 64 57 55 13 18 56 4 14 34 3 6 10 7 54 46 33 39 59 45 43 50 61 21 52 0 48 58 40 36 11 8 17 2 37 41 20 42 1 29 30 22 62 19 23 24 26 35 60 38 12 16 
23 24 26 35 60 38 25 27 28 9 5 53 44 63 31 51 15 47 32 49 64 14 34 4 18 13 57 55 56 6 3 10 7 54 46 33 39 59 45 43 50 61 21 52 0 48 58 40 36 11 8 17 2 37 41 20 42 1 30 29 22 62 19 12 16 
38 25 27 28 9 44 53 5 63 31 51 15 47 32 49 64 14 34 3 6 7 54 10 56 4 55 57 13 18 61 50 45 43 21 52 0 48 58 40 36 11 59 39 33 46 17 8 2 37 41 20 42 1 22 30 29 62 19 23 24 26 35 60 12 16 
64 49 32 47 15 51 31 63 5 53 44 28 27 25 9 38 35 60 12 16 23 24 26 19 62 22 30 29 1 42 20 41 37 2 17 8 40 36 11 33 46 39 59 45 43 58 48 0 52 21 61 50 18 13 57 55 14 4 56 3 6 7 54 10 34 
41 2 37 20 42 1 22 30 29 62 19 24 23 12 16 26 35 60 38 25 27 28 9 53 44 5 63 31 51 15 47 32 49 64 57 13 18 56 4 55 14 34 3 10 7 54 6 46 33 39 59 45 43 50 61 21 52 0 48 58 40 36 11 8 17 
40 36 8 11 59 39 33 46 17 2 37 41 20 42 1 22 30 29 62 19 24 23 16 12 26 35 60 38 25 27 28 9 53 44 5 63 31 51 15 47 32 49 64 57 55 14 34 10 7 54 6 3 56 4 18 13 61 50 45 43 21 52 0 48 58 
24 26 35 60 38 25 27 28 9 53 44 5 63 31 51 15 47 32 49 64 14 34 10 3 6 7 54 46 33 39 59 45 43 50 56 4 18 13 55 57 61 21 52 0 48 58 40 36 11 8 17 2 37 41 20 42 1 29 30 22 62 19 23 16 12 
43 45 59 39 33 46 54 7 10 3 6 56 18 13 57 55 4 14 34 64 49 32 47 15 51 31 63 5 53 44 28 27 25 9 38 60 35 26 24 23 12 16 29 62 19 22 30 1 42 20 41 37 2 8 36 11 17 40 58 48 0 52 21 61 50 
17 8 36 11 33 46 39 59 45 43 40 58 48 0 52 21 61 50 56 4 55 57 13 18 3 6 7 54 10 34 14 64 49 32 47 15 51 31 63 5 53 44 28 25 27 9 38 60 35 26 24 23 12 16 19 62 22 30 29 1 42 20 41 2 37 
59 45 43 11 36 40 58 48 0 52 21 61 50 18 13 55 57 4 56 3 6 7 54 10 34 14 64 49 32 47 15 51 31 63 5 9 53 44 28 27 25 38 60 35 26 24 23 12 16 19 62 22 30 29 1 42 20 41 37 2 8 17 33 39 46 
35 60 38 28 27 25 9 53 44 5 63 31 51 15 47 32 49 64 55 57 13 18 56 4 14 34 10 7 54 6 3 46 33 39 59 45 43 50 61 21 52 0 48 58 40 36 11 8 17 2 37 41 20 42 1 30 29 22 62 19 24 23 12 16 26 
36 40 58 48 0 52 21 61 50 56 18 13 57 55 4 3 6 7 54 10 34 14 64 49 32 47 15 51 31 63 5 53 9 44 28 27 25 38 35 60 26 24 23 16 12 19 62 22 30 29 1 42 20 41 37 2 17 33 46 39 59 45 43 11 8 
12 16 23 24 26 35 60 38 25 27 28 9 53 44 5 63 31 51 15 47 32 49 64 55 57 13 18 56 4 14 34 10 7 54 6 3 46 33 39 59 45 43 50 61 21 52 0 48 58 40 36 8 11 17 2 37 41 20 42 1 30 22 62 19 29 
46 33 39 59 45 43 11 8 36 40 58 48 0 52 21 61 50 18 13 4 56 6 3 10 54 7 34 14 55 57 64 49 32 47 15 51 31 63 5 53 44 9 28 25 27 38 60 35 26 24 23 12 16 19 62 22 30 29 1 42 20 41 37 2 17 
11 36 40 58 48 0 52 21 61 50 43 45 59 39 33 46 7 54 6 3 10 34 14 55 57 13 18 4 56 64 49 32 47 15 51 31 63 5 53 44 9 28 25 27 38 60 35 26 24 23 12 16 19 62 22 30 29 1 42 20 41 37 2 8 17 
62 19 24 23 16 12 26 35 60 38 25 27 28 44 53 9 5 63 31 51 15 47 32 49 64 34 14 55 57 13 18 56 4 6 3 10 7 54 46 33 39 59 45 43 50 61 21 52 0 48 58 40 36 11 8 17 2 37 41 20 42 1 30 29 22 
36 40 58 48 0 52 21 61 50 56 18 13 57 55 4 3 6 7 54 10 34 14 64 49 32 47 15 51 31 63 5 53 9 44 28 27 25 38 35 60 26 24 23 16 12 19 62 22 30 29 1 42 20 41 37 2 17 33 46 39 59 45 43 11 8 
12 16 23 24 26 35 60 38 25 27 28 9 53 44 5 63 31 51 15 47 32 49 64 55 57 13 18 56 4 14 34 10 7 54 6 3 46 33 39 59 45 43 50 61 21 52 0 48 58 40 36 8 11 17 2 37 41 20 42 1 30 22 62 19 29 
30 22 62 19 24 23 12 16 26 35 60 38 25 27 28 9 53 44 5 63 31 51 15 47 32 49 64 14 34 10 7 54 3 6 46 33 39 59 45 43 50 56 4 55 57 13 18 61 21 52 0 48 58 40 36 8 11 17 2 37 41 20 42 1 29 
2 37 41 20 42 1 30 29 22 62 19 24 26 12 16 23 35 60 38 25 27 28 9 44 53 5 63 31 51 15 47 32 49 64 55 57 13 18 4 56 6 3 34 14 10 54 7 46 33 11 36 40 58 48 0 52 21 61 50 43 45 59 39 17 8 
34 14 55 57 13 18 56 4 3 6 10 7 54 46 33 39 59 45 43 50 61 21 52 0 48 58 40 36 11 8 17 2 37 41 20 42 1 30 29 22 62 19 12 16 23 24 26 35 60 38 9 53 44 28 25 27 5 63 31 51 15 47 32 49 64 
50 61 21 52 0 48 58 40 36 11 17 46 33 39 59 45 43 8 2 37 41 20 42 1 30 29 22 62 19 24 23 12 16 26 35 60 38 25 27 28 9 53 44 5 63 31 51 15 47 32 49 64 14 34 10 7 54 6 3 56 4 55 57 13 18 
22 19 62 30 29 16 12 23 24 26 35 60 38 25 27 28 44 53 9 5 63 15 31 51 47 32 49 64 14 34 4 55 57 13 18 56 6 3 10 7 54 46 33 39 59 45 43 50 61 21 52 0 48 58 40 36 11 8 17 2 37 41 20 42 1 
35 60 38 25 28 27 9 53 44 5 63 31 51 15 47 32 49 64 14 34 10 7 54 6 3 4 55 57 13 18 56 50 61 21 52 0 48 58 40 36 11 43 45 59 39 33 46 17 8 2 37 41 20 42 1 22 30 29 62 19 24 23 12 16 26 
30 22 62 19 24 23 16 12 26 35 60 38 28 27 25 9 44 53 5 63 31 51 15 47 32 49 64 34 14 55 57 13 18 4 56 6 3 10 7 54 46 33 11 36 8 40 58 48 0 52 21 61 50 43 45 59 39 17 2 37 41 20 42 1 29 
62 19 24 23 16 12 26 35 60 38 25 27 28 44 53 9 5 63 31 51 15 47 32 49 64 14 55 57 13 18 4 56 34 10 7 54 6 3 46 33 39 59 45 43 50 61 21 52 0 48 58 40 36 11 8 17 2 37 41 20 42 1 30 29 22 
21 61 50 18 13 57 55 4 56 3 6 7 54 10 34 14 64 49 32 47 15 51 31 63 5 53 44 28 27 25 9 38 60 35 26 24 23 12 16 19 62 22 30 29 1 42 20 41 37 2 17 33 46 39 59 45 43 11 36 8 40 58 48 0 52 
12 16 23 24 26 35 60 38 25 27 28 9 53 44 5 63 31 51 15 47 32 49 64 55 57 13 18 56 4 14 34 10 7 54 6 3 46 33 39 59 45 43 50 61 21 52 0 48 58 40 36 8 11 17 2 37 41 20 42 1 30 22 62 19 29 
39 33 46 17 2 37 41 20 42 1 29 30 22 62 19 24 23 12 16 26 35 60 38 25 27 28 9 53 44 5 63 31 51 15 47 32 49 64 57 13 18 4 55 14 34 10 7 54 6 3 56 50 61 21 52 0 48 58 40 36 8 11 59 45 43 
24 23 16 12 26 35 60 38 25 27 28 9 53 44 5 63 31 51 15 47 32 49 64 57 55 4 56 18 13 14 34 10 3 6 7 54 46 33 39 59 45 43 50 61 21 52 0 48 58 40 36 11 8 17 2 37 41 20 42 1 22 30 29 62 19 
23 24 26 35 60 38 25 27 28 9 53 44 5 63 31 51 15 47 32 49 64 4 56 18 13 55 57 14 34 10 7 54 3 6 39 59 45 43 50 61 21 52 0 48 58 40 36 11 33 46 17 8 37 2 41 20 42 1 30 22 62 19 29 16 12 
12 16 23 24 26 35 60 38 25 27 28 9 53 44 5 63 31 51 15 47 32 49 64 57 13 18 56 4 55 14 34 10 3 6 7 54 46 33 39 59 45 43 50 61 21 52 0 48 58 40 36 11 8 2 37 41 20 42 1 22 30 29 62 19 17 
46 17 33 39 59 45 43 50 61 21 52 0 48 58 40 36 11 8 2 37 41 20 42 1 22 30 29 62 19 23 24 26 35 60 12 16 38 25 27 9 28 44 53 5 63 31 51 47 15 32 49 64 55 57 13 18 56 4 14 34 10 7 54 3 6 
11 36 40 58 48 0 52 21 61 50 43 45 59 39 33 46 7 54 6 3 10 34 14 55 57 13 18 4 56 64 49 32 47 15 51 31 63 5 53 44 9 28 25 27 38 60 35 26 24 23 12 16 19 62 22 30 29 1 42 20 41 37 2 8 17 
35 60 38 28 27 25 9 53 44 5 63 31 51 15 47 32 49 64 55 57 13 18 56 4 14 34 10 7 54 6 3 46 33 39 59 45 43 50 61 21 52 0 48 58 40 36 11 8 17 2 37 41 20 42 1 30 29 22 62 19 24 23 12 16 26 
30 29 22 62 19 24 23 12 16 26 35 60 38 25 27 28 9 53 44 5 63 31 51 15 47 32 49 64 4 56 18 13 57 55 14 34 3 6 10 7 54 46 33 11 36 8 40 58 48 0 52 21 61 50 43 45 59 39 17 2 37 41 20 42 1 
11 36 40 58 48 0 52 21 61 50 56 18 13 57 55 4 3 6 10 7 54 34 14 64 49 32 47 15 51 31 63 5 53 44 28 25 27 38 9 60 35 26 24 23 16 12 19 62 22 30 29 1 42 20 41 37 2 8 17 33 46 39 59 45 43 
45 59 39 33 46 11 36 40 58 48 0 52 21 61 50 56 18 13 57 55 14 34 10 7 54 6 3 4 64 49 32 47 15 51 31 63 5 53 44 28 27 25 9 38 60 35 26 24 23 12 16 19 62 22 30 29 1 42 20 41 37 2 17 8 43 
36 40 58 48 0 52 43 21 61 50 18 13 57 55 4 56 3 6 7 54 10 34 14 64 49 32 47 15 51 31 63 5 53 44 9 28 27 25 38 35 60 12 16 23 24 26 19 62 22 30 29 1 42 20 41 37 2 17 46 33 39 59 45 11 8 
43 45 59 39 33 46 6 3 10 7 54 60 35 26 24 23 16 12 38 25 27 28 44 53 5 9 63 31 51 15 47 32 49 64 14 34 4 55 57 13 18 56 50 61 21 52 0 48 58 40 36 8 2 37 41 20 42 1 22 30 29 62 19 17 11 
62 19 24 23 12 16 26 35 60 38 9 28 27 25 44 53 5 63 31 51 15 47 32 49 64 55 57 13 18 4 56 14 34 3 6 7 54 10 46 33 39 59 45 43 50 61 21 52 0 48 58 40 36 8 11 17 2 37 41 20 42 1 22 30 29 
8 36 11 59 39 33 46 17 2 37 41 20 42 1 30 29 22 62 19 24 23 12 16 26 35 60 38 25 27 9 28 44 53 5 63 31 51 15 47 32 49 64 14 34 10 7 54 6 3 4 55 57 13 18 56 50 61 21 43 45 52 0 48 58 40 
23 24 26 35 60 38 25 27 28 9 53 44 5 63 31 51 15 47 32 49 64 34 14 55 57 13 18 4 56 3 6 10 7 54 46 33 39 59 45 43 50 61 21 52 0 48 58 40 36 11 8 17 2 37 41 20 42 1 30 22 62 19 29 16 12 
53 9 28 25 27 38 60 35 26 24 12 16 23 19 62 22 30 29 1 42 20 41 37 2 17 33 46 39 59 45 43 11 36 8 40 58 48 0 52 21 61 50 56 3 6 10 7 54 34 14 55 4 18 13 57 64 49 32 47 15 51 31 63 5 44 
7 54 6 3 34 55 57 13 18 4 56 50 61 21 52 0 48 58 43 45 59 39 33 46 17 8 11 36 40 37 2 41 20 42 1 22 30 29 62 19 24 23 12 16 26 35 60 38 25 27 28 44 53 9 5 63 31 51 47 15 32 49 64 14 10 
60 38 25 27 28 44 53 9 5 63 31 51 15 47 32 49 64 57 55 14 34 4 18 13 56 50 61 21 52 0 48 58 40 36 11 33 39 59 45 43 6 3 10 7 54 46 17 8 2 37 41 20 42 1 22 30 29 62 19 23 12 16 24 26 35 
5 53 44 28 25 27 9 38 60 35 26 24 23 12 16 19 62 29 22 30 1 42 20 41 37 2 17 33 46 39 59 45 43 11 8 36 40 58 48 0 52 21 61 50 18 13 57 55 14 34 3 6 7 54 10 56 4 64 49 32 47 15 51 31 63 
39 59 45 43 50 61 21 52 0 48 58 40 11 36 8 2 37 41 20 42 1 30 22 19 62 29 16 12 23 24 26 35 60 38 25 27 28 9 53 44 5 63 31 51 15 47 32 49 64 14 34 4 55 57 13 18 56 6 3 10 7 54 46 17 33 
29 30 22 62 19 24 23 16 12 26 35 60 38 25 27 28 44 53 9 5 63 31 51 15 47 32 49 64 14 55 57 13 18 56 4 3 6 10 34 7 54 46 33 39 59 45 43 50 61 21 52 0 48 58 40 36 11 8 17 2 37 41 20 42 1 
23 24 26 35 60 38 25 27 28 9 53 44 5 63 31 51 15 47 32 49 64 57 13 18 56 4 55 14 34 10 3 6 7 54 46 33 39 59 45 43 50 61 21 52 0 48 58 40 36 11 8 17 2 37 41 20 42 1 30 29 62 22 19 12 16 
20 42 1 22 30 29 62 19 24 23 16 12 26 35 60 38 25 28 27 44 53 9 5 63 31 51 15 47 32 49 64 14 55 57 13 18 56 4 3 6 7 54 10 34 46 33 39 59 45 43 50 61 21 52 0 48 58 40 36 11 8 17 2 37 41 
61 50 18 13 55 57 64 49 32 47 15 51 31 63 5 53 44 28 27 25 9 60 38 35 26 24 23 16 12 19 62 22 30 29 1 42 20 41 37 2 17 8 11 36 40 58 48 0 52 43 45 59 39 33 46 54 7 6 3 10 34 14 4 56 21 
24 23 19 62 22 30 29 1 42 20 41 37 2 8 17 33 46 39 59 45 43 11 36 40 58 48 0 52 21 61 50 56 18 13 4 3 6 7 54 10 34 14 55 57 64 49 32 47 15 51 31 63 53 44 28 27 25 38 9 5 60 35 26 12 16 
43 45 59 39 33 46 11 36 40 8 17 2 37 41 20 42 1 22 30 29 62 19 24 23 12 16 26 35 60 38 25 27 28 9 5 53 44 63 31 51 15 47 34 14 64 49 32 10 7 54 6 3 4 55 57 13 18 56 50 61 21 52 0 48 58 
33 39 59 45 43 50 61 21 52 0 48 58 40 36 11 8 2 37 41 20 42 1 30 29 62 22 19 24 23 12 16 26 35 60 38 25 27 28 9 53 44 5 63 31 51 15 47 32 49 64 57 13 18 56 4 55 14 34 3 6 7 54 10 46 17 
27 28 25 38 60 35 26 24 23 12 16 19 62 22 30 29 1 42 20 41 37 2 17 46 33 39 59 11 36 8 40 58 48 0 52 21 43 45 50 61 18 13 57 55 4 56 3 6 7 54 10 34 14 64 49 32 47 15 51 31 63 5 53 44 9 
46 33 39 59 45 11 36 40 58 48 0 52 43 21 61 50 56 18 13 57 55 14 34 4 3 6 7 54 10 47 32 49 64 15 51 31 63 5 53 44 28 27 25 38 9 60 35 26 24 23 12 16 19 62 29 30 22 1 42 20 41 37 2 8 17 
39 59 45 43 50 61 21 52 0 48 58 40 11 36 8 2 37 41 20 42 1 30 22 19 62 29 16 12 23 24 26 35 60 38 25 27 28 9 53 44 5 63 31 51 15 47 32 49 64 14 34 4 55 57 13 18 56 6 3 10 7 54 46 17 33 
22 30 29 62 19 24 23 12 16 26 35 60 38 25 27 28 44 53 9 5 63 31 51 15 47 32 49 64 55 57 13 18 56 4 14 34 3 6 10 7 54 46 39 59 45 43 50 61 21 52 0 48 58 40 36 8 17 11 33 2 37 41 20 42 1 
2 37 41 20 42 1 22 30 29 62 19 23 16 12 24 26 35 60 38 25 27 28 9 5 53 44 63 31 51 15 47 32 49 64 57 55 14 34 10 3 6 7 54 46 33 39 59 45 43 50 18 56 4 13 61 21 52 0 48 58 40 36 11 8 17 
17 33 39 59 45 43 50 61 21 52 0 48 58 40 36 11 8 2 37 41 20 42 1 30 29 62 22 19 24 23 12 16 26 35 60 38 25 27 28 44 53 9 5 63 31 51 15 47 32 49 64 14 34 4 56 18 13 57 55 3 6 10 7 54 46 
11 59 39 33 46 17 2 37 41 20 42 1 30 29 22 62 19 23 16 12 24 26 35 60 38 25 27 28 9 53 44 5 63 31 51 15 47 32 49 64 14 34 10 7 54 6 3 56 4 55 57 13 18 50 61 21 52 0 48 58 40 36 8 43 45 
39 59 45 43 11 36 40 58 48 0 52 21 61 50 56 4 55 57 13 18 3 6 7 54 10 34 14 64 49 32 47 15 51 31 63 5 9 53 44 28 27 25 38 60 35 26 24 23 12 16 29 30 22 62 19 1 42 20 41 37 2 8 17 33 46 
15 51 31 63 5 9 53 44 28 27 25 38 60 35 12 16 23 24 26 19 62 22 30 29 1 42 20 41 37 2 17 33 46 39 59 45 43 50 61 21 52 0 48 58 40 8 36 11 56 18 13 57 55 4 3 6 7 54 10 34 14 64 49 32 47 
39 59 45 43 11 36 8 40 58 48 0 52 21 61 50 56 4 55 57 13 18 3 6 7 54 10 34 14 64 49 32 47 15 51 31 63 5 53 9 44 28 27 25 38 60 35 26 24 23 12 16 19 62 22 30 29 1 42 20 41 37 2 17 33 46 
17 33 39 59 45 43 50 61 21 52 0 48 58 40 36 11 8 2 37 41 20 42 1 22 30 29 62 19 24 23 12 16 26 35 60 38 25 27 28 9 53 44 5 63 31 51 15 47 32 49 64 14 34 4 18 13 57 55 56 3 10 7 54 6 46 
22 30 29 62 19 24 23 12 16 26 35 60 38 25 28 27 44 53 9 5 63 31 51 15 47 32 49 64 57 4 56 18 13 55 14 34 10 7 54 6 3 46 33 39 59 45 43 50 61 21 52 0 48 58 40 36 11 8 17 2 37 41 20 42 1 
2 37 41 20 42 1 30 29 62 22 19 24 23 12 16 26 35 60 38 25 27 28 9 44 53 5 63 31 51 15 47 32 49 64 34 14 55 57 13 18 56 4 3 6 7 54 10 46 33 39 59 45 43 50 61 21 52 0 48 58 40 36 11 8 17 
29 62 19 24 23 16 12 26 60 35 38 25 27 28 9 44 5 53 63 31 51 15 47 32 49 64 34 14 55 57 13 18 56 4 3 6 10 7 54 46 33 39 59 45 50 61 21 43 52 0 48 58 40 36 11 8 17 2 37 41 20 42 1 22 30 
0 48 58 36 40 8 17 2 37 41 20 42 1 30 29 22 62 19 24 23 12 16 26 35 60 38 25 27 28 9 53 44 5 63 31 51 15 47 32 49 64 14 55 57 13 18 56 4 34 10 3 6 7 54 46 33 39 59 45 43 11 50 61 21 52 
16 12 23 24 26 35 60 38 25 27 28 44 53 9 5 63 31 51 15 47 32 49 64 55 57 13 18 56 4 14 34 3 6 10 7 54 46 39 59 45 43 50 61 21 52 0 48 58 40 36 11 33 17 8 2 37 41 20 42 1 30 22 62 19 29 
63 31 51 15 47 32 49 64 55 57 13 18 56 4 14 34 10 7 54 6 3 46 33 39 59 45 43 50 61 21 52 0 48 58 40 36 11 8 17 2 37 41 20 42 1 30 29 62 22 19 24 23 16 12 26 35 60 38 25 27 28 9 53 5 44 
6 3 4 55 57 13 18 56 50 61 21 52 0 48 58 40 36 11 39 59 45 43 46 33 17 8 2 37 41 20 42 1 30 29 62 22 19 24 23 16 12 26 35 60 38 25 27 28 9 53 44 5 63 31 51 15 47 32 49 64 14 34 10 7 54 
39 59 45 43 11 36 8 40 58 48 0 52 21 61 50 56 4 55 57 13 18 3 6 7 54 10 34 14 64 49 32 47 15 51 31 63 5 53 9 44 28 27 25 38 60 35 26 24 23 12 16 19 62 22 30 29 1 42 20 41 37 2 17 33 46 
51 31 63 5 53 44 28 9 25 27 38 60 26 35 12 16 23 24 19 62 22 30 29 1 42 20 41 37 2 8 17 33 46 39 59 45 43 11 36 40 58 48 0 52 21 61 50 18 13 57 55 4 56 3 10 7 54 6 34 14 64 49 32 47 15 
35 60 38 25 27 28 9 53 44 5 63 31 51 15 47 32 49 64 57 55 14 34 10 3 6 7 54 46 33 39 59 45 43 50 56 4 18 13 61 21 52 0 48 58 40 36 11 17 8 2 37 41 20 42 1 30 29 62 22 19 24 23 12 16 26 
40 58 48 0 52 21 61 50 18 13 57 55 4 56 3 6 54 7 10 34 14 64 49 32 47 15 51 31 63 5 53 44 28 27 25 38 9 60 35 26 24 23 16 12 19 62 22 30 29 1 42 20 41 37 2 17 33 46 39 59 45 43 11 36 8 
17 33 46 39 59 45 43 11 36 40 58 48 0 52 21 61 50 18 13 57 55 14 34 10 7 54 6 3 56 4 64 49 32 47 15 51 31 63 5 53 44 9 28 25 27 38 60 35 26 24 23 12 16 19 62 22 30 29 1 42 20 41 37 2 8 
29 22 30 1 42 20 41 37 2 17 46 33 39 59 45 43 11 36 8 40 58 48 0 52 21 61 50 56 18 13 57 55 4 3 6 7 54 10 34 14 47 32 49 64 15 51 31 63 5 53 44 9 28 27 25 38 60 35 26 24 23 12 16 19 62 
23 24 26 35 60 38 9 28 25 27 44 53 5 63 31 51 15 47 32 49 64 57 55 4 3 6 56 18 13 14 34 10 7 54 46 33 39 59 45 43 50 61 21 52 0 48 58 40 36 11 8 17 2 37 41 20 42 1 30 29 62 22 19 16 12 
9 28 27 25 38 60 35 26 24 23 16 12 19 62 29 30 22 1 42 20 41 37 2 8 17 33 46 39 59 45 11 36 40 58 48 0 52 43 21 61 50 18 4 55 57 13 56 3 6 7 54 10 34 14 64 49 32 15 47 51 31 63 5 53 44 
50 61 21 52 0 48 58 40 36 11 43 45 59 39 33 46 17 8 37 2 41 20 42 1 29 30 22 62 19 24 23 12 16 26 35 60 38 25 27 28 9 53 44 5 63 31 51 15 47 32 49 64 14 55 57 13 18 4 3 6 7 54 10 34 56 
32 15 51 31 63 5 53 44 28 27 25 9 38 60 35 26 24 23 16 12 19 62 22 30 29 1 42 20 41 37 2 17 33 46 39 59 45 43 36 11 8 40 58 48 0 52 21 61 50 18 13 4 56 6 3 7 54 10 34 14 55 57 64 49 47 
39 59 45 43 50 61 21 52 0 48 58 40 36 11 33 46 17 8 2 37 41 20 42 1 30 29 62 22 19 24 23 12 16 26 35 60 38 25 27 28 9 53 44 5 63 31 51 47 15 32 49 64 57 55 4 56 18 13 14 34 10 3 6 7 54 
17 2 37 41 20 42 1 30 29 22 62 19 24 23 12 16 26 35 60 38 9 25 27 28 44 53 5 63 31 51 15 47 32 49 64 14 34 4 55 57 13 18 56 6 3 10 54 7 46 33 39 59 45 43 36 11 50 61 21 52 0 48 58 40 8 
24 26 35 60 38 9 28 25 27 44 53 5 63 31 51 15 47 32 49 64 57 55 4 56 18 13 14 34 3 6 10 7 54 46 33 39 59 45 43 50 61 21 52 0 48 58 40 36 11 8 17 2 37 41 20 42 1 30 22 62 19 29 23 12 16 
46 33 39 59 45 43 11 36 40 58 48 0 52 21 61 50 56 4 55 14 34 10 7 54 6 3 18 13 57 64 49 32 47 15 51 31 63 5 53 44 28 9 27 25 38 60 35 26 24 23 12 16 19 62 22 30 29 1 42 20 41 37 2 8 17 
48 0 52 21 61 50 56 4 55 57 13 18 3 6 7 54 10 34 14 64 49 32 47 15 51 31 63 5 53 44 28 25 27 9 38 60 35 26 24 12 16 23 19 62 22 30 29 1 42 20 41 2 37 8 17 46 33 39 59 45 43 11 36 40 58 
42 1 30 29 62 22 19 24 23 12 16 26 35 60 38 25 27 28 9 53 44 5 63 31 51 15 47 32 49 64 14 34 10 7 54 6 3 56 4 55 57 13 18 50 61 21 52 0 48 58 40 36 8 11 45 43 59 39 33 46 17 2 37 41 20 
23 24 26 35 60 38 9 28 25 27 44 53 5 63 31 51 15 47 32 49 64 57 55 4 3 6 56 18 13 14 34 10 7 54 46 33 39 59 45 43 50 61 21 52 0 48 58 40 36 11 8 17 2 37 41 20 42 1 30 29 62 22 19 12 16 
24 26 35 60 38 25 27 28 9 44 53 5 63 31 51 15 47 32 49 64 14 34 4 56 18 13 57 55 3 6 10 7 54 46 33 39 59 45 43 50 61 21 52 0 48 58 40 36 11 8 17 2 37 41 20 42 1 30 22 29 62 19 23 12 16 
11 36 8 40 58 48 0 52 21 61 50 18 4 55 57 13 56 3 6 7 54 10 34 14 64 49 32 47 15 51 31 63 5 53 44 28 25 27 9 38 35 60 26 24 23 12 16 19 62 22 30 29 1 42 20 41 37 2 17 33 46 39 59 45 43 
11 36 40 58 48 0 52 21 61 50 18 13 57 55 4 56 3 6 7 54 10 34 14 32 49 64 47 15 51 31 63 5 53 44 9 28 25 27 38 60 35 26 24 23 16 12 19 62 22 30 29 1 42 20 41 37 2 8 17 33 46 39 59 45 43 
36 11 33 46 39 59 45 43 58 48 0 52 21 61 50 56 18 13 57 55 14 34 10 7 54 6 3 4 64 49 32 15 47 51 31 63 5 53 44 27 25 28 9 38 60 35 26 24 23 12 16 29 30 22 62 19 1 42 20 41 37 2 17 8 40 
12 16 23 24 26 35 60 38 9 25 27 28 44 53 5 63 31 51 15 47 32 49 64 55 57 13 18 56 4 14 34 10 7 54 6 3 46 33 39 59 45 43 50 61 21 52 0 48 58 40 36 11 8 17 2 37 41 20 42 1 30 29 62 19 22 
52 0 48 58 40 8 36 11 59 39 33 46 17 2 37 41 20 42 1 30 29 22 62 19 24 23 12 16 26 35 60 38 25 27 28 9 53 44 5 63 31 51 15 47 32 49 64 34 14 55 57 13 18 4 56 6 3 10 7 54 45 43 50 61 21 
61 21 52 0 48 58 40 36 11 59 39 33 46 17 8 2 37 41 20 42 1 22 30 29 62 19 24 23 16 12 35 26 60 38 25 27 28 9 53 44 5 63 31 51 15 47 32 49 64 57 55 13 18 56 4 14 34 10 3 6 7 54 45 43 50 
29 22 30 1 42 20 41 37 2 17 46 33 39 59 45 43 11 36 8 40 58 48 0 52 21 61 50 56 18 13 57 55 4 3 6 7 54 10 34 14 47 32 49 64 15 51 31 63 5 53 44 9 28 27 25 38 60 35 26 24 23 12 16 19 62 
33 39 59 45 43 11 36 8 40 58 48 0 52 21 61 50 56 18 13 57 55 14 34 10 7 54 6 3 4 64 49 32 47 15 51 31 63 5 53 9 44 28 25 27 38 60 35 26 24 23 12 16 19 62 29 22 30 1 42 20 41 37 2 17 46 
