48 49 84 23 74 8 56 45 10 22 6 71 18 17 69 4 57 59 40 12 80 76 42 70 26 46 82 34 29 65 16 43 44 27 50 9 75 38 63 68 81 5 51 28 78 60 54 66 11 20 83 36 53 77 58 15 62 37 3 39 0 55 41 64 79 61 2 35 73 14 72 24 67 21 31 7 47 19 25 33 30 13 32 1 52 
4 69 17 18 71 36 83 22 6 10 45 56 8 74 23 13 30 33 25 19 47 7 31 21 67 24 72 14 35 73 61 79 64 41 55 16 43 44 27 50 9 75 2 38 63 68 52 1 32 48 49 84 20 11 66 60 78 28 81 51 5 29 34 82 46 37 62 76 80 42 70 26 39 0 65 3 15 58 54 77 59 40 12 57 53 
73 35 14 72 24 67 21 31 7 47 19 25 30 33 13 23 74 8 56 45 10 22 6 71 18 17 69 4 57 59 40 12 80 76 42 70 26 46 82 34 29 5 51 28 78 60 66 54 58 77 53 36 83 20 11 48 49 84 32 1 52 68 50 9 2 61 79 64 41 27 44 43 55 16 65 0 39 3 37 62 15 81 63 38 75 
41 64 79 2 9 50 81 68 63 38 75 61 73 35 14 72 24 67 21 31 7 47 19 25 33 30 13 32 1 52 28 78 60 54 66 11 20 83 22 6 71 18 17 69 4 57 59 40 12 80 42 76 62 37 3 15 58 77 53 36 10 45 56 8 74 23 84 49 48 51 5 29 34 82 46 26 70 39 0 16 65 43 44 27 55 
52 1 32 13 23 74 8 56 45 10 22 6 71 18 17 69 4 57 59 40 12 80 76 42 70 26 46 82 34 29 5 51 28 78 60 54 66 11 20 83 36 53 77 58 15 62 37 3 65 39 0 16 55 27 44 43 50 9 2 79 61 75 38 63 68 81 41 64 73 35 14 72 24 67 21 31 7 47 19 30 33 25 84 49 48 
38 75 61 79 2 9 50 63 68 52 1 48 49 84 23 74 8 56 45 10 22 6 83 71 18 17 69 4 57 59 40 12 80 76 42 70 26 46 82 34 29 65 16 0 39 3 37 62 15 58 77 53 36 20 11 66 60 54 28 78 51 5 81 43 44 27 55 41 64 73 35 14 72 24 67 31 21 7 47 19 30 33 25 13 32 
73 35 14 72 24 67 21 31 7 47 19 30 33 25 13 84 49 48 52 1 32 23 74 8 56 45 10 22 6 71 18 17 69 4 57 59 40 12 80 76 62 37 3 29 65 0 39 34 82 46 26 70 42 15 58 77 53 36 83 20 11 66 60 54 78 28 51 5 81 68 63 50 9 38 75 61 79 2 27 44 43 16 55 41 64 
84 49 48 11 20 83 22 6 71 18 17 69 4 57 59 40 12 80 42 76 62 37 3 34 82 46 26 70 39 0 65 29 5 51 81 68 63 50 9 2 61 79 64 41 55 16 43 44 27 75 38 35 73 14 72 24 67 21 31 7 47 19 25 33 30 23 74 8 56 45 10 36 53 77 58 15 54 60 66 78 28 52 1 32 13 
50 9 2 79 61 75 35 14 72 24 67 21 31 7 47 19 30 33 25 13 32 1 52 48 49 84 23 74 8 56 45 10 22 6 71 18 17 69 4 57 59 77 53 36 83 20 11 66 60 78 28 51 5 29 34 82 46 76 42 80 62 37 3 15 58 54 40 12 70 26 39 0 65 16 43 44 27 55 41 64 73 38 63 68 81 
28 78 60 54 66 11 20 83 22 6 71 18 17 69 4 57 59 40 12 80 42 76 62 37 82 46 26 70 39 0 65 29 5 81 68 63 9 50 27 44 43 16 55 41 64 79 2 61 75 38 35 73 14 72 24 67 21 31 7 47 19 25 30 33 13 32 1 52 48 49 84 23 74 8 56 45 10 36 53 77 58 15 3 34 51 
59 40 12 80 76 42 62 37 3 34 82 46 26 70 39 0 65 29 5 51 28 81 68 63 50 9 38 75 61 79 2 27 44 43 16 55 41 64 73 35 14 72 24 67 21 31 7 47 19 25 33 30 13 32 1 52 48 49 84 23 74 8 56 45 10 22 6 83 36 71 18 17 69 53 77 58 15 78 60 54 66 11 20 4 57 
48 84 49 23 74 8 56 45 10 22 6 83 71 18 17 69 4 57 59 40 12 80 76 42 70 26 46 37 62 3 15 58 54 60 66 11 20 36 53 77 78 28 51 5 81 68 63 9 50 27 44 43 55 16 65 29 34 82 39 0 41 64 79 61 2 75 38 35 73 14 72 24 67 21 31 7 47 19 25 33 30 13 32 1 52 
73 35 14 72 24 67 21 31 7 47 19 25 30 33 13 84 48 49 23 74 8 56 45 10 22 6 71 18 17 69 4 57 59 40 12 80 62 76 42 70 26 46 82 34 29 5 51 81 68 63 9 50 44 43 55 16 65 0 39 3 37 15 58 77 53 36 83 20 11 66 54 60 78 28 52 1 32 38 75 61 79 2 27 41 64 
35 73 14 72 24 67 21 31 7 47 19 30 33 25 74 8 56 84 49 48 52 1 32 13 23 45 10 22 6 71 18 17 69 4 57 59 40 12 80 76 42 70 26 46 82 34 29 65 16 0 39 62 37 3 15 54 58 77 53 36 83 20 11 66 60 78 28 51 5 81 68 63 50 9 2 27 44 43 55 41 64 79 61 75 38 
50 9 2 61 75 35 73 14 72 24 67 21 31 7 47 19 25 33 30 13 32 1 52 48 84 49 23 74 8 56 45 10 22 6 83 71 18 17 69 4 57 59 40 12 80 42 76 62 37 82 46 26 70 39 0 16 65 29 34 5 51 81 28 78 60 54 66 11 20 36 53 77 58 15 3 43 44 27 55 41 64 79 38 63 68 
2 79 61 75 35 73 14 72 24 67 21 31 7 47 19 25 33 30 13 32 1 52 68 63 50 9 38 27 44 43 5 51 81 28 78 60 66 54 58 77 59 57 4 69 17 18 71 83 22 6 10 45 56 8 74 23 49 48 84 11 20 36 53 40 12 15 3 37 62 76 80 42 70 26 46 82 34 29 65 0 39 16 55 41 64 
69 4 17 18 71 36 83 20 11 66 60 54 58 77 59 40 12 80 76 42 70 26 46 82 37 62 15 3 34 29 65 0 39 16 43 44 27 55 41 64 79 61 2 9 50 68 63 38 75 35 73 14 72 24 67 21 31 7 47 19 25 33 30 13 32 1 52 81 51 5 78 28 48 49 84 23 74 8 56 45 10 22 6 53 57 
5 51 78 28 81 68 63 50 9 38 75 61 79 2 27 44 43 16 55 41 64 73 35 14 72 24 67 21 31 7 47 19 25 33 30 13 32 1 52 48 49 84 23 74 8 56 10 45 22 6 83 71 18 17 69 4 57 59 40 12 80 76 42 46 82 34 29 65 0 39 26 70 37 62 15 58 77 53 36 20 11 66 60 54 3 
53 69 17 18 71 83 22 6 10 45 74 8 56 23 84 49 48 11 20 36 4 57 59 40 12 80 76 42 70 62 37 3 34 82 46 26 39 0 16 43 44 27 50 9 2 79 61 75 35 14 72 24 67 21 31 7 47 19 25 33 30 13 32 1 52 68 63 38 73 64 41 55 65 29 5 51 81 28 78 60 66 54 58 15 77 
72 24 67 21 31 7 47 19 30 33 25 13 23 74 8 56 45 10 22 6 83 36 71 18 17 69 4 57 59 40 12 80 76 42 70 26 46 82 34 29 5 51 78 28 81 68 63 50 9 2 61 79 64 41 55 27 43 44 16 65 0 39 62 37 3 15 58 77 53 54 60 66 11 20 84 49 48 52 1 32 38 35 75 73 14 
43 44 27 50 9 63 68 81 5 51 28 78 60 54 66 11 20 83 22 6 10 45 8 74 23 56 84 49 48 52 1 32 31 7 47 19 25 30 33 13 21 67 24 72 14 35 73 79 61 75 38 2 64 41 55 16 65 29 34 82 46 76 42 80 12 40 59 57 4 69 17 18 71 36 53 77 58 15 3 37 62 70 26 39 0 
43 44 27 50 9 2 79 61 75 38 63 68 81 51 5 29 34 82 46 62 37 3 15 58 77 59 40 12 80 76 42 70 26 39 0 65 16 55 41 64 73 35 14 72 24 67 21 31 7 47 19 25 33 30 13 32 1 52 48 49 84 23 74 8 56 45 10 22 6 83 36 17 69 4 57 53 71 18 20 11 66 54 60 78 28 
5 51 81 28 78 60 66 11 20 83 36 71 18 17 69 4 57 59 40 12 80 76 42 70 26 46 82 34 29 3 37 62 15 58 54 77 53 22 6 10 45 74 8 56 23 84 49 48 52 1 32 13 30 33 25 19 47 7 31 21 67 24 72 14 75 61 79 2 9 50 68 63 38 35 73 64 41 55 27 44 43 16 0 65 39 
28 78 60 54 66 11 20 83 22 6 71 18 17 69 4 57 59 40 12 80 42 76 62 37 82 46 26 70 39 0 65 29 5 81 68 63 9 50 27 44 43 16 55 41 64 79 2 61 75 38 35 73 14 72 24 67 21 31 7 47 19 25 30 33 13 32 1 52 48 49 84 23 74 8 56 45 10 36 53 77 58 15 3 34 51 
2 61 75 9 50 63 68 1 52 48 49 84 23 74 8 56 45 10 22 6 83 71 18 17 69 4 57 59 40 12 62 37 82 46 76 80 42 70 26 39 0 16 65 29 34 3 15 58 77 53 36 20 11 66 60 54 78 28 81 51 5 43 44 27 55 41 64 79 73 35 14 72 24 67 21 31 7 47 19 30 33 25 13 32 38 
49 48 84 23 74 8 56 45 10 22 6 83 36 71 18 17 69 4 57 59 40 12 76 80 42 62 37 82 46 26 70 39 0 65 16 55 41 64 79 61 75 38 35 73 14 72 24 67 21 31 7 47 19 25 33 30 13 32 1 52 68 63 50 9 2 27 44 43 5 51 78 28 81 34 29 3 15 58 77 53 20 11 66 60 54 
27 44 43 16 65 0 39 82 46 26 70 42 76 80 62 37 3 34 29 5 51 81 28 78 60 54 66 11 48 49 84 23 74 8 56 45 10 22 6 71 18 17 69 4 57 59 40 12 15 58 77 53 36 83 20 13 30 33 25 19 47 7 31 21 67 24 72 14 35 73 79 2 9 50 63 68 52 1 32 38 75 61 64 41 55 
65 16 43 44 27 55 41 64 79 2 9 50 68 63 38 75 61 35 73 14 72 24 67 21 31 7 47 19 30 33 25 13 32 1 52 48 49 84 23 74 8 56 45 10 22 83 6 71 18 17 69 4 57 59 40 12 80 76 42 46 82 37 62 15 58 77 53 36 20 11 66 60 54 78 28 81 51 5 29 34 3 70 26 39 0 
63 68 81 28 51 5 29 65 16 43 44 27 9 50 2 79 61 75 35 73 14 72 24 67 21 31 7 47 19 25 33 30 13 32 1 52 48 49 84 74 23 8 56 45 10 22 6 83 36 71 18 17 69 4 57 59 40 12 80 76 42 70 26 46 82 37 62 15 58 77 53 20 11 66 60 54 78 3 34 39 0 55 41 64 38 
34 82 46 26 70 42 76 80 12 40 59 57 36 71 18 17 69 4 53 77 58 15 62 37 3 29 5 51 78 60 54 66 11 20 83 22 6 10 45 56 8 74 23 84 49 48 13 33 30 19 25 47 7 31 21 67 24 72 14 35 75 61 2 9 50 63 68 81 28 52 1 32 38 73 79 64 41 55 16 65 43 44 27 0 39 
38 75 61 79 73 35 14 72 24 67 21 31 7 47 19 30 33 25 13 32 1 52 48 49 84 23 74 8 56 45 10 22 6 71 18 17 69 4 57 59 40 12 80 42 76 62 37 3 15 58 77 53 36 83 20 11 66 60 54 78 28 81 51 5 29 34 82 46 26 70 39 0 65 16 55 27 44 43 50 9 2 64 41 63 68 
43 44 27 9 50 63 68 81 51 5 29 34 82 46 62 37 3 15 58 77 59 40 12 80 76 42 26 70 39 0 65 16 55 41 64 79 2 61 75 38 73 35 14 72 24 67 21 31 7 47 19 30 33 25 13 32 1 52 48 49 84 23 74 8 56 45 10 22 6 71 18 17 69 4 57 53 36 83 20 11 66 60 54 78 28 
66 54 60 78 28 81 51 5 29 34 82 37 3 15 58 77 53 36 83 22 6 10 45 74 8 56 23 84 49 48 52 1 32 13 30 33 25 19 47 7 31 21 67 24 72 14 35 73 61 79 2 9 50 63 68 38 75 64 41 55 43 44 27 65 16 0 39 26 70 42 80 76 62 46 12 40 59 57 4 69 17 18 71 20 11 
39 0 16 43 44 27 2 61 75 38 9 50 63 68 28 81 5 51 78 54 58 77 59 40 12 80 42 76 46 82 34 29 65 55 41 64 79 73 35 14 72 24 67 21 31 7 47 19 25 33 30 13 32 1 52 48 49 84 23 74 8 56 45 10 22 6 71 18 17 69 4 57 53 36 83 20 11 66 60 15 3 37 62 26 70 
66 54 60 78 28 68 63 81 51 5 29 65 0 39 16 55 44 43 27 50 9 2 61 79 64 41 75 38 35 73 14 72 24 67 21 31 7 47 19 30 33 25 13 32 1 52 48 49 84 74 23 8 56 45 10 22 6 71 18 17 69 4 57 59 40 12 80 76 42 70 62 37 82 46 26 34 3 15 58 77 53 36 83 20 11 
23 74 8 56 45 10 6 22 83 36 71 18 17 69 4 57 59 40 12 80 76 42 70 26 46 82 34 29 5 51 28 78 60 54 66 11 20 53 77 58 15 3 37 62 39 0 65 16 43 44 27 50 9 75 2 61 79 64 41 55 81 68 63 38 35 73 14 72 24 67 21 31 7 47 19 25 30 33 13 32 1 52 48 49 84 
21 31 7 47 19 25 33 30 13 32 1 52 48 49 84 23 74 8 56 45 10 22 6 83 71 18 17 69 4 57 59 40 12 80 76 42 70 26 46 82 37 62 15 3 29 34 39 0 16 43 44 27 50 9 75 38 63 68 81 28 78 60 66 11 20 36 53 77 58 54 5 51 65 55 41 64 79 2 61 73 35 14 72 24 67 
5 51 81 28 78 60 66 11 20 83 36 71 18 17 69 4 57 59 40 12 80 76 42 70 26 46 82 34 29 3 37 62 15 58 54 77 53 22 6 10 45 74 8 56 23 84 49 48 52 1 32 13 30 33 25 19 47 7 31 21 67 24 72 14 75 61 79 2 9 50 68 63 38 35 73 64 41 55 27 44 43 16 0 65 39 
70 26 46 82 34 29 5 51 81 28 78 60 54 66 11 20 22 6 71 18 17 69 4 57 59 40 12 80 42 76 62 37 3 15 58 77 53 36 83 10 45 74 8 56 23 84 49 48 52 1 32 13 33 30 19 25 47 7 31 21 67 24 72 14 35 75 61 79 2 27 43 44 50 9 63 68 38 73 64 41 55 16 65 0 39 
71 18 17 69 4 57 59 40 12 80 76 46 82 34 65 29 5 51 81 28 78 60 66 11 20 83 22 6 10 45 56 8 74 23 84 49 48 52 1 32 13 30 33 25 19 47 7 31 21 67 24 72 14 35 75 61 79 2 27 50 9 63 68 38 73 41 64 55 44 43 16 0 39 26 70 42 62 37 3 15 58 54 77 53 36 
31 7 47 19 25 30 33 23 74 8 56 45 10 22 6 71 18 17 69 4 57 59 77 53 36 83 20 11 66 60 54 58 40 12 80 42 76 62 37 82 46 26 70 39 0 65 29 34 3 15 51 5 81 28 78 48 49 84 13 32 1 52 68 63 50 9 2 27 44 43 16 55 41 64 79 61 75 38 35 73 14 72 24 67 21 
47 7 31 21 67 24 72 14 73 35 75 38 63 68 81 28 78 60 54 66 11 20 83 22 6 71 18 17 69 4 57 59 40 12 80 62 37 82 46 76 42 70 26 39 0 65 16 55 41 64 79 61 2 9 50 44 43 27 5 51 29 34 3 15 58 77 53 36 10 45 56 8 74 23 84 49 48 52 1 32 13 30 33 19 25 
82 46 34 29 65 16 0 39 70 26 42 76 80 12 40 59 57 4 69 17 71 18 36 83 22 6 10 20 11 66 54 60 78 28 51 5 81 68 63 50 9 2 27 44 43 55 41 64 79 61 75 38 35 73 14 72 24 67 21 31 7 47 19 30 33 25 13 32 1 52 48 49 84 23 74 8 56 45 53 77 58 15 62 37 3 
39 0 16 65 29 34 82 46 26 70 42 76 62 37 3 51 81 5 28 78 60 66 11 20 83 22 6 71 18 17 69 4 57 59 40 12 80 15 58 54 77 53 36 10 45 56 8 74 23 84 49 48 52 1 32 13 30 33 25 19 47 7 31 21 67 24 72 14 35 73 61 79 2 9 50 63 68 38 75 64 41 55 27 44 43 
47 7 31 21 67 24 72 14 35 73 38 63 68 81 5 51 28 78 60 66 11 20 83 22 6 71 18 17 69 4 57 59 40 12 80 76 42 46 82 34 29 65 16 55 41 64 27 2 79 61 75 9 50 44 43 0 39 26 70 62 37 3 15 58 54 77 53 36 10 45 56 8 74 23 84 49 48 52 1 32 13 30 33 25 19 
45 10 22 6 83 36 71 18 17 69 4 57 59 40 12 80 76 42 70 26 46 82 37 62 3 15 58 54 66 11 20 53 77 60 78 28 81 51 5 29 34 65 39 0 16 55 41 64 73 35 75 61 79 2 9 50 27 44 43 68 63 38 14 72 24 67 21 31 7 47 19 25 33 30 13 32 1 52 48 49 84 74 23 8 56 
48 49 84 13 32 1 52 68 63 38 35 73 75 61 79 2 9 50 27 44 43 81 28 78 51 5 29 34 46 82 37 62 3 15 58 77 59 40 12 80 76 42 70 26 39 0 65 16 55 41 64 14 72 24 67 21 31 7 47 25 19 30 33 23 74 8 56 45 10 22 6 83 71 18 17 69 4 57 53 36 20 11 66 60 54 
58 77 54 60 78 28 51 5 81 68 63 38 75 2 9 50 27 44 43 16 65 29 34 82 46 26 70 39 0 55 41 64 79 61 35 73 14 72 24 67 21 31 7 47 19 25 30 33 13 32 1 52 48 49 84 23 74 8 56 45 10 22 6 83 20 11 66 53 69 4 17 18 71 36 57 59 40 12 80 42 76 62 37 3 15 
60 66 54 58 77 59 40 12 80 76 42 70 26 46 82 37 62 15 3 65 0 39 29 34 5 51 78 28 81 68 63 50 9 38 75 61 79 2 27 44 43 16 55 41 64 73 35 14 72 24 67 21 31 7 47 19 25 30 33 13 32 1 52 48 49 84 23 74 8 56 45 10 22 6 83 71 18 17 69 4 57 53 36 20 11 
58 77 54 60 78 28 51 5 81 68 63 38 75 2 9 50 27 44 43 16 65 29 34 82 46 26 70 39 0 55 41 64 79 61 73 35 14 72 24 67 21 31 7 47 19 25 30 33 13 32 1 52 48 49 84 23 74 8 56 45 10 22 6 83 20 11 66 53 69 4 17 18 71 36 57 59 40 12 80 42 76 62 37 3 15 
74 23 8 56 45 10 22 6 83 71 18 17 69 4 57 59 40 12 80 76 42 70 26 46 82 34 29 65 16 0 39 5 51 28 78 60 54 66 11 20 36 53 77 58 15 62 37 3 81 68 63 50 9 2 27 44 43 55 41 64 38 75 61 79 73 35 14 72 24 67 21 31 7 47 19 25 33 30 13 32 1 52 48 49 84 
12 40 59 57 4 69 17 18 71 36 83 22 6 10 45 8 56 74 23 84 49 48 1 52 32 21 31 7 47 19 25 33 30 13 67 24 72 14 35 73 79 2 9 50 81 51 5 29 34 82 46 62 37 3 15 58 77 53 20 11 66 60 54 78 28 68 63 38 75 61 64 41 27 44 43 16 55 65 0 39 26 70 42 76 80 
49 84 23 74 8 56 45 10 6 22 83 36 71 18 17 69 4 57 59 40 12 80 76 42 70 26 46 82 34 65 29 5 51 81 28 78 60 54 66 11 20 53 77 58 15 62 37 3 39 0 16 55 27 44 43 50 9 68 63 38 75 61 79 2 41 64 73 35 14 72 24 67 21 31 7 47 19 25 30 33 13 32 1 52 48 
70 26 46 82 34 29 5 51 81 28 78 60 54 66 11 20 22 6 71 18 17 69 4 57 59 40 12 80 42 76 62 37 3 15 58 77 53 36 83 10 45 74 8 56 23 84 49 48 52 1 32 13 33 30 19 25 47 7 31 21 67 24 72 14 35 75 61 79 2 27 43 44 50 9 63 68 38 73 64 41 55 16 65 0 39 
71 18 17 69 4 57 59 40 12 80 76 46 82 34 65 29 5 51 81 28 78 60 66 11 20 83 22 6 10 45 56 8 74 23 84 49 48 52 1 32 13 30 33 25 19 47 7 31 21 67 24 72 14 35 75 61 79 2 27 50 9 63 68 38 73 64 41 55 44 43 16 0 39 26 70 42 62 37 3 15 58 54 77 53 36 
79 61 73 35 14 72 24 67 21 31 7 47 19 30 33 25 13 32 1 52 48 49 84 23 8 74 56 45 10 22 6 83 71 18 17 69 4 57 59 40 12 80 76 42 70 26 46 82 34 39 0 65 16 43 44 27 50 9 2 75 38 63 68 81 28 78 60 54 66 11 20 36 53 77 58 15 62 37 3 29 5 51 55 41 64 
67 21 31 7 47 19 25 33 30 13 84 49 48 52 1 32 23 74 8 56 45 10 22 6 83 71 18 17 69 4 57 59 40 12 80 76 42 70 26 46 82 34 3 37 62 15 58 77 53 36 20 11 66 54 60 78 28 81 50 9 75 61 79 2 64 41 55 27 44 43 16 0 39 65 29 5 51 68 63 38 35 73 14 72 24 
35 75 61 73 14 72 24 67 21 31 7 47 19 30 33 25 13 23 74 8 56 45 10 22 6 71 18 17 69 4 57 59 40 12 80 76 42 70 26 46 82 34 29 5 51 28 81 50 9 2 79 64 41 55 27 44 43 16 0 39 65 3 37 62 15 58 77 53 36 83 20 11 66 54 60 78 48 49 84 32 1 52 68 63 38 
27 2 79 61 75 38 63 68 81 28 78 60 66 11 20 83 22 6 10 45 74 8 56 23 84 49 48 52 1 32 31 7 47 19 30 33 25 13 21 67 24 72 14 35 73 64 41 55 16 65 0 39 34 82 46 26 70 42 76 80 12 40 59 57 4 69 17 18 71 36 53 77 58 54 15 62 37 3 29 5 51 44 43 50 9 
51 5 43 44 27 9 50 63 68 52 1 32 48 49 84 23 74 8 56 45 10 22 6 83 36 71 18 17 69 4 53 57 59 40 12 80 62 76 42 70 26 46 82 34 29 65 39 0 16 55 41 64 79 2 61 75 38 35 73 14 72 24 67 21 31 7 47 19 30 33 25 13 11 20 66 60 54 58 77 15 37 3 78 28 81 
79 61 75 38 63 68 50 9 2 27 44 43 16 55 41 64 73 35 14 72 24 67 21 31 7 47 19 30 33 25 13 32 1 52 48 49 84 23 74 8 56 45 10 22 6 71 18 17 69 4 57 59 40 12 80 76 42 70 26 46 82 34 29 65 0 39 3 37 62 15 58 77 53 36 83 20 11 66 54 60 78 28 51 5 81 
43 44 27 2 79 61 75 9 50 68 63 38 35 73 14 72 24 67 21 31 7 47 19 25 33 30 13 32 1 52 48 49 84 23 74 8 56 45 10 6 22 83 36 20 11 66 54 60 78 28 81 51 5 29 65 34 82 46 26 70 42 80 76 62 37 3 15 58 77 53 69 17 18 71 4 57 59 40 12 39 0 16 55 41 64 
11 66 60 78 28 3 37 62 80 76 42 70 26 46 82 34 29 65 16 0 39 5 51 81 68 63 38 75 61 79 2 9 50 27 44 43 55 41 64 73 35 14 72 24 67 21 31 7 47 19 25 33 30 13 32 1 52 48 49 84 23 74 8 56 45 10 22 6 83 71 18 17 69 4 57 59 40 12 15 58 77 53 36 20 54 
83 71 18 17 69 4 57 59 40 12 80 42 76 62 37 82 46 26 70 39 0 16 65 29 34 3 15 58 54 60 78 28 51 5 81 68 63 50 27 44 43 55 41 64 79 61 75 9 2 38 35 73 14 72 24 67 21 31 7 47 19 30 33 25 13 32 1 52 48 49 84 23 74 8 56 45 10 22 6 53 77 66 11 20 36 
50 9 2 61 79 64 41 55 27 44 43 16 65 0 39 34 82 46 26 70 42 76 80 12 40 59 57 4 69 17 18 71 36 53 77 58 15 54 60 66 11 20 83 22 6 10 45 56 8 74 23 84 49 48 52 1 32 31 7 47 19 25 33 30 13 21 67 24 72 14 35 73 75 38 63 68 81 28 78 51 5 29 37 62 3 
77 58 15 3 37 62 76 42 80 12 40 59 57 4 69 17 18 71 83 22 6 10 45 56 8 74 23 84 49 48 11 66 60 54 78 51 28 81 68 63 9 50 27 44 43 5 29 34 82 46 26 70 39 0 65 16 55 41 64 79 61 2 75 38 35 73 14 72 24 67 21 31 7 47 19 30 33 25 13 32 1 52 20 36 53 
61 75 35 73 14 72 24 67 21 31 7 47 19 25 30 33 13 32 1 52 63 68 81 5 51 28 78 60 66 11 20 83 22 6 71 18 17 69 4 57 59 40 12 80 76 42 70 26 39 0 16 65 29 34 82 46 37 62 3 15 58 54 77 53 36 10 45 74 8 56 23 84 49 48 38 9 50 27 44 43 55 41 64 79 2 
60 54 66 11 20 22 6 71 18 17 69 4 57 59 40 12 80 76 42 70 26 46 82 37 62 15 58 77 53 36 83 10 45 56 8 74 23 84 49 48 52 1 32 21 31 7 47 19 30 33 25 13 67 24 72 14 35 73 61 75 38 63 68 81 51 5 29 34 65 39 0 16 43 44 27 55 41 64 79 2 9 50 28 78 3 
3 37 62 15 58 77 59 40 12 80 76 42 70 26 82 46 34 29 65 39 0 16 55 41 64 79 61 2 9 50 63 68 81 28 78 60 51 5 43 44 27 38 75 35 73 14 72 24 67 21 31 7 47 19 25 30 33 13 32 1 52 48 49 84 23 74 8 56 45 10 22 6 71 18 17 69 4 57 53 36 83 20 11 66 54 
67 21 31 7 47 19 25 30 33 13 32 1 52 48 49 84 23 74 8 56 45 10 6 22 83 71 18 17 69 4 57 59 40 12 80 76 42 70 26 46 82 34 29 65 16 55 27 2 9 50 63 68 81 28 78 60 54 66 11 20 36 53 77 58 15 3 37 62 39 0 5 51 43 44 41 64 79 61 75 38 35 73 14 72 24 
27 50 9 2 61 79 64 41 55 16 65 0 39 82 46 26 70 42 76 80 12 40 59 57 4 69 17 18 71 36 83 22 6 10 45 56 8 74 23 84 49 48 52 1 32 13 30 33 25 19 7 47 21 31 67 24 72 14 35 73 75 38 63 68 28 78 51 5 29 34 37 62 3 15 58 77 53 54 60 66 11 20 81 43 44 
67 21 31 7 47 19 25 33 30 13 84 49 48 52 1 32 23 74 8 56 45 10 22 6 83 71 18 17 69 4 57 59 40 12 80 76 42 70 26 46 82 34 3 37 62 15 58 77 53 36 20 11 66 54 60 78 28 81 50 9 75 61 79 2 64 41 55 27 44 43 16 0 39 65 29 5 51 68 63 38 35 73 14 72 24 
68 63 50 9 2 61 75 38 35 73 14 72 24 67 21 31 7 47 19 25 33 30 13 32 1 52 48 49 84 23 74 8 56 45 10 22 6 83 36 71 18 17 69 4 57 59 77 54 58 15 3 37 62 76 42 80 12 40 53 20 11 66 60 78 28 81 51 5 29 34 82 46 26 70 39 0 16 65 55 41 64 79 27 44 43 
65 16 43 27 44 55 41 64 79 2 9 50 63 68 81 51 5 29 34 82 46 62 37 3 15 58 77 53 4 69 17 18 71 36 83 20 11 66 54 60 78 28 52 1 32 13 30 33 25 19 47 7 31 21 67 24 72 14 35 73 61 75 38 48 49 84 23 74 8 56 45 10 22 6 57 59 40 12 80 76 42 70 26 39 0 
53 69 4 57 59 40 12 80 76 42 70 26 46 82 34 39 0 16 27 44 43 55 41 64 79 61 75 38 63 68 50 9 2 73 35 14 72 24 67 21 31 7 47 25 19 30 33 74 23 84 49 48 52 1 32 13 8 56 45 10 22 6 83 71 18 17 36 20 11 66 54 60 78 28 81 51 5 29 65 3 37 62 15 58 77 
35 14 72 24 67 21 31 7 47 19 25 30 33 13 32 1 52 48 49 84 23 74 8 56 45 10 22 6 71 18 17 69 4 57 59 40 12 80 76 42 62 37 82 46 26 70 39 0 16 65 29 34 3 5 51 78 60 66 11 20 83 36 53 77 58 15 54 28 81 68 63 38 75 61 79 2 9 50 44 43 27 55 41 64 73 
44 43 50 9 63 68 81 28 51 5 29 34 82 46 26 70 42 76 80 12 40 59 57 4 69 17 18 71 36 83 22 6 10 45 56 8 74 23 84 49 48 13 30 33 25 19 47 7 31 21 67 24 72 14 35 73 61 75 38 32 1 52 78 60 54 66 11 20 53 77 58 15 3 37 62 39 0 65 16 55 41 64 79 2 27 
5 51 81 68 63 50 9 38 35 73 14 72 24 67 21 31 7 47 19 30 33 25 13 32 1 52 48 49 84 23 74 8 56 45 10 22 6 71 18 17 69 4 57 59 40 12 80 76 42 70 26 39 0 16 55 41 64 79 61 75 2 27 44 43 65 29 34 82 46 62 37 3 15 58 54 77 53 36 83 20 11 66 60 78 28 
24 67 21 31 7 47 19 25 33 30 13 32 1 52 48 49 84 23 74 8 56 45 10 22 6 83 71 18 17 69 4 57 59 40 12 80 76 42 70 26 46 82 37 62 15 58 77 54 60 66 11 20 36 53 3 29 34 39 0 65 16 55 43 44 27 2 79 61 75 38 63 68 81 28 78 51 5 50 9 41 64 73 35 14 72 
30 33 25 19 47 7 31 21 67 24 72 14 35 73 61 75 38 63 68 52 1 32 13 23 74 8 56 45 10 20 83 22 6 71 18 17 69 4 57 59 40 12 80 62 37 82 46 26 70 42 76 15 58 54 60 78 28 81 51 5 43 44 27 50 9 2 79 64 41 55 16 0 39 65 29 34 3 77 53 36 11 66 48 49 84 
62 37 3 5 51 28 81 68 63 50 27 44 43 16 65 29 34 82 46 26 70 39 0 55 41 64 79 61 2 9 75 38 35 73 14 72 24 67 21 31 7 47 19 25 33 30 13 32 1 52 48 49 84 23 74 8 56 45 10 22 6 83 20 11 66 60 54 58 15 78 77 53 36 71 18 17 69 4 57 59 40 12 80 76 42 
43 44 27 50 9 2 79 61 75 35 14 72 24 67 21 31 7 47 19 25 33 30 13 32 1 52 48 49 84 23 74 8 56 45 10 22 6 71 18 17 69 4 57 59 40 12 80 42 76 62 37 3 15 58 77 53 36 83 20 11 66 60 54 78 28 68 63 38 73 64 41 55 16 65 0 39 34 82 46 26 70 29 5 51 81 
28 78 60 66 11 20 36 17 69 4 57 59 40 12 80 42 76 62 37 3 34 82 46 26 70 39 0 65 29 5 51 81 68 63 9 50 27 44 43 16 55 41 64 79 2 61 75 38 35 73 14 72 24 67 21 31 7 47 19 25 33 30 13 32 1 52 48 49 84 23 74 8 56 45 10 22 6 83 71 18 53 77 58 15 54 
66 54 60 78 28 51 5 81 68 63 38 75 61 79 2 9 50 27 44 43 16 55 41 64 73 35 14 72 24 67 21 31 7 47 19 30 33 25 13 32 52 1 48 49 84 23 8 74 56 45 10 22 6 83 71 18 17 69 4 57 59 40 12 80 76 42 46 82 34 29 65 0 39 26 70 62 37 3 15 58 77 53 36 20 11 
81 51 5 29 34 82 46 62 37 3 15 58 77 53 69 4 57 59 40 12 80 76 42 26 70 39 0 65 16 43 44 27 2 9 50 68 63 38 75 61 79 64 41 55 73 14 35 72 24 67 21 31 7 47 19 25 33 30 13 32 1 52 48 49 84 23 74 8 56 45 10 22 6 83 36 71 18 17 20 11 66 54 60 78 28 
48 49 84 23 74 8 56 45 10 20 83 22 6 71 18 17 69 4 57 59 40 12 80 76 42 70 26 46 82 34 29 65 0 39 3 37 62 15 58 77 53 36 11 66 60 54 28 78 51 5 81 68 63 38 75 9 50 27 44 43 16 55 41 64 79 2 61 35 73 14 72 24 67 21 31 7 47 19 30 33 25 13 32 1 52 
62 37 3 5 43 44 27 2 9 50 63 68 81 28 78 51 29 34 82 46 76 80 42 70 26 39 0 65 16 55 41 64 73 61 79 75 38 35 14 72 24 67 21 31 7 47 19 30 33 25 13 32 1 52 48 49 84 23 74 8 56 45 10 22 6 71 18 17 69 4 57 59 40 12 58 77 53 36 83 20 11 66 60 54 15 
5 51 81 28 78 60 54 66 11 20 83 22 6 10 45 74 8 56 23 84 49 48 52 1 32 13 30 33 25 19 47 7 21 31 67 24 72 14 35 73 61 75 27 9 50 63 68 38 2 79 64 41 55 16 65 29 34 82 46 62 37 3 15 58 77 53 36 71 18 17 69 4 57 59 40 12 80 76 42 70 26 39 0 44 43 
53 69 4 57 59 40 12 80 76 42 70 26 46 82 34 39 0 16 27 44 43 55 41 64 79 61 75 38 63 68 50 9 2 73 35 14 72 24 67 21 31 7 47 25 19 30 33 74 23 84 49 48 52 1 32 13 8 56 45 10 22 6 83 71 18 17 36 20 11 66 54 60 78 28 81 51 5 29 65 3 37 62 15 58 77 
44 43 5 51 28 78 60 54 15 58 77 59 40 12 80 76 42 70 26 46 82 37 62 3 29 34 39 0 65 16 55 41 64 79 2 61 75 38 35 73 14 72 24 67 21 31 7 47 19 25 30 33 13 84 49 48 52 1 32 23 74 8 56 45 10 6 22 83 71 18 17 69 4 57 53 36 20 11 66 81 68 63 50 9 27 
2 61 79 75 38 63 68 81 28 78 60 66 11 20 83 22 6 10 45 74 8 56 23 84 49 48 52 1 32 31 7 47 19 25 33 30 13 21 67 24 72 14 35 73 64 41 55 16 0 39 65 29 34 82 46 26 70 42 80 76 62 37 3 15 58 77 53 36 71 18 17 69 4 57 59 40 12 54 51 5 43 44 27 50 9 
1 52 48 49 84 23 74 8 56 45 10 6 22 83 20 11 66 60 78 28 51 5 29 34 82 46 26 70 42 80 76 62 37 3 15 12 40 59 57 4 69 17 18 71 36 53 77 54 58 65 0 39 16 43 44 27 55 41 64 79 61 2 9 50 81 68 63 38 75 35 73 14 72 24 67 21 31 7 47 19 30 33 25 13 32 
11 66 60 54 77 58 15 3 37 62 76 42 80 70 26 46 82 34 29 65 39 0 16 55 41 64 79 61 2 9 50 63 68 28 81 5 51 78 43 44 27 75 38 35 73 14 72 24 67 21 31 7 47 19 30 33 25 13 32 1 52 48 49 84 23 74 8 56 45 10 22 6 83 71 18 17 69 4 57 59 40 12 53 36 20 
47 7 31 21 67 24 72 14 35 73 75 38 63 68 1 52 48 49 84 23 74 8 56 45 10 22 6 83 36 71 18 17 69 4 53 57 59 40 12 80 76 42 70 26 46 82 34 29 5 51 28 78 60 54 66 11 20 77 58 15 3 37 62 39 0 65 16 43 44 27 55 41 64 79 61 2 9 50 81 32 13 30 33 25 19 
49 84 23 74 8 56 45 10 6 22 83 36 71 18 17 69 4 57 59 40 12 80 62 37 82 46 76 42 70 26 39 0 65 16 43 44 27 55 41 64 79 61 2 9 50 63 68 81 28 78 60 66 54 11 20 53 77 58 15 3 34 29 5 51 52 1 32 13 30 33 25 19 47 7 31 21 67 24 72 14 35 73 75 38 48 
34 82 46 62 37 3 15 58 77 53 57 59 40 12 80 76 42 70 26 39 0 65 29 5 51 28 81 68 63 9 50 27 44 43 16 55 41 64 79 2 61 75 38 35 73 14 72 24 67 21 31 7 47 19 30 33 25 13 32 1 52 48 49 84 23 74 8 56 45 10 22 6 83 36 71 18 17 69 4 20 11 66 60 78 54 
9 50 44 43 27 2 61 79 64 41 55 16 0 39 65 29 34 82 46 26 70 42 80 76 62 37 3 15 58 54 60 66 48 49 84 23 74 8 56 45 10 22 6 71 18 17 69 4 57 59 40 12 77 53 36 83 20 11 78 28 51 5 81 68 63 38 75 35 73 14 72 24 67 21 31 7 47 19 30 33 25 13 32 1 52 
71 17 69 4 57 59 40 12 80 76 42 70 26 46 82 34 29 5 51 28 78 60 54 66 11 20 83 22 6 10 45 74 8 56 23 84 49 48 52 1 32 13 33 30 19 25 47 7 31 21 67 24 72 14 35 73 64 41 79 2 61 75 38 63 68 50 9 27 44 43 55 16 0 39 65 81 3 37 62 15 58 77 53 36 18 
73 14 72 24 67 21 31 7 47 19 25 33 30 13 32 1 52 48 49 84 23 74 8 56 45 10 22 6 71 18 17 69 4 57 59 40 12 15 62 37 3 29 34 82 46 76 42 80 70 26 39 0 65 16 43 44 27 50 9 2 79 61 75 38 63 68 81 28 78 60 54 66 11 20 83 36 53 77 58 51 5 55 41 64 35 
37 62 76 42 80 12 40 59 77 58 54 60 78 28 51 5 29 34 82 46 26 70 39 0 65 16 55 41 64 79 61 2 9 50 63 68 81 44 43 27 38 75 73 35 14 72 24 67 21 31 7 47 19 25 33 30 13 32 1 52 48 49 84 23 74 8 56 45 10 22 6 83 36 71 18 17 69 4 57 53 20 11 66 15 3 
