48 3 70 16 30 74 17 9 2 20 58 19 5 59 21 6 18 65 73 71 50 0 31 11 27 44 35 8 32 7 33 69 52 22 46 56 1 40 64 63 45 68 49 14 36 60 23 67 15 29 51 10 62 13 38 66 53 26 37 55 24 12 43 72 47 34 28 41 39 61 25 57 42 54 4 
57 42 54 4 23 67 15 60 36 68 14 49 45 63 64 66 13 38 53 37 26 24 55 12 43 72 47 30 74 17 9 2 58 20 19 5 59 21 6 18 65 73 31 0 50 71 11 27 44 35 8 32 7 33 69 40 1 56 46 22 52 62 10 51 29 61 39 41 28 34 25 16 70 3 48 
70 3 42 54 4 23 67 15 60 36 68 14 49 45 64 63 56 46 22 52 69 40 1 33 7 32 35 8 44 27 11 31 0 50 71 73 65 6 18 21 59 5 19 58 20 2 9 17 74 30 47 72 43 12 55 24 26 37 53 38 13 66 10 62 51 29 61 39 41 28 34 16 25 57 48 
2 9 17 72 47 30 74 16 34 28 41 39 61 29 51 10 62 66 13 38 26 37 53 27 44 35 8 32 7 33 69 52 22 46 56 1 40 64 63 45 49 14 68 36 60 23 67 15 4 54 42 57 3 70 48 25 43 12 55 24 18 11 31 0 50 71 73 65 6 21 59 5 19 20 58 
61 39 41 28 34 25 16 70 3 48 42 57 54 4 23 67 15 60 36 68 14 49 45 63 64 10 62 13 66 38 53 37 26 24 55 12 43 72 47 30 74 17 9 2 58 20 19 5 59 21 6 18 65 73 31 0 50 71 11 27 44 35 8 32 7 33 69 40 1 52 22 46 56 51 29 
48 3 70 16 34 28 41 39 61 29 51 62 10 66 13 38 53 26 37 24 55 12 43 72 47 30 74 17 9 2 58 20 19 5 59 21 6 65 73 31 0 50 71 11 18 27 44 35 8 32 7 33 69 40 1 52 22 46 56 63 64 45 49 14 68 36 60 23 67 15 4 54 42 57 25 
41 39 43 12 55 24 26 37 53 38 66 13 62 10 51 29 61 25 3 70 48 42 57 54 4 23 67 15 60 36 68 49 45 63 64 1 56 46 14 22 52 69 33 40 7 32 35 8 44 27 11 31 0 50 71 73 65 6 18 21 59 5 19 20 58 2 9 17 47 72 30 74 16 34 28 
28 41 39 61 29 51 10 62 13 66 38 53 26 37 24 55 12 43 72 47 30 74 16 70 3 48 57 42 54 4 23 67 15 60 36 68 49 45 63 64 40 1 56 46 14 22 52 69 33 7 32 35 8 44 27 11 31 0 50 71 73 65 6 18 21 59 5 19 20 58 2 9 17 34 25 
46 56 1 40 69 33 7 32 35 8 44 27 11 0 50 71 73 31 65 6 18 21 59 5 19 20 58 2 9 17 72 47 30 74 16 34 28 41 39 61 29 51 10 62 66 13 38 53 26 37 24 55 12 43 25 70 3 48 42 57 54 4 23 67 15 60 36 68 49 14 45 63 64 52 22 
21 59 5 19 20 58 2 9 17 72 47 30 74 16 34 28 41 39 61 29 51 10 62 13 66 38 53 37 26 24 55 12 43 25 57 42 70 3 48 54 4 23 67 15 60 36 68 49 14 46 56 1 52 22 64 63 45 40 69 33 7 32 35 8 44 27 11 31 0 50 71 73 65 18 6 
46 56 1 40 69 33 7 32 35 8 44 27 11 73 31 0 50 71 65 6 18 21 59 5 19 20 58 2 9 17 74 30 47 72 43 12 55 24 26 37 53 38 13 66 62 10 51 29 61 39 41 28 34 16 70 3 48 25 57 42 54 4 23 67 15 60 36 68 14 49 45 63 64 22 52 
39 28 34 16 70 3 48 42 57 54 4 23 67 15 60 36 68 14 49 45 63 64 10 62 13 38 53 26 37 24 55 12 43 72 47 30 74 17 9 2 58 20 19 5 59 21 6 18 65 73 31 0 50 71 11 27 44 35 8 32 7 33 69 52 22 46 56 1 40 66 51 29 61 25 41 
70 16 34 28 41 39 61 29 51 10 62 13 66 38 26 37 53 24 55 12 43 72 47 30 74 17 9 2 58 20 19 5 59 21 6 18 65 73 71 50 0 31 11 27 44 35 8 32 7 33 69 52 22 46 56 1 40 64 63 45 49 14 68 36 60 23 67 15 4 54 42 57 3 48 25 
39 41 28 34 16 70 3 48 42 57 54 4 23 67 15 60 36 68 14 49 45 63 64 1 56 46 22 52 69 40 33 7 32 35 8 44 27 11 31 73 71 50 0 65 6 18 21 59 5 19 20 58 17 9 2 74 30 47 72 12 43 55 24 26 37 53 38 13 66 62 10 51 29 61 25 
43 12 55 24 26 37 53 38 13 66 62 10 51 29 61 39 41 28 25 34 16 70 3 48 57 42 54 4 23 67 15 36 60 68 14 49 45 63 64 56 1 52 22 46 69 40 33 7 32 35 8 44 27 11 31 0 50 71 73 65 18 6 21 5 59 19 20 58 2 9 17 74 30 47 72 
13 66 62 10 51 29 61 39 41 28 34 16 25 57 42 48 3 70 54 4 67 23 15 60 36 68 14 49 45 63 64 1 56 46 22 52 69 33 40 7 32 35 8 44 27 11 31 0 50 71 73 65 18 6 21 59 5 19 58 20 2 9 17 47 30 74 72 43 12 24 55 26 37 53 38 
66 13 38 53 37 26 24 55 12 43 47 30 74 16 70 3 48 57 42 54 4 23 67 15 60 36 68 14 49 45 63 64 40 1 52 22 46 56 69 33 7 32 35 8 44 27 11 31 0 50 71 73 65 18 6 21 59 5 19 20 58 2 9 17 72 25 28 34 41 39 61 29 51 10 62 
33 7 32 35 8 44 27 11 31 0 50 71 73 65 6 18 21 59 5 19 20 58 2 9 17 72 47 30 74 16 70 3 48 57 42 54 4 23 67 15 36 60 29 61 39 41 28 34 25 43 12 55 24 26 37 53 38 13 66 62 10 51 64 63 45 49 68 14 46 56 1 52 22 69 40 
28 34 16 70 3 48 42 57 25 4 54 67 23 60 15 36 68 14 49 45 63 64 1 56 46 22 52 69 33 40 7 32 35 8 44 27 11 31 0 50 71 73 65 6 18 21 59 5 19 20 58 2 9 17 74 30 47 72 43 12 24 55 53 26 37 38 13 66 62 10 51 29 61 39 41 
43 12 55 24 26 37 53 38 13 66 62 10 51 29 61 39 41 28 25 34 16 70 3 48 57 42 54 4 23 67 15 36 60 68 14 49 45 63 64 56 1 52 22 46 69 40 33 7 32 35 8 44 27 11 31 0 50 71 73 65 18 6 21 5 59 19 20 58 2 9 17 74 30 47 72 
3 70 16 25 57 42 54 4 23 67 15 60 36 68 14 49 45 63 64 40 1 56 46 22 52 69 33 7 32 35 8 44 27 11 31 0 50 71 73 65 18 6 21 59 5 19 20 58 2 9 17 47 72 43 12 24 55 26 37 53 38 13 66 62 10 51 29 61 39 41 28 34 30 74 48 
23 67 4 54 42 48 3 70 16 34 28 41 39 61 29 51 10 62 66 13 38 53 37 26 24 55 12 43 72 47 30 74 17 9 2 58 20 19 5 59 21 18 6 65 73 31 0 50 71 11 27 44 35 8 32 7 33 69 40 1 56 46 22 52 64 63 45 49 14 68 36 60 15 25 57 
15 29 51 10 62 66 13 38 53 37 26 24 55 12 43 47 72 17 9 2 58 20 19 59 5 21 6 18 65 73 71 50 0 31 11 27 44 35 8 32 7 33 69 40 1 52 22 46 56 63 64 45 49 14 68 36 60 23 67 4 54 42 57 25 28 34 16 70 3 48 74 30 41 39 61 
32 35 8 44 27 11 31 0 50 71 73 65 18 6 21 5 59 19 20 58 2 9 17 72 47 43 12 55 24 26 37 53 38 13 66 62 10 51 29 61 39 41 28 34 16 74 30 25 57 42 3 70 48 54 4 23 67 15 60 36 68 14 49 45 63 64 1 56 46 22 52 69 40 33 7 
5 59 21 18 6 65 73 31 0 50 71 11 27 44 35 8 32 7 33 69 52 22 46 56 1 40 64 63 45 49 14 68 36 60 15 67 23 4 54 42 57 25 30 47 72 43 12 24 55 26 37 53 38 13 66 62 10 51 29 61 39 41 28 34 16 70 3 48 74 17 9 2 58 20 19 
70 3 48 42 54 4 23 67 15 60 36 68 45 63 64 56 14 49 46 22 52 1 40 33 69 7 32 35 8 44 27 11 31 0 50 71 73 65 18 6 21 59 5 19 20 58 2 9 17 30 74 47 72 43 12 55 24 26 37 53 38 13 66 62 10 51 29 61 39 41 28 34 16 25 57 
41 39 61 29 51 10 62 13 38 66 53 37 26 24 55 12 43 72 47 30 74 17 9 2 58 20 19 5 59 21 6 18 65 73 31 0 50 71 11 27 44 35 8 32 7 33 69 40 1 52 22 46 56 45 63 64 49 14 68 36 60 23 67 15 4 54 57 42 3 70 48 16 34 28 25 
28 34 16 25 57 70 3 48 42 54 4 23 67 15 60 36 68 14 49 45 63 64 10 62 13 38 53 26 37 24 55 12 43 72 47 30 74 17 9 2 58 20 19 5 59 21 18 6 65 31 73 71 50 0 11 27 44 35 8 32 7 33 69 40 1 52 22 46 56 66 51 29 61 39 41 
19 20 58 2 9 17 72 47 30 74 16 34 28 41 39 61 29 51 10 62 66 13 38 53 26 37 24 55 12 43 25 48 3 70 42 57 54 4 23 67 15 60 36 68 14 49 45 63 64 56 46 22 52 1 40 33 69 7 32 35 8 44 27 11 0 31 73 71 50 65 6 18 21 59 5 
3 70 16 34 28 41 39 61 29 51 10 62 13 66 38 53 37 26 24 55 12 43 72 47 30 74 2 9 17 58 20 19 5 59 21 6 18 65 73 31 0 50 71 11 27 44 35 8 32 7 33 69 52 22 46 56 1 40 64 63 45 49 14 68 36 60 15 67 23 4 54 42 57 25 48 
43 12 55 24 26 37 53 38 13 66 62 10 51 29 61 39 41 28 34 16 30 74 70 3 48 42 57 25 15 23 4 54 67 60 36 68 14 49 45 63 64 40 1 56 46 22 52 69 33 7 32 35 8 44 27 11 31 0 50 71 73 65 6 18 21 59 5 19 20 58 2 9 17 72 47 
70 3 48 42 57 54 4 23 67 15 60 36 68 14 49 45 63 64 1 56 46 22 52 69 33 40 7 32 8 35 44 27 11 31 0 50 71 73 65 6 18 37 26 53 38 13 66 62 10 51 29 61 28 41 39 43 12 24 55 5 59 21 19 58 20 2 9 17 72 47 30 74 16 34 25 
25 28 41 34 16 70 3 48 57 42 54 4 23 67 15 60 36 68 14 49 45 63 64 1 56 46 52 22 69 40 33 7 32 8 35 44 27 11 31 0 50 71 73 65 18 6 21 5 59 19 20 58 2 9 17 30 74 47 72 43 12 24 55 26 37 53 38 13 66 62 10 51 29 61 39 
57 42 54 4 67 23 15 60 36 14 68 49 45 63 64 40 1 56 46 22 52 69 33 7 32 35 8 44 27 11 0 50 71 73 31 65 18 6 21 59 5 19 20 58 2 9 17 72 47 30 74 16 34 28 41 39 61 29 51 10 62 13 66 38 37 26 53 24 55 12 43 25 70 3 48 
23 67 4 54 42 48 3 70 16 34 28 41 39 61 29 51 10 62 66 13 38 53 37 26 24 55 12 43 72 47 30 74 17 9 2 58 20 19 5 59 21 18 6 65 73 31 0 50 71 11 27 44 35 8 32 7 33 69 40 1 56 46 22 52 64 63 45 49 14 68 36 60 15 25 57 
26 37 53 38 13 66 62 10 51 29 61 39 41 28 34 16 25 70 3 48 42 57 54 4 23 67 15 60 36 68 14 49 45 63 64 40 1 56 46 22 52 69 33 7 32 35 8 44 27 11 65 73 31 0 71 50 18 6 21 59 5 19 20 58 2 9 17 74 30 47 72 43 12 55 24 
40 69 33 7 32 35 8 44 27 11 31 0 50 71 73 65 6 18 21 59 5 19 20 58 2 9 17 72 47 30 74 16 34 28 41 39 61 29 51 10 62 13 38 53 37 26 24 55 12 43 25 70 3 48 42 57 54 4 23 67 15 60 36 68 14 49 45 63 64 66 1 56 46 22 52 
45 63 64 68 14 49 56 46 22 52 1 40 69 33 7 32 8 35 44 27 11 31 0 50 71 73 65 6 18 21 59 5 19 20 58 2 9 17 30 47 72 43 12 55 24 26 37 53 38 13 66 62 10 51 29 61 39 41 28 34 16 74 48 3 70 25 57 42 54 4 23 67 15 60 36 
45 64 63 49 14 46 56 1 52 22 69 33 40 7 32 35 8 44 27 11 31 73 65 71 50 0 18 6 21 59 5 19 20 58 2 9 17 74 30 47 72 43 12 55 24 26 37 53 38 13 66 62 10 51 29 61 41 39 28 34 16 70 3 48 25 57 42 54 4 23 67 15 60 36 68 
74 30 47 72 43 12 55 24 26 37 53 38 13 66 62 10 51 29 61 39 41 28 34 16 70 3 48 25 57 42 54 4 23 67 15 60 36 68 14 49 45 63 64 56 46 52 22 1 40 33 69 7 32 35 8 44 27 11 31 0 50 71 73 65 6 18 21 59 5 19 20 58 9 2 17 
22 52 1 40 33 69 7 32 35 8 44 27 11 31 0 50 71 73 65 18 6 21 59 5 19 20 58 2 9 17 72 47 30 74 16 34 28 41 39 43 12 55 24 26 37 53 38 13 66 10 62 51 29 61 25 70 3 48 42 57 54 4 23 67 15 60 36 68 14 49 45 56 46 63 64 
34 28 41 39 61 29 51 10 62 66 13 38 53 26 37 24 55 12 43 72 47 30 74 17 9 2 58 20 19 5 59 21 6 65 73 31 0 50 71 11 18 27 44 35 8 32 7 33 69 52 22 46 56 1 40 64 63 45 49 14 68 36 60 15 67 23 4 54 42 57 3 70 48 25 16 
66 13 38 53 27 44 35 8 32 7 33 69 52 22 46 56 1 40 64 63 45 49 14 68 36 60 15 23 67 4 54 42 57 25 28 34 16 70 3 48 74 30 47 72 43 12 55 24 26 37 11 31 0 50 71 73 65 18 6 21 59 5 19 20 58 2 9 17 41 39 61 29 51 10 62 
39 41 28 34 16 70 3 48 57 42 54 4 23 67 15 60 36 68 14 49 45 63 64 40 1 56 46 22 52 69 33 7 32 35 8 44 27 11 31 73 71 50 0 65 6 18 21 59 5 19 20 58 2 9 17 72 47 30 74 25 29 51 10 62 13 66 38 53 26 37 24 55 12 43 61 
30 74 16 70 3 48 42 57 54 4 23 67 15 60 36 68 14 49 45 63 64 10 62 51 61 29 25 28 34 41 39 43 12 55 24 26 37 53 38 13 66 40 1 56 46 52 22 33 69 7 32 8 44 35 27 11 31 0 50 71 73 65 6 18 21 59 5 19 20 58 2 9 17 72 47 
70 3 48 42 57 54 4 23 67 15 60 36 68 14 49 45 63 64 1 56 46 22 52 69 40 33 7 32 35 8 44 27 11 71 50 0 31 73 65 18 6 21 59 5 19 20 58 2 9 17 30 74 16 34 28 41 39 61 29 51 10 62 13 38 66 53 37 26 24 55 12 43 47 72 25 
47 72 43 12 24 55 26 37 53 38 13 66 62 10 51 29 61 39 41 28 34 16 25 57 42 3 70 48 54 4 23 67 15 60 36 68 14 49 45 63 64 1 56 46 22 52 69 40 33 7 32 35 8 44 27 11 31 0 50 71 73 65 6 18 21 59 5 19 20 58 2 9 17 30 74 
44 35 8 32 7 33 69 52 22 46 56 1 40 66 62 10 51 29 61 39 41 28 34 16 25 70 3 48 42 57 54 4 23 67 15 60 36 68 49 14 45 63 64 13 38 53 37 26 24 55 12 43 72 47 30 74 17 9 2 20 58 19 5 59 21 6 18 65 73 31 0 50 71 11 27 
44 35 8 32 7 33 69 52 22 46 56 1 40 66 62 10 51 29 61 39 41 28 34 16 25 70 3 48 42 57 54 4 23 67 15 60 36 68 49 14 45 63 64 13 38 53 37 26 24 55 12 43 72 47 30 74 17 9 2 20 58 19 5 59 21 6 18 65 73 31 0 50 71 11 27 
47 72 17 9 2 58 20 19 5 59 21 26 37 53 38 13 66 10 62 51 29 61 25 70 3 48 42 57 54 4 23 67 15 60 36 68 14 49 45 63 64 56 46 22 52 1 40 69 33 7 32 35 8 44 27 11 31 73 71 50 0 65 6 18 24 55 12 43 39 41 28 34 16 74 30 
42 54 4 67 23 15 60 36 68 14 49 45 63 64 1 52 22 46 56 40 69 33 7 32 8 35 44 27 11 31 0 50 71 73 65 18 6 21 59 5 19 58 20 2 9 17 30 74 47 72 43 12 24 55 37 26 53 38 13 66 62 10 51 29 61 39 41 28 34 16 70 3 48 57 25 
74 30 47 72 43 12 55 24 26 37 53 38 13 66 62 10 51 29 61 39 41 28 34 16 25 57 42 3 70 48 54 4 23 67 15 60 36 68 49 45 63 64 1 56 46 14 22 52 69 40 33 7 32 8 44 35 27 11 31 0 50 71 73 65 18 6 21 59 5 19 20 58 2 9 17 
62 10 51 29 61 39 41 28 34 16 25 57 42 48 3 70 54 4 23 67 15 60 36 68 45 63 64 1 56 49 14 46 22 52 69 40 33 7 32 35 8 44 27 11 31 0 50 71 73 65 18 6 21 59 5 19 20 58 2 9 17 30 74 47 72 43 12 24 55 26 53 37 38 13 66 
58 20 19 5 59 21 6 65 73 31 0 50 71 11 18 37 26 24 55 12 43 39 41 28 34 16 70 3 48 42 57 54 4 23 67 15 60 36 68 14 49 45 63 64 1 56 46 22 52 69 40 33 7 32 35 8 44 27 53 38 13 66 62 10 51 29 61 25 30 74 47 72 9 17 2 
18 11 31 0 50 71 73 65 6 21 59 5 19 20 58 2 9 17 74 30 47 72 43 12 55 24 26 37 53 38 13 66 62 10 51 29 61 39 41 28 34 16 70 3 48 42 57 25 54 4 23 67 15 60 36 68 49 45 63 64 1 56 46 14 52 22 69 33 40 7 32 8 35 44 27 
55 24 26 53 37 38 13 66 62 10 51 29 61 39 41 28 34 16 48 3 70 25 57 42 54 4 23 15 67 60 36 68 14 49 45 63 64 1 52 22 46 56 40 69 33 7 32 35 8 44 27 11 0 71 50 73 31 65 6 18 21 59 5 19 20 58 2 9 17 74 30 47 72 43 12 
37 26 53 38 13 66 62 10 51 29 61 39 41 28 34 16 70 3 48 42 57 25 54 4 23 67 15 60 36 68 49 14 46 22 52 1 56 63 45 64 40 33 69 7 32 35 8 44 27 11 31 0 50 71 73 65 6 18 21 59 5 19 20 58 2 9 17 72 47 30 74 43 12 55 24 
57 42 54 4 23 67 15 60 36 68 14 49 45 63 64 40 1 52 22 46 56 69 33 7 32 35 8 44 27 11 31 0 50 71 73 65 18 6 21 59 5 19 20 58 2 9 17 30 74 47 72 43 12 24 55 26 37 53 38 13 66 62 10 51 29 61 39 41 28 34 16 25 70 3 48 
74 30 47 72 43 12 55 24 26 37 53 38 13 66 62 10 51 29 61 39 41 28 34 25 57 42 54 4 23 67 15 60 36 68 14 49 45 63 64 40 1 56 46 22 52 69 33 7 32 35 8 44 27 11 31 0 50 71 73 65 6 18 21 59 5 19 20 58 2 9 17 16 70 3 48 
3 70 25 57 42 54 4 23 67 15 60 36 68 49 45 64 63 56 46 14 52 22 1 40 69 33 7 32 8 35 44 27 11 31 0 50 71 73 65 6 18 21 59 5 19 20 58 2 9 17 72 47 43 12 55 24 26 37 53 38 13 66 62 10 51 29 61 39 41 28 34 16 30 74 48 
33 69 52 22 46 14 68 36 60 15 23 67 4 54 42 57 70 3 48 74 30 47 72 17 9 2 58 20 19 5 59 21 18 6 65 73 31 0 50 71 11 27 44 35 8 32 7 66 13 38 53 37 26 24 55 12 43 39 41 28 34 16 25 61 29 51 10 62 64 63 45 49 56 1 40 
43 12 55 24 26 37 53 38 13 66 62 10 51 29 61 39 41 28 34 25 16 70 3 48 57 42 54 4 23 67 15 60 36 68 49 14 46 56 63 45 64 1 52 22 69 40 33 7 32 35 8 44 27 11 71 50 73 31 0 65 6 18 21 59 5 19 20 58 2 9 17 30 74 47 72 
50 71 73 65 18 6 21 59 5 19 20 58 2 9 17 30 74 47 72 43 12 55 24 26 37 53 38 13 66 62 10 51 29 61 39 41 28 34 16 70 3 48 42 57 25 54 4 23 67 15 60 36 68 14 49 45 63 64 1 56 46 22 52 69 40 33 7 32 35 8 44 27 11 31 0 
36 68 14 49 45 63 64 1 56 46 22 52 69 40 33 7 32 35 8 44 27 11 31 0 50 71 73 65 18 6 21 59 5 19 20 58 2 9 17 74 30 47 72 43 12 24 55 26 53 37 38 13 66 10 62 51 29 15 23 67 4 54 42 57 3 48 70 16 34 28 41 39 61 25 60 
72 43 12 24 55 26 37 53 38 13 66 62 10 51 29 61 39 41 28 25 34 16 70 3 48 42 57 54 4 67 15 23 60 36 68 49 14 45 63 64 1 56 46 22 52 69 40 33 7 32 35 8 44 27 11 31 0 50 71 73 65 6 18 21 59 5 19 20 58 9 17 2 74 30 47 
11 31 0 50 71 73 65 6 21 59 5 19 20 58 17 9 2 30 74 16 70 3 48 42 57 54 4 67 23 15 60 36 68 14 49 45 63 64 40 1 56 46 22 52 69 33 7 32 35 8 44 27 53 38 13 66 62 10 51 29 61 39 41 28 34 25 47 72 12 43 55 24 26 37 18 
74 30 47 72 43 12 24 55 37 26 53 38 13 66 62 10 51 29 61 39 41 28 25 34 16 70 3 48 42 57 54 4 23 67 15 60 36 68 14 49 45 63 64 1 56 46 52 22 40 69 33 7 32 35 8 44 27 11 65 73 31 0 50 71 18 6 21 59 5 19 20 58 2 9 17 
30 74 9 17 72 47 43 12 55 24 26 37 53 38 13 66 62 10 51 29 61 39 41 28 34 16 25 70 3 48 42 57 54 4 23 67 15 60 36 68 14 49 45 63 64 40 1 56 46 52 22 69 33 7 32 35 8 44 27 11 31 0 50 71 73 65 18 6 21 59 5 19 20 58 2 
67 23 15 60 36 68 14 49 45 63 64 1 56 46 22 52 69 40 33 7 32 8 35 44 27 11 0 50 71 73 31 65 18 6 21 59 5 19 20 58 2 9 17 74 30 47 72 43 12 24 55 26 37 53 38 13 66 62 10 51 29 61 39 41 28 34 16 70 3 48 25 57 42 54 4 
66 13 38 53 37 26 24 55 12 43 39 41 28 34 16 70 3 48 42 57 54 4 23 67 15 60 36 68 14 49 45 63 64 1 56 46 22 52 69 40 33 7 32 8 35 44 27 11 65 73 71 50 0 31 18 6 21 59 5 19 20 58 2 9 17 47 72 30 74 25 61 29 51 10 62 
57 42 54 4 23 67 15 60 36 68 14 49 45 63 64 40 1 52 22 46 56 69 33 7 32 35 8 44 27 11 31 0 50 71 73 65 18 6 21 59 5 19 20 58 2 9 17 30 74 47 72 43 12 24 55 26 37 53 38 13 66 62 10 51 29 61 39 41 28 34 16 25 70 3 48 
48 3 70 16 34 28 41 39 61 29 51 10 62 13 38 66 53 37 26 24 55 43 12 72 47 30 74 17 9 2 58 20 19 5 59 21 18 6 65 73 31 0 50 71 11 27 44 35 8 32 7 33 69 40 1 56 46 22 52 63 64 45 49 14 68 36 60 15 23 67 4 54 42 57 25 
25 28 34 16 70 3 48 42 57 54 4 23 67 15 60 36 68 14 49 45 63 64 10 62 13 38 53 26 37 24 55 12 43 72 47 30 74 17 9 2 58 20 19 5 59 21 18 6 65 73 31 0 50 71 11 27 44 35 8 32 7 33 69 40 1 56 46 22 52 66 51 29 61 39 41 
18 37 26 53 38 13 66 62 10 51 29 61 25 70 3 48 42 57 54 4 23 67 15 60 36 68 14 49 45 63 64 40 1 56 46 22 52 69 33 7 32 35 8 44 27 11 31 0 50 71 73 65 21 59 5 19 20 58 2 9 17 72 47 30 74 16 34 28 41 39 43 12 24 55 6 
7 32 35 8 44 27 11 31 0 50 71 73 65 6 18 21 59 5 19 20 58 2 9 17 74 30 47 72 43 12 55 24 26 37 53 38 13 66 62 10 51 29 61 39 41 28 34 16 25 57 42 3 70 48 54 4 23 67 15 60 36 68 14 49 45 63 64 56 46 52 22 1 40 69 33 
74 30 47 72 43 12 55 24 26 53 38 13 66 62 10 51 29 61 39 41 28 34 16 70 3 42 57 25 48 54 4 67 23 15 60 36 68 49 14 46 56 63 64 45 40 1 52 22 69 33 7 32 35 8 44 27 37 11 31 0 50 71 73 65 18 6 21 59 5 19 20 58 2 9 17 
68 14 49 45 63 64 40 1 56 46 22 52 69 33 7 32 35 8 44 27 11 31 0 71 50 73 65 6 18 21 59 5 19 20 58 2 9 17 30 74 25 28 34 41 39 61 29 51 10 62 66 13 38 53 26 37 24 55 12 43 47 72 16 70 3 48 57 42 54 4 23 67 15 60 36 
48 57 42 54 4 23 67 15 60 36 68 49 14 46 56 63 45 64 40 1 52 22 69 33 7 32 35 8 44 27 11 31 0 50 71 73 65 18 6 21 59 5 19 20 58 2 9 17 30 74 16 34 28 41 39 61 29 51 10 62 13 66 38 53 26 37 24 55 12 43 72 47 25 70 3 
54 4 67 23 15 60 36 68 14 49 45 63 64 40 1 56 46 22 52 69 33 7 32 35 8 44 27 11 31 0 50 71 73 65 6 18 21 59 5 19 20 58 9 2 17 74 30 47 72 43 12 55 24 26 37 53 38 13 66 10 62 51 29 61 39 41 28 34 16 70 3 48 42 57 25 
52 22 1 40 69 33 7 32 8 35 44 27 11 31 0 50 71 73 65 6 18 21 59 5 19 20 58 2 9 17 72 47 30 74 16 34 41 39 43 12 24 55 37 26 53 38 13 66 62 10 51 29 61 28 25 70 3 48 42 57 54 4 23 67 15 60 36 68 14 49 45 63 64 56 46 
61 39 41 28 34 16 70 3 48 42 57 54 4 23 67 15 60 36 68 14 49 45 63 64 40 1 56 46 22 52 69 33 7 32 35 8 44 27 18 11 31 0 50 71 73 65 6 21 59 5 19 20 58 9 2 17 74 30 47 72 43 12 55 24 26 37 53 38 13 66 62 10 51 29 25 
29 51 10 62 13 66 38 53 26 37 24 55 12 43 47 30 74 16 70 3 48 42 57 54 4 23 67 15 60 36 68 14 49 45 63 64 40 1 56 46 22 52 69 33 7 32 35 8 44 27 11 31 0 50 71 73 65 6 18 21 59 5 19 58 20 2 9 17 72 39 41 28 34 25 61 
8 35 44 27 11 31 0 50 71 73 65 6 18 21 59 5 19 20 58 2 9 17 72 47 30 74 16 34 28 41 39 43 12 24 55 26 53 37 38 13 66 62 10 51 29 61 25 57 42 3 70 48 54 4 23 67 15 60 36 68 14 49 45 63 64 56 46 22 52 1 40 69 33 7 32 
21 59 5 19 20 58 2 9 17 72 47 30 74 16 34 28 41 39 61 29 51 62 10 64 63 45 49 14 68 36 60 23 67 15 4 54 42 57 70 3 48 25 43 12 55 24 26 37 53 38 13 66 40 1 56 46 22 52 69 33 7 32 35 8 44 27 11 31 0 50 71 73 65 6 18 
37 26 53 38 13 66 62 10 51 29 15 60 36 68 14 49 45 63 64 40 1 56 46 22 52 69 33 7 32 8 35 44 27 11 73 71 50 0 31 65 6 18 21 59 5 19 20 58 2 9 17 74 30 47 72 43 39 41 28 34 16 70 3 48 42 57 54 4 23 67 25 61 12 24 55 
20 58 2 9 17 47 72 30 74 16 34 28 41 39 43 12 55 24 26 37 53 38 13 66 10 62 51 29 61 25 57 42 3 70 48 54 4 23 67 15 60 36 68 14 49 45 63 64 1 56 46 22 52 69 33 40 7 32 35 8 44 27 11 31 0 50 71 73 65 6 18 21 59 5 19 
57 42 54 4 23 67 15 60 36 68 14 49 45 63 64 66 13 38 53 26 37 24 55 12 43 72 47 30 74 17 9 2 58 20 19 5 59 21 6 18 65 73 71 50 0 31 11 27 44 35 8 32 7 33 40 69 52 22 46 56 1 10 62 51 29 61 39 41 28 34 16 70 3 48 25 
55 24 26 37 53 38 13 66 62 10 51 29 61 39 41 28 34 16 25 57 3 48 70 42 54 4 23 67 15 60 36 68 14 49 45 63 64 40 1 56 46 22 52 69 33 7 32 35 8 44 27 11 0 50 71 73 31 65 6 18 21 59 5 19 20 58 9 2 17 30 74 47 72 43 12 
38 13 66 62 10 51 29 61 39 41 28 34 16 70 3 48 57 42 54 4 23 67 15 60 36 68 14 49 45 63 64 56 46 1 40 33 69 52 22 7 32 35 8 44 27 11 31 0 50 71 73 65 6 18 21 59 5 19 20 58 2 9 17 72 47 30 74 25 43 12 55 24 26 37 53 
54 4 23 67 15 60 36 68 14 49 45 63 64 40 1 56 46 52 22 69 33 7 32 35 8 44 27 11 31 0 50 71 73 65 6 18 21 59 5 19 58 20 2 9 17 30 74 47 72 43 12 24 55 26 37 53 38 13 66 62 10 51 29 61 39 41 28 34 16 25 57 42 48 3 70 
1 40 69 33 7 32 35 8 44 27 11 31 0 50 71 73 65 6 18 21 59 5 19 20 58 2 9 17 74 16 30 47 72 43 12 55 24 26 37 53 38 13 66 62 10 51 29 61 39 41 28 34 25 57 42 3 70 48 54 4 60 23 67 15 36 68 14 49 45 63 64 52 22 46 56 
57 42 54 4 23 67 15 60 36 68 14 49 45 63 64 40 1 56 46 52 22 69 33 7 32 35 8 44 27 53 26 37 11 31 0 50 71 73 65 6 18 21 59 5 19 20 58 17 9 2 72 47 30 74 16 25 34 41 39 43 12 55 24 38 13 66 62 10 51 29 61 28 70 3 48 
52 22 1 40 69 33 7 32 8 35 44 27 11 31 0 50 71 73 65 6 18 21 59 5 19 20 58 2 9 17 72 47 30 74 16 34 41 39 43 12 24 55 26 37 53 38 13 66 62 10 51 29 61 28 25 70 3 48 42 57 54 4 23 67 15 60 36 68 14 49 45 63 64 56 46 
61 39 41 28 34 16 70 3 48 42 57 54 4 23 67 15 60 36 68 14 49 45 63 64 40 1 56 46 22 52 69 33 7 32 35 8 44 27 11 31 0 50 71 73 65 18 6 21 59 5 19 20 58 9 2 17 74 30 47 72 43 12 55 24 26 37 53 38 13 66 62 10 51 29 25 
69 33 7 32 35 8 44 27 53 26 37 11 31 0 50 71 73 65 18 6 21 59 5 19 58 20 2 9 17 47 30 74 16 34 28 41 39 61 29 51 10 62 66 13 38 24 55 12 43 72 25 70 3 48 42 57 54 4 23 67 15 60 36 68 14 49 45 63 64 40 1 56 46 22 52 
48 3 70 16 34 28 41 39 61 25 67 15 29 51 10 62 13 38 66 53 26 24 55 12 43 72 47 30 74 17 9 2 58 20 19 5 59 21 6 65 73 71 50 0 31 11 18 37 27 44 35 8 32 7 33 40 69 52 22 46 14 49 45 63 64 1 56 68 36 60 23 4 54 42 57 
2 9 17 47 30 74 72 43 12 55 24 26 37 53 38 13 66 62 10 51 29 61 39 41 28 34 16 25 70 3 48 42 57 54 4 23 67 15 60 36 68 14 49 45 63 64 40 1 56 46 52 22 69 33 7 32 35 8 44 27 11 65 73 71 50 0 31 18 6 21 59 5 19 20 58 
57 42 54 4 23 67 15 60 36 68 14 49 45 63 64 66 40 1 56 46 22 52 69 33 7 32 35 8 44 27 11 31 0 50 71 73 65 18 6 21 59 5 19 20 58 2 9 17 72 47 30 74 16 34 28 41 39 61 29 51 10 62 13 38 53 26 37 24 55 12 43 25 70 3 48 
12 43 72 47 30 74 17 9 2 58 20 19 5 59 21 6 65 73 31 0 50 71 11 18 37 26 53 38 13 66 62 10 51 29 61 39 41 28 34 16 25 70 3 48 42 57 54 4 67 15 23 60 36 68 14 49 45 63 64 56 46 22 52 1 40 69 33 7 32 35 8 44 27 24 55 
30 74 72 47 43 12 55 24 26 37 27 53 38 13 66 62 10 51 29 61 39 41 28 34 16 70 3 48 25 57 42 54 4 23 67 15 60 36 68 49 14 45 63 64 1 56 46 22 52 69 40 33 7 32 35 8 44 11 31 0 50 71 73 65 18 6 21 59 5 19 20 58 2 9 17 
