27 21 5 7 29 22 9 3 1 17 2 18 6 20 25 10 15 14 23 16 4 11 19 0 8 12 28 24 13 26 
26 27 21 5 7 29 9 3 1 22 17 2 18 6 20 25 10 15 16 4 11 23 14 19 0 8 12 28 24 13 
12 28 24 13 26 27 21 5 7 29 9 3 1 22 17 2 18 6 20 25 10 15 16 4 11 23 14 19 0 8 
27 21 5 7 29 9 3 1 22 17 2 18 6 20 25 10 15 14 23 16 4 11 19 0 8 12 28 24 13 26 
9 29 22 1 17 2 18 6 20 25 10 15 16 4 11 23 14 19 0 8 12 28 24 13 26 27 21 5 7 3 
9 29 22 1 17 2 18 6 20 25 10 15 16 4 11 23 14 19 0 8 12 28 24 13 26 27 21 5 7 3 
3 9 29 22 1 17 2 18 6 20 25 10 15 16 4 11 23 14 19 0 8 12 28 24 13 26 27 21 5 7 
9 3 15 10 25 16 4 11 23 14 19 0 8 12 28 24 13 26 27 21 5 7 29 22 1 17 2 18 6 20 
26 27 21 5 7 29 9 3 22 1 17 2 18 6 20 25 10 15 16 4 11 23 14 19 0 8 12 28 24 13 
15 16 4 11 23 14 19 0 8 12 28 24 13 5 21 27 26 22 29 7 9 3 1 17 2 18 6 20 25 10 
0 8 12 28 24 13 26 27 21 5 7 29 22 3 9 1 17 2 18 6 20 25 10 15 14 23 16 4 11 19 
27 21 5 7 22 29 9 3 1 17 2 18 6 20 25 10 15 14 23 16 4 11 19 0 8 12 28 24 13 26 
22 17 2 18 6 20 25 10 15 16 4 11 23 14 19 0 8 12 28 24 13 26 27 21 5 7 29 9 3 1 
26 27 21 5 7 29 9 3 1 22 17 2 18 6 20 25 10 15 14 23 16 4 11 19 0 8 12 28 24 13 
3 9 29 22 1 17 2 18 6 20 25 10 15 14 23 16 4 11 19 0 8 12 28 24 13 26 27 21 5 7 
22 1 17 2 18 6 20 25 10 15 16 4 11 23 14 19 0 8 12 28 24 13 26 27 21 5 7 29 9 3 
1 17 2 18 6 20 25 10 15 14 23 16 4 11 19 0 8 12 28 24 13 26 27 21 5 7 29 22 9 3 
1 17 2 18 6 20 25 10 15 14 23 16 4 11 19 0 8 12 28 24 13 26 27 21 5 7 29 22 9 3 
17 2 18 6 20 25 10 15 16 4 11 23 14 19 0 8 12 28 24 13 26 27 21 5 7 29 9 3 1 22 
26 27 21 5 7 29 9 3 22 1 17 2 18 6 20 25 10 15 14 23 16 4 11 19 0 8 12 28 24 13 
1 17 2 18 6 20 25 10 15 14 23 16 4 11 19 0 8 12 28 24 13 26 27 21 5 29 7 9 3 22 
22 29 7 5 21 27 26 13 24 28 12 8 0 19 14 23 11 4 16 15 10 25 20 6 18 2 17 1 9 3 
17 2 18 6 20 25 10 15 14 23 16 4 11 19 0 8 12 28 24 13 26 27 21 5 7 29 9 3 1 22 
7 5 21 27 26 13 24 28 12 8 0 19 14 23 11 4 16 15 10 25 20 6 18 2 17 1 22 29 9 3 
7 5 21 27 26 13 24 28 12 8 0 19 14 23 11 4 16 15 10 25 20 6 18 2 17 1 22 29 9 3 
19 11 4 16 23 14 15 10 25 20 6 18 2 17 1 22 29 9 3 7 5 21 27 26 13 24 28 12 8 0 
27 21 5 7 29 9 3 1 22 17 2 18 6 20 25 10 15 14 23 16 4 11 19 0 8 12 28 24 13 26 
3 9 22 29 7 5 21 27 26 13 24 28 12 8 0 19 11 4 16 23 14 15 10 25 20 6 18 2 17 1 
3 9 22 29 7 5 21 27 26 13 24 28 12 8 0 19 11 4 16 23 14 15 10 25 20 6 18 2 17 1 
3 9 29 22 1 17 2 18 6 20 25 10 15 14 23 16 4 11 19 0 8 12 28 24 13 26 27 21 5 7 
2 17 1 22 29 7 5 21 27 26 13 24 28 12 8 0 19 14 23 16 4 11 25 10 15 3 9 20 6 18 
17 2 18 6 20 25 10 15 14 23 16 4 11 19 0 8 12 28 24 13 26 27 21 5 7 29 22 9 3 1 
24 13 26 27 21 5 7 29 22 1 17 2 18 6 20 25 10 15 3 9 14 23 16 4 11 19 0 8 12 28 
22 29 5 7 9 3 1 17 2 18 6 20 25 10 15 14 23 16 4 11 19 0 8 12 28 24 13 26 27 21 
6 20 25 10 15 14 23 16 4 11 19 0 8 12 28 24 13 26 27 21 5 7 29 9 3 1 22 17 2 18 
6 20 25 10 15 14 23 16 4 11 19 0 8 12 28 24 13 26 27 21 5 7 29 9 3 1 22 17 2 18 
3 9 29 22 1 17 2 18 6 20 25 10 15 14 23 16 4 11 19 0 8 12 28 24 13 26 27 21 5 7 
3 9 29 22 1 17 2 18 6 20 25 10 15 14 23 16 4 11 19 0 8 12 28 24 13 26 27 21 5 7 
22 1 17 2 18 6 20 25 10 15 14 23 16 4 11 19 0 8 12 28 24 13 26 27 21 5 7 3 9 29 
26 27 21 5 7 22 29 9 3 1 17 2 18 6 20 25 10 15 14 23 16 4 11 19 0 8 12 28 24 13 
9 29 22 1 17 2 18 6 20 25 10 15 14 23 11 4 16 19 0 8 12 28 24 13 26 27 21 5 7 3 
22 29 7 5 21 27 26 13 24 28 12 8 0 19 14 23 11 16 4 10 25 15 3 9 1 20 6 18 2 17 
27 21 5 7 29 9 3 22 1 17 2 18 6 20 25 10 15 14 23 16 4 11 19 0 8 12 28 24 13 26 
8 0 19 11 4 16 23 14 15 10 25 20 6 18 2 17 1 22 29 9 3 7 5 21 27 26 13 24 28 12 
26 27 21 5 7 29 22 9 3 1 17 2 18 6 20 25 10 15 14 23 16 4 11 19 0 8 12 28 24 13 
18 6 20 25 10 15 14 23 16 4 11 19 0 8 12 28 24 13 26 27 21 5 7 29 9 3 22 1 17 2 
27 21 5 7 29 9 3 1 22 17 2 18 6 20 25 10 15 14 23 16 4 11 19 0 8 12 28 24 13 26 
27 21 5 7 29 9 3 22 1 17 2 18 6 20 25 10 15 14 23 16 4 11 19 0 8 12 28 24 13 26 
5 21 27 26 13 24 28 12 8 0 19 14 23 16 4 11 15 10 25 20 6 18 2 17 1 22 29 9 3 7 
12 28 24 13 5 21 27 26 22 29 7 9 3 1 17 2 18 6 20 25 10 15 14 23 16 4 11 19 0 8 
19 14 23 16 4 11 25 10 15 3 9 20 6 18 2 17 1 22 29 7 5 21 27 26 13 24 28 12 8 0 
26 27 21 5 7 29 9 3 1 22 17 2 18 6 20 25 10 15 14 23 16 4 11 19 0 8 12 28 24 13 
15 10 25 4 16 23 11 14 19 0 8 12 28 24 13 26 27 21 5 7 29 22 17 2 18 6 20 1 9 3 
26 27 21 5 7 29 9 3 1 22 17 2 18 6 20 25 10 15 14 23 16 4 11 19 0 8 12 28 24 13 
3 9 29 7 5 21 27 26 13 24 28 12 8 0 19 11 4 16 23 14 15 10 25 20 6 18 2 17 1 22 
3 9 29 7 5 21 27 26 13 24 28 12 8 0 19 11 4 16 23 14 15 10 25 20 6 18 2 17 1 22 
12 28 24 13 26 27 21 5 7 29 9 3 1 22 17 2 18 6 20 25 10 15 14 23 16 4 11 19 0 8 
3 9 29 22 1 17 2 18 6 20 25 10 15 14 23 16 4 11 19 0 8 12 28 24 13 26 27 21 5 7 
3 9 29 22 1 17 2 18 6 20 25 10 15 14 23 16 4 11 19 0 8 12 28 24 13 26 27 21 5 7 
3 9 1 17 2 18 6 20 25 10 15 14 23 16 4 11 19 0 8 12 28 24 13 26 27 21 5 7 29 22 
3 9 29 22 1 17 2 18 6 20 25 10 15 14 23 16 4 11 19 0 8 12 28 24 13 26 27 21 5 7 
22 1 17 2 18 6 20 25 10 15 14 23 16 4 11 19 0 8 12 28 24 13 26 27 21 5 7 29 9 3 
4 16 23 14 15 10 25 20 6 18 2 17 1 22 29 9 3 7 5 21 27 26 13 24 28 12 8 0 19 11 
17 2 18 6 20 25 10 15 16 4 11 23 14 19 0 8 12 28 24 13 26 27 21 5 7 29 9 3 1 22 
5 7 29 9 3 1 22 17 2 18 6 20 25 10 15 14 23 16 4 11 19 0 8 12 28 24 13 26 27 21 
27 21 5 7 29 22 9 3 1 17 2 18 6 20 25 10 15 16 4 11 23 14 19 0 8 12 28 24 13 26 
26 27 21 5 7 29 9 3 1 22 17 2 18 6 20 25 10 15 14 23 16 4 11 19 0 8 12 28 24 13 
22 29 7 5 21 27 26 13 24 28 12 8 0 19 11 4 16 23 14 15 10 25 20 6 18 2 17 1 9 3 
26 27 21 5 7 9 3 29 22 1 17 2 18 6 20 25 10 15 16 4 11 23 14 19 0 8 12 28 24 13 
18 6 20 25 10 15 16 4 11 23 14 19 0 8 12 28 24 13 26 27 21 5 7 29 22 9 3 1 17 2 
25 10 15 14 23 16 4 11 19 0 8 12 28 24 13 26 27 21 5 7 29 9 3 1 22 17 2 18 6 20 
27 21 5 7 29 9 3 1 22 17 2 18 6 20 25 10 15 14 23 16 4 11 19 0 8 12 28 24 13 26 
25 10 15 14 23 16 4 11 19 0 8 12 28 24 13 26 27 21 5 7 29 9 3 1 22 17 2 18 6 20 
3 9 29 22 1 17 2 18 6 20 25 10 15 14 23 16 4 11 19 0 8 12 28 24 13 26 27 21 5 7 
27 21 5 7 29 9 3 1 22 17 2 18 6 20 25 10 15 14 23 16 4 11 19 0 8 12 28 24 13 26 
1 17 2 18 6 20 25 10 15 14 23 16 4 11 19 0 8 12 28 24 13 26 27 21 5 7 29 22 9 3 
26 27 21 5 7 3 9 29 22 1 17 2 18 6 20 25 10 15 14 23 16 4 11 19 0 8 12 28 24 13 
21 5 7 29 9 3 1 22 17 2 18 6 20 25 10 15 14 23 16 4 11 19 0 8 12 28 24 13 26 27 
6 20 25 10 15 14 23 16 4 11 19 0 8 12 28 24 13 26 27 21 5 29 7 9 3 22 1 17 2 18 
3 9 29 22 1 17 2 18 6 20 25 10 15 14 23 16 4 11 19 0 8 12 28 24 13 26 27 21 5 7 
6 20 25 10 15 14 23 16 4 11 19 0 8 12 28 24 13 26 27 21 5 7 9 3 29 22 1 17 2 18 
27 21 5 7 3 9 29 22 1 17 2 18 6 20 25 10 15 14 23 16 4 11 19 0 8 12 28 24 13 26 
7 5 21 27 26 13 24 28 12 8 0 19 14 23 16 4 11 15 10 25 20 6 18 2 17 1 22 29 9 3 
18 2 17 22 29 7 5 21 27 26 13 24 28 12 8 0 19 14 23 16 4 11 25 10 15 3 9 1 20 6 
3 9 29 7 5 21 27 26 13 24 28 12 8 0 19 23 16 4 11 14 15 10 25 20 6 18 2 17 1 22 
27 21 5 7 29 9 3 1 22 17 2 18 6 20 25 10 15 14 23 16 4 11 19 0 8 12 28 24 13 26 
26 27 21 5 7 29 22 9 3 1 17 2 18 6 20 25 10 15 14 23 16 4 11 19 0 8 12 28 24 13 
27 21 5 7 29 22 9 3 1 17 2 18 6 20 25 10 15 14 23 16 4 11 19 0 8 12 28 24 13 26 
4 16 23 14 15 10 25 20 6 18 2 17 1 22 29 9 3 7 5 21 27 26 13 24 28 12 8 0 19 11 
18 6 20 25 10 15 14 23 16 4 11 19 0 8 12 28 24 13 26 27 21 5 7 29 9 3 1 22 17 2 
3 9 29 22 1 17 2 18 6 20 25 10 15 14 23 16 4 11 19 0 8 12 28 24 13 26 27 21 5 7 
27 21 5 7 29 9 3 1 22 17 2 18 6 20 25 10 15 14 23 16 4 11 19 0 8 12 28 24 13 26 
6 20 25 10 15 14 23 16 4 11 19 0 8 12 28 24 13 26 27 21 5 7 29 9 3 1 22 17 2 18 
6 20 25 10 15 14 23 16 4 11 19 0 8 12 28 24 13 26 27 21 5 7 29 9 3 1 22 17 2 18 
3 9 29 22 1 17 2 18 6 20 25 10 15 14 23 16 4 11 19 0 8 12 28 24 13 26 27 21 5 7 
27 21 5 7 29 9 3 1 22 17 2 18 6 20 25 10 15 14 23 16 4 11 19 0 8 12 28 24 13 26 
7 5 21 27 26 13 24 28 12 8 0 19 14 23 16 4 11 15 10 25 20 6 18 2 17 1 22 29 9 3 
3 9 29 7 5 21 27 26 13 24 28 12 8 0 19 14 23 16 4 11 15 10 25 20 6 18 2 17 1 22 
27 21 5 7 29 22 9 3 1 17 2 18 6 20 25 10 15 14 23 16 4 11 19 0 8 12 28 24 13 26 
21 5 7 29 22 3 9 1 17 2 18 6 20 25 10 15 16 4 11 23 14 19 0 8 12 28 24 13 26 27 
