3 24 14 13 23 36 42 46 22 12 19 44 15 16 34 5 17 29 32 31 21 39 0 38 43 7 51 45 33 30 9 48 54 1 6 40 28 49 27 47 11 37 53 52 8 41 18 25 2 35 50 4 26 20 10 
24 3 10 14 13 23 36 22 46 42 12 19 44 15 16 34 5 17 29 32 31 21 39 0 43 38 7 51 45 33 30 9 48 6 40 28 49 27 47 11 37 1 54 53 18 25 2 35 50 4 26 20 41 8 52 
41 18 53 52 8 24 3 10 14 13 36 23 22 46 42 12 19 44 15 16 34 5 17 29 32 31 21 39 0 43 38 7 51 45 33 30 9 48 54 1 37 11 47 27 49 28 40 6 35 50 4 26 20 25 2 
53 52 8 41 18 25 2 35 50 4 26 20 10 3 24 14 13 23 36 46 22 12 42 19 44 15 16 34 5 17 29 32 31 21 39 0 38 43 7 51 45 33 30 9 48 54 6 40 28 49 27 47 11 37 1 
49 28 40 6 54 53 18 41 8 52 25 2 35 50 4 26 20 10 3 24 14 13 23 36 22 46 42 12 19 44 15 16 34 5 17 29 32 31 21 39 0 43 38 7 51 45 33 30 9 48 1 37 11 47 27 
7 43 38 0 39 21 31 32 29 17 16 34 5 15 44 19 42 46 22 12 36 23 13 14 24 3 10 20 26 4 50 35 2 25 18 41 8 52 53 30 9 48 54 6 40 28 49 27 47 11 37 1 33 45 51 
46 22 12 42 19 44 15 16 34 5 17 29 32 31 21 39 0 43 38 7 51 45 33 30 9 54 6 40 28 49 27 47 11 37 1 48 18 41 8 52 53 25 2 35 50 4 26 20 10 3 24 14 13 23 36 
10 14 13 23 36 42 46 22 12 19 44 15 16 34 5 17 29 32 31 21 39 0 38 43 7 51 45 33 30 9 48 54 6 28 40 49 27 47 11 37 1 53 52 8 41 18 25 2 35 50 4 26 20 3 24 
37 11 47 27 49 28 40 6 54 9 30 33 45 51 7 43 38 0 39 21 31 32 29 17 5 34 16 15 44 19 42 46 22 12 36 23 13 14 10 3 24 8 52 53 18 41 25 2 20 4 26 50 35 48 1 
4 26 50 35 2 25 18 41 8 52 53 48 40 28 49 27 47 11 37 1 6 54 9 30 33 45 51 7 43 38 0 39 21 31 32 29 17 5 16 34 15 44 19 42 46 22 12 36 23 13 14 24 3 10 20 
23 13 14 10 3 24 8 52 53 18 41 25 2 20 26 4 50 35 40 28 49 27 47 11 37 1 6 54 48 9 30 33 45 51 7 43 38 0 39 21 31 32 29 17 5 34 16 15 44 19 42 46 22 12 36 
42 46 22 12 19 44 15 16 34 5 17 29 32 31 21 39 0 43 38 7 51 45 33 30 9 54 1 37 11 47 27 49 28 40 6 48 18 41 8 52 53 25 2 35 50 4 26 20 3 10 14 13 24 23 36 
10 14 13 23 36 46 42 12 22 19 44 15 16 34 5 17 29 32 31 21 39 0 38 43 7 51 45 33 30 9 54 48 6 40 28 49 27 47 11 37 1 53 52 8 41 18 25 2 35 50 4 26 20 3 24 
25 2 35 50 4 26 20 3 24 10 14 13 23 36 46 22 12 42 19 44 15 16 34 5 17 29 32 31 21 39 0 38 43 7 51 45 33 30 9 54 48 6 40 28 49 27 47 11 37 1 53 52 8 41 18 
53 52 8 41 18 25 2 35 50 4 26 20 10 3 24 14 13 23 36 22 12 46 42 19 44 15 16 34 5 17 29 32 31 21 39 0 43 38 7 51 45 33 30 9 48 54 6 40 28 49 27 47 11 37 1 
45 33 30 9 48 54 6 40 28 49 27 47 11 37 1 7 51 0 43 38 39 21 31 32 29 17 5 34 16 15 44 19 42 46 22 12 23 36 13 14 24 3 10 20 26 4 50 35 2 25 18 53 41 8 52 
54 9 30 33 45 51 7 0 43 38 39 21 31 32 29 17 5 34 16 15 44 19 42 46 22 12 36 23 13 14 10 3 24 8 41 18 25 2 35 50 4 26 20 52 53 48 6 40 28 49 27 47 11 37 1 
53 52 8 41 18 25 2 35 50 4 26 20 3 24 10 14 13 23 36 42 46 22 12 19 44 15 16 5 34 17 29 32 31 21 39 0 38 43 7 51 45 33 30 9 48 6 40 28 49 27 47 11 37 1 54 
24 3 10 14 13 23 36 46 22 12 42 19 44 15 16 34 5 17 29 32 31 21 39 0 38 43 7 51 45 33 30 9 48 54 6 40 28 49 27 47 11 37 1 53 52 8 41 18 25 2 35 50 4 26 20 
26 4 20 10 3 24 14 13 36 23 22 46 42 12 19 44 15 16 34 5 17 29 32 31 21 39 0 38 43 7 51 45 33 30 9 48 54 1 37 11 47 27 49 28 40 6 18 41 8 52 53 25 2 35 50 
6 40 28 49 27 47 11 37 1 54 48 9 30 53 52 8 41 18 25 2 35 50 4 26 20 3 24 10 14 13 23 36 42 46 22 12 19 44 15 5 34 16 17 29 32 31 21 39 0 38 43 7 51 45 33 
8 41 18 25 2 35 50 4 26 20 10 3 24 14 13 23 36 22 46 42 12 19 44 15 16 34 5 17 29 32 31 21 39 0 38 43 7 51 45 33 30 9 54 6 28 40 49 27 47 37 11 1 48 53 52 
45 33 34 16 5 15 44 19 42 46 12 22 36 23 13 14 24 3 10 20 26 4 50 35 2 25 18 41 8 52 53 30 9 48 54 6 40 28 49 27 47 11 37 1 7 51 0 43 38 39 21 31 32 29 17 
2 25 18 41 8 52 53 9 48 6 40 28 49 27 47 11 37 1 54 30 33 45 51 7 43 38 0 39 21 31 32 29 17 5 34 16 15 44 19 42 46 22 12 36 23 13 14 24 3 10 20 4 26 50 35 
3 41 18 25 2 35 50 20 4 26 10 14 13 23 36 42 46 22 12 19 44 15 16 34 5 17 29 32 31 21 39 0 38 43 7 51 45 33 30 9 48 54 6 40 28 49 27 47 11 37 1 53 52 8 24 
27 49 28 40 6 54 48 9 30 53 52 8 41 18 25 2 35 50 4 26 20 10 3 24 14 13 23 36 22 46 42 12 19 44 15 16 34 5 17 29 32 31 21 39 0 43 38 7 51 45 33 1 37 11 47 
41 52 8 24 3 10 14 13 23 36 42 46 22 12 19 44 15 16 34 5 17 29 32 31 21 39 0 38 43 7 51 45 33 30 9 48 54 1 37 11 47 27 49 28 40 6 53 18 25 2 35 50 4 26 20 
46 42 19 44 15 16 34 5 17 29 32 31 21 39 0 38 43 7 51 45 33 30 9 54 48 6 40 28 49 27 47 11 37 1 53 52 8 41 18 25 2 35 50 4 26 20 10 3 24 14 13 23 36 22 12 
26 4 50 35 2 25 18 41 8 24 14 13 23 36 22 46 12 42 19 44 15 16 34 5 17 29 32 31 21 39 0 43 38 7 51 45 33 30 9 54 48 6 40 28 49 27 47 11 37 1 53 52 3 10 20 
14 13 23 36 42 46 22 12 19 15 44 16 34 5 17 29 32 31 21 39 0 38 43 7 51 45 33 30 9 48 54 6 40 28 49 27 47 11 37 1 53 52 8 41 18 25 2 35 50 4 26 20 10 3 24 
38 0 39 21 31 32 29 17 5 34 16 15 44 19 12 46 42 22 36 23 13 14 10 24 3 20 4 26 50 35 2 25 18 41 8 52 53 9 30 54 48 6 40 28 49 27 47 11 37 1 33 45 51 7 43 
43 38 0 39 21 31 32 29 17 5 34 16 15 44 19 42 46 22 12 36 23 13 14 10 3 24 8 52 53 18 25 2 35 50 4 26 20 41 30 9 48 6 40 28 49 27 47 11 37 1 54 33 45 51 7 
24 3 10 14 13 23 36 42 46 22 12 19 44 15 16 34 5 17 29 32 31 21 39 0 43 38 7 51 45 33 30 9 48 54 6 40 28 49 27 47 11 37 1 53 52 8 41 18 25 2 35 50 4 26 20 
14 13 23 36 22 46 42 12 19 44 15 16 34 5 17 29 32 31 21 39 0 43 38 7 51 45 33 30 9 48 54 1 37 11 47 27 49 28 40 6 53 18 41 8 52 25 2 35 50 4 26 20 3 24 10 
53 52 8 41 18 25 2 35 50 4 26 20 10 3 24 14 13 23 36 42 46 22 12 19 44 15 16 34 5 17 29 32 31 21 39 0 43 38 7 51 45 33 30 9 48 54 6 40 28 49 27 47 11 37 1 
45 33 34 16 5 15 44 19 42 46 12 22 36 23 13 14 24 3 10 20 26 4 50 35 2 25 18 41 8 52 53 30 9 48 54 6 40 28 49 27 47 11 37 1 7 51 0 43 38 39 21 31 32 29 17 
37 11 47 27 49 28 40 6 48 54 9 30 52 8 41 18 53 25 2 35 50 4 26 20 10 3 24 23 13 14 36 42 46 22 12 19 44 15 16 34 5 17 29 32 31 21 39 0 38 43 7 51 45 33 1 
45 51 0 43 38 39 21 31 32 29 17 5 34 16 15 44 19 42 12 46 22 36 23 13 14 24 3 10 20 26 4 50 35 2 25 18 41 8 52 53 30 9 48 54 6 40 28 49 27 47 11 37 1 7 33 
4 26 20 10 3 24 14 13 23 36 42 46 22 12 19 44 15 16 34 5 17 29 32 31 21 39 0 38 43 7 51 45 33 30 9 48 54 6 40 28 49 27 47 11 37 1 41 8 52 53 18 25 2 35 50 
29 32 31 21 39 0 43 38 7 51 45 33 30 9 54 48 6 40 28 49 27 47 11 37 1 53 52 8 41 18 25 2 35 50 4 26 20 10 3 24 14 13 23 36 22 46 42 12 19 44 15 16 34 5 17 
19 44 15 16 34 5 17 29 32 31 21 39 0 38 43 7 51 45 33 30 9 48 54 6 40 28 49 27 47 11 37 1 53 52 8 41 18 25 2 35 50 4 26 20 10 3 24 14 13 23 36 46 22 12 42 
41 8 52 24 3 10 14 13 23 36 42 46 22 12 19 44 15 16 34 5 17 29 32 31 21 39 0 43 38 7 51 45 33 30 9 48 6 40 28 49 27 47 11 37 1 54 53 18 25 2 35 50 4 26 20 
5 34 16 15 44 19 42 46 12 22 36 23 13 14 24 3 10 20 4 26 50 35 2 25 18 41 8 52 53 9 48 6 28 40 49 27 47 11 37 1 54 30 33 45 51 7 38 43 0 39 21 31 32 29 17 
14 13 23 36 42 46 22 12 19 44 15 16 34 5 17 29 32 31 21 39 0 43 38 7 51 45 33 30 9 48 6 40 28 49 27 47 11 37 1 54 53 18 41 8 52 25 2 50 35 4 26 20 10 3 24 
39 21 31 32 29 17 5 34 16 15 44 19 42 46 22 12 36 23 13 14 10 3 24 8 52 53 18 41 25 2 20 26 4 50 35 40 6 28 49 27 47 11 37 1 54 48 9 30 33 45 51 7 43 38 0 
51 45 33 52 8 41 18 53 9 30 54 1 37 11 47 27 49 28 40 6 48 2 25 35 50 4 26 20 10 3 24 14 13 23 36 42 46 22 12 19 44 15 16 34 5 17 29 32 31 21 39 0 43 38 7 
24 3 10 14 13 23 36 22 46 42 12 19 44 15 16 34 5 17 29 32 31 21 39 0 43 38 7 51 45 33 30 9 54 1 37 11 47 27 49 28 40 6 48 53 18 41 25 2 35 50 4 26 20 52 8 
52 8 41 18 25 2 35 50 4 26 20 10 3 24 14 13 23 36 42 46 22 12 19 44 15 16 34 5 17 29 32 31 21 39 0 43 38 7 51 45 33 30 9 48 54 1 37 11 47 27 49 28 40 6 53 
35 50 4 26 20 10 14 13 23 36 46 22 12 42 19 44 15 16 34 5 17 29 32 31 21 39 0 43 38 7 51 45 33 30 9 54 1 37 11 47 27 49 28 40 6 48 53 18 41 8 52 3 24 25 2 
24 3 10 14 13 23 36 42 46 22 12 19 44 15 16 34 5 17 29 32 31 21 39 0 38 43 7 51 45 33 30 9 54 48 6 40 28 49 27 47 11 37 1 53 18 25 2 35 50 4 26 20 41 52 8 
17 29 32 31 21 39 0 38 43 7 51 45 33 30 9 48 54 6 40 28 49 27 47 11 37 1 53 52 8 41 18 25 2 35 50 4 26 20 10 3 24 14 13 23 36 42 46 22 12 19 44 15 16 34 5 
39 0 38 43 7 51 45 33 30 9 48 54 1 37 11 47 27 49 28 40 6 53 52 8 41 18 25 2 35 50 4 26 20 10 3 24 14 13 36 23 42 46 22 12 19 44 15 16 5 34 17 29 32 31 21 
10 3 24 14 13 23 36 42 46 22 12 19 44 15 16 34 5 17 29 32 31 21 39 0 38 43 7 51 45 33 30 9 48 54 6 40 28 49 27 47 11 37 1 53 52 8 41 18 25 2 35 50 4 26 20 
19 44 15 16 34 5 17 29 32 31 21 39 0 43 38 7 51 45 33 30 9 48 54 6 40 28 49 27 47 11 37 1 53 52 8 41 18 25 2 35 50 4 26 20 10 3 24 14 13 23 36 22 46 42 12 
52 8 41 18 25 2 35 50 4 26 20 10 3 24 14 13 23 36 46 42 22 12 19 44 15 16 34 5 17 29 32 31 21 39 0 43 38 7 51 45 33 30 9 54 6 40 28 49 47 27 11 37 1 48 53 
52 8 41 18 25 2 35 50 4 26 20 10 3 24 14 13 36 23 42 46 22 12 19 44 15 16 34 5 17 29 32 31 21 39 0 43 38 7 51 45 33 30 9 48 54 6 40 28 49 27 47 11 37 1 53 
54 9 30 33 45 51 7 43 38 0 39 21 31 32 29 17 5 34 16 15 44 19 42 46 22 12 36 23 13 14 10 3 24 41 18 25 2 35 50 4 26 20 8 52 53 48 6 40 28 49 27 47 11 37 1 
4 26 20 3 24 14 10 13 23 36 42 46 22 12 19 44 15 16 34 5 17 29 32 31 21 39 0 38 43 7 51 45 33 30 9 48 54 6 40 28 49 27 47 11 37 1 53 52 8 41 18 25 2 35 50 
7 43 38 0 39 21 31 32 29 17 5 34 16 15 44 19 42 46 22 12 36 23 13 14 10 3 24 8 41 18 25 2 20 26 4 50 35 40 28 49 27 47 11 37 1 6 54 48 9 30 53 52 33 45 51 
14 13 23 36 46 22 12 42 19 44 15 16 34 5 17 29 32 31 21 39 0 43 38 7 51 45 33 30 9 48 54 6 1 37 11 47 27 49 28 40 35 50 4 26 20 2 25 18 53 52 8 41 3 10 24 
53 52 8 41 18 25 2 35 50 26 4 20 10 3 24 14 13 36 23 42 46 22 12 19 44 15 16 34 5 17 29 32 31 21 39 38 0 43 7 51 45 33 30 9 48 54 6 40 28 49 27 47 11 37 1 
0 43 38 39 21 31 32 29 17 5 34 16 15 44 19 42 46 22 12 36 23 13 14 24 3 10 20 26 4 50 35 2 25 18 41 8 52 53 9 48 54 6 40 28 49 27 47 11 37 1 30 33 45 51 7 
26 4 50 35 2 25 18 41 8 52 53 48 6 40 28 49 27 47 11 37 1 54 9 30 33 45 51 7 43 38 0 39 21 31 32 29 17 5 34 16 15 44 19 42 46 22 12 36 23 13 14 10 20 3 24 
53 52 8 41 18 25 2 35 50 4 26 20 10 3 24 14 13 23 36 42 46 22 12 19 44 15 16 34 5 17 29 32 31 21 39 0 43 38 7 51 45 33 30 9 48 54 6 40 28 49 27 47 11 37 1 
11 47 27 49 28 40 6 54 9 48 30 33 45 51 7 43 38 0 39 21 31 32 29 17 5 34 16 15 44 19 42 46 22 12 36 23 13 14 24 3 10 20 26 4 50 35 2 25 18 41 8 52 53 1 37 
45 51 0 43 38 39 21 31 32 29 17 5 34 16 15 44 19 42 12 46 22 36 23 13 14 24 3 10 20 26 4 50 35 2 25 18 41 8 52 53 30 9 48 54 6 40 28 49 27 47 11 37 1 7 33 
7 43 38 0 39 21 31 32 29 17 5 34 16 15 44 19 42 46 22 12 36 23 13 14 10 3 24 8 41 18 25 2 35 50 4 26 20 52 53 9 48 54 6 40 28 49 27 47 11 37 1 30 33 45 51 
39 0 38 43 7 51 45 33 30 9 48 54 6 40 28 49 27 47 11 37 1 53 52 8 41 18 25 2 35 50 4 26 20 10 3 24 14 13 23 36 42 46 22 12 19 44 15 16 34 5 17 29 32 31 21 
46 22 12 19 44 15 16 34 5 17 29 32 31 21 39 0 38 43 7 51 45 33 30 9 48 6 40 28 49 27 47 11 37 1 54 52 8 41 18 53 25 2 35 50 4 26 20 10 3 24 14 13 36 23 42 
24 3 10 14 13 23 36 46 42 22 12 19 44 15 16 34 5 17 29 32 31 21 39 0 43 38 7 51 45 33 30 9 48 54 1 37 11 47 27 49 28 40 6 52 53 18 25 2 35 50 4 26 20 41 8 
28 40 6 54 9 30 33 45 51 7 43 38 0 39 21 31 32 29 17 5 34 16 15 44 19 42 46 22 12 36 23 13 14 10 3 24 8 41 18 25 2 35 50 4 26 20 52 53 48 1 37 11 47 27 49 
15 44 19 42 46 22 12 36 23 13 14 24 3 10 20 4 26 50 35 2 25 18 41 8 52 53 30 9 54 48 6 40 28 49 27 47 11 37 1 33 45 51 7 43 38 0 39 21 31 32 29 17 5 16 34 
39 21 31 32 29 17 5 34 16 15 44 19 42 46 22 12 36 23 13 14 10 3 24 8 52 53 18 41 25 2 20 26 4 50 35 40 6 28 49 27 47 11 37 1 54 48 9 30 33 45 51 7 43 38 0 
6 40 28 49 27 47 11 37 1 54 9 48 53 52 8 41 18 25 2 35 50 4 26 20 3 24 10 14 13 36 23 42 46 22 12 19 44 15 16 5 34 17 29 32 31 21 39 0 43 38 7 51 45 33 30 
9 48 54 1 37 11 47 27 49 28 40 6 53 52 8 41 18 25 2 35 50 4 26 20 10 3 24 14 13 23 36 42 46 22 12 19 44 15 16 34 5 17 29 32 31 21 39 0 43 38 7 51 45 33 30 
24 3 10 14 13 23 36 22 46 42 12 19 44 15 16 34 5 17 29 32 31 21 39 0 43 38 7 51 45 33 30 9 54 1 37 11 47 27 49 28 40 6 48 53 18 41 25 2 35 50 4 26 20 8 52 
6 40 28 49 27 47 11 37 1 54 9 48 53 52 8 41 18 2 25 20 35 50 4 26 10 3 24 14 13 23 36 42 46 22 12 19 44 15 16 34 5 17 29 32 31 21 39 0 43 38 7 51 45 33 30 
7 51 45 33 30 9 48 54 6 40 28 49 27 47 11 37 1 41 8 52 53 18 25 2 35 50 4 26 20 10 3 24 14 13 23 36 42 46 22 12 19 44 15 16 34 5 17 29 32 31 21 39 0 38 43 
16 34 5 17 29 32 31 21 39 0 38 43 7 51 45 33 30 9 48 54 6 40 28 49 27 47 11 37 1 52 8 41 18 53 25 2 35 50 4 26 20 10 3 24 14 13 23 36 42 46 22 12 19 44 15 
18 41 53 52 8 24 3 10 14 13 23 36 42 46 22 12 19 44 15 16 34 5 17 29 32 31 21 39 0 43 38 7 51 45 33 30 9 48 54 6 1 37 11 47 27 49 28 40 35 50 4 26 20 25 2 
41 18 25 2 35 50 4 26 10 14 13 23 36 22 46 12 42 19 44 15 16 34 5 17 29 32 31 21 39 0 38 43 7 51 45 33 30 9 48 54 6 40 28 49 27 47 11 37 1 53 52 8 24 3 20 
19 44 15 16 34 5 17 29 32 31 21 39 0 43 38 7 51 45 33 30 9 48 54 6 40 28 49 27 47 11 37 1 53 52 8 41 18 25 2 35 50 4 26 20 10 3 24 14 13 23 36 22 46 42 12 
3 24 14 13 36 23 42 46 22 12 19 44 15 16 34 5 17 29 32 31 21 39 0 38 43 7 51 45 33 30 9 48 54 6 40 28 49 27 47 11 37 1 53 52 8 41 18 25 2 35 50 4 26 20 10 
43 38 0 39 21 31 32 29 17 5 34 16 15 44 19 42 22 46 12 36 23 13 14 10 3 24 8 52 53 18 41 25 2 20 26 4 50 35 40 28 49 27 47 11 37 1 6 54 48 9 30 33 45 51 7 
37 11 47 27 49 28 40 6 54 48 9 30 53 52 8 41 18 25 2 35 50 4 26 20 10 3 24 14 13 23 36 22 12 42 46 19 44 15 16 34 5 17 29 32 31 21 39 0 43 38 7 51 45 33 1 
32 31 21 39 0 43 38 7 51 45 33 30 9 48 6 40 28 49 27 47 11 37 1 54 53 52 8 41 18 25 2 35 50 4 26 20 10 3 24 14 13 36 23 42 46 22 12 19 44 15 16 34 5 17 29 
47 11 37 1 54 9 30 33 45 51 7 43 38 0 39 21 31 32 29 17 5 34 16 15 44 19 42 12 46 22 36 23 13 14 10 3 24 8 52 53 18 41 25 2 20 26 4 50 35 48 6 40 28 49 27 
8 41 18 25 2 35 50 4 26 20 10 3 24 14 13 23 36 42 46 22 12 19 44 15 16 34 5 17 29 32 31 21 39 0 43 38 7 51 45 33 30 9 54 6 40 28 49 27 47 11 37 1 48 53 52 
19 44 15 16 34 5 17 29 32 31 21 39 0 43 38 7 51 45 33 30 9 48 6 40 28 49 27 47 11 37 1 54 53 52 8 41 18 25 2 35 50 4 26 20 10 3 24 14 13 36 23 42 46 22 12 
51 45 33 30 9 48 54 6 40 28 49 27 47 11 37 1 53 52 8 41 18 25 2 35 50 4 26 20 10 3 24 14 13 23 36 42 46 22 12 19 44 15 16 34 5 17 29 32 31 21 39 0 43 38 7 
26 4 50 35 2 25 18 41 8 52 53 48 6 40 28 49 27 47 11 37 1 54 9 30 33 45 51 7 43 38 0 39 21 31 32 29 17 5 34 16 15 44 19 42 46 22 12 36 23 13 14 10 24 3 20 
3 24 14 13 36 23 42 46 22 12 19 44 15 16 34 5 17 29 32 31 21 39 0 43 38 7 51 45 33 30 9 48 54 6 40 28 49 27 47 11 37 1 53 52 8 41 18 25 2 35 50 4 26 20 10 
11 47 27 49 28 40 6 54 9 48 30 33 45 51 7 43 38 0 39 21 31 32 29 17 5 34 16 15 44 19 42 46 22 12 36 23 13 14 24 3 10 20 26 4 50 35 2 25 18 41 8 52 53 1 37 
1 37 11 47 27 49 28 40 6 48 9 30 53 52 8 41 18 25 2 35 50 4 26 20 10 3 24 14 13 36 23 42 46 22 12 19 44 15 16 34 5 17 29 32 31 21 39 0 43 38 7 51 45 33 54 
4 26 20 10 3 24 14 13 23 36 42 46 22 12 19 44 15 16 34 5 17 29 32 31 21 39 0 43 38 7 51 45 33 30 9 48 54 6 40 28 49 27 47 11 37 1 53 52 8 41 18 25 2 35 50 
36 22 46 42 12 19 44 15 16 34 5 17 29 32 31 21 39 0 38 43 7 51 45 33 30 9 48 6 28 40 49 27 47 11 37 1 54 53 18 41 8 52 24 3 20 25 2 35 50 4 26 10 14 13 23 
12 46 22 36 23 14 13 24 3 10 20 4 26 50 35 2 25 18 41 8 52 53 9 48 6 40 28 49 27 47 11 37 1 54 30 33 45 51 7 43 38 0 39 21 31 32 29 17 5 34 16 15 44 19 42 
45 51 0 43 7 38 39 21 31 32 29 17 5 34 16 15 44 19 42 46 22 12 36 23 13 14 24 3 10 20 4 26 50 35 2 25 18 41 8 52 53 30 9 48 54 6 40 28 49 27 47 11 37 1 33 
41 18 25 2 35 50 4 26 20 10 3 24 14 13 36 23 42 46 22 12 19 44 15 16 34 5 17 29 32 31 21 39 0 38 43 7 51 45 33 30 9 54 48 6 40 28 49 27 47 11 37 1 53 52 8 
3 24 14 13 23 36 42 46 22 12 19 44 15 16 34 5 17 29 32 31 21 39 0 43 38 7 51 45 33 30 9 48 54 6 40 28 49 27 47 11 37 1 53 18 41 8 52 25 2 35 50 4 26 20 10 
