68 16 66 10 71 12 40 46 15 38 5 47 18 48 72 39 30 60 74 79 65 19 3 28 32 6 42 59 64 27 2 76 4 61 69 23 78 45 49 52 26 7 41 36 62 31 53 75 8 67 24 56 54 57 73 51 55 11 70 50 14 43 77 0 1 37 17 13 34 22 20 35 29 25 9 44 63 58 33 21 
42 59 6 32 46 40 12 71 10 66 16 68 20 35 21 29 25 9 44 63 58 33 14 50 70 11 51 56 54 57 73 24 67 8 75 53 31 62 41 26 7 78 45 49 52 36 37 1 17 0 13 34 77 55 43 22 3 19 65 79 28 64 74 30 60 76 4 61 69 23 2 27 39 72 48 18 47 5 15 38 
21 16 66 10 71 12 40 46 15 38 5 47 18 48 72 39 27 2 23 69 61 4 76 60 30 74 64 42 59 6 32 28 79 19 3 65 17 1 0 77 43 14 50 70 11 55 51 56 54 57 73 24 67 8 75 53 31 62 36 52 26 7 78 45 49 41 37 13 34 22 68 20 35 29 25 63 58 33 44 9 
29 25 21 16 68 20 35 22 3 19 65 79 28 32 46 6 42 59 64 74 30 60 76 4 61 7 26 52 49 45 78 69 23 2 27 39 72 48 18 47 5 15 38 40 12 71 10 66 9 44 63 58 33 14 50 70 11 55 51 56 54 57 73 24 67 8 75 53 31 62 36 41 37 1 17 0 13 34 77 43 
42 59 6 32 46 15 38 40 12 71 10 66 16 68 20 35 21 29 25 9 44 63 58 33 14 50 70 11 55 51 56 54 57 73 24 67 8 75 53 31 62 36 52 26 7 78 69 23 2 76 4 61 45 49 41 37 1 0 77 43 34 13 17 65 19 3 22 79 28 64 74 30 60 27 39 72 48 18 5 47 
76 4 61 7 78 45 49 52 26 41 62 31 36 53 75 8 67 24 56 54 57 73 51 55 11 70 43 50 14 33 58 63 25 29 35 20 68 16 21 44 9 66 10 71 12 40 46 15 38 5 47 18 48 30 60 79 19 3 22 34 13 77 0 1 37 17 65 28 32 6 42 59 64 74 72 39 27 2 23 69 
43 14 50 70 11 51 56 54 57 73 24 67 8 75 53 31 62 36 52 26 7 78 45 49 41 37 0 1 17 13 34 22 3 19 65 79 28 32 46 6 42 59 64 72 39 30 74 60 76 4 61 69 23 2 27 48 18 47 5 15 38 40 12 71 10 66 16 68 20 35 29 25 44 9 21 63 58 33 55 77 
14 50 70 11 55 51 56 54 57 73 24 67 8 75 53 31 62 36 52 26 7 61 69 23 2 76 4 78 45 49 41 37 1 0 17 13 34 22 3 19 65 79 28 32 6 42 59 64 72 39 30 60 74 27 48 18 47 5 15 38 46 40 12 71 16 21 35 20 68 66 10 9 44 25 29 63 58 33 43 77 
64 42 6 32 46 15 38 40 12 71 10 66 16 68 22 20 35 21 29 25 9 44 63 58 33 43 14 50 70 11 55 51 56 54 57 73 24 67 8 75 53 31 62 36 52 26 7 78 69 23 2 76 4 61 45 49 41 37 1 0 13 34 77 17 65 79 19 3 28 74 30 60 27 39 72 48 18 47 5 59 
40 12 71 10 66 16 68 20 35 21 29 25 9 44 63 58 33 14 50 70 11 55 51 56 54 57 73 24 67 8 75 53 31 62 36 52 26 7 78 45 49 61 4 76 2 23 69 41 17 1 0 37 77 43 13 34 22 3 19 65 79 28 32 46 6 42 59 64 74 60 30 72 39 27 48 18 47 5 15 38 
42 6 32 46 15 38 40 12 71 10 66 16 21 68 20 35 29 25 9 44 63 58 33 43 14 50 70 11 55 51 24 56 54 57 73 67 8 75 53 31 62 36 52 26 7 45 49 78 61 4 76 2 23 69 60 30 74 64 28 79 65 19 3 22 13 34 77 0 1 17 37 41 27 39 72 48 18 47 5 59 
3 19 79 65 60 30 74 64 42 59 5 47 18 48 27 39 72 28 32 6 46 15 38 40 12 71 10 66 16 68 21 35 20 29 25 9 44 63 58 33 14 50 70 11 55 51 56 54 57 73 24 67 8 75 53 31 62 36 41 26 7 52 49 45 78 61 69 23 2 76 4 17 1 0 37 77 43 34 13 22 
60 74 30 39 72 64 42 6 32 46 15 38 40 12 71 10 66 16 68 20 35 21 29 25 9 44 63 58 33 43 77 55 11 70 50 14 51 56 54 57 73 24 67 8 75 53 31 36 62 41 26 52 49 45 78 7 61 4 76 2 23 69 27 48 18 47 5 59 28 79 19 3 22 34 13 0 1 37 17 65 
51 55 11 70 50 43 77 0 1 17 13 34 22 3 19 65 79 28 32 6 42 59 64 72 39 30 74 60 76 4 61 69 23 2 27 48 18 47 5 46 15 38 40 12 71 10 66 21 16 68 20 35 29 25 9 44 63 58 14 33 37 62 31 36 41 26 52 7 78 45 49 53 75 8 67 24 56 54 57 73 
34 13 0 1 17 65 79 19 3 28 32 6 42 59 64 74 60 30 39 72 27 48 18 47 5 15 38 46 40 12 71 10 66 16 21 68 22 20 35 29 25 9 44 63 58 33 14 50 70 11 55 51 56 54 57 73 24 67 75 8 53 31 62 36 52 26 7 78 45 49 69 23 2 76 4 61 41 37 77 43 
29 35 20 68 16 66 10 71 12 40 46 6 32 28 79 19 3 65 60 30 74 64 42 59 15 38 5 47 18 48 27 39 72 4 76 2 23 69 61 78 45 49 52 7 26 41 31 62 36 53 75 8 67 24 56 54 57 73 51 55 11 70 50 14 43 77 0 37 1 17 13 34 22 21 25 9 44 63 58 33 
32 46 15 38 40 12 71 10 66 16 68 20 21 35 29 25 9 44 63 58 33 14 50 70 11 55 51 56 54 57 73 24 67 8 75 53 36 31 62 41 26 7 78 45 49 52 61 69 23 2 4 76 30 60 74 64 72 39 27 48 18 47 5 59 42 6 28 79 19 3 13 34 43 77 37 1 0 17 65 22 
32 46 6 42 59 64 74 30 60 76 4 61 69 23 2 27 39 72 48 18 47 5 38 15 40 12 71 10 66 16 68 21 20 35 29 25 44 9 63 58 33 14 50 70 43 77 55 11 51 54 57 73 56 24 67 8 75 53 31 62 36 52 26 7 78 45 49 41 37 1 0 13 34 17 65 79 19 3 22 28 
27 30 74 60 76 4 61 41 26 7 52 36 62 31 37 1 0 17 65 19 3 79 28 32 46 6 42 59 64 72 39 48 18 47 5 15 38 40 12 71 10 66 16 21 25 9 44 63 58 33 29 35 20 68 22 34 13 77 43 14 50 70 11 55 51 24 56 54 57 73 67 8 75 53 49 45 78 69 23 2 
13 34 22 68 20 35 29 63 58 14 50 70 11 55 51 56 54 57 73 24 67 8 75 53 31 62 36 41 26 7 78 45 49 52 61 4 76 2 23 69 27 30 74 60 79 65 19 3 28 32 6 42 59 64 72 39 48 18 47 5 38 15 46 40 12 71 10 66 16 21 25 9 44 33 43 77 0 1 37 17 
7 26 52 36 41 62 31 37 1 0 17 13 34 22 3 19 65 79 28 32 6 42 59 64 72 39 30 74 60 76 4 61 69 23 2 27 48 18 47 5 38 15 46 40 12 71 10 66 16 68 20 35 29 25 44 9 21 63 58 33 14 50 43 77 55 11 70 51 56 54 57 73 24 67 8 75 53 49 45 78 
27 39 72 30 60 74 64 42 6 32 46 15 38 40 12 71 10 66 16 68 20 35 29 25 21 9 44 63 58 33 43 50 14 70 11 55 51 56 54 57 73 24 67 8 75 53 31 62 36 52 26 7 78 45 49 61 4 76 2 23 69 41 17 1 0 37 77 13 34 22 3 19 65 79 28 59 5 47 18 48 
74 30 39 72 64 42 59 6 32 28 79 65 19 3 22 68 20 35 29 25 9 44 63 58 33 14 50 70 11 55 51 54 57 73 24 56 67 8 75 53 31 36 26 7 78 45 49 52 41 62 37 1 17 0 13 34 77 43 21 16 66 10 71 12 40 46 15 38 5 47 18 48 27 4 61 69 23 2 76 60 
19 65 79 28 6 42 59 46 40 12 71 10 66 16 21 25 44 9 63 58 33 29 35 20 68 22 34 13 0 1 17 37 77 43 14 50 70 11 55 51 56 54 57 73 24 67 8 75 53 31 36 62 41 26 52 7 78 45 49 61 69 23 2 76 4 27 39 72 64 74 60 30 48 18 47 5 38 15 32 3 
51 57 56 54 73 24 67 8 75 53 62 31 36 52 26 7 78 45 49 41 37 1 17 0 13 34 22 3 19 65 79 28 32 46 6 42 59 72 39 27 2 23 69 61 4 76 60 30 74 64 48 18 47 5 15 38 40 12 71 10 66 16 68 20 35 21 29 25 9 44 63 58 33 14 50 70 11 55 77 43 
78 45 49 52 26 41 62 31 36 53 75 8 67 24 73 54 57 56 51 55 11 70 50 14 58 63 29 35 20 21 16 68 22 3 19 79 28 32 46 6 42 59 64 74 30 60 76 4 61 69 23 2 27 39 72 48 18 47 5 15 38 40 12 71 10 66 9 44 25 33 43 77 34 13 0 37 1 17 65 7 
46 6 42 59 64 74 30 60 76 4 61 78 45 49 52 41 36 62 31 37 1 0 17 13 34 77 43 14 50 70 11 55 51 56 54 57 73 24 67 8 75 53 7 26 69 23 2 27 39 72 48 18 47 5 15 38 40 12 71 10 66 16 68 20 35 21 29 25 9 44 63 58 33 22 3 19 65 79 28 32 
35 20 22 34 13 3 19 65 79 28 32 46 6 59 42 64 74 30 60 76 4 61 69 23 2 27 39 72 48 18 47 5 15 38 40 12 71 10 66 9 44 25 63 58 33 43 14 50 70 11 51 56 54 57 73 24 67 8 75 53 31 62 36 52 26 7 78 45 49 41 1 0 17 37 55 77 29 21 16 68 
33 14 50 70 11 55 51 56 54 57 73 24 67 8 75 53 31 36 62 41 26 52 49 45 78 7 61 4 76 2 23 69 30 60 74 64 72 39 27 48 18 47 5 59 42 6 32 46 15 38 40 12 71 10 66 16 68 20 35 21 25 29 58 63 44 9 22 34 13 3 19 79 28 65 17 1 0 37 77 43 
30 60 76 4 61 7 26 52 36 31 62 41 37 1 17 0 13 34 22 3 19 65 79 28 40 12 71 10 66 16 68 20 35 21 29 25 9 44 63 58 33 14 50 43 77 55 11 70 51 56 54 57 73 24 67 8 75 53 49 45 78 69 23 2 27 39 72 64 42 59 6 32 46 15 38 5 47 18 48 74 
38 15 46 6 42 59 72 39 27 2 76 4 61 69 23 78 45 49 7 26 52 36 31 62 41 53 75 8 67 24 56 54 57 73 51 55 11 70 50 14 33 43 77 0 1 37 17 13 34 22 68 16 21 20 35 29 58 63 44 25 9 66 10 71 12 40 32 28 79 65 19 3 64 74 30 60 48 18 47 5 
66 16 68 20 35 21 25 9 44 63 58 29 33 14 50 70 11 55 51 24 56 54 57 73 75 53 8 67 31 62 36 52 26 7 78 45 49 41 17 0 1 37 43 77 13 34 22 3 19 65 79 28 64 72 39 30 74 60 76 4 61 69 23 2 27 48 18 47 5 59 42 6 32 46 15 38 40 12 71 10 
34 13 17 1 0 37 31 62 41 26 52 7 78 45 49 36 53 75 8 67 24 56 54 57 73 51 55 11 70 50 14 33 29 35 20 21 16 68 22 3 19 65 79 28 6 42 59 64 72 39 30 74 60 76 4 2 23 69 61 27 48 18 47 5 38 15 46 32 40 12 71 10 66 9 44 25 63 58 43 77 
34 13 0 1 37 17 65 19 3 22 20 35 21 68 16 66 10 71 12 40 38 15 46 6 32 28 79 74 60 30 39 72 64 42 59 5 47 18 48 27 2 76 4 61 69 23 78 45 49 7 26 52 36 31 62 41 53 75 8 67 24 56 54 57 73 51 55 11 70 50 14 33 58 63 25 9 44 29 43 77 
13 34 3 19 65 79 28 32 46 6 42 59 64 72 39 30 74 60 76 4 61 69 23 2 27 48 18 47 5 15 38 40 12 71 10 66 16 21 68 20 35 29 25 9 44 63 58 33 43 14 50 70 11 51 55 54 57 73 56 24 67 8 75 53 31 62 41 26 7 78 45 49 52 36 37 1 17 0 77 22 
3 19 65 79 28 32 46 15 38 40 12 71 10 66 16 21 68 20 35 29 25 9 44 63 58 33 14 50 70 11 55 51 56 54 57 73 24 67 8 75 53 31 62 36 41 26 52 7 78 45 49 61 4 76 2 23 69 27 39 72 64 42 59 6 5 47 18 48 30 60 74 17 1 0 37 77 43 13 34 22 
33 43 77 0 1 37 17 13 34 22 68 16 66 10 71 12 40 46 32 6 42 59 15 38 5 47 18 48 27 39 72 64 28 79 19 3 65 74 30 60 4 76 2 23 69 61 78 45 49 52 26 7 41 62 31 36 53 75 8 67 24 56 54 57 73 51 55 11 70 50 14 58 63 29 35 20 21 25 9 44 
46 15 38 40 12 71 10 66 16 68 21 20 35 29 25 9 44 63 58 33 14 50 70 11 55 51 54 57 73 56 24 67 8 75 53 31 62 41 36 52 26 7 78 45 49 69 23 2 76 4 61 60 30 74 64 72 39 27 48 18 47 5 59 42 6 32 28 79 19 65 17 1 0 37 77 43 34 13 3 22 
14 50 70 11 55 51 56 54 57 73 24 67 8 75 53 31 62 36 52 26 7 78 45 49 41 61 4 76 2 23 69 30 74 39 72 64 42 59 6 32 28 79 19 3 65 60 27 48 18 47 5 38 15 46 40 12 71 10 66 16 21 25 9 44 63 58 29 35 20 68 22 34 13 0 1 17 37 77 43 33 
28 32 46 6 42 59 64 74 30 60 76 4 61 69 23 2 27 39 72 48 18 47 5 38 15 40 12 71 10 66 16 68 20 35 29 25 21 9 44 63 58 33 14 50 70 11 55 51 56 54 57 73 24 67 8 75 53 36 31 62 41 26 7 78 45 49 52 17 1 0 37 77 43 34 13 19 79 65 3 22 
42 64 72 39 30 60 74 65 17 0 1 37 13 34 22 3 19 79 28 32 46 15 38 40 12 71 10 66 16 68 20 35 29 25 21 9 44 63 58 33 14 50 43 77 55 11 70 51 56 54 57 73 24 67 8 75 53 31 62 36 41 26 52 49 45 78 69 23 2 76 4 61 7 27 48 18 47 5 59 6 
43 14 50 70 11 55 51 56 54 57 73 24 67 8 75 53 41 36 62 31 37 1 0 17 13 34 22 3 19 65 79 28 32 6 42 59 64 74 30 60 76 4 61 78 45 49 26 52 7 69 23 2 27 39 72 48 18 47 5 38 15 46 40 12 71 10 66 16 21 68 20 35 29 25 9 44 63 58 33 77 
43 77 0 1 37 17 13 34 22 3 19 65 79 28 32 6 42 59 64 74 60 30 76 4 61 69 23 2 27 39 72 48 18 47 5 38 15 46 40 12 71 10 66 16 68 20 35 29 21 25 9 44 63 58 33 14 50 70 11 55 51 56 54 57 73 24 67 8 75 53 36 62 31 52 26 7 78 45 49 41 
65 19 3 28 6 46 15 38 40 12 71 10 66 16 68 22 34 13 0 1 17 37 77 43 33 29 35 20 21 25 9 44 63 58 14 50 70 11 55 51 24 56 54 57 73 67 8 75 53 31 62 36 41 7 26 52 49 45 78 61 69 23 2 76 4 60 30 74 64 72 39 27 48 18 47 5 59 42 32 79 
31 62 36 41 26 7 78 45 49 52 53 75 8 67 24 73 56 54 57 51 55 11 70 50 14 43 77 0 1 17 13 34 3 19 65 79 28 32 6 42 59 64 74 30 60 76 2 23 69 61 4 27 39 72 48 18 47 5 38 15 46 40 12 71 10 66 16 68 22 20 35 21 25 9 44 63 58 29 33 37 
65 19 3 13 34 22 68 20 35 21 16 66 10 71 12 40 46 32 28 79 74 60 30 39 72 64 42 59 6 15 38 5 47 18 48 27 2 76 4 61 23 69 78 45 49 52 26 7 41 62 31 36 53 75 8 67 24 73 56 54 57 51 55 11 70 50 14 43 33 58 63 25 9 44 29 77 0 1 37 17 
36 62 31 8 75 53 73 56 54 57 51 24 67 55 11 70 50 14 43 77 37 1 0 17 13 34 22 68 20 35 29 25 9 44 63 58 33 21 16 66 10 71 12 40 46 15 38 5 47 18 48 39 72 64 42 59 6 32 28 79 65 19 3 74 60 30 27 76 4 61 69 23 2 78 45 49 52 26 7 41 
4 76 2 23 69 78 45 49 52 26 7 41 62 31 36 53 75 8 67 24 56 54 57 73 51 55 11 70 50 14 43 77 0 1 37 17 13 34 65 79 19 3 22 68 20 35 29 33 58 63 25 9 44 66 16 21 10 71 12 40 46 15 38 5 47 18 48 39 72 64 42 59 6 32 28 74 30 60 27 61 
54 57 56 24 67 8 75 53 31 62 36 52 26 7 78 45 49 41 37 1 0 17 13 34 22 3 19 65 79 74 30 60 76 4 61 69 23 2 27 72 39 48 18 47 5 38 15 46 32 6 42 59 64 28 40 12 71 10 66 16 68 20 35 21 29 25 9 44 63 58 33 14 50 70 11 55 77 43 51 73 
32 46 15 38 40 12 71 10 66 16 68 22 20 35 21 29 25 9 44 63 58 33 43 14 50 70 11 55 51 56 54 57 73 24 67 8 75 53 31 62 36 41 26 52 49 45 78 7 61 69 23 2 76 4 60 30 74 64 72 39 27 48 18 47 5 59 42 6 28 79 19 3 65 13 34 77 0 1 17 37 
0 1 17 65 79 28 32 6 42 59 64 72 39 30 74 60 76 4 61 69 23 2 27 48 18 47 5 15 38 46 40 12 71 10 66 16 68 20 35 21 29 25 9 44 63 58 33 14 50 70 11 55 51 54 57 73 56 24 67 8 75 53 31 62 41 26 7 78 45 49 52 36 37 77 43 13 34 22 3 19 
74 60 4 76 2 23 69 61 78 45 49 52 26 7 41 62 31 36 53 75 8 67 24 73 56 54 57 51 55 11 70 50 14 43 77 34 13 0 1 37 17 65 19 3 28 32 46 6 42 59 64 72 39 27 30 48 18 47 5 38 15 40 12 71 10 66 16 21 68 20 35 29 25 9 44 63 58 33 22 79 
66 16 68 20 35 29 25 21 9 44 63 58 33 14 50 43 77 55 11 70 51 56 54 57 73 24 67 8 75 53 31 62 36 26 7 78 45 49 52 41 37 1 17 0 13 34 22 3 19 65 79 28 32 6 42 59 64 72 39 74 60 30 27 2 23 69 61 4 76 48 18 47 5 15 38 46 40 12 71 10 
39 30 74 60 76 4 61 69 23 2 27 48 18 47 5 15 46 32 6 42 64 28 79 19 3 65 13 34 22 68 20 35 29 25 9 44 63 58 33 14 50 70 11 55 51 56 54 57 73 24 67 8 75 53 31 62 41 26 7 78 45 49 52 36 37 1 17 0 77 43 21 16 66 10 71 12 40 38 59 72 
56 54 57 73 24 67 8 75 53 31 62 36 26 7 78 45 49 52 41 37 1 0 17 13 34 22 3 19 65 79 28 32 6 42 59 64 72 39 30 74 60 76 4 61 69 23 2 27 48 18 47 5 15 38 46 40 12 71 10 66 16 68 20 35 21 29 25 9 44 63 58 33 43 77 55 11 70 50 14 51 
68 20 35 21 29 25 9 66 10 71 12 40 46 6 32 28 79 74 60 30 39 72 64 42 59 15 38 5 47 18 48 27 2 23 69 61 4 76 78 45 49 52 26 7 41 62 31 36 53 75 8 67 24 56 54 57 73 51 55 11 70 50 14 43 77 0 37 1 17 65 19 3 22 34 13 33 58 63 44 16 
13 34 3 19 65 79 28 64 42 59 6 32 46 40 12 71 10 66 16 21 29 25 9 44 63 58 14 50 70 11 55 51 56 54 57 73 24 67 8 75 53 36 31 62 41 7 78 45 49 52 26 61 69 23 2 76 4 60 30 74 72 39 27 48 18 47 5 15 38 22 68 20 35 33 43 77 0 1 37 17 
17 1 0 37 55 77 43 14 50 70 11 51 56 54 57 73 24 67 8 75 53 36 31 62 41 26 52 7 78 45 49 61 69 23 2 76 4 60 30 74 64 42 59 6 32 46 15 38 5 47 18 48 27 39 72 28 79 65 19 3 22 68 20 35 21 16 66 10 71 12 40 9 44 25 29 63 58 33 34 13 
35 20 68 16 66 10 71 12 40 38 15 46 32 6 42 59 64 72 39 30 74 60 76 4 61 69 23 2 27 48 18 47 5 28 79 65 19 3 22 34 13 77 0 1 17 37 62 31 36 41 26 52 7 78 45 49 53 75 8 67 24 56 54 57 73 51 55 11 70 50 14 43 33 58 63 44 9 25 29 21 
3 19 65 79 28 32 46 6 42 59 64 74 30 60 76 4 61 69 23 2 27 39 72 48 18 47 5 15 38 40 12 71 10 66 16 68 21 20 35 29 25 9 44 63 58 33 14 50 70 11 51 54 57 73 56 24 67 8 75 53 31 62 36 52 26 7 78 45 49 41 17 1 0 13 34 77 43 55 37 22 
13 34 22 3 19 65 79 28 32 46 6 42 59 64 74 30 60 76 4 61 78 7 26 52 49 45 69 23 2 27 39 72 48 18 47 5 15 38 40 12 71 10 66 16 68 20 35 21 29 25 44 9 63 58 33 14 50 70 11 55 51 24 56 54 57 73 67 8 75 53 31 62 36 41 37 1 0 17 77 43 
18 47 5 59 6 42 64 28 32 46 15 38 40 12 71 10 66 16 68 20 35 29 25 21 9 44 63 58 33 14 50 70 11 55 51 56 54 57 73 24 67 8 75 53 31 62 36 52 26 7 61 4 76 2 23 69 78 45 49 41 17 1 37 0 13 34 77 43 22 3 19 79 65 74 30 60 27 39 72 48 
3 19 65 79 28 32 46 6 42 59 64 74 30 60 76 4 61 69 23 2 27 39 72 48 18 47 5 38 15 40 12 71 10 66 16 68 20 35 29 25 21 9 44 63 58 33 14 50 70 11 55 51 54 57 73 24 56 67 8 75 53 31 62 36 52 26 7 78 45 49 41 37 1 0 17 77 43 34 13 22 
32 6 46 15 38 40 12 71 66 10 16 21 68 20 35 29 25 9 44 63 58 33 43 50 14 70 11 55 51 56 54 57 73 24 67 8 75 53 31 36 62 41 26 7 78 45 49 52 61 69 23 2 76 4 60 30 74 79 19 65 17 1 0 37 77 34 13 22 3 28 64 72 39 27 48 18 5 47 59 42 
7 26 52 36 31 62 41 37 1 0 17 13 34 22 3 19 65 79 28 32 46 6 42 59 64 74 30 60 76 2 23 69 61 4 27 39 72 48 18 47 5 38 15 40 12 71 10 66 16 68 21 20 35 29 25 9 44 63 58 33 43 50 14 70 11 55 77 51 54 57 56 24 73 67 8 75 53 49 45 78 
19 3 79 28 32 6 46 15 38 40 12 71 10 66 16 68 20 35 21 29 25 9 44 63 58 33 43 14 50 70 11 55 51 56 54 57 73 24 67 8 75 53 31 36 62 41 26 52 49 45 78 7 61 4 76 2 23 69 27 39 72 64 42 59 5 47 18 48 74 30 60 65 17 1 0 37 77 13 34 22 
3 19 65 79 74 60 30 39 72 64 42 59 6 32 46 15 38 5 47 18 48 27 76 4 2 23 69 61 78 45 49 52 26 7 41 62 31 36 53 75 8 67 24 56 54 57 73 51 55 11 70 50 14 43 77 17 1 0 37 13 34 22 20 35 29 25 9 44 63 58 33 21 68 16 66 10 71 12 40 28 
3 19 79 74 64 28 32 46 15 38 40 12 71 10 66 16 21 68 20 35 29 25 9 44 63 58 33 43 14 50 70 11 55 51 56 54 57 73 24 67 8 75 53 36 31 62 41 26 7 78 45 49 52 61 69 23 2 76 4 60 30 27 39 72 48 18 47 5 59 42 6 22 34 13 17 37 1 0 77 65 
65 19 79 28 32 46 6 42 59 64 72 39 30 74 60 76 4 61 69 23 2 27 48 18 47 5 15 38 40 12 71 10 66 16 68 20 35 21 29 25 9 44 63 58 33 14 50 43 77 70 11 55 51 56 54 57 73 24 67 8 75 53 36 31 62 41 26 7 78 45 49 52 37 1 0 17 13 34 22 3 
51 24 56 54 57 73 53 75 8 67 37 1 0 17 13 34 22 3 19 65 79 28 32 6 42 59 64 72 39 27 2 23 69 78 45 49 7 26 52 36 31 62 41 61 4 76 60 74 30 48 18 47 5 38 15 46 40 12 71 10 66 16 68 20 35 29 21 25 9 44 63 58 33 14 50 70 11 55 77 43 
2 76 4 61 69 23 78 45 49 52 26 7 41 62 31 36 53 75 8 67 24 56 54 57 73 51 55 11 70 50 14 43 77 0 1 37 17 13 34 3 22 68 20 35 21 29 25 9 44 63 58 33 16 66 10 71 12 40 46 32 28 79 19 65 74 60 30 39 72 64 42 59 6 15 38 5 47 18 48 27 
12 71 10 66 16 21 68 20 35 29 25 9 44 63 58 33 14 50 43 77 55 11 70 51 56 54 57 73 24 67 8 75 53 31 62 36 41 26 7 78 45 49 52 69 23 2 76 4 61 27 39 30 74 64 42 59 6 32 28 79 19 3 22 34 13 0 1 37 17 65 60 72 48 18 47 5 15 38 46 40 
12 71 10 66 16 68 20 35 29 25 9 44 63 58 33 14 50 70 11 55 51 56 54 57 73 24 67 8 75 53 31 62 36 52 26 7 78 45 49 41 17 13 34 0 1 37 77 43 21 22 3 19 65 79 28 32 46 6 42 59 64 74 30 60 76 4 61 69 23 2 27 39 72 48 18 47 5 15 38 40 
39 72 64 42 59 15 38 40 12 71 10 66 16 68 20 35 29 25 21 9 44 63 58 33 14 50 70 11 55 51 56 54 57 73 24 67 8 53 75 31 62 41 26 7 78 45 49 52 36 37 1 0 17 13 34 77 43 22 3 19 65 79 28 32 6 46 5 47 18 48 27 2 23 69 61 4 76 60 30 74 
42 6 32 46 15 38 40 12 71 10 66 16 68 20 35 21 25 44 9 29 63 58 33 14 50 43 77 55 11 70 51 56 54 57 73 24 67 8 75 53 31 62 41 26 52 7 78 45 49 36 37 0 1 17 13 34 22 3 19 65 79 28 64 74 30 60 76 4 61 69 23 2 27 39 72 48 18 5 47 59 
19 65 79 28 32 6 42 59 64 74 30 60 76 4 61 69 23 2 27 39 72 48 18 47 5 38 15 46 40 12 71 10 66 16 68 20 35 29 25 21 9 44 63 58 33 43 50 14 70 11 55 51 56 54 57 73 24 67 8 75 53 31 36 62 41 26 52 7 78 45 49 37 1 0 13 34 77 17 22 3 
44 9 21 25 29 35 20 22 3 19 65 79 28 32 46 6 42 59 64 74 60 76 4 61 78 7 52 26 41 36 31 62 37 1 0 17 13 34 77 43 14 50 70 11 55 51 54 57 73 56 24 67 8 75 53 49 45 69 23 2 27 30 39 72 48 18 47 5 15 38 40 12 71 10 66 16 68 33 58 63 
63 58 29 35 20 68 16 66 10 71 12 40 46 6 42 59 64 72 39 30 60 74 79 28 32 15 38 5 47 18 48 27 2 23 69 61 4 76 41 26 7 78 45 49 52 36 62 31 8 75 53 67 24 56 54 57 73 51 55 11 70 50 14 33 43 77 34 13 0 1 37 17 65 19 3 22 21 25 9 44 
40 12 71 10 66 16 68 21 20 35 29 25 9 44 63 58 33 14 50 70 11 51 56 54 57 73 24 67 8 75 53 31 62 36 52 26 7 61 4 76 2 23 69 78 45 49 41 17 1 0 37 77 55 43 34 13 22 3 19 65 79 28 32 46 15 38 5 47 18 48 74 30 60 27 39 72 64 42 59 6 
57 54 56 24 73 67 8 75 53 31 62 36 52 26 7 78 45 49 41 37 1 17 0 13 34 22 3 19 65 79 28 32 46 6 42 59 64 72 39 30 74 60 2 23 69 61 4 76 27 48 18 47 5 38 15 40 12 71 10 66 16 68 20 35 29 21 25 9 44 63 58 33 43 14 50 70 11 55 77 51 
13 34 3 19 79 65 60 74 30 39 72 64 28 42 59 6 32 46 15 38 5 47 18 48 27 76 4 61 69 23 2 78 45 49 52 26 7 41 36 62 31 53 75 8 67 24 73 54 57 56 51 55 11 70 50 14 58 63 29 25 44 9 16 66 10 71 12 40 22 20 68 21 35 33 43 77 0 17 1 37 
37 1 0 17 13 34 22 20 35 29 25 9 44 63 58 33 14 50 70 11 55 51 56 54 57 73 67 24 8 75 53 36 31 62 41 26 52 7 78 45 49 61 4 76 2 23 69 27 39 72 48 18 47 5 59 42 64 74 30 60 65 19 3 79 28 32 6 46 15 38 40 12 71 10 66 16 68 21 43 77 
11 70 50 14 43 77 55 51 56 54 57 73 24 67 8 75 53 31 36 52 26 7 45 49 69 23 2 76 4 61 78 41 62 37 17 1 0 13 34 22 3 19 65 79 28 32 46 6 42 59 64 72 39 30 74 60 27 48 18 47 5 15 38 40 12 71 10 66 16 68 20 35 21 29 25 9 44 63 58 33 
41 26 7 78 45 49 52 36 31 62 53 75 8 67 24 56 54 57 73 51 55 11 70 50 14 43 77 34 13 0 1 37 17 65 19 3 79 74 60 30 39 72 64 42 59 6 46 15 38 40 12 71 10 66 16 68 21 29 25 9 44 63 58 33 35 20 22 28 32 5 47 18 48 27 76 4 2 23 69 61 
20 35 21 29 25 9 44 63 58 33 34 13 1 0 37 17 65 19 3 22 68 16 66 10 71 12 40 46 15 38 5 47 18 48 39 72 64 42 59 6 32 28 79 74 60 30 27 2 76 4 61 23 69 78 45 49 7 26 52 36 31 62 41 53 75 8 67 24 56 54 57 73 51 55 11 70 50 14 43 77 
1 17 0 13 34 22 3 19 65 79 28 32 6 42 59 64 74 30 60 76 4 61 69 23 2 27 39 72 48 18 47 5 15 38 46 40 12 71 10 66 16 68 20 35 21 25 29 9 44 63 58 33 43 50 14 70 11 55 51 56 54 57 73 24 67 8 75 53 31 62 36 41 26 7 78 45 49 52 37 77 
70 55 11 51 24 56 54 57 73 67 8 75 53 31 62 41 26 7 78 45 49 52 36 37 1 17 0 13 34 22 3 19 65 79 28 32 6 42 59 64 74 30 60 76 4 61 69 23 2 27 39 72 48 18 47 5 38 15 46 40 12 71 10 66 16 68 20 35 29 25 21 9 44 63 58 33 43 77 14 50 
43 14 50 70 11 55 51 56 54 57 73 24 67 8 75 53 31 62 36 41 26 7 78 45 49 52 61 4 76 2 23 69 27 30 60 79 65 19 3 28 32 46 6 42 59 64 74 72 39 48 18 47 5 15 38 40 12 71 10 66 16 68 20 35 29 25 9 44 63 58 33 21 22 34 13 0 1 17 37 77 
72 39 27 2 23 69 61 4 76 60 74 30 48 18 47 5 15 38 40 12 71 10 66 16 21 68 20 35 29 25 9 44 63 58 14 50 70 11 55 51 56 54 57 73 24 67 8 75 53 36 26 7 78 45 49 52 41 62 31 37 1 0 17 13 34 77 43 33 22 3 19 79 65 28 6 32 46 59 42 64 
43 77 55 11 70 50 14 33 58 63 25 21 16 68 20 35 29 44 9 10 66 71 12 40 46 15 38 5 47 18 48 27 39 72 64 42 59 6 32 28 79 19 3 22 34 13 0 1 37 17 65 74 30 60 76 2 23 69 61 4 41 62 31 36 52 26 7 78 45 49 53 75 8 67 24 56 54 57 73 51 
22 3 19 65 79 28 32 46 6 42 59 64 72 39 30 60 74 76 4 61 69 23 2 27 48 18 47 5 15 38 40 12 71 10 66 16 68 20 35 29 25 21 9 44 63 58 14 50 70 11 55 51 56 54 57 73 24 67 8 75 53 31 36 52 26 7 78 45 49 41 62 37 1 0 17 13 34 77 43 33 
15 38 40 12 71 10 66 16 68 20 35 21 29 25 9 44 63 58 33 43 14 50 70 11 55 51 56 24 73 54 57 67 8 75 53 31 62 36 52 26 7 78 45 49 41 17 1 37 0 77 34 13 65 19 3 22 46 32 6 42 59 64 28 79 74 30 60 76 4 61 69 23 2 27 39 72 48 18 47 5 
25 44 9 66 10 71 12 40 46 6 42 59 64 74 30 60 76 4 61 69 23 2 27 39 72 48 18 47 5 15 38 32 28 79 65 19 3 22 68 16 21 29 35 20 34 13 0 1 37 17 41 62 31 36 52 26 7 78 45 49 53 75 8 67 24 56 54 57 73 51 11 55 77 43 50 70 14 33 58 63 
33 58 63 44 9 25 29 21 20 35 68 16 66 10 71 12 40 46 32 6 42 59 64 72 39 74 30 60 76 4 61 69 23 2 27 48 18 47 5 38 15 28 79 19 65 3 22 34 13 0 1 17 37 31 62 41 26 7 78 45 49 52 36 53 75 8 67 73 24 56 54 57 51 55 11 70 50 14 77 43 
42 59 6 32 46 15 38 5 47 18 48 27 2 23 69 78 45 49 52 26 7 61 4 76 60 74 30 39 72 64 28 79 3 19 65 17 1 0 37 62 31 36 41 53 75 8 67 24 56 54 57 73 51 55 11 70 50 14 33 43 77 13 34 22 68 20 35 21 25 63 58 29 44 9 10 66 16 71 12 40 
77 43 14 50 70 11 55 51 56 54 57 73 24 67 8 75 53 36 31 62 41 26 52 7 78 45 49 69 61 4 76 2 23 60 30 74 64 72 39 27 48 18 47 5 59 42 6 32 46 15 38 40 28 79 65 19 3 22 68 20 35 21 16 66 10 71 12 9 44 25 29 63 58 33 34 13 0 17 1 37 
9 44 25 63 58 14 50 70 11 55 51 56 54 57 73 24 67 8 75 53 31 62 36 41 26 52 7 49 45 78 69 23 2 76 4 61 27 30 60 74 72 39 48 18 47 5 42 59 64 28 6 32 46 15 38 40 12 71 10 66 16 68 21 20 35 29 33 43 77 34 13 0 1 37 17 65 79 19 3 22 
22 3 19 65 79 28 32 6 42 59 64 74 30 60 76 4 61 7 26 52 49 45 78 69 23 2 27 39 72 48 18 47 5 38 15 46 40 12 71 10 66 16 68 21 35 20 29 25 9 44 63 58 33 14 50 70 11 55 51 56 54 57 73 24 67 8 75 53 41 62 31 36 0 1 17 37 77 43 34 13 
10 66 16 68 21 25 29 35 20 22 3 19 65 79 28 64 42 59 6 46 32 40 12 71 38 15 5 47 18 48 27 39 72 74 60 30 76 4 61 69 23 2 78 45 49 52 26 7 41 31 62 36 53 75 8 67 24 56 54 57 73 51 55 11 70 50 14 43 77 0 1 37 17 13 34 33 58 63 44 9 
57 54 56 73 24 67 8 75 53 31 36 52 26 7 78 45 49 41 62 37 1 0 17 13 34 22 3 19 65 79 28 32 46 6 42 59 64 72 39 30 74 60 76 4 61 69 23 2 27 48 18 47 5 15 38 40 12 71 10 66 16 68 20 35 21 29 25 9 44 63 58 33 14 50 70 11 55 77 43 51 
