24 8 16 75 47 45 74 72 33 20 44 81 23 14 84 27 89 34 12 49 32 88 35 61 90 5 48 6 41 19 60 70 18 42 7 73 86 62 91 54 67 68 0 25 9 58 15 40 46 83 52 10 56 80 36 92 63 57 37 3 22 77 30 76 13 82 28 66 87 4 53 65 79 38 21 85 43 31 71 29 1 59 17 94 51 26 50 64 93 2 11 69 78 55 39 
91 54 67 68 0 25 9 58 15 40 46 83 52 10 56 80 36 92 63 57 37 3 22 77 30 76 13 82 28 6 41 19 60 70 18 42 11 7 73 86 62 50 26 94 51 17 59 1 29 93 64 2 71 31 43 85 21 38 79 65 87 4 53 66 48 5 90 61 35 32 88 49 12 89 34 27 84 14 23 81 44 20 55 45 74 47 75 16 24 8 39 72 33 69 78 
29 1 59 17 94 51 26 50 86 62 91 54 67 68 0 25 15 58 9 78 69 33 72 74 47 16 75 24 8 39 45 20 55 23 81 44 36 92 63 57 37 12 49 32 88 35 13 82 48 28 6 41 19 60 70 18 42 11 7 73 40 46 83 52 30 77 10 56 80 14 84 27 89 34 22 3 76 61 90 5 66 87 4 53 65 79 38 21 85 43 31 71 2 64 93 
68 25 0 86 62 67 54 91 50 64 2 11 7 42 18 70 60 19 41 6 28 48 5 90 61 88 35 32 13 82 76 3 22 63 92 36 81 23 14 84 27 89 34 12 49 37 57 77 30 10 56 80 44 20 55 45 74 47 16 24 8 75 39 72 33 69 78 9 58 15 73 40 46 83 52 66 87 4 53 65 79 38 21 85 43 31 71 29 1 59 17 93 94 51 26 
91 54 67 68 0 25 9 58 78 69 33 72 45 47 75 16 24 8 39 74 20 55 23 81 44 36 92 63 57 37 22 3 76 13 82 28 48 66 6 41 19 60 70 18 42 7 11 2 64 93 94 51 26 50 62 86 73 15 40 46 83 52 30 77 10 56 80 14 84 27 89 34 12 49 32 88 35 61 90 5 4 87 65 53 79 38 21 85 43 31 71 29 1 59 17 
77 30 10 83 52 40 46 73 7 11 42 2 64 93 29 1 59 17 51 94 26 50 86 62 91 54 67 68 0 25 9 58 15 78 69 33 72 45 47 75 16 24 8 39 74 20 55 23 81 44 56 80 63 92 36 14 84 27 89 34 12 49 32 35 88 61 90 5 48 28 6 66 87 4 53 65 79 38 21 85 43 31 71 18 70 60 19 41 82 13 76 3 22 37 57 
18 42 7 11 2 64 93 94 51 26 50 91 54 67 68 0 25 9 58 15 40 46 83 52 30 77 10 80 56 69 78 44 36 92 63 57 37 22 3 76 13 82 28 48 5 90 61 35 88 32 49 12 34 89 27 84 14 81 23 55 20 45 74 47 75 16 24 8 39 72 33 73 86 62 17 59 1 29 71 31 43 85 21 38 79 65 87 4 53 66 6 41 19 60 70 
61 90 5 66 48 28 6 41 19 60 70 18 42 7 11 2 64 93 29 1 59 17 94 51 26 91 54 67 68 0 25 9 58 78 69 33 72 74 47 16 75 8 24 39 45 20 55 23 81 44 36 92 63 57 37 3 22 76 13 82 35 88 32 49 12 34 89 27 84 14 80 56 10 30 77 83 52 46 40 15 73 86 62 50 71 31 43 85 21 38 79 65 87 4 53 
53 65 79 38 21 85 43 31 71 29 1 59 17 94 51 26 50 86 62 91 54 67 68 0 25 9 58 78 69 56 80 36 81 44 33 72 74 45 47 16 24 8 75 39 20 55 23 14 92 63 57 37 22 3 76 13 82 90 61 35 88 32 49 12 89 34 27 84 77 30 83 52 10 46 40 15 73 7 42 11 2 64 93 18 70 60 19 41 6 28 48 66 87 4 5 
54 91 67 68 0 25 9 58 78 69 33 72 45 74 47 16 24 8 75 39 20 55 44 81 23 36 92 63 57 37 3 22 77 30 10 56 80 14 84 27 89 34 12 49 32 35 88 61 90 5 48 66 6 41 19 60 70 18 42 7 11 2 64 93 94 51 17 59 1 29 71 31 43 85 21 38 79 65 87 4 53 28 82 13 76 52 83 46 40 15 73 86 50 26 62 
24 8 75 16 47 74 45 72 33 69 78 58 15 40 46 83 52 70 60 19 41 6 28 48 90 61 35 88 32 49 12 37 57 63 92 36 81 44 20 55 23 14 84 27 89 34 3 22 80 56 10 77 30 76 13 82 66 87 4 5 53 65 79 38 21 85 43 31 71 29 1 59 17 51 94 93 64 2 11 7 42 18 73 86 62 50 26 91 54 67 68 0 25 9 39 
2 11 42 7 73 86 50 62 91 54 67 68 0 25 9 58 78 69 33 72 45 74 47 75 16 24 8 39 15 40 46 10 56 80 63 92 36 81 23 20 55 44 14 84 27 89 34 12 49 32 35 88 61 90 5 48 82 13 76 3 37 57 22 77 30 83 52 70 60 19 41 6 28 66 87 4 53 65 79 38 21 85 43 31 71 29 1 59 17 94 93 64 26 51 18 
44 20 55 45 72 74 47 16 24 8 75 39 0 25 68 67 54 91 62 86 73 7 42 11 2 64 93 29 1 59 17 94 51 26 50 71 31 43 85 21 38 79 65 53 87 4 5 90 61 88 32 35 13 76 3 22 63 92 36 81 23 14 84 27 89 34 12 49 37 57 80 69 78 58 15 40 46 83 52 70 18 60 19 41 6 66 48 28 82 30 77 10 56 9 33 
43 31 71 29 1 59 17 94 51 26 91 54 67 68 0 58 9 25 39 72 45 74 47 75 16 24 8 55 44 36 92 63 77 30 76 3 22 57 37 49 12 89 34 27 84 14 81 23 20 33 69 78 56 80 10 83 46 40 15 73 86 62 50 64 93 2 11 7 42 18 52 70 60 19 41 6 28 48 90 61 88 32 35 13 82 5 66 87 4 53 65 79 38 21 85 
70 60 19 41 6 66 87 4 53 65 79 38 21 85 43 31 71 29 1 59 17 94 51 26 50 62 86 73 7 42 18 11 2 64 93 91 54 67 68 0 25 9 58 78 69 33 44 81 23 14 84 27 89 34 12 49 32 35 88 61 90 5 48 28 82 13 76 3 22 37 57 63 92 36 20 55 45 72 74 47 16 24 8 75 39 15 40 46 83 52 10 56 80 77 30 
78 69 33 72 45 74 47 16 24 8 75 39 25 0 68 67 54 91 62 86 73 7 42 11 2 64 93 94 51 26 50 29 1 59 17 71 31 43 85 21 38 79 65 53 87 4 66 6 41 19 60 70 18 52 83 46 40 15 58 9 56 80 63 92 36 44 81 23 55 20 14 84 27 89 34 12 49 32 88 35 61 90 5 48 28 82 13 76 3 22 57 37 77 30 10 
52 70 18 42 7 73 15 58 9 69 78 56 80 36 92 63 57 37 22 3 76 13 82 28 48 66 6 41 19 60 21 38 79 65 53 87 4 5 90 61 35 88 32 49 12 89 34 27 84 14 81 23 44 20 55 45 74 47 16 75 8 24 39 72 33 25 0 68 67 54 91 62 86 50 26 51 94 17 59 1 29 71 31 43 85 93 64 2 11 40 46 83 10 77 30 
91 54 67 68 0 25 9 58 15 40 46 83 52 10 56 80 36 92 63 57 37 3 22 77 30 76 13 82 28 6 41 19 60 70 18 42 11 7 73 86 62 50 26 94 51 17 59 1 29 93 64 2 71 31 43 85 21 38 79 65 87 4 53 66 48 5 90 61 35 32 88 49 12 89 34 27 84 14 23 81 44 20 55 45 74 47 75 16 24 8 39 72 33 69 78 
6 41 19 60 70 18 52 83 10 56 78 69 33 72 74 47 39 24 8 75 16 45 20 55 23 81 44 36 92 63 57 37 3 22 76 13 82 28 48 66 87 4 5 61 90 35 88 32 49 12 89 34 27 84 14 80 77 30 46 40 15 58 9 25 0 68 67 54 91 62 86 73 7 42 11 2 64 93 1 59 17 94 51 26 50 29 71 31 43 85 21 38 79 65 53 
24 16 75 47 74 45 72 33 20 55 23 81 44 36 92 63 57 37 22 3 76 13 82 28 48 66 6 41 19 60 70 52 83 46 40 73 86 62 91 54 67 68 25 0 58 9 78 69 56 10 77 30 80 14 84 27 89 34 12 49 32 88 35 61 90 5 4 87 53 65 79 38 21 85 43 31 71 29 1 59 17 94 51 26 50 64 93 2 11 7 42 18 15 39 8 
67 54 91 50 26 51 94 93 64 2 11 7 42 18 70 60 19 41 6 28 48 5 90 61 35 88 32 49 12 89 34 27 84 14 92 36 44 81 23 20 55 45 74 47 75 16 24 8 39 9 58 78 69 33 72 25 68 0 73 86 62 15 40 46 83 52 30 77 10 56 80 63 57 37 3 22 76 13 82 66 87 4 53 65 79 38 21 85 43 31 71 29 1 59 17 
72 45 74 47 16 75 8 24 39 25 0 68 67 54 91 26 50 62 86 7 42 11 2 64 93 94 51 17 59 1 29 71 31 43 85 21 38 79 65 53 87 4 5 90 61 35 88 32 49 12 37 3 22 77 30 76 13 82 28 48 66 6 41 19 60 70 18 52 83 46 40 15 58 78 69 33 20 55 23 81 44 36 92 63 57 27 89 34 84 14 80 56 10 73 9 
47 74 45 72 33 20 55 44 81 23 14 84 27 89 34 12 49 32 88 35 61 90 5 4 87 53 66 6 41 19 60 70 18 42 7 73 86 62 91 54 67 68 25 0 9 58 15 40 46 83 52 10 56 78 69 80 36 92 63 57 37 3 22 77 30 76 82 13 48 28 65 79 38 21 85 43 31 71 29 1 59 17 51 94 93 64 2 11 50 26 39 24 8 75 16 
3 22 77 30 10 56 80 36 92 63 57 37 12 49 32 35 88 13 82 90 61 5 48 28 6 41 66 87 4 53 65 79 38 21 85 31 43 71 29 1 59 17 51 94 93 64 2 11 7 42 18 70 60 19 52 83 46 40 73 86 62 50 26 91 54 67 68 25 0 58 15 78 69 33 72 45 74 47 75 16 24 8 39 9 20 55 23 81 44 14 84 27 89 34 76 
77 30 76 3 22 63 92 57 37 49 12 89 34 27 84 14 36 81 44 20 55 45 74 72 33 69 78 9 58 15 40 46 83 52 70 18 60 19 41 6 28 48 82 13 35 88 32 61 90 5 66 87 4 53 65 79 38 21 85 43 31 71 29 1 59 17 94 51 26 50 62 86 73 7 42 11 2 64 93 54 91 67 68 0 25 39 24 8 75 16 47 23 80 56 10 
12 49 32 88 35 61 90 5 4 53 87 66 65 79 38 21 85 43 31 71 29 1 59 17 94 51 26 50 91 54 67 62 86 73 7 42 11 2 64 93 18 70 60 19 41 6 28 48 82 13 76 3 22 63 92 36 81 23 44 20 55 45 74 47 16 24 8 75 39 72 33 69 78 58 9 25 0 68 15 40 46 83 52 30 10 56 80 77 57 89 34 27 84 14 37 
7 73 86 62 91 54 67 68 0 25 9 58 15 40 46 83 52 70 60 19 41 6 66 28 48 90 61 35 88 32 49 12 37 57 63 92 36 44 81 23 55 20 45 74 47 16 75 24 8 39 72 33 69 78 56 80 14 84 27 89 34 3 22 10 77 30 76 13 82 5 4 87 53 65 79 38 21 85 43 31 71 29 1 59 17 51 94 93 64 2 11 42 18 50 26 
46 40 15 58 78 69 33 72 74 47 16 24 8 75 45 20 55 23 81 36 92 63 57 37 22 3 76 13 82 48 28 6 41 19 60 70 18 42 7 11 2 64 93 94 51 17 59 1 29 71 31 43 85 21 38 79 65 87 4 53 66 5 90 61 35 32 88 49 12 34 89 27 84 14 44 80 56 10 77 30 52 83 73 86 62 91 50 26 54 67 68 0 25 9 39 
53 87 4 66 6 41 19 60 70 18 42 7 73 40 46 83 52 10 56 80 36 92 63 57 37 3 22 77 30 76 13 88 32 35 61 90 5 48 28 82 49 12 89 34 27 84 14 81 23 44 20 55 45 74 47 16 75 8 24 39 72 33 69 78 58 15 9 25 0 68 67 54 91 50 86 62 26 11 2 64 93 17 59 94 51 1 29 71 31 43 85 21 38 79 65 
7 11 42 73 86 62 91 54 67 68 0 25 58 9 78 69 56 80 36 92 63 57 37 22 3 76 13 82 28 48 66 6 41 19 60 70 18 2 64 93 94 51 26 50 17 59 1 29 71 31 43 85 21 38 79 65 53 87 4 5 90 61 35 88 32 49 12 89 34 27 84 14 81 23 20 55 45 74 47 16 24 8 75 39 72 33 44 77 30 10 83 52 46 40 15 
36 92 63 57 37 22 3 76 13 82 28 6 41 19 60 70 18 42 7 11 2 64 93 94 51 26 50 91 54 67 68 0 25 9 58 15 40 46 83 52 30 77 10 56 80 44 81 23 14 84 27 89 34 12 49 32 88 35 61 90 5 48 66 87 4 53 65 79 38 21 85 43 31 71 29 1 59 17 73 86 62 78 69 33 72 74 47 16 24 8 75 39 45 55 20 
52 83 46 40 15 73 7 11 2 64 93 29 1 59 17 94 51 26 50 86 62 91 54 67 68 0 25 9 58 78 69 33 72 74 47 16 75 8 24 39 45 55 20 44 36 92 63 57 22 3 76 13 82 48 28 6 41 19 60 70 18 42 71 31 43 85 21 38 79 65 87 4 53 66 5 90 61 88 35 32 49 12 37 89 34 27 84 14 81 23 80 56 10 77 30 
39 16 24 8 75 74 47 45 55 20 44 81 23 14 84 27 89 34 12 49 37 32 88 35 61 90 5 48 28 6 41 19 60 70 18 42 7 11 2 64 93 94 51 59 17 1 29 71 31 43 85 21 38 79 65 87 4 53 66 82 13 76 3 22 57 63 92 36 80 56 10 77 30 52 83 46 40 15 73 86 50 26 91 54 67 62 68 0 25 9 58 78 69 33 72 
55 20 72 45 74 47 16 75 8 24 39 25 0 68 67 54 91 62 86 73 7 42 11 2 29 1 59 17 94 51 26 50 64 93 71 31 43 85 21 38 79 65 53 87 4 5 90 61 35 88 32 49 12 34 89 27 84 14 81 23 44 36 92 63 22 3 76 13 82 28 48 66 6 41 19 60 70 18 52 83 46 40 15 58 9 78 69 33 80 56 10 77 30 37 57 
29 71 31 43 85 21 38 79 65 53 87 4 5 90 61 35 88 32 49 12 37 57 14 84 27 89 34 3 22 77 30 76 13 82 28 48 66 6 41 19 60 70 18 2 11 42 7 73 86 62 91 54 67 68 25 0 9 58 78 69 33 72 45 74 47 16 75 8 24 39 55 20 23 81 44 36 92 63 80 56 10 46 40 83 52 15 50 26 94 51 17 59 1 93 64 
50 86 62 91 54 67 68 0 25 9 78 69 56 80 36 92 63 57 37 3 22 77 30 10 83 46 40 15 58 39 75 16 24 8 47 74 45 72 33 20 55 23 81 44 14 84 27 89 34 12 49 32 35 88 61 90 5 48 28 6 41 19 60 70 18 42 7 11 2 64 93 94 51 26 17 59 1 29 71 31 43 85 21 38 79 65 87 4 53 66 82 13 76 52 73 
2 64 93 94 51 26 86 62 91 54 67 68 0 25 9 58 78 69 56 80 63 92 36 81 44 20 55 45 74 47 75 16 24 8 39 72 33 23 14 84 27 89 34 37 3 76 13 82 28 6 41 19 60 70 18 42 7 73 15 40 46 83 52 10 77 30 22 57 12 49 32 88 35 61 90 5 48 66 87 4 53 65 79 38 21 85 43 31 71 29 1 59 17 50 11 
24 8 75 16 47 74 45 72 33 69 78 58 9 25 0 68 67 62 91 54 26 50 86 73 7 42 11 2 64 93 94 51 17 59 1 29 71 31 43 85 38 21 79 65 53 87 4 5 90 61 13 82 28 48 66 6 41 19 60 70 18 52 83 46 40 15 56 10 77 30 22 3 76 35 88 32 49 12 89 34 27 84 14 92 63 57 37 80 36 81 23 20 44 55 39 
23 81 44 36 92 63 57 37 3 22 76 13 82 28 48 5 90 61 35 88 32 49 12 89 34 27 84 14 80 56 10 30 77 18 70 60 19 41 6 66 87 4 53 65 79 38 21 85 43 31 71 29 1 59 17 51 94 93 64 2 11 42 7 73 86 50 26 91 54 67 62 68 0 25 9 58 15 40 46 83 52 78 69 33 72 74 47 75 16 24 8 39 45 55 20 
56 80 36 92 63 57 37 22 3 76 13 82 90 61 35 88 32 49 12 89 34 27 84 14 81 23 44 20 55 45 74 47 16 24 8 75 39 72 33 69 78 58 15 40 46 83 52 70 60 19 41 6 28 48 66 87 4 5 53 65 79 38 21 85 31 43 71 29 1 59 17 94 51 26 50 91 54 67 68 25 9 0 62 86 73 7 42 11 2 64 93 18 10 30 77 
9 58 15 0 25 68 67 54 91 62 86 50 26 1 59 17 94 51 93 64 2 11 7 73 40 46 83 52 70 19 60 18 42 71 29 31 43 85 21 38 79 65 87 4 53 66 28 6 41 48 5 90 61 35 88 32 13 82 76 3 22 77 30 10 56 80 44 36 92 63 57 37 12 49 89 34 27 84 14 81 23 20 55 45 74 47 75 16 24 8 39 72 33 69 78 
22 3 37 57 63 92 36 81 23 20 55 45 74 47 16 24 8 75 39 72 33 69 78 9 58 0 25 68 67 54 91 62 86 11 7 42 18 70 19 60 41 6 66 48 28 82 13 61 90 5 4 87 53 65 79 38 21 85 43 31 71 29 1 59 17 51 94 93 64 2 50 26 73 15 40 46 83 52 10 56 80 44 14 84 27 89 34 12 49 32 88 35 76 30 77 
73 7 42 11 2 64 93 29 1 59 17 51 94 26 50 91 54 67 68 0 25 9 58 78 69 33 72 74 47 16 24 8 75 39 45 20 55 23 81 44 36 92 63 22 37 57 3 76 13 82 48 28 6 41 19 60 70 18 31 71 43 85 21 38 79 65 87 4 53 66 5 90 61 35 88 32 49 12 89 34 27 84 14 80 56 10 30 77 83 52 46 40 15 62 86 
93 64 2 11 7 42 18 70 60 19 41 6 66 28 48 82 13 61 90 5 4 87 53 65 79 38 21 85 31 43 71 29 1 59 17 94 51 26 50 86 62 91 54 67 68 0 58 15 40 46 83 52 10 56 80 36 92 63 57 37 3 22 77 30 76 35 88 32 49 12 89 34 27 84 14 81 23 44 20 55 45 74 47 16 75 8 24 39 25 9 78 69 33 72 73 
41 19 60 70 18 42 7 73 86 62 91 54 67 68 0 25 9 58 78 69 33 72 74 47 16 75 8 24 39 45 55 20 44 81 23 14 84 27 89 34 12 49 32 88 35 13 82 90 61 5 48 28 6 66 87 4 53 65 79 38 21 85 43 31 71 29 1 59 17 94 51 26 50 64 93 2 11 15 40 46 83 52 56 80 36 92 63 57 37 22 3 76 30 10 77 
27 84 14 81 23 20 55 45 74 47 16 75 8 24 39 72 33 69 78 58 9 25 0 68 67 54 91 62 86 73 7 42 11 2 64 93 94 51 26 50 59 17 1 29 71 31 43 85 21 38 79 65 87 4 53 5 90 61 35 88 32 49 12 37 22 3 76 13 82 28 48 66 6 41 19 60 70 18 52 83 10 46 40 15 56 80 44 36 92 63 57 77 30 34 89 
11 2 64 93 94 51 26 91 54 67 68 0 25 9 58 15 40 46 83 52 70 18 60 19 41 6 28 48 90 61 88 35 32 49 12 89 34 27 84 14 92 63 22 3 76 77 30 10 56 78 69 33 72 74 47 16 75 8 24 39 45 20 55 23 81 44 36 80 57 37 82 13 5 66 87 4 53 65 79 38 21 85 31 43 71 29 1 59 17 50 62 86 73 7 42 
42 11 7 73 86 62 91 54 67 68 0 25 9 58 15 40 46 83 52 70 60 19 41 6 28 48 82 13 76 3 22 63 92 36 44 81 23 20 55 45 74 47 75 16 24 8 39 72 33 69 78 56 10 30 77 80 14 84 27 89 34 12 49 37 57 32 35 88 61 90 5 4 66 87 53 65 79 38 21 85 43 31 71 29 1 59 17 94 51 26 50 64 2 93 18 
2 11 7 42 18 70 60 19 41 6 28 48 5 90 61 35 88 32 34 89 27 84 14 81 23 20 55 45 72 74 47 16 75 8 24 39 25 0 68 67 54 91 62 50 86 73 15 58 9 78 69 33 44 36 92 63 57 37 12 49 3 22 77 30 10 83 52 46 40 56 80 76 13 82 66 87 4 53 65 79 38 21 85 43 31 71 29 1 59 17 51 26 93 94 64 
82 13 61 90 5 4 87 53 65 79 38 21 85 43 31 71 29 1 59 17 51 94 93 64 2 11 42 7 73 15 40 46 83 52 10 56 80 36 92 63 57 37 3 22 77 30 76 35 88 32 49 12 89 34 27 84 14 23 81 44 20 55 45 74 47 16 24 8 75 39 72 33 69 78 58 9 25 0 68 67 54 91 62 86 50 26 18 70 60 19 41 6 28 48 66 
28 6 41 19 60 70 18 52 83 46 40 15 58 9 78 69 33 72 74 45 20 44 36 92 63 80 56 10 77 30 76 3 22 57 37 12 49 32 35 88 61 90 5 48 66 87 4 53 65 79 38 21 85 43 31 71 29 1 59 17 94 93 64 2 11 42 7 73 86 62 50 26 51 91 54 67 68 0 25 39 16 75 47 24 8 55 23 81 14 84 27 89 34 13 82 
36 92 63 22 3 76 13 82 48 28 6 41 19 60 70 18 42 7 11 2 64 93 94 51 26 62 91 54 67 68 25 0 9 58 78 69 56 10 30 77 52 83 46 40 15 73 86 50 17 59 1 29 71 31 43 85 21 38 79 65 87 4 53 66 5 90 61 35 88 32 49 12 37 57 89 34 84 27 14 23 81 44 20 55 45 74 47 75 16 8 24 39 72 33 80 
60 19 41 6 66 48 28 82 13 35 88 32 49 12 34 89 27 84 14 81 23 20 55 45 47 75 16 24 8 39 74 72 33 69 78 56 10 83 46 40 15 58 9 25 0 68 67 54 91 62 86 42 7 73 11 2 64 93 94 51 26 50 1 59 17 29 71 31 43 85 21 38 79 65 87 4 53 5 90 61 76 3 22 37 57 63 92 36 44 80 77 30 52 70 18 
4 87 53 65 79 38 21 85 31 43 71 29 1 59 17 94 93 64 2 11 42 7 73 15 40 46 83 52 30 77 10 56 80 36 92 63 57 37 22 3 76 13 82 48 28 6 41 19 60 70 18 50 26 51 91 54 67 62 86 0 68 25 9 58 78 69 33 72 74 47 16 24 8 75 39 45 55 20 44 81 23 14 84 27 89 34 12 49 32 88 35 61 90 5 66 
84 27 89 34 12 49 32 88 35 61 90 5 4 87 53 65 79 38 21 85 43 31 71 29 1 59 17 94 51 26 50 91 54 67 68 0 25 9 58 78 69 56 10 83 52 46 40 15 73 86 62 11 7 42 2 64 93 18 70 60 19 41 6 66 48 28 82 13 76 3 22 77 30 80 36 92 63 57 37 14 81 23 20 55 45 74 47 16 24 8 75 39 72 33 44 
47 16 24 8 75 45 74 72 33 69 78 58 9 25 0 68 67 54 91 62 86 73 7 42 18 70 60 19 41 6 66 48 28 82 13 35 88 32 61 90 5 4 87 53 65 79 38 21 85 43 31 71 29 1 59 17 94 51 26 50 64 93 2 11 15 40 46 83 52 10 56 80 77 30 76 3 22 63 92 36 81 23 14 84 27 89 34 49 12 37 57 44 20 55 39 
66 87 4 53 65 79 38 21 85 43 31 71 29 1 59 17 51 94 93 64 2 42 11 7 73 86 62 50 26 91 54 67 68 0 25 9 58 15 40 46 83 52 10 56 69 78 33 72 45 74 47 39 24 8 75 16 55 20 44 81 23 14 36 92 63 57 37 22 3 76 13 82 48 28 6 41 19 60 70 18 30 77 80 84 27 89 34 12 49 32 88 35 61 90 5 
18 70 60 19 41 6 28 48 66 87 4 53 65 79 38 21 85 31 43 71 29 1 59 17 94 51 26 50 86 62 91 54 67 68 0 25 58 15 40 46 83 52 10 56 80 36 92 63 57 37 3 22 77 30 76 82 13 61 90 5 35 32 88 49 12 89 34 84 27 14 81 23 44 20 55 45 74 47 16 24 8 75 39 72 33 69 78 9 73 7 11 42 2 64 93 
65 79 38 21 85 43 31 71 29 1 59 17 51 94 93 64 2 11 7 73 40 46 83 52 10 56 80 36 92 63 57 37 3 22 77 30 76 13 82 48 66 6 28 19 41 60 70 18 42 15 58 78 69 9 25 0 68 67 62 86 50 26 54 91 39 47 16 24 8 75 45 74 72 33 20 55 23 81 44 14 27 84 89 34 12 49 32 88 35 61 90 5 4 87 53 
48 28 6 41 19 60 70 18 42 11 7 73 15 40 46 83 52 10 56 80 44 81 23 20 55 45 74 47 75 16 24 8 39 72 33 69 78 58 9 25 0 68 67 54 91 26 50 62 86 2 64 93 94 51 17 59 1 29 71 31 43 85 21 38 79 65 87 4 5 90 61 88 32 49 12 37 57 63 92 36 14 84 27 89 34 3 22 77 30 76 13 82 35 53 66 
87 4 5 48 28 6 41 19 60 70 18 42 2 11 7 73 40 46 83 52 77 30 10 56 78 69 33 72 74 45 47 16 75 8 24 39 25 9 58 15 0 68 67 54 91 62 86 50 26 51 94 93 29 1 59 17 64 71 31 43 85 21 38 79 65 53 66 82 13 76 3 22 37 57 92 63 80 36 44 20 55 23 81 14 84 27 89 34 12 49 32 88 35 61 90 
36 92 63 57 37 3 22 77 30 10 56 80 44 81 23 20 55 45 74 47 16 75 8 24 39 72 33 69 78 58 9 25 0 68 67 91 54 62 86 73 11 42 7 2 64 93 1 59 17 94 51 26 50 15 40 46 83 52 70 60 19 41 6 28 82 13 35 32 88 61 90 5 48 66 87 4 53 65 79 38 21 85 43 31 71 29 18 76 49 12 89 34 27 84 14 
26 50 86 62 91 54 67 68 25 0 58 9 69 78 56 80 36 92 63 57 37 3 22 77 30 76 13 82 28 48 5 90 61 35 88 32 49 12 89 34 27 84 14 81 23 55 45 74 47 16 24 8 75 39 72 33 20 44 10 83 52 46 40 15 73 7 11 2 64 93 94 51 17 59 1 29 71 31 43 85 21 38 79 65 87 4 53 66 6 41 19 60 70 18 42 
43 31 71 29 1 59 17 94 51 26 50 86 62 91 54 67 68 0 25 9 58 15 40 46 83 52 10 56 80 63 57 37 3 22 77 30 76 13 82 28 48 66 6 41 19 60 70 18 42 7 11 64 93 2 73 78 69 33 72 74 47 16 75 24 8 39 45 20 55 23 81 44 36 92 14 89 34 27 84 12 49 32 35 88 61 90 5 4 87 53 65 79 38 21 85 
64 93 29 1 59 17 94 51 26 50 62 91 54 67 68 25 0 9 58 78 69 33 72 74 47 16 75 39 24 8 45 55 20 44 36 92 63 57 37 22 3 76 13 82 28 6 41 19 60 70 18 42 2 11 7 73 86 15 40 46 83 52 30 77 10 56 80 81 23 14 84 27 89 34 12 49 88 32 35 61 90 5 48 66 87 4 53 65 79 38 21 85 31 43 71 
5 90 61 35 88 32 13 82 28 48 66 6 41 19 60 70 18 42 7 73 15 40 46 83 52 10 56 80 44 36 92 63 22 3 76 30 77 57 37 49 12 89 34 27 84 14 81 23 20 55 45 74 47 16 24 8 75 39 72 33 69 78 9 58 0 68 25 67 54 91 62 86 50 26 51 94 93 64 2 11 29 1 59 17 71 31 43 85 21 38 79 65 87 4 53 
9 78 69 33 72 47 16 75 24 8 39 74 45 55 20 44 81 23 14 92 63 57 37 3 22 77 30 76 13 82 28 6 41 19 60 70 18 42 7 73 86 62 91 54 67 68 0 25 58 15 40 46 83 52 10 56 80 36 27 84 89 34 12 49 32 88 35 61 90 5 48 66 87 4 53 65 79 38 21 85 43 31 71 29 1 59 17 94 93 64 2 11 50 26 51 
0 68 25 9 58 78 69 33 72 74 45 47 75 16 24 8 39 55 20 23 81 44 36 92 63 14 84 27 89 34 12 49 32 88 35 61 90 5 4 87 53 65 79 38 21 85 43 31 71 29 1 59 17 93 94 51 26 50 64 2 11 42 40 46 83 52 70 18 60 19 41 6 28 48 66 82 13 76 3 22 37 57 77 30 10 56 80 15 73 7 86 91 54 67 62 
84 27 89 34 12 49 32 88 35 61 90 5 48 28 6 66 87 4 53 65 79 38 21 85 43 31 71 29 1 59 17 93 94 51 26 50 86 62 91 54 67 68 0 25 9 58 15 40 46 83 52 30 77 10 56 80 63 92 36 44 81 23 20 55 45 74 47 16 75 8 24 39 72 33 69 78 73 7 42 11 2 64 18 70 60 19 41 82 13 76 3 22 57 37 14 
10 83 52 56 78 69 9 58 15 40 46 73 86 62 91 54 67 68 0 25 39 24 8 16 75 47 74 45 72 33 20 55 23 81 14 84 27 89 34 12 49 32 35 88 61 90 5 53 4 87 65 79 21 38 85 31 43 71 29 1 59 17 94 51 26 50 11 2 64 93 42 7 18 70 60 19 41 6 66 48 28 82 13 76 30 77 22 3 37 57 63 92 36 44 80 
71 29 1 59 17 51 94 93 64 2 11 7 62 86 50 26 91 54 67 68 0 25 9 58 15 78 69 33 72 74 47 16 24 8 75 39 45 20 55 44 81 36 92 63 57 37 22 3 76 13 82 28 6 41 19 60 70 18 42 73 40 46 83 52 30 77 10 56 80 23 14 84 27 89 34 12 49 32 35 88 61 90 5 48 66 87 4 53 65 79 38 21 85 43 31 
15 40 46 83 52 10 56 80 36 92 63 57 37 12 49 3 22 77 30 76 13 82 28 6 41 19 60 70 18 42 7 11 2 64 93 1 59 17 94 51 26 50 91 62 54 67 68 0 25 9 58 78 69 33 72 74 47 75 24 8 16 39 45 55 20 44 81 23 14 84 27 89 34 32 88 35 61 90 5 48 66 87 4 53 65 79 38 21 85 31 43 71 29 73 86 
35 32 88 61 90 5 48 28 6 66 87 4 53 65 79 38 21 85 43 31 71 29 1 59 17 51 94 93 64 2 11 86 50 26 91 54 67 62 0 68 25 9 58 15 40 46 83 52 70 60 19 41 18 42 7 73 78 69 33 72 74 47 16 75 24 8 39 45 55 20 44 81 23 14 36 92 63 57 37 22 3 76 13 82 30 77 10 56 80 27 84 89 34 12 49 
92 63 57 37 12 49 32 35 88 61 90 5 4 87 53 65 79 38 21 85 43 31 71 29 1 59 17 94 51 26 50 86 73 7 42 11 2 64 93 62 91 54 67 68 0 25 9 58 15 40 46 83 52 70 18 60 19 41 6 66 48 28 82 13 76 3 22 77 30 10 56 80 36 44 81 23 20 55 45 74 47 16 24 8 39 75 72 33 69 78 14 84 27 89 34 
84 27 89 34 12 49 32 88 35 61 90 5 48 28 6 66 87 4 53 65 79 38 21 85 43 31 71 29 1 59 17 94 51 26 91 54 67 62 86 50 64 93 2 11 7 42 18 70 60 19 41 82 13 76 3 22 63 57 92 36 81 23 44 20 55 45 74 47 16 24 8 75 39 72 33 69 78 58 9 25 68 0 15 73 40 46 83 52 10 56 80 77 30 37 14 
3 22 77 30 10 83 52 46 40 15 58 9 25 0 68 67 54 91 62 86 50 26 64 93 94 51 17 59 1 29 71 31 43 85 21 38 79 65 87 4 53 5 90 61 35 88 32 49 12 89 34 27 84 14 36 92 63 80 69 78 56 44 81 23 20 55 45 74 47 16 75 24 8 39 72 33 73 7 42 2 11 18 70 60 19 41 6 66 48 28 82 13 76 37 57 
5 90 61 35 88 32 49 12 89 34 27 84 14 81 23 55 20 33 72 45 74 47 16 24 8 75 39 69 78 58 9 25 68 0 15 40 46 83 52 30 77 10 56 80 44 36 92 63 57 37 3 22 76 13 82 28 48 66 6 41 19 60 70 18 42 7 73 86 50 64 2 11 91 54 67 62 26 93 94 51 17 59 1 29 71 31 43 85 21 38 79 65 87 4 53 
59 1 29 71 31 43 85 21 38 79 65 87 4 53 66 6 41 19 60 70 18 42 7 73 86 50 91 54 67 62 68 0 25 39 24 8 16 75 47 74 45 33 72 9 78 69 56 80 63 92 36 81 44 20 55 23 14 84 27 89 34 12 49 32 88 35 61 90 5 48 28 82 13 76 3 22 57 37 77 30 10 46 83 52 40 15 58 11 2 64 93 94 51 26 17 
38 21 85 31 43 71 29 1 59 17 94 51 26 50 62 91 54 67 68 0 25 9 58 78 69 33 72 74 47 16 24 8 75 39 45 55 20 23 81 36 92 63 57 37 3 22 77 30 10 83 46 40 56 80 44 14 84 27 89 34 12 49 32 35 88 61 90 5 48 28 6 41 19 60 70 18 42 7 11 2 64 93 86 73 15 52 76 13 82 66 87 4 53 65 79 
23 81 44 20 55 45 74 47 75 16 24 8 39 72 33 69 78 58 9 25 68 0 15 40 46 83 52 70 60 19 41 6 28 82 13 35 32 88 61 90 5 48 66 87 4 53 65 79 38 21 85 43 31 71 29 1 59 17 94 51 26 50 86 62 91 54 67 73 7 42 11 2 64 93 18 10 56 80 36 92 63 57 37 3 22 77 30 76 49 12 89 34 27 84 14 
44 81 23 14 36 92 63 22 3 37 57 27 84 89 34 12 49 32 35 88 61 90 5 48 66 28 6 41 19 60 70 18 42 7 11 2 64 93 94 51 17 59 1 29 71 31 43 85 21 38 79 65 87 4 53 82 13 76 30 77 10 46 83 52 40 73 86 50 26 91 62 54 67 68 25 0 58 78 69 33 72 45 74 47 16 24 8 75 39 9 15 56 80 20 55 
38 21 85 31 43 71 29 1 59 17 94 51 26 50 62 91 54 67 68 0 25 9 58 78 69 33 72 74 47 75 16 24 8 39 45 20 55 23 81 44 36 92 63 57 37 22 3 76 13 82 48 28 6 41 19 60 70 18 42 7 11 2 64 93 86 73 15 40 46 83 52 10 77 30 80 56 14 84 27 89 34 12 49 32 35 88 61 90 5 4 87 65 66 53 79 
45 74 47 16 75 8 24 39 72 33 20 55 44 36 92 57 37 3 22 63 80 56 78 69 9 58 15 0 25 68 67 54 91 62 86 50 26 51 94 64 93 1 59 17 29 71 31 43 85 21 38 79 65 53 87 4 5 61 90 82 28 48 66 6 41 19 60 70 18 2 11 42 7 73 40 46 83 52 10 77 30 76 13 35 32 88 49 12 89 34 27 84 14 81 23 
2 11 7 42 18 70 60 19 41 6 28 82 13 76 3 22 37 57 63 92 36 81 23 44 20 33 72 74 45 47 16 75 24 8 39 55 14 84 27 89 34 12 49 32 35 88 61 90 5 48 66 87 4 53 65 79 38 21 85 43 31 71 29 1 59 17 93 94 51 26 50 86 73 40 46 83 52 10 30 77 80 56 78 69 9 58 15 0 25 68 67 62 54 91 64 
67 68 0 25 9 58 78 69 56 80 63 92 36 81 23 20 55 45 74 47 16 24 8 75 39 72 33 44 14 84 27 89 34 12 49 32 35 88 61 90 5 4 87 66 6 41 19 60 70 18 42 7 11 2 64 93 94 51 17 59 1 29 71 31 43 85 21 38 79 65 53 48 28 82 13 76 3 22 57 37 77 30 10 46 83 52 40 15 73 86 62 91 54 50 26 
1 59 17 94 51 26 50 64 2 11 7 42 18 70 52 83 46 40 15 73 86 62 91 54 67 68 25 0 9 58 78 69 33 72 45 74 47 16 75 8 24 39 55 20 44 81 23 14 84 27 89 34 12 49 37 57 63 92 36 80 56 10 30 77 22 3 76 13 82 48 28 6 41 19 60 21 38 79 65 87 4 5 90 61 35 88 32 66 53 85 43 31 71 29 93 
92 63 22 3 76 13 82 28 48 90 61 88 32 35 49 12 37 57 89 34 27 84 14 36 44 81 23 55 20 33 72 45 74 47 16 24 8 75 39 25 0 68 67 54 91 62 86 11 7 42 18 70 60 19 41 6 66 87 4 5 53 65 79 38 21 85 43 31 71 29 1 59 17 94 51 26 50 93 64 2 73 15 40 46 83 52 30 77 10 56 80 69 78 9 58 
2 11 7 42 18 70 60 19 41 6 28 48 82 13 76 30 77 22 3 37 57 63 92 36 81 23 14 84 27 89 34 12 49 32 88 35 61 90 5 4 66 87 53 65 79 38 21 85 43 31 71 29 1 59 17 51 94 93 64 50 26 91 54 67 68 0 25 9 58 15 73 86 62 78 69 33 72 45 74 47 75 16 24 8 39 20 55 44 80 56 10 83 52 46 40 
93 64 2 11 42 7 73 86 62 91 54 67 68 0 25 9 58 78 69 33 72 74 47 16 24 8 75 39 45 20 55 23 81 44 14 84 27 89 34 12 49 32 35 88 61 90 5 48 28 6 41 19 60 70 18 52 83 46 40 15 56 80 36 92 63 57 37 3 22 77 10 30 76 13 82 66 87 4 53 65 79 38 21 85 43 31 71 29 1 59 17 94 51 26 50 
28 6 41 19 60 70 18 42 7 11 2 64 50 91 54 67 68 0 25 9 58 78 69 56 80 36 92 63 22 3 76 49 12 37 57 89 34 27 84 14 81 23 20 55 45 74 47 16 75 24 8 39 72 33 44 77 30 10 83 52 46 40 15 73 86 62 26 51 17 59 1 29 93 94 71 31 43 85 21 38 79 65 87 4 53 5 90 61 35 32 88 13 82 48 66 
32 88 35 61 90 5 48 28 6 41 19 60 70 18 42 11 2 64 93 94 51 26 91 54 67 68 0 25 9 58 15 40 46 83 52 10 56 80 36 92 63 57 37 3 22 77 30 76 13 82 66 87 4 53 65 79 38 21 85 43 31 71 29 1 59 17 50 86 73 7 62 78 69 33 72 74 47 75 16 24 8 39 45 55 20 23 81 44 14 84 27 89 34 12 49 
34 27 84 14 92 63 57 37 22 3 76 13 82 48 28 6 41 19 60 70 18 42 7 73 11 2 64 93 29 1 59 17 51 94 26 50 62 91 54 67 68 25 0 58 9 78 69 33 72 74 47 16 24 8 75 39 45 55 20 23 44 81 36 80 56 10 83 52 30 77 46 40 15 86 71 31 43 85 21 38 79 65 53 4 87 66 5 90 61 35 88 32 49 12 89 
61 90 5 48 28 6 66 87 4 53 65 79 38 21 85 43 31 71 29 1 59 17 51 94 93 64 2 11 7 42 18 70 60 19 41 52 83 46 40 15 58 9 25 0 68 67 54 91 62 86 50 26 73 78 69 33 72 45 74 47 16 75 8 24 39 55 20 44 81 23 14 36 92 63 57 37 3 22 77 30 10 56 80 84 27 89 34 12 49 32 88 35 13 82 76 
87 4 5 90 61 35 32 88 13 82 28 48 66 6 41 19 60 70 18 42 7 11 2 64 93 29 1 59 17 51 94 26 50 86 73 15 40 46 10 83 52 30 77 76 3 22 63 92 36 81 23 55 20 44 14 84 27 89 34 12 49 37 57 80 56 78 69 33 72 45 74 47 16 75 24 8 39 25 9 58 0 68 67 54 91 62 71 31 43 85 21 38 79 65 53 
57 63 92 36 44 81 23 20 55 45 74 47 75 16 24 8 39 25 0 68 67 54 91 62 50 86 7 42 11 2 64 93 94 51 26 17 59 1 29 71 31 43 85 21 38 79 65 87 4 53 5 90 61 35 32 88 13 82 28 48 66 6 41 19 60 70 18 73 40 46 83 52 10 30 77 76 3 22 37 49 12 89 34 27 84 14 80 56 78 69 33 72 9 58 15 
65 79 38 21 85 43 31 71 29 1 59 17 94 51 26 50 64 93 2 11 7 73 86 62 91 54 67 68 0 25 9 58 15 78 69 33 72 74 45 47 16 75 24 8 39 20 55 23 81 44 36 92 63 57 37 3 22 77 30 76 13 82 28 6 41 19 60 70 18 42 52 83 46 40 10 56 80 14 84 27 89 34 12 49 32 88 35 61 5 48 90 66 87 4 53 
50 86 62 91 54 67 68 0 25 9 58 78 69 33 72 74 45 47 16 24 8 75 39 55 20 23 81 44 36 92 63 22 3 37 57 14 84 27 89 34 12 49 32 88 35 61 90 5 82 13 76 77 30 10 56 80 46 83 52 70 60 19 41 6 28 48 66 87 4 53 65 79 38 21 85 43 31 71 29 1 59 17 51 94 93 64 2 11 42 7 73 15 40 18 26 
37 12 49 32 88 35 61 90 5 48 28 6 41 19 60 70 18 42 7 40 46 83 52 10 30 77 22 3 76 13 82 66 87 4 53 65 79 38 21 85 43 31 71 29 93 94 1 59 17 51 26 91 54 67 62 86 50 64 2 11 73 15 58 9 25 0 68 39 16 24 8 75 47 74 45 72 33 69 78 56 80 63 92 36 81 44 20 55 23 14 84 27 89 34 57 
87 4 5 90 61 35 88 32 49 12 89 34 27 84 14 23 81 44 20 55 45 74 47 75 16 24 8 39 72 33 69 78 58 9 25 0 68 67 54 91 62 26 50 86 73 7 42 11 2 64 93 94 51 17 59 1 29 71 31 43 85 21 38 79 65 66 6 41 19 60 70 18 52 83 46 40 15 10 56 80 36 92 63 57 37 3 22 77 30 82 13 76 48 28 53 
11 42 7 73 86 50 26 54 91 62 67 68 0 25 9 58 15 40 46 83 52 70 18 60 19 41 6 28 48 5 90 61 88 32 35 13 82 76 3 22 63 92 36 80 56 78 69 33 72 74 47 16 75 8 24 39 45 20 55 23 81 44 14 84 27 89 34 57 37 12 49 77 30 10 66 87 4 53 65 79 38 21 85 31 43 71 29 1 59 17 51 94 93 64 2 
