8 4 2 0 7 1 5 6 3 9 
8 9 3 6 5 1 7 0 2 4 
8 4 2 0 7 1 5 6 3 9 
8 9 3 6 5 1 7 0 2 4 
8 9 3 6 5 1 7 0 2 4 
8 9 3 6 5 1 7 0 2 4 
8 9 3 6 5 1 7 0 2 4 
4 2 0 7 1 5 6 3 9 8 
4 2 0 7 1 5 6 3 9 8 
6 5 1 7 0 2 4 8 9 3 
4 2 0 7 1 5 6 3 9 8 
4 2 0 7 1 5 6 3 9 8 
4 2 0 7 1 5 6 3 9 8 
6 5 1 7 0 2 4 8 9 3 
4 2 0 7 1 5 6 3 9 8 
4 2 0 7 1 5 6 3 9 8 
4 2 0 7 1 5 6 3 9 8 
4 2 0 7 1 5 6 3 9 8 
4 2 0 7 1 5 6 3 9 8 
4 2 0 7 1 5 6 3 9 8 
4 2 0 7 1 5 6 3 9 8 
4 2 0 7 1 5 6 3 9 8 
4 2 0 7 1 5 6 3 9 8 
4 2 0 7 1 5 6 3 9 8 
4 2 0 7 1 5 6 3 9 8 
8 9 3 6 5 1 7 0 2 4 
8 9 3 6 5 1 7 0 2 4 
8 9 3 6 5 1 7 0 2 4 
8 9 3 6 5 1 7 0 2 4 
8 9 3 6 5 1 7 0 2 4 
8 9 3 6 5 1 7 0 2 4 
8 9 3 6 5 1 7 0 2 4 
8 9 3 6 5 1 7 0 2 4 
8 9 3 6 5 1 7 0 2 4 
8 9 3 6 5 1 7 0 2 4 
9 8 4 2 0 7 1 5 6 3 
9 8 4 2 0 7 1 5 6 3 
9 8 4 2 0 7 1 5 6 3 
9 8 4 2 0 7 1 5 6 3 
9 8 4 2 0 7 1 5 6 3 
9 8 4 2 0 7 1 5 6 3 
9 8 4 2 0 7 1 5 6 3 
9 8 4 2 0 7 1 5 6 3 
9 8 4 2 0 7 1 5 6 3 
9 8 4 2 0 7 1 5 6 3 
8 9 3 6 5 1 7 0 2 4 
8 9 3 6 5 1 7 0 2 4 
8 9 3 6 5 1 7 0 2 4 
8 9 3 6 5 1 7 0 2 4 
8 9 3 6 5 1 7 0 2 4 
8 9 3 6 5 1 7 0 2 4 
8 9 3 6 5 1 7 0 2 4 
8 9 3 6 5 1 7 0 2 4 
8 9 3 6 5 1 7 0 2 4 
8 9 3 6 5 1 7 0 2 4 
4 2 0 7 1 5 6 3 9 8 
4 2 0 7 1 5 6 3 9 8 
4 2 0 7 1 5 6 3 9 8 
4 2 0 7 1 5 6 3 9 8 
4 2 0 7 1 5 6 3 9 8 
4 2 0 7 1 5 6 3 9 8 
4 2 0 7 1 5 6 3 9 8 
4 2 0 7 1 5 6 3 9 8 
4 2 0 7 1 5 6 3 9 8 
8 9 3 6 5 1 7 0 2 4 
8 9 3 6 5 1 7 0 2 4 
8 9 3 6 5 1 7 0 2 4 
8 9 3 6 5 1 7 0 2 4 
8 9 3 6 5 1 7 0 2 4 
8 9 3 6 5 1 7 0 2 4 
8 9 3 6 5 1 7 0 2 4 
8 9 3 6 5 1 7 0 2 4 
8 9 3 6 5 1 7 0 2 4 
8 9 3 6 5 1 7 0 2 4 
4 2 0 7 1 5 6 3 9 8 
4 2 0 7 1 5 6 3 9 8 
4 2 0 7 1 5 6 3 9 8 
8 4 2 0 7 1 5 6 3 9 
4 2 0 7 1 5 6 3 9 8 
4 2 0 7 1 5 6 3 9 8 
4 2 0 7 1 5 6 3 9 8 
8 4 2 0 7 1 5 6 3 9 
4 2 0 7 1 5 6 3 9 8 
4 2 0 7 1 5 6 3 9 8 
8 9 3 6 5 1 7 0 2 4 
8 9 3 6 5 1 7 0 2 4 
8 9 3 6 5 1 7 0 2 4 
8 9 3 6 5 1 7 0 2 4 
8 9 3 6 5 1 7 0 2 4 
8 9 3 6 5 1 7 0 2 4 
8 9 3 6 5 1 7 0 2 4 
8 9 3 6 5 1 7 0 2 4 
8 9 3 6 5 1 7 0 2 4 
8 9 3 6 5 1 7 0 2 4 
8 9 3 6 5 1 7 0 2 4 
9 8 4 2 0 7 1 5 6 3 
9 8 4 2 0 7 1 5 6 3 
9 8 4 2 0 7 1 5 6 3 
9 8 4 2 0 7 1 5 6 3 
9 8 4 2 0 7 1 5 6 3 
