51 35 16 37 60 89 58 87 86 13 61 95 14 34 3 40 11 23 54 55 81 20 33 6 65 42 82 75 59 93 92 19 12 18 43 32 97 70 8 49 76 48 62 96 47 21 78 46 39 72 7 38 85 36 73 74 27 15 88 94 99 45 63 71 67 1 52 69 98 64 29 57 41 84 66 44 10 91 83 26 5 22 53 50 56 28 0 4 77 90 17 25 30 80 9 24 68 2 31 79 
18 12 19 92 93 82 75 59 97 70 8 49 76 48 62 47 96 21 78 46 39 72 7 85 38 63 71 67 1 52 79 57 41 84 66 91 10 83 5 26 53 22 28 50 56 0 4 77 90 17 25 30 80 9 24 68 2 69 98 64 29 31 37 16 35 89 60 51 58 87 44 86 13 61 95 14 34 81 55 54 23 11 40 3 20 6 33 65 42 99 74 73 36 45 15 88 27 94 43 32 
74 99 27 15 88 94 42 65 6 33 58 87 44 86 13 61 95 14 34 81 55 54 23 11 40 3 20 91 10 83 26 53 22 5 28 50 56 4 77 90 17 25 30 80 9 24 68 2 1 67 71 63 31 79 52 69 98 64 29 57 41 84 66 0 51 60 89 35 16 37 45 36 73 85 7 38 72 39 46 78 21 96 47 62 48 76 49 8 70 59 97 18 43 32 12 19 93 75 82 92 
40 3 34 81 55 54 23 11 32 43 18 12 19 93 75 82 94 99 74 73 36 85 7 38 72 39 46 78 21 96 47 48 62 49 76 8 70 59 97 92 42 65 6 33 58 60 89 35 51 37 16 45 88 27 15 31 79 52 1 67 71 63 2 68 24 9 80 30 25 17 90 98 69 64 29 57 41 84 66 0 4 77 56 50 28 91 10 83 5 26 22 53 61 95 14 13 86 87 44 20 
50 56 77 4 0 41 84 66 44 87 86 20 13 61 95 14 34 81 55 3 40 54 23 11 32 43 18 12 19 93 82 75 59 97 70 8 49 76 48 62 88 15 27 74 73 36 85 7 72 39 46 78 21 96 47 45 16 37 51 35 89 60 58 33 6 65 42 92 94 99 38 63 71 67 1 52 2 68 24 80 9 30 25 17 90 98 69 79 31 57 29 64 28 91 10 83 26 5 22 53 
88 15 27 74 73 36 85 7 72 46 39 78 21 96 47 62 48 76 49 8 70 75 82 93 92 19 12 18 43 32 97 59 42 65 6 33 58 60 89 35 16 37 51 31 79 69 98 64 29 57 41 84 66 44 86 13 61 95 14 34 81 55 54 23 11 40 3 20 87 91 10 83 26 5 22 53 28 56 50 0 4 77 90 17 25 30 80 9 24 68 52 1 2 67 71 63 38 45 99 94 
55 3 40 11 23 54 92 93 75 82 94 99 27 15 88 76 48 62 49 8 70 59 97 18 43 32 12 19 42 65 6 33 58 60 51 37 16 35 89 84 41 29 57 64 98 17 25 30 80 9 24 68 52 1 2 67 71 63 38 7 72 39 46 78 47 96 21 85 36 73 74 45 31 79 69 90 77 4 56 50 28 0 66 91 10 83 26 5 22 53 61 95 14 34 81 20 86 87 44 13 
16 37 51 35 89 60 58 33 6 65 42 92 19 12 18 43 32 23 11 40 3 34 14 20 86 87 44 66 84 41 57 29 64 98 90 17 25 30 80 9 24 68 2 1 67 71 63 31 79 52 69 0 4 77 56 50 28 91 10 83 26 5 22 53 13 61 95 81 55 54 93 82 75 59 97 70 8 49 76 48 62 88 15 27 99 94 74 73 36 45 38 85 7 72 39 46 78 47 96 21 
96 21 78 46 39 72 7 85 36 73 15 88 27 99 94 82 42 65 33 6 58 60 51 37 16 35 89 45 74 38 63 71 67 1 52 79 31 29 57 41 84 66 91 10 83 5 26 53 22 50 28 56 4 77 90 98 69 25 17 30 80 9 24 68 2 64 0 44 87 86 20 81 34 14 95 61 13 3 40 55 54 23 11 32 43 18 12 19 92 93 75 59 97 70 8 49 76 48 62 47 
28 50 56 4 77 90 17 25 30 80 9 24 68 2 1 67 71 63 38 7 72 39 46 78 21 96 47 48 62 76 49 8 70 59 97 18 43 32 12 19 92 93 75 82 94 99 27 88 15 73 74 36 85 45 16 37 51 35 89 60 58 87 44 86 13 14 34 81 55 54 23 11 40 3 95 61 20 6 65 42 33 84 41 57 29 64 98 69 79 52 31 0 91 10 83 26 53 22 5 66 
29 57 41 84 66 91 10 83 26 5 50 56 4 77 90 17 25 30 80 9 24 68 2 1 52 79 67 71 63 38 7 85 21 96 47 78 46 39 72 36 73 74 45 35 16 37 51 60 89 58 87 44 86 13 61 95 14 34 81 55 54 23 11 32 43 18 12 19 92 93 82 75 59 97 70 8 49 76 48 62 88 27 15 99 94 42 65 6 33 20 3 40 53 22 28 0 64 98 69 31 
57 29 64 98 69 17 25 30 80 9 24 68 1 67 71 63 31 79 52 2 72 46 39 78 21 96 47 62 48 76 49 8 70 59 97 18 43 32 12 19 93 75 82 94 99 74 73 15 27 88 85 7 38 36 45 35 16 37 51 60 89 58 33 6 65 42 92 23 11 40 3 34 81 55 54 20 14 95 61 13 86 87 44 0 41 84 66 91 10 83 5 26 53 22 28 50 56 4 77 90 
51 60 89 35 16 37 57 29 64 98 69 79 31 1 67 71 63 2 52 68 24 9 80 30 25 17 90 77 4 56 50 28 0 41 84 66 91 10 83 5 22 53 26 13 61 95 14 34 81 55 54 23 11 3 40 92 93 82 75 59 97 18 12 19 43 32 70 8 49 76 48 62 96 21 47 78 46 39 72 7 38 85 36 73 74 15 88 27 99 94 42 65 6 33 20 86 87 44 58 45 
73 74 45 36 85 7 38 72 39 46 78 21 96 47 48 62 76 49 8 70 59 75 93 92 19 12 32 43 18 97 94 82 42 65 6 33 89 60 51 16 37 57 29 64 98 69 79 31 71 63 67 1 52 2 68 24 9 80 30 25 17 90 77 4 56 50 28 91 10 83 26 5 22 53 61 95 14 34 81 55 54 23 11 40 3 20 13 86 87 44 84 66 0 41 58 35 99 27 88 15 
35 51 37 16 45 74 73 36 85 7 38 72 39 46 78 21 96 47 62 48 76 49 8 70 97 59 75 93 92 19 12 18 43 32 23 11 40 3 34 81 55 54 6 65 42 82 94 99 15 88 27 89 60 58 87 44 86 20 14 95 61 13 10 91 83 5 26 22 53 50 56 4 77 90 17 25 30 80 9 24 68 52 1 67 2 71 63 31 79 69 98 64 29 57 41 84 66 28 0 33 
20 14 34 81 55 54 23 11 40 3 95 61 13 86 44 87 58 60 89 35 45 16 37 51 84 66 0 41 57 29 64 98 69 79 1 67 2 63 71 31 52 68 24 80 9 30 25 17 90 77 4 56 50 28 91 10 83 26 5 22 53 32 43 18 12 19 92 93 75 82 94 99 27 88 15 73 74 36 85 7 38 72 39 46 78 21 96 47 62 48 76 49 8 70 59 97 42 65 6 33 
20 86 44 87 58 60 89 35 51 37 16 45 36 85 21 96 47 78 46 39 72 7 38 63 71 67 1 2 52 79 31 29 57 41 84 66 28 50 56 4 77 90 98 17 25 30 80 9 24 68 69 64 0 91 10 83 5 22 53 26 61 95 14 34 81 55 54 23 11 3 40 32 43 18 12 19 92 93 82 75 59 97 70 8 49 76 48 62 88 27 15 73 74 99 94 42 65 6 33 13 
88 27 15 73 74 36 85 7 38 72 39 46 78 21 96 47 62 48 76 49 8 70 97 59 75 82 93 92 19 12 18 43 32 23 11 54 81 34 3 40 55 20 14 95 61 13 86 87 44 91 10 83 26 5 22 53 50 56 4 77 90 98 69 29 57 41 84 66 28 0 64 17 25 30 80 9 24 68 2 67 1 52 79 31 71 63 45 16 37 51 35 89 60 58 33 65 6 42 94 99 
28 50 56 4 77 90 17 25 30 80 9 24 68 2 67 1 52 79 31 71 63 38 7 72 39 46 78 47 96 21 85 36 73 74 15 27 88 76 48 62 49 8 70 97 59 75 82 93 92 19 12 18 43 32 23 11 40 3 34 81 55 54 20 14 95 61 13 86 87 44 58 60 51 37 16 35 89 33 6 65 42 94 99 45 57 29 64 98 69 0 41 84 66 10 91 83 5 26 53 22 
5 83 26 10 91 28 66 84 41 57 29 64 98 69 9 24 68 2 1 67 71 63 79 31 52 80 30 25 17 90 77 4 56 50 0 51 60 89 35 16 37 45 74 73 36 85 7 38 72 39 46 78 21 96 47 48 62 76 49 8 70 59 97 18 43 32 12 19 92 93 75 82 94 99 27 15 88 42 65 6 33 20 13 86 44 87 58 81 55 54 23 11 40 3 34 14 95 61 53 22 
49 76 62 48 88 27 15 73 36 38 7 85 21 96 47 78 46 72 39 63 71 67 1 52 2 68 24 9 80 30 25 17 90 98 69 79 31 29 57 41 0 64 77 4 56 50 28 91 10 83 26 5 22 53 61 95 14 34 81 55 54 23 11 40 3 42 65 6 33 89 60 58 87 44 86 20 13 66 84 51 35 16 37 45 74 99 94 82 75 93 92 19 12 18 43 32 97 59 70 8 
57 29 31 79 69 98 90 77 4 56 50 28 91 10 5 83 26 53 22 13 61 95 14 34 81 55 23 54 3 40 11 32 43 18 12 19 92 93 82 75 59 97 70 8 49 76 48 62 88 27 15 73 36 74 45 16 37 51 60 89 58 66 44 87 86 20 6 33 65 42 94 99 35 38 7 85 21 96 47 78 46 39 72 63 71 67 1 52 2 68 24 80 9 30 25 17 64 0 41 84 
21 96 47 78 46 39 72 7 85 36 73 74 27 15 88 49 76 48 62 8 70 97 59 75 82 92 93 19 12 18 43 32 11 23 54 55 3 40 34 81 14 95 61 13 86 44 87 58 60 89 35 51 37 16 45 99 94 42 65 6 33 20 10 91 83 5 26 53 22 28 50 56 4 77 90 17 25 30 80 9 24 68 52 1 67 71 63 2 79 69 98 64 29 57 41 84 66 0 31 38 
87 44 86 13 61 95 14 34 3 40 11 23 54 55 81 20 58 60 51 37 16 35 45 74 73 36 85 7 38 72 39 46 78 21 96 47 48 62 76 49 8 70 59 75 82 93 92 19 12 18 43 32 97 94 99 27 15 88 42 65 6 33 89 84 41 57 29 64 98 69 79 31 71 63 67 2 1 52 68 24 80 9 30 25 17 90 77 4 0 28 50 56 5 83 26 53 22 91 10 66 
50 56 4 77 90 17 25 30 80 9 24 68 2 1 67 71 63 31 79 52 69 98 64 29 57 41 84 66 44 87 86 13 61 95 14 34 81 55 54 23 11 40 3 20 6 65 33 58 60 89 35 16 37 51 45 74 73 36 85 7 38 72 39 46 78 21 96 47 62 48 76 49 8 70 97 59 75 82 93 19 12 18 43 32 92 42 94 15 27 88 99 0 28 91 10 83 26 5 22 53 
99 94 82 93 75 59 97 18 12 19 92 42 65 6 33 87 44 86 20 14 34 81 55 54 11 23 32 43 40 3 95 61 13 10 91 5 83 26 53 22 28 50 56 4 77 90 17 25 30 80 9 24 68 2 1 67 71 63 31 79 52 98 69 64 29 57 41 84 66 0 58 51 60 89 35 16 37 45 74 73 36 85 7 38 72 39 46 78 47 96 21 48 62 76 49 8 70 88 27 15 
58 60 89 35 16 37 51 84 41 0 4 77 56 50 28 91 10 83 26 5 22 53 13 61 95 14 34 81 55 3 40 11 23 54 92 93 19 12 18 43 32 97 59 75 82 94 99 74 73 36 85 7 38 72 39 46 78 21 96 47 62 48 76 49 8 70 88 15 27 45 63 71 67 1 2 52 68 24 9 80 30 25 17 90 98 64 29 57 31 79 69 66 44 86 87 20 33 6 65 42 
32 43 18 12 19 92 93 75 82 42 65 6 33 58 87 86 13 66 0 41 57 29 64 98 69 79 31 71 63 67 1 2 68 24 52 9 80 30 25 17 90 77 4 56 50 28 91 10 83 5 26 53 22 61 95 14 34 81 55 54 23 11 40 3 20 44 84 60 89 35 51 37 16 99 94 27 88 15 73 74 45 36 85 7 38 72 39 46 78 96 21 47 62 48 76 49 8 70 59 97 
93 82 42 65 6 33 89 60 58 87 44 86 20 14 34 81 55 54 23 11 40 3 95 61 13 10 91 83 5 26 53 22 50 56 4 77 90 17 25 30 80 9 24 68 52 1 2 67 71 63 31 79 69 98 64 29 57 41 84 66 28 0 37 16 35 51 45 74 73 36 85 7 38 72 46 39 78 21 96 47 62 48 76 49 88 15 27 94 99 8 70 59 97 18 12 19 92 32 43 75 
56 50 28 0 41 84 66 91 10 83 5 26 53 22 13 86 87 44 58 60 89 35 51 16 37 45 36 73 74 15 88 27 99 94 82 75 59 93 92 42 65 33 6 20 14 95 61 34 81 55 3 40 54 11 23 32 43 12 18 19 97 70 8 49 76 48 62 96 47 21 78 46 39 72 7 85 38 63 71 67 1 2 68 24 9 30 80 25 17 98 69 64 29 57 31 79 52 90 77 4 
89 35 16 37 51 60 58 87 44 86 20 14 34 81 55 54 23 11 40 3 95 61 13 10 91 83 5 22 53 26 28 50 56 4 77 90 17 25 30 80 9 24 68 2 1 67 71 63 38 85 7 72 39 46 78 21 96 47 62 48 76 49 8 70 97 59 75 82 93 19 12 18 43 32 92 94 99 27 88 15 73 74 36 45 31 79 52 69 98 64 29 57 41 84 66 0 33 6 65 42 
86 13 61 95 14 34 81 55 3 40 54 23 11 32 43 18 12 19 92 93 82 75 59 97 70 8 49 76 48 62 96 47 78 21 85 36 73 74 15 88 27 99 94 42 65 6 33 58 89 60 51 37 16 35 45 72 39 46 7 38 63 71 67 1 52 79 31 57 29 64 98 69 25 30 80 9 24 68 2 17 90 77 4 56 50 28 91 10 83 26 5 22 53 0 41 84 66 44 87 20 
31 79 69 98 64 29 57 41 84 66 91 10 83 5 26 53 22 50 56 28 0 4 77 90 17 25 30 80 9 24 68 2 67 1 52 71 63 38 7 72 39 46 78 21 96 47 62 48 76 49 8 70 97 59 82 75 93 19 12 18 43 32 11 3 40 55 81 34 14 95 61 13 86 87 44 58 33 6 65 42 92 23 54 20 45 16 37 51 60 89 35 99 94 27 88 15 73 74 36 85 
18 12 19 92 93 75 82 42 65 6 33 58 60 51 45 36 73 74 15 27 88 49 76 48 62 96 47 21 78 46 39 72 7 85 38 63 71 67 1 2 68 24 80 9 30 25 17 90 77 4 0 41 84 66 91 10 83 26 5 50 56 28 22 53 61 95 14 34 81 55 54 23 11 40 3 20 13 86 87 44 57 29 64 98 69 52 79 31 37 16 35 89 99 94 8 70 59 97 43 32 
69 98 64 29 57 41 84 31 79 1 67 71 63 38 7 72 39 46 78 21 96 47 48 62 76 49 8 70 59 97 18 43 32 12 19 93 82 75 94 99 27 15 88 74 73 36 85 45 35 16 37 51 60 89 58 87 44 86 13 95 61 14 34 81 55 54 23 11 3 40 92 42 65 6 33 20 66 91 10 83 26 5 22 53 56 50 28 0 4 77 90 17 25 30 80 9 24 68 2 52 
81 34 14 95 61 13 20 86 87 44 66 84 41 57 29 64 98 69 79 31 71 63 67 2 1 52 68 24 80 9 30 25 17 90 77 4 0 56 50 28 91 10 83 26 5 22 53 40 3 55 54 23 11 32 43 18 12 19 93 75 82 42 65 6 33 58 60 89 35 51 37 16 45 36 73 15 88 27 94 99 74 85 7 38 72 39 46 78 21 96 47 62 48 76 49 8 70 59 97 92 
28 50 56 4 77 90 17 25 30 80 9 24 68 2 67 71 63 79 1 52 69 98 64 29 57 41 84 66 91 10 83 26 5 22 53 13 61 95 14 34 81 55 54 23 11 40 3 20 86 87 44 58 60 51 37 16 45 35 89 33 6 65 42 82 93 75 59 70 97 18 43 32 12 19 92 94 99 27 15 73 36 74 88 49 8 76 48 62 96 47 78 21 85 7 38 72 46 39 31 0 
33 6 65 42 82 75 59 97 18 43 32 12 19 93 92 23 11 40 3 55 54 81 34 14 95 61 13 86 44 87 58 89 60 51 37 16 35 45 74 73 36 85 7 38 63 71 67 1 52 79 31 29 57 41 84 66 91 10 5 22 53 26 83 28 50 56 77 4 0 64 98 69 17 90 25 30 80 9 24 68 2 39 72 46 78 21 96 47 48 62 76 49 8 70 94 99 27 15 88 20 
98 69 29 0 64 77 4 56 50 28 91 10 83 5 26 22 53 61 13 95 14 34 81 55 54 23 11 32 43 18 12 19 93 82 75 59 97 70 8 94 99 74 73 36 85 7 38 72 39 46 78 21 96 47 48 62 76 49 27 15 88 45 16 37 35 51 60 89 58 33 6 65 42 92 40 3 20 86 87 44 66 84 41 57 31 79 52 1 67 71 63 2 68 24 9 80 30 25 17 90 
58 60 89 35 51 37 16 45 36 73 15 88 27 94 99 74 85 38 7 72 39 46 78 21 96 47 62 48 76 49 8 70 97 59 75 93 82 42 65 6 33 20 86 87 44 66 84 41 57 29 64 98 69 79 31 71 63 67 1 2 52 24 68 9 80 30 25 17 90 77 4 56 50 28 0 10 91 83 26 5 22 53 40 3 34 14 95 61 13 81 55 54 23 11 32 43 18 12 19 92 
42 65 6 33 89 60 58 87 44 86 13 61 95 14 34 81 55 54 11 23 92 93 75 82 94 99 74 73 36 85 7 38 72 39 46 78 21 96 47 48 62 76 49 8 70 97 59 19 12 18 43 32 40 3 20 10 83 5 22 53 26 91 28 50 56 4 77 90 17 25 30 80 9 24 68 52 2 63 71 67 1 79 29 57 41 84 66 0 64 98 69 31 37 16 35 51 45 15 27 88 
28 10 83 26 5 22 53 61 95 14 34 3 40 11 23 54 55 81 20 6 33 65 42 82 75 93 92 19 12 18 43 32 97 59 70 8 49 76 62 48 88 27 15 73 36 85 21 96 47 78 46 39 72 7 38 45 16 37 51 60 89 35 99 94 74 58 87 44 86 13 91 66 84 41 57 29 64 98 17 25 30 80 9 24 68 52 1 2 67 71 63 31 79 69 90 77 4 56 50 0 
41 84 66 44 87 86 13 20 14 34 3 40 95 61 26 83 10 91 28 50 56 4 77 90 17 25 30 80 9 24 68 52 1 67 71 63 2 69 98 64 29 57 31 79 37 51 16 35 89 60 58 33 6 65 42 92 93 75 82 94 99 27 88 15 73 74 45 36 85 7 38 72 46 39 78 21 96 47 62 48 76 49 8 70 59 97 12 19 18 43 32 11 23 54 55 81 53 22 5 0 
46 39 72 7 85 36 74 73 15 27 88 48 62 76 49 8 70 59 75 82 93 92 19 12 18 43 97 32 23 11 40 3 81 55 54 14 34 95 61 13 86 44 87 58 89 60 51 37 16 35 45 99 94 42 65 6 33 20 53 22 5 83 26 10 91 28 50 56 4 77 90 17 25 30 80 9 24 68 2 67 1 52 79 31 29 57 41 84 66 0 64 98 69 71 63 38 21 96 47 78 
34 14 95 61 13 86 44 87 58 60 51 37 16 35 89 33 6 65 42 92 93 75 82 94 99 27 88 15 73 74 45 36 85 7 38 63 71 67 1 2 68 24 80 30 25 17 90 98 69 79 31 29 57 41 84 66 91 10 83 26 53 22 5 28 50 56 4 77 0 64 52 9 39 72 46 78 21 96 47 62 48 76 49 8 70 59 97 18 12 19 43 32 23 11 40 3 55 54 81 20 
90 17 25 30 80 9 24 68 2 1 67 71 63 31 79 52 69 98 64 29 57 41 84 66 44 86 13 61 95 14 34 81 55 54 23 11 40 3 20 6 65 42 92 19 12 18 43 32 97 59 75 93 82 94 99 74 73 36 85 7 38 72 39 46 78 21 96 47 62 48 76 49 8 70 88 27 15 45 35 16 37 51 60 89 33 58 87 10 83 91 5 26 53 22 56 50 28 0 4 77 
36 73 74 15 88 27 99 94 82 93 19 12 18 97 59 75 92 42 65 6 33 58 60 51 37 16 35 89 45 85 7 38 72 39 46 78 21 96 47 62 48 76 49 8 70 43 32 23 11 54 55 3 40 81 34 14 20 87 44 86 13 61 95 10 83 5 26 53 22 50 56 4 77 90 17 25 30 80 9 24 68 2 67 1 52 79 31 29 57 41 84 66 91 28 0 64 98 69 71 63 
58 87 44 86 13 95 61 3 40 34 14 81 55 54 23 11 32 43 18 12 19 92 93 82 75 59 97 70 8 49 76 48 62 88 15 27 74 73 36 38 7 85 47 96 21 78 46 39 72 63 71 67 1 52 2 68 24 80 9 30 25 17 98 64 29 57 41 84 66 91 10 83 5 26 22 53 56 50 28 0 4 77 90 69 79 31 37 51 60 89 35 16 45 99 94 42 65 6 33 20 
90 17 25 30 80 9 24 68 2 67 1 52 69 98 64 29 57 41 84 66 0 4 77 56 50 28 91 10 83 26 5 22 53 13 61 95 14 34 81 55 54 23 11 40 3 20 87 86 44 58 60 51 37 16 35 89 33 6 65 42 82 75 93 92 19 12 18 43 32 59 97 70 8 49 76 48 62 88 15 27 94 99 74 73 36 45 38 7 85 21 96 47 78 46 72 39 63 71 31 79 
88 15 27 94 99 74 73 36 85 7 38 63 71 67 1 52 2 68 24 9 80 30 25 17 90 98 64 0 4 77 56 50 28 91 10 83 26 5 22 53 13 61 95 14 34 81 55 54 23 11 40 3 20 86 87 44 66 84 41 57 29 69 79 31 37 51 60 58 33 6 65 42 82 75 93 92 19 12 18 43 32 97 59 70 8 49 76 62 48 96 47 78 21 72 39 46 45 16 35 89 
30 80 9 24 68 2 67 71 63 38 85 7 72 39 46 78 21 96 47 48 62 76 49 8 70 97 59 75 82 93 19 12 18 43 32 23 11 40 3 55 34 14 95 61 13 86 87 44 91 10 83 5 26 53 22 56 50 28 0 4 77 90 17 25 52 1 79 31 37 16 35 89 60 51 45 74 15 27 88 73 36 99 94 42 65 6 20 81 54 92 33 58 84 66 41 57 29 64 69 98 
98 69 64 29 57 41 84 66 91 10 83 5 28 50 56 4 77 90 17 25 30 80 9 24 68 52 1 67 71 63 2 79 31 37 51 60 89 35 16 45 74 73 36 85 7 38 46 39 72 78 21 96 47 48 62 76 49 8 70 59 97 18 43 32 12 19 92 93 75 82 42 94 99 27 15 88 65 6 33 58 44 87 86 20 14 34 81 55 54 23 11 3 40 95 61 13 26 53 22 0 
3 40 55 54 23 11 32 43 97 18 12 19 92 93 82 75 59 70 8 49 76 48 62 88 27 15 73 74 36 85 21 96 47 78 46 39 72 7 38 45 99 94 42 65 6 33 58 60 89 35 16 37 51 91 10 83 26 5 22 53 95 61 13 86 87 44 66 84 41 57 29 64 98 69 79 31 71 63 67 1 2 52 68 24 9 80 30 25 17 90 77 4 56 50 28 0 20 14 34 81 
22 5 26 83 10 91 66 84 41 0 57 29 64 98 17 25 30 80 9 24 68 2 67 71 63 38 85 7 72 39 46 78 21 96 47 62 48 76 49 8 88 27 15 73 74 36 45 16 35 89 60 51 37 31 79 1 52 69 90 77 4 56 50 28 44 87 86 13 20 81 55 54 23 11 32 43 18 12 19 92 93 82 75 59 97 70 94 99 42 65 6 33 58 40 3 34 14 95 61 53 
14 95 61 13 86 87 44 10 91 83 26 53 22 5 28 50 56 4 77 90 17 25 30 80 9 24 68 2 1 67 71 63 38 7 85 36 73 74 15 88 27 99 94 82 75 93 19 92 42 65 6 33 89 60 51 16 37 35 45 58 0 66 84 41 57 29 64 98 69 52 79 31 72 39 46 78 21 96 47 62 48 76 49 8 70 59 97 18 43 32 12 23 11 54 55 81 34 3 40 20 
44 86 87 20 14 34 81 55 54 23 11 32 43 18 12 19 92 93 82 75 59 97 70 8 49 76 48 62 96 21 78 47 46 39 72 38 7 85 36 73 15 27 88 99 45 74 94 42 65 6 33 58 60 89 35 16 37 51 57 29 64 98 17 25 30 80 9 24 68 2 1 67 71 63 31 79 52 69 90 77 4 56 50 28 0 41 84 66 91 10 83 26 5 22 53 13 61 95 3 40 
45 36 85 7 38 72 39 46 78 21 96 47 62 48 76 49 8 70 59 97 19 12 18 43 32 11 23 92 42 65 6 33 58 60 51 37 16 35 89 84 41 0 28 50 56 4 77 90 17 25 30 80 9 24 68 2 1 67 71 63 31 79 52 69 98 64 29 57 66 91 10 83 26 5 22 53 20 87 44 86 13 61 95 14 34 81 55 54 3 40 93 82 75 94 27 88 15 73 74 99 
64 98 69 29 57 41 84 66 44 91 10 83 26 5 22 53 61 95 14 34 3 40 11 23 54 55 81 20 13 86 87 58 60 89 35 16 37 51 33 6 65 42 92 82 75 93 19 12 18 43 32 97 59 70 8 49 76 62 48 88 15 27 94 99 74 73 36 45 38 7 85 21 96 47 78 46 72 39 63 71 67 1 2 68 24 9 30 80 25 17 90 77 4 56 50 28 0 31 79 52 
5 83 26 10 91 28 50 56 4 77 90 17 25 30 80 9 24 68 52 1 2 67 71 63 38 72 39 46 78 47 96 21 85 7 36 73 74 27 15 88 48 62 76 49 8 70 59 97 18 12 19 93 92 42 65 6 33 58 60 51 35 89 37 16 45 99 94 82 75 43 32 11 23 54 55 81 34 3 40 95 61 13 14 20 86 87 44 66 84 41 0 64 29 57 31 79 69 98 22 53 
17 25 30 80 9 24 68 52 1 67 71 63 38 7 85 36 73 74 45 27 15 88 94 99 35 16 37 51 89 60 58 87 86 13 61 95 14 34 81 55 54 23 11 40 3 20 33 6 65 42 82 93 75 59 97 18 12 19 92 32 43 70 8 49 76 48 62 47 96 21 78 46 72 39 2 79 31 29 57 41 84 66 44 10 91 83 26 53 22 5 28 50 56 4 77 0 64 98 69 90 
10 91 28 50 56 4 77 90 17 25 30 80 9 24 68 52 1 67 2 71 63 38 7 85 21 96 47 78 46 72 39 36 73 74 15 27 88 76 48 62 49 8 70 59 97 43 32 18 12 19 92 93 75 82 94 99 42 6 65 33 89 60 51 37 16 35 45 31 79 69 98 64 29 57 84 41 0 66 44 86 87 58 20 13 61 95 14 34 81 55 54 23 11 3 40 53 22 26 5 83 
73 36 85 7 72 39 46 78 21 96 47 48 62 76 49 8 70 97 59 75 82 93 19 12 18 43 32 23 11 40 3 95 61 13 86 87 44 66 84 41 57 29 64 98 69 79 31 37 16 35 51 60 58 33 6 65 42 92 54 55 81 34 14 20 10 91 83 26 5 22 53 56 50 28 0 4 77 90 17 25 30 80 9 24 68 52 1 67 71 63 2 38 45 74 15 88 27 94 99 89 
22 53 26 83 5 50 56 4 77 90 17 25 30 80 9 68 24 79 31 29 57 41 84 66 91 10 44 87 58 60 89 35 16 37 51 45 36 73 74 99 94 82 75 59 97 18 12 19 93 92 42 65 33 6 20 86 13 61 95 14 34 81 55 3 40 11 23 54 32 43 70 8 49 76 62 48 88 15 27 21 96 47 78 46 39 72 7 85 38 63 71 67 1 2 52 69 98 64 0 28 
60 51 35 16 37 31 79 69 98 64 29 57 41 84 66 0 28 50 56 4 77 90 17 25 30 80 9 24 68 52 2 1 67 71 63 38 7 85 36 73 74 99 27 15 88 49 76 48 62 96 47 21 78 46 72 39 45 65 6 33 58 87 44 86 20 81 34 14 95 61 13 10 91 26 83 5 22 53 3 40 55 54 23 11 32 43 18 12 19 92 42 82 93 75 59 97 70 8 94 89 
0 28 50 56 4 77 90 17 25 30 80 9 24 68 2 67 1 52 79 69 98 64 29 57 41 84 66 91 10 83 26 5 22 53 61 95 14 34 81 20 87 44 86 13 3 40 55 54 23 11 32 43 18 12 19 93 82 75 59 97 70 8 49 76 48 62 88 15 27 99 94 92 42 65 6 33 58 89 60 51 37 16 45 74 73 36 85 7 38 72 39 46 78 21 96 47 63 71 31 35 
16 37 51 60 89 35 45 36 74 73 15 27 88 49 76 48 62 96 47 78 21 85 7 38 72 39 46 63 71 67 1 2 52 68 24 9 80 30 25 17 90 64 98 69 79 31 29 57 41 84 66 91 10 83 5 26 53 22 28 50 56 4 77 0 44 86 87 58 33 65 6 20 13 61 95 14 34 81 55 54 3 40 11 23 92 42 82 75 93 19 12 18 43 32 97 59 70 8 94 99 
59 70 75 93 92 19 12 18 43 32 23 11 40 3 34 81 55 54 20 14 95 61 13 86 87 44 66 84 41 57 29 64 98 69 79 31 37 16 35 89 60 51 45 74 73 15 27 88 76 48 62 47 96 21 78 46 39 72 7 85 36 38 63 71 67 1 52 24 68 2 9 80 30 25 17 90 77 4 0 28 50 56 5 22 53 26 83 10 91 58 33 6 65 42 82 94 99 49 8 97 
45 35 16 37 51 60 89 58 87 86 44 66 91 10 83 26 5 28 0 41 84 57 29 64 98 90 17 25 30 80 9 24 68 2 67 71 63 31 79 1 52 69 77 4 56 50 22 53 61 13 14 95 3 40 11 23 54 55 81 34 20 6 33 65 42 82 75 93 92 19 12 18 43 32 97 59 70 8 49 76 48 62 88 15 27 94 99 74 73 36 21 96 47 78 46 39 72 7 85 38 
65 6 33 89 60 51 37 16 35 58 87 44 86 13 61 95 14 34 81 55 54 23 11 40 3 20 22 53 26 5 83 10 91 66 0 64 98 69 79 31 29 57 41 84 28 50 56 4 77 90 17 25 30 80 9 24 68 52 1 2 67 71 63 38 7 72 39 46 78 21 96 47 62 48 76 49 8 70 75 59 97 18 43 32 12 19 92 93 82 42 94 99 74 73 15 27 88 85 36 45 
26 83 10 91 28 50 56 4 77 90 17 25 30 80 9 24 68 2 1 52 69 79 31 57 41 84 66 44 87 86 13 61 95 14 34 81 55 54 23 11 40 3 20 6 65 42 82 75 93 92 19 18 12 32 43 97 59 70 8 49 76 48 62 96 21 78 47 46 39 72 7 85 36 73 74 15 27 88 94 99 89 60 58 33 35 16 37 51 45 38 63 71 67 29 64 98 0 5 22 53 
8 82 75 59 97 18 12 19 93 92 42 65 6 33 89 60 51 37 16 35 45 99 27 15 88 76 49 62 48 94 74 73 36 85 21 96 47 78 46 39 72 7 38 63 71 67 1 52 2 68 24 9 80 30 25 17 98 69 79 31 57 29 64 90 77 4 56 50 28 0 41 84 66 91 10 83 26 5 22 53 13 86 44 87 58 20 81 34 14 95 61 3 40 55 54 11 23 32 43 70 
11 32 43 18 12 19 93 92 42 65 6 33 58 60 89 45 36 85 38 7 72 39 46 78 21 96 47 62 48 76 49 8 70 59 97 75 82 94 27 15 88 73 74 99 35 16 37 51 57 29 64 98 69 79 31 71 63 67 1 52 68 2 24 9 80 30 25 17 90 77 4 56 50 28 0 41 84 66 91 10 83 5 26 53 22 86 87 44 20 81 34 14 95 61 13 3 40 55 54 23 
33 6 65 42 92 19 12 18 43 32 23 11 54 55 3 40 34 81 14 95 61 13 86 87 44 66 84 41 57 29 64 98 69 25 30 80 9 24 68 2 67 71 63 38 72 39 46 78 21 96 47 48 62 76 49 8 70 59 75 82 93 97 94 99 27 88 15 73 74 36 85 7 45 16 35 89 60 51 37 31 79 1 52 17 90 77 4 0 28 50 56 5 83 26 53 22 10 91 20 58 
28 50 56 77 4 0 64 98 90 17 25 30 80 9 24 68 2 1 67 71 63 38 7 85 36 73 74 15 27 88 99 94 82 93 92 19 12 18 43 32 23 11 40 3 34 14 95 61 13 86 87 44 58 89 60 51 35 16 37 45 42 65 6 33 20 81 55 54 97 59 75 70 8 49 76 62 48 21 96 47 78 46 72 39 52 79 31 69 29 57 41 84 66 91 10 83 26 53 22 5 
91 10 83 26 53 22 5 28 50 56 4 77 90 17 25 80 30 9 24 68 52 1 67 71 63 2 79 69 98 64 0 41 84 66 44 87 86 13 95 61 14 34 3 40 55 81 20 6 65 33 58 60 51 37 16 35 89 99 74 73 36 85 7 38 72 39 46 78 21 96 47 62 48 76 49 8 70 97 59 75 93 92 19 12 18 43 32 23 11 54 42 82 94 27 88 15 45 31 29 57 
22 53 26 83 10 91 28 50 56 4 77 90 98 64 29 57 41 84 66 44 87 86 13 20 81 34 14 95 61 3 40 54 55 23 11 32 43 18 12 19 92 93 82 75 59 97 70 8 49 76 48 62 96 47 78 21 73 74 15 88 27 99 94 42 65 6 33 58 60 89 35 51 16 37 45 36 85 7 72 39 46 38 63 71 67 1 2 68 24 9 80 30 25 17 69 52 79 31 0 5 
53 22 5 83 26 10 91 28 50 56 4 77 90 17 25 30 80 9 24 68 52 1 2 67 71 63 31 79 69 98 64 29 57 37 16 35 89 60 51 45 74 73 36 85 7 38 72 39 46 78 21 96 47 62 48 76 49 8 70 59 75 82 93 92 19 12 18 43 32 97 94 99 27 15 88 42 65 6 33 58 87 86 13 61 95 14 34 81 55 54 23 11 40 3 20 44 66 84 41 0 
89 35 16 37 51 60 58 87 86 44 66 91 10 83 26 5 22 53 61 95 14 34 81 55 3 40 54 23 11 32 43 18 12 19 92 93 82 75 59 97 70 8 49 76 48 62 96 47 78 21 72 46 39 38 7 85 36 73 74 15 27 88 99 94 42 65 6 33 20 13 28 50 56 4 77 90 17 25 30 80 9 24 68 2 67 1 52 79 69 98 64 0 41 84 57 29 31 71 63 45 
50 56 4 77 90 17 25 30 80 9 24 68 2 1 67 71 63 31 79 52 69 98 64 29 57 41 84 66 91 10 83 26 5 22 53 61 95 14 34 81 55 54 23 11 40 3 92 82 75 59 97 18 43 32 12 19 93 42 65 6 33 58 60 51 37 16 35 45 74 73 36 85 7 38 72 39 46 78 21 96 47 62 48 76 49 8 70 88 15 27 99 94 89 44 87 86 20 13 28 0 
74 73 36 45 16 35 89 60 51 37 31 79 1 52 69 98 90 17 25 30 80 9 24 68 2 67 71 63 72 39 46 78 21 96 47 62 48 76 49 8 70 59 97 75 82 93 19 12 18 43 32 11 23 54 55 81 3 40 34 14 95 61 13 20 86 87 44 66 0 41 57 29 64 77 4 28 50 56 5 22 53 26 83 10 91 84 58 33 65 6 42 92 94 99 27 88 15 85 7 38 
98 90 77 4 56 50 28 91 10 83 26 5 22 53 61 95 14 34 81 40 3 55 54 23 11 32 43 97 59 75 93 82 94 99 27 15 73 74 36 45 16 37 51 60 89 35 58 87 44 86 13 20 6 33 65 42 92 19 12 18 70 8 49 76 48 62 88 21 96 47 78 46 39 72 7 38 85 63 71 67 2 1 52 69 64 0 66 84 41 57 29 31 79 68 24 9 80 30 25 17 
3 40 34 81 55 54 23 11 32 43 18 12 19 92 93 82 75 59 97 70 8 49 76 48 62 21 96 47 78 46 72 39 7 85 36 74 73 15 88 27 99 94 42 65 6 33 58 60 89 35 16 37 51 57 29 64 98 69 17 25 30 80 9 24 68 2 67 71 63 38 45 31 79 1 52 90 77 4 56 50 28 66 84 41 0 91 10 83 26 5 22 53 13 86 44 87 20 14 95 61 
62 76 49 8 70 97 12 18 43 32 23 11 40 3 34 81 55 54 6 33 89 58 60 51 37 16 35 45 36 73 74 15 88 27 99 94 82 75 93 59 19 92 42 65 20 14 61 95 13 86 87 44 66 91 10 83 5 26 53 22 28 50 56 4 77 90 98 64 0 41 84 57 29 31 79 69 17 25 30 80 9 24 68 2 1 52 67 71 63 38 7 85 21 96 47 78 72 39 46 48 
95 61 13 34 14 20 86 44 87 58 60 51 37 16 35 89 33 6 65 42 92 19 12 18 43 32 23 11 40 3 55 81 54 82 75 93 59 97 70 8 49 76 48 62 96 47 21 78 46 39 72 85 7 38 36 73 15 88 27 99 94 74 45 31 69 98 17 25 30 80 9 24 68 2 1 67 71 63 79 52 57 29 64 90 77 4 56 50 28 0 41 84 66 91 10 83 26 5 22 53 
35 16 37 51 60 89 58 33 6 65 42 82 75 59 97 18 12 19 92 93 94 99 27 88 15 74 73 36 85 7 38 72 39 46 78 21 96 47 48 62 76 49 8 70 43 32 23 11 54 55 81 34 14 95 61 13 86 87 44 20 3 40 53 22 5 83 26 10 91 28 50 56 4 77 90 17 25 30 80 9 24 68 52 1 2 67 71 63 31 79 69 98 64 29 57 41 84 66 0 45 
66 84 41 57 29 64 98 69 79 31 71 63 67 1 52 2 68 24 9 80 30 25 17 90 77 4 56 50 28 0 91 10 83 5 13 61 95 14 34 81 55 54 23 11 40 3 20 86 87 44 58 89 60 51 37 16 35 45 74 73 36 85 7 38 72 39 46 78 21 96 47 62 48 76 49 8 70 59 97 18 43 32 12 19 92 93 75 82 94 27 88 15 99 42 65 6 33 53 22 26 
39 46 72 7 38 63 71 67 1 52 2 68 24 9 80 30 25 17 98 69 79 31 57 29 64 90 77 4 56 50 28 66 84 41 0 91 83 26 5 22 53 14 34 81 55 54 23 11 40 3 95 61 13 86 87 44 10 20 33 65 6 42 82 75 93 92 19 12 18 43 32 97 59 70 8 49 76 48 62 88 15 27 94 99 74 45 16 37 51 60 89 58 35 36 73 85 21 96 47 78 
16 37 51 60 89 35 45 36 74 73 15 27 88 49 76 48 62 96 47 78 21 85 7 38 72 39 46 63 71 67 1 2 52 68 24 9 80 30 25 17 90 64 98 69 79 31 29 57 41 84 66 91 10 83 5 26 53 22 28 50 56 4 77 0 44 86 87 58 33 65 6 20 13 61 95 14 34 81 55 54 3 40 11 23 92 42 82 75 93 19 12 18 43 32 97 59 70 8 94 99 
6 33 65 42 92 93 82 75 59 97 18 12 19 43 32 23 54 55 3 40 11 81 34 14 95 61 13 86 87 44 66 84 41 57 29 64 98 69 79 31 71 63 1 67 2 52 68 24 9 80 30 25 17 90 77 4 56 50 28 0 91 10 83 5 22 53 26 20 58 60 51 37 16 35 89 99 27 88 15 73 74 45 36 85 7 38 72 39 46 78 21 96 47 48 62 76 49 8 70 94 
41 84 66 44 87 86 10 91 83 26 5 22 53 61 95 14 34 81 55 3 40 54 23 11 32 43 18 12 19 92 93 82 75 59 97 70 8 49 76 48 62 96 21 47 78 46 39 72 7 85 36 73 74 99 94 27 15 88 45 16 37 51 35 89 60 58 33 6 65 42 20 13 28 50 56 4 77 90 17 25 30 80 9 68 24 52 1 2 67 71 63 38 31 79 69 64 98 29 57 0 
9 80 30 25 17 90 64 29 57 41 84 66 91 10 83 5 26 53 22 50 56 28 0 4 77 98 69 79 31 37 16 35 89 60 51 45 36 73 74 15 88 27 99 94 82 93 75 59 97 12 18 43 32 23 11 54 55 81 34 3 40 13 61 95 14 20 86 87 44 58 33 65 6 42 92 19 70 8 49 76 62 48 96 47 21 78 46 72 39 7 85 38 63 71 67 1 2 68 24 52 
47 96 21 78 46 39 72 7 38 63 71 67 1 52 2 68 24 80 9 30 25 17 90 98 64 69 79 31 29 57 41 84 66 91 10 83 5 26 53 22 50 56 4 77 0 28 44 87 58 60 51 37 16 35 89 33 6 65 42 92 19 12 18 43 32 23 11 40 3 55 81 34 14 95 61 13 86 20 54 99 94 82 93 75 59 97 70 8 49 76 48 62 88 27 15 73 74 45 36 85 
84 41 0 28 91 10 83 26 5 22 53 50 56 77 4 90 98 64 29 57 31 79 69 17 25 30 80 9 24 68 2 1 52 67 71 63 38 7 85 36 73 74 15 88 27 99 94 82 75 59 70 8 49 76 48 62 96 21 78 47 46 39 72 45 35 16 37 51 60 89 58 33 42 65 6 20 14 34 81 55 54 23 92 93 19 12 18 97 43 32 11 40 3 95 61 13 86 87 44 66 
80 30 25 17 90 98 64 69 79 31 29 57 41 84 66 44 86 87 58 60 89 35 16 37 51 45 74 73 36 85 7 38 39 72 46 78 21 96 47 27 15 88 49 76 48 62 8 70 59 97 18 43 32 12 19 92 93 82 75 94 99 42 65 33 6 20 14 34 81 55 54 23 11 40 3 95 61 13 53 22 5 26 83 10 91 28 50 56 4 77 0 52 1 67 71 63 2 68 24 9 
0 41 84 66 44 87 86 13 61 95 14 34 81 55 54 23 11 40 3 20 6 42 65 33 58 60 89 35 16 37 51 45 74 73 36 85 7 72 39 46 78 21 96 47 62 48 76 49 8 70 75 59 97 18 43 32 12 19 92 93 82 94 99 27 15 88 38 63 71 67 1 52 24 68 2 9 80 30 25 17 98 64 69 29 57 31 79 90 77 4 56 50 28 91 10 83 5 22 53 26 
30 25 17 98 69 79 31 29 64 0 28 50 56 4 77 90 57 41 84 66 91 10 83 26 5 22 53 61 13 44 86 87 20 14 95 3 40 34 81 55 54 23 11 32 43 18 12 19 92 93 82 75 59 97 70 8 49 76 48 62 47 96 21 78 72 39 46 7 85 36 73 74 15 88 27 99 94 42 65 6 33 89 35 16 37 51 60 58 45 38 63 71 67 1 2 68 52 24 9 80 
43 32 23 54 55 81 34 14 95 61 13 86 87 44 10 91 83 26 5 22 53 50 56 28 4 77 90 17 25 30 80 9 24 68 2 52 1 67 71 63 31 79 69 98 64 29 57 0 41 84 66 58 60 89 35 51 37 16 45 74 73 36 85 7 38 72 39 46 78 21 96 47 48 62 76 49 8 70 59 97 18 12 19 93 82 75 94 99 27 15 88 42 65 6 33 20 3 40 11 92 
31 29 57 41 84 66 91 10 83 5 22 53 26 28 50 56 4 77 90 17 25 30 80 9 24 68 2 67 1 52 79 71 63 38 7 85 36 73 74 15 88 27 99 94 42 65 6 33 89 60 51 35 16 37 45 72 39 46 78 21 96 47 48 62 76 49 8 70 75 82 93 92 97 59 19 12 18 43 32 23 11 54 55 81 34 3 40 20 14 95 61 13 86 87 44 58 0 64 98 69 
91 10 83 5 26 22 53 13 61 95 14 34 3 40 81 55 54 23 11 32 43 18 12 19 92 93 82 75 59 97 70 8 49 76 48 62 88 27 15 73 74 36 85 7 38 72 39 46 78 21 47 96 45 16 37 51 60 89 35 99 94 42 65 6 33 20 58 87 86 44 66 84 41 57 29 64 0 4 77 90 17 25 30 80 9 24 68 2 67 1 52 79 31 71 63 69 98 56 50 28 
86 44 87 58 89 60 51 37 16 35 45 36 85 7 38 72 39 46 78 21 96 47 48 62 76 49 8 70 75 93 82 92 19 12 18 32 43 97 59 94 99 27 88 15 73 74 42 65 6 33 20 81 55 54 23 11 40 3 34 14 61 95 13 10 91 83 5 26 22 53 28 50 56 77 4 0 64 98 69 90 17 25 30 80 9 24 68 2 52 1 67 71 63 31 79 29 57 41 84 66 
