1.227392
1.172324
1.175440
1.182043
1.156263
1.183834
1.184336
1.174665
1.160812
1.161645
1.149079
1.149788
1.181881
1.148691
1.152356
1.150765
1.172458
1.148585
1.158340
1.176548
1.150433
1.144336
1.149469
1.146028
1.155144
1.145502
1.151727
1.158076
1.251816
1.201033
1.159040
1.143559
1.148780
1.180547
1.165344
1.145480
1.143518
1.151619
1.146415
1.154076
1.150491
1.150154
1.194175
1.258143
1.197088
1.155103
1.153352
1.153398
1.132298
1.145618
1.138793
1.166606
1.149408
1.141165
1.130340
1.156209
1.145814
1.141159
1.153673
1.244828
1.144548
1.159088
1.156367
1.160849
1.138074
1.140502
1.157793
1.138308
1.140900
1.143765
1.151424
1.139465
1.140677
1.134269
1.134724
1.134800
1.137526
1.149191
1.139543
1.131127
1.144793
1.138887
1.139186
1.133092
1.134165
1.136546
1.139218
1.138987
1.145900
1.136330
1.137498
1.153261
1.142036
1.143467
1.142505
1.149998
1.138723
1.142774
1.142138
1.137564
