11.788357
11.364868
11.444036
11.453087
11.461584
11.486173
11.953048
12.233003
12.061177
11.695111
11.626293
12.108829
13.088672
10.880627
10.563936
10.671606
10.568949
10.571267
10.515830
10.565171
10.808417
10.674520
10.749143
11.102264
11.650944
11.492726
11.528857
11.445980
11.484810
12.494323
11.672945
11.577313
11.541082
11.570030
11.507154
11.607385
11.571574
11.588895
11.523175
11.546774
11.660383
11.696887
11.728174
13.131937
13.244960
12.085383
11.760945
12.429374
12.613359
13.112260
11.354558
11.732256
12.200783
12.129205
12.433451
12.598969
12.840641
11.135348
10.900774
11.697698
10.805437
10.806395
10.694551
10.655377
10.657094
10.718214
10.658822
10.626794
10.679602
10.664080
10.642239
10.636964
10.684069
10.589670
10.743364
10.732500
10.688359
10.679072
10.651479
12.308226
14.058652
13.973111
14.172017
13.900569
13.972309
19.855375
18.692358
16.382714
15.741828
14.619706
14.131600
14.246874
14.189515
14.168420
14.558872
14.153627
14.443134
14.383297
14.568311
14.100175
