0.509752
0.496922
0.502573
0.490057
0.503082
0.487010
0.491876
0.498630
0.556476
0.536894
0.541942
0.481824
0.492315
0.490534
0.493540
0.488204
0.490821
0.486388
0.494080
0.487298
0.494015
0.487485
0.488078
0.491260
0.488021
0.486678
0.512039
0.503018
0.492437
0.485258
0.496209
0.491604
0.487106
0.495663
0.492207
0.482190
0.489656
0.483608
0.484472
0.487191
0.487108
0.488509
0.486888
0.484700
0.497363
0.489010
0.489190
0.491781
0.488559
0.488510
0.489556
0.490131
0.506665
0.497922
0.488140
0.504265
0.484150
0.488928
0.485551
0.487988
0.482930
0.488056
0.484713
0.500730
0.488289
0.490617
0.486151
0.494011
0.483881
0.500379
0.481702
0.483491
0.478742
0.474512
0.484935
0.483324
0.482877
0.556595
0.483659
0.488676
0.487709
0.490766
0.486850
0.485540
0.485433
0.485476
0.486659
0.517121
0.517409
0.493550
0.492776
0.503642
0.515896
0.496141
0.511127
0.522595
0.510889
0.530980
0.519246
0.504008
