9.240008
9.106563
9.273282
9.332983
9.164607
9.284632
9.132843
9.148814
9.145064
9.167247
9.177564
9.146413
9.148131
9.229606
9.140882
9.161654
9.462425
9.250327
9.326429
9.223103
9.165122
9.210264
9.233588
9.151784
9.153602
9.161373
10.642490
10.997184
12.031811
11.794769
11.898594
10.030982
9.210257
9.183594
9.147297
8.125519
7.599474
7.564010
7.565684
7.775219
7.771098
8.415858
7.776487
7.755498
8.173807
8.578665
8.137154
7.728013
8.453171
8.074888
7.696333
7.793514
7.577858
7.586739
7.785001
7.740821
7.732767
8.272417
8.361528
8.088426
7.771210
7.785540
7.654764
7.876122
8.160264
8.189292
7.842816
8.265527
8.589855
7.901881
7.856497
7.799723
7.912638
7.851564
7.699405
7.617433
8.265293
7.893326
7.782346
7.691520
7.876173
8.230042
7.799175
8.002226
7.660360
8.022772
8.398742
8.063770
7.968203
7.787300
7.635303
7.608039
7.613027
7.550085
7.611291
7.607655
7.574417
7.540421
7.583579
7.587979
