5.978638
5.914756
6.030673
7.311934
5.889583
7.186905
6.817382
10.329865
13.166047
7.179587
6.980699
12.721562
8.527642
11.203353
9.378184
8.889425
9.644983
8.924459
8.947924
8.677286
8.556303
8.783737
8.402369
8.463257
7.119360
9.183919
7.143556
8.172338
6.825797
5.567082
6.865891
7.369701
5.565696
6.127916
8.323233
6.964776
8.284544
6.999465
6.315416
6.512085
5.570256
5.529662
5.751581
7.889420
6.422479
5.704430
7.063971
7.424057
6.260672
5.513464
7.947448
9.665817
6.379694
6.364460
6.119456
5.736277
5.605115
6.274453
7.586018
7.685817
11.024685
9.767671
10.302719
10.411660
6.742527
6.165259
6.734651
7.596070
12.694841
5.649691
6.342655
7.019581
9.695727
6.085744
6.787341
5.651026
9.307291
8.567985
8.680473
8.460968
9.641399
8.864490
8.753800
8.594077
8.454876
8.424317
8.489556
8.520870
8.477181
8.343699
6.612874
6.434366
5.537409
5.479928
5.424869
5.474554
5.787615
6.162033
5.709158
6.603273
