1.152442
1.165658
1.141790
1.143101
1.140419
1.147332
1.181827
1.148942
1.143971
1.179614
1.148788
1.147432
1.159958
1.146398
1.151614
1.147934
1.146350
1.150481
1.147389
1.155804
1.158131
1.153645
1.141624
1.148248
1.141321
1.148305
1.139789
1.143330
1.137888
1.154285
1.142372
1.156666
1.168143
1.141812
1.141033
1.140345
1.139173
1.155732
1.148803
1.159426
1.144505
1.157739
1.212716
1.152785
1.143774
1.159769
1.169020
1.144575
1.139631
1.140438
1.158506
1.139621
1.142089
1.144469
1.151066
1.139918
1.142907
1.149258
1.143177
1.156208
1.148403
1.169015
1.153210
1.144816
1.143376
1.146387
1.138906
1.154023
1.141037
1.155378
1.144929
1.146362
1.147349
1.153502
1.156312
1.151705
1.141026
1.141859
1.140016
1.141358
1.145872
1.136953
1.140524
1.144673
1.141456
1.149096
1.152745
1.166179
1.138690
1.149433
1.142858
1.147503
1.137599
1.159985
1.140986
1.144075
1.145233
1.144692
1.148710
1.170328
