0.020666
0.017044
0.017111
0.016678
0.017057
0.016722
0.016985
0.017141
0.017191
0.017520
0.017569
0.017106
0.016471
0.017414
0.017071
0.017440
0.017345
0.017425
0.016746
0.016957
0.016693
0.016398
0.016058
0.016675
0.016428
0.016228
0.016652
0.016689
0.016675
0.017030
0.016753
0.017137
0.017220
0.016466
0.017324
0.018359
0.019467
0.019794
0.017172
0.017193
0.017253
0.016991
0.016737
0.016839
0.017203
0.016607
0.017087
0.016822
0.017570
0.017507
0.017552
0.017604
0.017696
0.015685
0.018557
0.018831
0.019662
0.017679
0.018458
0.017513
0.016026
0.016231
0.016912
0.016417
0.017341
0.016797
0.016770
0.017852
0.016929
0.016864
0.016439
0.015901
0.016672
0.015899
0.015805
0.016400
0.016515
0.015409
0.016238
0.016018
0.015554
0.015471
0.017014
0.016819
0.017908
0.016880
0.016852
0.017221
0.016587
0.016113
0.016793
0.016117
0.016725
0.016128
0.015964
0.015943
0.016289
0.015799
0.016387
0.016230
