2.053994
2.022485
2.017474
2.105772
2.181817
2.223140
2.246976
2.195564
2.181618
2.192779
2.184502
2.175571
2.117013
2.111913
2.110078
2.110089
2.204675
2.185344
2.106545
2.140336
2.069509
2.092210
2.065710
2.083931
2.077733
2.092147
2.079408
2.088193
2.085630
2.063836
2.064109
2.127444
2.061372
2.083042
2.050627
2.064633
2.069636
2.095777
2.060913
2.060813
2.060263
2.068734
2.079560
2.063361
2.061374
2.079144
2.051661
2.076274
2.062294
2.082038
2.048979
2.077874
2.061971
2.077897
2.059105
2.075682
2.068304
2.066655
2.079314
2.106145
2.063313
2.079772
2.061792
2.059556
2.061114
2.076062
2.074314
2.084817
2.066159
2.088339
2.064895
2.047676
2.086471
2.051221
2.062720
2.052654
2.084121
2.056591
2.051099
2.052684
2.063207
2.073633
2.047482
2.049781
2.084487
2.049808
2.058770
2.053172
2.078874
2.069407
2.072561
2.154384
2.156026
2.151860
2.105634
2.062871
2.066459
2.054945
2.059698
2.085736
