9.176252
10.819998
11.600686
11.923777
12.095066
11.585719
10.350710
10.652692
10.264354
10.270948
10.479081
10.284668
10.281767
10.292070
10.288223
10.304717
10.325638
10.312489
10.192018
10.246280
10.260475
10.267269
10.205076
10.231494
10.235281
10.210547
10.207745
10.255526
10.188633
10.115875
10.478338
10.249139
10.362396
10.257429
11.188707
10.280359
10.207664
10.213546
10.202737
10.199871
10.237207
10.243501
10.247327
10.237756
10.774849
10.480765
10.202937
10.233864
10.136529
10.109181
10.423005
10.708150
10.445702
11.053749
10.190143
10.169194
10.207256
10.221256
10.329362
10.264202
10.224072
10.242026
10.182417
10.258534
10.209943
10.163204
10.150786
10.832714
10.257590
10.218959
10.207865
10.273355
10.744546
10.274177
10.236582
10.626092
10.287903
10.283188
10.714851
11.055083
10.473228
10.998375
10.392027
10.448129
9.891909
9.939372
10.202225
10.400801
10.995229
10.217424
10.177196
10.260295
10.276609
10.175638
10.281546
10.242573
10.255797
10.574254
9.876337
9.640592
