4.760095
4.782032
4.774723
4.779862
4.802641
4.806422
4.769531
4.860268
5.137892
5.351130
5.366325
5.796894
5.250753
5.388093
5.524872
5.370513
5.675752
4.984668
4.993187
5.056307
5.056842
5.048965
4.974117
4.991076
4.982274
4.962891
4.982623
4.982156
5.052324
5.650474
5.717140
5.207129
5.035779
5.097853
5.040832
4.925277
5.058357
4.945231
4.819751
4.793183
4.751260
4.718115
4.760834
4.756910
4.734082
4.704914
4.740870
4.708471
4.721651
4.707755
4.754899
4.761904
4.733933
4.724030
4.744880
4.720840
4.733566
4.755197
4.744842
4.789503
5.400711
5.782894
5.247626
5.117274
5.066098
4.937098
4.938583
4.890356
4.923837
4.917751
4.920264
4.890433
4.854087
4.889104
4.958939
4.900963
4.863737
4.857490
4.953326
4.887158
4.998889
4.893066
4.877240
4.881489
4.893041
4.925325
4.868958
4.876694
4.888428
4.888354
4.889999
4.939032
4.908472
4.884205
4.877128
4.891774
4.666891
4.717764
4.701856
4.893346
