40 16 0.771794 1.871892 0.577577 10 4835.116444 4934.308956 38.586516 3568.756182 4346.231584
23 92 0.589483 4.254305 0.122120 2 4837.241515 4985.482951 54.381835 3414.287589 4115.807367
48 32 1.254009 1.764004 0.534720 9 6312.250033 6316.394909 0.769684 4475.643974 5519.486874
44 82 1.053250 3.182408 0.398216 6 6354.000139 6354.000139 0.000000 4805.039183 6033.438548
49 38 0.642832 2.856636 0.820703 10 5649.513194 5684.554299 31.852881 3891.767698 4995.568404
42 61 1.429847 4.598853 0.471942 9 5484.581161 5484.581161 0.000000 4323.763633 5360.802688
22 20 1.661536 4.763318 0.785189 10 5435.449632 5435.449632 0.000000 4042.927703 5323.171820
44 44 1.625123 1.222994 0.579602 5 5133.527021 5837.314929 151.195004 3466.515172 4334.949395
16 91 0.585740 4.231861 0.596188 7 6041.454282 6056.284282 13.872195 4197.697387 5293.931850
40 84 1.520658 1.039382 0.111536 10 6488.652637 7691.624674 223.386299 5013.813605 5996.113347
13 95 1.565253 3.757246 0.374345 5 5053.943248 5300.245517 174.163155 3703.633449 4567.101883
38 40 1.342457 4.237217 0.561603 10 6348.820307 6348.820307 0.000000 4413.188092 5419.058859
35 99 0.676099 4.233609 0.378541 2 6630.108566 6630.108566 0.000000 4602.312446 5688.907127
25 59 1.570603 3.159931 0.760648 10 5630.613464 5630.613464 0.000000 4387.934745 5520.596213
21 81 1.486434 3.459645 0.168415 5 5412.548594 5661.557775 137.372709 3830.491581 4819.861583
25 70 1.506033 2.354723 0.442874 7 6200.682518 6200.682518 0.000000 4951.898710 6200.682518
44 79 0.570540 1.458889 0.268758 5 5635.392199 5734.548087 128.601987 4503.472125 5389.863122
35 63 0.849560 4.660538 0.890586 7 5397.657593 5500.724565 45.021164 3572.478720 4621.148830
29 29 0.584432 4.518117 0.311911 8 6385.845624 6461.018965 36.361793 4797.915021 6036.428962
46 59 1.080613 4.635465 0.705877 8 5126.936517 5284.700386 84.598333 3421.953876 4220.482241
47 7 1.295340 4.860049 0.346919 2 4347.958562 4398.201445 9.329869 3095.998797 3648.813413
15 49 1.323293 4.271209 0.863984 10 5114.421523 5114.421523 0.000000 4006.097315 4955.162118
41 57 0.511623 3.909880 0.396033 5 6342.311415 6366.367482 25.717017 4040.184520 5531.476913
47 87 0.617601 1.583935 0.165606 4 4930.053369 5023.878399 96.281597 3863.225014 4653.935209
41 104 1.434333 3.906482 0.712707 4 6005.464964 6179.792089 32.371734 4536.368896 5595.994085
38 38 0.840222 3.403957 0.492326 4 5981.207601 6026.042684 8.325666 3704.771698 4829.483216
31 27 1.558435 4.218008 0.146269 5 5461.437642 5461.437642 0.000000 4476.737986 5355.157021
31 59 0.634148 1.309689 0.149487 2 6644.518923 6672.764757 39.085594 4207.925771 5315.882637
48 79 1.955240 4.502999 0.423944 2 5605.711650 5861.307474 55.889848 4005.136900 5174.983471
49 36 1.160920 3.400226 0.347884 4 6138.351170 6138.351170 0.000000 4567.785661 5384.778346
23 36 0.542911 3.949035 0.290969 9 5462.826997 5462.826997 0.000000 4081.235936 4984.519944
22 63 0.791534 1.705831 0.892823 9 5774.269303 5897.751365 126.178057 3846.485279 4877.054539
40 60 0.558327 4.985949 0.224984 9 5529.629598 5529.629598 0.000000 3854.626020 4913.948445
43 94 1.022823 3.661846 0.319014 1 6343.612891 6343.612891 0.000000 4889.148611 6064.789713
42 73 1.145849 3.593746 0.505561 10 5720.965263 5720.965263 0.000000 4019.401805 4904.440307
26 84 0.515481 1.695685 0.526813 6 6008.484341 6207.859666 63.056796 4056.869503 5317.032792
38 94 1.567643 3.371972 0.489454 1 5105.656254 5359.420249 47.122791 3820.149722 4731.935333
15 89 0.627426 2.171220 0.690524 4 5422.238349 5442.461309 33.535986 4168.099197 5048.268499
33 92 0.513042 1.036242 0.827046 10 6143.822697 6617.108235 438.360180 5109.669585 5970.741591
23 33 1.253744 2.143165 0.808171 3 6485.724966 6672.850168 310.534366 4611.570671 5809.741360
30 55 1.620836 4.518022 0.527898 9 5839.729278 5839.729278 0.000000 3992.884000 5027.767526
20 25 0.614800 4.858804 0.628444 2 4560.870966 4560.870966 0.000000 3184.791045 3831.682072
17 32 1.576038 4.936210 0.593032 3 5414.788080 5414.788080 0.000000 3785.412994 4910.699672
44 37 0.904070 2.402857 0.572760 6 5711.109619 5787.294351 70.050901 3963.639554 4717.914040
44 49 1.439270 2.323861 0.209572 3 5692.546009 5791.336329 64.673446 4350.498136 5472.331111
21 93 1.487524 1.664142 0.852827 9 6507.970166 7159.773520 417.296294 4768.532736 5899.849933
44 34 0.983579 4.874867 0.415729 5 5238.312701 5238.312701 0.000000 3426.395036 4278.258875
22 50 1.637448 4.343033 0.576859 4 5453.432568 5453.432568 0.000000 4254.662278 5427.931642
49 92 1.083892 2.819832 0.349205 6 5389.281617 5389.281617 0.000000 3866.718310 4862.325662
17 63 1.226812 2.002741 0.464730 5 5612.645978 5612.645978 0.000000 4227.575386 5205.611173
43 69 1.914047 1.178442 0.626786 1 5910.719563 5910.719563 0.000000 3810.547257 5000.683804
23 84 1.330672 2.402780 0.113259 9 6608.021530 6610.981649 7.546852 4991.021221 6350.443524
39 7 1.880486 4.120870 0.592348 2 6101.003530 6173.399365 13.443569 4237.067087 5310.528777
12 58 1.675576 3.431032 0.886276 1 5876.349028 5990.178029 24.759450 4165.212770 5412.549934
42 67 1.973703 2.592365 0.566388 2 6092.248755 6092.248755 0.000000 4886.335770 6041.846479
18 8 0.922134 1.775759 0.428193 2 5476.225935 5648.839055 46.206517 3862.324667 4940.623791
38 13 0.985917 4.868198 0.539454 5 4198.680414 4198.680414 0.000000 3343.122751 4167.261089
27 77 1.734599 1.377850 0.766533 6 6065.647511 6454.613029 388.965519 4892.388883 6008.962878
49 15 1.426028 3.930351 0.699075 9 6515.660994 6713.291015 77.516872 4628.406318 5892.172514
38 71 0.599111 2.997200 0.115291 6 5587.358298 5587.358298 0.000000 4454.340745 5397.851742
43 71 1.825288 1.822894 0.571747 6 5139.475763 5139.475763 0.000000 4363.247704 5139.475763
23 69 1.247559 2.111063 0.210826 3 5940.965814 5940.965814 0.000000 4392.776060 5610.449251
19 47 0.595159 1.910314 0.417957 4 5765.033462 5765.033462 0.000000 4124.367553 5182.230021
20 49 1.621626 4.355296 0.569584 1 4660.370163 4660.370163 0.000000 3475.755740 4371.834420
40 29 1.461866 1.748450 0.761670 8 5203.383311 5203.383311 0.000000 3919.518965 4759.690971
45 60 0.554845 2.283922 0.367110 9 6834.929477 7091.722457 130.223776 5003.250733 5975.811271
39 20 0.930912 3.590769 0.848700 7 7079.066268 7117.638693 27.274823 4787.312468 6093.149364
31 36 1.033957 4.270983 0.754999 2 3700.928509 3746.628381 56.195505 2418.175683 3039.365760
17 83 1.482228 1.535710 0.850434 8 6480.992580 6597.033766 158.466898 4292.214406 5238.183221
37 85 1.693679 3.067914 0.325899 10 4813.103103 5483.938210 167.524739 3914.728228 4699.256749
17 104 1.222634 1.969272 0.876122 10 5080.522833 5253.397735 32.102063 3923.825440 4657.222508
13 91 1.757250 3.162286 0.407684 2 6837.680601 6954.936224 21.773822 4633.354347 5739.430746
17 18 1.795278 3.345532 0.420819 6 6297.975124 6478.238941 33.474151 4407.136004 5504.254783
23 51 1.948359 4.880266 0.724522 10 5804.101725 5804.101725 0.000000 4183.254990 5287.021711
29 43 1.872967 1.549881 0.587440 10 5725.039231 6539.744420 151.286956 4097.552605 5085.836471
13 48 1.750050 1.025372 0.362044 6 6343.383838 6343.383838 0.000000 4099.905335 5123.511704
31 84 1.803098 1.432035 0.868096 9 5898.518165 6624.668543 137.711938 4395.838718 5371.605596
20 21 1.461198 1.412307 0.771664 1 4774.973307 4774.973307 0.000000 3476.168173 4243.095810
41 43 1.885495 1.814574 0.160796 6 7098.885864 7546.868293 151.730272 4931.857990 6244.741838
32 93 0.741008 2.472492 0.726798 4 6273.923987 6273.923987 0.000000 4095.325832 5084.548759
48 76 0.783048 2.077473 0.257583 3 6477.741236 6477.741236 0.000000 4634.289410 6026.126326
48 73 0.572148 2.495985 0.113572 4 6970.563469 6977.123483 7.012950 4735.966175 5802.737003
37 23 0.771131 4.811707 0.745438 4 6246.317667 6294.301896 63.063631 4757.868492 5714.279364
34 41 1.330967 1.585394 0.648056 2 6117.294788 6117.294788 0.000000 4375.033179 5486.638908
29 71 0.830816 3.989693 0.425692 6 5380.502809 5380.502809 0.000000 4152.225560 5309.550061
44 98 1.769105 3.566533 0.349928 8 4831.454713 5094.736192 48.890143 3475.803959 4379.096824
34 49 0.880612 1.672840 0.828294 2 6549.119592 6661.997264 86.836787 3962.589989 5389.107426
33 49 1.889587 1.725410 0.668856 4 5395.450270 5634.263453 109.099906 3377.342478 4390.028257
33 92 0.647597 1.458157 0.494103 3 6113.546716 6357.960911 193.658953 4310.790228 5569.837884
38 39 0.506642 4.618229 0.706496 9 5007.517611 5007.517611 0.000000 3329.400666 4195.537491
48 43 0.884280 4.569361 0.231413 2 5787.999221 5787.999221 0.000000 4328.033548 5258.990582
44 100 1.068194 1.121340 0.576811 5 5601.816781 5767.687449 116.952926 4208.853822 5210.469030
37 99 1.803834 3.896899 0.634170 5 6015.755230 6015.755230 0.000000 4644.267541 5513.013764
16 53 0.506617 4.928016 0.120711 5 5723.366930 5723.366930 0.000000 4067.192382 5039.655749
45 61 0.649757 3.277232 0.661836 3 5846.694682 5846.694682 0.000000 4129.069245 5441.933675
23 64 1.317855 3.792410 0.443122 7 5307.706195 5307.706195 0.000000 3981.976777 4919.657426
29 100 0.677588 2.443070 0.367222 2 5046.437844 5052.923731 19.457661 3628.159290 4534.565380
13 77 1.474276 2.111865 0.334687 2 5552.954207 5805.096128 46.821579 3995.827248 4832.536579
48 96 1.596079 1.590371 0.781096 4 5679.276822 5679.276822 0.000000 3396.704674 4327.650429
30 84 1.991809 1.112055 0.488927 2 5678.897396 6276.437369 110.960387 3753.558119 4567.858432
