8050.561448
8105.098779
8092.101458
7999.270513
7999.270513
8051.750442
8036.437414
8001.159891
8141.709668
8042.552534
8087.027965
8042.552534
7976.736786
7941.459263
8058.971141
8133.370779
8025.129817
8118.648169
8089.833002
8108.637994
8093.143085
7908.452269
7987.962917
8007.435852
7987.962917
7941.459263
7968.152897
8014.458471
8019.391546
8105.098779
7908.452269
7968.152897
8131.257834
8058.971141
7982.851906
7968.152897
8093.143085
8083.193442
8082.771405
7968.152897
8093.143085
8018.743448
7987.486548
7908.452269
7978.902659
8093.143085
7908.452269
7886.195037
8042.552534
8241.001134
8014.180182
7968.152897
8105.396005
7968.152897
8058.971141
7982.851906
7987.486548
7886.195037
8060.514173
7908.452269
7968.152897
7908.452269
8030.699142
7908.452269
8030.699142
8030.699142
7886.195037
8029.493210
8109.561692
8051.750442
8173.383296
7908.452269
8051.750442
7908.452269
8083.471325
8104.393234
8177.359778
8007.435852
8042.552534
7908.452269
7908.452269
8008.441910
8179.850312
7897.144673
7908.452269
7886.195037
8019.391546
7956.845300
8019.391546
8093.143085
8014.180182
7908.452269
8030.699142
7956.845300
8063.706136
7968.152897
7956.845300
8050.561448
8060.485756
8018.743448
