12008.623026
11978.547018
11959.021978
11909.115161
11933.991738
11927.141846
11865.900233
11902.768577
11967.212223
11879.500637
11879.500637
11927.059781
11824.014390
11946.666886
11935.332090
12022.546975
11957.681625
11967.212223
11788.409040
11959.021978
11959.021978
11944.835976
11889.590121
11967.212223
11925.144823
11977.306185
11881.349229
11893.264691
11967.212223
11940.728644
11822.865915
11875.459546
11800.324503
11935.332090
11935.332090
11956.089654
11935.332090
11898.866722
11997.901438
11982.847862
11985.654457
11893.264691
11941.114754
11978.465900
11935.332090
11889.985356
11921.531061
11926.581583
11946.585768
11967.212223
11959.021978
11926.581583
11936.902516
11909.034043
11808.093664
11978.465900
11967.212223
11946.585768
11950.554405
11936.563667
11788.409040
11887.539387
11908.777746
11925.144823
11926.581583
11967.212223
11790.985783
11959.021978
11837.103082
11979.691460
11947.704799
11923.804470
11926.581583
11946.585768
11867.344783
11881.349229
11967.212223
11867.344783
12046.147966
11837.027089
11906.567167
11911.380769
11882.593088
11800.324503
12022.546975
11946.585768
11946.585768
11926.581583
11967.212223
11822.865915
12033.874310
11959.021978
11959.021978
11912.571053
11953.448169
11926.581583
12020.585119
11959.021978
11909.034043
11909.034043
