9562.432451
9529.254435
9750.704737
9803.296323
9677.068073
9463.333144
9523.497503
9725.759992
9610.496290
9668.717401
9725.759992
9610.496290
9547.383975
9523.497503
9542.687844
9610.077710
9754.693154
9587.936202
9486.265636
9629.903002
9653.387902
9682.504367
9588.091753
9445.390191
9445.390191
9655.700790
9529.254435
9529.254435
9476.086125
9591.730206
9543.681027
9548.999041
9463.333144
9709.595597
9499.030554
9794.631775
9588.091753
9535.705234
9735.337038
9660.126884
9645.018208
9645.018208
9752.151668
9663.246020
9687.810907
9639.308868
9653.387902
9547.383975
9622.744423
9596.849337
9596.849337
9619.621434
9644.898516
9698.891722
9667.928683
9596.849337
9685.754985
9719.301104
9529.254435
9587.936202
9596.849337
9468.826048
9468.826048
9563.769516
9610.496290
9610.496290
9491.397426
9678.324442
9463.333144
9608.551096
9610.496290
9618.160083
9694.216994
9764.382925
9610.077710
9810.074641
9827.809653
9809.525162
9941.437660
9843.146525
9912.077202
9623.929699
9663.246020
9473.684133
9529.254435
9472.814065
9721.096993
9864.016559
9692.621204
9677.326046
9373.714758
9373.714758
9535.705234
9535.705234
9649.413537
9499.030554
9721.096993
9618.160083
9607.812152
9810.002641
