9344.543957
9332.339176
9421.616341
9314.157643
9471.384099
9314.157643
9417.540456
9375.645981
9345.259666
9345.259666
9456.305943
9345.259666
9314.157643
9332.339176
9387.154141
9314.157643
9405.335674
9439.797874
9494.612840
9314.157643
9525.038962
9384.987065
9448.642480
9449.680261
9344.543957
9384.073155
9301.952861
9450.132235
9332.339176
9344.543957
9374.949360
9403.168598
9314.157643
9314.157643
9437.475479
9423.823226
9314.157643
9384.987065
9483.899234
9375.645981
9421.616341
9314.157643
9387.850762
9375.645981
9353.686841
9396.277937
9314.157643
9314.157643
9314.157643
9332.339176
9384.987065
9461.339884
9394.168674
9375.645981
9314.157643
9357.464448
9384.987065
9471.384099
9415.373380
9384.073155
9332.339176
9375.645981
9314.157643
9314.157643
9403.168598
9332.339176
9344.543957
9384.987065
9332.339176
9365.891622
9357.464448
9314.157643
9410.902735
9398.398255
9314.157643
9314.157643
9345.259666
9398.398255
9314.157643
9415.373380
9314.157643
9314.157643
9314.157643
9344.543957
9314.157643
9384.987065
9423.823226
9398.398255
9314.157643
9314.157643
9365.891622
9415.373380
9394.168674
9437.475479
9387.850762
9357.464448
9483.899234
9314.157643
9375.645981
9406.373455
