8726.081228
8721.405414
8774.860669
8774.860669
8721.405414
8770.184855
8770.184855
8774.860669
8746.465982
8774.860669
8774.860669
8777.942585
8726.081228
8774.860669
8721.405414
8770.184855
8774.860669
8774.860669
8774.860669
8774.860669
8777.942585
8774.860669
8774.860669
8774.860669
8774.860669
8774.860669
8777.942585
8774.860669
8754.223711
8727.032254
8758.508857
8758.508857
8774.860669
8774.860669
8825.026707
8754.223711
8726.081228
8774.860669
8754.223711
8774.860669
8774.860669
8774.860669
8774.860669
8774.860669
8848.745581
8825.026707
8777.942585
8774.860669
8746.465982
8721.405414
