7149.585901
7203.280530
7203.280530
7229.087437
7149.585901
7149.585901
7149.585901
7149.585901
7149.585901
7149.585901
7149.585901
7149.585901
7149.585901
7149.585901
7149.585901
7203.280530
7149.585901
7149.585901
7149.585901
7203.280530
7149.585901
7149.585901
7149.585901
7149.585901
7149.585901
7203.280530
7149.585901
7149.585901
7149.585901
7149.585901
7149.585901
7149.585901
7149.585901
7149.585901
7149.585901
7149.585901
7149.585901
7149.585901
7149.585901
7149.585901
7149.585901
7149.585901
7149.585901
7203.280530
7149.585901
7149.585901
7149.585901
7203.280530
7149.585901
7149.585901
7149.585901
7149.585901
7149.585901
7149.585901
7149.585901
7149.585901
7149.585901
7149.585901
7149.585901
7149.585901
7149.585901
7149.585901
7149.585901
7149.585901
7149.585901
7149.585901
7203.280530
7149.585901
7149.585901
7149.585901
7229.087437
7203.280530
7203.280530
7203.280530
7203.280530
7203.280530
7203.280530
7203.280530
7229.087437
7203.280530
7203.280530
7149.585901
7149.585901
7149.585901
7149.585901
7149.585901
7149.585901
7149.585901
7229.087437
7149.585901
7229.087437
7229.087437
7203.280530
7229.087437
7203.280530
7149.585901
7149.585901
7149.585901
7203.280530
7149.585901
