12689.418237
12852.711966
12663.870373
12671.394912
12890.621494
12798.255077
12944.292579
12827.228943
12927.893598
12971.842218
12651.924328
12915.892298
12599.972800
12758.284792
12645.066337
12805.736248
12725.955053
12822.665099
12734.605942
12653.636860
12834.254480
12527.426744
12836.639789
12891.279462
12693.421411
12772.777073
12857.224469
12777.371632
12861.962493
12852.711966
12902.479239
12841.070415
12993.673758
12925.915041
12920.809833
12953.182384
12776.729756
12725.955053
12762.553438
12633.519012
12746.118912
12973.929839
12655.447522
12884.914946
12573.407350
12675.611381
12750.719324
12893.988319
12460.867128
12613.194224
12762.553438
12676.127743
12725.791851
12567.719265
12750.719324
12930.331803
12471.414708
12883.393746
12815.890671
12979.698507
12871.937197
12726.614046
12725.955053
12822.665099
12610.730500
12930.331803
12781.237734
12725.955053
12810.281525
12623.962411
12823.552907
13029.228631
12869.849575
12658.239724
12725.955053
12725.955053
12736.560037
12733.811342
12573.407350
12758.575613
12725.955053
12701.628546
12768.918816
12746.180902
12739.077773
12822.221596
12762.553438
12877.705865
12573.407350
12886.389722
12531.526370
12775.572439
12819.665875
12901.636226
12617.859428
12852.711966
12562.859771
12570.716060
12764.334150
12855.811583
