12421.849564
12604.667512
12638.216452
12411.844556
12471.391564
12266.823232
12448.070442
12505.976871
12514.184238
12586.078045
12469.727577
12462.919371
12421.849564
12460.581515
12425.922264
12411.844556
12504.697451
12220.956287
12220.956287
12578.867502
12347.432811
12589.160105
12415.704148
12396.289284
12464.107882
12520.489557
12244.167121
12477.524150
12546.418639
12376.951129
12446.385713
12513.963778
12147.773591
12370.625765
12589.167129
12465.999830
12339.615483
12514.184238
12514.184238
12347.432811
12443.785456
12264.209171
12368.181007
12313.525946
12444.288189
12402.914133
12325.797157
12496.568351
12313.525946
12347.432811
12509.341910
12220.956287
12467.000819
12449.611013
12244.167121
12421.849564
12283.550006
12176.724331
12482.637290
12250.258513
12250.258513
12364.247805
12153.914321
12421.849564
12342.294505
12342.294505
12490.251141
12550.767814
12347.432811
12550.322347
12267.810471
12438.556123
12438.556123
12513.185166
12456.363269
12218.744943
12496.568351
12304.020211
12559.325764
12147.773591
12572.107084
12341.001139
12313.525946
12421.849564
12298.820754
12349.500707
12482.637290
12441.828600
12455.269360
12396.289284
12557.635479
12342.294505
12467.648683
12332.086814
12550.322347
12351.045496
12183.766894
12332.888224
12421.849564
12218.744943
