11205.989251
11205.989251
11205.989251
11229.136541
11057.284799
10952.939809
10687.658097
11133.692535
11296.912059
11031.630347
11054.050024
11136.811718
11109.929046
11184.493102
10856.266244
10903.861357
11005.122474
11205.989251
11193.872541
10726.868440
11121.543050
10940.017098
10754.880052
11031.630347
11006.066733
11109.929046
11031.630347
10971.021952
11129.511455
11121.543050
10952.920275
10740.260702
10588.513944
11039.736856
11129.511455
11049.019617
11099.519053
11133.692535
11133.692535
10740.260702
11222.265209
11204.195655
10855.990267
11151.411533
11031.630347
11104.859502
11001.004474
11193.872541
11047.770963
11195.574151
11296.892525
11212.057105
11193.872541
11048.788759
11066.491647
11193.199092
11138.595451
11048.881421
11185.288826
11206.791116
11153.165929
11193.872541
11054.050024
11136.811718
11240.587689
11193.199092
11027.246363
10880.929196
10585.488396
11210.736900
11155.581449
11285.968240
11299.681980
11133.692535
11133.452997
11193.872541
11136.811718
11113.406977
11133.692535
11299.681980
11031.630347
11133.692535
11155.581449
11156.202512
11155.581449
11048.077922
11047.770963
11121.543050
11212.057105
11301.025676
11129.511455
11132.162082
11193.872541
11144.514393
10656.709610
11220.098821
11031.630347
11031.630347
11185.288826
11253.969185
