9755.730671
9803.540800
9633.282240
9755.730671
9633.282240
9633.282240
9633.282240
9755.730671
9633.282240
9778.986450
9955.499979
9633.282240
9755.730671
9633.282240
9999.255304
9963.959570
9813.195342
9755.730671
9755.730671
9633.282240
9755.730671
9792.646520
9755.730671
9755.730671
9711.685607
9755.730671
9633.282240
9755.730671
9755.730671
9792.646520
9724.838581
9775.586877
10018.101666
9775.586877
9633.282240
9633.282240
9633.282240
9755.730671
9792.646520
9755.730671
9885.450130
9755.730671
9792.646520
9707.125048
9798.427091
9755.730671
9755.730671
9724.838581
9755.730671
9633.282240
9633.282240
9633.282240
9755.730671
9792.646520
9804.595290
9633.282240
9633.282240
9792.646520
9798.427091
9927.339727
9755.730671
9792.646520
9633.282240
9633.282240
9885.450130
9633.282240
9755.730671
9633.282240
9755.730671
9633.282240
9633.282240
9792.646520
9957.791371
9755.730671
9633.282240
9633.282240
9792.646520
9633.282240
9633.282240
9633.282240
9792.646520
9792.646520
9755.730671
9792.646520
9866.489328
9954.823033
9954.823033
9885.450130
9755.730671
9633.282240
9707.125048
9707.125048
9792.646520
9707.125048
9792.646520
9755.730671
9633.282240
9755.730671
9633.282240
9925.346230
