7927.792412
7927.792412
7982.045181
7942.596427
7927.792412
7927.792412
7927.792412
7906.484641
7927.792412
7906.484641
7853.142787
7853.142787
7927.792412
7927.792412
7927.792412
7853.142787
7853.142787
7853.142787
7853.142787
7942.596427
7838.338772
7927.792412
7853.142787
7927.792412
7927.792412
7995.938281
7927.792412
7927.792412
7906.484641
7927.792412
7927.792412
7853.142787
7853.142787
7927.792412
7927.792412
7927.792412
7927.792412
7927.792412
7927.792412
7838.338772
7838.338772
7838.338772
7927.792412
7927.792412
7942.596427
7942.596427
7942.596427
7927.792412
7927.792412
7942.596427
7942.596427
7927.792412
7927.792412
7942.596427
7927.792412
7927.792412
7927.792412
7838.338772
7838.338772
7927.792412
7838.338772
7927.792412
7927.792412
7927.792412
7927.792412
7942.596427
7927.792412
7927.792412
7927.792412
7927.792412
7927.792412
7927.792412
7838.338772
7838.338772
7838.338772
7927.792412
7927.792412
7927.792412
7853.142787
7982.045181
7927.792412
7838.338772
7838.338772
7927.792412
7927.792412
7927.792412
7927.792412
7927.792412
7927.792412
7927.792412
7927.792412
7927.792412
7927.792412
7927.792412
7927.792412
7838.338772
7838.338772
7927.792412
7853.142787
7838.338772
