8572.517941
8523.493879
8528.833866
8482.819747
8424.780431
8482.819747
8482.819747
8424.184293
8464.858424
8464.858424
8464.858424
8523.493879
8482.819747
8424.184293
8464.858424
8531.843809
8464.858424
8482.819747
8528.833866
8528.833866
8528.833866
8482.819747
8464.858424
8523.493879
8539.017528
8528.833866
8464.858424
8464.858424
8464.858424
8424.184293
8464.858424
8482.819747
8482.819747
8482.819747
8464.858424
8528.833866
8424.184293
8464.858424
8424.184293
8482.819747
8464.858424
8528.833866
8464.858424
8464.858424
8482.819747
8482.819747
8464.858424
8523.493879
8482.819747
8464.858424
8424.780431
8464.858424
8572.517941
8424.184293
8519.220870
8528.833866
8512.192739
8482.819747
8424.184293
8539.017528
8482.819747
8424.780431
8482.819747
8464.858424
8424.780431
8482.819747
8464.858424
8464.858424
8528.833866
8424.780431
8424.780431
8482.819747
8482.819747
8464.858424
8482.819747
8482.819747
8464.858424
8528.833866
8464.858424
8572.517941
8424.780431
8528.833866
8464.858424
8482.819747
8482.819747
8464.858424
8464.858424
8482.819747
8482.819747
8482.819747
8482.819747
8424.184293
8539.017528
8482.819747
8482.819747
8482.819747
8464.858424
8482.819747
8424.184293
8424.184293
