12723.849588
13126.682650
12904.625494
13235.540747
13092.743456
12783.487353
12325.733577
13340.891081
12664.363898
12881.062803
13021.080702
12652.724436
12935.204039
13359.382129
13161.541776
12909.619350
12987.471032
12501.324234
13030.824965
12929.197954
13029.017544
12947.676548
12649.367826
12611.423519
13027.327357
12953.564768
12852.498665
12789.512126
12945.975111
12921.130010
12919.018057
13086.355098
13160.866968
13163.248028
13224.472012
12910.233771
13479.169557
12637.087956
13044.815025
12987.643566
13139.516558
12425.603272
12885.106572
13030.097076
12739.630504
13096.184093
12844.490210
13095.206878
13187.135417
13210.300937
13090.355608
12916.970617
13147.738765
13144.531320
12878.562603
12855.524375
12966.859856
13118.376703
12847.824729
12809.256109
13333.141537
13212.235554
12994.042135
12682.784520
13182.180494
13040.721558
12825.872424
13365.954255
12762.894563
13120.167090
12867.059464
12632.190300
12529.393075
13349.518491
12649.434316
13361.774411
13286.563244
13215.334962
13222.847662
12883.465511
12640.085601
13181.339790
13450.405521
13383.590674
13211.570069
13313.829559
13261.456390
12821.957311
13146.562572
12908.457448
12991.989743
13303.718696
13408.623420
13024.091292
13058.622538
13318.055362
13062.815098
12822.530389
13172.225362
13142.957862
