7636.956848
7360.675148
7572.868742
7360.675148
7360.675148
7360.675148
7360.675148
7397.011529
7360.675148
7360.675148
7360.675148
7360.675148
7360.675148
7376.699364
7397.011529
7397.011529
7548.518472
7360.675148
7360.675148
7360.675148
7360.675148
7360.675148
7360.675148
7360.675148
7360.675148
7360.675148
7360.675148
7360.675148
7360.675148
7360.675148
7397.011529
7360.675148
7397.011529
7376.699364
7411.714102
7469.977026
7360.675148
7360.675148
7360.675148
7527.596832
7360.675148
7360.675148
7360.675148
7360.675148
7360.675148
7360.675148
7360.675148
7397.011529
7360.675148
7397.011529
7360.675148
7360.675148
7397.011529
7376.699364
7376.699364
7397.011529
7376.699364
7397.011529
7360.675148
7360.675148
7360.675148
7360.675148
7376.699364
7360.675148
7376.699364
7360.675148
7360.675148
7360.675148
7360.675148
7376.699364
7376.699364
7360.675148
7360.675148
7360.675148
7360.675148
7360.675148
7376.699364
7376.699364
7360.675148
7360.675148
7397.011529
7376.699364
7376.699364
7360.675148
7397.011529
7360.675148
7360.675148
7360.675148
7360.675148
7376.699364
7360.675148
7360.675148
7360.675148
7360.675148
7397.011529
7397.011529
7397.011529
7360.675148
7376.699364
7376.699364
