8270.770886
8270.770886
8224.943252
8294.730046
8362.677473
8362.677473
8362.677473
8362.677473
8946.846918
9030.585709
8795.725768
8335.183882
8383.714550
8435.228151
8435.228151
8634.400397
8435.228151
8435.228151
9556.413653
8292.652843
8292.652843
9032.414680
8509.829660
8509.829660
8509.829660
8349.572092
8349.572092
8381.302030
8349.572092
8349.572092
8876.924940
8349.572092
8349.572092
8288.308462
8349.572092
8349.572092
8349.572092
8558.177472
8349.572092
8426.782872
8509.829660
8497.800959
8497.800959
8435.228151
8435.228151
8435.228151
8435.228151
8435.228151
8435.228151
8435.228151
8435.228151
8435.228151
8435.228151
8435.228151
8435.228151
8362.677473
8362.677473
8654.574415
8654.574415
8654.574415
8435.228151
8435.228151
8349.572092
8435.228151
8654.574415
8654.574415
8654.574415
8654.574415
8349.572092
8349.572092
8349.572092
8349.572092
8349.572092
8349.572092
8349.572092
8349.572092
8349.572092
8349.572092
8349.572092
8349.572092
8349.572092
8349.572092
8349.572092
8349.572092
8349.572092
8349.572092
8349.572092
8349.572092
8349.572092
8365.489439
8365.489439
8365.489439
8365.489439
8365.489439
8365.489439
8365.489439
8365.489439
8365.489439
8365.489439
8365.489439
