31 62 26 13 70 99 65 85 16 22 93 4 12 96 5 81 83 52 48 9 34 38 58 18 56 55 68 33 54 21 49 35 90 3 86 32 94 91 17 59 28 60 80 53 79 66 82 61 19 92 63 14 84 44 39 36 20 37 47 78 74 1 67 46 7 69 57 88 50 64 15 43 25 30 40 27 0 98 6 89 77 11 71 51 42 95 24 8 45 23 2 10 41 97 76 87 73 75 29 72 
71 0 40 27 91 15 17 59 60 28 30 1 74 67 87 72 73 75 29 46 7 69 43 25 64 50 51 11 77 89 98 6 42 24 8 95 32 94 45 2 10 41 97 55 76 54 68 33 23 86 3 90 35 66 79 21 49 83 52 48 9 34 56 18 58 38 93 22 61 63 92 19 4 12 96 5 70 99 65 85 16 82 81 53 80 44 84 20 78 36 47 37 31 13 26 62 14 39 88 57 
47 37 31 36 78 74 67 1 30 15 91 27 40 42 95 8 24 2 10 33 54 76 68 55 56 18 58 38 48 81 79 83 52 4 12 93 22 5 96 9 34 21 49 90 97 41 94 32 45 86 3 35 23 17 59 28 60 80 53 44 84 20 75 29 72 73 87 7 46 69 43 25 64 50 51 88 57 0 98 6 89 77 11 71 82 19 61 70 13 62 26 63 14 92 99 65 85 16 66 39 
6 98 89 77 11 71 51 88 57 25 43 74 78 36 39 44 84 47 37 31 20 62 13 70 99 65 85 16 92 63 26 14 82 79 52 81 19 93 4 5 12 96 9 48 34 58 38 21 49 83 66 59 17 94 32 45 86 35 3 90 76 54 33 68 55 56 18 97 41 10 23 2 24 95 8 42 0 40 91 27 64 50 69 46 7 30 1 60 28 15 80 53 61 22 72 75 73 29 87 67 
11 88 50 51 77 89 6 98 71 0 40 27 25 57 43 69 46 7 67 74 1 30 15 91 32 94 23 33 68 54 76 49 21 38 48 9 96 12 4 93 22 61 5 65 85 16 70 26 62 31 47 20 37 84 44 80 53 28 60 66 79 83 52 81 82 19 63 92 99 13 14 39 36 78 87 72 73 29 75 59 17 86 3 35 90 34 58 18 56 55 97 41 10 2 8 24 95 42 45 64 
19 4 12 93 22 61 92 63 53 60 28 80 44 84 14 26 13 62 31 37 47 36 1 30 15 27 91 17 32 94 86 3 35 23 76 54 68 55 56 18 58 38 34 9 48 52 83 49 21 33 97 41 10 2 8 24 95 45 40 0 42 98 6 89 88 51 64 50 11 77 71 69 7 46 43 25 57 74 67 87 72 73 75 29 59 78 39 20 70 99 65 85 16 5 96 82 81 79 66 90 
19 4 12 93 22 61 92 63 53 60 28 80 44 84 14 26 13 62 31 37 47 36 1 30 15 27 91 17 32 94 86 3 35 23 76 54 68 55 56 18 58 38 34 9 48 52 83 49 21 33 97 41 10 2 8 24 95 45 40 0 42 98 6 89 88 51 64 50 11 77 71 69 7 46 43 25 57 74 67 87 72 73 75 29 59 78 39 20 70 99 65 85 16 5 96 82 81 79 66 90 
17 32 94 45 86 35 23 2 10 41 97 68 54 38 58 34 48 21 49 9 4 93 22 19 81 83 52 90 33 55 56 18 76 3 91 25 43 57 69 46 7 1 30 60 28 15 27 64 50 51 88 11 77 89 6 98 71 0 40 42 95 24 8 66 82 79 80 44 84 20 37 47 36 78 74 67 87 72 73 75 29 39 53 63 14 26 13 70 99 65 85 16 5 96 12 61 92 31 62 59 
3 86 35 23 95 8 24 45 2 10 41 97 33 68 55 54 76 90 59 17 91 0 42 40 27 64 25 43 57 51 50 71 6 98 89 11 77 88 69 7 46 30 1 74 67 87 39 78 36 47 37 72 73 29 75 20 84 44 53 80 60 28 15 92 63 26 13 70 99 65 16 85 61 22 93 4 21 49 83 52 48 38 56 18 58 34 9 96 5 12 81 79 66 82 19 14 31 62 32 94 
49 21 83 81 79 66 90 0 42 95 24 8 40 27 64 25 43 88 51 11 77 71 50 15 91 30 74 67 1 78 39 36 20 84 14 63 26 92 61 22 93 4 12 19 82 53 80 44 60 28 59 17 94 32 45 23 86 3 54 76 97 41 10 2 35 33 68 55 18 56 38 58 34 48 9 96 5 65 85 16 99 70 13 62 31 37 47 72 73 75 29 87 46 7 69 57 89 6 98 52 
55 68 33 54 76 35 23 86 3 94 27 91 15 64 25 43 60 28 59 80 53 44 84 20 47 37 31 62 26 13 70 99 85 16 65 61 19 22 93 4 12 52 83 49 21 18 56 58 34 9 96 5 81 79 82 66 90 17 32 45 40 42 0 71 51 50 88 57 69 7 46 74 78 39 1 30 67 87 29 75 73 72 36 14 63 92 48 38 97 41 2 10 24 8 95 98 6 89 77 11 
14 63 26 62 13 70 99 65 85 16 61 22 93 4 12 96 5 66 3 90 49 21 48 38 58 34 9 52 79 82 44 53 80 60 87 72 29 75 73 47 37 31 20 84 36 78 74 67 1 30 25 64 27 91 17 59 28 15 51 50 69 7 46 43 57 88 11 77 89 6 98 42 0 71 8 24 95 40 32 94 86 35 45 2 10 23 54 97 41 33 68 55 56 18 76 83 81 19 92 39 
81 19 4 12 96 5 93 22 61 92 26 13 63 14 84 44 53 80 60 28 30 1 74 67 87 72 73 75 29 37 47 36 78 39 20 31 62 70 99 65 85 16 9 34 58 56 49 21 38 48 52 83 79 66 90 23 86 35 97 41 8 24 95 42 0 71 77 89 6 98 11 88 50 51 25 43 46 7 69 57 64 27 91 15 59 17 94 32 45 3 33 68 54 76 55 18 10 2 40 82 
81 19 4 12 96 5 93 22 61 92 26 13 63 14 84 44 53 80 60 28 30 1 74 67 87 72 73 75 29 37 47 36 78 39 20 31 62 70 99 65 85 16 9 34 58 56 49 21 38 48 52 83 79 66 90 23 86 35 97 41 8 24 95 42 0 71 77 89 6 98 11 88 50 51 25 43 46 7 69 57 64 27 91 15 59 17 94 32 45 3 33 68 54 76 55 18 10 2 40 82 
76 54 68 33 41 97 55 18 56 58 38 48 49 21 83 52 81 79 19 4 93 22 61 14 26 62 13 85 16 65 99 70 92 63 44 84 20 47 36 78 74 67 46 7 69 25 43 15 91 27 40 45 32 94 86 3 66 59 17 28 60 80 53 82 90 35 23 2 10 95 24 8 42 0 71 11 77 89 6 98 51 50 88 57 64 30 1 39 87 72 73 75 29 37 31 96 9 12 5 34 
76 54 68 33 41 97 55 18 56 58 38 48 49 21 83 52 81 79 19 4 93 22 61 14 26 62 13 85 16 65 99 70 92 63 44 84 20 47 36 78 74 67 46 7 69 25 43 15 91 27 40 45 32 94 86 3 66 59 17 28 60 80 53 82 90 35 23 2 10 95 24 8 42 0 71 11 77 89 6 98 51 50 88 57 64 30 1 39 87 72 73 75 29 37 31 96 9 12 5 34 
23 45 55 56 18 58 38 49 21 52 83 81 79 66 90 35 54 76 33 68 97 41 10 2 8 24 95 42 40 0 71 11 77 89 6 98 51 88 50 64 27 91 17 59 28 60 80 84 20 36 67 87 72 73 75 29 31 37 47 14 63 92 26 13 62 70 99 85 16 65 61 19 22 5 93 4 12 9 34 48 96 82 53 44 39 15 30 1 74 78 46 7 69 57 43 25 32 94 3 86 
19 93 4 12 5 22 61 92 63 14 62 26 13 31 37 47 20 84 44 53 80 82 65 99 70 16 85 96 9 48 38 34 58 56 18 55 45 94 32 91 27 17 59 15 28 60 39 36 78 74 67 87 72 73 75 29 46 7 69 57 43 25 30 1 40 51 11 77 89 6 98 0 71 64 50 88 95 24 8 42 2 10 41 97 33 68 54 76 35 86 3 90 83 79 66 23 49 21 52 81 
52 83 49 21 9 12 4 93 22 61 92 63 14 31 37 47 20 84 44 36 78 39 1 30 15 60 80 53 74 67 87 72 59 28 17 32 94 86 3 35 54 23 33 68 55 76 90 66 79 81 48 34 58 38 56 18 41 97 10 2 45 95 24 8 42 40 71 51 50 11 77 89 6 98 0 64 27 91 25 43 57 88 7 46 69 29 73 75 62 13 26 70 99 65 85 16 96 5 19 82 
52 83 49 21 9 12 4 93 22 61 92 63 14 31 37 47 20 84 44 36 78 39 1 30 15 60 80 53 74 67 87 72 59 28 17 32 94 86 3 35 54 23 33 68 55 76 90 66 79 81 48 34 58 38 56 18 41 97 10 2 45 95 24 8 42 40 71 51 50 11 77 89 6 98 0 64 27 91 25 43 57 88 7 46 69 29 73 75 62 13 26 70 99 65 85 16 96 5 19 82 
59 66 79 82 19 4 93 22 61 92 63 14 26 13 62 70 99 65 85 16 5 96 12 52 83 49 21 38 58 18 56 55 97 41 68 33 54 76 86 3 35 17 91 94 32 15 60 80 44 84 28 39 67 47 36 20 37 31 72 73 75 29 87 78 74 1 30 25 43 69 7 46 57 88 50 51 71 0 98 6 89 77 11 40 42 95 8 24 10 2 23 45 27 64 53 81 9 34 48 90 
59 66 79 82 19 4 93 22 61 92 63 14 26 13 62 70 99 65 85 16 5 96 12 52 83 49 21 38 58 18 56 55 97 41 68 33 54 76 86 3 35 17 91 94 32 15 60 80 44 84 28 39 67 47 36 20 37 31 72 73 75 29 87 78 74 1 30 25 43 69 7 46 57 88 50 51 71 0 98 6 89 77 11 40 42 95 8 24 10 2 23 45 27 64 53 81 9 34 48 90 
91 94 32 17 59 28 60 80 53 44 39 36 78 74 67 1 30 25 43 88 50 51 71 0 98 6 89 77 11 57 69 46 7 87 29 72 73 75 47 37 20 13 26 14 63 92 61 81 79 83 52 49 21 48 9 34 58 38 18 56 55 68 97 41 33 95 8 24 45 2 10 3 35 86 23 90 66 54 76 93 22 19 82 4 12 96 5 16 85 65 99 70 62 31 84 27 15 64 40 42 
67 87 29 72 73 75 7 46 69 43 25 88 50 71 0 64 91 27 40 32 94 45 35 86 3 23 2 10 24 95 8 42 98 6 89 77 11 51 57 15 59 17 28 53 80 44 84 20 47 37 31 62 13 26 14 63 92 61 22 93 4 12 96 52 48 21 49 83 81 82 90 76 54 33 68 41 97 55 56 18 58 34 38 9 5 79 66 60 30 1 74 78 39 36 19 16 85 65 99 70 
46 7 57 88 50 64 51 11 77 89 6 98 71 0 40 42 95 8 24 10 2 54 76 35 45 94 15 30 1 74 67 60 28 80 53 44 84 20 47 37 31 62 13 26 14 63 92 61 22 93 4 12 34 58 38 52 83 81 19 82 66 90 49 21 48 9 96 5 16 85 65 99 70 36 72 73 75 29 87 78 39 27 91 32 17 59 3 86 23 33 68 55 56 18 41 97 79 43 25 69 
80 60 39 30 15 91 27 40 0 71 51 11 77 89 6 98 8 95 24 42 45 32 94 86 35 3 66 22 96 5 93 4 19 81 83 52 12 9 48 34 18 56 55 68 33 54 76 49 21 38 58 41 97 10 2 23 90 59 17 64 50 25 43 57 88 69 46 7 87 67 74 1 78 36 47 20 37 31 62 26 13 70 65 99 16 85 82 79 61 92 63 14 84 44 53 28 75 73 72 29 
24 8 95 10 2 23 35 3 86 94 32 17 59 28 60 80 44 53 20 84 63 14 26 13 62 31 37 47 36 73 72 87 67 78 74 1 30 15 91 27 40 0 71 88 51 50 64 25 43 69 46 7 29 75 85 16 65 99 70 92 61 22 93 4 49 21 81 19 82 79 83 52 66 90 76 54 68 33 41 97 55 56 18 58 38 34 9 48 12 96 5 39 57 77 11 89 6 98 42 45 
27 91 15 30 1 78 74 67 87 29 72 73 75 88 51 50 64 43 25 40 42 95 8 24 45 2 10 41 97 68 55 56 18 58 34 48 52 9 96 12 4 22 93 5 17 59 28 60 80 53 79 66 82 81 19 61 92 26 63 14 20 84 44 39 36 47 37 31 62 13 70 16 85 65 99 83 49 21 38 76 54 33 86 94 3 35 23 90 32 0 71 77 89 6 98 11 57 69 7 46 
36 78 29 75 73 72 87 67 74 1 30 15 91 27 40 0 51 50 64 88 57 69 7 46 43 25 71 77 11 89 6 98 42 8 24 95 45 86 3 35 23 68 54 33 21 49 76 79 66 90 58 38 48 34 9 5 22 93 4 52 83 81 19 82 80 53 44 84 20 47 37 31 62 13 26 63 14 92 61 16 85 65 99 70 12 96 18 56 55 97 41 10 2 94 32 17 59 28 60 39 
36 78 29 75 73 72 87 67 74 1 30 15 91 27 40 0 51 50 64 88 57 69 7 46 43 25 71 77 11 89 6 98 42 8 24 95 45 86 3 35 23 68 54 33 21 49 76 79 66 90 58 38 48 34 9 5 22 93 4 52 83 81 19 82 80 53 44 84 20 47 37 31 62 13 26 63 14 92 61 16 85 65 99 70 12 96 18 56 55 97 41 10 2 94 32 17 59 28 60 39 
34 58 38 21 49 83 52 81 19 4 93 5 96 12 9 48 90 3 86 35 23 2 10 8 24 95 45 94 32 40 64 50 51 71 11 77 89 6 98 0 27 91 15 59 17 28 30 1 74 67 87 72 73 29 75 78 36 47 37 31 14 62 13 26 92 63 22 61 99 70 85 16 65 82 80 53 44 84 20 39 60 25 43 57 69 7 46 88 42 66 79 76 33 68 97 41 54 55 56 18 
34 9 96 4 93 22 61 92 63 14 20 84 44 80 59 17 94 32 91 28 30 1 74 67 36 47 37 31 62 26 13 70 99 65 85 16 19 81 49 21 54 33 68 55 18 56 58 38 48 52 83 79 82 53 39 78 72 73 75 29 87 46 7 43 25 69 57 88 50 51 11 77 89 6 98 71 0 64 27 40 42 95 8 24 2 10 97 41 76 35 86 3 23 45 15 60 66 90 5 12 
9 96 12 4 93 22 61 92 63 14 26 13 62 31 20 84 44 80 53 60 66 19 81 52 48 21 49 76 54 68 55 56 18 58 38 34 90 35 86 3 94 32 45 23 33 97 41 10 2 24 95 8 42 0 71 77 11 51 50 64 25 43 7 46 67 1 74 39 78 36 47 37 28 15 91 27 40 98 6 89 88 57 69 29 87 72 73 75 30 17 59 79 83 82 85 16 65 99 70 5 
14 63 26 13 62 31 47 36 78 39 74 67 30 1 43 57 51 50 71 11 88 77 89 6 98 0 40 27 91 15 17 32 94 45 23 86 3 35 33 68 55 56 18 58 38 34 48 52 9 12 4 93 96 22 61 19 5 83 79 81 82 66 90 59 28 60 80 53 44 84 20 72 73 75 29 87 69 46 7 25 64 42 8 24 95 2 10 41 97 54 76 49 21 92 70 99 65 85 16 37 
19 22 93 96 12 70 13 62 26 14 63 92 61 4 81 79 66 28 60 80 53 44 84 20 47 37 31 78 74 67 87 29 75 73 72 36 39 1 30 46 7 69 43 25 64 27 91 15 17 59 90 76 38 48 83 52 49 21 58 34 9 18 56 68 33 2 10 41 97 55 54 86 3 35 23 94 32 40 71 0 50 88 57 51 11 77 89 98 6 42 24 8 95 45 82 99 85 16 65 5 
50 51 88 11 77 6 89 98 28 30 15 91 27 64 25 43 57 69 46 7 67 36 78 74 1 39 44 53 80 60 59 66 90 3 94 17 32 40 0 71 42 8 24 95 45 86 35 23 33 68 54 76 55 97 41 10 2 81 79 83 49 21 48 9 34 58 38 56 18 52 4 12 96 5 93 22 19 82 63 92 26 62 14 13 70 65 85 16 99 61 84 20 37 47 31 73 75 29 72 87 
49 21 38 93 12 4 52 83 81 79 53 80 60 28 59 17 3 94 32 27 40 91 15 30 1 74 78 67 87 39 36 20 84 44 14 62 26 63 92 61 22 5 96 19 82 66 90 35 86 23 33 68 97 41 2 10 45 95 8 24 42 0 71 98 89 6 64 50 51 11 77 88 57 43 25 69 7 46 29 73 72 75 37 31 47 13 70 99 65 85 16 9 34 58 18 56 55 54 76 48 
49 21 58 38 83 66 79 81 82 19 61 22 93 4 12 68 33 54 76 35 3 86 94 32 91 50 64 27 40 0 71 77 11 51 88 43 25 15 30 1 74 67 78 39 44 84 20 47 63 14 26 13 62 31 37 36 87 72 73 75 29 7 46 69 57 98 6 89 8 24 95 42 45 23 2 10 41 97 55 56 18 34 48 52 9 96 5 65 16 85 99 70 92 53 80 60 28 59 17 90 
38 56 18 58 34 48 9 12 4 93 22 19 82 79 81 52 83 49 21 76 54 33 68 97 41 10 2 23 94 32 91 27 64 40 0 71 88 50 51 11 77 89 6 98 8 95 24 45 35 3 86 17 59 28 80 60 53 14 84 44 39 78 36 47 20 37 72 87 67 74 1 30 15 25 43 57 69 46 7 29 75 73 31 62 26 13 70 99 65 16 85 5 92 63 61 66 90 55 42 96 
35 23 86 90 49 21 48 52 83 81 79 66 60 80 53 44 84 73 29 75 36 78 74 67 87 72 47 37 20 63 92 61 22 93 5 96 4 12 9 38 34 58 18 56 55 68 33 10 2 24 8 95 42 0 40 64 11 77 51 50 88 57 69 7 46 43 25 91 94 32 45 3 17 59 28 15 30 1 39 31 26 13 62 14 70 99 65 16 85 19 82 71 89 6 98 27 41 97 54 76 
40 27 91 32 94 17 59 66 28 60 80 53 44 84 20 47 37 31 62 13 26 14 63 92 61 22 93 4 12 96 21 49 35 23 45 86 3 90 76 54 58 34 38 52 83 81 79 82 19 70 16 85 99 65 5 9 48 18 56 55 68 33 41 97 10 2 24 8 95 42 64 50 51 11 71 0 98 6 77 89 57 25 43 46 69 7 72 73 75 87 29 67 74 78 36 39 1 30 15 88 
43 25 50 88 11 77 89 98 6 71 51 64 27 40 95 45 23 86 76 35 3 32 94 17 59 28 60 80 44 53 82 79 81 83 49 21 48 12 4 19 93 5 96 9 34 58 38 56 18 97 41 68 33 54 55 52 22 65 85 16 99 70 61 92 63 14 26 13 62 36 78 67 87 72 73 75 29 39 1 30 15 91 0 42 8 24 2 10 90 66 84 31 37 47 20 74 46 7 57 69 
50 51 11 77 71 0 40 27 32 94 45 86 3 35 90 52 83 49 21 38 58 34 9 96 5 93 4 12 48 80 53 60 28 59 17 91 15 30 84 44 20 37 47 36 72 73 75 31 62 26 13 70 85 16 65 99 22 61 92 63 14 39 78 1 74 67 87 29 7 46 69 43 25 88 57 64 42 95 8 24 2 10 41 97 68 33 76 18 56 55 54 23 66 79 81 19 82 89 6 98 
72 73 75 29 87 46 7 1 30 43 25 69 57 88 51 50 64 71 11 77 89 6 98 42 95 24 8 0 40 32 94 17 59 28 60 80 53 44 63 14 92 61 79 83 52 81 19 22 93 4 12 82 66 90 3 86 35 23 45 33 41 97 10 2 38 58 48 49 21 76 68 54 55 56 18 34 9 96 5 16 85 99 65 70 26 13 62 31 37 47 20 78 36 39 74 67 91 27 15 84 
22 61 92 63 13 26 62 14 84 20 47 37 31 36 87 46 7 43 25 69 57 88 51 27 91 64 50 0 71 11 77 89 6 98 40 42 8 95 45 94 17 59 28 60 80 53 44 86 3 35 90 23 33 68 54 76 49 21 48 9 96 12 4 93 19 52 79 83 38 34 58 18 56 55 97 41 10 2 24 32 15 30 1 67 78 74 39 72 73 75 29 66 81 82 70 99 65 85 16 5 
3 17 59 28 60 80 53 84 44 20 36 78 39 1 74 67 87 29 75 73 72 47 37 31 62 70 99 65 85 16 22 93 4 81 79 83 52 48 38 56 58 34 9 12 96 5 61 92 13 26 14 63 19 82 90 94 32 91 27 64 0 71 51 50 88 11 77 89 98 6 42 95 8 24 2 10 41 97 68 54 33 76 49 21 66 55 18 23 86 35 45 40 15 30 43 46 7 69 25 57 
6 89 71 51 50 88 57 43 69 7 46 67 74 1 30 78 36 20 84 44 60 80 53 61 22 19 81 79 66 90 3 86 23 35 54 76 18 55 68 97 33 41 10 2 95 24 8 40 45 32 94 17 91 27 64 25 28 59 82 93 4 9 48 34 58 56 38 21 49 83 52 12 96 5 99 65 85 16 70 13 26 14 63 92 62 31 37 47 73 72 29 75 87 39 15 98 77 11 0 42 
33 68 76 49 21 52 81 53 44 84 20 62 26 13 14 63 92 61 22 93 4 12 9 34 48 38 58 56 18 55 54 35 3 86 45 23 2 10 41 97 90 83 79 66 28 59 17 94 32 91 27 64 25 43 69 46 30 67 1 39 78 74 60 80 82 19 96 5 16 85 65 99 70 31 37 47 36 72 73 75 29 87 7 57 88 51 50 11 77 89 6 98 40 42 95 8 24 0 71 15 
96 12 81 79 83 49 21 38 34 9 52 48 58 56 18 76 54 33 55 68 97 41 10 2 23 86 35 3 17 59 94 32 91 27 25 43 7 46 1 30 39 78 74 67 87 29 75 73 72 36 47 37 31 14 63 26 62 13 70 99 65 16 85 61 19 82 53 44 60 80 28 15 40 64 50 51 88 57 69 11 77 0 71 89 6 98 42 95 24 8 45 66 90 20 84 92 5 4 93 22 
65 99 61 22 93 4 12 19 81 82 60 80 44 84 20 14 63 92 26 13 62 31 37 47 36 72 73 75 29 87 67 1 74 78 39 28 59 17 91 27 32 94 86 3 35 23 33 54 76 21 49 48 38 58 34 56 18 55 68 97 41 10 2 24 95 8 42 40 0 51 77 11 98 6 89 71 88 50 64 30 15 25 43 7 46 69 57 66 90 45 5 96 9 52 83 79 53 70 85 16 
15 30 1 43 25 46 7 69 57 88 0 42 95 24 8 45 86 3 35 23 33 54 76 49 21 38 58 34 66 90 83 79 81 19 93 4 12 52 82 44 53 80 60 28 59 17 91 27 64 50 51 11 77 89 6 98 71 40 32 94 2 10 41 97 68 55 56 18 48 9 96 22 61 92 63 14 62 13 26 70 99 65 85 16 5 20 84 39 74 78 36 47 37 31 72 73 29 75 87 67 
15 30 1 43 25 46 7 69 57 88 0 42 95 24 8 45 86 3 35 23 33 54 76 49 21 38 58 34 66 90 83 79 81 19 93 4 12 52 82 44 53 80 60 28 59 17 91 27 64 50 51 11 77 89 6 98 71 40 32 94 2 10 41 97 68 55 56 18 48 9 96 22 61 92 63 14 62 13 26 70 99 65 85 16 5 20 84 39 74 78 36 47 37 31 72 73 29 75 87 67 
49 83 52 79 66 28 59 17 32 94 86 35 90 54 33 23 10 2 41 97 68 55 76 48 21 38 58 18 56 34 9 12 4 93 61 22 19 81 82 80 60 53 44 84 20 47 73 29 75 72 87 67 74 78 36 1 25 43 46 7 69 57 88 51 50 64 27 40 42 95 8 24 45 71 6 77 11 89 98 0 91 15 30 39 37 31 62 26 13 92 70 99 65 85 16 96 5 63 14 3 
80 60 28 59 17 94 45 2 10 23 35 3 86 32 0 40 27 91 15 30 1 74 67 87 46 7 57 69 43 25 64 50 88 11 77 71 51 89 6 98 42 95 24 8 90 76 54 68 33 41 97 55 18 56 38 58 34 48 9 12 5 96 65 85 99 70 62 31 47 37 20 84 53 82 66 79 81 52 83 49 21 4 93 22 19 61 92 26 13 44 39 78 36 72 73 75 29 14 63 16 
28 60 80 53 44 84 20 31 37 47 72 73 29 67 74 78 36 1 30 15 91 27 64 25 43 7 46 69 57 88 50 51 71 11 77 89 98 6 95 24 8 42 0 40 94 32 17 3 86 35 23 33 54 76 66 82 81 79 52 48 34 58 38 21 49 83 92 26 13 70 99 65 85 16 5 93 4 12 96 19 22 61 63 14 62 87 75 39 59 45 2 10 97 41 55 68 18 56 9 90 
26 13 92 61 22 93 4 19 81 79 66 80 60 28 59 17 3 94 32 64 27 91 45 86 35 23 2 10 33 54 76 90 50 88 51 0 71 98 6 89 77 11 57 43 25 30 1 74 67 87 46 7 69 29 72 73 75 47 84 44 53 82 78 36 37 20 31 62 14 63 70 99 65 16 85 5 96 12 9 34 21 49 83 52 48 38 58 18 56 55 68 97 41 95 8 24 42 40 15 39 
52 83 81 19 93 22 61 92 63 26 13 62 14 31 20 37 47 36 74 78 67 87 29 75 73 72 60 80 53 44 84 39 1 30 46 7 69 43 25 64 27 91 15 28 17 35 33 54 76 68 41 97 55 38 34 58 56 18 48 21 49 90 3 86 23 95 24 8 42 0 71 51 50 88 57 11 77 89 6 98 94 32 40 45 10 2 59 66 79 82 96 4 12 5 70 99 65 85 16 9 
96 9 34 58 38 48 52 81 12 93 4 79 83 49 21 90 3 35 23 86 59 17 94 32 45 27 64 50 51 11 77 89 6 98 0 40 42 95 24 8 91 15 28 60 80 44 84 20 37 47 36 78 39 1 74 67 87 29 72 73 75 46 7 69 43 25 57 88 71 30 53 63 92 61 22 19 82 66 76 54 68 33 10 2 41 97 55 56 18 65 99 70 13 26 14 62 31 85 16 5 
70 99 85 16 65 92 63 14 26 13 62 31 37 47 36 78 39 60 80 44 53 84 20 67 74 1 30 29 75 73 72 87 46 7 69 43 25 57 88 51 50 71 0 42 95 24 8 98 6 89 77 11 64 27 45 23 3 86 94 32 17 59 28 15 91 40 10 2 41 97 21 49 83 52 76 54 33 68 55 56 18 58 38 34 9 96 12 4 19 22 5 93 82 79 81 66 90 35 48 61 
34 48 83 52 81 93 61 22 4 79 66 82 19 12 96 9 58 38 76 54 68 33 23 45 94 32 91 27 25 43 57 88 51 50 40 0 71 11 77 89 6 98 24 8 95 42 10 2 41 97 55 21 49 90 35 86 3 17 59 28 60 80 53 44 36 78 74 67 87 39 1 30 15 64 7 69 46 29 72 75 73 47 37 20 84 63 92 26 13 14 31 62 70 99 65 85 16 5 18 56 
73 72 78 36 20 47 37 31 84 44 28 60 53 80 39 74 67 25 43 46 7 69 57 88 50 51 11 71 77 89 6 98 42 95 24 8 10 2 23 35 3 86 94 32 45 17 15 66 79 81 83 52 4 93 22 61 19 82 63 92 14 62 13 26 70 99 85 16 65 5 49 21 38 56 18 58 34 12 96 9 48 54 33 76 41 97 68 55 90 59 27 91 0 40 64 30 1 87 29 75 
76 15 91 32 45 40 0 25 27 64 50 88 57 43 69 30 1 67 74 39 78 36 20 84 44 53 80 60 3 35 86 94 17 59 28 66 82 79 81 83 21 49 52 48 9 12 4 93 22 5 96 90 54 68 55 56 18 58 34 38 41 97 33 23 2 10 8 24 95 42 71 98 6 89 77 11 51 7 46 87 29 72 73 75 37 47 31 62 26 13 70 99 65 16 85 61 92 63 14 19 
84 44 53 80 60 28 59 17 86 35 32 42 0 71 51 88 11 77 89 6 98 50 64 27 91 15 40 95 24 8 2 10 41 97 33 68 54 76 83 52 38 48 34 58 18 56 55 21 49 66 90 3 94 45 23 79 82 81 19 93 22 61 92 14 20 37 47 36 72 73 75 29 87 67 74 1 30 43 25 46 7 69 57 78 39 63 26 62 31 13 70 99 65 16 85 12 9 96 5 4 
84 44 53 80 60 28 59 17 86 35 32 42 0 71 51 88 11 77 89 6 98 50 64 27 91 15 40 95 24 8 2 10 41 97 33 68 54 76 83 52 38 48 34 58 18 56 55 21 49 66 90 3 94 45 23 79 82 81 19 93 22 61 92 14 20 37 47 36 72 73 75 29 87 67 74 1 30 43 25 46 7 69 57 78 39 63 26 62 31 13 70 99 65 16 85 12 9 96 5 4 
15 17 59 28 44 53 80 60 30 1 74 78 36 47 37 31 62 13 26 14 63 92 70 99 65 16 85 61 4 93 12 96 5 22 19 79 83 52 48 9 38 21 49 33 68 55 56 18 58 34 45 40 27 32 94 86 3 35 23 2 10 41 97 54 76 90 66 81 82 84 20 39 25 43 57 88 50 0 89 6 98 24 8 42 95 11 77 71 51 64 69 46 7 72 73 29 75 87 67 91 
6 89 77 11 88 50 51 25 64 27 40 45 23 86 3 17 59 28 60 80 44 53 14 63 92 61 22 93 4 12 52 48 21 49 83 79 82 19 81 90 35 76 54 68 33 55 56 18 58 38 34 9 96 5 16 85 65 99 70 13 62 26 31 37 47 20 84 67 74 78 36 72 73 75 29 87 46 69 7 43 57 71 0 98 24 8 95 42 32 94 91 15 30 1 39 66 41 97 10 2 
91 64 50 27 40 42 95 24 8 2 10 41 97 23 86 3 35 76 54 33 68 55 56 18 58 38 34 48 9 12 52 83 49 21 82 81 19 61 22 93 4 79 66 59 28 60 80 53 44 84 20 63 92 70 99 65 85 16 96 5 26 13 62 31 37 47 36 78 74 67 1 30 15 17 94 32 45 90 39 43 25 88 51 11 77 89 98 6 71 0 57 69 46 7 87 72 73 75 29 14 
81 83 52 4 12 93 22 61 92 63 26 62 13 70 99 65 85 16 82 79 66 53 80 60 28 17 94 3 86 23 45 32 27 64 50 51 88 57 25 43 69 46 7 87 67 72 73 75 29 47 31 37 78 74 36 20 84 44 39 1 30 15 91 40 0 71 77 11 89 98 6 42 95 8 24 2 10 33 68 54 76 90 49 21 38 58 56 18 55 97 41 35 59 34 48 9 96 5 19 14 
21 49 38 58 56 18 55 33 68 97 41 10 2 23 86 90 3 94 40 0 50 51 71 11 77 89 6 98 42 95 8 24 45 32 91 27 64 25 43 30 1 74 67 87 29 72 73 75 37 47 20 84 14 63 92 61 22 93 4 19 81 79 53 44 80 60 28 59 17 82 66 35 76 54 9 12 52 83 48 34 96 5 65 85 16 99 70 26 13 62 31 36 78 39 46 7 69 57 88 15 
69 46 7 1 30 43 25 64 98 6 89 77 71 51 50 88 57 11 0 40 42 24 8 95 2 10 23 35 90 3 86 45 94 32 17 91 27 15 28 59 83 22 93 19 82 66 79 81 52 48 49 21 55 68 76 54 33 41 97 56 18 58 38 34 9 4 12 96 5 16 85 65 99 70 13 26 92 63 14 62 31 37 20 36 78 74 67 87 29 75 73 72 47 84 80 60 53 44 39 61 
27 40 51 77 11 89 6 98 71 0 24 8 95 45 3 86 94 17 28 60 80 44 53 63 92 61 22 93 4 12 96 9 48 38 34 58 56 18 97 41 35 90 66 59 91 32 76 54 68 33 23 2 10 55 49 83 52 21 81 79 82 19 5 16 65 85 99 70 26 62 13 14 84 20 37 47 31 36 78 74 67 87 72 73 75 29 46 7 69 43 25 30 1 39 15 64 50 88 57 42 
55 68 33 35 86 3 90 76 54 49 21 38 56 18 58 34 9 48 52 83 79 81 19 4 93 12 5 96 22 61 70 99 65 16 85 62 14 63 53 80 60 28 59 17 94 32 40 95 24 8 42 0 50 51 27 91 15 30 1 74 78 47 37 31 20 84 39 44 36 72 87 67 73 75 29 46 7 69 57 88 11 77 89 6 98 71 64 25 43 82 66 13 26 92 45 23 2 10 41 97 
40 0 71 51 50 88 57 43 25 64 27 91 15 30 1 74 78 36 47 37 31 20 84 14 26 13 62 70 99 85 16 65 96 5 12 9 52 83 19 4 93 22 92 63 80 60 28 59 94 45 23 35 3 86 32 17 90 41 97 54 76 33 68 55 38 34 58 18 56 48 21 49 81 79 66 82 61 53 44 39 67 87 29 73 72 75 69 7 46 77 11 89 98 6 42 8 24 95 2 10 
47 37 31 20 78 87 74 1 46 7 67 30 44 80 60 28 59 17 3 86 23 2 10 41 97 33 68 55 54 76 35 94 32 45 24 95 8 42 0 40 27 91 15 25 50 64 51 77 6 98 89 11 71 88 57 69 43 39 36 84 53 63 92 26 13 14 62 70 85 16 99 65 61 22 93 4 12 96 5 19 81 79 66 90 83 49 21 38 58 56 18 34 9 48 52 82 72 75 73 29 
48 38 21 49 79 66 59 17 91 27 15 28 74 67 1 30 25 43 57 69 7 46 87 29 72 73 75 47 37 20 44 84 78 36 39 53 80 60 82 19 96 12 4 93 22 61 92 63 14 26 13 62 31 70 99 65 85 16 34 58 56 18 55 68 33 54 76 35 23 3 86 45 95 8 24 2 10 41 97 94 32 40 0 71 77 64 50 88 11 51 89 6 98 42 90 52 83 81 5 9 
30 60 80 53 84 20 44 39 78 36 47 37 31 62 14 63 92 13 26 70 99 65 85 16 61 22 19 82 79 81 83 49 21 38 58 34 9 48 96 4 93 5 12 52 17 59 28 73 75 29 72 87 67 74 1 43 57 69 7 46 25 88 51 50 27 91 15 45 94 32 40 0 71 77 11 89 6 98 42 95 24 8 2 10 33 68 97 41 23 35 3 86 55 18 56 54 76 90 66 64 
88 11 89 6 98 77 51 50 71 42 95 24 8 32 94 86 3 27 40 0 64 25 43 46 7 69 30 1 74 67 39 78 36 20 31 73 75 29 72 87 47 37 62 13 26 63 92 82 79 83 49 21 38 58 34 9 96 12 4 93 5 22 61 70 99 65 85 16 19 81 52 48 56 18 55 54 76 35 23 2 10 41 97 68 33 90 66 80 53 44 84 14 60 28 15 91 17 59 45 57 
69 57 88 50 51 11 77 89 6 98 71 0 42 24 8 95 40 32 94 45 86 3 90 83 52 48 82 81 4 93 22 61 92 63 14 20 84 44 80 28 60 53 39 78 74 67 1 30 25 64 27 91 59 17 15 43 46 7 87 29 75 72 73 37 47 31 62 13 26 70 99 65 85 16 5 96 12 9 56 18 55 68 33 54 76 49 21 38 34 58 2 10 41 97 23 35 66 79 19 36 
32 94 86 35 90 79 83 81 19 61 92 13 26 14 63 85 16 65 99 70 62 31 37 47 20 84 44 60 80 53 66 82 28 17 59 15 25 43 57 88 50 51 11 77 71 98 6 89 64 27 91 40 42 95 24 8 3 23 45 2 10 33 41 97 56 18 58 38 21 48 52 12 4 93 22 5 96 9 34 49 76 54 68 55 78 67 74 1 30 39 36 72 73 75 29 87 7 46 69 0 
53 80 60 28 59 17 32 91 15 25 43 57 88 51 50 64 27 40 0 71 11 77 89 6 98 42 95 8 24 10 2 68 33 76 35 3 86 23 45 94 66 79 83 21 49 38 58 56 18 97 41 55 54 90 81 19 22 93 5 12 4 96 9 34 48 52 82 14 63 92 26 13 62 31 37 47 36 39 78 87 29 75 73 72 74 67 1 30 7 46 69 20 44 84 70 99 65 16 85 61 
66 83 52 38 58 34 9 96 4 12 93 22 61 19 81 48 21 49 3 86 23 2 10 41 97 33 68 55 56 18 76 54 35 59 17 28 60 80 53 84 44 47 37 31 62 26 13 16 85 65 99 70 92 63 14 20 39 74 78 36 29 75 72 73 87 67 46 7 69 57 88 50 51 71 77 11 89 6 98 0 64 27 91 32 94 45 95 24 8 42 40 15 30 43 25 1 82 79 90 5 
52 83 49 21 38 58 48 9 96 12 4 93 22 61 62 26 13 70 99 65 85 16 5 92 63 14 20 84 44 39 53 80 60 28 15 17 59 90 35 3 86 94 30 1 74 67 87 78 36 47 37 31 72 73 75 29 7 46 43 25 64 50 51 71 0 40 27 91 32 45 95 24 8 42 98 6 89 77 11 88 57 69 23 10 2 41 97 68 55 33 54 76 66 79 82 81 19 34 18 56 
99 65 16 85 70 26 13 92 61 22 93 4 12 19 81 79 66 82 44 39 87 29 75 73 72 47 37 31 62 63 14 20 84 80 60 28 59 17 3 86 94 45 95 8 24 2 10 41 97 68 55 56 58 38 21 49 52 90 23 35 76 54 33 27 91 32 40 0 42 71 77 89 6 98 11 51 50 88 57 69 46 7 67 74 78 36 1 30 25 43 64 15 53 18 83 48 34 9 96 5 
18 56 38 21 49 81 79 83 76 54 35 3 86 23 10 2 95 8 24 41 97 68 33 55 58 34 9 48 52 4 12 93 22 19 82 14 63 13 62 31 47 37 72 73 75 29 87 67 74 78 36 84 20 60 80 53 44 39 1 30 43 25 46 7 69 57 88 50 64 27 40 42 0 51 11 77 71 6 89 98 91 17 59 28 15 32 45 94 90 66 61 92 26 70 99 65 85 16 5 96 
54 68 55 18 56 58 34 38 76 90 35 3 66 79 82 53 44 80 84 20 37 47 36 78 39 74 1 30 67 87 46 7 69 43 25 64 50 51 88 57 11 77 89 6 98 71 0 42 8 95 24 10 2 23 86 94 32 45 17 28 60 59 15 91 27 40 33 41 97 21 49 52 83 81 19 4 93 22 61 92 63 14 13 26 62 31 73 75 72 29 85 65 99 70 16 5 12 96 9 48 
75 73 87 67 74 78 37 20 47 36 39 44 84 53 80 60 28 59 17 91 27 51 50 64 25 43 0 42 95 86 3 90 35 23 2 10 33 68 55 56 18 58 34 38 21 49 83 79 81 52 12 4 93 22 61 92 14 62 31 63 26 13 70 99 65 85 16 5 96 9 48 76 54 97 41 45 94 32 40 15 30 1 46 7 69 57 88 11 77 89 6 98 71 24 8 66 82 19 72 29 
74 67 78 36 20 84 80 44 53 82 81 79 66 90 3 86 23 35 94 32 91 27 40 0 71 51 50 88 43 25 1 30 15 39 60 28 59 17 45 2 10 24 8 42 95 98 6 77 11 89 57 69 7 46 87 72 75 29 73 37 47 31 62 26 13 14 63 92 61 19 93 4 12 52 48 21 49 83 22 70 99 65 16 85 5 96 9 34 58 38 55 68 54 76 33 97 41 56 18 64 
66 79 81 83 21 48 49 52 96 5 93 4 12 9 34 38 56 18 55 54 76 90 3 35 86 94 32 45 23 33 68 97 41 10 2 24 8 95 42 0 40 91 27 64 25 43 69 7 46 1 30 15 17 59 28 60 80 53 44 84 20 37 47 73 72 29 75 87 67 74 78 36 31 62 13 26 63 14 92 70 65 99 16 85 22 61 19 82 39 57 88 51 50 71 11 77 89 98 6 58 
79 81 12 4 93 5 9 34 58 38 56 18 48 52 83 49 21 54 23 86 3 35 2 10 41 97 68 55 33 76 90 66 59 17 94 32 45 95 8 24 42 98 6 89 77 71 0 40 27 25 43 69 46 7 1 30 15 91 64 50 51 11 88 57 78 74 67 87 72 73 75 29 47 37 36 20 84 62 31 53 80 60 28 39 44 61 22 19 14 26 13 70 99 65 16 85 96 92 63 82 
94 17 59 28 15 30 1 74 67 87 7 46 69 43 25 50 51 71 0 40 32 91 27 64 88 57 11 77 89 6 98 42 95 8 24 10 2 23 3 86 45 33 54 55 68 97 41 66 79 81 19 93 4 12 9 34 48 38 58 56 18 21 49 76 35 90 83 52 5 96 61 92 63 26 62 13 70 85 65 99 16 22 82 14 53 44 39 84 20 47 37 31 29 72 73 75 36 78 60 80 
94 17 59 28 15 30 1 74 67 87 7 46 69 43 25 50 51 71 0 40 32 91 27 64 88 57 11 77 89 6 98 42 95 8 24 10 2 23 3 86 45 33 54 55 68 97 41 66 79 81 19 93 4 12 9 34 48 38 58 56 18 21 49 76 35 90 83 52 5 96 61 92 63 26 62 13 70 85 65 99 16 22 82 14 53 44 39 84 20 47 37 31 29 72 73 75 36 78 60 80 
5 96 12 4 93 22 61 92 63 13 62 14 20 84 44 53 82 19 81 49 21 34 58 38 56 18 55 76 54 68 86 3 35 32 94 17 59 28 27 40 0 98 6 89 77 11 71 51 50 64 88 57 43 25 46 7 69 30 1 74 78 36 47 37 31 26 70 99 65 85 16 52 83 79 66 90 80 60 39 67 87 29 75 73 72 15 91 8 24 95 42 45 33 10 2 23 41 97 48 9 
59 28 60 80 53 44 84 20 14 13 26 61 92 65 99 70 85 16 22 93 4 5 96 12 52 83 49 21 56 18 55 68 54 76 23 35 90 33 41 97 10 2 8 24 95 45 86 94 32 15 91 27 40 42 98 6 89 71 51 50 88 64 25 43 69 46 7 67 74 72 73 75 29 87 1 30 39 78 36 47 37 31 62 63 48 34 58 38 9 19 82 66 79 81 3 17 0 11 77 57 
3 86 35 48 34 58 38 55 68 33 54 76 49 21 83 81 79 66 82 61 22 93 4 12 5 99 65 16 85 70 26 13 62 14 92 63 84 44 53 80 39 20 31 37 47 72 73 75 29 87 46 7 69 43 25 64 50 88 57 51 71 0 98 6 89 77 11 27 91 32 94 45 59 28 60 17 15 30 1 74 67 78 36 19 52 96 9 56 18 97 41 10 2 23 24 8 95 42 40 90 
79 81 83 49 21 38 34 9 96 12 4 22 93 19 82 66 90 76 54 33 35 23 86 3 94 32 91 27 40 0 98 6 89 77 11 71 51 50 88 57 46 7 69 43 25 1 30 15 74 67 78 36 47 20 37 31 62 13 26 63 14 53 80 60 28 59 17 45 95 8 24 2 10 41 97 68 55 56 18 58 48 52 5 85 16 65 99 92 61 70 84 44 39 29 72 73 75 87 64 42 
65 99 70 13 31 37 47 73 72 87 67 74 78 39 1 30 57 51 71 89 6 98 77 11 50 88 27 91 94 32 17 15 28 60 80 44 20 84 63 14 26 62 92 61 22 93 4 5 12 96 9 48 38 58 18 56 55 68 33 54 76 49 21 34 52 81 19 82 79 66 90 35 45 24 8 95 42 0 40 64 25 43 46 7 69 29 75 36 53 59 3 86 23 2 10 41 97 83 85 16 
91 27 25 43 1 30 15 3 86 45 17 59 28 60 80 53 82 19 81 79 66 90 76 54 33 35 23 2 10 41 97 55 56 18 58 34 48 9 12 5 96 4 93 22 61 92 63 14 13 26 62 31 20 37 47 36 74 67 87 72 73 75 29 78 39 44 84 99 70 65 85 16 52 83 21 49 38 68 94 32 24 8 95 42 0 40 64 50 51 88 11 71 89 6 98 77 57 7 46 69 
19 81 83 79 66 82 5 96 4 93 22 61 63 14 44 53 80 60 28 59 17 32 94 45 8 24 95 42 0 71 77 11 51 50 88 57 43 25 64 27 91 1 30 74 67 87 29 39 36 47 37 31 62 13 26 92 70 99 65 85 16 12 52 48 9 34 38 21 49 86 3 35 90 76 54 33 68 55 18 56 58 97 41 10 2 23 15 40 6 98 89 69 7 46 72 73 75 78 20 84 
40 64 27 15 28 60 80 44 39 67 74 1 30 78 36 72 73 75 29 87 7 46 69 57 88 50 25 43 77 11 71 51 0 42 95 24 8 2 10 33 68 97 41 3 86 35 90 23 45 32 94 17 59 66 79 83 52 48 12 4 93 5 16 65 85 99 70 26 14 63 92 13 62 31 20 37 47 84 53 49 21 76 54 55 56 18 38 34 58 9 96 22 61 19 81 82 91 89 6 98 
37 31 14 92 61 22 5 93 4 12 96 9 34 58 38 48 21 49 83 52 81 79 82 19 65 85 16 99 70 26 62 13 63 84 20 36 47 72 75 73 29 87 67 74 78 60 44 80 53 66 17 94 32 91 15 27 40 0 71 51 88 50 64 28 59 3 86 35 54 76 23 2 10 41 97 68 33 18 56 55 90 45 95 24 8 42 98 6 89 77 11 57 43 25 30 1 39 7 46 69 
