47 37 31 14 26 13 62 63 92 82 83 79 66 80 53 44 60 28 30 1 74 78 67 87 72 73 75 29 7 46 69 43 25 86 3 23 35 90 59 17 94 32 27 40 0 71 51 50 11 77 89 6 98 42 95 8 24 2 33 54 68 55 56 18 38 58 34 48 49 21 93 4 12 5 65 85 16 99 70 61 22 19 81 52 96 9 76 97 41 10 45 64 88 57 15 91 39 36 20 84 
6 89 98 64 50 88 51 11 77 71 0 40 27 91 17 59 28 60 80 53 84 44 39 1 87 67 74 78 36 47 37 73 75 72 29 7 46 69 57 43 25 30 15 86 3 94 32 45 23 33 68 54 55 56 18 38 79 83 52 81 19 34 58 21 49 48 9 96 5 12 4 93 22 61 63 14 20 31 62 13 26 92 70 99 65 85 16 82 66 90 41 97 2 10 35 76 95 8 24 42 
19 4 93 22 61 92 63 14 20 84 53 80 60 28 59 17 15 30 1 74 78 36 47 44 39 91 27 64 50 57 88 51 71 11 77 89 6 98 42 40 0 45 32 94 86 3 35 90 66 82 79 81 52 83 48 38 58 34 9 12 5 96 16 85 65 99 70 26 62 13 31 37 73 72 29 75 87 67 46 7 69 43 25 24 8 97 41 18 56 55 68 54 76 33 23 2 10 95 49 21 
18 58 38 48 52 49 21 81 79 66 83 12 4 93 22 61 92 63 14 31 37 47 44 53 80 60 28 59 17 15 27 91 32 94 45 95 24 8 42 0 71 51 50 46 7 43 25 69 57 88 11 77 89 6 98 40 64 3 35 76 54 33 41 97 68 55 56 34 9 96 5 16 85 65 99 70 13 26 62 84 20 78 74 30 1 67 87 72 73 29 75 36 39 82 19 86 23 2 10 90 
6 98 89 77 11 51 71 0 40 42 8 45 94 32 91 27 64 50 88 57 25 43 69 46 7 78 74 1 67 87 29 75 73 72 47 37 20 84 44 53 80 60 28 3 35 90 76 54 33 68 97 41 55 56 38 21 49 83 52 48 34 58 18 96 9 4 12 81 79 82 66 59 17 86 23 2 10 24 95 15 30 39 36 31 13 26 70 99 65 16 85 5 93 22 92 63 14 62 61 19 
37 47 20 84 44 53 80 60 28 59 17 94 91 27 40 0 71 11 51 50 64 25 43 30 1 74 67 78 15 45 32 8 24 95 42 98 6 89 77 57 88 46 7 69 87 72 73 75 29 39 36 62 26 13 92 61 22 19 82 81 83 48 52 12 49 21 38 58 18 56 55 68 54 76 86 3 35 23 2 10 97 41 33 90 66 79 4 93 5 96 9 34 85 16 65 99 70 14 63 31 
13 26 14 63 92 61 93 4 12 96 9 34 58 38 35 24 8 95 32 94 3 86 23 45 40 2 10 41 97 68 55 56 18 21 49 83 81 19 82 66 90 76 54 33 28 15 25 43 57 69 7 46 74 67 1 30 91 27 64 50 51 88 11 77 89 6 98 71 0 42 17 59 60 80 53 44 84 20 36 39 78 72 73 75 29 87 47 37 31 62 70 99 65 85 16 5 22 48 52 79 
99 70 13 26 62 31 37 47 36 74 67 1 15 59 28 60 82 90 79 66 81 83 49 21 76 54 68 55 97 41 10 2 33 35 23 3 86 17 91 27 40 0 71 51 50 64 11 77 89 98 6 8 24 95 42 45 32 94 30 25 43 69 7 46 57 88 87 72 73 75 29 20 84 53 80 44 39 78 14 63 92 61 22 19 12 4 93 5 96 9 48 38 58 56 18 34 52 16 85 65 
52 79 19 4 93 22 61 92 63 80 60 28 59 17 94 32 91 27 64 50 88 51 11 77 71 0 42 95 8 24 86 2 10 97 41 33 68 55 56 18 58 38 48 49 21 76 54 34 12 9 96 5 85 16 65 99 70 13 26 62 14 84 44 53 82 81 83 90 3 35 23 45 6 98 89 40 15 78 74 1 30 39 67 46 7 69 43 25 57 72 73 75 29 87 36 47 37 20 31 66 
81 52 83 79 3 86 94 32 17 14 63 92 61 22 5 96 9 34 58 48 38 21 49 76 54 33 68 55 56 18 97 41 2 10 23 35 90 59 28 15 30 74 67 87 29 75 73 72 36 47 37 31 62 13 26 70 99 65 85 16 4 12 93 19 82 53 80 60 44 84 20 78 39 1 46 7 69 43 25 57 88 77 11 51 50 64 91 27 0 42 71 40 98 6 89 95 24 8 45 66 
55 68 54 76 35 90 83 79 81 19 4 93 22 5 16 85 65 99 70 26 13 62 31 37 47 36 78 74 67 39 1 30 15 91 27 64 50 51 71 0 40 42 98 6 89 77 11 25 43 57 88 69 46 7 87 72 73 75 29 44 84 20 92 61 52 12 9 96 38 49 21 58 18 97 41 33 10 23 86 3 17 59 66 28 60 80 53 14 63 82 48 34 56 32 94 45 95 24 8 2 
46 7 69 88 50 30 1 25 43 57 64 15 91 27 40 0 71 98 6 89 77 11 51 24 8 95 10 2 23 3 86 35 76 54 33 68 55 56 58 38 21 49 83 52 81 61 22 93 4 12 96 5 16 85 65 99 70 13 26 62 31 37 47 20 84 44 80 53 60 39 28 59 17 94 45 32 42 41 97 18 48 34 9 19 79 90 66 82 63 92 14 78 36 73 75 72 29 87 67 74 
89 98 6 0 50 51 88 57 69 7 46 43 25 64 27 40 42 95 24 8 45 94 17 59 15 30 74 78 36 47 37 31 26 13 62 84 20 44 53 80 60 28 3 35 90 66 79 81 4 96 12 52 83 49 21 58 56 18 55 38 48 9 34 19 22 61 63 14 92 70 99 65 85 16 5 93 82 76 54 33 68 97 41 10 2 23 86 32 91 1 67 87 29 72 73 75 39 77 11 71 
96 5 16 85 65 99 70 13 26 14 63 92 61 22 93 4 12 52 48 58 56 18 55 68 33 23 35 3 86 94 32 91 15 59 17 28 60 80 53 44 84 20 36 39 78 67 74 1 30 50 51 88 57 69 7 46 87 72 73 75 29 47 37 31 62 66 83 81 82 19 79 49 21 38 34 9 90 54 76 45 95 24 8 42 0 71 77 11 43 25 64 27 40 98 6 89 2 10 41 97 
96 5 16 85 65 99 70 13 26 14 63 92 61 22 93 4 12 52 48 58 56 18 55 68 33 23 35 3 86 94 32 91 15 59 17 28 60 80 53 44 84 20 36 39 78 67 74 1 30 50 51 88 57 69 7 46 87 72 73 75 29 47 37 31 62 66 83 81 82 19 79 49 21 38 34 9 90 54 76 45 95 24 8 42 0 71 77 11 43 25 64 27 40 98 6 89 2 10 41 97 
33 68 54 76 3 86 35 83 79 66 60 28 59 17 94 32 45 95 24 8 42 40 0 71 98 6 89 77 11 51 88 50 57 43 69 7 46 67 87 72 73 75 29 30 1 74 78 39 44 80 53 84 20 36 47 37 31 26 62 13 70 99 65 85 16 5 12 96 9 34 48 38 58 56 18 55 41 97 10 2 23 90 49 21 81 19 22 93 4 52 61 92 63 14 82 15 91 27 64 25 
33 68 54 76 3 86 35 83 79 66 60 28 59 17 94 32 45 95 24 8 42 40 0 71 98 6 89 77 11 51 88 50 57 43 69 7 46 67 87 72 73 75 29 30 1 74 78 39 44 80 53 84 20 36 47 37 31 26 62 13 70 99 65 85 16 5 12 96 9 34 48 38 58 56 18 55 41 97 10 2 23 90 49 21 81 19 22 93 4 52 61 92 63 14 82 15 91 27 64 25 
36 78 74 67 87 1 30 25 43 46 7 69 57 88 50 64 27 91 15 32 94 86 3 90 35 23 45 95 42 40 0 71 51 11 77 89 6 98 24 8 2 10 41 97 55 68 33 54 76 58 34 9 48 38 18 56 52 83 79 81 19 22 61 92 63 14 96 5 93 4 12 82 53 80 60 28 59 17 39 44 84 20 47 37 31 62 13 26 70 99 65 85 16 49 21 66 73 72 29 75 
94 3 86 35 23 2 10 41 97 18 56 58 38 21 55 33 68 54 76 49 52 83 53 44 80 60 28 39 1 74 7 46 69 57 88 15 91 27 64 25 43 50 77 11 51 71 0 40 32 45 24 8 95 42 98 6 89 78 87 29 73 75 72 36 47 37 31 20 84 14 62 26 13 70 99 65 16 85 5 93 4 12 96 9 34 48 90 17 59 79 66 82 81 19 22 61 92 63 67 30 
96 5 12 4 93 19 22 61 92 63 14 20 84 44 53 39 30 1 74 67 78 36 47 37 31 62 26 13 70 99 65 85 16 83 79 49 76 54 68 55 56 18 58 34 38 21 48 52 81 82 80 60 28 15 59 17 94 32 64 50 51 57 43 25 40 95 8 24 45 90 86 3 23 35 33 41 97 10 2 91 27 0 42 98 6 89 71 11 77 88 69 7 46 87 72 73 75 29 66 9 
15 91 27 64 50 51 11 77 89 6 98 71 0 45 94 32 24 8 95 42 2 23 86 3 35 76 54 33 68 21 49 38 58 34 48 9 96 22 93 4 12 5 52 83 79 66 90 59 17 60 80 44 84 20 37 47 72 73 75 29 87 67 74 46 7 69 57 88 43 25 1 30 78 36 39 28 53 82 81 19 61 70 13 26 62 31 14 63 92 99 65 85 16 55 56 18 97 41 10 40 
33 54 76 35 90 49 21 48 38 58 56 18 34 9 96 12 4 93 22 63 14 62 31 37 47 36 20 84 44 39 78 74 67 1 30 15 91 27 64 25 43 69 7 46 87 29 72 73 75 66 79 83 52 81 19 82 94 32 45 24 8 95 42 98 6 89 77 11 51 50 88 57 0 71 40 59 17 28 60 80 53 92 13 26 61 65 85 16 99 70 5 55 68 97 41 10 2 23 86 3 
32 45 94 3 35 90 66 81 19 22 93 4 12 96 48 34 38 58 56 18 55 68 33 97 41 2 10 95 24 8 42 0 98 6 89 11 51 88 64 27 40 71 77 50 25 43 69 46 7 29 75 73 72 87 67 1 74 78 84 44 53 80 60 28 59 17 91 15 30 39 36 47 37 31 62 13 26 63 92 61 82 79 83 49 21 52 9 5 16 85 99 65 70 14 20 23 86 76 54 57 
3 86 94 17 59 90 81 79 66 49 21 38 34 48 93 12 4 19 22 61 92 63 14 31 37 47 36 78 74 67 87 72 73 75 29 20 84 44 39 60 28 30 1 15 91 27 64 25 43 69 57 51 50 88 71 11 77 89 98 6 0 40 42 95 8 24 2 10 23 35 76 54 68 55 56 18 58 9 96 5 85 16 65 99 70 13 26 62 53 80 82 83 52 97 41 33 45 32 7 46 
71 89 6 98 77 11 57 88 51 50 64 27 91 32 94 86 3 90 66 82 59 17 15 8 24 95 42 0 40 45 23 35 76 54 68 33 2 10 41 97 55 56 18 58 38 48 34 9 83 49 21 93 4 12 5 96 19 81 79 52 28 60 80 44 84 53 63 14 26 13 70 99 85 16 65 61 92 22 62 31 37 47 20 39 78 36 72 87 74 67 1 30 25 43 69 46 7 29 75 73 
79 52 12 96 5 16 85 65 99 70 13 26 20 84 36 47 37 31 62 14 63 92 61 19 81 83 49 21 48 34 9 93 4 22 82 66 60 80 53 44 39 78 74 67 25 43 69 7 46 57 88 51 71 0 98 6 89 77 11 50 64 27 91 94 32 40 42 24 8 95 2 10 68 33 3 35 86 45 23 54 76 90 17 59 28 15 30 1 87 29 72 73 75 97 41 55 56 18 58 38 
43 64 27 40 32 94 17 28 60 80 53 82 61 22 93 9 96 12 5 19 4 52 81 79 66 83 49 21 48 34 38 58 18 56 55 68 33 97 41 54 76 3 86 45 23 35 90 59 15 91 1 30 88 51 50 11 71 77 89 6 98 95 8 24 10 2 42 0 74 67 87 72 29 47 37 31 62 13 26 14 63 92 70 99 65 16 85 84 44 39 78 36 20 73 75 7 46 69 57 25 
21 38 48 83 49 52 81 79 66 17 59 28 60 80 53 44 84 20 36 47 37 31 62 26 13 70 99 65 16 85 4 93 5 12 96 9 34 58 56 18 55 54 76 23 45 86 35 90 82 14 63 92 61 22 19 3 32 94 15 39 78 74 1 30 43 25 27 91 64 51 11 77 98 6 89 71 0 40 42 95 8 24 10 2 33 68 97 41 50 88 57 69 7 46 67 87 72 73 75 29 
99 70 13 26 62 31 37 47 36 39 1 67 46 69 43 25 64 17 59 28 60 44 53 80 84 20 63 92 61 22 93 4 96 12 52 83 49 21 48 9 34 58 38 56 18 55 68 33 54 76 35 3 86 94 91 15 30 74 78 72 73 75 29 87 7 57 88 50 27 45 32 42 40 0 71 11 77 51 89 6 98 95 8 24 10 2 41 97 79 81 19 82 66 90 23 14 65 85 16 5 
79 82 19 61 92 63 62 37 47 36 20 13 26 14 84 44 80 60 39 78 67 74 1 30 64 88 57 50 51 11 71 0 42 40 91 27 15 59 28 53 66 90 45 23 2 10 35 86 3 17 94 32 95 24 8 98 6 89 77 43 25 69 46 7 87 72 73 29 75 31 70 99 65 16 85 5 93 12 4 22 81 83 52 48 38 21 49 55 54 76 68 33 41 97 56 18 58 34 9 96 
79 82 19 61 92 63 62 37 47 36 20 13 26 14 84 44 80 60 39 78 67 74 1 30 64 88 57 50 51 11 71 0 42 40 91 27 15 59 28 53 66 90 45 23 2 10 35 86 3 17 94 32 95 24 8 98 6 89 77 43 25 69 46 7 87 72 73 29 75 31 70 99 65 16 85 5 93 12 4 22 81 83 52 48 38 21 49 55 54 76 68 33 41 97 56 18 58 34 9 96 
69 43 25 50 88 51 11 77 71 0 89 6 98 8 24 95 45 23 86 3 35 90 59 66 79 83 52 76 54 68 55 56 18 58 34 9 12 4 93 22 61 92 26 13 70 99 65 85 16 5 96 48 19 81 63 14 62 84 44 80 60 28 17 94 32 40 27 64 91 15 30 1 74 78 36 47 37 31 20 53 82 49 21 38 33 41 97 10 2 42 57 7 46 87 39 67 29 72 73 75 
10 41 97 55 68 33 54 76 59 17 3 35 23 2 24 8 95 32 94 86 45 40 27 91 15 28 39 78 36 37 31 14 26 92 63 84 20 44 80 53 60 82 19 81 4 12 52 83 49 21 38 58 18 56 34 9 48 79 93 22 61 5 96 99 16 85 65 70 62 13 47 72 73 75 29 87 67 74 1 30 25 43 7 46 69 57 88 51 71 11 77 89 6 98 42 0 50 64 66 90 
28 66 90 76 54 68 55 18 56 58 38 21 49 83 79 26 13 70 99 65 85 16 12 4 93 5 22 61 92 63 14 44 53 80 60 15 91 27 32 40 0 71 51 50 64 25 43 69 57 88 11 77 89 6 98 42 95 24 8 45 3 35 23 86 94 17 59 30 1 74 67 78 36 84 39 82 19 81 52 48 9 96 34 97 41 33 2 10 46 7 29 75 73 72 87 47 37 31 20 62 
66 83 52 48 21 49 38 56 18 58 34 9 4 93 5 96 12 19 22 61 92 63 14 62 13 26 70 99 85 16 65 31 37 47 36 78 74 1 67 30 39 25 43 69 7 46 87 29 72 73 75 20 84 44 53 60 28 59 90 3 35 86 23 45 10 24 8 95 42 0 40 27 64 50 51 11 77 89 6 98 71 88 57 15 91 32 94 17 2 33 54 68 76 55 97 41 79 81 82 80 
3 86 23 68 54 33 41 97 18 56 38 34 58 21 49 48 9 83 79 81 19 4 22 93 12 5 96 52 61 92 26 13 62 31 37 47 36 78 74 67 1 30 15 91 27 64 50 51 71 0 40 94 32 45 17 28 60 80 53 84 39 44 20 72 73 75 29 87 46 7 69 57 43 25 88 11 77 89 6 98 42 95 8 24 2 10 35 90 66 82 63 14 70 99 65 85 16 59 76 55 
71 98 6 89 11 51 77 88 50 64 25 43 69 7 46 87 72 29 75 73 47 37 31 92 61 22 93 4 19 81 79 82 63 14 26 13 70 99 65 16 85 62 84 20 30 1 15 91 27 40 32 94 17 59 49 21 76 54 33 68 97 41 10 2 23 35 3 86 45 90 83 52 12 96 9 34 58 48 38 55 56 18 5 66 28 60 80 53 44 39 78 36 74 67 57 0 42 95 24 8 
81 19 22 61 92 63 26 14 20 84 53 80 44 60 28 66 82 79 83 76 54 55 68 97 41 33 45 94 32 91 15 17 3 86 35 23 95 8 24 2 10 18 56 34 58 38 49 21 52 12 9 48 96 5 4 93 99 85 16 65 70 13 62 37 47 36 78 74 67 87 73 72 29 75 31 39 1 30 25 43 69 7 46 57 88 51 71 0 40 27 50 64 11 77 89 6 98 42 59 90 
81 19 22 61 92 63 26 14 20 84 53 80 44 60 28 66 82 79 83 76 54 55 68 97 41 33 45 94 32 91 15 17 3 86 35 23 95 8 24 2 10 18 56 34 58 38 49 21 52 12 9 48 96 5 4 93 99 85 16 65 70 13 62 37 47 36 78 74 67 87 73 72 29 75 31 39 1 30 25 43 69 7 46 57 88 51 71 0 40 27 50 64 11 77 89 6 98 42 59 90 
83 52 21 49 38 48 12 93 22 61 92 26 70 99 65 16 85 66 60 80 53 44 84 20 36 78 39 74 67 87 72 73 75 29 7 46 69 43 57 88 50 51 71 0 40 27 91 15 17 59 94 32 45 23 86 3 35 90 68 54 76 33 2 10 41 97 55 18 56 58 34 9 96 5 4 19 81 79 82 63 14 37 47 31 62 13 1 30 28 25 64 11 77 89 6 98 42 8 24 95 
87 29 72 47 37 31 14 26 13 92 63 53 80 60 28 59 17 3 86 45 94 32 91 27 64 50 51 11 77 71 0 40 42 95 24 8 10 2 41 97 68 54 33 23 35 76 90 66 79 81 19 93 4 12 52 83 49 21 58 18 56 55 38 34 9 48 5 96 16 85 65 99 70 61 22 82 62 84 20 44 39 78 74 67 30 1 25 43 69 7 46 88 57 98 6 89 15 36 75 73 
35 33 41 97 54 76 55 68 18 56 34 58 38 21 49 79 81 66 28 44 60 80 53 84 20 14 63 92 61 22 85 16 65 99 70 13 26 62 31 37 47 36 78 39 74 1 30 15 91 27 40 0 71 77 11 51 88 50 64 25 43 46 7 69 57 89 98 6 42 95 24 8 10 2 23 90 3 17 59 94 32 45 86 48 52 4 12 93 5 96 9 83 19 82 67 87 72 29 75 73 
20 84 44 80 53 60 28 15 27 91 32 94 86 3 17 59 66 90 35 76 54 33 18 56 58 34 38 21 49 83 52 12 4 93 5 96 9 48 81 79 82 19 22 61 70 99 65 85 16 26 13 62 31 37 47 36 78 67 74 1 30 69 57 88 51 11 77 89 6 98 0 40 10 2 45 23 55 68 41 97 95 24 8 42 71 50 64 25 43 46 7 87 29 14 63 92 39 72 73 75 
38 58 56 18 54 68 55 97 41 33 45 32 94 17 59 28 60 80 53 44 84 20 39 30 74 78 1 67 87 7 46 69 57 88 50 51 11 77 15 91 27 64 25 43 98 6 89 71 0 40 42 95 8 24 10 2 23 86 35 3 90 76 83 52 34 9 49 21 48 81 79 82 19 93 4 12 96 5 16 85 65 99 70 22 61 92 63 26 13 62 14 31 37 47 36 73 72 29 75 66 
46 67 74 1 7 36 47 37 31 62 63 19 4 12 96 9 48 34 58 38 21 49 90 35 54 76 86 3 17 40 0 27 25 43 57 50 88 51 71 11 77 89 98 6 8 24 95 42 64 91 15 59 28 60 80 53 44 39 84 20 14 26 13 70 99 65 85 16 5 93 22 61 92 82 81 79 66 83 52 18 56 55 68 33 41 97 10 2 23 45 32 94 30 78 72 29 73 75 87 69 
35 3 86 32 94 17 59 28 60 80 53 82 81 79 48 49 21 76 54 33 56 18 55 68 41 97 2 10 23 45 24 8 95 42 40 91 27 15 30 1 74 67 29 75 73 72 47 37 20 84 44 39 78 36 87 46 7 69 43 57 88 50 51 11 77 89 6 98 71 0 64 25 13 26 14 31 62 70 92 63 22 93 19 61 16 85 65 99 5 12 96 9 58 34 38 83 66 90 52 4 
69 43 57 88 50 51 11 89 6 98 95 24 8 23 86 3 35 76 54 21 49 83 52 4 93 22 61 92 63 14 26 13 62 31 47 37 20 78 74 67 1 30 25 46 7 29 75 73 72 87 36 39 84 44 53 80 60 28 59 17 66 79 81 82 19 12 96 5 65 85 16 99 70 38 34 9 48 58 56 18 55 68 33 41 97 2 10 45 32 94 91 27 15 64 40 42 0 71 77 90 
96 5 16 85 65 99 70 13 26 14 63 92 61 22 93 4 12 52 48 58 56 18 55 68 33 23 35 3 86 94 32 91 15 59 17 28 60 80 53 44 84 20 36 39 78 67 74 1 30 50 51 88 57 69 7 46 87 72 73 75 29 47 37 31 62 66 83 81 82 19 79 49 21 38 34 9 90 54 76 45 95 24 8 42 0 71 77 11 43 25 64 27 40 98 6 89 2 10 41 97 
96 5 16 85 65 99 70 13 26 14 63 92 61 22 93 4 12 52 48 58 56 18 55 68 33 23 35 3 86 94 32 91 15 59 17 28 60 80 53 44 84 20 36 39 78 67 74 1 30 50 51 88 57 69 7 46 87 72 73 75 29 47 37 31 62 66 83 81 82 19 79 49 21 38 34 9 90 54 76 45 95 24 8 42 0 71 77 11 43 25 64 27 40 98 6 89 2 10 41 97 
74 67 78 84 20 72 47 37 31 62 26 13 70 99 85 16 65 22 19 81 79 83 52 48 34 58 38 56 18 76 54 45 23 86 3 35 90 66 17 94 32 91 27 64 30 1 15 28 60 80 44 39 36 73 75 29 87 46 7 43 25 69 57 88 50 51 11 77 89 6 98 71 0 40 42 8 24 95 2 10 41 97 33 68 55 49 21 9 12 96 5 93 4 61 92 63 14 53 82 59 
68 54 76 35 23 86 3 94 32 27 51 88 50 64 25 43 57 69 7 46 67 74 78 36 47 37 31 84 20 62 13 26 14 63 82 79 83 52 48 34 58 38 21 49 4 81 19 22 93 5 16 85 65 99 70 92 61 12 96 9 90 66 60 28 15 17 91 95 24 8 42 0 98 6 89 11 77 71 40 30 1 87 72 73 29 75 39 80 53 44 59 45 2 10 41 97 55 56 18 33 
94 32 91 17 66 82 79 81 52 83 21 38 56 18 55 68 54 76 90 35 86 3 59 28 60 80 44 53 84 20 36 47 37 31 62 13 26 14 63 92 19 22 93 4 12 96 5 61 70 99 65 85 16 9 34 48 58 49 33 41 97 23 45 2 10 24 8 95 42 40 0 71 11 77 98 6 89 50 88 25 43 7 46 69 57 64 27 51 87 67 74 78 72 73 75 29 30 1 39 15 
39 44 84 20 47 37 31 62 26 13 70 99 65 85 16 61 22 93 4 92 19 81 79 83 49 52 5 12 96 9 48 34 58 38 21 55 33 76 56 18 97 41 68 54 2 10 8 24 95 42 0 40 32 94 3 86 35 23 45 27 91 59 28 90 66 80 53 60 30 1 74 67 87 29 75 73 72 78 36 14 63 82 17 51 77 11 88 50 64 71 98 6 89 57 69 7 46 25 43 15 
39 44 84 20 47 37 31 62 26 13 70 99 65 85 16 61 22 93 4 92 19 81 79 83 49 52 5 12 96 9 48 34 58 38 21 55 33 76 56 18 97 41 68 54 2 10 8 24 95 42 0 40 32 94 3 86 35 23 45 27 91 59 28 90 66 80 53 60 30 1 74 67 87 29 75 73 72 78 36 14 63 82 17 51 77 11 88 50 64 71 98 6 89 57 69 7 46 25 43 15 
8 24 95 42 40 50 51 11 77 88 57 69 67 74 1 30 32 45 94 59 17 28 60 80 53 44 84 20 47 37 31 62 26 14 63 92 61 22 93 4 76 21 49 83 52 12 9 96 5 16 85 65 99 70 13 82 19 81 79 33 54 41 97 23 2 10 68 55 56 18 58 38 34 48 35 86 3 90 66 91 27 64 25 43 46 7 29 87 72 73 75 78 36 39 15 0 71 89 6 98 
25 64 88 51 71 0 40 27 91 17 59 66 82 19 81 12 52 4 93 22 61 92 63 53 44 84 20 72 73 75 36 31 37 47 78 74 67 29 87 1 30 15 3 86 35 76 54 33 68 55 56 18 58 34 48 38 83 49 21 79 90 28 60 80 14 26 13 62 70 99 65 85 16 5 96 9 97 41 10 2 23 45 94 32 42 95 24 8 98 6 89 77 11 50 43 69 7 46 57 39 
5 96 12 4 93 22 61 19 81 83 52 79 18 56 38 58 34 48 21 49 90 3 86 35 23 45 32 94 17 59 28 60 80 44 36 78 74 67 87 72 73 75 29 46 7 69 43 25 64 27 15 91 30 1 39 84 20 47 37 31 62 13 26 14 63 92 53 82 66 76 54 68 33 41 97 55 2 24 8 0 40 50 57 88 51 77 71 6 98 89 11 42 95 10 9 65 85 16 99 70 
91 94 32 15 1 67 74 78 36 47 37 31 62 26 13 70 99 65 85 16 61 92 63 14 20 84 44 80 60 28 17 59 66 83 52 48 34 58 18 56 55 68 33 35 3 86 45 95 8 24 40 42 0 71 11 77 89 6 98 51 50 88 57 69 43 25 46 7 87 72 73 75 29 53 82 79 81 19 22 93 5 4 12 96 9 21 38 49 90 76 54 2 10 23 97 41 64 27 30 39 
72 75 78 47 36 20 84 44 53 80 60 28 59 17 3 86 23 94 32 27 40 42 95 24 8 33 10 2 35 54 76 49 21 83 79 66 26 13 70 99 65 85 16 5 96 9 48 34 38 58 18 56 55 68 97 41 45 91 15 30 1 67 74 39 31 37 62 14 63 92 61 22 4 12 93 19 81 52 82 90 0 64 50 51 11 77 89 6 98 71 88 57 43 25 69 46 7 29 73 87 
28 60 44 39 1 74 67 87 46 7 69 57 88 50 51 11 77 71 89 98 6 0 27 64 15 59 17 90 35 54 33 76 3 86 23 2 10 41 97 68 55 56 18 58 38 48 49 21 83 52 19 12 22 93 4 81 82 14 26 13 62 31 37 47 36 78 73 75 72 29 43 25 30 91 40 32 94 45 95 24 8 42 80 53 84 20 63 92 61 70 99 16 85 65 5 96 9 34 79 66 
28 60 44 39 1 74 67 87 46 7 69 57 88 50 51 11 77 71 89 98 6 0 27 64 15 59 17 90 35 54 33 76 3 86 23 2 10 41 97 68 55 56 18 58 38 48 49 21 83 52 19 12 22 93 4 81 82 14 26 13 62 31 37 47 36 78 73 75 72 29 43 25 30 91 40 32 94 45 95 24 8 42 80 53 84 20 63 92 61 70 99 16 85 65 5 96 9 34 79 66 
40 0 71 27 91 15 59 28 17 94 32 45 86 3 66 79 81 83 19 63 14 26 92 61 22 93 12 4 96 5 16 85 65 99 70 13 62 31 37 47 20 84 44 80 53 60 39 78 36 72 73 75 29 67 74 87 46 7 25 43 57 69 88 51 50 64 23 35 90 76 54 68 33 97 41 24 8 42 95 2 10 55 18 56 58 38 21 49 48 34 9 52 82 30 1 11 77 98 6 89 
98 6 89 77 11 51 50 88 57 43 25 64 27 91 17 59 28 60 84 53 39 1 30 67 74 46 7 69 40 32 94 23 35 90 76 54 33 41 97 68 55 18 56 58 38 48 34 9 12 4 96 5 93 22 61 63 14 13 62 31 37 47 20 36 78 87 72 73 75 29 44 80 66 79 81 19 82 92 26 70 99 65 16 85 52 83 49 21 86 3 45 24 8 95 42 0 71 15 10 2 
36 74 1 30 15 91 32 94 17 59 66 90 3 86 35 23 2 10 41 97 68 54 33 55 56 18 21 49 83 79 81 19 22 93 4 12 48 34 38 58 52 9 96 5 65 16 85 99 70 92 26 13 62 31 37 47 20 84 44 80 53 60 28 43 88 51 11 77 89 6 98 42 40 27 64 25 69 46 7 57 50 71 0 8 24 95 45 76 63 14 61 82 39 78 67 87 29 72 73 75 
36 74 1 30 15 91 32 94 17 59 66 90 3 86 35 23 2 10 41 97 68 54 33 55 56 18 21 49 83 79 81 19 22 93 4 12 48 34 38 58 52 9 96 5 65 16 85 99 70 92 26 13 62 31 37 47 20 84 44 80 53 60 28 43 88 51 11 77 89 6 98 42 40 27 64 25 69 46 7 57 50 71 0 8 24 95 45 76 63 14 61 82 39 78 67 87 29 72 73 75 
51 50 88 57 43 15 17 3 35 90 79 66 83 52 49 21 38 58 18 56 68 23 86 94 32 45 95 24 8 2 10 54 76 33 41 97 55 34 48 9 12 4 93 19 22 61 92 63 53 80 44 84 37 47 20 36 78 39 1 74 67 87 46 7 69 64 25 77 11 71 0 42 40 27 91 30 73 75 72 29 31 62 14 26 13 70 99 65 85 16 5 96 81 82 60 28 59 98 6 89 
66 79 81 52 83 49 58 38 48 21 76 35 23 3 86 94 32 91 27 40 0 51 11 77 89 6 98 71 50 88 57 69 43 46 7 30 1 67 74 36 78 39 28 59 17 45 95 42 8 24 2 10 41 97 68 33 54 55 56 18 34 9 96 12 4 93 5 22 19 82 63 13 26 70 65 99 85 16 92 61 14 31 37 47 29 73 75 72 87 25 64 15 60 80 44 84 20 53 62 90 
84 44 53 82 79 83 21 38 58 34 48 52 49 81 19 93 4 5 22 61 92 63 14 26 62 13 70 99 65 16 85 96 12 9 90 3 86 17 59 91 27 64 50 88 51 11 77 89 6 98 42 40 0 71 8 24 95 45 94 32 33 35 23 2 10 41 97 18 56 55 76 54 68 66 28 60 80 39 74 1 67 7 46 69 57 43 25 15 30 78 36 73 75 29 72 87 37 47 20 31 
58 38 21 49 83 79 66 90 3 86 45 2 10 95 24 8 42 0 64 50 51 11 77 6 89 98 71 88 57 69 46 7 29 87 67 74 78 36 47 37 31 20 84 60 28 59 17 15 30 1 39 44 53 80 81 19 22 93 12 5 96 9 34 56 18 55 68 33 23 35 94 32 91 27 40 25 43 72 73 75 62 26 13 70 99 65 16 85 61 92 63 14 82 4 52 48 76 54 41 97 
26 13 63 92 61 22 19 81 79 83 49 21 38 58 18 56 35 86 3 17 94 32 91 27 15 30 1 67 74 78 39 36 47 37 20 44 84 53 80 60 28 59 23 42 95 8 24 45 55 68 54 76 33 41 97 10 2 98 6 89 77 11 51 88 57 43 25 64 50 71 0 40 69 46 7 72 87 29 73 75 14 82 66 90 52 48 34 9 96 12 4 93 5 85 16 65 99 70 31 62 
86 3 94 17 59 32 91 27 40 0 71 51 50 64 69 43 25 74 78 20 37 47 36 72 73 75 29 67 1 30 15 28 60 80 53 63 13 26 14 62 31 84 44 82 81 79 52 21 49 38 48 58 9 83 34 18 56 55 68 33 54 76 90 66 19 4 61 22 93 5 96 12 16 85 65 99 70 92 39 87 46 7 57 88 11 77 89 6 98 42 95 8 24 10 2 45 23 35 41 97 
50 51 88 57 69 43 25 20 47 37 31 62 14 44 84 53 80 60 59 17 32 40 0 71 11 77 89 6 98 64 15 91 27 95 24 8 42 94 23 90 66 79 82 19 93 22 61 92 63 26 13 70 99 65 85 16 5 96 12 4 52 83 81 49 21 38 58 18 56 34 9 48 76 54 33 68 55 97 41 10 2 45 86 3 35 28 30 1 78 74 67 87 29 72 73 75 36 39 46 7 
94 86 3 35 76 54 21 49 83 52 81 79 19 4 93 22 61 92 70 99 65 16 85 5 12 48 38 58 34 9 96 18 56 55 68 33 97 41 10 2 23 45 32 17 59 15 91 27 64 50 51 11 77 89 6 98 0 71 25 43 57 88 69 46 7 67 74 78 36 37 47 20 84 44 60 53 80 39 1 30 28 66 82 63 14 26 62 13 31 29 72 75 73 87 40 42 24 8 95 90 
94 86 3 35 76 54 21 49 83 52 81 79 19 4 93 22 61 92 70 99 65 16 85 5 12 48 38 58 34 9 96 18 56 55 68 33 97 41 10 2 23 45 32 17 59 15 91 27 64 50 51 11 77 89 6 98 0 71 25 43 57 88 69 46 7 67 74 78 36 37 47 20 84 44 60 53 80 39 1 30 28 66 82 63 14 26 62 13 31 29 72 75 73 87 40 42 24 8 95 90 
10 18 56 76 54 68 33 41 97 55 90 35 23 86 3 17 59 15 27 64 50 51 71 0 42 40 32 94 45 2 95 24 8 98 6 89 77 11 88 57 69 46 7 43 25 30 1 72 73 75 29 67 74 39 78 87 36 47 37 62 31 20 84 44 53 80 60 28 66 83 52 12 93 4 22 61 92 70 99 65 85 16 5 96 9 49 21 48 38 58 34 79 81 19 82 63 14 26 13 91 
20 84 44 53 80 3 86 45 32 94 25 43 69 7 46 67 78 36 39 60 28 59 17 91 27 64 50 51 57 88 11 77 89 6 98 95 24 8 42 0 71 40 15 30 1 74 87 29 75 73 72 47 37 31 26 13 62 92 63 14 85 16 65 99 70 61 22 19 81 52 48 9 34 58 38 55 97 68 33 54 76 90 35 23 2 10 41 18 56 21 49 83 79 66 82 4 12 93 5 96 
8 95 24 2 10 3 86 35 76 54 33 90 49 21 38 58 56 18 48 34 9 96 68 55 23 45 40 27 91 64 50 51 88 57 43 25 69 46 7 67 74 78 36 47 37 31 62 26 13 92 70 99 65 85 16 93 4 12 5 22 61 63 14 20 84 44 53 80 60 28 59 17 94 32 15 30 1 29 72 73 75 87 39 82 19 81 79 66 83 52 97 41 42 0 71 11 77 89 6 98 
75 29 72 87 67 74 78 39 30 1 15 59 28 60 80 53 44 84 37 47 36 20 14 63 92 61 22 93 12 4 52 83 49 21 55 68 54 76 35 90 17 94 32 40 95 8 24 2 10 33 41 97 56 18 58 38 34 9 48 96 5 16 85 99 65 70 26 13 62 31 73 46 7 43 50 88 51 11 77 98 6 89 71 0 27 91 66 79 82 19 81 3 86 23 45 42 64 57 25 69 
3 86 94 32 17 59 91 27 64 50 51 88 57 69 46 7 30 43 25 1 78 74 67 87 72 73 75 29 47 37 36 39 20 84 44 53 80 60 28 15 19 22 93 61 92 63 14 26 13 62 31 70 65 16 85 99 12 4 5 48 9 96 58 34 38 21 49 76 54 33 68 55 56 18 97 41 2 10 23 35 90 79 66 82 81 83 52 24 8 95 42 0 71 11 77 89 6 98 40 45 
35 3 86 23 33 66 59 17 94 32 40 0 71 51 50 64 91 27 15 28 60 80 53 44 39 36 78 20 37 47 73 72 75 29 87 74 67 46 7 69 25 43 88 57 11 77 89 6 98 42 24 8 95 45 2 10 97 41 68 54 76 21 49 38 58 34 9 48 52 83 79 81 19 4 12 93 22 61 92 70 99 65 16 85 13 26 62 31 14 63 84 1 30 82 5 96 90 55 56 18 
35 3 86 23 33 66 59 17 94 32 40 0 71 51 50 64 91 27 15 28 60 80 53 44 39 36 78 20 37 47 73 72 75 29 87 74 67 46 7 69 25 43 88 57 11 77 89 6 98 42 24 8 95 45 2 10 97 41 68 54 76 21 49 38 58 34 9 48 52 83 79 81 19 4 12 93 22 61 92 70 99 65 16 85 13 26 62 31 14 63 84 1 30 82 5 96 90 55 56 18 
47 37 31 62 13 26 63 92 22 61 19 82 79 81 49 21 38 48 34 58 56 18 55 68 33 54 76 90 3 94 32 45 42 95 8 24 2 10 41 97 17 59 28 60 80 53 44 84 20 36 78 74 67 87 7 46 69 57 11 77 89 6 98 27 40 0 71 51 25 43 88 50 64 15 91 30 1 72 29 75 73 39 14 70 99 65 85 16 4 93 12 96 5 9 52 83 66 86 35 23 
47 37 31 62 13 26 63 92 22 61 19 82 79 81 49 21 38 48 34 58 56 18 55 68 33 54 76 90 3 94 32 45 42 95 8 24 2 10 41 97 17 59 28 60 80 53 44 84 20 36 78 74 67 87 7 46 69 57 11 77 89 6 98 27 40 0 71 51 25 43 88 50 64 15 91 30 1 72 29 75 73 39 14 70 99 65 85 16 4 93 12 96 5 9 52 83 66 86 35 23 
29 87 67 78 74 1 30 40 27 91 3 35 23 86 94 32 45 2 10 24 8 95 17 59 28 15 51 50 64 25 43 57 69 7 46 88 11 77 89 98 6 71 0 42 33 68 97 41 18 56 58 38 21 49 52 83 81 79 19 4 5 93 22 61 92 63 14 26 13 62 31 37 47 36 39 44 60 80 53 82 66 90 76 54 55 9 34 48 96 12 65 99 16 85 70 84 20 72 73 75 
20 84 44 80 53 60 28 59 17 64 50 51 11 77 88 57 69 7 46 43 25 30 87 67 74 78 39 1 36 47 37 31 62 13 26 14 63 92 61 22 93 4 19 5 96 9 34 48 38 58 56 18 55 68 33 41 97 10 2 23 3 35 86 94 32 45 95 24 8 42 0 71 89 98 6 40 27 91 15 72 29 75 73 79 81 83 52 82 66 49 21 54 76 90 12 16 85 99 65 70 
35 54 76 3 86 94 32 91 27 40 0 71 11 77 98 6 89 51 50 88 57 69 46 7 87 67 74 78 36 73 75 29 72 47 37 31 39 20 84 44 53 80 60 28 59 17 15 66 79 52 83 81 82 22 93 5 96 12 4 19 61 92 63 26 13 14 62 70 99 65 85 16 9 48 34 58 38 49 21 56 18 55 68 33 97 41 10 2 45 1 30 25 43 64 24 8 95 42 90 23 
32 94 27 0 71 50 88 57 69 46 7 43 25 64 51 11 77 89 6 98 8 24 95 45 86 3 35 76 54 33 68 55 21 49 83 81 79 66 82 19 22 93 4 5 12 9 48 52 96 34 58 56 18 38 90 28 60 39 1 74 67 87 72 73 29 75 37 47 63 14 13 26 92 61 65 85 16 99 70 62 31 20 84 53 80 44 36 78 30 15 91 59 17 2 10 41 97 40 42 23 
53 44 80 28 59 17 94 45 23 86 35 3 90 66 81 79 83 52 38 58 34 9 48 12 4 93 22 61 19 82 63 92 26 13 70 99 65 85 16 96 5 49 21 76 54 18 56 97 41 68 55 33 2 10 24 8 95 42 27 91 64 25 43 57 69 46 7 98 6 89 77 11 71 0 40 50 51 88 67 87 29 75 73 72 36 78 74 30 1 39 60 15 32 20 84 47 37 31 62 14 
90 83 38 34 48 21 49 76 54 68 55 56 18 58 9 96 5 93 22 4 12 52 81 19 82 53 80 60 28 59 17 94 32 91 27 50 51 11 77 6 98 89 71 88 57 69 46 7 87 72 73 75 29 1 74 67 36 47 37 31 62 14 63 26 13 92 61 70 99 65 85 16 79 66 45 86 3 35 23 97 41 33 10 2 42 95 24 8 0 40 64 25 43 30 15 39 44 84 20 78 
90 83 38 34 48 21 49 76 54 68 55 56 18 58 9 96 5 93 22 4 12 52 81 19 82 53 80 60 28 59 17 94 32 91 27 50 51 11 77 6 98 89 71 88 57 69 46 7 87 72 73 75 29 1 74 67 36 47 37 31 62 14 63 26 13 92 61 70 99 65 85 16 79 66 45 86 3 35 23 97 41 33 10 2 42 95 24 8 0 40 64 25 43 30 15 39 44 84 20 78 
57 69 7 46 74 67 87 29 72 73 75 47 37 31 62 26 92 61 22 93 4 12 96 5 65 85 16 99 70 13 63 53 44 84 59 90 35 86 3 94 32 45 23 33 54 68 55 21 49 83 81 79 66 82 30 1 39 78 36 20 14 80 60 28 17 91 27 64 50 51 71 11 77 89 6 98 0 40 42 95 8 24 2 10 41 97 76 48 38 18 56 34 58 9 52 19 25 43 15 88 
91 27 64 25 43 57 50 88 51 11 77 40 0 71 6 98 89 30 1 67 74 78 39 80 53 60 28 59 17 94 86 3 35 76 41 97 33 54 68 55 56 18 58 38 48 9 12 4 93 22 61 92 13 26 62 14 63 82 19 85 16 65 99 70 81 52 83 79 66 90 49 21 34 96 5 44 84 20 47 37 31 36 87 72 73 75 29 7 46 69 15 32 23 2 10 95 8 24 45 42 
27 91 32 94 86 3 76 54 68 33 97 41 10 2 24 8 95 42 0 71 51 50 88 57 69 25 43 46 7 87 72 73 75 29 47 37 31 20 84 44 53 80 60 28 59 17 90 66 82 22 61 19 93 4 12 96 5 9 34 58 18 56 55 38 21 48 81 83 49 52 79 63 14 92 26 13 62 70 99 65 85 16 35 23 45 15 30 1 74 67 78 36 39 64 77 11 89 98 6 40 
28 60 44 39 1 74 67 87 46 7 69 57 88 50 51 11 77 71 89 98 6 0 27 64 15 59 17 90 35 54 33 76 3 86 23 2 10 41 97 68 55 56 18 58 38 48 49 21 83 52 19 12 22 93 4 81 82 14 26 13 62 31 37 47 36 78 73 75 72 29 43 25 30 91 40 32 94 45 95 24 8 42 80 53 84 20 63 92 61 70 99 16 85 65 5 96 9 34 79 66 
21 49 86 3 35 23 45 94 32 17 91 15 28 59 54 34 38 48 52 83 79 82 84 44 53 20 36 47 37 31 62 26 13 70 99 65 85 16 5 93 4 12 96 9 56 55 68 33 97 41 10 2 8 24 95 42 6 98 89 77 11 51 50 64 27 40 0 71 88 57 69 7 46 43 25 1 30 74 78 39 67 87 72 73 75 29 14 63 92 61 22 19 81 90 66 80 60 18 58 76 
71 0 42 95 8 24 2 10 33 23 45 32 94 3 86 35 76 54 68 41 97 55 56 18 58 38 21 48 9 34 96 12 4 93 22 61 92 63 14 20 84 44 53 80 60 28 15 30 1 74 67 82 19 49 83 81 79 66 90 69 7 46 57 88 50 51 11 77 6 98 89 64 27 91 17 59 52 5 85 16 65 99 70 13 26 62 31 37 47 36 39 78 29 75 72 73 87 43 25 40 
71 0 42 95 8 24 2 10 33 23 45 32 94 3 86 35 76 54 68 41 97 55 56 18 58 38 21 48 9 34 96 12 4 93 22 61 92 63 14 20 84 44 53 80 60 28 15 30 1 74 67 82 19 49 83 81 79 66 90 69 7 46 57 88 50 51 11 77 6 98 89 64 27 91 17 59 52 5 85 16 65 99 70 13 26 62 31 37 47 36 39 78 29 75 72 73 87 43 25 40 
48 9 34 38 58 56 18 68 33 54 76 35 23 45 32 94 3 86 59 28 91 17 15 25 30 43 57 88 11 77 51 50 64 27 40 0 71 89 6 98 8 24 95 42 2 10 41 97 55 49 21 83 81 19 82 80 60 39 78 87 67 1 74 36 47 37 31 84 44 53 63 92 61 22 93 4 12 96 5 85 16 65 99 70 13 26 62 14 20 72 73 75 29 46 7 69 52 79 66 90 
48 9 34 38 58 56 18 68 33 54 76 35 23 45 32 94 3 86 59 28 91 17 15 25 30 43 57 88 11 77 51 50 64 27 40 0 71 89 6 98 8 24 95 42 2 10 41 97 55 49 21 83 81 19 82 80 60 39 78 87 67 1 74 36 47 37 31 84 44 53 63 92 61 22 93 4 12 96 5 85 16 65 99 70 13 26 62 14 20 72 73 75 29 46 7 69 52 79 66 90 
27 15 60 80 44 53 66 79 83 49 21 38 58 56 18 55 68 33 23 86 3 35 54 76 32 45 94 17 59 28 39 30 1 25 69 43 57 88 51 50 64 40 42 0 71 11 77 89 6 98 95 8 24 2 10 41 97 48 52 4 93 19 22 61 92 26 13 70 99 65 16 85 5 96 12 9 34 81 82 14 63 62 31 84 20 36 78 67 74 87 29 72 73 75 47 37 46 7 90 91 
