96 9 48 58 38 34 21 90 66 28 44 84 20 37 47 36 78 1 74 39 30 43 25 64 27 50 51 71 98 6 89 77 11 88 57 69 7 46 67 87 72 73 75 29 80 53 60 17 59 3 86 35 76 54 33 23 45 94 32 91 15 0 40 42 95 24 8 2 10 41 68 55 56 18 52 81 83 79 82 19 93 22 61 92 26 13 63 14 62 31 70 99 65 85 16 5 12 4 49 97 
5 96 12 4 93 19 79 81 83 52 9 48 21 49 38 58 34 56 18 68 41 97 55 90 66 82 59 17 40 27 64 50 51 88 11 71 77 89 6 98 0 42 45 86 3 35 8 24 95 2 10 33 76 54 23 94 32 15 91 28 60 44 84 53 80 14 63 92 61 22 26 13 62 31 37 47 20 36 78 67 74 1 30 43 25 57 69 7 46 72 73 75 29 87 39 65 85 16 99 70 
4 12 22 61 92 13 26 62 31 37 36 78 74 67 87 29 72 73 75 47 20 84 44 60 80 53 14 63 93 96 5 34 9 48 52 83 49 21 38 58 56 18 55 54 3 35 86 23 45 94 32 91 15 27 40 0 71 51 57 69 43 25 64 50 28 59 17 66 90 79 81 19 82 85 16 65 99 70 39 30 1 46 7 88 11 77 89 6 98 42 95 24 8 2 10 41 97 68 33 76 
13 26 92 61 22 93 5 96 12 4 81 79 66 90 3 35 86 23 2 10 24 8 95 42 0 40 27 91 17 59 28 60 80 53 44 39 82 19 9 48 38 58 34 56 18 55 97 41 54 33 68 76 49 21 52 83 63 14 62 1 7 46 69 57 88 43 25 64 50 51 11 77 89 6 98 71 94 45 32 15 30 74 67 87 29 72 73 75 84 20 47 37 36 78 31 70 99 65 16 85 
45 94 32 86 35 90 17 59 52 38 48 49 21 34 58 56 18 55 97 41 33 68 54 76 83 81 79 66 82 53 80 60 28 1 30 25 64 50 88 57 69 43 46 7 74 67 87 29 75 73 72 36 78 39 44 84 20 37 47 31 14 92 63 26 62 13 16 85 65 99 70 61 22 4 12 96 5 93 9 19 3 23 2 10 8 24 95 42 40 0 89 98 6 77 11 51 15 91 27 71 
96 12 52 34 38 21 49 76 54 33 68 55 56 18 35 86 3 32 94 2 10 24 8 95 0 51 77 11 88 50 64 27 91 15 30 1 67 87 72 73 36 20 47 37 31 62 26 13 70 99 16 65 85 5 93 22 61 92 63 14 84 44 80 60 28 59 17 90 66 79 83 81 19 4 9 48 58 97 41 23 45 40 42 71 89 6 98 25 43 57 69 46 7 29 75 78 74 39 53 82 
94 32 45 86 35 3 17 59 28 60 80 53 44 84 36 78 74 67 87 29 73 72 47 37 20 31 62 26 14 13 70 99 65 16 85 12 4 93 22 19 79 81 83 52 21 49 48 38 58 34 56 55 68 33 54 76 90 66 82 63 92 61 5 96 9 18 97 41 2 10 23 24 8 95 27 91 15 30 1 46 69 7 57 88 50 51 11 77 89 98 6 71 0 40 42 64 25 43 39 75 
37 47 84 36 74 67 69 7 46 1 30 15 27 51 71 11 77 89 6 98 50 88 57 43 25 64 91 17 59 94 86 3 35 90 82 19 22 61 53 80 60 28 66 79 83 52 4 93 81 12 96 9 48 21 38 58 34 56 18 55 68 33 41 97 10 2 24 8 95 42 0 40 32 45 23 54 76 49 92 26 13 62 70 99 65 85 16 5 63 14 44 39 78 20 31 72 73 75 29 87 
79 83 81 4 93 5 52 38 48 21 49 90 35 86 23 42 54 33 68 97 41 10 2 24 8 95 32 94 17 59 28 60 80 44 53 84 20 14 62 31 37 47 72 87 67 74 43 25 64 50 88 51 11 77 89 6 98 71 0 40 27 91 15 30 1 78 36 39 73 75 29 7 46 69 57 3 45 76 55 18 56 58 34 9 12 22 19 82 92 61 63 26 13 70 99 65 85 16 96 66 
40 27 91 17 59 28 60 53 44 84 20 47 37 31 62 13 26 36 39 78 74 67 87 72 73 75 29 46 7 69 57 25 43 64 50 88 11 51 0 42 98 6 89 77 71 86 35 23 2 24 8 95 32 94 3 83 49 21 38 48 52 96 9 34 58 56 18 68 97 41 10 76 54 90 66 79 81 19 4 93 5 12 22 61 92 63 14 70 99 85 16 65 82 80 30 1 15 55 33 45 
90 76 35 3 86 94 45 32 91 27 64 40 0 71 77 11 7 46 43 57 88 89 6 98 42 95 8 24 2 10 41 97 33 68 55 56 18 58 34 38 49 21 52 4 93 22 61 92 63 14 26 13 62 31 37 20 36 47 75 73 72 29 87 67 74 60 80 53 84 44 78 39 30 1 69 25 51 50 15 28 59 17 66 79 81 82 19 12 96 5 65 16 85 99 70 9 48 83 54 23 
48 38 56 18 21 49 79 83 52 81 19 61 22 93 5 12 4 96 9 34 58 55 68 35 3 90 54 76 33 41 97 23 2 10 45 32 94 17 91 15 59 28 60 44 84 20 37 47 36 29 72 73 75 87 67 74 78 39 1 30 25 43 69 46 7 57 88 50 51 11 77 71 42 24 8 95 98 89 6 0 64 27 40 86 66 82 80 53 14 63 70 13 26 62 31 92 99 16 65 85 
84 53 80 60 28 59 17 94 45 86 3 35 32 0 40 27 91 64 50 25 43 1 74 67 39 78 36 20 73 75 72 87 29 57 69 46 7 88 51 11 77 89 6 98 71 42 95 8 24 2 10 97 41 33 68 54 76 90 66 81 79 82 19 4 12 96 93 22 61 92 63 14 26 62 13 70 99 65 85 16 5 9 48 34 38 58 56 18 55 52 83 49 21 23 15 30 31 37 47 44 
76 54 33 68 97 41 10 2 23 86 3 35 90 66 49 21 38 48 34 58 56 18 55 28 60 80 53 44 39 78 36 37 47 29 75 73 72 74 1 30 15 64 91 27 17 59 32 94 45 95 24 8 42 40 0 11 77 89 6 98 71 51 88 50 25 43 57 69 46 7 67 87 84 20 62 31 14 13 26 92 63 19 4 12 96 9 52 81 79 83 82 22 93 5 65 16 85 99 70 61 
25 43 57 50 88 51 11 77 0 71 89 6 98 42 95 8 24 32 94 17 59 28 60 80 53 44 84 20 47 31 37 36 78 74 67 30 1 91 27 40 64 15 90 86 35 23 2 10 41 97 68 55 58 18 56 38 48 52 12 4 93 22 61 26 14 63 92 13 62 70 99 65 85 16 5 96 9 34 83 49 21 76 54 33 45 3 66 79 81 19 82 39 7 46 69 87 72 73 75 29 
0 71 51 50 64 27 17 91 32 94 45 86 3 59 28 35 90 66 79 81 19 93 4 12 52 49 21 83 82 53 80 60 20 37 47 36 84 44 39 78 74 67 7 46 69 43 25 30 1 87 29 75 73 72 31 62 26 13 63 61 65 16 85 99 70 92 14 22 5 96 34 58 38 48 9 18 56 55 68 33 54 76 23 2 10 41 97 24 8 95 42 40 11 77 89 6 98 88 57 15 
52 81 79 66 49 21 38 58 56 18 68 55 76 54 33 41 97 2 10 23 35 3 86 94 32 27 40 91 15 43 25 64 50 51 11 77 89 6 98 42 0 95 8 24 71 88 57 69 46 7 75 29 72 73 87 74 67 1 30 39 78 84 20 47 37 31 36 44 82 53 80 14 63 92 61 22 93 4 12 90 45 17 59 28 60 62 26 13 70 99 65 85 16 96 5 9 34 48 83 19 
76 54 35 86 3 45 94 32 42 6 98 89 77 11 51 50 64 25 43 69 7 46 30 1 74 67 87 29 75 73 72 36 47 37 31 20 84 44 80 53 82 81 79 83 52 9 12 4 93 22 19 61 92 62 26 13 70 99 65 85 16 5 96 48 38 58 56 18 41 97 68 33 23 2 10 24 8 95 40 0 71 88 57 27 91 17 59 15 28 60 66 90 21 49 34 55 39 78 14 63 
79 81 66 82 19 93 12 96 16 85 65 99 70 13 26 14 63 92 61 22 5 4 52 83 76 33 54 68 55 18 56 58 38 49 21 48 34 9 90 35 23 2 10 24 8 27 64 25 43 50 51 71 98 6 89 77 11 88 57 69 46 7 29 72 73 75 36 78 74 1 30 15 28 60 80 53 44 84 47 37 20 31 62 39 87 67 17 59 94 32 91 40 0 42 95 45 86 3 97 41 
30 67 74 1 7 46 69 57 88 50 51 71 0 42 40 32 94 17 59 28 60 80 53 44 84 20 87 72 73 75 29 36 78 39 37 47 31 62 14 63 61 92 13 26 70 99 85 16 65 22 93 4 52 49 83 79 81 82 19 12 96 5 38 58 56 18 55 68 97 41 86 3 90 21 48 34 9 66 35 23 2 10 33 54 76 45 95 8 24 98 6 89 77 11 15 27 91 64 43 25 
26 13 62 31 37 47 20 84 14 63 92 61 22 93 5 12 96 9 34 38 21 49 83 79 81 53 44 80 60 28 59 94 45 95 24 8 86 3 90 76 54 68 33 97 41 10 2 23 35 46 7 69 43 25 27 91 51 50 88 57 64 77 11 71 89 98 6 42 0 40 32 17 15 30 1 78 67 87 72 73 75 29 36 74 39 66 82 19 4 52 48 58 18 56 55 16 85 65 99 70 
30 1 74 67 87 78 36 47 37 31 62 26 13 70 92 63 14 84 44 53 80 60 28 59 17 23 86 3 90 35 56 18 58 38 48 52 83 81 19 93 5 96 12 4 22 61 65 99 85 16 9 34 49 21 54 55 68 33 41 97 10 2 95 8 24 45 32 94 76 66 79 82 20 73 75 72 29 7 46 69 57 88 25 43 27 64 50 51 11 98 6 89 77 71 0 40 91 15 42 39 
83 52 48 21 49 54 33 68 55 56 18 58 38 34 9 93 5 61 22 19 82 60 80 53 44 84 20 31 47 37 62 26 13 14 63 92 70 99 85 65 16 4 12 96 81 79 66 17 28 59 90 3 86 35 23 2 24 95 8 42 6 98 89 77 71 51 11 88 50 0 40 27 64 94 45 32 91 15 74 67 87 72 73 75 29 7 46 69 57 43 25 30 1 39 78 36 76 97 41 10 
71 51 50 64 25 43 69 7 46 67 87 78 36 39 74 1 30 60 80 53 84 44 20 47 37 31 13 26 14 63 92 61 22 93 5 96 9 34 58 38 48 54 33 97 41 68 55 18 56 21 49 83 52 81 79 66 59 17 94 32 40 27 91 15 28 57 88 11 77 89 6 98 0 42 95 24 8 2 10 3 86 45 23 35 90 76 82 19 4 12 85 16 65 99 70 62 29 72 73 75 
24 95 8 42 40 27 64 51 50 25 43 15 30 45 32 91 94 17 59 3 35 86 90 76 54 33 68 55 97 41 10 2 0 11 77 89 6 98 71 88 57 69 46 7 74 67 87 72 73 75 29 39 78 36 20 14 63 92 61 22 93 4 81 79 66 82 19 83 52 48 38 58 34 9 12 5 96 85 16 65 99 70 26 13 62 31 37 47 84 44 53 80 60 1 28 49 21 56 18 23 
86 23 35 3 66 90 76 21 49 54 68 33 95 24 8 42 0 71 51 50 88 64 43 25 30 1 67 74 78 39 44 60 28 15 91 27 17 59 94 32 45 2 10 41 97 55 56 18 52 79 82 19 22 93 4 12 5 96 9 48 34 58 38 83 81 63 14 92 61 99 65 16 85 62 26 13 70 31 37 47 36 53 80 20 84 87 72 73 75 29 7 46 69 57 11 77 89 6 98 40 
40 0 71 51 50 88 11 77 89 98 6 42 95 24 8 2 33 68 54 58 34 38 49 21 48 52 83 79 82 4 93 12 5 19 81 66 80 60 28 15 91 27 64 25 43 46 7 67 74 78 36 20 84 44 53 39 30 1 87 72 73 75 29 57 69 47 37 31 62 13 26 14 63 92 61 22 16 85 65 99 70 96 9 18 56 55 76 90 3 86 35 23 45 32 94 17 59 41 97 10 
57 88 50 51 71 0 42 40 27 91 15 43 25 30 1 78 67 74 87 29 72 75 73 36 47 37 31 20 84 44 53 60 80 28 59 17 94 86 3 90 49 21 48 52 83 81 79 66 82 22 93 4 12 5 96 9 34 58 38 68 76 54 56 18 55 33 41 97 10 2 45 32 95 24 8 98 6 89 77 11 69 7 46 39 14 63 92 61 70 65 85 16 99 13 26 62 19 35 23 64 
82 19 81 4 5 96 12 93 22 61 92 62 26 13 53 80 60 28 59 32 94 86 3 35 68 54 76 49 21 48 58 34 38 56 18 55 41 97 33 10 2 23 45 8 24 95 42 27 91 15 25 71 0 40 64 50 88 51 11 77 89 6 98 57 69 43 30 1 67 7 46 87 72 73 75 29 74 78 39 36 47 20 37 31 14 63 84 44 17 90 66 79 83 52 9 16 85 99 65 70 
7 46 50 88 51 11 77 71 0 40 32 94 23 35 3 86 45 17 59 28 60 80 53 44 39 30 1 36 78 74 67 87 72 73 37 20 84 14 26 63 92 61 22 93 4 12 9 96 5 65 16 85 99 70 13 62 31 47 75 29 69 43 25 57 64 27 91 15 90 76 54 33 68 41 97 55 56 18 48 52 83 49 21 38 58 34 66 79 81 19 82 95 8 24 2 10 42 98 6 89 
93 22 61 19 4 12 5 96 9 52 48 38 58 56 18 49 21 68 33 76 54 35 23 24 8 95 42 98 6 89 77 71 15 91 27 64 50 51 11 88 25 43 46 7 69 57 0 86 3 17 94 59 28 60 80 53 44 84 20 37 47 36 78 74 1 30 39 67 87 72 29 75 73 31 62 26 13 70 99 65 85 16 63 14 92 82 81 79 66 83 90 32 45 40 2 10 41 97 55 34 
17 59 86 45 23 10 2 33 68 55 38 34 58 56 18 83 49 21 3 94 32 27 91 15 28 60 80 44 84 20 37 47 72 73 75 29 87 67 74 1 39 78 36 62 14 63 92 61 22 93 4 12 96 5 65 16 85 99 70 26 13 31 53 82 81 66 79 52 48 9 19 90 76 54 35 41 97 8 24 95 42 40 0 71 77 98 6 89 11 88 50 51 64 25 43 57 69 46 7 30 
42 8 24 95 45 94 17 59 15 30 1 25 64 27 40 91 32 86 3 35 76 54 68 55 18 56 58 38 21 48 49 83 52 79 81 82 53 80 44 84 14 63 92 62 13 26 70 99 65 85 16 5 22 93 12 4 19 61 96 9 34 41 97 33 2 10 23 90 66 60 28 39 78 74 67 87 43 57 69 46 7 29 75 73 72 47 20 36 37 31 88 77 11 50 51 71 89 6 98 0 
79 83 52 81 82 19 22 61 92 63 14 44 1 30 15 91 40 0 71 89 77 43 25 64 27 32 94 3 35 86 23 2 10 68 58 34 48 21 49 76 54 97 41 33 55 56 18 38 9 96 5 12 4 93 16 85 65 99 70 26 13 62 31 78 74 67 46 7 87 72 73 29 75 47 37 20 36 39 60 80 53 84 69 57 88 51 50 11 98 6 42 95 24 8 45 59 17 28 66 90 
67 74 78 36 47 37 20 84 44 80 60 63 14 26 13 62 92 70 99 65 85 16 5 12 4 93 22 19 81 79 83 52 21 49 38 58 34 48 9 96 61 90 35 33 54 55 56 18 97 68 41 10 2 24 8 95 42 71 51 11 77 89 98 6 57 43 25 1 30 15 91 27 40 0 64 50 88 69 46 7 87 29 73 72 75 31 53 28 59 17 32 94 45 23 3 86 76 66 82 39 
46 7 74 67 87 29 72 73 75 37 47 36 78 44 84 20 31 26 13 62 14 63 92 61 19 93 22 82 53 80 60 28 59 17 91 27 40 0 8 24 95 42 64 25 43 57 88 50 51 11 77 89 6 98 71 45 2 3 86 23 35 90 76 54 33 68 97 41 10 94 32 66 79 81 4 12 96 48 38 34 58 56 18 55 49 21 52 83 9 5 16 85 65 99 70 39 30 1 15 69 
3 86 23 2 10 41 97 33 68 54 76 35 90 66 79 83 52 12 96 9 34 38 55 18 56 58 48 21 49 81 82 4 5 93 19 22 61 92 63 14 53 80 60 28 15 25 43 69 46 7 64 50 51 88 57 11 77 89 98 6 0 71 40 27 91 32 94 17 59 30 1 78 74 67 87 72 73 75 29 31 20 84 44 39 36 47 37 62 26 13 70 99 65 85 16 45 42 95 24 8 
58 18 56 38 48 49 83 52 4 12 96 9 34 79 81 90 35 3 86 94 32 91 27 40 11 51 50 64 15 30 1 74 67 87 73 72 29 75 47 37 31 26 13 62 14 84 20 44 53 80 60 66 59 17 28 82 19 61 22 93 5 21 76 54 68 55 97 41 33 10 2 23 45 95 24 8 42 0 71 98 6 89 77 88 57 43 25 69 46 7 36 78 39 63 92 70 99 85 16 65 
87 67 74 1 30 43 25 64 15 91 27 51 50 71 0 40 32 3 86 23 2 33 41 97 18 56 55 68 54 35 10 95 8 24 42 98 6 89 77 11 88 57 69 46 7 29 75 73 72 37 47 31 20 14 63 61 22 19 4 93 5 12 96 9 48 52 83 49 21 38 58 34 79 81 82 92 99 65 85 16 13 26 62 70 84 44 80 53 60 28 59 17 94 45 76 90 66 78 39 36 
32 94 45 42 8 24 95 2 10 41 97 68 33 54 76 90 3 35 86 23 49 83 81 79 82 53 80 60 28 59 17 91 27 64 43 25 1 30 78 74 67 87 29 75 73 72 47 37 31 62 13 26 70 61 19 22 93 4 12 96 9 48 38 21 56 58 34 52 5 85 16 65 99 92 14 63 44 84 20 36 39 46 7 69 57 88 51 50 40 0 71 11 77 89 6 98 55 18 66 15 
94 32 45 86 35 3 17 59 28 60 80 53 44 84 36 78 74 67 87 29 73 72 47 37 20 31 62 26 14 13 70 99 65 16 85 12 4 93 22 19 79 81 83 52 21 49 48 38 58 34 56 55 68 33 54 76 90 66 82 63 92 61 5 96 9 18 97 41 2 10 23 24 8 95 27 91 15 30 1 46 69 7 57 88 50 51 11 77 89 98 6 71 0 40 42 64 25 43 39 75 
69 57 50 88 51 11 77 89 6 98 42 0 40 91 64 27 30 1 74 67 87 25 43 46 7 72 73 29 75 37 47 78 36 20 84 53 63 92 61 22 93 4 12 96 5 65 85 16 99 70 26 13 14 62 31 39 44 80 60 28 59 17 94 32 45 86 3 35 66 79 81 19 82 21 83 49 76 54 68 33 41 97 55 56 18 58 38 9 48 34 52 90 10 2 23 24 8 95 15 71 
64 50 51 11 77 89 98 6 0 40 32 94 45 86 3 35 23 68 55 54 33 97 41 10 2 24 8 95 42 71 88 57 25 1 67 87 72 73 75 29 74 78 36 37 20 39 44 60 80 53 84 14 47 31 62 13 26 92 63 70 85 16 65 99 22 93 4 96 9 90 76 21 49 48 38 56 18 58 34 12 5 52 83 79 82 81 19 61 66 17 59 91 27 15 30 46 7 69 43 28 
67 74 1 30 25 43 69 57 88 51 50 64 71 0 40 32 11 77 89 6 98 42 95 8 24 2 10 41 97 68 54 33 23 86 45 94 91 27 15 28 59 17 35 3 90 79 83 49 21 48 66 60 80 53 44 84 20 36 78 39 14 62 26 13 63 92 70 61 22 93 4 12 96 5 81 19 52 38 58 18 56 55 76 34 9 16 85 65 99 82 31 37 47 87 72 73 75 29 7 46 
66 90 76 54 68 33 23 94 32 15 17 59 28 60 80 53 44 84 20 31 37 47 36 78 74 67 87 72 73 75 29 7 46 69 57 88 50 77 89 6 98 0 40 27 91 64 51 11 71 95 8 24 2 10 41 97 55 18 56 38 58 34 48 83 52 4 93 22 16 85 65 99 70 26 13 62 14 63 92 61 19 81 79 82 3 86 35 45 42 25 43 1 30 39 12 96 5 9 49 21 
27 40 51 77 11 89 6 98 71 0 24 8 95 45 3 86 94 17 28 60 80 44 53 63 92 61 22 93 4 12 96 9 48 38 34 58 56 18 97 41 35 90 66 59 91 32 76 54 68 33 23 2 10 55 49 83 52 21 81 79 82 19 5 16 65 85 99 70 26 62 13 14 84 20 37 47 31 36 78 74 67 87 72 73 75 29 46 7 69 43 25 30 1 39 15 64 50 88 57 42 
84 20 37 47 36 78 74 1 30 43 25 64 51 50 88 77 71 11 89 6 98 0 40 27 91 15 17 59 28 60 80 53 44 39 14 62 26 13 70 99 65 85 16 96 5 4 93 22 61 92 63 31 73 75 72 29 87 67 46 7 69 57 95 42 24 8 2 10 41 97 33 68 54 76 55 38 56 18 52 48 21 49 83 90 35 3 86 45 23 94 32 66 81 12 9 34 58 79 82 19 
80 60 28 59 17 94 86 35 23 3 90 66 79 83 81 82 48 38 9 34 58 56 18 76 54 68 33 41 97 55 21 49 52 12 4 93 22 5 96 16 85 65 99 70 13 26 62 31 73 72 29 75 20 47 37 1 30 25 43 88 11 0 71 51 50 64 91 27 40 32 45 2 10 95 24 8 42 6 98 89 77 57 69 46 7 39 78 74 67 87 36 84 44 53 63 92 61 19 14 15 
38 58 34 48 82 19 81 79 83 49 21 76 54 35 3 86 45 24 8 95 42 6 98 89 77 0 40 27 91 32 94 17 59 60 28 39 80 53 84 44 14 47 37 31 62 26 13 70 99 65 85 16 4 93 22 92 63 20 36 78 74 67 1 30 25 43 69 46 7 87 29 75 73 72 57 88 50 51 11 71 64 15 66 90 23 2 10 41 97 68 55 33 56 18 52 12 96 5 61 9 
30 67 74 1 7 46 69 57 88 50 51 71 0 42 40 32 94 17 59 28 60 80 53 44 84 20 87 72 73 75 29 36 78 39 37 47 31 62 14 63 61 92 13 26 70 99 85 16 65 22 93 4 52 49 83 79 81 82 19 12 96 5 38 58 56 18 55 68 97 41 86 3 90 21 48 34 9 66 35 23 2 10 33 54 76 45 95 8 24 98 6 89 77 11 15 27 91 64 43 25 
45 10 2 8 24 95 42 0 40 32 94 35 3 86 17 76 54 68 55 97 41 33 23 90 66 79 81 4 12 93 22 61 92 70 99 65 85 16 5 96 9 48 21 49 34 38 58 56 18 83 52 19 82 80 60 59 28 15 91 27 64 50 51 71 11 77 88 57 69 43 25 67 74 78 36 20 84 44 53 39 1 30 46 7 87 29 72 73 75 37 47 31 62 13 26 14 63 98 6 89 
9 48 34 38 58 55 56 18 21 49 83 52 12 4 93 22 61 92 14 26 13 62 31 37 47 36 78 74 67 1 30 43 25 64 50 51 11 71 0 40 42 98 6 89 77 57 88 28 60 80 53 44 39 84 20 72 73 75 29 87 7 46 69 2 10 24 8 95 45 86 23 3 35 94 27 32 17 91 15 59 90 33 68 97 41 54 76 66 79 81 82 19 96 5 65 16 85 70 99 63 
15 91 27 40 0 71 51 88 11 77 50 30 1 67 74 36 78 39 53 80 60 28 59 17 3 86 94 32 64 25 43 46 7 69 57 89 6 98 42 24 8 95 23 35 33 68 55 76 54 21 49 34 58 38 48 81 82 19 93 22 61 92 63 14 26 13 31 37 47 72 87 29 75 73 84 44 20 62 70 99 85 16 65 5 4 12 96 9 52 83 79 66 90 45 2 10 97 41 18 56 
26 13 62 31 37 47 20 84 14 63 92 61 22 93 5 12 96 9 34 38 21 49 83 79 81 53 44 80 60 28 59 94 45 95 24 8 86 3 90 76 54 68 33 97 41 10 2 23 35 46 7 69 43 25 27 91 51 50 88 57 64 77 11 71 89 98 6 42 0 40 32 17 15 30 1 78 67 87 72 73 75 29 36 74 39 66 82 19 4 52 48 58 18 56 55 16 85 65 99 70 
78 36 46 7 87 67 74 1 30 15 17 91 64 50 51 11 77 89 6 98 0 71 40 42 95 24 8 2 54 68 33 76 49 21 38 58 34 9 61 92 26 13 62 14 63 82 66 80 53 60 28 59 86 23 35 3 90 94 32 45 10 41 97 56 18 55 48 52 83 79 81 4 93 22 19 12 96 5 16 85 65 99 70 31 47 37 75 73 72 29 69 57 88 25 43 27 44 20 84 39 
20 84 44 60 80 53 78 1 74 30 28 59 17 32 45 40 27 91 94 86 3 23 35 90 66 79 21 49 76 68 55 54 33 2 10 41 97 56 18 38 58 34 52 96 12 4 93 5 9 48 83 81 19 22 61 92 63 14 26 13 62 31 37 47 36 73 72 87 67 64 51 50 57 88 11 77 89 98 6 71 0 42 95 8 24 15 25 43 69 46 7 29 75 70 99 85 16 65 82 39 
71 51 50 64 25 43 69 7 46 67 87 78 36 39 74 1 30 60 80 53 84 44 20 47 37 31 13 26 14 63 92 61 22 93 5 96 9 34 58 38 48 54 33 97 41 68 55 18 56 21 49 83 52 81 79 66 59 17 94 32 40 27 91 15 28 57 88 11 77 89 6 98 0 42 95 24 8 2 10 3 86 45 23 35 90 76 82 19 4 12 85 16 65 99 70 62 29 72 73 75 
71 51 50 64 25 43 69 7 46 67 87 78 36 39 74 1 30 60 80 53 84 44 20 47 37 31 13 26 14 63 92 61 22 93 5 96 9 34 58 38 48 54 33 97 41 68 55 18 56 21 49 83 52 81 79 66 59 17 94 32 40 27 91 15 28 57 88 11 77 89 6 98 0 42 95 24 8 2 10 3 86 45 23 35 90 76 82 19 4 12 85 16 65 99 70 62 29 72 73 75 
54 68 55 18 56 58 34 38 76 90 35 3 66 79 82 53 44 80 84 20 37 47 36 78 39 74 1 30 67 87 46 7 69 43 25 64 50 51 88 57 11 77 89 6 98 71 0 42 8 95 24 10 2 23 86 94 32 45 17 28 60 59 15 91 27 40 33 41 97 21 49 52 83 81 19 4 93 22 61 92 63 14 13 26 62 31 73 75 72 29 85 65 99 70 16 5 12 96 9 48 
49 21 38 58 34 48 9 96 12 4 93 5 85 16 65 99 70 13 62 26 82 81 19 22 61 92 63 14 31 20 84 44 60 28 17 15 91 27 64 50 51 88 57 67 87 72 73 75 29 30 1 74 39 78 36 47 37 80 53 66 90 35 86 3 94 32 45 23 10 2 24 8 95 42 40 0 71 11 77 89 6 98 7 46 69 43 25 79 83 52 56 18 55 68 97 41 33 54 76 59 
49 21 38 58 34 48 9 96 12 4 93 5 85 16 65 99 70 13 62 26 82 81 19 22 61 92 63 14 31 20 84 44 60 28 17 15 91 27 64 50 51 88 57 67 87 72 73 75 29 30 1 74 39 78 36 47 37 80 53 66 90 35 86 3 94 32 45 23 10 2 24 8 95 42 40 0 71 11 77 89 6 98 7 46 69 43 25 79 83 52 56 18 55 68 97 41 33 54 76 59 
82 19 81 4 5 96 12 93 22 61 92 62 26 13 53 80 60 28 59 32 94 86 3 35 68 54 76 49 21 48 58 34 38 56 18 55 41 97 33 10 2 23 45 8 24 95 42 27 91 15 25 71 0 40 64 50 88 51 11 77 89 6 98 57 69 43 30 1 67 7 46 87 72 73 75 29 74 78 39 36 47 20 37 31 14 63 84 44 17 90 66 79 83 52 9 16 85 99 65 70 
73 72 29 7 46 1 67 74 78 39 60 80 53 63 14 13 26 92 61 22 4 12 96 9 34 48 21 49 90 3 35 86 94 32 45 95 8 24 23 68 55 54 76 56 18 58 38 52 83 79 81 19 82 66 17 59 28 15 30 64 27 91 40 0 71 11 88 57 43 25 69 50 51 77 89 98 6 42 2 10 41 97 33 93 5 85 16 65 99 70 62 31 47 37 20 84 44 36 87 75 
91 17 59 28 60 80 53 20 84 44 39 78 36 47 37 73 75 29 46 7 69 57 43 25 64 51 50 88 11 77 6 98 89 71 0 40 45 94 32 86 3 23 35 90 66 79 81 19 22 93 96 5 12 4 9 34 38 48 52 83 49 21 56 18 33 68 76 54 55 58 97 41 10 2 24 95 8 42 27 15 30 1 67 74 87 72 62 26 13 65 16 85 99 70 92 82 61 63 14 31 
82 79 83 52 81 4 12 5 93 22 19 26 13 62 37 20 84 44 53 60 28 15 91 27 40 0 59 17 3 39 74 67 87 29 75 73 72 36 78 47 31 14 63 92 61 70 99 65 85 16 96 9 34 48 38 58 56 18 55 68 33 97 41 76 54 10 2 45 32 94 86 35 90 49 21 23 95 24 8 42 98 6 89 71 77 11 88 51 50 64 25 43 57 69 7 46 1 30 80 66 
82 79 83 52 81 4 12 5 93 22 19 26 13 62 37 20 84 44 53 60 28 15 91 27 40 0 59 17 3 39 74 67 87 29 75 73 72 36 78 47 31 14 63 92 61 70 99 65 85 16 96 9 34 48 38 58 56 18 55 68 33 97 41 76 54 10 2 45 32 94 86 35 90 49 21 23 95 24 8 42 98 6 89 71 77 11 88 51 50 64 25 43 57 69 7 46 1 30 80 66 
66 79 81 19 93 22 61 92 63 14 37 47 36 78 74 1 30 3 86 23 45 32 17 59 28 60 80 53 44 84 20 31 62 26 13 70 99 65 85 16 5 4 12 9 96 34 38 58 18 56 68 55 41 97 33 54 76 10 2 95 24 8 40 0 71 77 11 51 50 64 27 91 15 25 43 57 69 67 87 29 75 73 72 7 46 88 98 6 89 42 35 90 94 39 82 83 21 49 52 48 
32 94 86 3 90 66 79 81 19 53 80 60 28 59 17 91 27 64 50 51 11 77 71 0 40 42 24 8 95 45 2 10 41 23 35 76 54 33 68 56 38 58 34 9 12 4 93 22 5 96 16 65 85 99 70 13 26 62 31 20 37 47 36 78 74 1 30 25 43 69 46 7 67 87 72 73 29 75 39 44 84 14 63 92 61 82 49 48 83 52 21 18 55 97 6 98 89 88 57 15 
6 89 77 11 51 50 64 40 0 42 24 8 95 45 94 86 3 35 23 76 54 33 68 97 41 10 2 55 56 18 58 38 34 9 96 92 63 14 53 80 60 44 84 20 37 47 36 78 39 72 73 75 29 7 46 25 43 1 74 67 87 31 62 26 13 70 99 65 85 16 5 93 4 12 48 52 83 79 81 82 19 22 61 90 66 49 21 59 17 91 27 71 88 57 69 15 30 28 32 98 
86 45 32 94 17 59 28 60 80 53 44 74 78 67 1 30 39 36 31 37 47 20 84 14 63 92 61 19 22 93 4 82 81 83 52 38 48 21 49 3 35 90 66 79 76 54 33 68 97 41 10 2 95 24 8 42 0 71 77 11 51 50 88 57 43 25 69 46 7 87 72 29 75 73 62 13 26 70 99 65 16 85 5 9 34 96 12 58 56 18 55 23 64 27 91 15 40 98 6 89 
66 90 35 3 86 94 45 23 76 33 68 55 54 21 49 79 83 52 48 12 4 93 22 19 81 82 53 80 60 28 44 84 14 63 92 26 13 62 31 37 47 20 36 39 67 74 78 1 30 15 27 91 32 59 17 25 43 69 57 88 51 11 77 89 98 6 0 71 42 95 8 24 10 2 41 97 56 18 58 38 34 9 96 5 16 85 65 99 70 61 46 7 75 73 72 29 87 50 64 40 
20 47 37 31 62 13 26 63 39 74 78 87 7 46 57 88 51 50 64 25 43 69 72 73 75 29 67 1 30 15 91 27 40 45 32 94 90 79 82 53 80 60 28 59 17 66 48 34 9 12 4 93 22 61 92 70 99 65 85 16 5 96 83 81 19 52 21 49 38 58 56 18 55 54 33 76 68 97 41 35 86 3 23 2 10 8 24 95 42 0 71 11 77 89 6 98 14 44 84 36 
63 26 13 62 14 70 99 65 85 16 61 22 82 81 19 12 4 93 5 96 9 48 21 49 83 52 90 3 86 35 23 33 68 54 76 79 66 28 60 80 44 53 84 20 31 37 47 36 78 74 67 87 29 75 73 72 46 7 69 43 25 40 94 45 32 59 17 15 91 27 64 88 51 50 57 11 77 89 98 6 0 71 95 24 8 42 2 10 41 97 55 56 18 58 38 34 30 1 39 92 
16 85 65 99 70 14 63 22 19 52 48 21 49 81 82 79 66 90 35 3 86 23 45 32 94 17 59 28 60 44 80 53 84 20 37 47 36 39 78 74 67 1 30 15 91 27 88 25 43 57 51 50 64 0 6 98 71 11 77 89 42 95 24 8 2 10 33 68 54 41 97 55 38 56 18 58 34 9 96 12 4 93 5 83 76 40 7 46 69 87 72 29 75 73 31 62 26 13 92 61 
84 20 31 62 13 26 70 65 99 85 16 93 22 61 19 82 66 79 81 83 52 9 5 96 12 4 92 63 14 44 53 80 60 28 59 32 94 35 3 86 23 45 2 33 68 54 76 90 91 27 50 64 46 7 69 57 25 43 1 67 74 78 36 47 37 39 30 15 17 40 0 71 11 51 88 77 89 6 98 42 95 24 8 10 41 97 55 56 18 58 34 38 48 21 49 87 72 73 75 29 
54 76 35 23 86 3 45 59 90 66 82 19 4 93 22 61 92 63 14 44 80 60 28 15 91 27 64 25 43 57 88 50 51 11 77 89 6 98 8 24 95 10 2 55 97 41 33 68 21 49 48 58 38 52 12 5 16 85 65 99 70 13 26 62 31 37 47 84 20 36 78 74 67 87 72 73 75 29 1 30 39 46 69 7 94 32 40 0 71 42 17 53 79 83 81 96 9 34 56 18 
87 29 75 73 72 7 46 69 57 88 50 11 77 89 98 6 51 71 0 24 8 95 94 32 45 76 54 2 10 3 86 23 33 68 97 41 55 56 18 58 34 38 48 52 66 79 82 81 4 12 96 9 93 22 61 92 63 14 36 78 67 74 1 30 15 91 27 64 25 43 40 42 28 39 44 84 20 37 47 31 62 13 26 70 99 65 85 16 5 19 83 49 21 90 35 17 59 60 80 53 
34 58 38 21 49 83 52 9 96 5 12 4 93 61 22 19 81 82 79 66 60 80 53 44 84 39 36 47 37 20 31 62 13 26 92 63 14 35 90 86 3 17 94 32 15 28 59 91 27 64 50 51 11 77 89 6 98 8 24 2 10 33 68 76 54 55 56 18 97 41 23 45 95 42 40 0 71 88 57 43 25 69 7 46 1 30 74 67 78 87 72 73 75 29 85 16 65 99 70 48 
34 58 38 21 49 83 52 9 96 5 12 4 93 61 22 19 81 82 79 66 60 80 53 44 84 39 36 47 37 20 31 62 13 26 92 63 14 35 90 86 3 17 94 32 15 28 59 91 27 64 50 51 11 77 89 6 98 8 24 2 10 33 68 76 54 55 56 18 97 41 23 45 95 42 40 0 71 88 57 43 25 69 7 46 1 30 74 67 78 87 72 73 75 29 85 16 65 99 70 48 
17 59 28 60 80 44 84 20 36 78 39 67 74 1 30 27 64 50 51 0 8 24 95 98 6 89 25 43 69 7 46 57 88 11 77 71 40 42 32 94 45 23 10 2 41 97 55 68 33 54 76 35 86 3 90 66 79 81 52 48 38 21 49 34 58 18 56 4 93 12 96 5 22 61 19 82 53 63 14 62 13 26 92 83 9 16 85 65 99 70 31 37 47 72 73 75 29 87 15 91 
17 59 28 60 80 44 84 20 36 78 39 67 74 1 30 27 64 50 51 0 8 24 95 98 6 89 25 43 69 7 46 57 88 11 77 71 40 42 32 94 45 23 10 2 41 97 55 68 33 54 76 35 86 3 90 66 79 81 52 48 38 21 49 34 58 18 56 4 93 12 96 5 22 61 19 82 53 63 14 62 13 26 92 83 9 16 85 65 99 70 31 37 47 72 73 75 29 87 15 91 
53 80 60 28 59 17 3 86 35 23 90 66 79 81 12 4 19 22 61 92 63 26 62 31 37 47 36 78 72 73 75 29 87 67 1 30 7 46 69 43 25 57 88 11 77 89 6 98 0 71 51 50 64 27 91 15 94 32 40 42 95 24 8 2 10 76 54 55 97 33 68 41 45 56 18 58 38 48 34 9 96 5 93 14 84 20 39 74 44 82 21 49 83 52 16 85 99 65 70 13 
74 67 1 30 25 43 50 51 71 11 77 89 6 98 42 0 40 32 94 86 3 35 23 45 91 27 64 88 57 69 46 7 87 72 29 73 75 36 47 37 39 28 59 17 80 60 44 53 82 83 79 81 19 93 4 12 52 38 58 18 56 55 54 76 33 68 97 41 10 2 24 8 95 90 66 21 49 48 9 34 61 22 5 96 16 85 65 99 70 92 63 14 26 13 62 31 84 20 78 15 
9 48 52 83 79 81 4 93 22 61 19 82 66 90 3 86 35 33 68 55 54 76 97 41 10 2 45 32 91 17 94 59 28 60 80 53 44 84 20 31 14 26 13 70 65 99 85 16 5 96 12 49 21 38 34 58 56 18 23 8 24 95 42 0 71 51 50 57 88 11 77 6 98 89 64 40 27 15 30 1 74 78 39 36 37 47 72 87 73 75 29 7 46 69 43 25 67 63 92 62 
23 35 68 33 45 8 24 95 71 51 88 50 64 27 91 32 94 86 3 90 66 28 59 17 15 30 1 74 78 36 39 44 84 53 80 82 83 21 49 76 54 55 56 18 58 38 34 48 52 4 12 19 22 93 61 92 63 14 20 47 37 31 62 13 26 70 99 65 85 16 5 96 9 81 79 60 43 25 69 7 46 29 75 73 72 87 67 57 11 77 42 0 89 6 98 40 2 10 41 97 
59 17 15 30 1 74 67 87 72 75 73 29 80 44 84 20 47 37 31 28 60 53 14 63 92 26 13 62 70 99 65 16 85 61 22 19 81 82 49 21 48 83 52 12 4 93 5 96 9 34 38 58 56 18 97 41 33 68 54 76 90 35 3 86 23 10 2 45 32 94 91 27 64 25 43 69 7 46 57 50 88 51 11 77 89 6 98 0 71 40 8 24 95 42 36 78 39 66 79 55 
79 83 52 19 4 12 96 9 48 21 49 17 91 27 64 25 67 74 36 37 47 14 63 92 61 22 65 16 85 99 70 13 26 62 31 20 84 44 53 80 60 39 78 72 73 75 29 87 46 7 69 57 43 88 50 51 11 77 89 6 98 71 0 40 42 95 8 24 2 10 33 68 54 41 97 55 56 18 58 38 34 35 3 86 23 45 32 94 66 30 1 28 15 59 90 76 82 81 5 93 
7 46 69 43 25 71 0 40 42 95 24 8 23 86 3 35 90 12 4 93 5 96 9 48 38 58 34 21 49 76 54 33 68 55 56 18 41 97 10 2 45 94 27 91 17 59 28 60 80 53 84 44 39 78 47 37 31 62 13 26 92 63 70 99 65 85 16 22 19 82 79 81 83 52 15 30 1 74 67 87 72 73 75 29 36 20 14 61 66 32 64 50 88 57 51 11 77 89 6 98 
13 62 31 37 47 20 84 44 53 80 60 15 91 27 64 25 43 69 7 46 1 74 67 87 29 73 72 36 14 63 92 26 70 65 99 85 16 93 22 61 4 12 96 49 21 38 34 58 18 56 55 54 33 68 35 3 86 94 32 40 0 98 6 89 51 50 88 57 11 77 71 42 95 8 24 2 10 41 97 76 90 66 81 79 82 83 52 48 9 5 19 28 59 17 23 45 30 39 78 75 
18 56 68 33 2 10 41 97 55 54 76 49 83 52 48 38 65 85 16 99 70 26 13 62 31 37 47 20 84 44 80 53 60 59 28 17 32 94 3 35 86 23 45 95 24 8 42 40 27 64 50 51 88 57 43 25 11 77 89 98 6 71 0 1 67 74 78 39 36 72 87 29 75 73 7 46 69 30 15 91 90 21 12 9 96 5 4 93 22 61 92 63 14 82 79 66 19 81 58 34 
18 56 34 58 38 83 49 21 48 9 12 4 93 22 61 92 26 13 62 31 37 47 87 72 73 75 29 98 6 89 77 11 51 50 88 57 64 25 43 69 7 46 1 30 39 84 44 80 53 36 78 74 67 28 59 17 32 94 3 86 23 35 76 54 33 68 97 41 10 2 45 95 24 8 71 0 42 40 27 91 15 60 66 79 63 14 20 70 99 65 85 16 5 96 52 81 82 19 90 55 
76 3 86 45 94 32 91 42 8 95 24 2 10 41 97 68 55 54 33 49 21 48 38 58 56 18 34 9 96 12 79 81 83 52 4 93 22 92 61 16 85 65 99 70 13 26 63 14 62 31 84 20 37 47 36 39 44 80 53 82 19 5 60 28 59 17 40 0 71 11 77 89 98 6 69 43 25 64 50 51 88 57 46 7 1 74 78 67 87 72 29 75 73 30 15 27 23 35 90 66 
16 85 65 99 70 13 26 62 31 37 47 20 84 44 53 80 60 28 15 1 30 43 25 64 71 51 50 88 57 69 46 7 87 67 74 78 36 72 73 75 29 17 32 94 86 3 45 23 35 90 54 76 33 68 55 18 56 58 38 21 49 52 4 93 22 19 61 92 63 14 82 81 48 83 79 66 59 39 98 89 6 11 77 0 42 91 27 40 24 95 8 2 10 41 97 34 9 96 12 5 
11 88 50 51 71 77 89 6 98 0 42 95 8 24 54 76 33 41 97 68 55 56 18 58 38 21 49 90 3 86 32 94 45 23 2 10 17 59 28 44 84 20 47 36 78 74 1 15 91 27 64 57 7 46 69 43 25 67 87 29 73 75 72 31 37 14 63 82 81 52 83 79 66 48 34 9 96 12 4 93 22 5 61 85 16 65 99 70 13 26 62 92 19 53 80 60 39 30 35 40 
83 90 35 3 86 94 32 40 27 64 25 43 51 50 88 57 69 7 46 67 74 78 87 29 75 73 72 14 92 63 26 13 62 79 81 82 66 28 59 17 60 80 53 44 84 20 37 31 47 36 39 30 1 15 91 0 71 11 77 89 6 98 42 95 24 8 45 23 33 54 76 2 10 41 97 55 68 21 48 34 58 56 18 38 49 9 96 12 4 93 5 52 19 61 22 16 85 65 99 70 
98 6 89 77 11 51 50 64 71 0 40 42 95 8 24 2 10 23 35 86 45 94 17 59 28 60 44 80 53 63 26 13 70 99 65 16 85 19 81 12 93 4 82 66 79 83 52 96 9 34 58 38 56 18 54 68 33 55 97 41 76 21 49 48 5 92 61 22 14 62 31 37 47 36 78 74 1 30 39 84 20 72 73 75 29 87 67 46 7 69 43 25 88 57 27 15 91 32 3 90 
5 93 4 12 96 9 58 38 56 18 55 68 54 76 35 86 3 28 60 80 53 14 62 26 13 70 99 85 16 65 22 61 92 63 79 81 83 52 19 82 90 66 48 34 21 49 23 24 8 95 45 94 32 17 59 39 78 74 67 87 73 75 29 72 36 20 47 37 31 84 44 30 1 43 25 64 40 27 91 15 7 46 69 57 88 50 51 11 77 98 6 89 71 0 42 2 10 41 97 33 
5 93 4 12 96 9 58 38 56 18 55 68 54 76 35 86 3 28 60 80 53 14 62 26 13 70 99 85 16 65 22 61 92 63 79 81 83 52 19 82 90 66 48 34 21 49 23 24 8 95 45 94 32 17 59 39 78 74 67 87 73 75 29 72 36 20 47 37 31 84 44 30 1 43 25 64 40 27 91 15 7 46 69 57 88 50 51 11 77 98 6 89 71 0 42 2 10 41 97 33 
38 48 9 96 12 93 5 4 61 92 63 53 80 44 84 20 47 37 31 62 14 26 13 70 99 65 16 85 22 19 79 81 83 49 21 52 34 58 55 68 54 76 90 35 3 86 95 24 8 42 10 2 23 94 32 59 17 66 82 60 78 74 1 39 91 27 15 28 36 72 29 73 75 87 67 30 25 64 50 88 51 43 46 7 69 57 11 77 71 89 6 98 0 40 45 33 41 97 56 18 
88 57 43 25 27 91 17 94 40 0 71 51 50 64 11 77 89 6 98 42 95 8 24 45 32 28 60 80 53 44 84 20 36 15 30 1 74 78 39 47 37 72 87 29 75 73 31 92 26 13 62 14 63 61 22 93 5 12 4 9 96 83 49 81 82 66 79 52 21 48 38 34 58 56 18 55 76 54 68 33 97 41 10 2 23 35 3 86 90 59 19 65 85 16 99 70 67 46 7 69 
