9 96 12 4 93 22 61 92 63 14 26 13 62 70 99 65 16 85 5 34 58 38 48 21 49 76 54 68 33 23 86 3 35 90 66 79 81 52 83 19 82 53 80 44 84 20 47 37 31 36 78 74 67 87 72 73 75 29 7 46 69 57 88 50 51 11 77 89 6 98 71 0 42 40 32 94 17 59 28 60 39 30 1 25 43 64 27 91 15 45 24 8 95 2 10 41 97 18 56 55 
52 9 12 4 93 5 96 34 48 21 49 83 79 81 19 22 61 92 63 14 26 13 62 31 20 84 44 53 80 60 28 59 17 94 32 45 95 42 0 40 27 91 15 30 1 74 67 87 72 73 75 29 7 46 69 43 25 64 50 51 88 57 11 77 71 89 6 98 8 24 2 10 41 97 68 33 55 56 18 58 38 76 54 35 3 86 23 90 66 82 39 78 36 47 37 70 99 65 85 16 
19 81 79 66 82 53 80 60 44 84 20 31 37 47 36 78 74 67 46 7 69 43 25 64 50 0 40 42 95 24 8 98 6 89 77 11 51 71 88 57 27 91 15 30 1 72 73 75 29 87 39 28 59 17 3 86 94 32 45 23 35 90 76 54 68 33 97 41 2 10 55 56 18 58 38 48 52 83 49 21 34 9 96 12 4 93 22 61 92 63 14 26 13 62 70 99 65 85 16 5 
56 35 32 42 60 96 91 20 12 59 28 92 26 45 0 24 40 77 14 99 71 98 17 62 93 74 78 61 9 3 66 50 6 57 4 2 86 83 34 33 90 18 67 89 54 81 47 88 73 70 13 63 19 80 27 52 49 1 75 30 39 37 87 53 22 31 11 8 76 65 85 36 16 97 51 25 41 55 10 58 82 79 44 23 48 72 29 7 69 21 68 95 5 64 43 38 15 94 46 84 
99 9 30 35 28 53 80 25 44 23 10 86 85 96 62 79 17 0 27 67 73 81 12 83 15 36 75 14 41 87 45 57 52 37 13 16 93 59 90 61 65 40 95 51 74 18 49 34 68 33 98 58 55 60 84 19 70 21 32 48 46 20 26 56 77 88 2 24 89 76 29 92 50 1 38 97 6 69 42 71 94 54 43 4 66 63 5 72 11 82 91 3 31 8 47 78 64 7 39 22 
10 38 4 12 62 85 60 37 65 14 13 75 31 69 64 30 55 51 2 25 16 20 98 6 58 18 89 27 19 26 88 86 67 3 8 80 46 77 57 53 23 43 0 11 41 36 91 73 97 54 29 15 33 32 40 35 71 42 17 7 45 96 22 82 48 81 44 24 90 21 56 1 78 83 95 61 63 70 39 47 72 49 76 68 84 87 50 94 93 52 5 28 59 79 92 9 74 66 34 99 
92 82 78 20 41 91 48 38 56 76 90 12 17 59 2 49 74 63 34 1 89 7 72 94 87 86 70 61 85 66 28 69 11 62 23 44 55 3 10 37 84 24 93 81 15 45 47 30 57 43 80 53 79 99 13 75 31 5 46 67 73 39 71 40 68 52 19 35 21 16 65 83 25 4 22 60 58 26 77 6 51 50 42 33 36 32 64 29 18 54 9 8 0 27 97 95 14 96 88 98 
95 0 8 30 4 7 62 59 66 40 51 94 15 13 81 26 76 32 69 89 45 67 14 1 57 61 93 99 38 54 49 52 6 55 48 56 58 2 36 74 25 50 19 42 71 3 86 97 73 11 90 20 12 27 33 5 31 70 60 39 88 28 21 87 80 9 18 10 23 82 64 43 37 78 46 85 24 72 65 16 84 41 68 34 35 17 77 91 47 22 79 29 75 44 92 53 98 63 96 83 
67 65 31 76 36 12 89 66 3 42 52 73 48 90 4 68 71 84 20 14 85 26 99 13 40 23 88 82 16 98 25 38 34 69 97 18 54 58 49 62 78 30 32 87 5 56 19 91 96 44 33 60 72 75 6 2 95 8 41 43 63 94 79 70 27 46 59 93 9 0 51 57 11 37 92 61 39 15 86 77 28 53 50 24 17 10 22 83 81 80 55 21 35 45 74 29 64 47 7 1 
60 79 77 50 88 84 72 45 76 41 64 25 12 38 0 90 55 53 78 17 23 59 68 40 5 82 94 52 85 93 26 4 32 2 18 22 81 10 24 6 1 56 63 73 36 86 75 30 51 46 20 57 74 47 58 33 28 3 15 62 49 39 13 92 70 65 80 35 67 43 7 27 87 61 11 42 54 16 69 31 8 29 44 66 34 9 83 21 14 37 19 97 95 99 48 71 89 91 96 98 
47 49 37 89 40 12 18 81 53 25 65 9 17 68 93 14 62 1 80 50 8 54 97 48 41 96 83 79 56 24 55 33 92 85 22 95 10 45 21 69 43 60 99 20 38 70 73 3 42 26 91 75 78 32 2 28 34 84 19 61 15 90 77 64 6 5 86 46 27 44 88 98 74 39 82 76 58 4 63 35 30 59 13 67 36 72 57 71 16 29 66 23 94 11 51 31 87 0 52 7 
23 34 79 52 54 13 16 20 87 7 39 17 12 59 73 30 77 98 62 65 3 40 45 0 70 67 69 5 75 42 92 49 35 29 53 55 31 72 84 4 8 24 37 93 66 63 96 18 15 14 50 61 9 38 81 82 28 47 57 25 10 90 43 41 51 88 78 1 71 68 19 80 32 95 33 97 21 56 60 2 26 85 91 46 27 36 74 76 44 6 58 89 64 11 86 94 99 22 83 48 
83 10 52 28 33 51 74 14 25 18 82 4 99 23 3 75 94 86 66 90 77 69 67 84 88 72 31 76 70 73 32 59 93 16 57 5 98 50 20 35 63 53 30 15 40 78 36 71 6 91 58 2 56 43 45 55 97 8 87 29 48 38 68 54 44 61 85 22 96 34 37 60 80 62 9 21 19 0 95 65 12 42 7 64 92 81 46 17 41 89 24 11 79 26 13 47 49 27 39 1 
83 10 52 28 33 51 74 14 25 18 82 4 99 23 3 75 94 86 66 90 77 69 67 84 88 72 31 76 70 73 32 59 93 16 57 5 98 50 20 35 63 53 30 15 40 78 36 71 6 91 58 2 56 43 45 55 97 8 87 29 48 38 68 54 44 61 85 22 96 34 37 60 80 62 9 21 19 0 95 65 12 42 7 64 92 81 46 17 41 89 24 11 79 26 13 47 49 27 39 1 
66 27 88 57 69 1 13 72 85 40 39 38 94 0 51 83 34 9 29 22 82 58 31 20 77 90 6 64 25 21 24 14 80 28 93 17 4 16 8 89 12 19 2 71 7 43 46 79 98 11 45 76 49 37 73 84 91 5 70 61 65 62 55 23 54 52 63 87 15 30 35 3 26 75 97 68 81 48 78 50 42 18 10 41 36 59 44 96 67 60 86 32 53 56 33 74 95 47 92 99 
34 77 28 54 98 9 60 66 15 92 4 13 62 17 90 99 82 65 94 91 19 11 72 29 84 44 53 31 32 86 21 51 71 69 14 30 96 75 46 61 52 38 70 45 23 97 39 87 7 27 64 55 93 16 26 5 22 79 63 85 36 47 73 8 57 40 43 25 89 95 6 42 49 78 18 35 83 58 41 24 68 48 10 88 80 12 0 50 76 81 33 37 67 1 59 74 20 3 2 56 
98 69 0 18 56 55 62 26 7 71 87 39 16 14 41 10 51 99 5 32 49 48 33 21 47 68 53 92 9 38 43 11 67 57 61 96 35 74 40 46 29 1 23 28 27 6 58 19 95 85 94 2 17 31 20 80 44 83 3 15 93 73 89 97 25 81 36 13 76 79 66 54 63 88 90 86 34 37 70 4 84 77 45 59 50 24 8 82 64 42 78 72 75 12 22 65 60 30 52 91 
24 87 2 39 21 48 96 52 9 3 17 7 27 37 49 32 58 10 44 85 6 36 4 16 65 99 13 47 94 93 68 18 42 22 38 83 40 46 31 74 77 0 1 80 81 25 34 70 62 84 57 11 54 92 26 43 59 90 12 79 19 14 29 30 91 45 75 69 71 63 60 5 67 64 20 98 88 51 95 23 35 53 82 56 41 97 28 33 76 86 61 72 66 50 55 89 8 78 15 73 
57 75 93 28 30 81 9 96 78 67 50 3 97 16 66 95 89 11 88 64 94 56 14 77 1 40 37 20 39 26 10 70 92 13 59 53 44 85 42 47 27 91 71 33 35 90 51 99 65 23 12 80 55 18 54 4 86 34 76 74 84 24 2 69 72 19 83 22 82 73 46 41 61 6 36 25 17 15 79 58 68 5 49 63 62 8 43 87 32 52 48 21 45 0 98 31 29 60 38 7 
57 75 93 28 30 81 9 96 78 67 50 3 97 16 66 95 89 11 88 64 94 56 14 77 1 40 37 20 39 26 10 70 92 13 59 53 44 85 42 47 27 91 71 33 35 90 51 99 65 23 12 80 55 18 54 4 86 34 76 74 84 24 2 69 72 19 83 22 82 73 46 41 61 6 36 25 17 15 79 58 68 5 49 63 62 8 43 87 32 52 48 21 45 0 98 31 29 60 38 7 
2 10 42 65 20 46 5 18 82 15 81 35 51 71 54 9 67 11 57 0 4 48 22 98 60 39 79 21 30 47 24 78 89 68 69 25 84 90 76 95 72 6 7 75 49 80 1 70 74 45 12 87 38 16 61 59 97 8 33 17 14 37 26 56 55 41 83 34 63 53 44 19 96 3 58 27 88 32 94 66 28 36 13 62 31 92 93 99 64 86 40 23 50 85 29 73 77 43 52 91 
38 0 68 91 69 50 37 90 23 18 20 44 76 83 13 4 79 63 88 89 24 66 39 85 12 82 32 73 26 3 54 62 78 17 1 64 6 71 36 98 31 27 28 86 19 58 40 25 57 8 77 42 45 80 51 46 53 30 60 81 48 84 22 67 52 9 61 2 10 75 65 49 35 74 15 56 93 99 5 16 96 55 7 29 21 34 92 43 70 11 95 14 47 72 33 94 87 41 59 97 
83 58 5 48 95 34 47 8 86 60 15 54 3 20 92 64 24 30 12 82 55 42 87 63 94 76 93 27 91 51 44 14 28 23 38 43 90 66 10 21 72 0 77 89 35 6 26 53 32 40 69 11 88 98 71 31 7 80 49 22 9 73 84 81 79 97 56 68 75 19 41 52 62 45 57 29 74 37 13 96 16 67 65 4 61 85 33 17 50 25 36 46 39 78 2 70 99 18 59 1 
61 0 69 26 85 17 65 48 76 50 91 29 37 31 88 59 97 53 19 33 2 28 43 13 96 49 75 62 11 4 16 1 27 45 55 74 30 34 78 47 39 73 52 95 46 20 57 7 70 3 23 41 79 35 60 86 82 81 94 42 6 89 93 54 22 32 58 5 64 51 77 98 90 8 24 44 38 9 66 87 12 84 63 10 15 56 83 68 80 14 21 18 36 72 71 40 67 25 99 92 
72 62 76 44 20 65 56 93 83 55 68 85 96 14 82 57 34 29 92 99 60 37 15 21 28 59 86 23 54 30 42 75 74 73 94 36 25 81 33 52 47 66 16 5 4 9 45 88 77 64 39 46 35 10 63 31 91 67 78 87 19 26 53 70 12 95 43 89 50 71 2 38 7 98 41 84 79 17 69 32 48 11 24 1 13 6 22 3 61 58 18 97 49 51 27 40 0 90 8 80 
18 86 77 89 59 93 55 13 24 67 63 85 82 4 16 33 40 26 5 60 72 56 12 51 66 54 10 44 81 8 70 32 94 58 79 35 92 21 71 27 98 23 6 50 61 15 41 83 20 52 37 53 22 14 47 31 74 36 87 7 46 29 38 25 69 43 90 65 88 45 97 9 19 84 42 76 48 99 34 68 95 64 11 73 62 91 30 78 80 57 75 17 2 96 39 28 3 1 0 49 
91 9 74 73 90 6 11 0 95 35 88 69 36 87 10 38 4 33 53 15 86 17 71 43 81 85 79 55 84 65 44 26 46 80 16 48 83 66 49 32 82 67 78 12 52 54 19 50 58 97 76 41 75 20 93 70 61 14 5 3 68 39 59 57 64 94 96 24 60 1 56 51 13 28 22 47 45 77 30 18 40 27 37 92 31 29 21 34 23 98 7 2 99 62 63 25 89 8 72 42 
96 70 58 63 16 85 80 64 57 52 17 0 51 40 44 84 19 82 79 20 21 35 83 46 30 61 26 9 23 34 24 12 32 39 5 81 28 29 54 47 31 11 13 78 37 56 38 99 25 76 94 15 43 69 22 48 6 95 50 71 53 73 72 65 55 59 68 7 62 98 66 27 74 75 45 91 86 41 8 89 90 14 93 4 1 3 18 97 42 49 77 88 2 36 87 33 10 67 60 92 
8 94 21 78 13 46 2 40 70 99 54 18 68 23 65 16 58 1 41 5 37 52 19 38 34 49 32 80 20 74 73 29 95 55 91 62 72 81 60 28 84 71 31 44 36 75 57 69 22 61 12 43 25 4 45 7 42 33 14 87 82 35 76 66 39 48 93 89 47 11 67 77 85 9 53 27 59 90 86 24 50 17 83 92 88 10 51 98 0 56 96 26 63 97 3 64 6 15 30 79 
8 94 21 78 13 46 2 40 70 99 54 18 68 23 65 16 58 1 41 5 37 52 19 38 34 49 32 80 20 74 73 29 95 55 91 62 72 81 60 28 84 71 31 44 36 75 57 69 22 61 12 43 25 4 45 7 42 33 14 87 82 35 76 66 39 48 93 89 47 11 67 77 85 9 53 27 59 90 86 24 50 17 83 92 88 10 51 98 0 56 96 26 63 97 3 64 6 15 30 79 
49 35 36 34 17 84 64 39 59 63 99 53 67 61 81 4 92 8 71 77 58 28 20 44 52 98 97 12 22 13 72 78 29 57 50 5 79 54 55 19 45 40 91 74 88 38 66 56 26 76 96 70 27 18 10 95 24 60 85 32 15 41 3 94 43 33 65 2 48 9 93 83 75 23 68 90 69 21 47 62 31 7 89 14 1 87 42 25 37 11 86 82 6 0 80 73 30 51 46 16 
2 70 45 22 44 29 92 75 72 63 47 68 65 4 16 55 35 90 19 62 52 88 8 78 59 34 81 80 56 5 3 97 41 12 53 48 17 84 61 74 71 27 51 42 6 89 39 20 13 60 7 94 91 85 38 96 30 31 73 36 9 18 24 58 21 10 93 14 37 28 49 15 11 95 33 23 82 87 69 54 25 57 46 83 76 86 26 64 66 40 32 79 43 50 0 77 98 1 67 99 
70 14 67 28 27 58 4 75 30 26 56 79 66 64 24 73 45 85 65 6 12 81 62 3 98 29 78 57 71 18 15 39 40 49 21 83 93 95 9 23 87 51 97 33 17 46 59 94 96 48 38 35 53 7 55 10 34 52 90 32 22 31 92 54 42 25 80 44 84 13 72 91 37 11 89 77 2 8 68 82 50 88 74 47 61 20 69 86 5 19 0 60 36 43 41 1 76 99 16 63 
70 14 67 28 27 58 4 75 30 26 56 79 66 64 24 73 45 85 65 6 12 81 62 3 98 29 78 57 71 18 15 39 40 49 21 83 93 95 9 23 87 51 97 33 17 46 59 94 96 48 38 35 53 7 55 10 34 52 90 32 22 31 92 54 42 25 80 44 84 13 72 91 37 11 89 77 2 8 68 82 50 88 74 47 61 20 69 86 5 19 0 60 36 43 41 1 76 99 16 63 
13 9 29 67 85 31 61 78 49 45 71 98 10 38 3 69 83 37 25 0 43 30 20 27 14 87 99 75 15 39 21 66 62 65 16 48 32 50 72 89 57 86 58 17 77 96 52 11 81 47 26 56 73 22 97 41 19 5 68 54 88 40 24 95 28 42 18 34 60 36 6 8 59 1 74 64 51 94 53 35 80 63 70 46 4 23 93 12 90 91 44 2 33 92 79 82 55 7 84 76 
54 52 34 2 86 73 38 76 27 29 39 79 85 49 71 10 41 15 33 8 45 12 56 58 68 5 80 98 48 13 51 74 37 72 83 21 82 57 14 43 61 35 23 60 65 31 67 50 24 91 6 77 78 87 59 84 69 40 90 66 93 1 25 46 97 99 75 47 44 18 9 36 17 20 55 11 32 7 30 70 88 64 95 53 4 22 42 3 94 89 28 92 19 96 63 81 26 16 0 62 
80 38 28 35 8 95 68 63 13 85 22 90 18 54 14 43 67 75 73 69 49 71 47 61 66 5 39 91 79 1 0 50 78 74 55 34 12 92 42 19 31 83 29 24 2 10 6 17 27 72 60 58 21 41 32 51 44 33 40 56 3 99 46 88 64 4 62 20 30 96 81 76 7 15 57 26 48 70 87 84 9 89 23 16 65 52 11 98 86 59 25 45 36 37 82 53 77 97 93 94 
83 66 5 25 91 30 54 90 3 29 4 0 63 46 53 86 89 1 8 94 32 15 51 44 64 45 92 74 56 9 48 10 60 26 52 22 85 21 84 50 11 47 71 19 82 65 39 6 77 78 69 16 81 14 13 17 34 12 80 20 62 2 36 88 24 98 31 7 75 73 28 43 72 87 58 41 68 33 59 67 35 57 37 42 61 38 55 18 49 23 76 79 99 96 93 95 97 27 70 40 
20 6 58 85 0 23 77 14 1 41 68 70 83 9 19 65 2 76 59 52 3 13 63 39 31 62 29 92 37 79 4 5 12 36 17 57 7 73 28 47 8 56 22 78 10 95 86 16 96 49 48 27 11 64 15 45 74 44 18 34 21 42 69 66 82 24 33 40 25 60 26 50 30 81 94 91 32 35 55 38 43 51 72 67 46 53 54 93 61 89 71 97 75 80 84 87 88 90 98 99 
82 75 79 56 18 38 88 50 66 45 12 30 47 26 98 91 93 96 52 34 2 58 36 81 21 73 39 9 90 23 29 57 37 83 63 22 25 89 74 3 68 40 42 28 87 72 54 77 55 13 62 59 32 71 27 17 97 95 84 5 4 70 44 78 80 53 67 16 48 46 31 85 69 7 10 19 65 61 94 60 6 99 49 35 8 76 41 15 33 86 11 20 14 1 0 51 64 24 43 92 
91 33 95 98 40 1 42 13 60 25 57 11 64 7 72 20 62 63 50 30 88 14 96 56 51 86 46 99 21 24 74 12 97 23 49 55 65 80 70 73 83 16 58 68 37 18 92 17 41 66 81 87 78 79 15 8 27 38 22 0 76 90 3 93 39 44 94 2 28 36 67 26 77 84 82 53 52 34 45 35 48 5 75 89 32 31 59 69 10 4 9 61 85 29 47 19 71 6 54 43 
58 79 77 48 68 3 29 51 15 30 88 83 38 31 11 40 7 81 22 43 23 78 87 46 28 47 92 26 61 99 69 89 72 60 16 82 2 9 75 25 33 53 97 5 62 42 12 50 27 66 17 57 39 64 34 76 84 20 13 49 52 73 63 86 14 37 54 36 4 65 70 96 19 21 59 35 90 71 56 24 95 8 41 98 6 18 55 1 74 10 93 85 44 94 0 80 67 32 45 91 
59 40 79 66 95 72 37 85 67 35 52 9 56 32 94 25 7 15 80 16 74 77 78 8 41 45 62 81 93 19 68 54 10 88 11 14 92 75 27 29 31 91 50 51 60 48 22 63 65 12 18 55 90 82 34 4 17 89 20 57 44 53 84 26 87 38 21 23 86 49 64 2 28 46 36 39 83 73 30 33 99 69 71 42 70 6 47 76 58 61 98 13 5 0 3 97 96 24 43 1 
71 15 73 7 29 12 28 62 52 9 58 63 69 42 11 6 21 38 14 23 18 4 34 26 20 37 68 8 79 97 1 45 44 10 33 46 94 35 93 19 88 81 22 61 83 56 40 78 92 17 53 55 66 64 2 25 48 32 50 36 43 72 47 31 60 3 84 67 91 90 82 39 74 75 89 95 16 5 80 85 65 70 96 49 77 51 13 76 30 54 24 87 57 27 86 41 99 0 98 59 
95 66 43 57 15 26 27 9 56 64 84 60 63 34 33 83 17 48 10 38 19 86 75 29 85 61 82 90 52 37 20 74 25 71 49 5 22 93 12 44 24 11 1 8 32 0 6 88 67 76 94 91 39 55 14 70 31 72 42 28 46 53 73 69 7 50 62 2 54 36 59 4 68 18 30 92 79 35 65 87 89 41 21 16 99 3 23 58 47 13 80 77 98 45 81 40 97 51 96 78 
71 74 93 34 7 17 70 79 46 85 1 6 10 21 49 9 12 64 88 91 89 98 33 13 47 60 73 5 76 15 32 61 37 72 16 80 18 45 24 69 53 3 81 31 20 95 40 19 99 78 44 86 23 48 94 2 26 96 27 67 75 59 90 51 54 57 63 28 29 39 4 56 35 68 97 83 36 84 38 41 55 82 8 42 50 11 58 92 62 65 14 22 87 0 30 43 77 52 66 25 
10 51 8 99 53 17 65 2 77 79 56 22 58 34 13 61 62 30 28 75 66 87 41 68 44 46 39 26 73 21 76 71 80 3 82 70 84 85 4 12 89 11 0 95 92 93 54 91 15 98 23 19 6 32 49 16 20 31 27 55 35 83 90 78 42 45 48 52 59 7 67 1 81 25 33 43 14 9 38 50 63 88 86 97 24 40 64 57 29 69 5 72 37 36 60 18 94 96 47 74 
4 9 58 97 83 11 35 14 28 25 51 89 10 2 39 99 68 53 67 98 79 63 13 81 38 41 71 59 15 60 22 70 26 56 16 52 29 57 73 37 77 61 3 86 0 36 48 82 19 96 8 20 72 74 50 95 23 75 34 33 64 24 80 44 27 45 49 30 55 42 54 6 1 94 40 18 46 7 62 85 31 69 66 93 5 92 12 84 87 88 47 91 17 21 65 90 32 78 43 76 
99 24 19 13 66 88 71 6 17 82 76 94 89 14 53 79 44 30 21 86 51 36 18 3 85 26 8 64 39 75 72 55 23 83 25 43 63 31 92 93 2 28 0 80 20 84 77 57 33 34 81 49 54 78 74 40 35 27 95 42 5 41 68 12 67 50 46 47 32 87 7 1 45 62 59 69 10 65 61 91 11 52 48 96 60 15 73 9 22 37 29 98 38 58 56 70 90 97 4 16 
34 49 74 32 69 62 57 88 98 79 93 7 27 40 41 86 33 97 83 67 39 72 91 45 2 11 19 65 90 50 59 25 8 64 71 89 3 44 78 60 87 14 55 30 4 9 52 63 85 13 66 42 31 16 96 82 53 80 68 61 81 77 5 35 76 21 17 37 6 51 75 22 10 15 73 29 70 95 20 38 56 12 54 28 18 48 23 47 46 36 43 26 24 58 0 99 92 1 84 94 
73 71 47 54 55 43 77 78 85 65 57 88 5 33 3 74 7 94 16 99 63 9 41 8 10 30 28 17 75 87 46 14 42 80 11 72 84 39 19 13 91 12 4 18 20 68 98 89 25 58 49 96 21 52 66 26 22 6 24 38 40 92 27 61 53 95 83 29 67 36 79 15 32 97 45 90 34 48 35 37 69 44 93 70 50 60 51 76 56 59 23 86 64 81 82 31 1 62 2 0 
21 9 93 65 35 44 84 19 1 92 89 50 11 26 83 60 27 0 88 24 3 51 59 56 55 31 77 8 15 71 34 39 29 74 16 12 4 2 81 98 42 68 43 10 90 62 85 36 87 5 48 86 70 69 7 79 28 72 53 78 13 23 18 58 37 64 54 38 14 66 76 80 82 67 75 95 41 17 46 6 22 32 57 20 30 52 63 61 96 97 33 25 45 40 91 49 73 47 99 94 
9 12 83 99 5 47 98 6 13 95 34 10 86 58 78 52 63 66 44 90 84 87 29 17 33 75 73 25 40 28 55 46 89 68 18 72 7 20 8 76 49 50 37 77 94 79 85 16 93 81 21 60 11 97 23 59 67 54 27 88 64 51 57 43 71 4 70 31 15 19 96 62 82 61 80 32 22 36 41 42 38 26 53 48 24 92 69 65 30 0 91 3 45 39 74 56 2 35 14 1 
4 55 92 59 49 40 19 16 44 30 63 20 37 35 83 48 61 72 26 46 82 22 87 99 25 74 7 9 0 11 53 93 84 60 81 23 28 45 76 51 41 39 57 71 89 98 68 75 78 77 6 86 1 34 90 17 69 62 13 52 58 67 47 14 2 97 65 64 42 38 85 5 73 29 50 15 3 80 36 27 21 10 8 33 12 79 56 24 18 96 66 31 32 95 43 94 54 70 88 91 
51 43 25 60 32 76 68 56 70 26 69 53 99 85 81 72 80 90 75 37 34 9 28 39 94 1 91 49 8 67 14 55 36 16 63 79 98 35 29 87 47 15 21 92 65 33 10 2 97 18 3 50 62 31 40 38 96 59 58 52 78 64 86 82 13 23 77 22 95 61 4 45 30 19 93 5 24 73 89 12 48 71 41 54 88 6 74 84 44 83 7 57 66 27 11 17 46 20 42 0 
96 13 57 69 41 43 42 35 79 7 85 22 27 36 60 24 33 2 28 44 73 26 63 50 82 65 5 49 59 86 83 74 6 51 72 75 12 81 55 48 23 94 3 38 0 89 10 15 40 11 95 18 88 90 61 70 56 19 68 54 39 20 64 14 16 67 17 46 31 9 66 8 1 30 91 93 78 29 25 52 92 34 45 47 76 21 4 80 62 53 87 77 32 37 98 71 58 97 84 99 
83 58 5 48 95 34 47 8 86 60 15 54 3 20 92 64 24 30 12 82 55 42 87 63 94 76 93 27 91 51 44 14 28 23 38 43 90 66 10 21 72 0 77 89 35 6 26 53 32 40 69 11 88 98 71 31 7 80 49 22 9 73 84 81 79 97 56 68 75 19 41 52 62 45 57 29 74 37 13 96 16 67 65 4 61 85 33 17 50 25 36 46 39 78 2 70 99 18 59 1 
28 25 74 89 66 3 15 62 75 71 98 45 91 21 79 92 18 94 67 72 55 57 61 73 78 34 58 20 19 27 83 31 59 63 87 14 0 24 95 54 42 16 82 37 29 5 56 23 1 17 51 46 36 33 48 97 84 53 39 41 12 35 64 30 47 70 26 81 2 90 96 68 52 13 4 9 76 99 65 80 40 10 88 50 6 86 11 7 43 38 85 77 8 44 69 60 22 49 32 93 
11 49 63 31 41 12 27 64 17 54 24 23 18 97 21 70 90 80 19 61 89 8 32 38 14 52 28 67 58 3 88 26 62 81 29 39 9 22 94 92 85 83 96 55 82 48 43 77 91 74 20 30 78 53 36 47 37 44 76 40 75 57 25 50 4 73 7 51 15 87 71 95 68 79 84 42 60 65 66 46 45 56 5 13 34 33 16 72 6 35 1 59 99 93 69 2 98 0 86 10 
44 40 41 76 92 83 16 65 37 20 4 33 48 14 5 18 52 55 98 53 30 7 77 57 81 26 9 21 61 85 79 22 72 93 63 31 89 66 49 56 6 82 73 38 71 51 75 36 62 60 91 86 87 28 78 8 95 10 97 96 50 42 47 13 11 46 34 19 70 99 12 39 35 45 23 74 67 58 84 90 15 3 24 80 43 25 88 32 27 64 29 54 0 69 68 94 1 17 2 59 
44 40 41 76 92 83 16 65 37 20 4 33 48 14 5 18 52 55 98 53 30 7 77 57 81 26 9 21 61 85 79 22 72 93 63 31 89 66 49 56 6 82 73 38 71 51 75 36 62 60 91 86 87 28 78 8 95 10 97 96 50 42 47 13 11 46 34 19 70 99 12 39 35 45 23 74 67 58 84 90 15 3 24 80 43 25 88 32 27 64 29 54 0 69 68 94 1 17 2 59 
70 62 18 68 90 10 11 26 46 29 89 17 72 85 77 47 88 87 36 32 86 38 49 22 12 27 42 8 84 20 83 96 6 64 95 40 80 79 82 66 76 61 25 50 75 65 44 74 63 39 34 31 73 15 94 69 35 51 67 59 60 99 16 78 56 55 7 92 53 57 48 37 45 98 24 71 33 81 58 23 21 28 14 9 13 5 4 97 2 52 0 93 54 41 19 1 43 91 3 30 
74 49 96 88 71 77 30 78 93 3 5 83 41 18 10 6 14 87 69 28 64 13 23 50 98 62 19 42 33 53 36 58 56 22 26 46 9 52 70 31 60 75 29 97 68 90 40 55 82 7 47 92 44 65 86 8 85 17 24 45 35 39 95 32 63 72 11 51 16 37 12 61 38 84 67 99 91 76 73 43 66 89 15 20 27 21 79 4 81 48 34 54 80 25 59 94 2 1 0 57 
16 31 66 89 50 96 84 6 95 54 72 46 9 40 14 7 43 20 39 61 22 93 32 11 94 86 0 18 68 23 55 63 60 87 47 19 28 90 10 52 64 15 67 30 17 77 88 8 49 13 37 36 1 75 92 53 26 35 83 79 45 69 91 2 41 4 27 97 58 29 33 38 44 80 98 71 3 81 51 74 78 76 65 42 5 56 62 85 12 73 59 34 21 25 24 57 48 70 82 99 
16 31 66 89 50 96 84 6 95 54 72 46 9 40 14 7 43 20 39 61 22 93 32 11 94 86 0 18 68 23 55 63 60 87 47 19 28 90 10 52 64 15 67 30 17 77 88 8 49 13 37 36 1 75 92 53 26 35 83 79 45 69 91 2 41 4 27 97 58 29 33 38 44 80 98 71 3 81 51 74 78 76 65 42 5 56 62 85 12 73 59 34 21 25 24 57 48 70 82 99 
2 70 45 22 44 29 92 75 72 63 47 68 65 4 16 55 35 90 19 62 52 88 8 78 59 34 81 80 56 5 3 97 41 12 53 48 17 84 61 74 71 27 51 42 6 89 39 20 13 60 7 94 91 85 38 96 30 31 73 36 9 18 24 58 21 10 93 14 37 28 49 15 11 95 33 23 82 87 69 54 25 57 46 83 76 86 26 64 66 40 32 79 43 50 0 77 98 1 67 99 
26 74 69 90 35 43 98 46 10 5 52 93 20 83 18 65 97 41 12 34 81 9 88 53 29 1 50 4 16 2 40 19 37 85 63 54 58 32 23 6 78 39 77 45 55 94 59 28 38 49 61 44 75 96 22 3 48 42 95 25 71 82 66 99 27 76 68 17 8 47 62 60 91 7 73 11 51 56 86 89 30 15 67 31 14 13 87 57 84 72 70 21 33 80 79 24 64 36 0 92 
78 76 60 32 98 65 51 79 66 47 62 48 58 44 81 18 52 68 53 23 97 94 55 35 6 31 20 82 26 19 22 17 25 72 11 49 96 4 70 7 95 43 24 41 85 80 38 56 89 1 57 16 93 5 34 29 21 63 9 12 92 15 14 54 69 59 61 36 91 39 90 46 73 84 77 8 88 71 40 13 87 30 27 2 86 83 33 50 75 99 67 37 64 42 45 28 10 3 0 74 
55 18 40 75 15 27 68 30 70 44 51 72 7 46 87 11 48 9 91 12 21 58 53 25 85 41 33 54 90 95 36 93 39 82 78 0 23 29 47 16 26 32 71 8 74 77 17 3 80 60 10 84 37 42 45 1 20 76 97 83 49 2 67 65 81 73 88 59 52 94 56 34 38 31 61 19 66 86 28 96 79 24 57 63 99 4 89 5 22 64 50 6 98 62 43 13 92 14 69 35 
53 84 7 1 31 67 11 14 2 10 93 76 70 17 8 52 92 62 32 48 21 40 78 39 36 73 37 82 44 38 91 69 16 5 28 56 50 90 22 95 88 27 23 79 43 57 24 0 66 58 9 19 65 26 4 87 47 18 86 63 42 60 74 75 85 83 33 55 97 41 80 45 77 46 29 13 25 6 89 71 68 35 64 59 96 54 51 61 34 72 20 15 94 3 99 81 30 98 49 12 
89 24 21 5 10 4 28 0 88 11 77 53 66 80 31 64 29 85 18 63 14 69 45 48 82 54 84 37 47 78 71 19 56 61 91 94 15 67 49 8 17 1 25 75 92 43 97 51 62 7 79 41 23 50 76 55 33 57 46 34 26 90 65 70 96 38 9 74 30 2 35 40 83 95 27 59 39 58 68 3 44 20 93 16 72 73 52 60 87 13 99 81 12 6 42 98 32 22 86 36 
14 58 92 47 69 25 23 19 34 62 94 32 2 80 3 99 8 1 20 82 45 5 56 21 83 54 95 89 90 79 49 43 72 77 37 44 53 74 29 73 88 36 66 40 60 41 18 70 81 63 26 85 33 46 64 87 6 7 13 31 86 10 61 93 78 98 42 67 9 52 75 30 17 39 57 51 71 24 11 27 68 22 65 97 12 55 38 16 50 15 48 35 28 96 0 91 76 4 59 84 
36 30 54 59 50 1 64 79 5 26 75 41 10 71 43 8 29 87 98 72 20 18 33 69 27 51 77 3 68 95 94 40 60 44 47 16 24 6 17 21 65 93 4 74 48 81 58 14 52 13 80 9 0 32 15 56 28 89 66 97 46 70 61 53 38 91 23 92 57 37 25 11 88 19 96 55 2 34 49 31 85 12 82 62 7 67 84 90 22 83 76 45 35 73 39 63 42 78 86 99 
36 30 54 59 50 1 64 79 5 26 75 41 10 71 43 8 29 87 98 72 20 18 33 69 27 51 77 3 68 95 94 40 60 44 47 16 24 6 17 21 65 93 4 74 48 81 58 14 52 13 80 9 0 32 15 56 28 89 66 97 46 70 61 53 38 91 23 92 57 37 25 11 88 19 96 55 2 34 49 31 85 12 82 62 7 67 84 90 22 83 76 45 35 73 39 63 42 78 86 99 
1 95 62 92 2 53 99 97 56 66 33 27 19 29 75 31 72 48 42 38 3 58 79 80 16 4 13 30 69 37 87 11 15 43 91 93 52 64 47 0 6 51 45 24 63 14 61 12 22 85 7 32 8 98 23 74 46 59 54 86 9 67 40 34 44 81 35 88 10 94 17 84 26 25 50 18 20 55 82 90 21 76 77 68 28 36 60 78 39 71 41 70 49 89 57 65 73 83 96 5 
29 87 46 9 56 63 35 34 5 12 68 74 61 30 95 27 20 26 33 6 88 40 32 45 28 44 15 8 7 77 86 10 66 14 83 79 41 96 1 39 55 13 97 3 82 22 17 0 94 81 64 92 19 72 21 47 36 90 52 67 75 62 59 42 23 73 31 69 71 4 99 91 60 25 89 24 38 43 53 84 54 16 49 57 50 98 37 80 58 85 93 65 70 48 78 76 11 51 18 2 
17 1 63 4 65 30 37 83 38 46 43 64 53 79 44 3 75 54 34 33 97 23 2 16 88 91 96 99 52 10 69 15 78 81 5 42 94 29 72 7 61 60 19 82 12 25 6 11 8 45 40 31 35 74 76 86 9 89 51 71 93 13 70 92 14 41 58 18 90 50 28 39 26 20 21 73 62 56 22 95 85 55 24 32 84 59 49 27 36 47 80 48 77 87 57 67 66 68 98 0 
14 63 35 20 78 68 84 83 28 22 49 19 21 58 15 16 75 67 4 9 94 45 30 82 38 23 0 24 42 7 54 44 27 50 96 92 70 99 76 79 29 43 88 51 62 56 12 97 89 32 33 71 57 66 59 98 40 34 48 6 86 53 72 1 74 95 39 87 26 47 46 73 13 25 80 60 5 10 85 93 65 36 41 81 61 91 31 52 8 64 18 90 11 77 17 69 37 55 2 3 
42 88 24 47 44 28 63 84 46 40 49 55 10 77 51 30 80 56 92 65 53 21 13 11 64 59 69 37 61 52 78 66 12 3 86 17 71 34 23 33 75 35 9 48 16 67 43 73 82 57 91 45 94 19 96 97 18 99 58 83 2 26 15 27 8 50 29 72 31 60 38 22 36 93 54 79 85 89 39 5 4 41 25 74 76 90 81 98 32 95 6 68 7 20 0 62 70 1 14 87 
43 53 85 80 7 88 26 46 16 92 48 25 71 83 63 67 64 98 41 97 27 76 36 51 8 56 22 47 9 86 17 89 10 42 29 28 11 57 70 72 73 30 23 12 99 14 49 52 61 13 87 69 15 55 34 95 40 31 33 91 60 79 18 54 19 38 20 65 21 44 50 62 96 93 5 77 32 74 84 66 3 37 39 45 58 90 94 24 68 78 4 81 82 75 1 35 59 2 6 0 
49 88 35 97 96 92 87 46 1 67 74 64 22 83 70 5 24 28 86 81 34 32 77 25 15 31 42 57 95 27 66 36 29 44 30 39 94 63 71 50 11 55 21 89 38 99 19 56 69 41 98 68 90 76 2 51 45 43 48 75 65 58 18 80 85 23 54 59 84 26 13 52 72 40 17 93 79 3 91 0 20 60 73 9 62 37 16 78 53 82 61 14 12 4 10 47 7 6 33 8 
30 78 63 75 39 20 25 2 47 99 56 64 24 6 34 0 76 95 86 51 88 89 48 70 74 8 37 85 18 65 28 94 49 97 62 36 57 61 4 55 82 21 54 32 11 1 26 79 72 33 59 23 81 46 92 12 45 67 43 71 77 98 44 73 31 52 3 27 15 9 68 16 19 53 42 17 66 90 5 96 50 10 84 7 40 38 58 93 22 13 14 80 87 91 41 29 69 83 35 60 
50 29 92 44 14 54 32 52 33 28 21 20 73 49 68 79 76 94 12 70 38 58 16 83 66 67 51 71 53 27 25 81 17 24 96 62 18 34 23 35 87 45 13 90 6 77 2 9 31 36 0 88 39 69 72 48 46 37 57 30 84 42 40 3 5 65 56 95 59 63 80 47 15 7 74 1 78 41 93 99 61 82 10 91 97 26 55 8 19 85 4 43 89 98 60 11 75 86 22 64 
14 36 50 71 27 79 28 48 94 30 51 98 2 95 46 91 73 65 22 19 90 85 16 15 97 18 57 78 37 34 49 24 88 84 3 21 87 99 67 82 23 1 89 32 59 43 75 7 29 20 33 96 55 56 80 93 5 83 45 47 74 38 86 10 64 92 69 6 68 40 42 72 13 58 52 53 8 63 9 81 61 76 35 54 44 77 26 4 12 17 39 70 25 66 31 62 41 60 0 11 
23 59 83 7 57 77 35 33 12 60 15 88 53 78 13 22 81 97 25 71 30 74 1 36 47 98 45 76 43 87 73 49 51 82 37 84 89 5 48 54 68 64 14 26 67 4 56 80 46 2 41 65 16 70 21 28 8 27 62 44 61 3 95 93 91 50 6 79 72 0 39 31 38 18 10 96 32 55 19 24 20 92 85 11 58 94 86 17 66 40 42 63 99 69 29 75 90 34 52 9 
36 11 52 80 84 32 0 83 26 48 63 14 1 10 54 96 12 4 70 39 23 79 73 31 19 18 5 47 81 43 57 71 95 41 68 89 28 50 76 51 94 34 16 90 17 24 6 2 13 93 74 7 67 3 59 35 8 15 33 49 55 58 44 21 66 20 92 46 64 62 91 40 42 25 30 65 56 22 9 69 88 82 37 87 27 86 77 60 85 29 78 53 38 61 75 72 45 99 97 98 
46 92 61 17 35 1 13 82 33 5 53 44 68 26 47 69 57 98 6 14 84 8 7 36 78 64 54 55 18 38 71 12 34 65 90 88 3 76 25 81 79 72 40 2 32 67 22 10 60 48 95 27 75 29 70 4 39 93 16 19 73 20 58 9 41 43 77 86 15 52 62 87 74 45 24 94 50 37 80 28 42 11 66 49 23 21 56 59 97 51 89 30 63 91 96 31 85 83 0 99 
46 92 61 17 35 1 13 82 33 5 53 44 68 26 47 69 57 98 6 14 84 8 7 36 78 64 54 55 18 38 71 12 34 65 90 88 3 76 25 81 79 72 40 2 32 67 22 10 60 48 95 27 75 29 70 4 39 93 16 19 73 20 58 9 41 43 77 86 15 52 62 87 74 45 24 94 50 37 80 28 42 11 66 49 23 21 56 59 97 51 89 30 63 91 96 31 85 83 0 99 
51 43 25 60 32 76 68 56 70 26 69 53 99 85 81 72 80 90 75 37 34 9 28 39 94 1 91 49 8 67 14 55 36 16 63 79 98 35 29 87 47 15 21 92 65 33 10 2 97 18 3 50 62 31 40 38 96 59 58 52 78 64 86 82 13 23 77 22 95 61 4 45 30 19 93 5 24 73 89 12 48 71 41 54 88 6 74 84 44 83 7 57 66 27 11 17 46 20 42 0 
72 26 0 88 21 76 81 25 64 39 68 80 5 99 52 9 65 13 27 98 62 10 94 90 93 58 40 96 56 54 55 19 34 91 37 32 30 51 84 53 48 29 45 89 46 67 43 63 87 77 36 1 35 60 22 31 7 6 28 49 23 86 85 78 16 15 71 75 61 73 4 97 2 95 79 82 70 47 14 57 44 69 33 24 17 11 3 66 59 38 18 92 42 8 41 50 12 83 20 74 
16 78 31 20 47 81 76 90 87 69 96 82 48 25 79 45 51 38 12 60 95 91 30 55 0 53 24 99 93 54 19 13 34 61 65 37 15 35 83 84 92 3 86 63 72 17 89 2 1 73 29 57 88 46 67 85 4 56 7 27 80 59 5 44 77 40 64 28 33 62 75 70 43 74 6 50 71 36 8 11 68 9 66 32 58 52 18 10 49 14 42 41 39 23 26 22 21 98 94 97 
2 70 45 22 44 29 92 75 72 63 47 68 65 4 16 55 35 90 19 62 52 88 8 78 59 34 81 80 56 5 3 97 41 12 53 48 17 84 61 74 71 27 51 42 6 89 39 20 13 60 7 94 91 85 38 96 30 31 73 36 9 18 24 58 21 10 93 14 37 28 49 15 11 95 33 23 82 87 69 54 25 57 46 83 76 86 26 64 66 40 32 79 43 50 0 77 98 1 67 99 
81 33 52 65 85 16 73 80 93 2 55 68 36 53 31 18 10 87 19 7 1 28 22 59 97 9 26 75 47 32 74 58 49 88 50 64 78 83 21 24 38 84 35 96 14 20 62 11 79 66 61 4 70 45 90 13 76 67 25 40 3 42 95 46 94 44 99 0 54 41 71 63 30 23 57 27 39 77 51 43 6 91 89 98 8 37 69 15 82 5 17 72 29 48 60 34 56 12 92 86 
88 11 61 5 46 40 18 99 23 59 43 94 51 87 66 44 36 39 76 33 32 60 16 13 0 54 42 25 28 47 26 30 6 64 73 84 74 17 55 52 12 63 86 72 7 68 3 69 82 80 81 22 95 35 48 90 1 31 79 56 75 37 2 89 58 53 14 34 41 98 24 71 15 9 65 62 92 93 4 57 45 8 20 29 85 70 38 19 83 10 96 49 77 78 50 91 21 97 27 67 
47 58 83 28 40 2 39 22 70 44 65 3 91 17 42 86 49 0 4 94 11 82 53 62 78 97 41 87 55 33 96 90 77 37 84 75 59 60 29 69 38 21 23 32 68 6 35 54 74 36 95 64 80 76 27 19 79 81 93 5 14 1 51 85 10 92 56 66 18 61 89 45 30 71 43 88 50 63 46 73 20 9 13 16 31 72 67 7 24 15 57 26 99 48 34 25 98 8 52 12 
47 58 83 28 40 2 39 22 70 44 65 3 91 17 42 86 49 0 4 94 11 82 53 62 78 97 41 87 55 33 96 90 77 37 84 75 59 60 29 69 38 21 23 32 68 6 35 54 74 36 95 64 80 76 27 19 79 81 93 5 14 1 51 85 10 92 56 66 18 61 89 45 30 71 43 88 50 63 46 73 20 9 13 16 31 72 67 7 24 15 57 26 99 48 34 25 98 8 52 12 
37 32 81 83 55 33 71 41 35 72 87 40 21 51 64 36 78 19 50 74 46 68 86 88 13 84 39 15 5 69 53 82 70 31 99 79 26 29 8 24 23 18 22 58 65 59 6 97 20 62 76 60 7 44 75 73 47 25 54 0 95 66 30 91 10 3 45 98 63 16 56 49 28 12 52 48 14 43 96 4 92 80 27 93 34 9 77 1 57 94 85 61 67 17 90 38 11 89 42 2 
95 49 82 31 81 67 76 51 94 63 93 73 78 47 17 92 75 71 87 23 15 11 91 70 32 90 41 65 37 26 30 89 88 0 64 86 61 5 69 9 85 13 25 72 57 7 84 48 83 80 79 52 50 42 77 74 44 28 43 59 24 68 54 98 62 46 60 29 27 36 58 35 19 56 55 53 12 45 8 6 40 20 39 38 99 33 66 21 18 14 16 10 97 22 2 1 96 4 34 3 
46 28 54 70 22 86 79 7 90 88 50 45 6 66 16 48 12 72 65 80 8 38 35 23 83 61 85 68 62 93 96 18 84 95 39 58 81 14 56 57 74 97 0 71 60 10 19 49 3 15 92 5 41 52 76 2 20 32 27 33 21 73 63 67 30 91 69 87 59 25 44 1 36 37 11 89 98 51 29 43 31 26 55 42 40 9 78 17 94 64 75 13 82 47 77 24 53 34 4 99 
95 25 74 86 44 94 67 13 16 34 28 93 3 37 24 0 40 6 26 21 92 82 45 5 91 90 57 8 61 53 65 85 73 18 41 10 68 80 23 55 89 50 54 88 7 47 77 72 59 64 87 46 84 35 31 52 9 48 71 42 83 76 81 12 19 29 49 70 32 38 79 4 14 60 20 78 75 62 15 43 69 66 33 1 63 58 22 36 56 27 51 98 30 39 11 2 99 96 97 17 
