94 32 45 86 3 35 90 66 79 81 19 5 93 4 12 96 9 48 34 58 38 21 49 83 52 82 14 63 92 61 22 16 85 65 99 70 26 13 62 31 20 84 44 53 80 60 28 59 17 91 27 64 50 51 71 11 77 89 6 98 42 95 8 24 2 10 41 97 18 56 55 54 76 33 68 23 15 30 1 74 78 39 36 47 37 72 73 75 29 87 67 46 7 69 57 88 43 25 40 0 
1 74 78 36 47 37 31 62 13 26 14 63 84 44 53 80 60 28 59 17 15 91 27 64 50 51 11 77 89 6 98 71 0 42 95 8 24 45 94 86 3 35 90 66 82 19 81 79 83 52 48 9 12 4 93 22 61 92 70 99 65 16 85 5 96 34 38 58 18 56 55 68 33 41 97 2 10 23 54 76 21 49 32 40 43 25 88 57 69 7 46 67 87 29 72 73 75 20 39 30 
11 77 89 6 98 71 51 50 88 57 69 7 46 43 25 64 27 91 15 30 1 39 36 78 74 67 87 72 73 75 29 31 37 47 20 84 44 53 80 60 28 59 17 94 32 45 86 3 35 90 66 79 83 52 81 19 82 96 12 4 93 5 22 61 92 63 14 26 62 13 70 99 65 85 16 9 34 48 38 58 18 56 55 54 76 49 21 68 33 23 2 10 41 97 8 24 95 42 0 40 
24 2 19 28 22 69 23 59 96 38 83 87 77 3 70 93 40 75 37 67 6 29 44 60 85 99 68 55 27 84 7 94 42 5 4 32 80 17 39 78 72 0 9 49 12 48 10 21 63 30 53 45 50 51 92 66 58 43 81 76 14 88 71 41 57 15 89 11 64 74 47 13 20 16 33 98 90 86 18 56 31 46 25 73 35 97 36 61 79 26 54 34 65 82 52 95 1 91 8 62 
91 4 22 31 20 12 84 5 61 93 37 50 68 41 76 1 10 18 34 19 66 73 28 92 16 26 40 95 94 29 36 80 55 43 59 9 35 79 60 63 54 97 8 86 65 49 25 38 44 2 83 48 46 72 21 74 39 57 15 69 30 56 32 77 89 67 3 13 70 14 6 24 42 62 85 78 88 51 81 45 64 71 87 7 23 11 58 53 82 47 17 75 52 0 33 90 99 96 98 27 
60 77 82 40 41 90 12 62 13 65 44 6 35 50 96 58 63 68 76 34 48 55 57 11 32 14 95 5 54 28 16 86 23 27 17 31 69 51 94 79 71 46 22 49 42 18 4 93 38 30 20 72 87 25 26 91 78 92 21 56 0 15 80 89 8 36 53 37 29 88 43 61 85 9 81 47 73 64 52 59 1 66 19 99 67 75 83 45 24 98 2 39 3 70 84 7 10 74 33 97 
45 99 27 29 80 58 59 20 53 52 38 81 22 33 17 84 49 16 11 21 61 14 47 98 24 30 76 74 75 86 79 39 78 6 97 55 18 96 83 19 5 94 50 32 25 13 36 93 12 2 89 60 64 15 4 73 51 43 95 34 9 88 48 56 54 65 63 92 41 68 10 0 46 69 37 82 26 8 91 90 31 85 87 7 71 40 77 66 42 72 44 70 57 67 62 1 23 35 28 3 
52 83 26 91 92 79 72 80 37 42 90 11 17 41 89 88 46 3 0 45 87 2 51 8 27 67 10 55 86 19 20 22 85 34 28 44 39 32 24 59 84 33 14 4 71 56 21 12 76 82 6 60 81 54 75 78 40 77 98 1 73 7 57 23 70 38 69 50 68 48 66 30 47 36 61 13 65 62 93 97 58 9 53 49 43 35 96 15 29 63 18 16 5 95 94 64 25 74 31 99 
44 31 18 49 92 68 47 73 70 65 4 62 75 37 61 63 5 20 42 36 28 45 43 74 87 23 53 1 57 2 8 95 29 17 98 55 38 9 64 97 10 50 66 14 60 19 11 0 22 81 90 40 86 94 41 13 52 30 15 89 71 88 77 6 21 24 69 96 80 26 25 32 27 33 48 83 78 84 93 34 35 54 39 16 67 51 56 79 58 91 59 72 3 82 85 99 7 46 12 76 
24 97 49 96 62 92 85 12 38 59 26 73 57 91 79 61 53 4 22 63 51 83 48 47 37 29 77 78 82 3 43 46 25 32 41 40 39 8 16 36 35 15 90 89 31 30 50 2 27 6 56 99 20 75 80 60 14 68 11 55 9 7 87 66 71 98 65 93 86 34 76 74 69 88 54 95 42 45 21 18 13 67 23 10 72 58 33 17 0 81 44 70 52 94 1 84 5 19 28 64 
54 39 24 52 70 58 59 3 49 11 94 36 60 87 25 93 79 4 83 92 41 53 44 20 72 73 8 90 91 89 31 0 88 33 10 74 50 6 55 37 86 57 77 97 17 67 84 5 19 82 12 45 34 16 1 81 18 48 61 65 80 96 38 21 76 64 75 22 9 14 71 51 32 69 35 23 68 2 29 26 66 95 62 56 15 47 78 85 42 43 30 28 27 46 7 99 63 13 40 98 
48 60 74 5 33 19 26 42 0 11 78 30 57 32 54 77 55 83 36 28 64 71 96 49 76 29 75 39 45 94 86 31 15 8 41 79 1 38 65 66 13 84 47 99 24 90 93 92 91 56 97 44 63 50 2 51 9 4 7 69 20 88 46 43 87 67 27 80 3 21 23 89 59 82 81 95 25 6 17 14 40 98 70 62 10 53 18 68 61 35 73 52 12 34 37 72 16 85 22 58 
70 96 62 48 2 63 95 12 3 68 54 90 21 49 92 13 74 5 40 8 61 93 79 80 29 27 50 71 67 78 28 4 17 94 91 18 51 60 65 56 83 10 75 69 53 72 47 22 20 86 36 26 6 89 7 15 39 85 43 82 30 55 52 1 37 57 32 88 11 35 66 45 24 23 41 84 14 16 87 99 46 25 77 59 19 38 44 81 31 73 0 64 34 98 42 9 76 97 33 58 
2 41 44 36 62 72 35 45 94 8 24 3 21 82 9 53 85 14 70 18 56 12 63 11 17 74 29 80 84 52 64 60 66 73 61 13 93 81 67 69 37 75 23 20 79 15 78 47 92 48 4 90 26 76 91 46 39 16 65 34 5 25 31 51 59 27 30 28 89 38 86 49 55 54 88 6 43 87 96 33 7 58 22 57 77 50 0 71 98 83 19 42 32 1 97 68 95 40 10 99 
90 93 88 22 51 77 66 71 60 47 20 69 28 8 36 0 87 43 16 13 62 78 26 5 25 86 94 33 3 31 84 52 50 32 41 34 79 17 10 35 83 61 14 99 38 29 72 73 91 39 80 76 4 42 24 49 59 74 75 37 21 55 53 89 6 68 1 82 57 18 65 27 64 45 85 58 9 54 15 56 48 98 11 2 19 44 40 70 23 63 7 46 67 95 81 12 96 97 30 92 
80 86 54 65 16 31 68 23 43 28 45 30 8 98 18 11 50 42 69 74 0 4 70 26 91 76 17 15 58 49 60 61 67 89 82 1 78 63 36 53 71 6 97 88 73 51 9 56 2 22 59 13 35 38 92 93 21 39 96 33 3 37 83 34 14 20 40 64 55 79 41 95 47 19 5 27 77 84 46 94 7 66 29 72 10 81 90 12 48 85 24 57 25 87 75 32 44 62 52 99 
63 57 89 96 90 80 3 37 53 32 4 75 88 43 50 78 5 60 14 6 28 12 72 31 77 84 9 2 54 8 10 73 74 1 87 30 39 13 17 33 15 55 68 42 59 27 16 65 64 0 35 83 86 19 22 20 85 18 23 41 66 52 62 26 24 25 61 82 81 36 29 48 34 38 45 70 79 46 76 40 44 21 49 7 71 56 58 91 67 51 92 93 99 94 95 97 98 11 69 47 
81 61 70 99 75 95 45 47 78 13 65 29 18 14 22 19 15 17 89 33 52 53 16 6 71 42 79 80 36 83 58 4 49 23 93 40 11 56 27 87 1 92 26 62 73 9 48 10 31 37 66 44 57 97 63 38 41 50 32 84 2 35 46 64 76 20 98 88 28 55 3 54 59 94 60 24 5 21 85 72 7 86 43 96 68 8 91 0 25 69 30 82 34 90 39 51 67 74 77 12 
56 49 64 79 53 31 41 4 34 54 86 71 69 67 88 91 92 60 44 72 39 85 23 29 13 37 61 22 5 7 9 81 12 48 24 96 82 19 6 47 27 68 0 57 36 30 10 58 95 51 15 28 11 89 75 74 40 77 84 99 93 55 32 21 14 18 26 52 66 16 62 1 78 20 90 35 25 46 80 70 87 65 33 50 38 3 59 83 43 63 76 45 73 98 94 8 2 42 17 97 
58 86 28 65 85 93 2 42 57 8 64 20 83 82 67 4 81 22 55 59 23 70 54 80 63 76 24 52 79 36 37 41 78 32 77 46 75 74 60 50 98 30 72 45 71 11 33 21 92 68 12 48 66 3 14 25 62 29 61 13 39 15 27 44 56 90 51 49 47 18 97 40 38 91 88 17 31 19 26 16 96 73 7 6 5 95 0 69 94 87 89 35 10 1 84 53 43 34 9 99 
91 33 88 0 53 84 93 38 63 96 55 76 12 40 94 58 4 79 60 37 62 46 11 83 52 86 50 77 68 51 36 45 72 28 43 95 75 29 7 27 82 48 10 34 5 18 61 81 66 1 80 73 8 87 23 15 22 90 9 24 26 21 16 14 44 92 54 2 64 20 70 31 17 32 42 69 19 65 57 25 67 39 97 3 35 56 41 85 47 6 30 89 71 74 78 49 99 13 98 59 
63 13 3 35 21 15 40 11 87 81 17 54 43 59 60 29 39 1 47 66 5 55 95 33 72 20 28 91 94 64 6 18 38 75 24 14 83 53 71 51 77 8 88 27 7 31 93 44 92 80 32 9 48 78 74 36 84 19 76 89 10 90 42 57 86 12 68 46 62 37 50 70 16 85 82 56 79 45 61 49 22 69 73 30 23 98 25 65 58 4 34 52 41 67 2 97 99 26 96 0 
6 1 22 49 98 24 8 76 93 68 52 42 88 94 17 71 40 67 73 45 57 63 13 43 3 39 30 62 65 7 11 59 18 31 54 58 48 89 15 61 81 80 38 75 12 2 23 27 25 26 16 47 97 19 90 4 83 37 85 53 21 34 9 70 36 29 44 5 96 41 69 87 33 55 56 35 95 82 72 77 46 14 74 78 92 10 60 86 91 20 66 28 84 99 64 32 51 50 0 79 
87 14 70 20 86 80 25 75 62 13 85 4 3 59 45 60 99 89 52 82 81 54 79 91 46 77 37 39 76 55 33 84 44 47 66 73 72 57 11 7 71 96 93 28 38 83 65 29 64 56 63 30 61 35 19 58 5 94 98 8 50 49 1 78 43 68 2 27 41 21 40 88 97 32 31 26 24 42 10 95 18 6 17 9 16 15 92 0 90 34 67 51 36 74 69 23 53 48 22 12 
24 22 38 85 92 99 67 87 80 15 4 19 0 62 12 47 75 36 90 59 31 65 37 29 73 64 86 35 54 63 93 9 81 1 33 82 40 34 30 78 7 8 48 66 16 79 44 41 55 46 51 74 88 32 68 10 2 23 56 84 60 72 49 76 13 91 61 69 77 57 14 96 25 89 6 98 53 26 3 11 21 97 27 39 50 28 58 18 43 5 52 70 17 42 94 95 20 71 45 83 
51 83 97 86 43 84 63 7 28 65 1 98 30 21 76 31 78 39 89 22 13 66 93 74 54 2 10 3 27 75 17 8 61 18 72 36 67 71 14 88 50 41 35 77 23 33 40 57 92 85 4 95 90 32 56 5 59 53 58 79 26 87 15 20 49 37 29 48 42 24 6 69 46 73 82 9 81 19 34 25 62 44 11 64 80 12 94 68 60 52 16 38 55 91 45 47 99 70 96 0 
51 6 28 0 79 8 41 66 26 47 59 30 95 90 83 14 34 48 62 31 15 33 20 9 85 71 7 57 74 40 63 1 19 4 65 69 73 13 52 16 89 29 88 17 54 18 97 56 37 92 3 61 64 82 53 22 93 72 70 25 36 44 76 21 46 24 42 27 45 98 80 78 99 91 60 5 12 2 84 39 67 43 87 75 77 49 96 23 35 58 11 81 50 94 55 32 86 10 68 38 
17 69 46 56 68 33 7 67 36 11 87 80 64 5 86 43 21 94 24 6 23 90 31 34 18 26 78 93 58 48 27 82 55 81 53 97 51 95 49 57 28 72 8 59 30 2 10 3 96 41 38 91 39 15 74 73 32 71 44 50 45 63 35 61 13 54 9 4 1 0 70 22 76 25 92 79 83 52 66 88 89 75 29 19 14 20 40 85 60 37 84 65 16 62 99 47 42 98 77 12 
29 49 85 16 60 94 95 64 66 58 41 88 91 15 45 37 80 53 1 92 10 28 4 62 18 72 43 98 77 78 99 21 24 83 22 42 36 73 46 31 12 20 26 87 70 6 39 63 55 0 57 69 17 89 33 84 81 96 59 3 23 8 35 86 54 97 48 44 74 90 27 50 40 71 9 13 34 65 67 25 47 68 11 2 56 61 93 19 76 32 82 30 7 79 51 75 14 5 52 38 
62 44 88 42 38 2 75 40 51 39 70 34 23 21 69 81 3 54 58 10 27 1 67 60 5 86 25 94 89 55 6 33 77 32 71 59 12 74 64 46 7 66 35 8 56 43 17 15 98 99 26 82 84 50 0 41 53 36 11 18 65 30 13 61 83 14 57 45 24 29 16 85 19 48 96 72 78 4 9 28 31 37 76 97 68 47 49 93 52 20 73 95 91 79 80 87 90 92 22 63 
30 53 35 67 61 58 24 60 86 62 79 65 85 40 88 5 38 78 57 89 11 56 18 49 98 73 91 42 43 0 25 80 28 7 77 84 36 50 33 27 14 31 12 97 63 52 23 81 82 41 59 70 16 47 71 51 69 74 87 15 19 34 96 76 95 46 55 45 83 72 20 13 9 48 54 8 29 26 22 66 39 94 93 10 64 68 21 4 92 75 1 90 6 99 37 2 32 17 3 44 
42 88 32 36 69 33 90 74 30 44 48 81 10 68 89 50 19 9 12 63 2 37 0 45 94 58 4 70 60 79 47 43 64 71 84 82 5 97 59 51 72 23 6 92 28 56 40 54 49 85 86 65 29 78 62 96 18 76 34 20 7 1 87 11 17 95 24 61 13 25 39 14 67 93 3 73 77 31 46 91 16 66 35 52 21 83 27 8 55 99 26 75 38 57 15 53 80 22 41 98 
27 45 19 82 74 65 60 14 47 52 18 48 64 36 7 2 58 41 93 32 9 23 66 44 61 3 49 68 99 40 73 29 28 1 17 79 12 46 80 70 85 84 6 11 89 42 98 25 92 5 57 39 54 24 95 38 30 20 15 87 22 31 16 91 97 50 67 43 33 59 71 10 77 96 83 8 94 86 56 34 51 35 90 13 62 21 55 75 88 0 76 81 78 69 72 37 63 53 26 4 
38 66 84 70 14 45 57 43 27 98 41 92 61 91 2 36 29 51 76 58 97 18 64 71 81 48 52 15 50 1 96 33 74 11 46 95 72 75 13 68 60 0 32 8 94 79 31 53 93 99 73 62 23 12 49 83 20 5 56 42 89 24 59 7 6 88 39 90 35 26 22 77 86 67 85 40 47 10 34 19 82 21 9 87 78 44 69 65 16 80 55 17 54 37 25 30 28 63 3 4 
25 76 7 77 59 63 37 88 89 0 83 16 11 35 32 43 26 92 19 94 33 21 52 56 55 1 28 99 79 82 50 17 3 85 14 2 44 39 36 74 73 84 5 9 90 42 46 24 30 45 58 18 23 75 78 68 27 66 57 47 67 4 12 61 65 6 10 40 87 70 60 13 86 91 54 8 49 64 51 15 38 31 34 22 80 20 72 29 96 97 71 62 48 41 93 53 81 69 98 95 
71 18 58 16 91 59 90 53 33 31 89 98 7 50 54 52 17 65 81 55 87 28 3 37 99 26 78 63 85 11 1 76 93 84 73 23 35 51 79 68 82 19 72 29 24 94 77 40 5 21 41 13 75 74 61 70 12 8 36 57 69 6 97 48 66 2 86 45 62 49 60 43 42 56 10 88 46 27 25 67 39 96 34 64 30 22 4 15 20 80 9 0 95 32 47 38 92 14 83 44 
24 40 12 80 63 73 15 94 18 5 93 41 33 97 4 81 16 65 77 91 54 32 25 78 17 35 31 38 19 21 76 58 75 50 8 68 47 22 90 30 45 49 51 23 26 72 89 20 86 42 55 28 29 37 44 88 67 6 36 62 7 57 43 69 46 64 61 11 95 85 84 96 52 82 71 99 53 70 13 59 9 66 74 1 83 56 92 27 0 48 34 14 60 87 2 98 3 10 39 79 
82 32 59 20 2 18 13 65 81 10 38 83 12 40 16 52 3 90 80 22 4 15 96 86 98 46 31 63 70 93 5 9 62 78 50 37 6 42 49 91 7 19 58 35 8 64 33 41 51 25 71 27 11 36 69 76 30 43 14 72 17 94 97 61 53 21 39 99 23 89 24 28 26 67 87 48 29 47 66 34 44 92 84 68 45 54 55 79 56 95 57 75 60 73 74 77 85 88 0 1 
16 60 31 48 21 66 4 93 18 19 96 35 5 99 36 73 54 2 68 30 47 72 87 50 7 57 80 91 94 26 24 88 64 98 40 25 79 38 41 86 90 11 49 42 76 46 89 17 29 82 32 61 43 8 34 85 9 65 3 33 84 71 12 58 83 51 27 75 62 74 81 97 53 77 55 56 70 59 13 6 69 15 67 44 20 63 10 22 52 28 45 39 37 14 23 1 0 95 78 92 
1 36 69 30 18 28 85 77 93 58 79 82 63 43 8 76 61 32 83 10 2 14 67 57 56 35 81 50 23 44 16 92 72 51 52 3 26 88 15 37 70 24 17 47 46 89 66 4 5 65 6 40 39 74 91 60 31 20 29 71 7 42 22 68 54 38 53 11 64 34 48 41 97 33 9 12 87 86 78 73 13 55 99 96 19 90 94 21 59 27 25 98 45 80 95 49 62 84 75 0 
0 55 84 56 88 73 17 61 26 43 1 75 87 44 98 89 14 92 22 65 25 19 82 68 40 2 3 90 49 58 54 34 35 74 80 60 79 85 38 16 4 48 18 93 23 20 5 52 76 46 6 67 72 33 51 7 71 97 30 42 50 69 86 8 9 21 70 63 62 91 10 36 41 11 57 12 53 15 47 66 13 81 24 45 32 27 96 29 28 99 31 37 78 94 39 59 64 77 83 95 
24 10 98 51 4 83 16 47 62 97 71 90 85 29 57 11 46 87 40 44 5 33 96 69 77 64 43 78 36 89 74 14 86 61 15 34 6 28 20 75 7 41 93 38 22 99 19 52 49 81 50 94 8 30 23 45 70 17 92 79 9 91 58 84 68 54 67 27 12 37 13 80 42 35 88 95 18 48 53 76 21 3 59 56 26 31 73 72 32 82 39 1 60 65 63 66 0 25 2 55 
27 17 73 47 75 97 90 92 33 68 18 93 43 2 22 32 83 13 96 9 8 94 99 62 46 3 14 82 98 25 77 12 41 71 29 21 59 15 85 87 72 57 52 58 30 35 63 70 95 80 50 42 45 76 61 36 84 39 64 88 11 91 81 20 89 53 66 40 16 65 48 4 44 24 86 5 79 28 60 31 26 69 78 49 34 6 1 74 67 38 54 56 55 7 51 19 37 23 10 0 
21 49 71 56 22 38 27 69 1 31 24 23 45 79 2 86 84 58 68 94 28 90 36 63 19 30 67 9 33 8 61 40 57 15 25 3 41 81 4 29 44 62 73 72 26 53 47 85 5 10 51 50 54 65 6 59 92 7 77 42 66 82 52 37 75 17 13 60 83 11 88 35 64 93 12 96 97 14 80 39 16 98 32 34 48 70 99 18 89 55 20 74 87 95 76 43 46 0 91 78 
6 69 72 22 40 81 55 60 98 8 95 64 50 59 2 35 17 37 86 94 9 33 26 46 51 76 27 88 19 85 79 63 20 21 3 71 11 25 91 57 44 90 42 67 28 83 93 24 87 30 12 45 77 10 97 89 4 5 38 68 16 53 0 56 43 62 47 13 29 80 84 78 52 82 73 31 58 96 14 65 34 1 74 75 39 66 7 49 23 32 61 54 92 15 41 36 70 99 18 48 
57 69 23 92 80 43 1 44 58 32 86 73 14 12 74 31 78 82 22 28 97 39 20 3 81 45 19 47 7 36 55 77 91 42 54 26 70 37 66 56 27 50 16 41 68 4 48 18 34 90 11 53 65 2 15 79 33 59 63 52 96 49 71 40 10 6 88 8 51 35 72 46 30 94 83 25 21 38 76 9 95 24 60 84 93 13 85 61 64 17 89 75 87 29 99 62 5 98 67 0 
88 56 10 51 33 87 55 21 47 11 42 71 65 85 36 20 96 38 18 70 61 92 79 58 83 48 12 24 77 66 52 63 76 50 86 30 44 59 27 40 8 34 23 43 39 37 2 84 73 72 80 15 68 6 98 90 22 75 94 31 14 57 67 19 53 4 49 74 0 64 25 54 93 5 32 46 28 97 60 89 29 26 7 3 1 69 82 91 78 13 95 17 9 45 41 81 16 99 35 62 
12 80 57 7 18 97 85 46 73 92 56 60 27 22 48 54 33 23 14 53 40 38 76 45 20 51 66 83 21 4 64 32 95 59 72 49 78 9 17 79 89 10 86 29 0 3 34 93 65 28 26 15 39 74 52 16 62 99 70 35 84 50 43 25 47 19 91 42 61 41 81 71 1 68 24 58 77 98 6 36 69 90 94 82 2 44 5 55 31 13 30 88 8 11 87 67 37 75 63 96 
44 74 20 61 92 40 81 38 16 99 70 37 46 87 36 75 90 26 8 56 28 59 82 79 23 22 66 80 89 71 47 18 95 25 57 98 33 85 6 65 4 9 30 1 84 51 83 15 21 27 88 42 77 58 34 43 93 72 73 13 54 60 49 31 69 97 86 12 64 11 7 53 63 62 39 68 52 55 78 45 10 2 41 76 32 17 29 96 19 50 24 3 0 94 67 91 5 35 14 48 
71 35 62 73 75 81 21 68 45 50 80 38 91 44 24 64 54 77 25 78 90 82 56 89 19 96 43 36 99 2 86 23 52 63 47 27 8 34 4 10 15 69 67 61 85 84 58 9 93 7 37 20 42 40 95 53 76 48 11 51 74 16 41 0 98 70 13 5 22 12 32 39 66 29 87 88 97 83 55 18 49 1 94 28 33 65 30 59 92 14 6 79 72 57 60 17 46 31 26 3 
71 35 62 73 75 81 21 68 45 50 80 38 91 44 24 64 54 77 25 78 90 82 56 89 19 96 43 36 99 2 86 23 52 63 47 27 8 34 4 10 15 69 67 61 85 84 58 9 93 7 37 20 42 40 95 53 76 48 11 51 74 16 41 0 98 70 13 5 22 12 32 39 66 29 87 88 97 83 55 18 49 1 94 28 33 65 30 59 92 14 6 79 72 57 60 17 46 31 26 3 
89 27 3 76 35 94 1 37 11 72 12 50 57 46 77 59 54 83 21 13 63 51 34 49 18 55 69 80 14 24 87 15 74 86 41 23 2 73 56 22 17 82 68 93 32 92 19 61 4 33 81 7 70 5 28 29 16 58 9 47 36 78 43 42 38 79 53 91 6 10 44 48 71 45 8 67 60 62 31 26 66 90 75 98 20 85 39 25 96 65 99 0 40 84 88 97 52 30 95 64 
8 33 17 35 84 20 67 52 27 2 77 64 39 62 37 34 55 66 60 16 63 18 3 88 78 11 68 28 47 29 87 73 44 40 51 46 81 38 24 48 12 56 45 99 26 85 23 54 61 19 13 36 76 32 65 59 83 80 4 14 21 5 58 30 95 79 92 98 57 69 25 91 71 53 6 41 42 1 70 9 50 97 90 82 0 74 15 22 89 96 93 72 7 43 49 86 10 94 31 75 
97 77 9 1 43 19 22 70 33 35 86 6 40 79 4 96 76 38 66 8 71 7 25 58 26 63 23 3 59 52 55 46 95 13 20 31 68 42 10 83 34 24 73 37 18 49 14 65 44 36 94 27 89 51 72 80 82 11 61 45 53 54 56 48 16 5 93 41 32 15 74 50 47 28 84 92 85 30 67 12 91 98 39 88 69 17 78 57 62 0 87 75 21 60 99 64 29 90 81 2 
0 4 3 57 64 80 39 72 27 95 34 92 42 1 73 77 86 63 16 17 75 87 76 71 69 2 96 93 19 62 41 33 66 40 51 91 94 45 9 22 5 89 6 31 78 46 24 14 20 97 7 11 30 74 53 61 82 47 67 32 50 54 48 88 35 84 38 13 85 18 8 10 58 49 36 12 56 21 68 52 15 99 70 83 79 23 28 60 25 43 26 55 65 44 29 37 59 81 90 98 
63 13 3 35 21 15 40 11 87 81 17 54 43 59 60 29 39 1 47 66 5 55 95 33 72 20 28 91 94 64 6 18 38 75 24 14 83 53 71 51 77 8 88 27 7 31 93 44 92 80 32 9 48 78 74 36 84 19 76 89 10 90 42 57 86 12 68 46 62 37 50 70 16 85 82 56 79 45 61 49 22 69 73 30 23 98 25 65 58 4 34 52 41 67 2 97 99 26 96 0 
57 74 51 21 77 2 12 76 58 55 40 0 85 52 37 92 43 83 7 14 71 17 32 67 28 10 18 97 3 42 56 13 19 29 15 25 69 64 68 81 65 31 35 78 22 16 75 36 53 90 20 5 60 33 24 89 73 86 94 11 48 70 61 39 4 8 41 34 45 44 38 79 49 54 99 46 6 50 59 91 95 23 9 80 82 66 87 98 26 84 88 27 30 62 47 72 63 93 96 1 
44 28 70 63 29 36 20 19 92 46 73 82 32 71 69 77 48 11 15 81 55 2 52 83 96 24 12 21 40 13 79 90 95 98 42 22 93 31 78 64 5 62 54 58 18 68 16 9 76 27 88 39 57 43 85 41 61 37 97 33 6 1 89 26 75 53 87 84 86 56 8 7 45 35 51 72 14 65 25 94 17 74 50 67 66 23 91 3 34 49 38 4 59 80 60 99 0 30 10 47 
55 17 89 78 61 10 27 73 12 42 39 1 95 3 81 14 70 85 9 99 93 4 98 25 86 8 15 87 49 63 62 21 41 36 30 43 91 31 59 74 57 66 52 50 6 90 97 18 96 80 13 72 26 51 28 75 83 56 38 20 82 94 68 22 92 32 69 46 76 19 16 5 11 88 84 29 45 47 65 67 60 44 79 48 54 33 23 77 71 37 35 64 24 34 58 0 53 40 7 2 
86 16 71 77 47 6 7 56 41 54 19 22 44 98 62 13 84 92 97 52 58 18 12 65 8 81 4 82 96 32 78 88 90 67 26 51 69 11 80 39 73 35 95 40 25 29 30 85 20 53 68 42 94 10 76 34 83 21 61 93 14 27 15 5 91 57 74 46 43 63 49 89 45 55 33 37 87 60 66 24 23 28 79 59 75 1 0 70 72 36 48 64 50 2 38 9 31 17 3 99 
72 61 18 76 4 19 73 68 55 35 57 33 31 86 90 13 5 84 54 21 65 85 75 48 45 28 0 11 74 63 44 79 17 62 41 49 56 38 3 7 92 9 81 98 10 32 30 67 64 94 43 37 12 47 16 22 70 83 14 20 36 53 97 1 51 95 40 89 23 8 80 59 25 69 29 93 26 39 42 27 77 96 91 78 34 58 46 60 50 71 15 88 66 82 87 24 2 52 6 99 
72 61 18 76 4 19 73 68 55 35 57 33 31 86 90 13 5 84 54 21 65 85 75 48 45 28 0 11 74 63 44 79 17 62 41 49 56 38 3 7 92 9 81 98 10 32 30 67 64 94 43 37 12 47 16 22 70 83 14 20 36 53 97 1 51 95 40 89 23 8 80 59 25 69 29 93 26 39 42 27 77 96 91 78 34 58 46 60 50 71 15 88 66 82 87 24 2 52 6 99 
86 15 67 74 55 27 0 91 24 42 7 11 80 87 53 65 78 29 41 51 8 89 17 76 35 48 96 90 9 19 95 63 33 13 71 77 36 39 37 82 10 3 79 75 64 47 73 20 69 72 66 32 14 1 49 18 58 6 57 88 22 34 68 94 23 93 60 45 62 70 25 54 38 52 44 43 26 99 16 12 31 46 40 30 56 59 85 98 61 28 83 84 92 21 2 5 81 4 50 97 
20 75 47 63 45 41 50 43 16 4 23 8 62 81 19 36 39 54 70 26 79 58 76 97 55 27 80 52 28 53 89 92 95 2 11 46 17 15 14 21 35 96 18 3 7 64 42 85 9 93 48 94 90 99 37 51 24 40 77 33 60 56 5 65 67 74 87 29 38 32 72 34 12 82 13 84 86 71 44 61 0 10 22 83 78 49 31 57 73 88 1 30 68 69 59 6 25 98 66 91 
95 55 21 5 20 0 27 42 86 25 63 90 13 80 34 32 9 19 75 14 48 23 94 1 31 93 61 99 33 2 54 17 85 76 82 91 77 47 60 51 89 57 69 37 64 3 68 92 87 46 84 41 39 49 70 22 26 62 15 50 83 81 45 12 53 4 72 66 58 18 79 38 28 36 78 74 73 40 44 29 71 6 8 52 16 67 56 65 59 7 43 11 35 10 30 24 98 96 97 88 
22 34 96 14 45 91 21 56 76 35 48 4 75 7 37 85 79 42 5 19 55 9 26 87 43 97 50 71 61 13 74 36 59 90 0 88 17 40 32 33 70 12 11 58 23 47 81 94 39 49 52 93 86 46 60 95 54 69 63 8 3 51 80 92 18 53 15 1 30 68 41 25 38 66 77 89 78 6 2 24 20 67 44 29 73 84 82 57 64 10 28 83 31 65 16 72 98 27 62 99 
69 42 95 77 33 19 13 39 80 2 76 98 10 35 93 47 11 8 92 96 60 94 21 14 72 88 89 29 46 68 15 40 6 67 17 81 52 78 7 49 20 70 1 0 24 25 91 32 75 73 43 86 63 31 57 54 26 85 27 84 28 44 53 83 90 30 16 36 4 22 41 5 48 87 61 71 50 23 55 56 58 3 82 38 12 65 66 34 79 97 99 62 18 45 59 74 37 9 64 51 
4 39 0 69 84 73 75 65 96 9 82 64 19 36 17 88 63 14 83 92 78 87 26 58 16 38 34 62 76 24 21 95 54 97 52 90 70 86 1 79 66 43 48 85 2 89 32 25 35 42 8 3 59 46 93 56 31 29 30 60 53 47 27 68 50 37 13 12 49 5 45 11 6 77 80 20 40 91 72 67 22 61 15 41 7 99 10 57 74 51 44 28 18 23 71 98 33 94 55 81 
80 67 12 33 4 69 51 76 79 28 44 14 15 37 7 20 50 97 17 41 27 94 68 18 10 75 39 99 5 11 60 73 52 58 55 0 8 66 21 26 72 74 3 86 30 87 13 36 1 96 63 34 19 6 62 91 40 25 95 43 57 46 32 81 23 29 93 9 31 47 53 22 61 38 2 48 45 42 78 92 16 70 56 90 59 84 89 24 65 49 35 82 83 88 85 54 64 77 71 98 
65 70 91 94 45 40 17 83 43 27 15 73 78 63 55 5 37 4 21 30 57 71 50 61 26 19 46 42 97 44 7 25 8 88 3 0 23 58 80 47 79 20 99 38 11 52 95 51 29 81 33 85 93 36 89 34 62 13 77 48 12 1 64 90 92 16 18 10 53 60 59 98 24 86 56 68 84 75 14 66 31 9 82 35 76 2 41 6 74 39 67 72 69 87 49 22 32 28 96 54 
4 3 40 93 87 88 8 0 77 6 94 28 43 47 17 99 31 19 62 60 9 98 55 7 15 72 36 90 22 54 38 10 29 86 58 49 80 11 1 32 46 52 24 56 92 33 85 67 37 69 14 78 75 20 63 84 81 34 61 26 16 13 30 70 44 73 53 18 68 2 83 45 91 79 65 25 57 23 71 27 39 51 76 97 41 66 82 35 5 48 59 50 74 64 12 96 21 42 89 95 
50 56 74 87 72 15 14 98 32 40 10 17 26 27 39 37 70 86 55 91 88 45 97 58 44 31 92 30 64 43 42 7 47 73 29 78 61 60 96 75 12 38 34 62 53 0 84 3 95 21 1 49 48 24 68 19 54 79 35 6 80 94 89 82 22 83 85 65 13 93 25 69 5 66 90 2 81 23 4 67 46 71 51 63 28 57 11 77 76 8 9 18 59 33 52 16 41 36 20 99 
50 56 74 87 72 15 14 98 32 40 10 17 26 27 39 37 70 86 55 91 88 45 97 58 44 31 92 30 64 43 42 7 47 73 29 78 61 60 96 75 12 38 34 62 53 0 84 3 95 21 1 49 48 24 68 19 54 79 35 6 80 94 89 82 22 83 85 65 13 93 25 69 5 66 90 2 81 23 4 67 46 71 51 63 28 57 11 77 76 8 9 18 59 33 52 16 41 36 20 99 
14 63 90 42 2 10 87 67 17 66 49 26 22 70 45 18 89 51 33 68 43 84 9 25 88 20 92 30 38 16 5 24 27 83 96 56 3 82 0 31 32 41 58 81 39 59 54 55 72 34 35 80 6 77 37 99 48 93 76 65 86 19 74 78 71 11 46 94 7 1 52 8 64 98 36 60 13 62 85 53 73 47 44 91 15 97 28 61 21 69 40 95 23 57 29 79 50 75 4 12 
52 11 60 28 96 97 27 57 35 2 3 90 26 9 5 33 80 68 64 50 71 76 93 86 20 36 25 40 45 58 38 7 87 39 1 92 63 10 95 8 89 82 16 61 70 79 24 56 88 48 49 51 17 94 59 84 47 12 62 23 37 83 41 53 81 72 73 4 21 91 77 22 34 44 75 0 30 18 13 29 74 78 67 46 43 66 85 55 54 14 42 32 99 65 15 6 98 31 69 19 
18 65 14 33 10 98 29 51 64 55 32 71 48 4 81 70 85 11 79 24 74 20 13 56 97 58 35 34 15 43 42 87 88 6 96 38 17 47 76 68 95 89 5 94 73 93 82 52 21 12 37 28 23 57 27 62 92 59 66 53 44 25 91 63 26 78 69 90 30 45 86 7 46 67 36 72 39 49 84 19 83 80 41 22 54 77 0 61 75 60 50 2 8 1 40 31 16 9 3 99 
18 65 14 33 10 98 29 51 64 55 32 71 48 4 81 70 85 11 79 24 74 20 13 56 97 58 35 34 15 43 42 87 88 6 96 38 17 47 76 68 95 89 5 94 73 93 82 52 21 12 37 28 23 57 27 62 92 59 66 53 44 25 91 63 26 78 69 90 30 45 86 7 46 67 36 72 39 49 84 19 83 80 41 22 54 77 0 61 75 60 50 2 8 1 40 31 16 9 3 99 
0 41 72 49 17 27 51 95 31 1 46 25 48 82 2 3 36 47 4 42 5 81 70 13 63 37 91 86 60 12 6 45 7 29 67 8 32 83 53 54 74 14 26 56 9 79 18 69 10 76 11 57 43 99 71 93 94 15 75 16 19 44 30 87 24 20 21 39 65 90 55 61 22 35 23 28 84 52 92 62 33 64 58 34 38 88 40 50 77 89 59 80 66 68 97 73 78 96 85 98 
6 54 72 14 65 53 67 57 69 37 28 32 98 46 0 95 17 20 60 22 59 19 94 55 91 77 93 26 85 2 80 88 42 92 30 90 97 50 34 10 41 68 18 52 24 56 79 87 39 86 9 40 27 31 35 61 96 1 33 13 12 83 78 82 70 58 81 51 89 64 75 36 44 49 74 15 47 63 84 48 16 62 25 71 76 45 3 43 7 73 29 99 38 4 11 8 23 66 5 21 
27 15 71 84 65 54 22 81 91 67 97 32 16 86 80 63 31 13 14 6 57 49 96 60 93 36 64 19 21 24 40 87 35 43 23 95 48 7 20 26 47 4 34 61 99 70 62 44 46 9 56 42 33 51 82 92 37 72 69 29 11 90 85 30 45 77 73 50 98 39 88 58 94 10 79 2 59 55 68 17 25 75 78 18 89 74 83 53 5 12 52 41 76 66 8 3 38 0 28 1 
58 34 4 18 49 3 40 71 86 67 98 89 88 9 39 79 54 43 8 21 97 35 45 85 28 76 33 56 96 94 24 77 50 16 52 12 70 38 2 81 95 57 62 36 80 41 26 65 64 66 14 7 93 74 68 92 73 75 10 15 91 83 48 60 90 42 0 5 32 11 87 23 55 51 27 29 84 31 47 19 82 17 78 1 72 69 25 53 63 13 61 59 46 37 44 30 22 20 6 99 
16 73 92 70 75 47 31 78 63 21 39 98 82 9 56 84 54 93 79 20 66 62 91 6 10 87 74 33 0 69 8 86 28 97 11 64 14 41 18 19 55 23 60 45 85 12 35 52 38 4 34 83 49 61 30 80 59 17 15 58 42 89 25 53 1 24 65 26 32 40 27 43 77 72 88 68 2 67 36 37 94 48 3 22 57 50 51 76 5 81 90 7 13 99 29 46 44 71 95 96 
42 72 14 93 64 44 27 18 55 38 70 75 43 77 6 67 16 2 10 23 81 49 96 63 56 24 69 47 88 7 60 76 9 45 58 33 98 54 82 90 3 89 61 36 25 48 84 0 39 41 86 28 29 57 11 35 91 15 32 20 62 94 12 37 78 21 19 17 97 65 5 31 59 73 87 74 66 22 80 71 8 30 51 46 95 13 1 83 34 53 40 99 85 4 52 68 79 92 26 50 
94 6 2 90 32 42 5 80 17 50 28 16 9 45 18 93 39 8 92 34 22 53 27 95 76 89 98 25 11 59 65 84 87 12 13 68 51 78 70 85 86 44 61 66 54 69 43 1 36 83 82 4 60 14 33 55 20 31 72 81 38 48 56 97 21 29 77 23 96 46 74 26 7 88 64 71 30 58 35 47 67 3 40 63 91 57 15 41 52 62 37 75 79 19 0 99 49 10 24 73 
14 5 28 50 29 21 2 84 26 62 17 38 94 41 98 32 35 91 15 65 92 9 3 8 55 23 24 54 73 96 78 99 83 20 60 81 45 10 74 43 30 27 59 69 51 88 90 1 6 79 36 57 58 7 52 39 86 95 66 34 82 11 0 46 47 63 72 19 80 53 49 16 93 85 13 64 18 97 71 33 70 4 76 44 67 89 77 25 31 48 42 61 37 75 40 87 56 68 12 22 
8 10 36 35 0 93 65 84 70 16 22 33 74 87 75 46 57 77 25 45 60 47 1 27 17 48 69 37 2 59 72 28 7 54 67 21 3 49 30 79 86 13 85 24 91 98 68 92 4 43 19 73 5 34 44 50 53 56 18 58 26 6 40 42 9 52 20 39 11 71 80 78 88 51 12 55 14 94 97 41 63 82 15 38 23 61 76 29 31 96 95 32 62 99 64 89 66 81 83 90 
44 49 4 48 76 58 52 19 42 41 94 47 57 87 61 60 73 14 70 3 28 27 0 7 22 93 90 77 68 21 8 92 46 43 75 63 13 65 30 5 38 82 83 97 56 10 55 86 1 31 89 12 51 6 88 85 16 23 40 36 66 2 45 80 34 18 98 53 29 67 81 64 20 17 9 79 11 78 32 95 33 91 71 96 54 62 35 15 24 50 59 39 25 74 26 99 37 69 72 84 
18 12 34 56 58 20 29 73 43 37 55 1 90 32 51 71 22 49 92 4 50 91 8 87 25 26 6 98 45 95 28 23 84 41 17 88 39 66 7 36 35 38 97 40 81 52 63 24 11 59 46 72 13 65 83 5 79 99 53 80 94 15 57 10 82 61 74 42 70 14 67 93 68 9 27 76 30 69 60 86 89 96 62 33 31 16 21 48 54 2 78 44 77 64 0 75 47 3 19 85 
0 4 3 57 64 80 39 72 27 95 34 92 42 1 73 77 86 63 16 17 75 87 76 71 69 2 96 93 19 62 41 33 66 40 51 91 94 45 9 22 5 89 6 31 78 46 24 14 20 97 7 11 30 74 53 61 82 47 67 32 50 54 48 88 35 84 38 13 85 18 8 10 58 49 36 12 56 21 68 52 15 99 70 83 79 23 28 60 25 43 26 55 65 44 29 37 59 81 90 98 
72 1 74 22 17 87 35 59 79 48 92 19 63 5 3 33 21 82 66 2 42 15 91 32 58 31 10 52 90 44 6 73 67 64 53 89 77 57 39 7 88 51 11 45 29 25 55 41 86 23 47 50 36 75 62 85 27 8 40 34 84 83 16 18 81 9 37 4 61 93 78 20 68 12 76 97 70 24 60 94 65 38 56 69 0 49 26 46 43 14 30 28 13 80 98 95 54 96 71 99 
72 1 74 22 17 87 35 59 79 48 92 19 63 5 3 33 21 82 66 2 42 15 91 32 58 31 10 52 90 44 6 73 67 64 53 89 77 57 39 7 88 51 11 45 29 25 55 41 86 23 47 50 36 75 62 85 27 8 40 34 84 83 16 18 81 9 37 4 61 93 78 20 68 12 76 97 70 24 60 94 65 38 56 69 0 49 26 46 43 14 30 28 13 80 98 95 54 96 71 99 
82 22 67 18 48 7 39 83 90 34 25 15 27 49 66 79 11 40 98 29 77 45 91 86 35 8 95 24 32 88 72 17 71 75 36 87 20 52 21 55 41 2 68 10 65 44 46 58 37 31 64 38 97 78 80 53 54 26 16 96 59 81 69 92 60 47 43 63 33 42 74 23 19 85 70 12 94 56 0 50 4 28 9 99 89 51 73 14 84 1 6 57 76 30 62 13 61 5 3 93 
82 22 67 18 48 7 39 83 90 34 25 15 27 49 66 79 11 40 98 29 77 45 91 86 35 8 95 24 32 88 72 17 71 75 36 87 20 52 21 55 41 2 68 10 65 44 46 58 37 31 64 38 97 78 80 53 54 26 16 96 59 81 69 92 60 47 43 63 33 42 74 23 19 85 70 12 94 56 0 50 4 28 9 99 89 51 73 14 84 1 6 57 76 30 62 13 61 5 3 93 
25 59 91 87 1 78 74 61 39 50 95 34 27 23 99 57 71 85 47 36 80 90 93 56 44 29 52 63 66 83 6 48 42 89 31 92 2 60 37 4 35 46 84 64 54 38 53 72 28 20 43 79 3 45 77 88 51 98 30 0 62 82 97 10 21 12 96 69 7 76 73 67 14 13 70 5 9 49 16 86 19 94 58 81 11 41 24 40 15 22 33 32 17 68 18 8 55 65 75 26 
86 51 61 99 55 58 95 45 22 88 6 74 69 89 0 87 20 93 3 9 10 19 52 26 27 47 1 21 12 92 66 65 62 60 31 29 82 96 25 57 13 23 38 36 80 91 14 16 78 79 71 30 15 90 48 17 43 2 46 7 28 11 54 4 34 42 39 67 75 56 35 76 72 37 70 53 40 98 84 85 41 97 44 59 49 50 32 24 68 77 73 81 83 63 5 18 64 8 33 94 
61 37 65 83 38 96 45 19 5 54 1 81 42 68 90 18 58 30 7 24 27 92 64 91 71 80 41 51 50 77 28 39 48 85 56 55 59 40 25 8 2 36 52 66 33 47 31 53 97 23 16 22 82 94 10 3 87 79 14 12 62 26 44 88 4 70 99 13 17 72 6 0 78 75 93 49 63 29 74 35 11 86 15 98 43 20 67 84 21 57 32 34 76 9 60 69 73 89 95 46 
61 37 65 83 38 96 45 19 5 54 1 81 42 68 90 18 58 30 7 24 27 92 64 91 71 80 41 51 50 77 28 39 48 85 56 55 59 40 25 8 2 36 52 66 33 47 31 53 97 23 16 22 82 94 10 3 87 79 14 12 62 26 44 88 4 70 99 13 17 72 6 0 78 75 93 49 63 29 74 35 11 86 15 98 43 20 67 84 21 57 32 34 76 9 60 69 73 89 95 46 
42 59 10 30 74 45 27 17 52 43 24 88 15 49 4 70 12 84 53 85 29 82 83 3 58 92 22 61 33 55 76 68 8 0 91 20 11 51 31 90 39 75 71 7 69 89 77 38 73 80 87 21 46 56 1 48 34 13 26 99 60 65 14 44 64 50 19 81 23 57 79 37 36 54 47 78 97 2 67 41 9 25 28 40 62 66 94 98 95 18 16 63 93 35 86 32 72 6 5 96 
17 19 65 33 48 92 13 37 63 93 30 95 34 36 45 74 24 3 39 88 97 76 58 8 66 56 49 71 62 12 9 83 68 55 79 47 72 0 52 4 96 70 2 51 35 15 85 31 87 89 29 26 94 25 22 60 67 84 46 73 91 14 27 98 21 18 38 54 42 6 86 5 77 64 75 61 82 43 28 1 81 53 44 59 80 78 40 32 69 50 57 7 41 10 23 20 16 11 99 90 
43 85 99 70 3 24 4 61 86 45 5 38 58 21 55 80 32 88 87 69 6 14 20 79 31 26 90 71 7 59 19 49 75 77 76 42 8 74 94 53 9 93 81 67 46 33 10 30 29 0 89 98 12 13 66 15 23 17 63 72 16 44 60 78 18 41 52 56 22 91 25 64 97 27 57 73 28 48 39 37 34 36 35 1 47 50 96 40 54 83 62 65 68 95 82 84 92 2 51 11 
