76 54 68 33 97 41 10 45 86 3 35 90 17 94 32 40 0 98 6 89 77 11 88 50 51 71 42 95 24 8 2 23 59 28 60 80 53 44 84 20 66 82 22 93 12 96 5 4 83 49 21 38 58 48 52 81 19 26 92 61 63 14 37 47 39 78 67 74 1 30 15 91 27 64 25 43 57 69 46 7 29 73 75 87 72 36 31 62 13 70 99 85 16 65 79 9 34 18 56 55 
39 78 74 1 30 32 94 17 86 3 35 90 66 79 65 85 16 99 70 26 63 14 37 31 62 13 92 61 22 93 4 19 81 82 84 20 36 47 72 87 67 46 25 43 69 7 57 51 71 98 6 89 77 11 88 50 64 27 91 15 28 59 60 80 53 44 83 52 5 12 96 9 48 34 58 38 21 49 76 54 33 68 55 56 18 97 41 10 2 23 45 95 24 8 42 0 40 73 75 29 
27 91 15 36 1 25 50 64 32 94 17 59 28 60 44 84 20 39 78 74 67 87 29 75 73 72 7 46 43 69 57 88 51 11 77 89 6 98 0 71 40 42 8 24 95 2 10 41 97 54 76 49 21 38 58 56 18 55 68 33 23 86 35 3 90 66 19 93 52 48 34 9 96 12 4 22 61 70 13 26 62 14 31 37 47 63 92 99 85 16 65 5 79 83 81 82 53 80 30 45 
66 79 81 19 4 12 96 9 48 58 38 34 22 93 5 83 52 49 21 18 56 55 68 97 41 10 2 45 94 32 91 59 28 60 44 84 20 47 37 31 62 13 26 14 63 92 70 65 16 85 99 61 82 90 35 86 3 17 27 15 30 1 25 43 77 11 89 6 98 42 95 24 8 40 0 71 51 50 64 57 88 69 46 7 67 74 78 36 72 73 75 29 87 39 53 80 76 54 33 23 
60 28 80 53 82 19 61 92 63 26 13 62 31 37 20 84 44 39 30 25 64 91 94 32 86 3 35 23 33 41 97 68 54 76 49 21 56 38 58 34 48 9 96 5 93 79 83 52 12 4 22 65 99 16 85 70 14 47 36 78 74 1 67 87 72 73 75 29 46 7 69 43 57 51 50 88 11 71 77 89 6 98 42 0 40 27 15 17 59 66 81 90 45 24 8 95 2 10 55 18 
85 65 99 70 13 26 62 31 37 47 20 36 63 14 84 44 80 60 28 59 17 94 32 45 3 86 23 35 33 68 54 55 58 34 48 9 83 52 21 81 4 93 5 12 96 61 22 19 82 79 66 49 38 56 18 76 90 2 10 41 97 24 8 95 42 0 71 11 77 98 6 89 51 50 88 57 69 7 46 43 25 64 27 40 91 15 30 1 74 67 87 29 75 73 72 78 39 53 92 16 
60 39 30 1 74 78 72 73 75 29 7 69 43 25 64 50 51 71 11 77 89 6 98 0 40 27 91 15 17 94 86 3 35 23 95 8 24 45 32 59 28 80 53 44 84 20 36 47 37 31 62 13 26 70 99 65 85 16 92 14 63 82 79 81 83 52 48 38 56 18 58 34 9 96 5 12 4 93 22 19 61 66 90 76 54 68 33 2 10 97 41 55 49 21 42 88 57 46 67 87 
82 19 4 93 22 61 92 63 14 62 13 26 70 99 65 16 85 5 96 12 9 34 58 38 21 49 55 54 76 23 86 35 3 94 32 17 59 28 60 80 53 44 84 20 31 37 47 36 78 72 29 73 75 87 67 39 1 74 30 46 69 7 43 25 88 57 50 51 0 71 11 77 89 6 98 42 40 91 27 64 15 45 10 41 97 68 33 2 95 8 24 83 52 81 79 66 90 18 56 48 
44 53 80 60 28 59 3 86 94 32 45 23 35 90 66 79 19 81 26 13 62 14 63 92 70 99 22 93 5 12 96 9 48 21 38 34 58 18 56 55 68 33 97 41 8 24 95 17 15 91 27 64 0 40 11 77 88 50 51 71 89 6 98 42 2 10 54 76 83 49 52 4 65 16 85 61 82 84 47 37 31 20 36 78 74 67 87 73 75 72 29 7 46 1 30 25 43 57 69 39 
25 43 46 7 69 57 64 33 68 55 97 41 10 2 24 8 95 42 0 71 51 50 88 11 77 89 6 98 17 59 28 60 80 53 44 84 36 78 74 67 1 30 15 91 27 40 32 94 45 23 35 86 3 90 66 4 12 96 5 52 48 34 38 21 49 83 81 79 82 19 22 93 61 92 26 13 62 31 37 47 39 87 72 73 75 29 20 14 63 70 99 85 65 16 9 58 56 18 54 76 
71 51 50 64 27 91 45 94 86 35 90 3 23 66 79 81 83 49 21 48 38 58 18 56 55 68 54 76 32 17 59 28 39 78 72 73 75 29 87 67 46 7 69 43 25 1 30 15 53 44 84 20 37 31 62 13 26 92 61 93 4 12 5 22 19 82 80 60 74 36 47 14 63 85 16 65 99 70 96 9 52 34 33 41 97 2 10 24 8 95 42 0 40 88 57 11 77 89 6 98 
51 50 88 11 77 71 0 40 32 91 27 45 86 3 35 23 33 54 76 90 17 59 28 60 15 25 43 69 46 7 67 74 87 29 73 75 72 47 37 20 84 44 53 80 19 81 79 83 52 4 93 5 16 65 85 99 70 22 61 92 63 14 26 13 62 31 36 78 39 1 30 57 64 42 95 8 24 2 10 97 41 68 55 56 18 38 21 49 48 9 34 58 96 12 66 82 94 98 6 89 
66 59 17 15 91 27 64 50 88 57 43 25 46 7 69 30 1 74 67 78 39 80 53 44 84 20 36 47 37 31 14 63 92 61 22 93 4 12 5 9 34 48 49 21 38 58 18 56 55 54 76 35 94 3 86 23 33 68 97 41 10 2 24 8 95 45 32 40 0 71 51 11 77 89 98 6 42 90 82 79 19 81 83 52 96 16 85 65 99 70 13 26 62 73 72 87 29 75 28 60 
5 93 4 22 61 92 63 14 26 13 62 37 47 20 84 80 53 44 60 28 15 91 27 40 42 0 71 51 88 57 43 69 7 46 74 1 30 25 64 50 11 77 89 6 98 8 24 95 10 2 97 41 35 23 86 3 90 49 48 34 9 12 96 52 83 38 58 18 56 76 54 33 68 55 21 81 82 66 79 19 59 17 94 32 45 39 78 36 72 73 75 29 87 67 31 70 99 65 85 16 
53 80 60 28 19 61 22 93 4 12 96 9 34 58 56 18 38 21 49 83 79 66 90 76 54 33 41 97 68 55 35 23 2 10 8 24 95 42 45 32 94 86 3 59 17 91 27 64 50 88 11 77 89 98 6 51 40 0 71 57 69 30 1 78 67 74 36 20 84 44 39 25 43 7 46 87 72 73 75 29 47 37 31 62 13 26 92 63 14 82 81 52 48 5 85 16 65 99 70 15 
65 85 16 99 70 13 26 62 31 37 47 36 84 44 53 80 60 28 66 79 82 19 81 52 83 48 9 12 4 93 22 61 92 63 14 20 30 15 27 91 17 59 3 23 86 35 54 33 68 55 56 18 38 34 58 21 49 90 76 97 41 10 2 8 24 95 42 40 0 98 6 89 77 11 51 50 88 57 43 25 69 7 46 1 74 67 78 39 72 73 75 29 87 64 71 94 32 45 96 5 
47 37 20 84 44 80 60 28 59 64 7 46 69 57 25 43 40 0 71 11 51 50 88 77 89 6 98 42 95 24 8 10 2 23 35 86 3 94 32 91 27 15 30 1 67 74 78 36 72 87 29 75 73 31 62 26 13 70 61 22 19 81 79 83 52 48 34 9 96 12 5 93 4 49 21 38 58 18 56 55 54 76 68 33 97 41 45 17 90 66 82 65 16 85 99 92 63 14 53 39 
7 46 69 57 88 50 51 71 11 77 89 6 98 0 40 27 91 32 94 86 23 45 2 10 24 8 95 42 30 15 64 25 43 67 1 74 39 44 53 80 60 28 59 17 3 35 90 66 79 81 52 83 21 49 76 54 68 55 97 41 33 56 18 58 38 34 48 9 93 4 12 96 5 22 61 26 92 63 14 20 84 36 47 37 31 13 62 70 99 65 85 16 19 82 78 87 72 73 75 29 
81 79 82 66 90 35 86 3 59 17 91 94 40 15 28 60 80 44 39 78 36 47 37 31 62 13 26 14 63 92 22 93 4 12 52 48 9 34 58 38 21 56 18 54 55 97 68 33 10 2 24 8 95 42 71 51 64 50 88 57 43 25 1 30 74 67 87 72 73 75 29 7 46 69 11 77 98 6 89 0 27 32 45 23 41 76 49 83 96 5 19 61 65 85 16 99 70 84 20 53 
79 66 17 32 94 64 50 88 11 77 51 71 0 40 27 91 15 30 43 57 69 46 7 67 74 1 44 53 80 60 28 59 10 2 95 8 24 45 23 35 76 54 68 55 41 97 33 49 21 38 48 34 58 56 18 9 4 19 81 82 63 14 26 92 61 22 93 12 96 5 16 85 65 99 70 13 62 31 37 47 20 84 36 39 78 72 73 75 29 87 25 6 89 98 42 86 3 90 83 52 
90 79 48 9 96 5 65 16 85 99 70 92 13 26 62 31 37 47 36 78 74 67 87 72 73 75 29 7 46 43 69 57 50 11 77 98 6 89 0 71 51 88 64 27 40 42 8 95 24 45 32 94 17 59 28 60 80 39 30 25 1 15 91 35 3 86 23 33 68 55 54 76 21 49 83 52 81 4 12 93 22 61 19 63 14 20 84 44 53 82 66 38 58 34 56 18 97 41 10 2 
7 46 43 25 30 67 74 78 1 20 84 44 53 80 60 28 17 91 27 40 0 42 8 24 95 45 94 3 86 23 35 33 76 54 55 56 18 58 38 48 52 81 19 4 93 22 61 92 63 14 26 13 62 31 37 47 72 73 75 29 87 69 57 88 51 50 71 11 77 89 6 98 2 10 41 97 68 90 66 79 82 83 49 21 34 9 12 96 5 85 99 16 65 70 39 36 15 59 32 64 
54 68 55 38 56 18 58 34 48 52 83 81 4 93 19 22 61 92 26 13 62 14 63 70 99 65 85 16 5 96 12 9 21 49 79 66 90 35 86 3 28 60 80 53 44 84 20 47 36 78 74 67 1 30 15 88 51 50 64 43 25 27 40 32 94 91 17 59 45 2 10 95 24 8 42 0 71 6 98 89 77 11 57 69 7 46 87 72 73 75 29 31 37 39 82 23 76 41 97 33 
32 45 94 3 86 23 35 76 54 49 21 48 38 58 56 18 34 9 12 4 93 22 61 92 14 62 26 13 70 99 65 85 16 5 96 81 79 66 59 17 91 27 64 40 0 71 50 51 11 77 6 98 89 88 25 43 57 69 7 46 67 74 78 36 47 37 80 53 60 28 15 30 1 87 72 73 75 29 20 84 44 39 31 63 19 82 52 83 90 33 68 55 97 41 10 2 8 24 95 42 
33 54 76 49 21 38 58 34 9 52 12 96 5 93 22 61 70 99 65 85 16 92 63 53 80 60 28 59 17 3 86 35 23 2 10 68 55 56 18 83 48 4 19 81 90 66 79 82 14 26 13 62 31 37 47 20 84 44 78 36 39 30 15 91 27 64 50 51 11 77 89 6 98 40 0 71 88 43 74 67 46 7 87 72 73 75 29 1 25 69 57 32 94 45 95 24 8 42 97 41 
51 50 88 11 98 6 89 71 64 0 45 32 91 15 27 30 1 74 78 36 72 73 75 29 67 87 39 44 84 20 37 47 31 26 13 62 14 63 92 61 22 93 4 96 12 52 48 58 34 38 21 49 76 54 33 68 97 41 23 86 94 3 35 90 66 79 83 81 19 82 53 80 60 28 59 17 40 42 95 24 8 2 10 55 18 56 9 5 85 16 65 99 70 43 25 46 7 69 57 77 
53 80 60 28 15 27 91 94 32 45 86 23 33 68 54 76 49 21 38 48 52 83 81 79 66 90 35 3 40 0 51 50 88 57 43 25 1 39 78 74 67 87 37 47 44 84 36 20 14 26 13 70 99 65 85 16 5 12 4 93 22 61 92 63 62 31 73 72 75 29 7 69 46 30 59 17 42 71 98 6 89 77 11 64 95 8 24 2 10 41 97 55 18 56 58 34 9 96 19 82 
19 4 93 22 12 90 66 80 28 59 17 94 32 45 86 3 35 23 33 54 68 55 56 18 58 38 21 49 83 52 48 34 9 81 79 82 63 14 26 13 62 31 37 47 20 44 84 53 60 39 78 74 67 87 29 75 73 72 36 1 30 15 27 91 40 42 0 50 88 51 71 11 77 89 6 98 64 25 43 46 7 69 57 95 24 8 10 2 41 97 76 5 96 92 61 99 65 85 16 70 
87 67 74 1 30 15 64 27 40 0 71 57 88 50 51 11 77 89 98 6 32 94 45 42 95 24 8 59 91 28 60 80 53 14 63 92 13 26 62 31 37 47 20 84 44 39 78 36 73 72 75 29 7 46 69 43 25 17 35 90 3 86 23 33 68 55 54 76 49 21 38 9 34 48 83 22 93 4 12 96 5 16 85 65 99 70 61 19 82 66 79 81 52 58 56 18 97 41 10 2 
2 10 41 97 55 54 76 35 23 3 86 94 17 59 28 15 91 27 32 40 0 71 11 77 89 6 98 42 95 8 24 45 18 56 58 38 48 34 21 49 83 52 81 79 82 19 53 80 60 44 84 20 37 47 73 72 87 29 75 36 39 78 74 1 30 25 43 50 64 51 88 57 69 7 46 67 14 62 31 26 13 70 99 65 16 85 5 96 12 4 93 61 92 63 22 9 66 90 33 68 
12 4 93 5 96 9 38 21 49 48 34 58 56 18 41 97 68 33 54 76 90 66 79 81 83 52 22 61 92 63 26 13 62 31 37 47 36 78 74 67 87 72 73 75 29 20 84 53 80 60 28 59 17 32 94 45 3 86 23 35 2 10 95 24 8 42 0 71 11 77 89 6 98 25 43 69 46 7 57 50 51 88 64 91 27 40 15 30 1 39 44 14 65 85 16 99 70 19 82 55 
61 65 85 16 99 70 26 14 63 92 22 93 5 96 12 4 52 83 80 60 28 39 74 78 67 46 7 25 43 69 57 71 11 51 88 77 89 6 98 42 8 24 95 2 10 41 97 68 33 54 76 38 58 34 9 48 49 21 56 18 55 23 86 35 3 90 66 79 81 19 53 44 84 20 37 47 31 62 13 36 72 73 75 29 87 1 30 15 91 94 32 17 59 27 64 50 40 0 45 82 
12 4 93 5 96 52 83 79 82 66 80 53 84 44 60 28 59 32 94 17 45 86 35 23 3 90 49 21 38 58 34 48 9 81 19 22 61 92 63 14 26 13 70 99 16 85 65 62 31 37 47 72 73 75 29 87 67 74 78 39 36 20 30 1 69 43 25 57 7 46 6 98 77 88 51 50 64 27 91 15 11 89 71 0 40 42 95 8 24 2 10 97 41 33 54 76 68 55 56 18 
59 28 60 80 84 36 47 37 31 20 78 74 67 87 72 73 75 29 7 46 69 57 88 51 11 77 71 0 40 64 27 91 17 94 3 86 23 35 90 82 79 83 52 4 93 5 22 19 61 92 63 13 26 14 62 70 99 65 85 16 96 12 9 34 38 48 49 21 76 54 33 68 55 56 18 58 97 41 10 2 45 24 8 95 42 98 6 89 66 81 53 44 39 1 30 15 25 43 50 32 
63 92 61 22 93 4 12 96 9 34 38 48 83 66 79 81 19 82 80 44 53 60 28 15 25 43 50 51 71 0 40 27 91 64 57 88 11 77 89 98 6 42 95 8 24 10 2 23 35 33 68 55 56 18 58 76 54 3 86 45 32 94 17 59 39 78 74 67 87 7 46 69 30 1 29 75 73 72 36 47 31 37 20 84 26 13 62 14 70 99 65 85 16 5 52 49 21 90 97 41 
60 80 53 28 59 17 91 15 27 64 40 0 71 51 50 88 57 43 25 30 1 74 78 36 37 47 20 84 44 39 87 67 46 7 69 11 77 89 6 98 42 95 8 24 2 23 33 68 54 76 35 90 3 86 32 94 45 10 41 97 55 38 56 18 58 48 21 49 83 79 81 19 12 96 5 61 92 63 14 62 13 26 70 99 65 85 16 4 93 22 52 9 34 82 66 31 73 72 29 75 
20 84 39 30 1 74 67 87 78 46 7 69 43 25 64 50 57 88 51 11 77 89 6 98 71 0 40 91 27 15 90 76 54 33 68 55 56 18 58 38 21 49 81 79 83 4 12 93 22 61 92 63 14 26 13 62 70 99 65 85 16 5 96 48 34 9 52 19 82 53 80 60 28 59 17 32 94 86 35 23 3 45 24 8 42 95 2 10 41 97 66 44 36 37 47 72 73 75 29 31 
60 28 80 53 82 19 61 92 63 26 13 62 31 37 20 84 44 39 30 25 64 91 94 32 86 3 35 23 33 41 97 68 54 76 49 21 56 38 58 34 48 9 96 5 93 79 83 52 12 4 22 65 99 16 85 70 14 47 36 78 74 1 67 87 72 73 75 29 46 7 69 43 57 51 50 88 11 71 77 89 6 98 42 0 40 27 15 17 59 66 81 90 45 24 8 95 2 10 55 18 
44 84 20 63 92 61 22 93 12 96 48 58 38 18 56 55 68 33 54 76 21 49 52 83 81 79 66 60 80 53 28 59 17 90 9 34 4 5 85 65 16 99 70 26 14 13 62 31 37 47 36 78 74 67 1 30 15 64 50 51 11 77 6 98 89 71 0 42 45 32 94 86 3 35 23 2 10 41 97 95 24 8 40 27 91 25 43 57 88 69 7 46 87 29 75 73 72 39 19 82 
15 28 59 17 32 94 86 23 35 76 54 68 55 97 41 33 10 2 24 95 42 40 0 71 11 77 51 50 88 57 69 43 67 74 78 36 72 73 75 29 87 7 46 64 27 91 30 1 39 60 80 53 44 84 20 37 47 31 62 26 70 99 65 85 16 5 4 93 22 61 92 63 14 13 82 79 81 19 12 96 52 83 48 21 49 38 58 34 9 18 56 66 90 3 45 8 98 6 89 25 
60 39 30 1 74 78 72 73 75 29 7 69 43 25 64 50 51 71 11 77 89 6 98 0 40 27 91 15 17 94 86 3 35 23 95 8 24 45 32 59 28 80 53 44 84 20 36 47 37 31 62 13 26 70 99 65 85 16 92 14 63 82 79 81 83 52 48 38 56 18 58 34 9 96 5 12 4 93 22 19 61 66 90 76 54 68 33 2 10 97 41 55 49 21 42 88 57 46 67 87 
72 73 75 29 87 67 74 78 36 15 91 27 40 42 95 8 24 45 32 94 86 35 3 90 59 17 28 60 80 53 44 84 20 31 62 26 13 70 63 92 61 99 65 85 16 5 12 4 93 22 19 82 79 76 54 68 33 2 10 41 97 55 18 56 58 38 21 49 83 52 96 9 34 48 23 81 66 25 43 57 88 50 51 11 77 89 6 98 71 0 64 30 1 46 7 69 39 37 47 14 
65 85 16 99 70 4 12 96 93 22 61 92 63 14 26 13 62 31 37 20 84 44 53 80 60 28 59 17 15 27 91 32 94 86 45 35 54 21 49 83 52 9 48 34 58 38 56 18 55 68 33 97 41 10 2 23 3 66 81 79 76 90 78 74 1 30 25 43 69 57 88 50 64 0 42 24 8 95 40 71 11 77 89 6 98 51 46 7 87 67 36 72 73 75 29 47 39 82 19 5 
59 3 86 23 35 76 54 33 68 97 41 10 2 45 32 94 17 28 60 80 53 82 83 49 21 38 58 56 18 55 4 19 79 81 52 93 22 5 12 96 61 62 31 37 47 20 36 78 74 67 29 75 73 72 87 46 7 69 57 88 98 6 89 77 11 71 42 95 24 8 15 91 27 40 0 50 51 64 25 43 1 30 39 44 84 14 92 63 26 13 70 99 65 85 16 9 48 34 66 90 
20 84 44 53 80 60 28 59 17 45 33 68 54 76 35 86 3 94 32 91 15 27 40 0 42 95 8 24 10 2 23 90 83 52 9 34 58 38 48 21 49 55 56 18 41 97 96 12 4 93 19 81 79 66 82 13 26 14 92 61 22 5 99 65 85 16 70 63 62 31 37 47 36 78 74 67 1 30 25 43 57 88 50 51 11 77 71 89 6 98 64 69 7 46 87 29 75 73 72 39 
86 3 23 97 41 68 54 49 21 38 58 18 56 55 48 9 34 52 83 82 79 81 19 4 93 22 61 92 63 53 80 60 28 59 17 94 32 40 0 6 98 89 11 77 71 51 50 88 67 78 74 1 30 15 91 27 64 25 43 57 69 46 7 87 73 75 29 72 20 84 44 39 36 47 37 62 31 14 26 13 70 99 65 16 85 5 12 96 90 35 45 2 24 8 95 42 10 33 76 66 
32 94 45 95 24 8 3 86 23 35 79 83 49 21 38 34 48 9 52 4 12 93 22 61 92 63 14 26 13 70 99 65 85 16 5 96 58 56 18 68 33 54 76 55 97 41 10 2 17 59 28 60 80 53 84 20 44 39 74 78 36 1 30 91 15 43 25 64 27 40 0 42 98 6 89 77 11 71 88 50 51 57 69 46 7 67 87 72 73 75 29 62 31 37 47 81 82 19 66 90 
5 12 4 93 96 9 48 52 81 83 49 21 38 58 56 18 55 68 97 41 33 54 76 90 35 86 23 2 10 45 94 32 91 15 30 64 27 11 77 71 89 6 98 0 42 95 24 8 40 51 50 88 57 69 46 7 67 74 1 87 29 75 73 47 37 20 14 13 26 63 92 53 80 60 28 59 17 3 66 79 82 44 84 36 78 39 25 43 72 31 62 70 99 65 85 16 61 22 19 34 
84 20 37 47 39 44 60 80 53 63 14 26 13 62 31 36 78 74 67 1 30 28 59 17 15 91 27 40 0 71 50 51 88 57 69 43 25 64 11 77 6 98 89 45 23 35 90 3 86 94 32 42 8 24 95 2 10 41 97 68 55 76 54 33 56 18 58 38 21 49 48 9 34 93 22 61 19 82 79 81 52 83 4 12 96 5 70 99 65 16 85 92 66 72 73 75 29 87 46 7 
44 80 60 28 3 86 35 23 45 94 32 59 17 91 15 25 43 57 88 51 50 64 27 40 98 6 89 77 11 71 0 42 95 24 8 68 56 18 38 58 34 9 12 93 81 52 83 49 21 48 4 22 61 92 70 99 65 16 85 5 96 54 76 55 97 41 10 2 33 90 66 79 82 53 84 20 14 63 37 47 78 74 67 87 72 73 75 29 46 7 69 1 30 39 36 31 62 13 26 19 
31 37 47 20 36 67 74 78 39 84 44 80 53 60 28 59 17 91 27 15 30 1 25 43 57 88 50 51 11 77 89 6 98 71 0 40 3 23 2 10 94 32 45 86 35 76 38 58 18 56 55 68 33 41 97 54 90 49 21 48 52 34 9 12 4 93 22 19 96 5 65 99 16 85 61 92 63 14 26 13 62 70 82 66 79 81 83 24 8 95 42 64 69 7 46 87 29 72 73 75 
24 8 95 42 40 27 91 0 6 98 89 77 11 51 50 43 25 64 15 59 17 94 45 23 90 66 79 83 52 81 19 22 93 4 12 5 96 9 34 48 38 58 18 56 55 54 76 35 86 3 28 39 74 1 30 67 87 78 36 37 47 31 62 13 26 14 63 61 92 70 99 65 85 16 82 80 60 44 53 84 20 72 73 75 29 7 46 69 57 88 71 32 2 10 33 68 97 41 21 49 
24 8 95 42 40 27 91 0 6 98 89 77 11 51 50 43 25 64 15 59 17 94 45 23 90 66 79 83 52 81 19 22 93 4 12 5 96 9 34 48 38 58 18 56 55 54 76 35 86 3 28 39 74 1 30 67 87 78 36 37 47 31 62 13 26 14 63 61 92 70 99 65 85 16 82 80 60 44 53 84 20 72 73 75 29 7 46 69 57 88 71 32 2 10 33 68 97 41 21 49 
8 24 95 91 15 30 1 67 74 78 39 84 20 37 47 36 44 53 80 63 14 26 92 61 22 19 79 83 21 49 52 9 55 68 33 54 76 35 94 86 3 60 28 59 17 27 32 45 23 90 66 82 81 4 93 48 38 58 56 18 34 12 96 5 16 85 65 99 70 13 62 31 72 73 75 29 87 7 46 69 25 43 57 88 51 11 77 64 50 0 71 98 6 89 42 40 2 10 41 97 
25 43 69 57 88 51 50 64 27 91 15 30 1 74 67 39 78 36 47 37 20 84 44 80 53 28 60 59 17 3 86 35 76 54 55 68 97 41 33 10 2 23 45 94 32 42 95 8 24 40 0 71 11 77 89 6 98 79 83 52 81 19 4 61 22 93 12 96 9 48 38 58 56 18 34 21 49 90 66 82 92 63 14 26 13 70 99 65 85 16 5 62 31 73 75 29 46 7 87 72 
82 53 44 39 60 28 84 80 79 83 49 21 38 48 52 81 93 4 12 5 96 9 34 58 56 18 55 68 54 76 35 23 2 10 41 97 33 45 32 94 17 59 66 90 86 3 15 91 27 64 88 50 51 11 77 71 0 40 95 24 8 42 6 98 89 57 69 43 46 1 30 25 72 73 75 29 7 87 67 74 78 36 20 37 47 31 62 14 13 26 63 92 61 22 19 70 99 65 16 85 
32 45 94 3 86 23 35 76 54 49 21 48 38 58 56 18 34 9 12 4 93 22 61 92 14 62 26 13 70 99 65 85 16 5 96 81 79 66 59 17 91 27 64 40 0 71 50 51 11 77 6 98 89 88 25 43 57 69 7 46 67 74 78 36 47 37 80 53 60 28 15 30 1 87 72 73 75 29 20 84 44 39 31 63 19 82 52 83 90 33 68 55 97 41 10 2 8 24 95 42 
86 3 94 32 45 23 68 33 54 76 21 49 83 79 81 52 48 34 9 96 12 4 93 5 65 85 16 99 70 62 13 26 14 63 92 61 22 19 80 44 60 28 59 17 91 27 64 50 71 77 11 51 88 57 43 25 1 74 78 39 36 37 47 31 20 84 53 66 82 90 35 41 97 56 18 58 38 55 10 2 24 95 8 42 0 40 98 6 89 69 7 67 46 72 73 75 29 87 30 15 
45 94 32 86 3 17 59 28 15 91 64 50 51 71 77 11 88 57 69 46 7 29 87 72 73 75 74 67 78 39 1 30 43 25 27 40 0 98 6 89 42 8 24 95 10 2 23 35 90 9 12 96 5 4 93 22 92 63 14 62 13 26 61 19 82 80 60 53 44 84 20 36 37 47 31 70 99 65 85 16 49 21 38 58 18 56 34 48 52 83 81 79 66 54 76 55 68 33 41 97 
78 74 1 30 15 91 27 64 50 51 88 11 77 89 6 98 71 40 0 42 95 24 8 2 10 45 35 23 86 3 59 28 39 44 84 20 36 47 37 31 62 26 92 63 14 13 70 99 65 85 16 93 22 83 48 21 49 66 79 81 52 58 34 38 55 33 41 97 68 76 54 56 18 9 96 12 4 5 61 19 82 80 53 60 90 32 94 17 25 43 69 57 46 7 87 67 29 75 73 72 
78 74 1 30 15 91 27 64 50 51 88 11 77 89 6 98 71 40 0 42 95 24 8 2 10 45 35 23 86 3 59 28 39 44 84 20 36 47 37 31 62 26 92 63 14 13 70 99 65 85 16 93 22 83 48 21 49 66 79 81 52 58 34 38 55 33 41 97 68 76 54 56 18 9 96 12 4 5 61 19 82 80 53 60 90 32 94 17 25 43 69 57 46 7 87 67 29 75 73 72 
44 84 20 31 37 47 36 78 39 53 80 60 28 15 91 32 94 17 59 27 40 42 0 71 64 57 88 50 51 11 77 89 6 98 95 24 8 2 10 55 68 33 54 76 35 3 86 45 23 90 21 49 83 52 48 12 4 93 22 61 19 92 63 26 14 62 13 70 99 65 16 85 5 96 9 34 58 38 56 18 97 41 7 46 69 43 25 30 1 74 67 87 72 73 29 75 81 79 82 66 
78 36 47 37 31 62 26 13 70 99 85 65 16 96 5 93 4 12 9 34 58 21 76 35 3 86 94 32 45 23 33 68 55 54 59 17 91 27 64 50 25 43 30 1 74 67 87 72 73 29 75 14 63 92 61 22 19 81 83 79 82 66 90 49 52 48 38 56 18 97 41 10 2 24 8 95 42 0 71 98 6 89 51 77 11 88 57 69 46 7 28 60 80 53 44 20 84 39 15 40 
92 61 22 93 4 5 96 12 19 16 85 65 99 70 26 13 62 31 37 47 20 84 44 14 63 80 60 28 59 17 45 2 10 23 86 3 35 76 54 55 68 97 41 33 56 18 58 34 48 52 83 49 21 38 9 79 82 53 66 90 94 32 40 64 27 91 15 30 1 74 78 36 72 73 75 29 87 67 39 69 46 7 25 43 57 77 11 51 50 88 71 0 42 8 24 95 98 6 89 81 
16 85 65 99 13 26 22 61 92 63 53 80 44 84 36 1 67 74 78 47 31 37 20 39 30 43 25 64 27 15 91 32 94 17 59 28 60 66 90 3 35 86 45 23 41 97 55 56 18 9 12 4 93 5 96 81 52 83 49 21 48 34 58 38 76 54 68 33 10 2 24 95 8 42 0 40 98 6 89 77 11 51 88 71 50 57 69 46 7 87 72 29 75 73 14 62 70 19 82 79 
42 8 24 95 45 32 40 27 91 15 88 57 50 11 77 71 51 64 25 43 69 46 7 87 72 73 75 29 74 67 78 1 30 28 60 80 53 84 20 63 14 13 62 31 37 47 36 39 44 83 52 81 79 66 90 3 86 35 76 54 68 55 56 18 58 34 9 12 4 19 22 93 5 65 16 85 99 70 92 26 61 82 96 48 38 21 49 23 2 10 41 97 33 17 94 59 0 98 6 89 
71 0 40 15 91 27 64 50 51 88 11 77 89 6 98 42 95 24 8 10 23 86 35 3 17 59 66 79 83 52 48 34 58 38 21 49 76 54 33 68 97 41 2 45 94 32 28 60 80 44 84 20 31 37 47 36 78 72 73 75 29 46 7 69 57 43 25 30 1 74 67 87 39 53 63 14 26 13 70 99 65 85 16 93 4 12 5 96 9 81 55 56 18 90 82 19 22 61 92 62 
73 75 29 87 67 74 1 30 25 64 27 32 94 17 59 28 60 80 53 44 84 20 47 37 72 78 36 39 15 91 50 51 11 71 88 57 43 7 46 69 98 6 89 77 40 0 42 8 24 95 45 86 3 35 90 66 79 81 82 52 83 49 21 34 48 38 58 56 18 68 33 54 76 10 2 23 55 97 41 22 93 4 12 9 96 5 65 16 85 99 70 13 26 62 14 63 92 61 19 31 
30 1 74 78 36 47 37 20 14 63 92 61 4 22 19 82 66 15 91 27 64 40 0 51 88 50 25 43 57 69 7 46 67 87 29 75 73 72 31 62 13 26 70 65 85 16 99 93 5 96 9 34 58 38 48 52 83 81 79 94 32 45 23 2 10 41 97 33 68 54 76 90 3 35 56 18 55 49 21 12 53 80 60 28 59 17 71 11 77 89 6 98 42 95 24 8 86 44 84 39 
49 21 38 58 34 9 12 52 83 81 19 61 92 14 63 26 13 62 31 37 47 20 84 36 75 73 72 29 87 67 74 78 39 44 53 80 60 28 59 17 23 3 35 33 54 55 68 76 90 79 82 66 86 45 32 94 27 91 15 30 1 43 57 88 11 51 77 89 6 98 8 24 95 42 40 0 71 50 64 25 69 46 7 22 93 4 5 70 99 65 85 16 96 48 18 56 41 97 10 2 
92 63 14 31 37 20 84 44 60 28 59 17 32 91 27 40 71 77 11 51 50 88 64 43 25 46 7 69 57 1 74 67 87 30 15 39 78 36 72 75 73 29 47 13 26 62 70 99 65 16 85 61 22 93 4 12 52 83 81 79 5 96 9 48 21 49 34 38 58 18 56 55 68 33 41 97 95 24 8 42 98 6 89 0 94 45 2 10 23 86 3 35 90 76 54 66 80 53 19 82 
81 79 66 59 28 60 80 53 44 39 84 20 37 47 36 74 78 1 30 15 91 27 40 42 95 8 24 45 23 35 76 54 68 55 56 18 38 21 49 83 52 12 4 93 5 96 34 58 48 9 19 82 90 3 86 94 32 33 41 97 2 10 0 98 6 89 77 11 71 88 51 64 50 57 69 43 25 46 7 67 87 72 29 75 73 31 13 26 62 14 63 92 61 22 65 16 85 99 70 17 
27 91 40 32 94 17 28 3 86 35 23 41 97 68 33 10 2 45 95 8 24 42 0 71 98 89 6 77 11 51 50 88 57 69 7 46 25 43 64 30 15 60 53 80 44 84 20 37 31 47 36 78 74 87 67 1 72 73 75 29 39 59 66 83 49 21 38 55 54 76 18 56 58 34 48 9 96 12 4 93 22 5 65 85 16 99 70 92 26 13 62 14 63 82 79 52 81 19 61 90 
99 65 16 85 61 22 93 4 12 5 96 34 58 56 18 76 54 68 33 2 10 41 97 55 21 49 83 79 81 82 19 52 48 38 9 90 66 80 53 63 92 13 26 62 14 31 37 47 20 84 44 39 60 91 32 94 59 17 3 86 35 23 45 95 24 8 42 0 71 98 6 89 11 77 51 50 88 57 69 7 46 67 74 78 36 72 1 30 28 15 27 40 64 25 43 87 29 75 73 70 
58 18 56 38 21 49 83 52 81 82 79 66 3 86 23 45 94 17 59 28 80 53 44 14 62 26 13 70 99 65 16 85 63 92 61 4 5 93 22 19 12 9 34 48 76 54 33 68 55 97 41 10 2 24 8 95 42 0 40 32 91 27 64 50 88 57 46 7 29 87 67 74 1 39 78 36 47 72 73 75 37 31 20 84 60 15 25 43 69 30 51 11 77 71 89 6 98 35 90 96 
2 10 41 97 55 54 76 35 23 3 86 94 17 59 28 15 91 27 32 40 0 71 11 77 89 6 98 42 95 8 24 45 18 56 58 38 48 34 21 49 83 52 81 79 82 19 53 80 60 44 84 20 37 47 73 72 87 29 75 36 39 78 74 1 30 25 43 50 64 51 88 57 69 7 46 67 14 62 31 26 13 70 99 65 16 85 5 96 12 4 93 61 92 63 22 9 66 90 33 68 
41 56 18 38 58 34 48 96 12 4 5 16 85 65 99 70 62 13 26 92 63 14 84 20 47 37 31 30 1 74 67 60 80 53 44 39 78 36 72 73 75 29 87 46 7 69 43 57 88 50 51 11 77 89 6 98 71 40 0 42 45 32 94 3 86 90 59 28 15 17 91 27 64 25 8 24 95 2 10 33 68 55 54 76 83 81 82 79 66 19 22 61 93 52 9 21 49 35 23 97 
70 92 26 13 22 93 4 12 5 52 83 79 81 66 35 86 94 32 40 0 71 51 50 88 57 69 7 46 43 25 64 27 91 59 28 60 80 53 84 44 20 47 37 31 62 14 63 61 19 82 48 58 38 21 49 90 76 54 68 33 23 45 24 8 95 42 6 98 89 11 77 17 15 30 78 67 74 1 87 72 29 73 75 36 39 3 2 10 41 97 55 56 18 34 9 96 85 16 65 99 
60 39 30 1 74 78 72 73 75 29 7 69 43 25 64 50 51 71 11 77 89 6 98 0 40 27 91 15 17 94 86 3 35 23 95 8 24 45 32 59 28 80 53 44 84 20 36 47 37 31 62 13 26 70 99 65 85 16 92 14 63 82 79 81 83 52 48 38 56 18 58 34 9 96 5 12 4 93 22 19 61 66 90 76 54 68 33 2 10 97 41 55 49 21 42 88 57 46 67 87 
33 68 55 56 18 58 38 21 49 83 79 81 82 19 4 12 52 48 34 9 96 5 16 85 65 99 70 26 13 62 31 36 20 37 47 72 73 75 29 87 78 74 30 25 43 50 51 88 57 69 7 46 67 1 59 28 60 53 80 39 44 84 14 63 92 93 22 61 66 90 3 86 94 32 17 41 97 10 2 23 54 76 35 45 24 8 95 42 40 27 91 71 11 77 89 6 98 0 64 15 
33 68 55 56 18 58 38 21 49 83 79 81 82 19 4 12 52 48 34 9 96 5 16 85 65 99 70 26 13 62 31 36 20 37 47 72 73 75 29 87 78 74 30 25 43 50 51 88 57 69 7 46 67 1 59 28 60 53 80 39 44 84 14 63 92 93 22 61 66 90 3 86 94 32 17 41 97 10 2 23 54 76 35 45 24 8 95 42 40 27 91 71 11 77 89 6 98 0 64 15 
87 67 74 78 36 84 14 63 53 80 60 44 1 30 25 43 57 69 46 7 51 64 27 91 15 59 28 39 47 37 31 62 26 92 61 22 93 4 12 9 96 5 19 82 81 79 52 48 49 21 38 58 34 56 18 55 68 33 10 2 23 86 45 32 94 3 35 90 76 54 97 41 8 95 24 42 11 77 98 6 89 71 0 40 88 50 17 66 83 16 85 65 99 70 13 20 72 73 75 29 
89 77 11 51 88 50 64 27 42 95 8 24 45 23 86 3 32 94 17 59 28 60 80 53 82 66 79 83 21 38 48 34 58 56 18 55 33 68 54 76 35 90 49 19 81 4 93 22 92 26 13 62 31 37 47 20 84 44 39 78 74 67 1 30 15 91 25 43 57 69 46 7 87 29 75 73 72 36 14 63 70 99 85 16 65 12 96 9 5 61 52 97 41 10 2 40 0 71 98 6 
34 58 56 18 38 48 52 83 35 54 3 59 17 32 94 86 45 23 33 68 76 49 21 79 82 63 14 26 13 62 31 37 20 84 44 53 80 60 28 15 91 27 40 71 0 98 6 89 77 11 51 50 88 57 69 46 7 1 74 67 78 36 47 72 87 29 75 73 39 30 25 43 64 42 24 8 95 2 10 97 41 55 9 12 4 93 85 16 99 70 65 19 22 61 92 5 96 81 66 90 
76 54 68 55 56 18 58 34 48 52 4 12 5 93 61 63 14 13 26 62 37 47 36 78 39 1 30 25 43 50 51 88 71 0 40 27 91 94 32 17 59 28 60 80 44 53 84 20 31 73 75 29 72 87 67 74 46 7 69 57 11 77 89 6 98 42 95 45 86 3 35 23 90 79 81 19 22 92 70 99 65 85 16 96 9 38 21 49 83 66 82 64 15 8 24 2 10 41 97 33 
27 91 17 59 28 60 80 53 44 84 20 47 37 31 62 26 13 92 61 22 93 4 19 81 83 52 79 66 90 35 3 86 23 45 94 32 15 30 25 43 69 7 46 1 74 67 87 29 72 73 75 36 78 39 64 50 88 51 77 11 89 6 98 0 71 42 95 24 8 10 2 41 97 33 68 54 76 49 21 38 58 56 18 55 34 9 48 5 96 12 82 63 14 70 99 65 16 85 57 40 
46 7 69 43 57 88 50 51 11 71 0 64 15 91 17 59 28 60 53 80 44 84 20 37 31 62 26 13 63 14 47 78 74 67 1 30 25 27 32 94 45 3 86 35 23 24 8 95 42 40 77 89 6 98 10 2 49 90 76 54 55 68 41 97 33 18 56 58 38 21 48 9 34 96 12 4 93 22 5 65 16 85 99 70 92 61 82 19 81 79 83 52 66 39 36 73 75 29 72 87 
27 91 32 94 86 3 17 59 28 60 80 82 22 12 4 93 19 81 79 66 90 35 23 2 10 76 54 33 68 97 41 55 56 18 58 38 48 52 83 49 21 34 9 96 5 16 85 65 99 70 13 26 62 14 63 92 61 78 1 74 67 87 72 73 75 29 20 36 39 44 84 53 37 47 31 30 43 57 88 50 64 71 51 11 77 89 98 6 0 42 40 95 24 8 45 15 25 69 7 46 
74 67 87 7 46 69 57 43 25 88 50 51 6 89 71 11 77 98 0 64 27 40 91 15 30 1 78 36 20 37 47 31 62 26 13 70 99 85 65 16 93 4 12 96 5 61 22 52 83 79 81 19 82 66 60 80 28 59 17 3 86 35 23 2 95 24 8 42 32 94 45 10 54 33 41 97 68 55 56 18 34 38 21 49 90 76 48 58 9 92 63 14 53 44 84 39 72 73 75 29 
32 45 94 3 86 23 35 76 54 49 21 48 38 58 56 18 34 9 12 4 93 22 61 92 14 62 26 13 70 99 65 85 16 5 96 81 79 66 59 17 91 27 64 40 0 71 50 51 11 77 6 98 89 88 25 43 57 69 7 46 67 74 78 36 47 37 80 53 60 28 15 30 1 87 72 73 75 29 20 84 44 39 31 63 19 82 52 83 90 33 68 55 97 41 10 2 8 24 95 42 
32 45 94 3 86 23 35 76 54 49 21 48 38 58 56 18 34 9 12 4 93 22 61 92 14 62 26 13 70 99 65 85 16 5 96 81 79 66 59 17 91 27 64 40 0 71 50 51 11 77 6 98 89 88 25 43 57 69 7 46 67 74 78 36 47 37 80 53 60 28 15 30 1 87 72 73 75 29 20 84 44 39 31 63 19 82 52 83 90 33 68 55 97 41 10 2 8 24 95 42 
63 14 26 62 13 70 92 61 22 93 4 12 96 9 34 58 38 48 21 49 83 79 90 35 86 3 23 45 95 42 76 54 33 68 55 18 56 97 41 10 2 24 8 27 32 94 15 91 17 59 28 60 80 44 53 84 20 37 47 36 78 39 30 1 74 67 87 29 73 72 75 7 46 69 43 25 64 50 51 88 57 71 0 40 98 6 89 77 11 66 81 52 19 82 5 16 85 65 99 31 
63 14 26 62 13 70 92 61 22 93 4 12 96 9 34 58 38 48 21 49 83 79 90 35 86 3 23 45 95 42 76 54 33 68 55 18 56 97 41 10 2 24 8 27 32 94 15 91 17 59 28 60 80 44 53 84 20 37 47 36 78 39 30 1 74 67 87 29 73 72 75 7 46 69 43 25 64 50 51 88 57 71 0 40 98 6 89 77 11 66 81 52 19 82 5 16 85 65 99 31 
12 4 93 5 96 9 38 21 49 48 34 58 56 18 41 97 68 33 54 76 90 66 79 81 83 52 22 61 92 63 26 13 62 31 37 47 36 78 74 67 87 72 73 75 29 20 84 53 80 60 28 59 17 32 94 45 3 86 23 35 2 10 95 24 8 42 0 71 11 77 89 6 98 25 43 69 46 7 57 50 51 88 64 91 27 40 15 30 1 39 44 14 65 85 16 99 70 19 82 55 
16 65 85 93 22 61 19 81 34 38 58 18 56 55 54 76 86 23 33 68 97 41 10 2 95 24 8 42 0 40 27 91 15 30 1 60 44 53 80 39 78 74 67 36 20 84 63 92 26 13 62 14 31 37 47 72 75 73 29 87 7 46 69 43 25 11 77 89 6 98 51 50 88 57 64 71 32 94 45 35 3 59 66 79 83 9 96 12 52 48 21 49 90 17 28 82 4 5 99 70 
36 47 37 31 62 14 26 13 70 12 4 93 22 61 92 63 84 20 78 87 67 1 30 15 91 27 40 32 94 17 59 28 60 80 53 44 39 74 72 73 75 29 46 7 69 43 57 88 51 50 64 25 77 11 71 6 89 98 0 42 2 86 3 35 90 66 19 81 83 79 49 21 76 54 68 33 23 45 95 24 8 10 41 97 55 56 18 58 38 34 48 52 9 96 5 16 65 85 99 82 
36 47 37 31 62 14 26 13 70 12 4 93 22 61 92 63 84 20 78 87 67 1 30 15 91 27 40 32 94 17 59 28 60 80 53 44 39 74 72 73 75 29 46 7 69 43 57 88 51 50 64 25 77 11 71 6 89 98 0 42 2 86 3 35 90 66 19 81 83 79 49 21 76 54 68 33 23 45 95 24 8 10 41 97 55 56 18 58 38 34 48 52 9 96 5 16 65 85 99 82 
78 74 1 30 15 91 27 64 50 51 88 11 77 89 6 98 71 40 0 42 95 24 8 2 10 45 35 23 86 3 59 28 39 44 84 20 36 47 37 31 62 26 92 63 14 13 70 99 65 85 16 93 22 83 48 21 49 66 79 81 52 58 34 38 55 33 41 97 68 76 54 56 18 9 96 12 4 5 61 19 82 80 53 60 90 32 94 17 25 43 69 57 46 7 87 67 29 75 73 72 
16 65 85 93 22 61 19 81 34 38 58 18 56 55 54 76 86 23 33 68 97 41 10 2 95 24 8 42 0 40 27 91 15 30 1 60 44 53 80 39 78 74 67 36 20 84 63 92 26 13 62 14 31 37 47 72 75 73 29 87 7 46 69 43 25 11 77 89 6 98 51 50 88 57 64 71 32 94 45 35 3 59 66 79 83 9 96 12 52 48 21 49 90 17 28 82 4 5 99 70 
78 36 47 37 31 62 26 13 70 99 85 65 16 96 5 93 4 12 9 34 58 21 76 35 3 86 94 32 45 23 33 68 55 54 59 17 91 27 64 50 25 43 30 1 74 67 87 72 73 29 75 14 63 92 61 22 19 81 83 79 82 66 90 49 52 48 38 56 18 97 41 10 2 24 8 95 42 0 71 98 6 89 51 77 11 88 57 69 46 7 28 60 80 53 44 20 84 39 15 40 
