5 0 33 97 20 27 28 26 19 15 34 40 50 49 30 79 21 73 55 22 61 36 75 82 45 69 39 87 25 80 48 65 6 23 2 38 72 70 32 63 24 7 66 85 98 35 53 67 95 59 68 86 12 3 8 58 56 51 43 89 10 4 18 29 92 17 83 94 31 9 96 42 99 81 54 60 57 16 64 71 88 52 84 74 90 44 62 41 77 91 76 13 1 93 47 14 46 37 78 11 
95 66 76 11 78 31 3 33 99 58 83 93 13 0 12 42 88 15 90 5 92 54 22 44 18 60 61 79 6 82 9 64 50 67 48 26 68 23 98 65 28 43 49 52 35 1 8 62 32 38 89 55 57 10 97 71 27 24 80 84 86 39 30 21 14 19 4 2 45 96 56 7 73 25 69 81 29 94 53 63 75 59 34 17 74 16 46 37 41 20 72 51 70 87 77 36 91 40 85 47 
21 30 53 67 93 1 10 89 66 26 13 40 83 99 16 44 77 8 23 3 54 81 33 68 2 95 65 9 90 85 72 55 76 46 43 56 88 5 35 28 69 31 98 37 18 92 52 94 91 6 42 7 80 22 36 27 63 34 58 47 4 61 11 39 79 50 60 86 75 70 38 97 29 14 84 78 64 59 25 15 12 17 62 20 57 74 71 82 45 51 19 32 24 48 96 41 49 87 73 0 
21 30 53 67 93 1 10 89 66 26 13 40 83 99 16 44 77 8 23 3 54 81 33 68 2 95 65 9 90 85 72 55 76 46 43 56 88 5 35 28 69 31 98 37 18 92 52 94 91 6 42 7 80 22 36 27 63 34 58 47 4 61 11 39 79 50 60 86 75 70 38 97 29 14 84 78 64 59 25 15 12 17 62 20 57 74 71 82 45 51 19 32 24 48 96 41 49 87 73 0 
91 26 86 12 99 28 94 47 16 55 77 8 18 73 5 43 83 64 20 54 39 78 14 22 9 57 10 48 98 34 1 59 32 71 89 21 97 15 27 53 24 92 13 50 35 52 38 96 29 3 81 74 95 85 40 62 41 11 69 44 76 33 23 25 93 2 63 79 90 49 45 31 61 67 51 68 88 66 70 37 58 36 87 6 84 72 4 80 82 30 7 75 65 17 60 19 56 46 42 0 
33 24 39 23 49 13 1 88 84 72 38 11 16 0 3 87 14 81 18 9 22 35 56 5 26 52 73 46 97 37 42 80 10 47 90 28 29 83 41 92 62 53 59 93 69 30 66 36 31 78 70 77 96 4 68 75 34 6 25 40 45 2 50 54 95 71 19 79 55 65 15 7 48 32 63 51 94 57 74 60 82 85 91 27 89 20 67 8 86 21 44 76 64 43 61 98 17 12 99 58 
78 79 48 7 6 45 84 52 71 67 88 13 90 36 83 72 8 56 9 73 44 24 43 41 82 3 94 19 11 15 66 97 64 17 22 35 12 14 77 91 32 98 5 46 18 47 20 2 28 31 60 99 23 68 51 75 80 65 25 26 95 92 61 85 27 40 39 42 29 58 62 16 33 34 53 10 38 89 63 49 93 37 54 76 55 21 59 86 69 1 87 74 81 96 0 57 50 4 30 70 
78 79 48 7 6 45 84 52 71 67 88 13 90 36 83 72 8 56 9 73 44 24 43 41 82 3 94 19 11 15 66 97 64 17 22 35 12 14 77 91 32 98 5 46 18 47 20 2 28 31 60 99 23 68 51 75 80 65 25 26 95 92 61 85 27 40 39 42 29 58 62 16 33 34 53 10 38 89 63 49 93 37 54 76 55 21 59 86 69 1 87 74 81 96 0 57 50 4 30 70 
22 49 18 10 58 62 17 37 61 90 13 32 81 74 27 97 23 57 24 50 30 71 55 4 52 96 9 7 44 5 48 82 25 38 77 69 87 66 2 39 75 11 64 0 86 72 28 70 85 95 45 40 15 36 20 33 65 56 47 51 63 8 1 29 91 94 46 54 79 12 43 21 78 59 76 93 31 41 19 92 14 3 83 89 53 88 35 34 68 60 26 67 98 80 6 73 84 16 42 99 
1 23 33 65 14 40 62 77 50 27 36 88 89 41 47 18 87 99 32 5 76 64 49 85 21 2 80 44 17 96 46 31 53 29 83 15 71 54 66 68 3 58 9 97 81 20 59 10 73 34 4 67 28 24 98 72 78 92 74 61 51 94 42 56 35 90 95 60 37 19 6 13 57 12 43 7 55 93 48 45 8 86 75 91 79 11 25 82 16 0 26 52 69 39 30 38 63 70 84 22 
66 40 49 45 61 6 82 73 63 35 86 5 20 75 41 42 38 59 90 95 29 58 43 81 8 19 93 85 79 97 9 83 2 92 56 28 89 18 54 37 72 88 11 39 57 94 33 96 62 30 25 99 16 55 22 67 34 77 74 69 53 80 12 76 50 13 3 17 71 14 47 21 23 78 27 60 36 48 84 52 24 26 10 4 65 1 46 68 91 64 51 32 15 98 70 7 44 31 0 87 
18 90 25 6 15 52 65 83 46 35 9 50 89 69 73 86 44 96 51 64 98 91 55 57 12 88 26 41 82 47 53 94 29 93 79 23 19 24 71 5 61 75 45 43 66 36 40 63 30 7 32 48 22 21 92 13 77 39 87 1 97 10 27 58 72 4 67 70 38 49 20 2 34 99 74 76 59 81 54 80 85 37 31 16 84 42 62 17 8 3 78 95 60 28 14 56 33 68 0 11 
12 80 75 62 41 49 64 4 34 67 57 22 27 98 20 50 5 84 54 77 91 33 43 60 36 48 0 28 21 24 47 83 11 38 73 76 66 40 7 95 89 59 97 51 58 3 68 56 15 46 23 53 87 26 74 14 61 39 9 8 86 92 79 1 44 94 25 37 29 16 81 96 17 31 35 63 72 45 10 19 71 65 93 55 69 52 30 82 32 13 18 90 2 85 88 70 6 78 42 99 
22 12 98 11 81 60 51 39 20 37 14 95 88 3 2 52 66 79 4 82 76 42 92 18 50 96 29 13 44 80 21 30 63 55 23 10 72 25 61 32 71 64 57 0 97 27 28 85 89 83 46 94 62 5 41 33 75 7 35 8 58 86 1 56 84 40 31 45 49 19 48 16 93 54 77 90 34 74 65 67 15 6 70 53 91 78 87 47 43 17 26 38 73 69 9 59 68 24 36 99 
40 55 70 14 88 68 33 75 8 5 0 18 87 80 23 26 16 66 35 79 28 91 25 71 11 22 36 94 52 19 59 81 34 9 84 7 83 89 61 93 1 90 65 48 27 21 64 15 85 6 77 44 73 63 24 2 72 46 38 60 51 49 30 58 3 20 62 69 67 32 4 45 50 42 82 74 54 41 53 76 10 47 12 31 39 13 98 57 17 99 29 37 92 96 43 56 78 86 95 97 
36 19 25 49 30 71 42 1 13 60 54 72 62 74 73 76 63 26 86 11 96 47 67 68 35 84 87 59 37 3 95 85 61 45 80 34 94 14 48 88 22 15 52 44 93 75 16 64 0 18 70 43 55 82 23 4 17 38 24 66 92 31 78 65 81 91 27 51 90 5 46 8 89 32 2 40 12 53 33 50 83 41 57 58 79 7 77 6 28 97 56 10 39 29 98 20 9 69 21 99 
17 9 27 3 49 36 18 29 81 83 33 24 63 58 40 59 97 84 82 22 96 73 11 69 16 56 31 41 65 86 95 42 19 38 12 37 72 30 90 54 94 21 35 89 93 75 79 88 13 57 34 51 92 28 60 61 14 70 91 62 87 15 32 52 20 85 43 23 45 74 80 64 78 55 25 66 77 5 39 76 71 50 44 67 68 53 48 46 47 98 10 0 8 7 6 4 2 1 99 26 
71 88 9 37 16 54 50 20 22 87 58 8 99 96 30 26 62 14 19 21 42 51 38 84 69 31 89 53 23 33 75 64 81 76 34 1 25 82 79 49 86 10 95 91 43 40 28 0 56 45 46 15 35 2 48 12 98 65 24 44 78 72 39 77 52 57 67 68 55 63 74 93 85 59 4 90 61 83 97 29 41 66 80 11 94 18 47 5 13 92 6 60 73 17 32 7 70 3 36 27 
81 68 3 60 18 75 87 90 35 26 45 1 64 16 91 25 21 93 34 83 2 38 14 33 47 74 30 10 58 86 48 80 32 13 55 19 77 96 39 11 69 94 72 27 36 84 73 67 66 71 57 6 40 70 65 95 28 79 42 59 4 24 89 52 12 92 54 7 50 62 37 46 56 49 41 20 78 43 61 88 5 82 22 17 8 85 23 98 44 15 9 63 29 53 99 31 51 97 76 0 
64 91 42 57 62 94 18 60 21 7 59 83 77 72 65 53 0 33 44 11 52 13 93 43 39 50 30 23 49 34 19 97 47 8 36 90 45 1 41 99 38 5 67 88 55 46 73 12 35 27 26 86 24 40 54 17 68 29 2 95 10 85 84 74 3 51 96 78 87 81 79 16 4 32 76 63 58 89 14 6 25 71 9 92 75 66 15 61 20 31 56 22 70 28 37 98 48 69 80 82 
48 83 18 26 67 98 76 64 38 89 30 11 17 80 86 85 4 51 32 56 59 8 21 77 46 97 19 47 90 40 25 16 81 1 27 5 53 72 50 74 45 24 22 96 60 69 87 84 33 42 95 36 34 55 75 62 35 70 7 63 14 41 94 37 78 52 65 44 0 99 92 31 10 68 58 91 61 49 71 12 28 88 43 15 2 82 20 13 29 54 79 6 3 66 73 57 9 39 23 93 
48 83 18 26 67 98 76 64 38 89 30 11 17 80 86 85 4 51 32 56 59 8 21 77 46 97 19 47 90 40 25 16 81 1 27 5 53 72 50 74 45 24 22 96 60 69 87 84 33 42 95 36 34 55 75 62 35 70 7 63 14 41 94 37 78 52 65 44 0 99 92 31 10 68 58 91 61 49 71 12 28 88 43 15 2 82 20 13 29 54 79 6 3 66 73 57 9 39 23 93 
76 71 26 75 45 86 88 20 63 35 28 51 67 39 74 70 82 53 12 8 96 2 24 6 32 36 9 23 61 55 40 19 66 87 58 73 69 42 31 84 95 59 10 7 21 30 15 33 44 91 54 56 94 79 29 60 38 49 65 25 93 50 68 13 17 81 27 11 43 77 92 16 47 34 85 1 90 64 80 18 89 22 48 62 83 78 98 46 57 37 52 99 14 72 4 3 0 97 5 41 
92 81 78 22 0 69 83 97 5 53 77 20 52 31 1 48 42 60 40 33 39 76 29 18 64 57 46 19 2 38 32 43 12 35 75 62 55 63 49 89 17 65 98 87 13 71 3 93 47 85 86 59 4 68 10 61 11 6 90 84 80 58 26 95 7 66 25 44 8 94 37 96 28 9 91 70 14 24 27 73 56 51 15 50 16 82 67 88 21 41 34 23 30 45 36 74 54 72 79 99 
59 19 11 10 7 38 1 14 9 5 27 31 75 57 48 56 83 81 18 40 53 0 62 97 25 50 36 2 80 41 64 16 46 74 34 12 20 79 72 70 39 66 35 68 78 43 4 94 89 26 24 30 22 6 28 55 58 92 71 42 99 17 52 76 65 21 88 69 33 47 82 73 51 8 85 49 44 45 95 29 98 90 13 77 61 37 91 54 84 87 96 15 93 63 23 86 67 32 60 3 
20 95 93 13 17 48 45 60 70 1 44 77 82 76 34 11 75 39 90 27 0 51 53 65 85 94 26 35 56 86 69 92 62 40 38 59 22 31 36 10 67 63 66 9 14 91 41 54 79 18 37 88 29 89 33 87 61 71 49 80 2 4 68 50 8 42 24 84 47 78 25 23 21 83 55 81 64 74 16 5 3 32 19 58 6 73 57 12 43 72 7 52 15 30 98 28 46 97 96 99 
90 32 49 25 2 95 23 39 47 46 58 56 11 34 3 24 76 59 50 75 66 19 4 99 18 87 48 70 72 53 29 94 81 38 51 21 57 68 7 63 85 98 0 26 64 16 62 5 8 41 83 97 9 45 91 14 28 10 54 92 31 12 42 89 43 67 69 96 13 20 74 1 33 30 17 73 22 84 60 93 61 79 80 35 27 44 55 36 37 88 6 77 52 86 65 15 78 82 40 71 
28 39 60 99 20 51 85 2 70 56 42 32 69 40 5 97 53 16 75 59 86 68 47 19 64 73 90 50 25 48 83 58 43 6 57 61 82 3 4 72 13 8 12 49 81 74 34 79 23 65 54 18 37 77 35 91 31 10 7 45 78 98 26 87 55 67 95 15 63 9 27 22 62 84 41 14 92 88 76 11 36 46 17 94 29 52 21 96 71 38 89 24 44 30 33 80 0 93 1 66 
19 10 87 8 95 32 67 28 7 85 23 62 50 24 27 12 54 44 5 15 76 65 20 59 90 31 97 63 33 71 45 11 68 46 70 61 93 1 42 17 37 53 38 21 81 99 74 73 79 86 40 77 91 35 14 47 98 51 2 13 52 36 80 92 56 83 26 30 84 78 60 64 49 34 48 75 82 22 96 3 94 43 4 55 66 18 6 0 58 89 88 16 39 25 29 72 69 41 57 9 
56 37 70 53 67 76 47 83 4 6 50 7 55 28 30 62 46 86 51 71 19 9 92 33 72 40 84 65 91 49 34 5 0 54 10 45 52 27 22 75 25 1 96 94 77 44 58 68 88 69 14 36 31 99 12 3 15 64 97 8 41 82 38 66 81 79 2 18 11 48 60 90 42 16 78 26 74 23 24 95 87 80 59 13 17 21 93 43 39 57 73 29 20 89 85 35 32 63 61 98 
65 85 89 22 9 57 73 67 70 40 83 51 82 87 80 11 49 44 17 94 29 50 62 96 20 18 91 8 76 60 59 55 90 6 74 34 13 3 1 10 72 43 30 61 31 71 37 54 45 48 27 79 19 42 38 68 66 64 5 33 63 26 41 88 56 24 86 52 23 2 47 69 75 92 99 53 28 93 21 12 16 97 14 58 46 0 25 98 81 77 36 32 7 39 78 4 35 15 95 84 
71 88 9 37 16 54 50 20 22 87 58 8 99 96 30 26 62 14 19 21 42 51 38 84 69 31 89 53 23 33 75 64 81 76 34 1 25 82 79 49 86 10 95 91 43 40 28 0 56 45 46 15 35 2 48 12 98 65 24 44 78 72 39 77 52 57 67 68 55 63 74 93 85 59 4 90 61 83 97 29 41 66 80 11 94 18 47 5 13 92 6 60 73 17 32 7 70 3 36 27 
37 14 36 45 69 33 66 90 46 85 86 53 26 99 3 43 92 2 22 7 21 71 98 18 17 81 23 63 48 6 67 4 60 47 41 11 0 56 1 94 93 87 9 20 61 52 91 19 65 50 57 79 72 32 10 89 15 59 77 42 40 82 28 96 84 34 25 76 5 8 83 16 29 80 35 13 49 27 38 64 78 55 75 51 12 74 44 62 73 54 70 68 24 88 39 31 30 97 58 95 
33 52 36 30 35 98 29 3 51 71 39 99 83 0 53 25 23 46 93 8 44 87 80 10 21 48 82 47 50 32 90 67 84 72 76 96 2 65 6 4 58 18 55 64 88 31 62 69 73 13 66 74 68 59 97 75 60 1 42 89 81 54 37 57 92 78 56 40 7 12 14 5 77 20 34 26 28 95 24 9 63 91 85 27 15 19 45 86 70 49 22 61 16 11 43 79 38 17 94 41 
89 84 3 83 22 61 10 30 49 65 43 26 34 70 27 94 54 0 37 81 87 32 44 96 25 53 64 56 28 14 85 67 68 95 76 91 79 5 41 55 13 38 51 35 78 50 72 88 60 90 74 6 39 16 99 82 59 46 7 66 69 80 45 19 48 62 21 42 58 92 18 4 52 31 17 47 93 98 20 9 33 8 12 71 24 63 15 57 77 73 97 23 40 29 36 86 2 1 75 11 
85 28 95 70 88 41 9 71 35 55 60 79 67 44 16 17 43 98 24 66 5 18 32 93 27 12 61 96 51 65 91 13 73 2 90 38 33 57 7 21 45 22 20 74 68 89 1 63 49 97 72 86 77 19 69 25 39 36 84 50 10 59 53 23 3 83 46 82 62 14 81 37 31 4 99 42 54 47 78 76 26 8 6 92 34 64 58 94 11 52 48 15 75 30 29 0 56 80 87 40 
28 74 49 33 4 52 82 37 5 30 32 16 96 6 20 76 91 93 40 38 85 2 55 80 64 41 54 13 43 19 70 8 21 48 65 84 60 89 58 57 47 26 9 18 39 35 61 17 81 94 63 99 10 68 11 69 92 42 83 75 72 1 27 3 79 44 36 24 15 14 97 23 77 7 62 25 31 34 88 71 53 66 67 86 45 95 51 12 50 78 90 22 59 98 73 56 0 46 29 87 
31 93 60 30 49 33 5 27 36 67 12 59 17 92 18 20 73 61 50 62 41 56 79 80 42 77 29 44 69 37 46 9 99 19 90 74 76 63 94 2 15 6 88 87 54 47 86 10 13 98 64 22 97 8 68 25 35 38 43 95 78 52 82 58 26 85 96 72 40 81 28 70 4 66 21 16 91 32 57 75 48 53 51 89 84 55 7 34 83 14 1 11 71 24 65 3 45 39 23 0 
31 93 60 30 49 33 5 27 36 67 12 59 17 92 18 20 73 61 50 62 41 56 79 80 42 77 29 44 69 37 46 9 99 19 90 74 76 63 94 2 15 6 88 87 54 47 86 10 13 98 64 22 97 8 68 25 35 38 43 95 78 52 82 58 26 85 96 72 40 81 28 70 4 66 21 16 91 32 57 75 48 53 51 89 84 55 7 34 83 14 1 11 71 24 65 3 45 39 23 0 
31 18 28 58 54 44 65 91 82 6 90 52 59 60 48 23 32 41 12 70 67 94 57 81 3 8 34 17 38 73 62 9 84 16 79 10 30 45 88 5 87 93 89 4 49 96 50 21 37 42 66 56 7 26 69 80 19 0 71 29 33 20 13 75 78 24 68 61 64 77 76 85 99 1 74 27 15 36 40 39 55 22 53 35 25 51 98 63 43 86 11 2 72 97 83 46 95 14 92 47 
24 5 28 48 60 20 84 26 83 91 15 3 19 93 74 87 79 99 42 40 32 41 70 7 0 98 59 78 46 67 75 73 56 12 55 8 37 10 88 30 71 6 39 65 69 90 57 52 11 45 49 53 18 66 64 31 35 50 63 86 61 38 1 21 94 54 17 16 81 80 44 82 36 22 14 97 33 29 77 25 23 2 89 47 62 96 92 34 72 51 43 68 4 85 27 95 9 76 13 58 
74 22 55 75 10 51 72 65 78 35 4 6 77 5 94 99 97 42 33 83 91 38 57 41 37 63 23 34 81 40 76 1 70 14 30 90 62 60 47 9 54 79 8 87 45 82 69 27 89 26 46 12 19 44 52 11 50 88 96 66 85 17 73 43 58 49 36 64 24 98 13 15 93 39 71 95 29 2 0 86 61 53 20 92 56 21 80 32 68 3 28 31 18 67 59 84 25 16 7 48 
17 1 4 72 40 41 24 74 25 82 44 16 54 59 31 87 89 81 29 48 49 84 95 60 50 91 21 78 52 75 22 98 30 10 2 70 58 14 8 97 63 38 85 65 79 20 67 32 39 7 35 6 77 46 47 86 3 61 73 56 94 90 99 42 5 45 62 9 18 19 27 69 64 36 83 68 53 93 11 43 88 96 12 26 33 51 23 66 13 15 76 28 71 55 34 57 37 80 92 0 
92 14 37 0 9 41 53 96 27 10 38 39 90 50 33 74 11 20 31 56 89 81 12 51 75 24 13 82 48 32 35 70 46 2 23 76 16 83 95 72 59 40 22 99 17 86 29 3 19 28 85 73 21 4 61 71 84 66 26 63 80 30 55 34 93 65 87 49 36 91 6 52 43 60 44 69 45 5 68 54 67 98 79 64 57 8 62 77 78 18 15 58 1 25 47 88 7 97 42 94 
26 89 4 85 23 1 22 27 12 74 19 94 30 49 37 46 58 15 79 66 8 18 41 16 78 2 10 53 98 81 68 20 5 83 40 65 87 45 42 3 77 31 71 6 86 29 97 52 9 47 59 14 55 51 33 44 61 72 17 64 25 80 62 28 96 39 11 75 76 82 60 48 70 95 13 7 93 54 0 35 43 24 92 34 57 32 56 38 91 21 84 90 88 69 73 50 67 63 36 99 
86 30 63 75 6 58 13 39 16 46 74 7 35 50 71 73 8 38 65 60 9 40 72 54 24 49 88 41 43 3 11 91 18 14 51 68 12 82 62 27 15 26 80 34 17 83 94 5 2 59 79 32 21 33 42 56 78 48 22 36 23 53 64 84 93 25 44 97 28 20 31 66 37 90 4 67 47 81 57 52 55 99 87 77 61 69 70 10 85 95 89 29 96 98 0 19 76 1 45 92 
44 69 18 66 96 20 95 43 70 81 14 58 77 35 38 51 36 98 2 39 55 3 93 60 0 59 88 29 92 45 7 61 65 80 5 15 42 50 17 62 75 87 53 68 9 40 57 31 91 85 86 30 90 89 32 25 49 76 73 6 11 84 1 74 83 13 26 10 82 28 46 16 21 23 79 71 78 67 12 48 24 4 72 54 64 99 33 56 52 22 37 47 41 63 27 97 8 94 19 34 
80 32 18 79 46 63 19 73 88 57 54 55 87 64 43 76 35 10 34 72 75 65 15 39 82 5 44 85 96 97 86 13 67 58 42 56 66 45 7 4 28 21 98 70 6 17 53 83 77 25 52 31 93 33 71 9 69 94 74 62 40 27 49 92 90 60 29 99 24 12 51 91 8 14 41 16 81 37 36 47 0 11 78 84 61 23 22 2 59 95 1 48 38 50 26 3 20 89 30 68 
93 53 17 32 92 45 87 75 22 3 59 0 11 51 65 80 21 5 54 99 90 4 38 41 9 89 20 95 27 18 7 66 30 96 78 8 43 33 19 82 85 94 31 13 37 97 98 79 57 39 77 40 76 70 48 23 25 34 47 6 74 69 15 44 55 12 58 63 73 35 72 56 62 91 14 68 67 86 42 81 60 26 88 1 50 49 24 28 46 83 29 84 10 52 71 61 16 64 36 2 
0 47 76 56 29 37 45 73 21 12 11 75 80 70 9 14 5 84 58 36 78 65 98 60 23 34 40 85 41 55 89 63 66 13 71 81 95 72 53 8 64 38 51 26 6 62 49 42 44 19 1 52 61 93 39 22 57 18 10 16 54 97 43 86 87 79 28 33 92 17 31 7 20 3 96 2 27 91 24 32 4 90 69 74 83 77 46 94 48 30 15 35 68 82 88 25 50 67 59 99 
0 47 76 56 29 37 45 73 21 12 11 75 80 70 9 14 5 84 58 36 78 65 98 60 23 34 40 85 41 55 89 63 66 13 71 81 95 72 53 8 64 38 51 26 6 62 49 42 44 19 1 52 61 93 39 22 57 18 10 16 54 97 43 86 87 79 28 33 92 17 31 7 20 3 96 2 27 91 24 32 4 90 69 74 83 77 46 94 48 30 15 35 68 82 88 25 50 67 59 99 
95 76 1 69 44 57 28 79 46 9 94 8 49 35 29 60 52 61 93 62 92 99 90 53 71 89 86 18 88 39 19 58 98 48 63 85 64 27 14 87 83 7 43 96 70 15 81 10 80 25 78 2 77 45 84 74 97 41 3 72 68 67 32 59 66 30 91 21 23 24 56 5 37 55 54 51 50 73 82 4 40 65 36 75 33 31 6 26 22 47 17 16 13 11 12 0 42 34 38 20 
92 96 80 47 44 2 55 85 51 25 34 4 95 67 18 42 94 46 61 62 14 12 65 93 52 22 50 79 91 73 72 3 28 5 90 56 19 89 29 82 49 15 48 6 88 13 87 45 40 36 78 63 86 10 7 69 84 33 83 23 30 27 8 1 81 53 59 77 37 58 11 9 76 75 98 64 71 17 70 68 43 20 66 24 60 21 57 97 41 39 26 38 35 32 31 54 0 99 16 74 
53 48 91 74 84 8 44 19 88 59 3 67 93 27 51 92 37 77 6 58 39 50 18 32 85 4 1 21 79 38 47 17 90 13 25 45 76 22 80 11 60 10 95 52 63 87 40 65 78 55 7 82 69 96 72 9 83 5 73 16 81 35 66 2 56 98 71 41 46 54 15 86 24 70 49 20 33 43 64 57 62 31 23 61 12 28 34 26 94 36 30 42 14 97 75 89 29 0 99 68 
31 18 28 58 54 44 65 91 82 6 90 52 59 60 48 23 32 41 12 70 67 94 57 81 3 8 34 17 38 73 62 9 84 16 79 10 30 45 88 5 87 93 89 4 49 96 50 21 37 42 66 56 7 26 69 80 19 0 71 29 33 20 13 75 78 24 68 61 64 77 76 85 99 1 74 27 15 36 40 39 55 22 53 35 25 51 98 63 43 86 11 2 72 97 83 46 95 14 92 47 
33 53 95 77 63 87 76 84 9 31 46 94 97 1 19 71 42 18 54 29 15 38 56 39 60 78 47 23 85 50 30 80 41 57 25 67 96 21 24 43 16 99 2 10 68 12 49 81 34 90 66 89 26 58 14 93 91 37 83 6 32 7 17 92 69 64 79 55 86 51 40 3 28 88 62 27 52 36 75 72 61 22 35 70 74 82 48 11 4 65 13 73 45 8 5 59 20 44 98 0 
18 56 74 15 36 25 40 31 82 34 32 60 77 75 14 93 69 57 66 81 21 46 4 58 54 59 41 24 11 29 87 43 12 71 35 70 2 63 48 23 98 26 8 6 3 67 20 96 64 22 44 52 80 85 68 72 51 37 42 33 50 9 10 90 30 79 38 83 5 95 97 19 7 49 17 86 55 28 0 89 94 39 73 76 16 92 27 53 91 1 88 45 61 62 84 78 65 47 13 99 
92 14 37 0 9 41 53 96 27 10 38 39 90 50 33 74 11 20 31 56 89 81 12 51 75 24 13 82 48 32 35 70 46 2 23 76 16 83 95 72 59 40 22 99 17 86 29 3 19 28 85 73 21 4 61 71 84 66 26 63 80 30 55 34 93 65 87 49 36 91 6 52 43 60 44 69 45 5 68 54 67 98 79 64 57 8 62 77 78 18 15 58 1 25 47 88 7 97 42 94 
3 85 72 26 78 50 66 70 41 16 4 10 58 19 24 5 21 81 91 83 54 14 23 40 90 6 95 8 7 48 63 59 9 62 79 45 25 93 57 0 12 86 33 87 76 37 73 35 34 13 15 51 61 42 89 17 28 52 44 82 18 47 80 94 20 32 22 65 46 29 27 67 68 56 71 30 31 84 49 88 36 69 38 39 92 43 2 53 60 96 64 74 75 11 97 98 99 1 77 55 
22 24 72 93 14 81 69 11 6 47 37 17 89 45 86 66 18 78 48 5 77 60 88 71 75 59 67 85 20 0 56 40 9 62 87 61 70 25 64 4 3 53 63 34 28 26 55 91 83 42 41 39 30 38 13 76 82 74 32 97 51 79 49 35 33 16 15 73 44 31 7 29 54 19 68 96 58 23 57 84 8 2 94 43 98 12 1 36 27 21 50 90 95 10 65 80 92 99 46 52 
22 24 72 93 14 81 69 11 6 47 37 17 89 45 86 66 18 78 48 5 77 60 88 71 75 59 67 85 20 0 56 40 9 62 87 61 70 25 64 4 3 53 63 34 28 26 55 91 83 42 41 39 30 38 13 76 82 74 32 97 51 79 49 35 33 16 15 73 44 31 7 29 54 19 68 96 58 23 57 84 8 2 94 43 98 12 1 36 27 21 50 90 95 10 65 80 92 99 46 52 
7 6 87 1 66 65 56 72 22 2 97 85 44 54 13 23 20 71 82 10 59 18 37 67 57 78 25 35 26 76 84 61 77 60 55 41 47 27 53 28 45 30 34 43 29 33 69 92 52 0 14 81 36 12 48 96 93 19 40 73 16 79 11 49 50 74 62 17 99 9 94 75 63 24 4 38 80 90 88 83 39 31 91 3 98 86 8 15 42 64 70 68 95 21 51 46 89 5 58 32 
39 40 43 42 91 14 24 32 70 99 46 95 47 96 1 75 30 10 8 16 53 98 66 7 90 55 34 73 57 87 97 86 67 23 59 94 33 74 93 29 62 31 88 54 92 65 68 35 89 51 72 78 76 38 25 80 81 2 52 12 85 20 77 56 5 84 26 13 60 83 19 71 82 28 79 41 45 50 58 15 69 48 6 49 21 36 64 63 9 22 61 11 44 37 17 27 18 0 4 3 
39 40 43 42 91 14 24 32 70 99 46 95 47 96 1 75 30 10 8 16 53 98 66 7 90 55 34 73 57 87 97 86 67 23 59 94 33 74 93 29 62 31 88 54 92 65 68 35 89 51 72 78 76 38 25 80 81 2 52 12 85 20 77 56 5 84 26 13 60 83 19 71 82 28 79 41 45 50 58 15 69 48 6 49 21 36 64 63 9 22 61 11 44 37 17 27 18 0 4 3 
20 0 15 80 51 23 32 60 37 41 1 7 2 91 50 14 3 8 98 49 4 26 67 5 34 66 63 25 6 36 9 22 73 81 10 62 38 11 90 54 12 16 47 77 13 17 76 89 95 64 53 43 18 71 79 19 21 96 24 97 27 44 68 35 28 29 55 30 70 85 31 83 33 58 92 87 39 61 40 42 45 48 46 82 52 56 57 88 59 65 69 72 74 75 78 84 86 93 94 99 
52 93 20 62 45 17 58 96 34 69 2 80 5 68 77 85 24 39 29 81 14 37 79 61 47 3 71 40 27 65 90 46 7 76 38 97 18 31 94 9 54 32 53 28 36 70 73 6 72 78 4 43 92 15 67 8 12 56 50 60 30 63 98 42 57 84 13 86 35 89 10 1 75 44 41 16 88 48 22 99 64 91 19 25 82 21 51 83 66 33 23 26 59 95 49 55 0 87 11 74 
52 93 20 62 45 17 58 96 34 69 2 80 5 68 77 85 24 39 29 81 14 37 79 61 47 3 71 40 27 65 90 46 7 76 38 97 18 31 94 9 54 32 53 28 36 70 73 6 72 78 4 43 92 15 67 8 12 56 50 60 30 63 98 42 57 84 13 86 35 89 10 1 75 44 41 16 88 48 22 99 64 91 19 25 82 21 51 83 66 33 23 26 59 95 49 55 0 87 11 74 
59 49 5 58 8 41 55 74 75 14 54 92 82 78 64 94 22 61 13 27 46 80 31 6 50 43 83 45 39 66 25 98 16 56 76 99 10 65 7 48 30 32 17 1 87 90 91 79 97 52 19 11 18 9 44 12 67 33 47 29 96 69 2 63 86 57 35 51 24 21 71 36 73 85 95 37 28 89 23 88 93 3 70 62 40 26 38 84 60 42 81 34 77 68 4 72 53 15 20 0 
31 42 81 16 50 38 33 5 83 79 47 99 71 58 62 54 25 59 73 15 37 63 77 36 74 76 40 97 27 56 72 39 93 22 61 69 75 29 6 88 13 52 30 23 41 80 82 53 9 55 64 60 98 66 57 92 32 14 46 34 85 44 28 89 65 26 90 11 35 7 20 78 87 45 12 10 96 17 91 2 49 94 18 68 95 67 48 24 86 51 1 21 84 4 70 3 43 19 8 0 
81 40 72 74 25 6 8 53 15 33 36 62 85 32 24 91 1 12 83 29 54 94 70 41 35 45 60 59 69 55 2 19 39 23 11 27 46 42 84 20 3 5 99 51 4 95 92 67 63 56 68 49 58 17 31 77 75 52 7 73 9 47 78 21 43 10 86 28 88 66 13 98 14 89 22 37 16 71 48 18 26 57 87 65 79 30 34 50 38 90 44 80 61 64 76 82 93 96 97 0 
36 56 43 45 4 86 92 91 42 22 52 24 51 77 35 83 31 13 14 34 48 53 46 0 30 82 10 98 40 71 80 62 27 19 33 32 63 50 89 1 25 74 69 78 57 17 59 68 12 97 44 79 3 94 95 70 38 58 88 65 5 21 93 99 29 47 41 84 55 26 6 66 23 54 87 81 7 85 73 72 8 76 64 90 9 11 60 67 15 39 16 37 18 28 20 49 61 75 96 2 
72 2 63 9 46 55 98 37 52 53 3 34 79 73 97 4 24 23 16 5 18 48 94 20 70 65 30 68 31 83 89 6 56 51 7 38 22 36 11 17 60 80 12 32 43 8 10 29 93 13 57 40 92 96 14 15 66 95 59 42 44 88 49 67 69 82 19 21 50 27 25 33 81 26 87 90 85 28 35 99 74 77 39 41 78 45 62 76 75 47 54 58 71 91 61 64 0 86 1 84 
85 68 89 45 41 0 83 27 57 18 6 93 64 56 90 7 21 61 24 17 33 91 23 34 75 48 67 78 55 22 65 77 8 15 52 46 13 96 94 62 9 20 38 70 32 66 79 72 35 10 73 81 87 63 14 11 31 82 42 47 59 43 50 30 12 29 16 3 37 92 25 80 69 54 74 44 84 36 60 95 26 1 39 40 71 49 19 51 58 5 86 88 4 76 99 2 53 98 97 28 
84 90 42 69 82 88 96 29 46 36 48 92 61 55 80 85 63 98 49 26 75 18 94 67 8 73 4 19 10 56 17 59 53 34 81 12 71 50 97 20 68 66 83 11 0 54 40 23 91 38 62 79 58 89 95 99 22 52 27 5 45 78 15 7 21 33 14 64 41 87 37 65 1 93 74 30 28 77 43 51 13 32 35 25 2 86 3 60 57 9 39 76 6 16 44 72 24 70 31 47 
81 57 41 78 33 21 22 9 80 75 24 59 65 10 89 53 84 3 64 83 1 67 91 17 29 8 51 68 79 58 55 38 42 50 90 88 47 74 14 72 32 6 16 36 73 87 70 40 30 23 61 92 66 43 54 44 26 77 62 25 2 85 49 5 56 15 95 76 4 28 71 31 45 39 69 19 35 13 63 27 7 12 20 94 11 52 99 46 96 34 18 60 37 98 86 48 82 0 97 93 
20 55 62 40 76 47 53 18 22 4 0 54 37 91 33 1 74 6 69 81 51 29 41 44 87 64 77 9 2 28 89 97 3 83 84 48 65 30 31 34 5 39 38 82 61 19 71 8 13 7 49 26 59 14 56 10 80 73 52 42 11 88 78 58 12 85 15 72 35 68 16 86 25 46 27 94 17 96 63 95 21 57 23 24 70 32 60 66 36 99 43 45 50 92 67 75 79 90 93 98 
77 33 42 1 60 28 97 46 63 61 96 88 36 48 54 41 82 45 55 95 71 23 4 72 85 31 5 20 44 13 37 83 56 8 51 67 35 10 17 86 94 16 22 50 75 39 93 78 58 6 57 84 18 92 24 91 73 9 65 11 40 7 70 12 90 76 14 0 79 34 89 47 49 87 19 15 38 53 59 29 81 43 80 25 64 74 99 26 68 2 66 62 21 98 32 30 27 3 69 52 
54 63 92 33 14 99 0 85 88 15 48 72 69 39 9 45 74 87 68 10 19 50 32 80 24 38 76 93 84 36 47 83 29 41 95 58 67 98 25 61 20 40 7 97 8 52 13 77 49 6 5 81 28 1 75 96 42 21 51 43 34 65 53 56 71 94 62 86 35 57 37 17 18 26 2 16 64 60 82 91 70 90 31 23 79 89 30 3 12 59 44 78 66 73 22 55 27 46 4 11 
86 59 71 4 39 75 37 9 32 47 96 61 80 74 82 77 16 58 21 95 7 60 88 91 18 14 92 2 22 23 78 72 98 53 38 26 55 24 12 56 43 51 63 27 28 46 93 42 81 64 69 40 79 73 62 90 50 54 29 35 10 70 31 85 33 52 97 76 11 17 87 15 44 84 49 34 48 19 6 66 20 68 83 94 25 65 0 8 5 36 57 45 89 1 30 13 67 99 3 41 
90 24 69 72 6 89 2 8 66 75 64 53 50 0 1 46 63 40 76 11 88 9 54 91 86 22 27 82 13 43 57 56 14 73 36 85 59 49 15 58 47 41 3 20 98 67 17 18 83 19 81 38 21 7 37 35 10 4 34 55 80 23 79 60 29 28 31 84 32 33 5 12 97 44 74 71 45 87 26 70 65 62 51 52 61 16 96 42 78 39 25 94 95 93 30 48 92 68 77 99 
13 65 91 51 26 30 32 73 88 28 81 96 9 79 7 72 70 47 36 1 92 77 17 98 12 19 10 0 3 23 50 84 45 82 49 24 89 35 11 97 27 34 68 54 60 95 4 57 31 87 33 78 55 62 74 61 21 18 46 69 83 39 25 20 5 94 85 93 71 16 44 43 22 6 56 58 8 59 48 90 66 52 14 75 63 86 40 2 29 80 41 37 38 76 42 67 53 64 99 15 
71 25 89 4 45 38 88 5 26 51 68 95 3 66 94 77 36 69 8 62 15 42 24 6 74 60 40 18 59 17 47 70 23 44 39 11 73 85 57 20 54 61 52 98 7 72 48 75 34 97 41 82 91 80 49 31 9 90 78 13 28 50 43 83 19 92 37 79 30 12 1 0 16 96 76 86 81 2 22 55 58 93 35 87 64 14 29 53 63 32 21 84 46 56 27 33 99 65 67 10 
46 98 8 2 85 49 70 24 80 17 19 87 48 57 5 32 28 50 23 66 83 94 37 82 61 62 65 55 44 0 52 39 36 79 97 64 26 71 33 12 77 60 31 84 91 54 96 67 4 86 92 14 69 35 56 29 95 9 45 40 63 73 16 22 93 3 75 90 47 68 42 59 76 89 7 78 27 15 88 6 21 34 81 41 11 10 51 18 74 72 43 58 20 13 53 25 38 30 1 99 
97 3 8 70 59 71 49 20 1 46 64 51 29 78 69 21 26 9 73 48 75 23 5 19 40 96 79 7 83 60 13 37 30 28 6 67 43 38 85 17 95 35 66 88 90 87 74 55 56 0 94 16 24 2 10 34 61 44 54 45 50 14 82 57 65 27 58 15 86 68 93 33 81 47 18 92 41 11 25 4 91 63 32 12 76 89 62 39 84 42 80 52 31 22 77 72 53 36 99 98 
88 50 85 79 69 59 40 14 8 7 75 82 31 96 41 72 64 5 33 95 84 6 25 36 26 51 12 42 94 56 39 13 19 27 76 53 58 22 23 17 15 68 93 38 54 5