74 78 36 20 84 44 53 82 79 81 83 52 9 48 34 38 58 18 56 55 68 33 41 97 76 54 86 3 17 59 28 60 80 39 37 47 73 72 29 75 67 1 25 43 69 46 7 87 31 62 13 26 14 63 92 61 22 4 93 19 65 99 70 16 85 5 96 12 21 49 90 45 94 32 40 27 91 15 11 77 51 50 88 57 64 0 71 89 6 98 42 95 8 24 2 10 35 23 66 30 
16 65 85 99 70 13 26 14 63 92 61 22 93 4 12 5 49 21 83 82 79 81 19 52 48 9 96 34 38 58 18 56 55 68 33 41 10 23 35 76 54 97 2 24 8 95 42 40 64 27 91 15 78 74 67 87 72 73 75 29 7 46 69 57 88 51 11 77 89 6 98 71 0 50 43 25 30 1 39 47 37 20 84 44 80 60 53 59 17 94 32 45 3 86 90 66 28 36 62 31 
16 65 85 99 70 13 26 14 63 92 61 22 93 4 12 5 49 21 83 82 79 81 19 52 48 9 96 34 38 58 18 56 55 68 33 41 10 23 35 76 54 97 2 24 8 95 42 40 64 27 91 15 78 74 67 87 72 73 75 29 7 46 69 57 88 51 11 77 89 6 98 71 0 50 43 25 30 1 39 47 37 20 84 44 80 60 53 59 17 94 32 45 3 86 90 66 28 36 62 31 
95 24 8 42 0 71 51 50 64 25 43 30 1 74 67 36 84 44 53 80 60 28 17 59 94 32 45 86 3 90 35 23 33 68 97 41 10 2 9 96 12 4 93 22 61 85 16 65 99 70 13 26 92 63 14 62 37 47 20 31 87 72 73 75 29 7 46 69 57 88 11 77 89 6 98 40 27 91 15 39 78 82 19 81 79 83 49 21 48 52 34 58 38 56 18 55 76 54 66 5 
84 20 44 53 80 60 28 66 79 81 83 52 48 38 21 49 76 54 68 33 35 3 86 94 23 45 95 89 77 11 51 50 64 25 43 67 87 74 39 78 1 30 15 91 27 40 0 71 8 24 2 10 41 97 55 56 18 58 34 9 93 4 12 96 5 61 22 19 82 92 63 14 26 13 62 31 37 47 36 72 73 75 29 7 46 69 57 88 98 6 42 32 17 59 90 99 65 85 16 70 
66 80 60 28 17 59 15 91 27 32 94 3 35 90 49 83 81 79 52 48 38 58 18 56 55 68 33 54 76 97 41 10 2 23 45 86 95 24 8 42 40 0 71 51 50 88 57 25 43 69 46 7 87 72 29 75 73 37 47 36 67 74 1 78 39 30 64 11 77 89 6 98 44 84 20 53 63 14 92 13 26 62 31 16 85 65 99 70 61 19 22 93 4 12 96 21 34 9 5 82 
87 67 74 30 1 15 91 27 64 57 88 51 50 11 77 71 0 40 32 94 45 86 3 35 90 66 79 81 9 96 12 4 93 22 61 92 63 14 26 13 62 31 37 20 84 44 53 80 59 17 28 60 39 78 36 47 72 73 75 29 46 7 69 43 25 98 89 6 42 95 24 8 97 41 68 54 33 10 2 23 76 55 58 56 18 21 48 38 49 83 52 34 5 16 85 65 99 70 82 19 
87 67 74 30 1 15 91 27 64 57 88 51 50 11 77 71 0 40 32 94 45 86 3 35 90 66 79 81 9 96 12 4 93 22 61 92 63 14 26 13 62 31 37 20 84 44 53 80 59 17 28 60 39 78 36 47 72 73 75 29 46 7 69 43 25 98 89 6 42 95 24 8 97 41 68 54 33 10 2 23 76 55 58 56 18 21 48 38 49 83 52 34 5 16 85 65 99 70 82 19 
27 91 15 17 94 32 45 95 24 8 40 0 50 51 88 25 43 57 69 46 7 67 74 78 39 36 47 37 20 84 44 53 80 60 28 59 3 90 35 86 23 33 54 76 83 81 93 5 12 4 19 22 96 34 18 56 38 58 48 9 52 21 49 55 68 97 41 10 2 42 71 89 6 98 77 11 64 30 1 87 29 75 72 73 31 14 63 92 70 26 13 62 65 16 85 99 61 82 66 79 
22 93 4 19 81 63 92 26 62 13 70 99 65 85 16 5 96 12 52 83 49 21 38 58 56 18 34 48 54 33 41 97 68 55 90 35 86 23 45 94 32 17 59 28 60 80 53 44 84 20 36 78 72 73 75 29 87 1 74 67 15 27 91 88 57 43 25 64 50 71 51 0 40 42 95 24 8 2 10 98 6 89 77 11 7 46 69 30 39 47 37 31 14 61 82 79 66 3 76 9 
58 34 48 52 81 4 5 96 12 93 22 19 79 83 49 21 76 54 33 68 55 56 18 38 97 41 10 2 23 86 35 90 66 59 28 44 80 60 30 1 74 67 87 29 72 75 73 36 47 37 31 62 13 26 63 14 84 20 78 46 7 69 57 88 11 77 89 6 98 71 51 50 64 27 40 32 94 45 95 24 8 42 0 39 15 25 43 91 17 3 82 92 70 99 65 85 16 61 53 9 
67 74 1 30 25 50 88 51 11 77 89 6 98 0 91 15 59 28 80 60 53 44 39 78 36 20 14 63 92 61 22 93 5 12 4 19 81 79 83 52 49 21 48 34 58 38 56 18 55 68 97 41 10 2 45 32 94 86 35 3 23 33 54 76 90 17 27 64 42 8 24 95 40 71 57 69 7 46 43 73 72 29 87 75 37 47 84 31 26 13 62 70 99 65 85 16 96 9 82 66 
84 36 31 37 63 92 26 13 70 99 65 16 85 19 22 61 12 4 93 5 96 9 48 34 38 58 56 18 55 68 33 97 41 10 2 86 3 35 23 94 17 59 28 60 44 53 80 39 78 67 74 1 30 15 91 40 0 71 11 77 89 6 98 69 46 7 87 72 73 29 75 47 20 14 62 25 43 57 88 51 50 64 27 32 45 95 8 24 42 76 54 49 21 83 52 81 79 82 66 90 
98 6 89 77 11 71 3 86 23 45 32 94 35 33 76 54 68 55 18 56 58 38 21 49 83 52 5 22 61 92 14 63 53 80 60 28 59 17 15 64 88 50 51 43 25 57 69 1 30 67 74 78 36 47 84 20 37 31 62 26 13 70 99 65 16 85 93 4 12 96 9 48 34 90 66 79 81 19 82 72 73 75 29 87 7 46 39 44 27 91 40 42 8 24 95 2 10 97 41 0 
59 17 3 86 35 76 90 21 49 79 81 19 83 52 4 93 22 61 92 63 14 20 84 44 80 53 60 39 78 36 74 67 87 1 30 15 91 27 40 0 42 95 24 8 2 10 41 97 33 54 55 68 38 48 58 34 9 65 16 85 99 70 13 26 62 31 37 47 73 75 29 72 46 7 69 57 43 25 64 50 88 51 71 11 77 89 6 98 94 32 45 23 82 66 28 5 96 12 18 56 
11 77 89 6 98 42 95 8 24 45 86 94 32 40 0 71 51 50 64 88 57 69 43 25 30 1 74 78 39 36 47 37 31 20 84 44 80 60 28 59 17 3 35 23 54 76 90 49 21 38 34 58 96 12 5 93 4 19 22 61 92 63 14 26 13 62 73 75 29 72 87 67 46 7 15 91 27 2 10 41 97 68 33 55 56 18 83 79 66 53 82 81 52 48 9 16 85 99 65 70 
53 80 60 28 59 17 94 35 3 86 23 45 32 40 27 15 30 1 78 74 67 7 46 69 57 51 88 50 64 43 25 91 42 0 71 11 77 89 98 6 95 8 24 2 10 33 68 97 41 55 56 18 58 38 21 49 48 9 96 12 5 93 4 19 81 83 52 79 66 82 61 22 85 16 65 99 70 13 26 62 31 37 47 20 84 44 39 36 72 73 75 29 87 63 92 14 76 54 34 90 
14 26 47 20 37 31 62 13 99 65 85 16 5 93 22 61 63 19 4 12 96 9 34 48 21 49 38 58 18 56 55 68 54 76 90 86 3 35 23 2 10 41 97 33 24 8 95 42 11 51 88 50 64 25 43 57 69 46 7 87 67 74 78 36 44 80 53 82 66 79 83 52 81 60 28 17 94 32 59 15 91 27 40 0 71 77 89 6 98 45 30 1 39 72 73 75 29 84 92 70 
61 92 63 14 26 62 13 70 99 65 16 85 5 93 4 52 83 49 79 81 84 44 53 20 37 31 47 36 78 74 67 87 29 73 72 75 46 7 30 1 28 60 80 59 17 94 32 91 27 40 0 42 95 24 8 2 10 41 97 55 18 56 58 34 38 48 21 9 96 12 22 19 82 66 35 54 68 33 23 86 3 90 76 45 15 88 57 69 43 25 50 51 11 77 89 98 6 71 64 39 
30 1 67 87 74 78 36 44 53 80 60 28 59 17 15 27 64 50 88 51 71 0 40 91 32 94 86 35 23 2 10 41 97 55 68 33 54 34 58 38 48 49 21 83 52 12 4 93 61 92 14 63 13 26 62 31 37 47 20 84 39 7 46 43 25 69 57 11 77 89 98 6 8 24 95 42 45 3 90 66 79 81 19 22 5 96 9 56 18 76 65 16 85 99 70 82 29 75 73 72 
30 1 67 87 74 78 36 44 53 80 60 28 59 17 15 27 64 50 88 51 71 0 40 91 32 94 86 35 23 2 10 41 97 55 68 33 54 34 58 38 48 49 21 83 52 12 4 93 61 92 14 63 13 26 62 31 37 47 20 84 39 7 46 43 25 69 57 11 77 89 98 6 8 24 95 42 45 3 90 66 79 81 19 22 5 96 9 56 18 76 65 16 85 99 70 82 29 75 73 72 
12 21 49 83 52 4 93 22 61 19 81 82 66 79 3 86 23 35 54 76 56 18 38 58 34 9 96 5 65 16 85 99 70 13 26 14 37 47 36 80 60 28 59 17 15 91 30 1 74 78 39 84 20 44 53 63 92 62 31 72 73 75 29 67 87 46 7 69 43 25 64 27 40 32 94 45 24 8 95 42 0 71 51 50 88 57 11 77 89 98 6 2 10 41 97 68 33 55 90 48 
12 21 49 83 52 4 93 22 61 19 81 82 66 79 3 86 23 35 54 76 56 18 38 58 34 9 96 5 65 16 85 99 70 13 26 14 37 47 36 80 60 28 59 17 15 91 30 1 74 78 39 84 20 44 53 63 92 62 31 72 73 75 29 67 87 46 7 69 43 25 64 27 40 32 94 45 24 8 95 42 0 71 51 50 88 57 11 77 89 98 6 2 10 41 97 68 33 55 90 48 
98 89 6 0 71 40 91 27 64 50 51 11 77 57 88 69 46 7 43 25 30 1 74 67 87 78 39 28 59 66 79 82 81 52 83 49 21 48 38 56 18 58 34 9 96 5 12 4 93 22 61 63 92 26 13 62 31 37 47 73 72 36 29 75 20 84 44 53 14 70 99 65 85 16 19 80 60 76 35 90 3 86 23 2 10 97 41 33 68 55 54 94 32 45 17 15 95 24 8 42 
53 80 60 28 59 17 3 86 35 23 90 66 79 81 12 4 19 22 61 92 63 26 62 31 37 47 36 78 72 73 75 29 87 67 1 30 7 46 69 43 25 57 88 11 77 89 6 98 0 71 51 50 64 27 91 15 94 32 40 42 95 24 8 2 10 76 54 55 97 33 68 41 45 56 18 58 38 48 34 9 96 5 93 14 84 20 39 74 44 82 21 49 83 52 16 85 99 65 70 13 
12 4 93 22 61 92 26 62 31 37 84 44 39 78 74 67 46 7 69 57 88 11 77 89 6 98 71 0 42 27 64 15 91 40 45 35 23 94 32 17 59 28 60 80 52 81 79 82 66 90 3 86 76 83 49 21 68 55 54 33 97 41 10 2 24 8 95 51 50 25 43 30 1 87 29 75 72 73 36 47 20 14 63 13 70 99 65 85 16 34 38 58 56 18 48 9 96 5 19 53 
79 66 90 35 3 86 17 94 32 27 40 42 71 0 50 51 11 77 89 6 98 95 24 8 68 55 54 76 21 49 83 81 4 93 19 22 92 61 99 65 85 16 70 13 26 14 63 53 80 60 44 84 20 37 47 36 78 74 67 87 72 73 75 29 7 46 69 43 25 88 57 64 15 30 1 39 28 59 91 45 23 2 10 41 97 33 58 38 34 48 9 96 5 12 52 56 18 82 62 31 
8 24 95 42 45 3 86 23 2 10 33 54 76 35 97 41 68 55 56 18 58 38 34 9 48 52 83 79 81 82 66 80 53 44 39 30 1 87 67 74 78 36 47 20 84 60 28 59 17 94 32 91 27 64 25 43 57 88 50 40 0 98 6 89 77 11 51 71 69 46 7 29 72 73 75 31 62 26 13 92 63 70 99 65 85 16 22 4 93 19 5 12 96 61 14 37 15 21 49 90 
87 67 74 1 30 15 27 91 32 94 45 24 8 89 77 11 71 51 50 64 88 57 43 25 69 7 46 29 75 73 72 78 36 47 37 31 62 92 63 14 26 13 70 99 65 16 85 5 96 12 4 93 22 19 81 79 66 83 49 21 38 48 52 76 54 68 33 55 56 18 58 34 9 61 82 53 80 44 84 20 60 28 59 17 3 90 35 86 23 41 97 2 10 95 98 6 42 0 40 39 
62 92 99 65 85 16 5 12 96 4 52 81 79 83 49 21 58 18 56 54 76 90 35 86 94 32 45 3 23 2 10 33 68 55 97 41 48 38 34 9 93 22 19 82 53 80 60 28 59 17 91 27 64 30 1 74 78 47 37 20 36 87 67 46 7 69 57 88 50 51 11 77 89 6 98 71 0 42 8 24 95 40 39 84 44 66 43 25 15 29 75 73 72 31 14 63 26 13 70 61 
88 11 50 64 25 43 30 1 74 78 36 47 37 31 62 26 13 92 22 61 19 52 83 49 21 34 58 38 56 18 55 68 54 76 35 3 86 59 17 28 60 80 53 44 20 84 63 14 70 99 65 85 16 5 12 9 48 96 4 93 81 79 82 66 90 23 33 97 41 10 8 24 32 94 45 2 95 42 0 71 51 77 89 6 98 91 27 40 57 69 46 7 87 67 29 72 73 75 39 15 
22 93 4 5 96 12 81 79 83 52 49 21 38 58 56 18 68 33 41 97 55 23 45 32 94 17 59 28 60 80 53 44 39 78 74 1 30 25 43 57 50 51 64 27 91 15 40 42 8 24 95 2 10 6 98 0 71 89 77 11 88 69 46 7 67 87 72 73 75 29 36 47 37 31 20 84 92 63 14 26 13 62 70 99 65 16 85 19 82 66 54 76 86 35 90 3 9 34 48 61 
86 17 59 66 82 19 4 93 22 61 99 65 16 85 13 26 70 92 63 14 62 31 47 37 20 84 44 53 80 60 28 39 74 78 36 67 1 30 64 50 15 91 27 32 94 45 95 24 8 10 2 23 54 33 41 97 68 55 56 18 58 38 21 49 83 79 81 52 12 9 34 48 5 96 76 90 35 3 40 0 71 51 88 57 43 25 69 46 7 29 75 73 72 87 77 11 89 6 98 42 
6 98 89 77 11 51 50 64 25 43 30 1 67 7 46 69 87 36 14 20 47 37 31 62 13 26 63 84 44 80 53 66 82 79 81 19 61 92 70 99 65 85 16 4 93 22 5 96 12 9 48 21 49 76 54 68 33 86 3 59 28 60 39 78 74 72 73 75 29 32 94 17 15 91 27 40 57 88 45 23 35 90 83 52 34 56 18 58 38 55 97 41 10 2 24 8 95 42 71 0 
88 64 50 27 40 0 71 51 11 77 89 6 98 42 45 35 76 54 68 33 41 97 55 56 18 58 34 38 49 21 48 99 65 85 16 93 22 61 92 13 26 14 63 53 80 60 84 20 31 37 47 36 78 74 1 30 15 28 59 94 86 3 90 66 82 19 52 83 79 81 12 4 5 96 9 70 62 72 73 75 29 46 69 43 25 7 87 67 39 44 23 2 10 24 8 95 32 17 91 57 
25 30 1 74 67 87 72 73 75 29 7 46 69 57 88 50 51 11 77 89 6 98 71 0 42 95 8 24 45 23 94 17 59 91 32 86 3 35 90 83 52 81 4 12 96 5 93 82 19 22 61 62 63 92 16 85 65 99 70 13 26 14 53 44 84 20 31 37 47 36 78 39 60 28 80 49 21 38 48 34 79 66 54 76 68 55 56 18 58 9 97 41 33 10 2 40 64 27 15 43 
76 49 83 52 48 38 21 68 55 54 86 94 32 17 3 35 23 45 40 0 71 51 50 88 57 43 25 64 27 91 15 30 1 74 78 39 44 84 20 36 47 37 31 14 62 13 26 70 99 65 85 16 58 34 9 4 93 22 61 92 63 53 80 60 82 81 19 12 96 5 79 66 90 59 28 7 46 87 67 73 72 29 75 69 11 77 89 6 98 42 8 24 95 2 10 97 41 33 18 56 
47 37 84 44 78 36 73 72 75 29 87 25 69 46 7 57 43 30 1 74 67 39 15 94 32 83 81 79 19 61 22 93 12 4 52 48 34 38 58 56 18 55 33 68 54 76 21 49 9 96 5 16 85 65 99 70 92 26 13 62 31 14 63 80 53 60 28 59 17 3 86 23 45 95 24 8 42 77 11 88 50 51 0 40 64 27 91 71 89 6 98 2 10 41 97 35 90 66 82 20 
88 57 51 50 64 27 91 15 1 74 67 87 29 72 73 75 36 78 39 44 84 20 37 31 62 26 13 14 63 61 22 93 92 81 52 48 21 49 83 38 58 18 56 68 33 54 55 90 3 86 23 35 76 41 97 10 2 24 8 95 42 40 0 71 11 77 89 6 98 45 94 32 17 59 28 60 80 53 82 19 4 5 96 12 9 34 66 79 99 65 16 85 70 47 46 7 69 43 25 30 
61 92 63 14 62 26 13 70 99 65 16 85 22 19 81 83 52 49 21 55 68 33 54 76 90 86 94 32 17 59 28 60 80 53 44 84 39 36 78 74 1 67 43 25 30 15 91 27 40 0 64 50 51 98 6 77 89 42 95 8 24 2 10 41 97 18 56 58 38 48 9 34 93 4 5 96 12 79 66 82 35 23 45 3 71 11 88 57 69 46 7 87 72 29 73 75 31 20 47 37 
94 17 59 28 60 80 53 44 84 20 37 47 36 78 74 87 29 72 73 75 31 14 63 92 61 22 93 4 12 48 52 49 21 38 58 34 9 96 5 85 16 65 99 70 26 13 62 81 79 90 86 3 35 54 68 76 33 23 2 45 32 91 15 25 43 69 46 7 57 11 71 51 88 50 0 40 27 64 30 1 67 39 66 83 19 82 56 18 55 97 41 10 24 8 95 42 98 6 89 77 
39 78 1 30 15 86 3 35 23 76 54 68 55 38 34 58 21 49 83 81 19 93 22 5 4 12 79 44 80 53 84 47 36 74 67 87 46 7 69 43 25 50 51 88 57 64 27 91 32 94 45 40 0 71 77 11 98 6 89 42 95 8 24 10 2 33 41 97 56 18 9 96 48 52 90 66 59 17 28 60 82 63 14 20 62 92 61 85 16 65 99 70 13 26 31 37 72 73 75 29 
2 10 41 97 68 33 54 55 56 18 38 48 9 12 4 93 5 96 52 81 79 66 90 3 86 94 45 32 91 27 40 15 60 80 82 19 22 61 92 63 13 26 14 20 84 44 53 28 59 17 36 78 74 67 1 39 30 64 50 51 88 57 69 43 25 46 7 87 72 73 75 29 37 47 31 62 70 99 65 85 16 83 49 58 34 21 76 35 23 24 95 42 0 71 11 77 89 6 98 8 
2 10 41 97 68 33 54 55 56 18 38 48 9 12 4 93 5 96 52 81 79 66 90 3 86 94 45 32 91 27 40 15 60 80 82 19 22 61 92 63 13 26 14 20 84 44 53 28 59 17 36 78 74 67 1 39 30 64 50 51 88 57 69 43 25 46 7 87 72 73 75 29 37 47 31 62 70 99 65 85 16 83 49 58 34 21 76 35 23 24 95 42 0 71 11 77 89 6 98 8 
43 69 46 7 87 72 36 39 78 74 1 30 25 57 88 89 6 98 95 42 0 71 64 50 51 11 77 32 94 59 17 3 86 45 2 10 41 97 68 33 54 76 90 66 15 91 27 40 8 24 23 35 55 18 56 58 34 48 96 9 12 4 93 5 22 61 70 99 65 85 16 92 63 14 31 37 47 20 84 44 80 53 60 28 38 21 49 83 52 79 81 82 19 13 62 26 73 75 29 67 
25 43 46 7 69 57 88 51 50 64 91 59 17 15 40 27 32 94 86 35 23 33 68 54 76 21 49 83 66 82 19 81 4 12 96 9 56 55 18 38 48 34 58 52 79 92 13 26 14 63 61 22 93 5 16 85 65 99 70 31 62 37 47 87 72 73 75 29 67 74 78 39 60 80 44 53 84 20 36 1 30 28 90 3 45 2 10 41 97 8 24 95 42 0 71 11 77 89 98 6 
97 41 10 2 23 35 3 90 66 17 59 28 60 80 53 63 14 26 13 62 47 37 31 73 75 29 72 87 67 74 1 30 39 44 84 20 36 78 46 7 69 57 64 50 51 11 77 89 6 98 0 40 32 95 8 24 42 71 27 91 15 25 43 88 94 86 54 76 21 49 83 52 19 22 61 92 70 99 65 16 85 12 4 93 5 96 9 48 34 58 38 56 18 68 55 33 45 82 81 79 
53 44 84 36 78 74 67 1 30 15 28 59 17 91 27 32 94 33 54 68 97 41 10 2 24 8 95 42 0 71 98 6 89 77 11 51 50 88 57 69 7 46 25 43 64 40 45 23 86 35 76 83 52 4 22 93 19 82 66 81 79 38 21 49 90 3 55 18 56 58 34 9 48 12 96 5 70 65 85 16 99 13 26 92 61 63 14 62 31 20 47 37 72 87 75 73 29 39 60 80 
53 44 84 36 78 74 67 1 30 15 28 59 17 91 27 32 94 33 54 68 97 41 10 2 24 8 95 42 0 71 98 6 89 77 11 51 50 88 57 69 7 46 25 43 64 40 45 23 86 35 76 83 52 4 22 93 19 82 66 81 79 38 21 49 90 3 55 18 56 58 34 9 48 12 96 5 70 65 85 16 99 13 26 92 61 63 14 62 31 20 47 37 72 87 75 73 29 39 60 80 
16 65 85 99 70 26 13 14 63 92 61 93 22 5 96 4 12 52 83 81 19 82 79 66 80 44 53 60 28 30 1 46 7 78 74 67 87 72 36 20 84 62 31 37 47 73 75 29 43 25 50 64 27 15 32 94 3 86 23 45 95 24 8 2 10 41 97 33 68 55 54 76 35 90 49 21 38 34 58 56 18 9 48 59 17 91 40 0 42 98 6 89 77 71 11 51 88 57 69 39 
89 6 98 32 91 27 64 50 88 51 71 0 40 42 8 24 95 57 43 25 15 30 1 67 74 78 36 47 37 31 62 26 13 19 5 4 93 12 96 9 34 58 38 48 21 49 54 33 68 55 56 18 97 41 2 10 23 35 90 66 81 79 82 60 80 53 44 84 20 14 63 92 70 99 65 16 85 61 22 83 52 76 86 3 94 45 17 28 59 39 73 75 72 29 87 46 7 69 77 11 
32 40 91 27 15 28 59 17 3 86 94 45 23 35 90 66 79 83 38 18 56 55 68 97 41 33 54 76 49 21 48 34 58 9 96 12 4 5 93 22 61 92 26 62 13 20 44 80 53 63 14 84 60 39 78 36 73 72 87 67 74 1 30 43 25 64 50 51 71 0 24 95 8 42 98 6 89 77 11 88 57 46 7 69 29 75 47 37 31 70 99 65 85 16 19 82 81 52 2 10 
97 56 18 55 54 76 49 21 52 79 81 19 61 22 93 5 4 12 96 9 48 58 34 38 28 60 80 44 53 82 66 90 35 86 3 94 32 45 23 2 10 8 24 95 42 40 27 91 15 17 59 69 88 51 50 11 77 89 6 98 0 71 64 25 43 57 7 46 30 1 74 67 87 29 75 73 72 36 47 37 31 62 26 13 70 99 65 85 16 92 63 14 84 20 78 39 83 68 33 41 
5 56 18 58 34 48 38 21 49 83 79 81 19 22 93 4 12 9 65 16 85 99 70 13 26 62 31 37 47 36 78 39 80 44 84 92 63 14 53 60 28 59 17 32 94 3 86 35 23 45 40 27 91 15 30 1 74 67 87 72 73 29 75 46 7 69 43 25 64 50 51 88 57 77 11 71 89 98 6 0 42 24 8 95 2 10 41 97 68 33 54 76 55 90 66 82 52 96 61 20 
45 86 59 28 60 80 53 66 81 19 4 12 9 34 38 21 49 90 3 15 91 27 40 0 71 51 88 50 64 25 43 69 7 46 67 74 78 36 47 37 20 84 44 39 30 1 87 72 73 75 29 57 11 77 89 6 98 42 95 8 24 2 23 35 76 54 33 68 55 56 18 58 48 52 83 97 41 10 32 94 17 96 5 93 22 61 16 85 65 99 70 92 26 13 62 31 14 63 82 79 
51 50 64 27 40 0 98 6 89 11 88 57 43 25 1 30 39 84 44 53 80 60 28 15 94 91 32 45 86 3 23 76 35 54 55 68 33 41 97 2 10 24 8 95 42 71 77 69 46 7 29 78 74 67 87 72 73 75 36 20 47 37 14 63 92 61 22 93 19 83 52 48 38 58 34 18 56 21 49 90 17 59 66 81 79 82 12 4 96 9 5 65 85 16 99 70 13 26 62 31 
76 54 68 55 38 34 58 18 56 35 3 86 23 45 32 94 17 59 28 60 80 82 53 44 36 78 74 1 30 15 91 27 64 50 88 51 71 40 0 98 6 89 77 11 43 46 7 69 57 25 67 87 72 73 75 29 39 37 47 84 20 31 13 26 92 63 14 62 70 19 81 79 83 49 21 52 4 93 22 61 65 99 85 16 12 5 96 9 48 90 66 42 95 8 24 2 10 41 97 33 
88 50 51 71 11 77 64 57 69 43 25 46 7 67 74 1 30 15 91 27 40 42 0 95 8 24 10 2 33 76 54 97 41 68 55 56 18 34 58 38 48 9 96 12 4 93 22 61 92 63 14 62 13 26 70 99 65 16 85 5 19 82 66 59 17 28 20 84 44 80 60 73 75 72 29 87 36 78 39 53 47 37 31 81 79 49 21 83 52 90 35 3 86 23 45 32 94 89 98 6 
75 73 72 87 67 74 1 30 25 43 69 46 7 57 50 51 35 90 76 21 49 83 52 12 96 9 48 34 38 58 18 56 55 68 33 3 86 45 94 17 59 28 60 80 44 84 39 78 36 47 37 31 62 26 13 70 99 85 16 65 61 92 63 20 14 53 82 81 19 22 4 93 5 79 66 23 2 10 54 41 97 24 8 95 42 0 71 88 11 77 89 98 6 64 27 91 15 32 40 29 
26 13 62 31 14 59 17 15 91 27 32 94 3 86 35 76 54 68 55 56 18 58 38 48 83 52 21 49 79 81 12 4 93 22 61 92 63 19 82 53 80 66 90 28 60 44 39 78 74 87 67 36 47 20 84 37 72 73 75 29 7 46 25 1 30 64 50 0 71 51 11 77 89 6 98 88 57 69 43 40 95 8 24 42 10 2 23 45 33 41 97 34 9 96 5 99 65 16 85 70 
88 51 71 11 77 89 6 98 0 50 64 32 94 45 59 66 81 83 52 12 4 93 22 61 19 82 80 53 44 84 20 14 26 13 62 31 37 47 73 72 75 29 87 78 36 39 74 67 1 30 15 28 60 54 76 35 23 86 90 49 21 38 58 34 48 9 96 5 16 85 65 99 70 92 63 79 3 17 91 27 40 42 95 8 24 10 2 41 97 68 33 55 56 18 25 43 69 7 46 57 
88 51 71 11 77 89 6 98 0 50 64 32 94 45 59 66 81 83 52 12 4 93 22 61 19 82 80 53 44 84 20 14 26 13 62 31 37 47 73 72 75 29 87 78 36 39 74 67 1 30 15 28 60 54 76 35 23 86 90 49 21 38 58 34 48 9 96 5 16 85 65 99 70 92 63 79 3 17 91 27 40 42 95 8 24 10 2 41 97 68 33 55 56 18 25 43 69 7 46 57 
95 8 24 23 54 76 21 49 83 52 96 4 12 48 34 58 56 18 55 68 97 41 2 10 33 3 17 59 28 60 80 53 44 84 20 31 47 37 36 78 74 67 69 57 88 51 64 50 25 43 46 7 87 72 73 75 29 1 30 15 91 27 40 0 71 98 6 89 77 11 45 94 86 35 90 79 82 81 19 22 61 92 63 26 62 14 13 70 65 99 85 16 5 93 9 38 66 39 32 42 
75 73 72 29 87 67 74 78 36 39 28 15 17 91 27 64 50 57 43 69 7 46 1 30 44 80 53 84 20 47 37 31 62 26 13 52 12 4 19 81 82 66 79 83 21 49 48 38 18 56 58 34 9 96 5 93 22 61 92 63 14 70 99 65 85 16 76 54 35 86 3 23 2 45 94 32 40 0 89 6 98 71 51 11 77 42 95 24 8 10 41 97 55 68 33 90 59 60 25 88 
65 16 85 99 70 13 26 62 14 63 92 61 22 93 12 4 52 81 83 49 21 48 38 56 18 58 34 9 96 5 19 79 66 90 86 3 35 94 32 40 27 91 15 1 30 20 36 78 74 87 67 46 7 57 88 51 50 64 0 71 77 11 89 6 98 42 8 24 95 45 23 2 10 68 33 55 97 41 54 76 17 28 80 60 44 84 53 31 37 47 72 73 75 29 39 69 43 25 59 82 
76 54 68 55 33 41 97 10 2 45 86 3 17 15 27 91 77 11 51 50 88 57 43 25 64 40 0 71 98 6 89 42 24 8 95 32 94 35 90 66 44 60 84 20 37 31 62 13 26 14 63 92 61 22 93 4 9 34 58 18 56 38 21 48 52 83 79 81 82 19 12 96 5 65 16 85 99 70 47 78 74 67 30 1 39 36 87 72 73 75 29 7 46 69 28 59 80 53 49 23 
57 88 51 11 77 71 0 42 95 8 24 2 10 68 33 54 76 90 35 3 86 94 32 45 49 21 48 83 52 12 4 93 82 81 79 66 28 1 30 78 39 20 37 47 74 67 87 72 73 75 29 46 7 69 43 25 64 50 40 27 91 15 17 59 60 80 53 44 84 36 31 14 63 92 13 26 62 70 65 99 85 16 19 22 61 9 96 5 34 58 38 56 18 55 97 41 23 98 6 89 
81 52 12 4 93 5 22 61 92 63 14 26 13 62 84 20 37 47 36 78 74 67 39 44 53 80 60 66 82 19 79 83 49 21 48 34 58 56 18 55 68 33 76 86 23 45 2 10 41 97 54 35 90 94 32 91 27 40 64 50 51 11 77 89 98 6 0 71 88 57 25 43 69 46 7 1 30 15 17 59 28 73 75 72 87 29 31 70 99 65 16 85 96 9 38 8 24 95 42 3 
37 47 20 84 44 80 60 28 94 32 17 59 66 79 61 22 5 93 4 12 96 9 52 19 81 83 49 21 38 48 58 34 56 18 55 76 54 68 33 41 97 23 86 45 2 10 24 8 95 35 3 90 82 53 63 14 26 92 70 65 16 85 99 13 62 31 72 36 78 7 46 57 88 51 50 64 71 42 98 6 89 77 11 25 67 87 74 1 39 30 15 27 40 0 91 43 69 29 75 73 
35 86 54 55 68 56 18 58 34 9 12 96 5 93 4 52 83 79 81 82 19 22 61 92 62 26 13 14 84 20 47 37 72 73 75 29 87 46 7 69 43 25 64 50 51 88 57 11 77 89 6 98 27 91 32 94 17 59 66 53 80 60 39 78 36 67 74 1 30 15 28 90 3 76 38 21 49 48 85 16 65 99 70 31 63 44 71 0 40 42 95 24 8 2 10 41 97 33 23 45 
4 93 22 65 85 16 99 70 13 26 63 92 61 19 81 79 60 28 59 17 3 94 32 91 27 64 50 51 88 11 77 89 6 98 42 40 0 71 15 39 78 74 67 1 30 25 43 69 7 46 87 29 75 72 73 47 31 37 36 84 44 80 53 82 66 90 35 23 86 45 95 8 24 2 10 54 68 97 41 33 76 21 49 83 52 9 34 48 38 58 18 56 55 57 20 14 62 96 12 5 
4 93 22 65 85 16 99 70 13 26 63 92 61 19 81 79 60 28 59 17 3 94 32 91 27 64 50 51 88 11 77 89 6 98 42 40 0 71 15 39 78 74 67 1 30 25 43 69 7 46 87 29 75 72 73 47 31 37 36 84 44 80 53 82 66 90 35 23 86 45 95 8 24 2 10 54 68 97 41 33 76 21 49 83 52 9 34 48 38 58 18 56 55 57 20 14 62 96 12 5 
3 17 94 32 91 27 15 66 79 83 52 81 19 61 92 63 26 14 84 53 44 39 20 37 31 62 13 70 99 65 85 16 5 93 22 4 12 96 9 34 58 38 21 49 48 76 54 33 68 55 18 56 97 41 10 2 8 24 95 45 40 64 50 88 51 77 89 6 98 0 71 11 57 43 25 7 46 69 30 1 74 67 87 72 73 75 29 47 36 78 60 80 82 86 35 23 90 59 28 42 
46 7 69 57 88 51 50 64 27 91 15 30 1 74 67 72 73 75 29 87 62 26 13 31 14 63 53 84 20 36 47 37 44 80 60 28 59 17 94 3 86 90 66 19 81 52 21 49 83 79 82 48 9 4 93 5 96 12 22 61 92 70 65 16 85 99 38 58 34 18 56 55 54 76 33 68 97 41 10 2 45 8 24 95 23 35 32 40 0 42 98 6 89 77 11 71 43 25 78 39 
51 50 88 57 6 98 71 11 77 89 0 42 95 8 24 45 32 94 86 3 17 59 66 60 80 53 44 84 20 37 47 72 73 75 29 87 74 67 1 30 15 64 25 43 69 46 7 91 27 40 28 39 78 36 31 13 26 92 63 14 62 70 65 85 16 99 5 96 9 34 48 38 58 56 18 55 76 54 33 68 97 41 10 2 23 21 49 52 83 79 81 19 82 61 22 93 4 12 90 35 
51 50 88 57 6 98 71 11 77 89 0 42 95 8 24 45 32 94 86 3 17 59 66 60 80 53 44 84 20 37 47 72 73 75 29 87 74 67 1 30 15 64 25 43 69 46 7 91 27 40 28 39 78 36 31 13 26 92 63 14 62 70 65 85 16 99 5 96 9 34 48 38 58 56 18 55 76 54 33 68 97 41 10 2 23 21 49 52 83 79 81 19 82 61 22 93 4 12 90 35 
91 66 80 53 44 84 20 62 13 26 92 61 22 93 4 12 9 48 76 54 68 33 86 17 94 32 40 0 71 51 50 88 57 69 7 46 43 25 90 35 3 59 28 60 39 78 74 67 36 47 37 31 73 75 72 87 29 1 30 27 64 11 77 89 6 98 42 95 8 24 45 23 2 10 41 97 55 18 56 58 38 21 49 83 52 81 79 82 63 14 70 99 65 16 85 19 5 96 34 15 
3 35 86 45 94 32 40 27 91 28 15 30 43 46 7 25 64 50 71 51 77 11 88 57 69 1 74 67 87 29 73 75 72 31 37 47 36 78 39 44 80 60 59 17 53 20 84 14 63 26 13 99 65 16 85 70 62 5 9 96 12 4 93 22 61 92 82 19 81 79 66 83 49 48 52 34 21 38 58 56 18 55 68 97 41 33 54 76 90 23 2 10 24 95 8 42 0 98 6 89 
49 83 66 28 60 80 53 44 84 20 36 78 74 30 1 67 87 7 46 69 43 25 57 88 51 50 71 77 11 89 6 98 42 0 95 10 33 68 97 41 18 56 58 38 21 48 34 9 12 93 4 81 19 52 79 82 14 63 92 61 22 5 96 16 65 99 85 70 13 26 62 31 37 47 72 29 75 73 39 64 27 91 32 94 86 3 35 90 76 54 55 23 2 24 8 40 45 17 15 59 
49 83 66 28 60 80 53 44 84 20 36 78 74 30 1 67 87 7 46 69 43 25 57 88 51 50 71 77 11 89 6 98 42 0 95 10 33 68 97 41 18 56 58 38 21 48 34 9 12 93 4 81 19 52 79 82 14 63 92 61 22 5 96 16 65 99 85 70 13 26 62 31 37 47 72 29 75 73 39 64 27 91 32 94 86 3 35 90 76 54 55 23 2 24 8 40 45 17 15 59 
76 54 33 68 55 18 56 58 38 48 21 49 83 3 86 23 35 90 79 81 19 4 96 5 93 22 61 92 63 14 26 13 62 31 37 47 36 78 74 67 46 7 30 1 57 69 43 25 50 51 88 11 77 89 6 98 42 0 40 27 91 15 64 71 95 8 24 2 10 97 41 45 94 32 17 59 28 60 80 53 44 84 20 72 29 87 75 73 82 39 70 99 65 85 16 12 9 34 52 66 
94 17 28 60 53 80 44 84 20 37 31 47 36 39 74 67 78 87 72 73 75 29 45 41 97 68 33 35 3 86 23 2 10 24 8 95 32 98 6 89 77 11 88 51 50 64 25 43 57 69 7 46 30 1 15 27 91 40 0 71 42 59 90 76 54 55 56 18 58 38 21 49 83 52 48 9 96 12 4 93 22 61 92 63 14 62 26 13 70 99 65 85 16 5 34 19 82 81 79 66 
98 6 89 42 0 71 51 50 64 27 91 15 28 60 80 53 44 84 20 47 37 31 62 14 13 26 70 99 16 85 65 61 22 93 5 79 66 59 17 45 86 35 23 94 32 3 90 83 52 4 12 96 9 48 34 58 18 56 38 21 49 76 54 33 68 55 97 41 10 2 95 8 24 40 11 77 88 57 43 25 69 7 46 67 74 30 1 78 36 63 92 19 81 82 39 72 75 73 29 87 
78 74 60 44 53 80 28 59 91 15 17 32 94 45 35 86 23 54 68 33 10 2 95 24 8 42 0 40 27 64 50 51 11 77 89 6 98 71 88 25 30 1 67 87 72 73 75 29 46 7 69 57 43 39 36 20 84 37 47 31 62 26 13 99 70 61 22 93 4 12 96 5 52 49 76 21 38 56 18 58 34 9 48 83 81 19 82 79 66 90 3 41 97 55 16 85 65 92 63 14 
66 83 52 19 22 61 92 63 14 78 36 39 60 80 53 84 20 47 37 31 62 26 13 70 99 65 85 16 93 81 82 79 90 17 59 15 91 27 64 25 43 88 50 51 71 0 42 95 8 24 23 86 35 3 45 2 10 33 49 21 38 58 34 9 12 4 5 96 48 18 56 55 54 76 41 97 68 94 32 40 77 89 6 98 11 57 69 46 7 73 75 29 72 87 67 74 1 30 28 44 
54 68 33 41 97 55 58 56 18 34 9 38 21 49 48 52 81 19 4 12 96 5 93 22 92 63 14 26 13 62 31 37 47 36 78 1 30 39 84 20 72 29 75 73 87 67 74 7 46 69 43 25 64 51 11 77 89 6 98 71 0 40 27 91 15 59 90 17 32 94 45 2 23 86 3 35 76 83 79 66 60 80 53 82 61 99 65 16 85 70 28 44 50 88 57 42 8 24 95 10 
67 74 1 91 27 40 64 50 51 88 11 77 89 6 98 42 0 25 43 69 7 46 87 72 29 75 73 47 37 31 26 13 62 14 63 92 61 16 65 70 99 85 22 93 4 12 9 96 5 34 48 38 76 54 33 35 86 45 94 17 59 15 30 39 78 36 20 84 44 53 80 60 28 82 19 52 49 21 83 79 81 66 90 3 23 2 10 41 68 55 56 18 58 97 95 8 24 32 71 57 
5 12 4 93 22 61 92 26 63 14 62 13 99 85 16 65 70 82 80 60 28 53 44 84 37 47 74 1 30 15 64 50 51 71 0 40 27 91 59 17 32 94 35 3 86 90 66 79 83 48 58 18 56 38 34 9 96 52 49 21 76 54 68 55 33 97 41 10 2 23 45 95 24 8 42 6 98 89 77 11 88 57 69 7 46 43 25 67 87 72 73 75 29 39 78 36 20 31 19 81 
80 60 28 59 3 86 35 90 66 79 83 49 21 76 54 68 55 56 18 34 48 58 38 52 81 19 22 93 4 12 96 9 5 61 92 63 62 13 26 14 53 44 84 20 31 37 73 75 29 36 78 74 67 1 30 25 43 69 46 7 57 88 50 51 71 77 11 89 6 98 0 40 27 91 32 94 45 24 8 95 42 2 10 41 97 33 23 17 15 64 39 87 72 47 82 99 65 85 16 70 
34 58 38 21 49 90 76 54 68 33 97 41 10 2 23 86 94 3 35 79 83 9 48 52 81 19 82 66 36 78 39 30 15 91 27 53 80 60 28 59 17 32 45 95 8 24 42 0 71 11 51 50 64 25 43 69 7 46 67 74 1 87 72 47 37 20 84 44 62 13 26 14 63 92 61 22 93 96 12 4 5 85 16 65 99 70 31 73 75 29 57 88 77 89 6 98 40 55 56 18 
34 58 38 21 49 90 76 54 68 33 97 41 10 2 23 86 94 3 35 79 83 9 48 52 81 19 82 66 36 78 39 30 15 91 27 53 80 60 28 59 17 32 45 95 8 24 42 0 71 11 51 50 64 25 43 69 7 46 67 74 1 87 72 47 37 20 84 44 62 13 26 14 63 92 61 22 93 96 12 4 5 85 16 65 99 70 31 73 75 29 57 88 77 89 6 98 40 55 56 18 
23 68 33 41 97 56 58 21 49 83 52 19 4 81 93 22 61 70 99 65 85 16 5 12 96 9 34 38 48 54 76 90 86 3 17 59 28 15 30 39 78 74 1 67 87 29 72 73 75 7 46 69 43 25 27 91 32 94 45 10 2 24 8 95 42 0 71 98 6 89 77 11 51 88 57 50 64 40 35 66 79 82 53 80 44 84 20 36 47 37 31 62 13 26 14 63 92 60 18 55 
80 53 14 63 92 61 93 5 4 12 96 9 34 18 56 58 38 21 49 35 17 59 28 86 3 90 79 83 52 48 76 54 33 68 55 97 41 10 2 24 8 45 95 42 0 40 32 94 23 15 91 27 64 50 51 71 89 6 98 11 77 88 57 69 43 1 30 87 67 74 78 39 60 44 84 26 13 62 31 20 37 47 36 72 73 75 29 7 46 25 66 81 19 22 65 99 70 85 16 82 
57 43 25 50 88 51 11 77 89 6 98 71 0 64 27 40 42 95 24 8 2 10 41 97 68 33 54 76 49 83 52 12 4 93 22 19 5 96 9 38 48 34 58 56 18 55 21 35 3 17 15 60 80 53 14 26 13 62 31 20 37 47 36 78 74 1 30 44 84 63 92 61 70 65 85 16 99 81 79 82 66 59 28 32 94 45 23 86 90 91 39 73 72 87 67 69 46 7 29 75 
66 49 21 79 82 83 52 48 34 38 58 56 18 55 68 97 33 54 76 35 23 45 32 94 3 86 2 8 24 95 42 71 11 77 89 6 98 0 40 27 91 15 64 50 51 88 57 69 7 46 25 43 1 30 87 67 74 39 44 80 53 84 20 47 37 31 62 13 26 14 63 92 61 22 93 4 19 81 60 28 59 17 90 41 10 9 96 12 5 16 85 65 99 70 36 78 29 75 73 72 
21 49 83 81 79 66 90 3 86 35 23 94 17 59 28 60 53 44 80 39 84 20 37 47 36 78 74 1 30 15 91 27 64 43 25 50 88 51 71 11 77 89 6 98 0 42 40 32 45 95 24 8 2 10 68 54 76 55 56 18 58 34 48 38 9 96 5 4 12 93 22 19 61 63 14 26 13 62 31 67 46 7 69 57 72 29 87 75 73 70 65 85 16 99 92 82 52 33 97 41 
17 94 86 3 35 66 79 81 12 4 5 93 22 61 92 63 73 75 47 20 31 37 14 26 70 13 62 99 65 16 85 52 83 48 96 9 49 21 38 68 90 76 54 33 23 45 91 15 59 28 60 80 53 44 84 78 74 67 87 29 72 36 39 30 1 46 7 69 43 25 51 50 88 57 64 27 40 0 71 11 77 89 6 98 42 95 24 8 2 10 41 97 55 56 18 58 34 19 82 32 
68 55 56 18 58 38 48 54 76 35 3 86 23 94 32 43 25 30 1 74 67 87 72 36 20 84 44 53 80 60 28 59 17 15 91 27 64 50 51 71 11 77 89 98 6 88 57 69 7 46 29 75 73 47 37 31 62 13 26 70 61 22 93 4 12 96 34 9 5 16 85 65 99 19 81 83 21 49 79 52 66 90 82 92 63 14 39 78 8 24 95 42 0 40 45 10 2 41 33 97 
45 23 86 3 83 49 21 58 38 48 52 4 93 22 61 92 63 80 60 53 44 84 20 47 37 31 62 26 13 70 99 85 65 16 5 96 12 34 9 81 19 79 82 66 90 35 68 33 54 76 18 56 55 97 41 10 2 24 8 95 42 98 6 89 11 77 51 50 64 57 43 25 94 32 40 27 91 59 17 15 28 30 1 78 74 67 87 29 73 72 75 36 39 14 46 7 69 88 71 0 
87 7 46 69 57 43 25 50 64 27 91 15 17 59 28 60 80 53 44 84 20 36 78 67 74 39 1 30 40 42 0 71 77 11 51 88 29 72 75 73 47 37 31 62 13 26 14 63 92 61 22 16 85 65 99 70 19 81 79 83 49 21 48 9 96 5 93 4 12 52 82 66 35 86 3 90 58 34 38 56 18 76 68 33 54 55 97 41 95 8 24 2 23 10 45 94 32 98 6 89 
