88 50 64 27 91 17 94 32 40 0 71 51 11 77 89 6 98 42 8 24 95 2 10 41 97 68 55 56 18 58 34 48 21 38 9 96 12 93 4 61 22 19 81 79 66 59 28 49 83 52 63 80 44 39 20 84 78 74 67 1 30 25 43 69 46 7 87 29 75 73 72 36 47 37 31 13 26 62 14 92 70 99 65 16 85 5 3 86 23 35 90 76 54 33 45 15 60 53 82 57 
1 74 67 87 7 46 69 43 25 50 64 51 71 0 11 77 89 6 98 42 40 27 91 35 23 45 94 32 17 59 28 60 80 53 44 84 36 78 39 14 26 13 70 99 65 85 16 22 93 4 5 12 96 9 34 68 97 41 10 2 24 8 95 86 90 66 79 83 52 81 82 20 37 47 31 62 63 92 61 19 21 49 48 38 58 56 18 55 33 54 76 3 15 30 57 88 29 73 72 75 
4 93 22 44 84 20 37 47 36 78 74 67 87 75 73 72 29 46 7 69 43 25 88 57 51 11 71 98 6 89 77 50 64 27 91 32 94 45 23 86 3 76 54 33 68 55 56 18 38 58 34 48 49 21 83 52 12 96 5 9 81 82 79 66 59 28 60 80 53 62 26 13 70 99 65 16 85 19 61 92 63 14 31 39 30 1 15 17 90 35 2 10 95 42 0 40 24 8 41 97 
17 94 27 1 39 78 36 37 47 20 84 44 53 82 81 19 22 61 92 63 74 67 87 29 75 73 72 31 14 62 13 26 70 99 65 16 85 93 4 12 96 5 9 34 48 21 49 83 52 79 66 59 28 60 80 3 86 23 35 90 76 54 68 41 97 33 55 18 56 38 58 2 10 8 24 95 42 0 71 51 11 77 89 6 98 50 64 25 43 69 46 7 57 88 15 91 32 45 40 30 
66 59 17 3 86 35 76 55 97 41 24 8 95 42 0 40 27 64 50 88 51 11 71 89 6 98 77 25 43 46 7 69 57 15 91 32 94 45 2 10 33 68 56 18 21 83 79 49 38 58 48 34 9 4 12 52 81 96 5 93 22 19 61 92 26 62 31 47 37 36 78 74 1 30 39 44 80 53 60 28 87 67 29 75 73 72 20 84 14 63 13 70 99 65 16 85 82 90 54 23 
55 56 18 48 34 58 38 21 49 83 52 12 4 93 22 19 81 79 66 90 94 45 33 68 54 76 3 86 32 15 27 91 17 59 28 60 80 53 84 20 36 47 37 31 62 13 26 14 92 61 39 78 1 74 67 87 46 7 69 57 88 50 51 11 71 77 89 6 98 42 95 24 8 2 10 97 41 35 23 40 0 64 25 43 30 29 75 73 72 44 63 82 70 65 99 85 16 5 96 9 
60 80 53 44 84 20 87 67 74 78 36 37 47 31 62 26 13 70 99 85 65 16 22 93 4 12 5 96 9 34 58 18 56 38 48 49 52 83 81 79 19 82 66 90 3 94 32 27 64 50 51 11 77 89 98 6 71 88 57 7 46 69 25 43 1 30 15 91 17 59 28 35 86 45 2 23 68 54 33 41 97 10 24 8 95 42 40 0 55 76 21 61 92 63 14 73 72 29 75 39 
74 39 30 15 17 40 42 95 24 8 0 71 88 57 69 43 25 64 50 51 11 77 89 98 6 32 94 86 3 35 90 59 28 60 44 80 53 84 20 31 62 13 26 92 61 22 93 4 12 5 96 9 34 38 56 18 58 21 49 83 52 48 54 76 33 68 55 97 41 10 2 23 45 66 81 79 82 19 65 85 16 99 70 63 14 37 47 72 73 75 29 87 67 78 36 91 27 1 46 7 
22 19 61 92 63 14 26 13 62 70 99 65 85 16 5 4 12 34 48 38 21 49 3 86 35 23 17 94 32 91 27 51 88 71 0 40 15 30 1 74 67 87 36 47 37 31 20 84 44 80 53 82 81 66 79 83 52 58 18 56 55 68 33 54 76 90 59 60 39 78 72 73 75 29 46 7 69 57 50 64 43 25 11 77 89 6 98 42 95 45 2 10 41 97 24 8 28 9 96 93 
38 58 56 18 55 68 33 41 97 54 76 49 21 52 83 81 19 4 93 22 61 92 14 13 26 62 31 37 47 36 78 74 67 87 72 73 75 29 1 30 25 43 69 7 46 57 88 50 51 71 0 40 32 45 86 27 77 11 98 89 6 42 95 24 8 2 10 23 3 35 90 66 79 82 53 80 44 84 60 28 59 17 91 64 15 94 39 20 63 70 99 65 16 85 5 12 96 9 48 34 
32 94 45 23 35 3 90 86 59 28 60 80 53 44 84 14 20 36 78 74 1 30 39 67 46 7 69 43 25 64 50 88 71 0 40 27 91 15 17 21 49 54 33 68 97 41 10 2 92 26 13 70 99 65 85 16 5 4 12 81 79 82 19 52 83 48 96 9 34 58 38 56 18 55 76 66 93 22 61 63 62 31 37 47 87 29 72 73 75 57 51 11 77 89 6 98 8 24 95 42 
66 79 93 12 4 22 19 81 52 83 49 21 38 48 34 58 56 18 55 54 35 23 86 94 45 32 91 27 40 0 71 51 50 64 25 43 87 67 74 1 30 28 60 80 53 44 84 20 36 47 37 31 62 26 13 70 92 61 5 96 9 76 33 68 97 41 10 2 95 24 8 42 6 98 89 77 11 88 57 69 7 46 78 72 73 29 75 39 15 17 59 3 90 82 63 14 65 99 85 16 
58 38 56 18 55 76 54 68 97 41 33 23 94 32 40 0 42 95 8 24 2 10 45 35 86 3 90 66 79 82 19 83 48 9 49 21 4 12 93 96 5 22 61 16 85 65 99 70 26 13 62 31 47 36 78 74 39 60 84 44 53 80 28 59 17 91 15 27 64 50 51 25 43 69 46 7 57 88 71 98 89 6 77 11 30 1 67 87 29 72 73 75 37 20 14 63 92 52 81 34 
87 72 73 75 29 7 46 69 43 25 64 50 88 51 11 77 71 0 40 32 94 35 90 3 86 45 24 8 95 10 2 23 76 54 68 33 41 97 55 56 18 58 34 9 83 52 19 4 93 22 61 92 63 14 53 80 60 28 59 44 84 78 39 30 1 67 74 36 47 37 20 31 62 13 26 70 99 16 85 65 5 12 96 48 38 21 49 66 79 81 82 91 17 15 27 42 98 6 89 57 
94 32 17 59 3 86 45 23 35 90 76 54 68 33 97 41 10 2 24 95 8 98 6 89 77 50 51 64 27 91 15 30 1 74 78 36 72 73 75 29 87 67 7 46 69 57 43 25 28 60 80 53 63 92 61 22 93 81 83 49 21 38 58 18 56 55 34 48 12 9 4 96 5 16 85 65 99 70 26 13 62 31 44 39 84 20 37 47 14 79 82 19 52 66 40 0 71 88 11 42 
11 77 89 6 98 71 0 42 95 24 8 86 23 33 68 55 56 18 52 49 21 54 76 35 2 10 41 97 90 59 17 3 45 94 32 27 91 40 78 36 47 37 20 31 80 53 44 84 14 63 92 26 13 62 70 99 65 85 16 5 22 93 4 12 83 79 81 82 19 61 9 96 34 38 58 48 66 28 60 39 15 30 1 74 67 87 72 73 75 29 7 46 69 43 25 50 64 51 88 57 
85 16 65 61 92 63 80 60 28 91 27 40 32 94 86 3 35 23 90 33 54 76 24 8 95 42 0 11 77 6 98 89 71 88 51 50 64 25 7 46 69 43 57 15 17 59 66 82 79 81 4 93 5 12 96 9 48 21 49 38 34 58 56 18 55 68 97 41 10 2 45 83 52 19 22 62 13 26 14 84 20 37 47 36 78 74 1 30 67 87 29 75 73 72 39 44 53 31 70 99 
57 88 50 51 11 71 98 6 89 77 27 91 15 30 1 67 74 78 36 47 37 31 20 84 44 53 80 60 28 59 17 3 86 23 45 94 32 42 95 24 8 2 10 33 68 54 76 35 90 66 5 93 4 12 96 9 48 34 58 38 21 49 83 79 81 52 22 92 61 19 82 63 14 26 13 62 70 99 65 85 16 56 18 55 97 41 64 25 43 69 7 46 87 29 72 73 75 39 0 40 
22 4 93 19 61 63 92 13 26 62 31 37 47 20 84 78 74 67 1 30 64 50 51 88 77 11 71 0 98 6 89 25 43 57 69 7 46 87 29 75 73 72 36 39 80 53 44 60 52 81 79 83 21 49 55 33 68 54 76 35 3 86 58 56 18 38 48 34 9 96 12 5 85 16 65 99 70 14 32 94 17 59 28 15 91 27 40 42 8 24 95 2 10 41 97 23 45 90 66 82 
1 74 67 87 29 75 73 72 36 78 39 44 53 80 60 28 59 17 32 94 3 86 23 2 10 41 97 55 68 54 76 35 90 83 82 81 79 66 15 25 40 64 50 51 69 43 57 88 71 77 11 98 6 89 0 42 95 24 8 45 33 49 21 38 58 18 56 34 48 9 12 5 96 52 93 4 19 22 61 99 65 85 16 70 92 13 26 62 31 37 47 20 84 14 63 30 91 27 46 7 
1 74 67 87 29 75 73 72 36 78 39 44 53 80 60 28 59 17 32 94 3 86 23 2 10 41 97 55 68 54 76 35 90 83 82 81 79 66 15 25 40 64 50 51 69 43 57 88 71 77 11 98 6 89 0 42 95 24 8 45 33 49 21 38 58 18 56 34 48 9 12 5 96 52 93 4 19 22 61 99 65 85 16 70 92 13 26 62 31 37 47 20 84 14 63 30 91 27 46 7 
81 19 93 22 61 63 92 14 13 26 62 70 99 65 85 16 5 12 4 52 82 28 60 80 53 44 84 20 37 31 47 36 75 73 29 72 87 67 74 78 39 30 1 46 7 25 43 69 57 88 51 71 49 21 38 55 54 76 35 23 86 3 90 2 10 41 97 33 68 56 18 58 34 9 96 48 83 79 66 59 17 94 32 45 24 8 95 42 40 0 98 6 89 77 11 50 64 27 91 15 
44 53 80 60 28 59 17 94 86 3 35 45 2 10 33 54 76 49 21 38 58 56 18 55 68 97 41 32 40 0 77 88 50 51 11 89 98 6 71 64 27 91 15 30 1 74 78 36 20 47 37 31 62 14 13 26 63 82 81 83 52 48 34 9 96 12 4 93 5 22 61 92 70 99 65 16 85 19 79 66 90 23 8 24 95 42 43 25 57 69 46 7 87 67 39 84 29 75 73 72 
44 53 80 60 28 59 17 94 86 3 35 45 2 10 33 54 76 49 21 38 58 56 18 55 68 97 41 32 40 0 77 88 50 51 11 89 98 6 71 64 27 91 15 30 1 74 78 36 20 47 37 31 62 14 13 26 63 82 81 83 52 48 34 9 96 12 4 93 5 22 61 92 70 99 65 16 85 19 79 66 90 23 8 24 95 42 43 25 57 69 46 7 87 67 39 84 29 75 73 72 
75 73 72 87 67 74 30 1 43 25 64 27 91 15 28 60 80 53 44 84 14 92 63 26 13 62 31 37 47 20 36 39 59 17 3 86 23 35 33 68 55 56 18 34 58 21 49 83 81 79 82 66 90 76 54 38 48 52 12 4 5 99 65 16 85 61 70 22 93 9 96 19 78 46 7 69 57 88 11 77 89 98 6 50 51 71 0 40 42 95 8 24 2 10 41 97 45 94 32 29 
82 63 92 29 72 73 75 87 67 78 74 46 7 69 43 25 57 88 50 64 40 0 71 51 11 77 89 6 98 42 95 8 24 10 2 23 86 3 35 68 97 41 33 54 76 49 21 38 34 58 48 83 52 9 12 4 93 22 61 16 85 65 99 70 31 20 37 47 36 39 84 44 60 28 59 17 94 32 91 27 15 30 1 80 53 14 26 13 62 19 81 79 66 90 45 55 56 18 5 96 
2 10 23 86 35 3 17 59 28 60 80 53 44 84 20 47 37 31 72 73 29 87 67 74 78 36 1 39 30 25 43 69 88 50 51 71 11 77 89 98 6 0 40 27 91 15 32 94 45 24 8 95 42 64 57 46 7 75 66 79 81 83 49 21 76 54 68 33 97 41 55 18 56 58 38 34 48 52 12 4 93 22 61 92 26 62 13 63 14 70 99 65 16 85 96 5 9 82 19 90 
60 28 59 17 94 45 23 86 3 32 91 15 64 27 40 50 51 11 77 89 6 98 42 0 71 95 24 8 2 10 41 97 56 18 58 38 48 83 49 21 4 93 19 82 53 39 78 74 67 47 37 31 14 63 92 61 22 65 85 16 5 96 9 34 68 55 76 54 33 35 90 66 79 81 52 12 99 70 13 26 62 20 84 44 36 72 73 75 29 87 43 25 69 46 7 57 88 30 1 80 
57 88 50 51 71 0 40 32 45 94 35 3 86 54 76 90 55 58 38 48 9 96 12 4 93 61 92 63 14 26 13 62 31 37 20 36 78 74 67 1 30 15 17 27 91 8 95 24 2 10 23 33 68 97 41 18 56 34 52 83 21 49 79 66 80 53 44 84 39 60 28 59 82 81 19 22 5 65 16 85 99 70 47 72 29 73 75 87 46 7 69 43 25 64 11 77 89 6 98 42 
57 69 46 7 43 25 64 50 51 88 11 77 71 98 6 89 0 24 95 8 42 40 27 91 15 30 78 36 67 74 1 39 84 20 37 47 73 72 87 29 75 31 62 13 26 70 99 65 85 16 61 22 19 82 79 81 52 83 49 21 9 12 4 93 5 96 34 48 38 58 56 18 55 97 41 33 68 54 86 3 23 35 90 66 59 17 94 32 45 2 10 76 60 28 80 44 53 63 14 92 
19 81 83 52 21 48 38 58 34 9 4 93 22 61 63 53 80 60 28 59 17 32 94 86 35 23 76 90 66 79 82 14 26 13 62 31 37 47 20 84 44 36 78 74 67 87 75 72 73 29 46 7 69 50 51 71 0 40 27 91 15 64 25 43 57 88 11 77 89 6 98 8 24 95 42 10 2 45 3 30 1 39 92 70 99 65 85 16 96 5 12 49 33 54 68 55 97 41 56 18 
54 76 21 49 83 81 79 52 48 96 4 12 9 34 58 38 18 56 55 68 33 2 10 41 97 35 3 86 94 32 17 59 28 60 44 84 20 47 39 78 74 67 1 30 15 91 27 40 0 71 51 88 50 64 25 43 57 69 46 7 87 29 73 75 72 37 31 62 26 13 14 63 92 61 22 93 5 16 85 99 65 70 82 19 53 80 66 90 23 45 95 8 24 42 98 6 89 77 11 36 
54 76 21 49 83 81 79 52 48 96 4 12 9 34 58 38 18 56 55 68 33 2 10 41 97 35 3 86 94 32 17 59 28 60 44 84 20 47 39 78 74 67 1 30 15 91 27 40 0 71 51 88 50 64 25 43 57 69 46 7 87 29 73 75 72 37 31 62 26 13 14 63 92 61 22 93 5 16 85 99 65 70 82 19 53 80 66 90 23 45 95 8 24 42 98 6 89 77 11 36 
13 26 62 14 63 92 61 93 4 12 52 21 49 76 54 33 68 55 90 3 35 23 45 32 94 86 17 59 28 91 27 40 0 71 51 50 64 43 25 46 7 69 57 88 11 77 89 98 6 42 8 95 24 2 10 41 97 56 18 58 38 48 83 81 66 79 19 22 5 96 9 34 30 15 78 36 47 37 20 84 39 44 53 80 60 74 67 1 72 29 87 75 73 31 70 99 65 85 16 82 
52 83 49 21 9 12 4 93 22 61 92 63 14 31 37 47 20 84 44 36 78 39 1 30 15 60 80 53 74 67 87 72 59 28 17 32 94 86 3 35 54 23 33 68 55 76 90 66 79 81 48 34 58 38 56 18 41 97 10 2 45 95 24 8 42 40 71 51 50 11 77 89 6 98 0 64 27 91 25 43 57 88 7 46 69 29 73 75 62 13 26 70 99 65 85 16 96 5 19 82 
86 3 90 35 76 54 55 38 21 49 83 52 81 79 82 63 14 84 20 36 78 74 67 87 72 75 73 46 7 69 43 57 88 50 51 27 91 32 94 17 59 28 60 80 53 44 39 1 30 15 25 64 40 0 71 11 77 42 98 6 89 24 8 95 45 2 10 41 97 33 68 56 18 34 48 9 58 96 12 4 93 22 61 92 19 5 16 85 65 99 70 13 26 62 31 37 47 29 66 23 
63 92 26 13 62 70 99 65 85 16 5 96 12 9 34 38 58 56 18 68 54 55 33 97 41 10 2 23 35 3 32 94 86 45 40 27 64 25 43 91 15 28 80 60 39 44 20 84 14 31 37 47 36 53 82 81 79 66 19 61 22 93 4 49 21 48 52 83 76 90 59 17 11 77 89 6 98 71 0 42 95 8 24 50 51 88 57 69 46 7 67 74 30 1 78 87 29 75 73 72 
14 20 84 44 53 80 28 59 17 32 94 45 3 86 35 23 24 8 95 42 0 71 11 77 89 6 98 25 88 51 50 64 27 91 15 1 74 67 78 36 47 37 31 62 13 92 63 26 70 99 85 16 65 5 4 93 22 61 19 82 66 79 81 83 21 49 90 76 54 55 33 68 97 41 10 2 40 43 57 69 46 7 87 29 73 75 72 39 30 60 12 96 52 48 38 58 34 9 56 18 
8 24 95 42 40 0 71 51 50 88 57 43 25 64 27 91 17 94 45 32 35 86 3 90 66 79 81 52 4 93 19 22 61 92 63 44 84 36 67 74 78 39 80 60 59 28 30 1 29 75 73 72 47 20 37 31 62 26 13 70 99 65 85 16 5 96 12 83 49 21 38 58 34 9 48 56 18 55 76 54 33 68 97 41 10 2 23 15 14 53 82 87 46 7 69 11 77 89 6 98 
33 68 55 97 41 54 76 35 86 3 94 17 59 60 80 53 44 84 20 72 73 75 29 87 74 1 30 25 43 69 57 51 88 50 64 27 40 91 28 78 36 47 37 14 31 62 63 13 26 92 93 22 19 5 12 4 52 83 79 82 81 49 21 48 38 58 56 18 34 9 96 85 16 65 99 70 61 66 90 24 8 95 42 0 71 98 6 89 77 11 46 7 67 39 15 32 45 23 2 10 
40 0 64 50 27 91 94 32 17 59 28 53 80 60 84 14 63 92 70 99 65 22 93 4 12 52 83 21 49 76 54 33 68 41 97 55 56 18 38 58 34 48 9 96 5 85 16 13 26 62 31 37 47 36 78 74 67 1 46 7 69 57 88 51 71 11 77 89 6 98 25 43 15 30 39 44 20 72 73 75 29 87 35 23 86 3 90 66 82 61 19 81 79 2 10 45 95 24 8 42 
81 79 83 49 21 38 9 52 48 34 58 56 18 55 68 33 97 41 10 2 86 35 90 3 17 59 66 60 80 53 44 39 74 67 72 73 75 29 87 7 46 25 51 50 88 57 43 69 78 36 20 84 14 26 62 13 70 99 85 16 65 22 93 4 12 5 96 19 82 61 92 63 31 37 47 1 30 15 91 27 94 45 32 40 71 0 42 95 24 8 98 6 89 77 11 64 28 54 76 23 
36 20 47 37 31 62 13 14 63 92 61 22 93 4 12 52 49 21 55 68 33 2 10 41 97 54 76 90 35 3 59 28 60 80 44 84 39 74 67 87 29 72 7 69 46 43 25 1 30 15 91 17 32 45 94 86 23 56 18 58 38 34 48 9 96 5 99 85 16 65 70 26 82 81 79 83 19 66 53 50 88 51 11 71 0 64 27 40 42 95 24 8 98 6 89 77 57 78 73 75 
71 51 50 64 27 91 32 94 17 59 28 30 1 74 78 20 44 53 80 79 82 61 60 84 39 7 46 67 87 72 73 75 29 36 47 37 31 62 26 92 63 14 13 70 65 99 85 16 5 93 4 52 83 21 49 56 18 55 68 33 97 41 54 76 90 35 3 86 23 2 10 24 8 95 42 40 0 98 6 89 77 11 88 57 69 43 25 15 66 81 19 22 12 9 96 34 58 38 48 45 
69 43 25 64 27 71 0 40 15 91 32 94 3 86 45 23 2 10 41 97 68 55 33 54 76 35 90 49 21 38 48 18 56 58 34 52 12 4 93 5 9 96 19 22 61 16 85 65 99 70 13 26 92 63 14 62 31 37 84 44 80 53 82 79 66 81 83 24 8 95 42 6 98 89 50 51 88 57 11 77 87 67 74 78 39 1 30 28 59 17 60 20 47 36 72 75 73 29 7 46 
70 99 65 16 85 93 22 61 19 81 79 53 44 80 48 38 21 49 83 52 9 12 4 5 96 34 58 56 18 55 54 76 35 86 45 2 10 41 97 68 33 23 94 32 91 15 1 74 78 39 36 20 84 47 37 31 62 26 13 14 63 92 82 66 59 17 30 25 43 69 57 50 88 51 64 27 40 0 71 77 11 98 6 89 42 95 24 8 90 3 28 60 87 46 7 67 72 73 75 29 
74 67 1 30 25 46 7 69 43 57 88 50 51 71 0 40 27 91 15 17 59 28 60 80 53 44 84 20 47 37 31 26 14 63 92 22 93 4 12 5 9 48 38 34 58 56 18 55 68 33 54 76 49 83 81 52 61 19 82 66 79 90 35 23 45 32 94 3 86 2 10 41 97 42 8 24 95 98 6 89 77 11 64 39 36 78 87 72 73 75 29 62 13 70 99 65 85 16 96 21 
74 67 1 30 25 46 7 69 43 57 88 50 51 71 0 40 27 91 15 17 59 28 60 80 53 44 84 20 47 37 31 26 14 63 92 22 93 4 12 5 9 48 38 34 58 56 18 55 68 33 54 76 49 83 81 52 61 19 82 66 79 90 35 23 45 32 94 3 86 2 10 41 97 42 8 24 95 98 6 89 77 11 64 39 36 78 87 72 73 75 29 62 13 70 99 65 85 16 96 21 
72 73 75 29 87 78 74 67 46 7 69 57 88 50 51 11 64 25 91 15 27 98 6 89 77 71 0 40 45 32 94 86 35 76 54 33 68 41 97 55 59 17 3 90 21 49 52 9 96 5 12 4 93 22 19 61 92 63 14 37 47 20 84 44 53 80 60 82 81 79 83 56 18 58 38 34 48 85 16 65 99 70 13 26 62 31 36 39 1 30 28 66 23 2 10 24 8 95 42 43 
55 68 33 32 94 23 86 28 60 80 53 84 14 63 13 26 62 31 37 47 20 36 44 30 1 74 67 87 72 29 73 75 78 39 15 91 27 40 0 71 51 88 50 64 25 43 7 46 69 57 11 77 89 6 98 42 95 8 24 10 2 59 17 66 79 83 52 4 12 96 9 48 38 21 49 54 76 35 3 90 82 81 19 22 93 5 16 85 65 99 70 92 61 34 58 56 18 41 97 45 
36 47 37 31 20 84 44 59 17 94 32 40 27 91 15 28 60 53 14 62 13 26 92 61 22 93 4 12 52 83 49 21 38 58 18 56 55 68 54 76 33 35 3 86 23 45 2 10 42 0 51 88 57 69 7 46 67 78 74 1 30 43 25 64 50 71 11 77 89 6 98 8 24 95 97 41 90 48 34 9 96 5 65 16 85 99 70 19 81 79 66 82 63 80 39 87 29 72 75 73 
41 10 33 97 68 54 76 90 35 3 86 94 32 45 8 24 95 42 0 71 89 6 98 77 11 51 50 88 57 69 46 7 87 67 74 36 78 39 30 1 43 25 64 27 91 17 59 80 44 84 53 14 20 47 37 31 62 13 26 70 63 92 61 93 4 22 19 85 16 65 99 5 96 12 9 48 34 58 38 21 49 83 52 81 79 66 82 60 28 15 72 73 75 29 40 23 2 55 56 18 
98 6 89 77 11 51 50 64 25 43 7 46 69 57 88 71 0 40 27 15 91 39 78 36 73 75 72 29 87 67 74 1 30 66 59 17 32 94 86 3 35 76 54 68 33 41 97 55 56 18 58 38 34 48 83 49 21 81 79 19 61 92 62 14 63 31 37 47 20 84 44 60 28 80 53 82 4 93 99 70 26 13 65 16 85 12 9 96 5 22 52 90 23 2 10 24 8 45 42 95 
37 47 74 67 87 29 75 73 72 78 36 39 60 28 80 53 44 84 20 31 13 62 14 63 92 61 99 65 5 12 4 79 81 52 83 49 21 48 34 38 58 56 18 41 97 68 33 54 55 76 90 3 86 94 32 35 23 17 59 15 91 27 50 51 88 11 77 71 6 89 98 0 42 95 8 24 2 10 45 40 64 57 69 43 25 7 46 1 30 66 82 19 93 22 9 96 16 85 70 26 
68 55 58 34 12 4 93 22 19 81 83 52 49 38 21 48 9 96 5 85 99 65 16 70 26 13 62 31 37 47 72 73 75 29 87 74 1 78 39 36 44 80 60 28 59 64 71 98 6 89 77 11 51 50 88 69 46 7 57 43 25 30 67 20 14 63 92 61 79 90 35 86 3 17 32 94 91 15 84 53 82 66 27 40 0 42 8 24 95 45 23 2 10 41 97 33 54 76 56 18 
16 65 99 70 13 26 92 63 14 20 47 37 31 62 84 44 60 28 15 91 27 64 51 50 11 77 89 6 98 0 40 25 43 69 46 7 87 67 74 1 30 59 17 86 3 35 90 76 54 68 55 56 18 58 38 48 9 34 93 4 12 96 5 49 79 81 19 82 80 53 78 36 75 72 73 29 39 57 88 71 42 95 24 8 2 10 41 97 33 23 45 32 94 66 21 83 52 22 61 85 
83 21 49 52 81 79 19 22 61 92 26 13 14 63 20 37 47 36 78 39 74 67 1 30 15 91 27 64 50 51 11 77 71 88 57 25 43 69 46 7 87 72 29 75 73 31 44 53 80 60 28 59 17 35 23 90 3 94 45 86 2 24 8 95 42 40 0 98 6 89 32 10 41 97 68 33 54 76 38 34 48 9 58 18 56 55 4 12 96 93 5 85 65 16 99 70 62 84 82 66 
73 75 72 29 87 67 74 78 36 47 37 20 84 44 80 60 53 82 19 4 22 61 92 63 62 26 13 70 99 85 16 65 93 5 96 12 52 48 9 81 49 83 66 79 59 17 32 94 3 86 35 45 95 8 24 42 40 27 64 50 51 71 0 11 77 89 6 98 91 15 25 57 88 43 69 7 46 1 30 39 28 23 2 10 41 97 55 33 68 54 76 34 38 58 56 18 21 90 14 31 
27 64 51 88 50 57 69 43 25 7 46 67 74 1 30 60 80 53 44 84 20 47 37 31 78 39 36 72 87 29 75 73 62 14 63 61 22 93 12 5 96 9 34 48 52 83 49 21 38 58 56 18 55 68 33 41 97 2 10 23 35 3 86 94 32 17 59 66 82 92 26 13 70 99 16 85 65 4 19 81 79 90 76 54 24 95 8 42 71 77 98 6 89 11 91 40 0 15 28 45 
86 3 17 59 66 90 52 4 48 34 38 55 68 54 76 21 49 83 81 79 82 20 37 47 31 62 13 26 92 63 14 84 44 60 28 30 1 74 67 87 29 75 73 72 36 78 39 7 69 46 43 57 25 64 50 51 71 0 40 27 91 45 23 2 10 33 41 97 18 56 58 9 96 5 93 12 19 61 22 65 85 16 99 70 53 80 32 94 95 42 8 24 98 6 89 77 11 88 15 35 
76 54 68 55 56 18 58 38 21 49 83 52 48 34 9 96 12 4 93 19 61 22 13 26 62 31 37 47 36 29 72 87 67 1 74 78 39 44 53 80 15 91 17 59 28 60 30 25 43 88 51 50 57 77 11 71 0 98 6 89 24 8 95 42 40 27 32 94 45 2 10 41 97 33 23 35 3 86 90 66 79 81 82 63 14 92 70 99 65 85 16 5 84 20 73 75 46 7 69 64 
32 94 3 86 2 10 41 97 68 55 21 49 83 20 84 44 53 80 60 28 59 17 15 30 39 78 74 1 67 87 72 73 47 37 31 36 14 63 92 61 22 93 4 12 96 5 81 52 48 9 34 58 38 56 18 33 54 76 35 23 45 95 24 8 42 89 6 98 77 11 51 50 64 91 27 25 43 88 57 69 7 46 29 75 62 13 26 70 99 65 16 85 19 79 82 66 90 71 0 40 
32 94 3 86 17 59 15 91 27 40 0 71 11 77 89 51 50 64 25 43 57 88 7 46 69 82 53 80 60 28 44 84 20 37 47 36 78 67 74 1 30 39 14 63 92 61 22 93 4 12 5 96 9 34 48 49 21 58 38 56 18 68 33 54 76 55 97 41 23 2 10 24 8 95 45 35 90 66 81 79 83 52 19 65 85 16 99 70 13 26 62 31 72 73 75 29 87 42 98 6 
32 94 3 86 17 59 15 91 27 40 0 71 11 77 89 51 50 64 25 43 57 88 7 46 69 82 53 80 60 28 44 84 20 37 47 36 78 67 74 1 30 39 14 63 92 61 22 93 4 12 5 96 9 34 48 49 21 58 38 56 18 68 33 54 76 55 97 41 23 2 10 24 8 95 45 35 90 66 81 79 83 52 19 65 85 16 99 70 13 26 62 31 72 73 75 29 87 42 98 6 
74 78 39 1 30 15 91 27 32 94 17 59 53 80 60 44 28 90 83 52 79 66 35 86 23 3 64 50 51 11 77 89 98 6 71 0 40 42 24 8 95 45 2 10 33 68 55 54 76 41 97 56 18 58 38 21 49 48 34 9 12 4 93 19 81 82 61 22 99 65 16 85 5 96 70 13 26 14 63 92 62 31 37 47 20 84 36 72 73 75 29 7 69 46 43 25 57 88 67 87 
31 37 47 84 20 14 26 62 13 70 99 65 16 85 61 22 4 5 93 12 9 96 81 52 83 79 66 28 60 44 53 80 49 21 34 58 38 48 56 18 55 76 54 68 33 23 86 3 35 90 59 17 91 27 50 88 51 71 98 89 0 40 15 30 25 43 46 7 67 74 78 39 36 72 73 75 29 87 1 69 57 64 11 77 6 42 24 8 95 2 10 41 97 45 94 32 82 19 92 63 
64 50 88 51 11 77 89 98 6 71 0 42 40 27 91 32 94 86 3 35 17 59 28 60 80 53 44 84 20 14 63 37 47 36 78 74 1 30 43 69 7 46 67 87 72 73 29 75 31 62 26 13 70 99 85 16 65 5 93 4 12 9 48 38 58 34 49 21 83 52 81 82 79 66 90 76 23 45 2 10 8 24 95 54 68 55 56 18 97 41 33 96 22 19 61 92 39 57 25 15 
34 58 38 48 49 66 79 81 52 83 90 35 3 86 23 94 32 17 59 28 60 80 53 44 84 20 47 37 31 14 63 92 65 16 85 99 70 93 19 22 61 26 13 62 82 76 21 54 33 68 97 41 10 2 45 8 24 95 42 40 27 64 25 43 50 51 88 11 77 89 6 98 0 71 57 69 7 46 67 74 1 30 39 78 36 72 73 75 29 87 15 91 18 56 55 12 4 5 96 9 
34 58 38 48 49 66 79 81 52 83 90 35 3 86 23 94 32 17 59 28 60 80 53 44 84 20 47 37 31 14 63 92 65 16 85 99 70 93 19 22 61 26 13 62 82 76 21 54 33 68 97 41 10 2 45 8 24 95 42 40 27 64 25 43 50 51 88 11 77 89 6 98 0 71 57 69 7 46 67 74 1 30 39 78 36 72 73 75 29 87 15 91 18 56 55 12 4 5 96 9 
13 26 62 14 63 92 61 93 4 12 52 21 49 76 54 33 68 55 90 3 35 23 45 32 94 86 17 59 28 91 27 40 0 71 51 50 64 43 25 46 7 69 57 88 11 77 89 98 6 42 8 95 24 2 10 41 97 56 18 58 38 48 83 81 66 79 19 22 5 96 9 34 30 15 78 36 47 37 20 84 39 44 53 80 60 74 67 1 72 29 87 75 73 31 70 99 65 85 16 82 
34 58 38 21 49 35 3 86 45 32 94 17 59 15 91 27 71 0 40 42 95 24 8 2 10 54 76 90 83 79 81 19 61 92 63 14 62 26 13 70 99 65 85 16 22 93 4 12 96 9 52 48 5 82 66 28 60 80 44 53 39 78 74 67 46 7 43 25 64 50 51 88 11 77 98 6 89 30 1 36 47 37 31 84 20 73 72 29 75 87 69 57 68 33 23 41 97 55 56 18 
81 79 83 49 21 38 58 34 48 9 52 12 4 93 22 61 19 96 5 16 85 65 99 70 92 63 14 26 13 62 31 20 47 37 36 78 74 1 30 25 43 69 88 51 50 71 0 42 95 24 8 40 27 91 15 17 94 32 45 86 3 35 90 66 82 53 80 60 28 59 76 54 33 68 55 56 18 41 97 10 2 23 39 44 84 67 87 72 73 75 29 7 46 57 64 6 98 89 77 11 
15 28 60 80 53 44 84 37 47 20 31 26 13 62 14 63 92 61 22 5 93 12 52 83 81 79 66 82 19 4 9 34 48 49 21 55 68 33 54 76 35 90 3 86 23 94 32 27 40 42 8 24 95 2 10 41 97 18 56 38 58 96 65 99 85 16 70 29 75 73 72 87 46 7 69 43 25 57 88 51 11 77 89 6 98 0 71 50 64 39 36 78 67 74 1 30 17 59 91 45 
15 28 60 80 53 44 84 37 47 20 31 26 13 62 14 63 92 61 22 5 93 12 52 83 81 79 66 82 19 4 9 34 48 49 21 55 68 33 54 76 35 90 3 86 23 94 32 27 40 42 8 24 95 2 10 41 97 18 56 38 58 96 65 99 85 16 70 29 75 73 72 87 46 7 69 43 25 57 88 51 11 77 89 6 98 0 71 50 64 39 36 78 67 74 1 30 17 59 91 45 
95 0 40 51 71 11 77 89 6 98 42 27 91 32 94 45 24 8 23 33 68 55 18 56 48 52 81 83 79 66 59 28 60 80 53 44 84 20 36 47 37 31 62 26 13 70 85 16 65 99 92 14 63 82 19 61 22 4 93 5 96 9 12 34 58 38 21 49 90 86 3 17 15 30 43 25 64 50 88 57 7 46 69 67 1 74 78 72 73 75 29 87 39 35 76 54 97 41 10 2 
26 13 14 63 92 61 22 19 82 79 81 83 52 48 49 21 38 34 58 56 18 68 33 54 76 35 23 86 3 17 59 91 27 43 25 1 30 74 67 87 36 78 39 80 53 44 84 20 47 37 31 62 70 99 65 85 16 93 4 12 96 5 9 55 97 41 10 2 24 8 95 42 0 40 32 94 45 71 89 6 98 77 51 50 88 11 64 57 69 7 46 72 73 75 29 66 90 28 60 15 
55 54 68 33 95 24 8 42 40 0 98 6 89 77 11 88 43 25 69 46 7 57 50 51 71 64 27 91 94 32 86 23 35 3 17 59 28 60 80 53 44 84 20 36 74 67 1 30 15 97 41 45 2 10 18 56 38 48 52 19 81 79 83 21 49 12 4 93 22 61 92 26 13 62 31 37 47 72 73 75 29 87 78 39 90 66 82 14 63 70 99 65 16 85 5 96 9 34 58 76 
60 28 59 17 94 32 45 86 3 35 90 76 54 68 33 23 2 24 8 95 42 40 50 64 27 91 15 30 1 74 67 87 25 43 57 88 51 71 11 77 6 98 89 0 10 41 97 55 18 56 38 58 52 83 49 21 48 34 9 12 5 96 99 65 16 85 70 26 13 62 31 20 84 44 53 80 66 79 81 82 19 22 93 4 61 92 63 14 37 47 36 72 73 29 75 46 7 69 39 78 
60 28 59 17 94 32 45 86 3 35 90 76 54 68 33 23 2 24 8 95 42 40 50 64 27 91 15 30 1 74 67 87 25 43 57 88 51 71 11 77 6 98 89 0 10 41 97 55 18 56 38 58 52 83 49 21 48 34 9 12 5 96 99 65 16 85 70 26 13 62 31 20 84 44 53 80 66 79 81 82 19 22 93 4 61 92 63 14 37 47 36 72 73 29 75 46 7 69 39 78 
51 50 88 57 6 98 71 11 77 89 0 42 95 8 24 45 32 94 86 3 17 59 66 60 80 53 44 84 20 37 47 72 73 75 29 87 74 67 1 30 15 64 25 43 69 46 7 91 27 40 28 39 78 36 31 13 26 92 63 14 62 70 65 85 16 99 5 96 9 34 48 38 58 56 18 55 76 54 33 68 97 41 10 2 23 21 49 52 83 79 81 19 82 61 22 93 4 12 90 35 
9 96 12 4 93 22 61 19 81 79 82 83 52 49 21 48 38 18 58 56 55 68 33 54 76 23 2 45 86 35 3 17 59 28 60 80 53 14 63 92 26 13 62 31 84 44 67 74 78 39 1 30 15 91 94 32 40 98 6 89 77 11 51 50 46 7 69 88 57 43 25 64 27 71 0 42 95 24 8 10 41 97 90 66 5 65 85 16 99 70 20 37 47 36 87 72 73 75 29 34 
69 7 46 43 25 74 67 87 29 75 73 72 36 47 37 20 84 53 63 92 61 22 93 4 12 96 5 19 82 79 81 49 21 38 56 18 55 33 76 54 90 35 86 3 94 32 45 23 2 10 24 8 95 42 64 50 51 11 77 71 0 40 27 91 17 59 28 80 60 15 30 1 78 39 44 31 14 26 13 62 70 99 65 85 16 52 9 34 58 68 97 41 48 83 66 89 6 98 88 57 
21 49 83 79 81 19 22 93 4 12 52 48 34 38 58 56 18 55 68 33 41 97 54 76 2 24 8 95 10 42 86 35 90 59 17 50 88 57 43 25 64 40 27 91 15 30 1 74 87 67 78 36 47 37 20 84 44 53 80 60 28 39 31 73 72 29 75 7 46 69 11 51 71 77 98 6 89 0 94 32 45 23 3 66 82 92 63 14 26 13 62 70 99 65 16 85 61 5 96 9 
65 16 85 99 70 13 26 62 14 63 92 61 22 4 93 5 12 52 38 56 18 58 34 9 48 21 49 83 3 86 45 94 32 17 59 28 60 80 53 44 84 20 31 37 47 72 73 75 29 87 67 74 36 78 46 7 69 43 25 64 27 91 15 76 54 68 33 2 10 24 8 95 71 42 40 0 50 51 11 77 89 98 6 57 88 1 30 39 82 81 19 96 79 66 90 35 23 41 97 55 
98 6 89 77 11 15 30 1 67 78 36 47 20 84 44 53 80 60 28 57 51 0 71 50 88 69 7 46 43 25 64 27 91 17 59 12 4 93 22 19 82 79 83 81 52 48 21 49 76 54 68 33 55 56 18 58 38 34 9 96 5 85 99 65 16 70 13 62 26 92 61 63 14 31 37 73 72 75 29 87 74 39 66 3 86 35 23 45 32 94 40 42 95 24 8 2 10 41 97 90 
75 29 72 87 67 74 78 39 30 1 15 59 28 60 80 53 44 84 37 47 36 20 14 63 92 61 22 93 12 4 52 83 49 21 55 68 54 76 35 90 17 94 32 40 95 8 24 2 10 33 41 97 56 18 58 38 34 9 48 96 5 16 85 99 65 70 26 13 62 31 73 46 7 43 50 88 51 11 77 98 6 89 71 0 27 91 66 79 82 19 81 3 86 23 45 42 64 57 25 69 
75 29 72 87 67 74 78 39 30 1 15 59 28 60 80 53 44 84 37 47 36 20 14 63 92 61 22 93 12 4 52 83 49 21 55 68 54 76 35 90 17 94 32 40 95 8 24 2 10 33 41 97 56 18 58 38 34 9 48 96 5 16 85 99 65 70 26 13 62 31 73 46 7 43 50 88 51 11 77 98 6 89 71 0 27 91 66 79 82 19 81 3 86 23 45 42 64 57 25 69 
79 81 4 93 5 96 12 9 34 58 56 18 21 38 49 83 52 48 76 35 23 45 32 94 86 3 90 17 59 28 60 80 44 84 36 20 47 37 31 62 13 70 99 65 16 85 61 22 19 82 53 63 92 26 14 72 73 75 29 87 67 74 78 39 7 46 69 25 64 50 88 43 57 51 11 77 89 6 98 95 24 8 42 0 71 40 91 27 15 30 1 66 54 68 33 97 41 10 2 55 
7 46 67 74 1 25 43 88 51 11 77 89 6 98 71 0 42 95 8 24 2 10 41 97 33 68 55 21 83 81 53 44 39 78 84 20 47 36 37 31 19 4 22 93 5 12 96 9 48 34 58 38 56 18 54 76 90 35 3 86 23 45 94 32 27 91 40 17 59 28 60 80 62 13 26 63 14 92 61 16 85 65 99 70 82 66 79 52 49 30 15 64 50 57 69 29 72 73 75 87 
71 11 51 50 64 27 91 15 17 59 28 60 80 53 44 39 78 67 30 1 74 36 20 84 14 63 92 26 13 70 16 85 65 99 22 61 83 49 21 76 54 33 68 55 58 38 34 48 9 52 12 96 5 93 4 19 81 79 66 82 62 31 37 47 72 73 75 29 87 94 3 35 23 86 40 0 42 95 24 8 2 10 41 97 56 18 90 45 32 7 46 69 43 57 88 77 89 6 98 25 
54 76 33 68 55 97 41 10 2 23 86 3 45 94 32 28 66 90 48 52 83 79 19 22 61 92 63 14 47 37 20 84 44 53 80 60 39 78 36 30 1 74 67 87 72 73 75 29 7 46 69 57 88 50 51 71 0 42 40 91 27 64 25 43 77 11 89 6 98 95 8 24 59 17 15 49 21 38 56 18 58 34 9 12 4 93 5 96 65 85 16 99 70 26 13 62 31 82 81 35 
56 18 76 55 68 33 23 45 94 32 17 3 86 35 90 27 91 15 30 1 74 67 87 78 36 20 37 47 31 62 14 63 92 61 22 93 5 85 16 65 99 70 13 26 84 44 80 60 28 59 82 66 79 81 19 4 12 96 9 52 48 83 49 21 38 34 58 41 97 10 2 24 8 95 0 71 51 88 50 57 43 25 64 11 77 89 6 98 42 40 69 46 7 29 72 73 75 39 53 54 
65 13 26 62 14 63 92 61 19 66 79 82 81 22 93 5 4 12 96 9 48 83 52 49 21 76 54 41 10 2 24 8 95 42 40 0 71 11 77 89 6 98 51 50 64 27 32 94 45 17 59 3 35 86 23 33 68 55 56 18 97 34 58 38 90 28 60 80 53 44 84 72 73 75 29 87 67 74 1 30 25 43 69 46 7 57 88 91 15 39 20 37 47 36 78 31 99 70 85 16 
39 44 84 20 37 47 36 78 74 67 29 75 73 72 87 1 30 15 28 59 86 94 32 45 23 2 10 24 8 95 42 0 71 11 77 51 88 57 50 64 27 91 17 3 35 76 49 90 66 79 81 52 48 38 21 83 82 53 80 60 6 89 98 40 25 43 69 7 46 31 62 13 26 14 63 92 61 22 93 4 12 9 96 55 33 41 97 68 54 56 18 58 34 19 5 16 85 65 99 70 
31 37 20 47 36 78 39 30 1 74 67 87 72 73 29 75 46 7 69 57 88 50 51 11 77 89 6 98 71 0 42 40 27 91 32 94 45 86 35 23 3 33 68 54 76 59 17 15 28 60 80 44 84 14 43 25 64 95 8 24 10 2 41 97 55 56 18 34 49 21 48 4 12 9 52 83 81 79 82 19 93 22 61 92 63 53 66 90 58 38 96 5 65 85 16 99 70 13 26 62 
43 25 50 88 11 77 89 98 6 71 51 64 27 40 95 45 23 86 76 35 3 32 94 17 59 28 60 80 44 53 82 79 81 83 49 21 48 12 4 19 93 5 96 9 34 58 38 56 18 97 41 68 33 54 55 52 22 65 85 16 99 70 61 92 63 14 26 13 62 36 78 67 87 72 73 75 29 39 1 30 15 91 0 42 8 24 2 10 90 66 84 31 37 47 20 74 46 7 57 69 
45 32 94 86 35 76 54 58 34 48 83 52 81 79 66 59 60 80 53 44 84 20 47 37 31 13 26 14 63 92 61 22 93 4 12 96 5 19 82 28 15 27 91 17 30 1 74 67 46 7 69 40 0 71 51 88 57 43 50 11 77 89 6 98 8 42 95 24 2 10 41 97 18 56 55 68 33 23 3 90 49 21 38 9 85 16 65 99 70 62 39 78 36 72 73 75 87 29 25 64 
45 32 94 86 35 76 54 58 34 48 83 52 81 79 66 59 60 80 53 44 84 20 47 37 31 13 26 14 63 92 61 22 93 4 12 96 5 19 82 28 15 27 91 17 30 1 74 67 46 7 69 40 0 71 51 88 57 43 50 11 77 89 6 98 8 42 95 24 2 10 41 97 18 56 55 68 33 23 3 90 49 21 38 9 85 16 65 99 70 62 39 78 36 72 73 75 87 29 25 64 
86 3 35 23 33 54 76 90 66 79 81 4 12 93 22 61 92 63 14 62 13 26 70 99 65 85 16 5 96 9 49 21 58 38 48 34 56 18 55 68 97 41 10 2 95 24 8 42 0 40 27 91 32 45 94 17 28 60 80 53 44 72 73 78 74 67 1 30 87 29 75 47 37 31 84 20 36 39 43 46 7 69 57 88 11 77 71 50 51 89 6 98 25 64 15 59 82 19 52 83 
86 3 35 23 33 54 76 90 66 79 81 4 12 93 22 61 92 63 14 62 13 26 70 99 65 85 16 5 96 9 49 21 58 38 48 34 56 18 55 68 97 41 10 2 95 24 8 42 0 40 27 91 32 45 94 17 28 60 80 53 44 72 73 78 74 67 1 30 87 29 75 47 37 31 84 20 36 39 43 46 7 69 57 88 11 77 71 50 51 89 6 98 25 64 15 59 82 19 52 83 
