92 61 22 93 5 4 12 96 9 52 83 81 79 66 28 60 80 53 63 14 26 13 62 31 37 47 36 74 67 39 78 1 30 15 91 27 40 0 71 51 11 77 89 6 98 42 24 8 95 94 32 17 59 33 68 55 56 18 58 34 48 38 21 49 90 3 86 35 23 10 2 45 64 43 25 50 88 57 69 46 7 87 72 73 75 29 20 84 44 70 99 65 85 16 19 82 76 54 41 97 
32 45 94 3 35 90 66 81 19 22 93 4 12 96 48 34 38 58 56 18 55 68 33 97 41 2 10 95 24 8 42 0 98 6 89 11 51 88 64 27 40 71 77 50 25 43 69 46 7 29 75 73 72 87 67 1 74 78 84 44 53 80 60 28 59 17 91 15 30 39 36 47 37 31 62 13 26 63 92 61 82 79 83 49 21 52 9 5 16 85 99 65 70 14 20 23 86 76 54 57 
90 35 66 79 83 81 12 4 22 61 85 16 65 99 70 13 26 92 63 53 80 60 44 84 20 47 37 36 74 78 39 1 30 91 27 28 59 17 49 21 38 58 34 48 52 54 76 68 41 97 45 2 10 24 95 8 42 40 0 71 51 50 88 57 43 25 69 7 46 67 87 29 72 73 75 31 62 14 82 19 93 5 96 9 56 18 55 33 23 86 3 94 32 15 64 98 6 89 77 11 
44 84 20 47 36 39 78 67 74 1 30 25 43 50 64 27 91 15 59 17 28 60 53 80 82 56 18 58 34 38 21 49 76 54 68 33 41 97 55 48 52 81 19 4 93 22 61 70 99 65 85 16 5 96 12 9 83 79 66 92 63 14 62 26 13 31 37 72 73 75 29 87 7 46 69 57 88 71 0 95 10 2 23 35 3 86 45 94 32 40 51 11 77 89 98 6 8 24 42 90 
35 3 86 94 32 45 40 64 25 43 57 88 51 50 11 77 0 91 27 59 28 60 80 53 44 84 20 37 47 31 73 75 29 72 87 67 74 36 78 30 1 46 7 69 42 71 98 6 89 95 8 24 10 41 97 68 55 76 54 33 2 23 56 18 58 34 49 83 52 38 21 48 9 12 4 93 22 19 81 82 61 92 63 14 62 13 26 70 99 85 16 65 5 96 79 66 90 17 15 39 
54 76 35 86 23 2 10 3 17 59 43 25 91 27 64 50 51 71 0 42 95 8 24 33 41 97 68 55 56 18 38 58 48 34 9 96 12 4 93 22 19 79 49 21 83 81 80 53 44 84 39 1 30 15 28 60 82 92 61 63 14 31 20 37 47 36 78 74 67 87 72 73 75 29 46 7 69 57 88 11 77 89 6 98 40 32 94 45 90 66 13 26 62 70 99 65 85 16 5 52 
31 37 47 20 84 44 53 80 60 91 27 40 42 8 24 95 45 32 94 3 86 23 35 76 54 33 68 55 56 34 9 96 5 93 4 52 83 49 21 38 58 79 81 19 22 61 92 13 26 62 14 63 82 66 39 74 1 69 25 43 64 50 51 11 77 71 89 6 98 0 88 57 46 7 67 87 72 73 75 29 36 78 30 15 28 17 59 90 2 10 41 97 18 48 12 65 99 85 16 70 
37 47 36 78 74 67 87 72 73 75 29 7 46 69 51 11 71 50 88 57 43 25 39 60 28 59 17 94 32 23 2 45 86 3 90 21 35 54 76 55 68 33 97 41 10 24 95 8 91 27 40 0 42 98 6 89 77 64 15 30 1 44 84 20 80 53 66 83 81 52 48 34 9 12 4 93 22 19 82 79 49 38 58 56 18 96 5 61 92 63 14 26 13 70 99 65 16 85 62 31 
45 76 54 86 3 35 23 17 59 28 60 80 53 44 84 63 26 13 62 14 82 79 81 19 22 93 4 5 96 38 58 34 48 12 9 52 83 49 21 18 56 55 68 33 41 97 10 2 40 0 51 50 88 57 69 7 46 29 67 74 1 30 25 43 11 77 71 89 6 98 42 95 24 8 27 91 15 64 39 87 72 73 75 36 78 20 37 47 31 70 99 65 16 85 92 61 66 90 94 32 
85 16 65 99 70 13 62 14 26 92 63 53 80 44 84 20 37 47 87 67 46 7 69 57 88 50 51 11 77 71 0 40 45 94 32 27 91 17 59 15 30 1 74 72 73 75 29 43 25 64 89 98 6 42 95 8 24 86 3 35 23 33 97 68 54 76 49 21 38 58 34 9 96 4 12 19 61 93 22 5 81 79 52 83 48 56 18 55 41 10 2 90 66 82 60 28 39 36 78 31 
44 53 80 60 28 39 36 47 78 74 1 30 25 43 46 7 69 57 88 51 50 64 27 91 15 59 17 32 45 23 35 33 68 55 18 56 58 38 48 52 83 79 81 4 12 96 9 34 21 49 66 76 54 97 41 10 2 8 24 95 42 6 71 77 11 0 40 98 89 86 94 3 90 63 14 26 13 92 70 99 65 16 85 5 93 22 61 19 82 20 37 31 62 73 75 72 29 87 67 84 
60 80 53 82 79 83 49 21 48 58 9 96 12 4 93 5 61 22 99 85 16 65 70 13 26 62 37 47 20 36 78 74 1 30 25 43 64 50 51 11 77 71 0 40 27 91 15 17 94 32 24 8 42 98 6 89 88 57 69 46 7 67 87 72 73 75 29 39 44 84 31 63 14 92 19 81 52 38 56 18 68 97 41 54 76 35 86 3 23 2 10 95 45 59 28 66 90 33 55 34 
25 43 69 7 46 87 67 74 39 84 44 60 28 59 17 32 94 45 23 86 3 35 54 33 68 55 56 18 38 21 49 83 79 81 52 12 4 93 22 61 92 63 14 26 62 13 70 99 65 85 16 96 9 48 58 34 5 19 66 82 53 80 78 36 37 47 20 31 72 73 75 29 0 71 51 88 50 11 77 89 98 6 8 24 95 2 10 41 97 90 76 91 27 64 57 1 30 15 42 40 
31 37 47 20 84 44 80 53 39 78 36 1 74 67 87 72 73 75 29 7 46 69 57 43 25 64 50 51 71 0 40 27 91 32 94 17 59 28 60 66 79 83 52 12 4 22 93 5 96 21 38 58 34 9 48 3 86 45 23 35 33 68 76 54 55 56 18 97 41 10 2 24 8 95 42 89 6 98 77 11 88 30 15 19 82 81 49 90 61 92 13 26 14 63 62 70 99 65 85 16 
90 3 86 23 35 54 76 55 97 33 68 49 38 21 83 52 12 4 93 5 22 61 19 80 53 44 84 20 47 37 31 62 13 26 92 63 14 66 79 81 82 1 30 25 43 57 88 50 64 39 78 36 72 73 75 29 67 74 87 7 46 69 51 11 77 71 89 6 98 8 24 95 42 0 40 27 91 15 60 28 17 59 94 32 45 2 10 41 56 18 58 34 48 9 96 16 85 65 99 70 
58 56 18 68 54 76 33 23 86 35 3 17 59 94 45 32 27 91 64 43 57 46 7 69 25 88 50 51 71 11 77 89 6 98 40 0 42 95 8 24 2 10 41 97 55 21 49 83 79 66 90 60 80 53 44 84 20 47 37 31 62 13 26 92 63 39 78 36 74 1 30 15 28 67 87 29 73 75 72 14 19 82 96 12 4 93 22 52 48 81 61 70 65 99 85 16 5 9 38 34 
70 99 65 85 16 22 93 4 12 9 96 5 19 82 66 59 17 94 86 3 90 35 33 68 55 54 76 49 21 48 34 38 58 56 18 97 41 2 10 23 40 0 71 32 15 91 27 64 50 51 11 77 89 6 98 8 24 95 45 42 69 7 46 25 43 88 57 60 80 53 84 20 44 39 67 74 78 36 47 37 31 26 14 63 92 61 81 83 52 79 28 30 1 87 29 72 73 75 62 13 
34 48 21 49 81 79 83 52 9 96 12 93 22 5 4 85 16 65 99 70 26 14 63 92 61 19 82 66 80 60 53 44 84 20 37 47 73 72 87 36 78 67 74 1 30 43 25 64 50 51 11 77 0 71 98 6 89 42 8 95 24 45 32 94 3 86 35 90 76 54 33 68 97 41 10 2 23 15 17 59 28 39 91 27 40 88 57 69 7 46 29 75 31 62 13 56 18 55 58 38 
31 62 26 13 70 99 65 85 16 92 63 14 47 37 20 84 44 39 74 67 87 46 7 69 57 51 50 88 11 77 6 98 89 71 0 40 42 95 8 24 33 76 35 3 86 23 55 68 54 38 58 56 18 97 41 10 2 45 32 94 17 59 28 60 80 53 82 19 4 93 5 96 12 9 52 83 49 21 79 81 22 61 48 34 90 66 30 1 36 78 72 73 75 29 25 43 64 27 91 15 
80 60 28 59 17 94 86 3 35 90 76 54 68 55 56 18 38 48 34 58 9 52 83 21 49 12 5 93 4 61 22 19 81 79 66 82 53 44 84 63 14 31 37 47 36 72 73 75 29 87 7 67 74 78 1 30 43 25 46 69 57 88 50 51 11 77 64 40 45 2 10 97 41 33 23 24 8 95 42 0 71 98 6 89 32 91 27 15 39 20 26 13 62 92 65 99 70 16 85 96 
96 9 52 81 19 93 22 61 92 13 26 63 14 53 44 84 20 31 37 47 73 72 67 74 1 30 78 39 60 80 82 83 21 49 48 34 58 38 18 56 55 54 33 68 97 41 10 2 23 86 3 35 66 90 76 17 59 28 91 64 25 43 69 7 46 57 88 50 51 11 77 89 98 6 0 40 71 42 8 24 95 45 32 94 15 27 87 29 75 36 62 70 99 65 85 16 5 12 4 79 
72 73 75 29 87 67 74 1 30 15 91 27 64 51 11 77 71 98 6 89 0 40 94 3 86 23 2 10 33 54 76 21 49 38 34 58 56 18 97 41 68 55 9 96 12 4 19 81 52 83 79 66 90 35 24 8 95 42 32 17 59 28 60 80 53 44 84 20 78 39 36 47 37 31 62 26 13 70 93 22 92 61 65 99 85 16 5 63 14 82 48 45 25 57 88 50 43 69 7 46 
34 58 38 56 18 55 68 33 54 76 35 3 94 86 23 24 8 95 42 0 27 91 28 15 30 1 74 78 36 39 60 80 44 84 20 43 25 50 88 51 11 77 89 6 98 71 64 57 69 7 46 67 87 72 73 29 75 47 37 31 62 14 63 92 61 22 93 4 12 79 81 83 52 49 21 48 9 96 5 85 65 16 99 70 13 26 53 82 19 66 59 17 32 45 2 10 41 97 90 40 
37 31 20 47 44 84 39 78 74 67 1 30 25 43 46 7 69 57 88 50 51 11 77 71 0 27 91 17 59 28 60 80 53 82 83 52 48 21 49 9 12 4 93 22 19 81 79 66 90 35 86 3 94 32 45 2 10 33 68 41 97 76 54 55 56 18 58 34 38 96 5 16 65 99 85 61 92 70 13 26 62 14 63 36 72 73 75 29 87 15 64 89 6 98 42 95 24 8 40 23 
33 68 55 54 76 90 66 79 81 83 49 21 48 38 58 34 9 96 12 4 93 22 61 92 26 13 70 99 85 16 65 5 19 52 82 53 84 44 15 30 1 67 74 78 39 20 37 31 62 63 14 36 47 72 29 75 73 87 7 46 69 43 57 88 50 51 71 6 98 89 77 11 0 40 3 86 23 35 94 45 32 27 25 64 91 17 59 28 80 60 95 8 24 10 2 42 41 97 18 56 
55 68 33 54 76 21 49 83 81 79 52 12 4 93 22 61 92 63 14 26 13 62 31 37 87 67 74 78 39 36 47 73 75 72 29 7 46 69 57 88 50 51 11 77 89 98 6 24 8 42 86 3 59 17 94 32 45 2 10 35 23 95 0 71 40 27 91 15 30 1 25 43 64 28 60 80 53 44 84 20 56 18 58 38 34 48 9 96 5 16 85 65 70 99 82 19 66 90 41 97 
50 88 11 77 89 6 98 0 71 51 57 43 69 25 64 27 91 94 17 59 28 60 80 53 44 84 20 47 37 62 26 13 92 63 14 70 99 85 65 16 61 22 19 82 81 83 4 12 96 5 93 9 48 38 58 56 34 18 55 68 97 41 10 2 23 45 35 3 86 33 54 76 90 21 49 52 79 66 32 40 8 24 95 42 67 74 1 30 15 78 36 39 31 72 73 75 29 87 7 46 
55 68 33 97 41 3 86 45 23 35 54 76 49 21 79 82 19 81 28 60 80 53 44 84 14 63 92 61 22 4 93 96 12 52 83 48 58 38 18 56 34 9 5 85 16 65 99 70 13 26 62 31 37 47 20 36 78 74 67 87 72 73 75 29 7 46 69 43 25 64 50 57 88 51 11 77 71 0 40 27 91 32 94 2 10 24 8 95 42 6 98 89 30 1 39 66 90 17 59 15 
39 78 74 67 1 30 15 91 27 64 50 51 71 11 77 89 6 98 0 40 42 8 24 95 45 2 10 68 33 54 76 35 3 86 17 59 28 60 80 53 84 44 82 79 81 19 93 22 61 92 26 70 99 65 85 16 5 4 12 96 9 48 52 83 66 90 21 49 18 56 58 38 34 55 97 41 32 94 23 20 36 47 37 31 72 73 75 29 87 7 46 69 57 88 25 43 62 13 14 63 
80 60 39 78 74 1 46 7 69 57 88 11 77 89 6 98 51 50 27 91 15 28 59 94 17 3 35 76 54 33 55 97 68 56 18 58 38 34 48 21 49 82 66 53 84 62 26 13 70 99 65 85 16 5 93 4 12 96 9 52 83 81 79 90 86 23 2 10 41 8 24 95 42 0 71 40 32 45 64 43 25 30 67 87 36 72 73 75 29 47 20 37 31 14 63 92 61 22 19 44 
31 37 47 36 78 67 74 30 1 39 44 53 80 84 20 14 63 92 61 22 93 5 96 12 4 52 79 83 81 19 82 33 68 54 76 35 23 86 3 59 66 90 49 21 38 58 18 56 55 97 41 10 2 45 95 24 8 42 40 0 71 51 50 64 27 91 17 15 28 60 43 25 57 7 46 69 88 11 77 89 6 98 94 32 48 34 9 85 16 65 99 70 26 13 62 73 72 75 29 87 
94 32 91 17 66 82 79 81 52 83 21 38 56 18 55 68 54 76 90 35 86 3 59 28 60 80 44 53 84 20 36 47 37 31 62 13 26 14 63 92 19 22 93 4 12 96 5 61 70 99 65 85 16 9 34 48 58 49 33 41 97 23 45 2 10 24 8 95 42 40 0 71 11 77 98 6 89 50 88 25 43 7 46 69 57 64 27 51 87 67 74 78 72 73 75 29 30 1 39 15 
28 59 17 3 86 94 32 40 42 95 8 24 10 2 97 68 54 33 41 55 56 18 58 34 9 48 49 21 38 76 35 23 90 83 52 12 93 4 22 61 92 63 14 26 70 13 62 31 37 47 20 84 44 60 80 53 36 78 74 67 87 72 75 73 29 7 46 69 43 57 50 51 88 11 77 89 6 98 0 71 64 25 15 91 27 1 30 39 79 81 66 82 19 65 85 16 99 5 96 45 
35 3 86 94 17 30 1 74 78 36 47 37 20 84 44 80 60 28 90 76 49 21 38 58 56 55 18 48 34 9 96 12 4 81 52 83 79 82 19 22 93 5 61 63 92 99 85 16 65 70 13 26 31 62 14 53 39 67 87 72 73 75 29 7 46 69 57 43 25 64 40 0 71 51 50 88 11 77 89 6 98 42 95 24 8 10 2 23 45 32 27 91 15 59 66 68 54 33 41 97 
11 77 89 98 6 71 51 50 88 57 69 46 7 67 74 78 87 72 39 60 80 53 44 84 20 14 63 92 61 22 93 5 12 4 52 48 49 21 38 58 56 18 55 68 54 76 35 86 3 94 32 27 64 0 42 95 8 24 10 33 23 90 79 81 19 82 66 83 15 25 43 1 30 91 59 17 28 40 45 2 41 97 34 9 96 16 65 85 99 70 13 26 62 31 37 47 36 73 75 29 
43 25 30 15 91 27 64 51 50 88 11 77 0 42 95 24 8 45 94 86 3 59 28 53 80 60 44 84 20 47 37 31 62 13 26 63 92 61 22 82 19 81 52 12 93 5 96 9 48 38 58 18 56 55 54 76 33 68 97 41 10 2 23 35 90 83 79 66 17 32 40 71 89 6 98 57 69 7 46 87 29 75 73 72 36 78 74 67 39 1 14 70 99 65 85 16 4 34 21 49 
86 23 35 76 54 68 33 55 21 83 81 79 66 90 3 94 45 32 91 27 50 51 71 57 88 11 77 89 6 98 64 25 43 69 46 7 1 30 15 17 59 28 60 80 20 37 47 84 53 44 39 74 67 78 36 87 72 73 75 29 62 13 26 92 63 14 31 70 65 99 85 16 5 93 4 12 96 9 34 58 56 18 38 48 52 19 22 61 82 49 0 40 42 95 8 24 2 10 41 97 
35 86 3 94 45 32 27 91 17 30 1 74 67 78 36 47 37 20 31 62 13 70 99 65 85 16 22 61 26 92 63 14 84 44 80 60 28 59 15 50 51 77 11 88 25 43 57 69 46 7 87 72 73 75 29 39 53 82 79 81 52 83 49 21 58 38 9 4 93 5 96 12 48 34 56 18 54 33 41 97 68 76 90 23 2 8 24 95 42 98 6 89 71 0 40 64 66 19 55 10 
30 1 74 67 7 46 69 57 43 25 50 51 88 64 40 32 94 86 23 35 3 17 59 91 15 28 60 53 80 44 84 20 37 47 72 73 75 29 87 78 36 39 82 19 4 93 22 61 92 63 14 62 26 13 70 99 65 85 16 52 83 49 21 34 58 18 56 38 48 9 12 96 5 81 79 66 90 10 2 95 24 8 42 0 71 11 77 89 6 98 27 45 76 54 68 33 97 41 55 31 
35 54 76 49 21 38 58 48 34 9 12 4 93 22 19 61 92 63 14 26 13 62 31 37 20 84 44 60 28 59 17 94 32 45 23 86 3 90 66 79 81 83 52 96 5 85 16 65 99 70 82 53 80 1 74 39 78 36 47 72 73 75 29 87 67 46 7 69 57 88 51 71 11 77 89 6 98 91 27 64 50 25 43 30 15 0 40 95 24 8 42 2 10 97 41 33 68 55 18 56 
73 72 29 75 31 37 47 36 44 53 80 60 28 59 43 25 0 98 6 89 77 11 71 51 50 88 57 69 46 7 74 67 87 78 39 1 30 15 91 27 64 40 42 95 8 24 2 10 41 97 33 76 54 68 55 9 34 48 83 49 21 38 58 18 56 35 3 86 94 32 17 45 23 90 66 82 79 81 52 4 93 61 5 12 96 19 22 99 65 16 85 70 92 63 62 13 26 14 84 20 
37 47 36 78 74 67 87 72 73 75 29 7 46 69 51 11 71 50 88 57 43 25 39 60 28 59 17 94 32 23 2 45 86 3 90 21 35 54 76 55 68 33 97 41 10 24 95 8 91 27 40 0 42 98 6 89 77 64 15 30 1 44 84 20 80 53 66 83 81 52 48 34 9 12 4 93 22 19 82 79 49 38 58 56 18 96 5 61 92 63 14 26 13 70 99 65 16 85 62 31 
37 47 36 78 74 67 87 72 73 75 29 7 46 69 51 11 71 50 88 57 43 25 39 60 28 59 17 94 32 23 2 45 86 3 90 21 35 54 76 55 68 33 97 41 10 24 95 8 91 27 40 0 42 98 6 89 77 64 15 30 1 44 84 20 80 53 66 83 81 52 48 34 9 12 4 93 22 19 82 79 49 38 58 56 18 96 5 61 92 63 14 26 13 70 99 65 16 85 62 31 
58 34 48 38 21 49 12 4 93 22 61 92 70 80 60 28 59 17 94 32 27 91 15 30 1 74 67 87 78 36 47 37 31 20 84 14 63 53 44 39 43 25 50 51 88 64 40 0 42 8 24 95 45 23 86 3 35 90 66 79 81 19 82 83 52 9 96 5 16 85 65 99 26 13 62 72 73 29 75 69 7 46 57 77 11 89 6 98 71 54 76 97 41 10 2 33 68 55 56 18 
68 55 58 38 34 56 18 21 49 76 54 97 41 33 23 94 32 86 35 90 66 79 81 83 52 48 12 9 96 22 4 93 19 82 53 44 84 20 37 47 36 72 73 75 29 87 67 74 78 1 30 25 43 69 46 7 50 51 88 11 64 40 0 71 77 89 98 6 42 24 95 45 3 17 59 28 60 80 63 92 61 5 16 85 65 99 70 62 13 26 14 31 39 15 91 27 57 8 10 2 
21 49 76 54 68 33 41 97 55 56 18 58 38 48 9 96 12 4 93 5 22 19 82 79 81 52 83 66 90 28 60 80 53 44 84 20 37 47 67 46 7 69 57 51 50 88 11 89 6 98 0 71 77 86 3 17 59 32 94 91 27 64 25 43 40 42 95 8 24 23 35 45 2 10 15 30 1 74 78 36 72 73 75 29 87 39 31 62 13 26 61 92 63 14 70 99 65 85 16 34 
75 72 73 47 37 31 14 13 26 92 61 63 84 44 80 53 82 28 60 39 78 36 20 62 70 99 65 16 85 22 93 4 52 83 48 38 21 49 76 54 33 86 3 94 32 40 0 64 50 51 88 43 25 27 91 15 1 30 74 67 87 7 46 69 57 11 77 71 89 6 98 42 8 24 95 45 23 35 10 2 41 97 68 55 56 18 58 34 9 12 5 96 19 81 79 66 90 59 17 29 
67 74 78 39 30 1 15 91 27 64 50 51 88 57 25 43 69 7 46 87 37 47 31 20 44 60 80 53 63 92 26 13 62 14 70 99 65 16 85 5 4 93 22 61 19 81 79 83 52 48 34 9 12 96 38 54 41 33 23 45 94 32 17 86 3 35 76 49 21 58 56 18 55 68 97 10 2 24 8 95 42 98 6 89 77 11 71 0 40 28 59 66 90 82 84 36 72 73 75 29 
91 32 94 86 23 90 66 82 53 80 60 30 1 78 74 39 28 59 17 15 27 40 0 42 95 8 24 2 10 41 97 33 54 76 21 49 83 81 79 93 22 61 92 63 14 26 44 84 47 37 20 36 87 67 46 7 69 57 88 51 11 77 89 6 98 45 3 35 68 55 56 18 58 38 48 9 96 5 19 12 4 52 34 85 16 65 99 70 13 62 31 72 29 75 73 43 25 64 50 71 
91 32 94 86 23 90 66 82 53 80 60 30 1 78 74 39 28 59 17 15 27 40 0 42 95 8 24 2 10 41 97 33 54 76 21 49 83 81 79 93 22 61 92 63 14 26 44 84 47 37 20 36 87 67 46 7 69 57 88 51 11 77 89 6 98 45 3 35 68 55 56 18 58 38 48 9 96 5 19 12 4 52 34 85 16 65 99 70 13 62 31 72 29 75 73 43 25 64 50 71 
35 86 3 90 79 81 52 83 49 21 76 54 68 18 56 58 38 34 9 12 4 93 5 96 48 45 24 8 95 42 0 71 51 50 43 25 27 91 15 30 28 59 17 94 32 40 64 98 6 89 77 88 11 57 69 46 7 1 74 67 87 29 75 73 72 78 39 82 61 92 63 14 84 44 80 53 66 19 22 65 85 16 99 70 26 13 62 31 37 47 36 20 60 33 23 10 2 41 97 55 
59 28 60 44 53 80 39 84 20 37 31 62 26 13 65 16 85 99 70 92 63 14 19 4 12 96 93 22 61 5 9 34 58 38 21 49 66 79 83 52 90 76 54 68 55 56 18 48 81 82 35 86 3 94 32 17 91 27 64 15 30 1 67 74 78 36 47 73 75 72 29 87 46 7 69 57 88 50 51 11 77 89 98 6 24 8 95 45 23 2 33 10 41 97 40 42 0 71 25 43 
74 67 1 30 39 44 84 53 80 60 28 66 3 86 23 2 10 24 8 95 42 40 64 25 43 69 46 7 87 78 36 47 37 31 62 13 26 63 92 61 22 93 4 12 5 96 9 34 58 56 18 38 21 49 81 82 79 83 52 48 76 54 33 68 55 97 41 45 32 94 15 91 27 50 51 88 11 77 98 6 89 71 0 59 17 90 35 19 65 85 16 99 70 14 20 72 29 75 73 57 
40 27 45 94 32 0 71 50 88 43 57 69 46 7 67 74 78 36 47 37 31 13 62 26 14 63 92 70 99 65 85 16 93 19 61 22 12 4 52 83 49 21 38 58 56 55 97 54 68 33 2 86 23 76 35 90 3 59 28 17 39 30 1 15 91 51 11 77 89 6 98 42 95 24 8 10 41 18 34 48 9 96 5 81 79 66 82 53 44 80 60 84 20 72 73 75 29 87 25 64 
45 94 3 86 90 76 54 55 68 33 23 35 59 28 60 53 80 44 84 20 63 26 13 47 36 78 74 67 46 7 69 43 25 64 27 91 32 50 88 51 11 77 89 98 6 0 40 71 42 95 8 24 2 10 41 97 56 18 58 34 38 21 49 19 22 93 4 52 81 79 66 82 83 48 9 96 12 5 65 85 16 99 70 61 92 14 62 31 37 87 72 29 73 75 1 30 15 17 39 57 
97 68 33 54 76 35 40 27 91 15 1 67 74 78 39 30 25 43 46 7 69 57 88 50 51 71 11 77 89 6 98 41 10 2 94 86 3 32 45 95 24 8 42 0 64 17 59 28 60 80 53 44 84 20 37 47 36 72 73 87 29 75 31 62 13 26 70 99 65 16 85 22 93 4 19 82 79 66 81 83 52 48 9 12 96 5 61 92 63 14 90 49 21 38 58 34 56 55 18 23 
14 26 13 70 99 65 85 16 22 93 4 12 96 5 79 66 90 3 86 35 23 2 10 8 32 94 45 33 68 97 41 24 95 42 98 89 6 71 51 50 64 43 25 74 78 36 1 67 72 73 75 29 87 47 37 20 84 44 80 53 60 28 59 17 15 91 27 40 0 11 77 88 57 69 7 46 30 39 63 92 61 19 82 52 83 49 21 38 58 18 56 54 76 55 48 34 9 81 62 31 
14 26 13 70 99 65 85 16 22 93 4 12 96 5 79 66 90 3 86 35 23 2 10 8 32 94 45 33 68 97 41 24 95 42 98 89 6 71 51 50 64 43 25 74 78 36 1 67 72 73 75 29 87 47 37 20 84 44 80 53 60 28 59 17 15 91 27 40 0 11 77 88 57 69 7 46 30 39 63 92 61 19 82 52 83 49 21 38 58 18 56 54 76 55 48 34 9 81 62 31 
73 29 87 67 46 7 69 43 64 50 51 88 57 25 1 30 74 78 36 47 37 31 62 14 63 13 26 84 20 39 60 80 44 53 61 22 93 5 96 12 4 19 81 83 52 48 21 49 38 58 34 9 3 17 59 28 15 91 32 94 45 86 23 35 33 68 76 54 55 56 18 97 41 10 2 24 8 95 40 27 0 71 11 77 89 6 98 42 90 66 79 82 65 99 16 85 70 92 75 72 
68 33 54 76 35 3 86 94 17 59 28 60 80 53 44 84 20 37 31 62 13 26 61 22 93 5 96 16 85 65 99 70 92 14 63 19 4 12 9 34 58 38 48 52 81 79 66 82 83 49 21 90 39 74 67 87 29 72 73 75 47 36 78 1 30 15 91 27 45 32 95 23 2 10 24 8 71 40 42 0 89 98 6 77 11 88 50 51 25 43 69 46 7 57 64 18 56 55 97 41 
23 45 94 32 86 3 0 71 98 6 89 77 11 51 50 88 57 69 67 74 1 30 25 43 46 7 78 39 84 37 47 73 75 29 87 72 36 20 31 62 26 13 70 99 65 85 16 92 63 14 44 60 80 53 82 79 66 28 59 17 91 27 15 64 40 42 24 95 8 10 2 33 68 97 41 54 76 90 35 83 49 21 38 48 4 12 96 5 93 19 22 61 81 52 34 9 18 56 58 55 
23 45 94 32 86 3 0 71 98 6 89 77 11 51 50 88 57 69 67 74 1 30 25 43 46 7 78 39 84 37 47 73 75 29 87 72 36 20 31 62 26 13 70 99 65 85 16 92 63 14 44 60 80 53 82 79 66 28 59 17 91 27 15 64 40 42 24 95 8 10 2 33 68 97 41 54 76 90 35 83 49 21 38 48 4 12 96 5 93 19 22 61 81 52 34 9 18 56 58 55 
55 68 33 97 41 3 86 45 23 35 54 76 49 21 79 82 19 81 28 60 80 53 44 84 14 63 92 61 22 4 93 96 12 52 83 48 58 38 18 56 34 9 5 85 16 65 99 70 13 26 62 31 37 47 20 36 78 74 67 87 72 73 75 29 7 46 69 43 25 64 50 57 88 51 11 77 71 0 40 27 91 32 94 2 10 24 8 95 42 6 98 89 30 1 39 66 90 17 59 15 
56 18 58 38 34 9 48 21 49 54 33 68 97 41 2 10 45 94 32 40 0 98 6 89 77 11 71 51 88 25 43 50 64 15 91 27 17 59 28 60 80 44 84 20 37 31 14 26 62 13 70 99 65 16 85 5 93 4 12 83 52 82 79 81 66 90 35 3 86 23 76 55 96 22 19 61 92 63 53 39 1 30 67 74 78 36 47 73 75 29 72 87 7 46 69 57 42 95 8 24 
20 44 84 14 63 92 61 22 19 81 79 66 82 80 60 28 59 17 32 40 94 3 86 35 90 76 21 49 83 52 48 38 56 18 58 34 9 12 4 93 96 5 16 85 99 70 65 26 13 62 31 87 67 78 39 1 74 36 47 37 72 73 75 29 7 46 69 43 25 15 30 27 64 50 57 71 0 51 88 11 77 98 6 89 95 24 8 42 23 54 68 55 33 97 41 10 2 45 91 53 
31 37 47 36 78 67 74 30 1 39 44 53 80 84 20 14 63 92 61 22 93 5 96 12 4 52 79 83 81 19 82 33 68 54 76 35 23 86 3 59 66 90 49 21 38 58 18 56 55 97 41 10 2 45 95 24 8 42 40 0 71 51 50 64 27 91 17 15 28 60 43 25 57 7 46 69 88 11 77 89 6 98 94 32 48 34 9 85 16 65 99 70 26 13 62 73 72 75 29 87 
94 32 91 17 66 82 79 81 52 83 21 38 56 18 55 68 54 76 90 35 86 3 59 28 60 80 44 53 84 20 36 47 37 31 62 13 26 14 63 92 19 22 93 4 12 96 5 61 70 99 65 85 16 9 34 48 58 49 33 41 97 23 45 2 10 24 8 95 42 40 0 71 11 77 98 6 89 50 88 25 43 7 46 69 57 64 27 51 87 67 74 78 72 73 75 29 30 1 39 15 
35 3 86 94 17 30 1 74 78 36 47 37 20 84 44 80 60 28 90 76 49 21 38 58 56 55 18 48 34 9 96 12 4 81 52 83 79 82 19 22 93 5 61 63 92 99 85 16 65 70 13 26 31 62 14 53 39 67 87 72 73 75 29 7 46 69 57 43 25 64 40 0 71 51 50 88 11 77 89 6 98 42 95 24 8 10 2 23 45 32 27 91 15 59 66 68 54 33 41 97 
35 3 86 94 17 30 1 74 78 36 47 37 20 84 44 80 60 28 90 76 49 21 38 58 56 55 18 48 34 9 96 12 4 81 52 83 79 82 19 22 93 5 61 63 92 99 85 16 65 70 13 26 31 62 14 53 39 67 87 72 73 75 29 7 46 69 57 43 25 64 40 0 71 51 50 88 11 77 89 6 98 42 95 24 8 10 2 23 45 32 27 91 15 59 66 68 54 33 41 97 
84 20 47 37 31 62 26 13 70 99 65 16 85 5 96 9 12 4 93 22 61 19 81 83 52 38 54 76 35 3 45 94 32 91 27 1 30 15 28 60 44 39 78 67 74 87 72 73 75 29 7 46 69 43 25 57 88 50 51 11 77 71 89 6 98 24 8 95 42 40 0 64 86 23 2 10 33 68 55 56 18 58 34 48 49 21 90 66 79 82 63 92 14 53 80 59 17 41 97 36 
28 59 17 91 90 3 86 45 94 32 27 11 77 98 89 6 40 0 71 42 95 24 8 2 10 23 33 68 54 76 55 97 41 35 56 18 58 38 21 49 48 52 81 4 93 22 61 92 63 14 13 26 31 37 62 70 99 85 16 65 5 9 34 96 12 19 82 80 53 84 20 47 36 78 74 67 1 30 15 25 43 57 88 51 50 64 69 46 7 87 72 29 75 73 39 44 60 66 83 79 
38 58 18 56 55 54 76 49 21 48 52 83 79 82 19 22 65 85 16 99 70 26 13 14 62 31 37 47 36 78 74 67 87 75 73 72 29 46 7 69 43 25 39 60 80 53 44 1 30 15 91 27 64 51 50 57 88 42 40 0 71 11 77 89 6 98 45 32 94 86 3 59 17 28 66 90 23 35 95 8 24 2 10 68 33 41 97 84 20 63 61 92 93 4 12 5 96 9 34 81 
67 74 78 46 7 69 43 25 57 88 50 77 11 0 40 45 2 10 41 97 68 33 54 76 21 49 83 52 81 79 80 53 44 84 20 14 26 13 62 63 92 70 99 65 85 16 93 22 19 61 5 4 12 96 9 48 34 58 38 18 56 55 35 90 17 59 3 86 23 94 32 27 91 15 28 60 1 30 39 36 72 73 75 29 87 47 37 31 82 66 95 24 8 42 71 98 6 89 51 64 
67 74 78 46 7 69 43 25 57 88 50 77 11 0 40 45 2 10 41 97 68 33 54 76 21 49 83 52 81 79 80 53 44 84 20 14 26 13 62 63 92 70 99 65 85 16 93 22 19 61 5 4 12 96 9 48 34 58 38 18 56 55 35 90 17 59 3 86 23 94 32 27 91 15 28 60 1 30 39 36 72 73 75 29 87 47 37 31 82 66 95 24 8 42 71 98 6 89 51 64 
73 72 29 75 31 37 47 36 44 53 80 60 28 59 43 25 0 98 6 89 77 11 71 51 50 88 57 69 46 7 74 67 87 78 39 1 30 15 91 27 64 40 42 95 8 24 2 10 41 97 33 76 54 68 55 9 34 48 83 49 21 38 58 18 56 35 3 86 94 32 17 45 23 90 66 82 79 81 52 4 93 61 5 12 96 19 22 99 65 16 85 70 92 63 62 13 26 14 84 20 
73 72 29 75 31 37 47 36 44 53 80 60 28 59 43 25 0 98 6 89 77 11 71 51 50 88 57 69 46 7 74 67 87 78 39 1 30 15 91 27 64 40 42 95 8 24 2 10 41 97 33 76 54 68 55 9 34 48 83 49 21 38 58 18 56 35 3 86 94 32 17 45 23 90 66 82 79 81 52 4 93 61 5 12 96 19 22 99 65 16 85 70 92 63 62 13 26 14 84 20 
65 99 85 16 19 61 22 93 4 12 96 5 81 79 83 52 21 49 90 3 86 35 23 2 10 8 24 95 45 32 94 17 59 28 60 80 44 84 53 14 62 31 37 47 20 36 72 73 75 29 87 74 67 78 1 30 91 27 64 51 88 50 25 43 46 7 69 57 39 15 40 0 42 71 11 77 89 6 98 97 41 33 68 54 76 56 18 55 38 58 34 9 48 66 82 63 26 92 70 13 
88 50 51 77 11 57 69 46 7 43 25 91 27 32 15 30 1 78 36 37 47 84 44 80 53 26 63 92 13 70 99 65 16 85 5 93 22 61 19 52 48 21 49 83 79 81 4 12 96 9 34 18 56 38 58 55 68 54 76 35 86 3 90 66 60 28 59 17 94 45 23 33 97 41 10 2 24 8 95 42 40 0 71 64 39 74 67 87 29 72 73 75 20 31 62 14 82 98 6 89 
41 97 2 10 24 8 95 45 42 71 51 50 88 57 69 7 46 30 1 74 67 36 78 39 44 53 14 63 92 26 13 62 31 37 47 20 84 66 79 83 49 52 48 58 38 21 9 96 12 4 93 61 22 19 81 82 80 60 28 59 17 3 86 23 76 54 55 68 33 90 35 94 32 91 27 40 0 98 6 89 11 77 64 25 43 15 87 72 73 75 29 70 16 65 99 85 5 34 18 56 
21 49 83 4 12 96 5 93 22 61 92 16 65 85 99 70 26 13 62 14 63 84 20 47 37 31 75 73 72 29 67 74 78 87 7 46 69 43 25 15 91 27 40 71 42 95 8 24 2 10 33 68 54 76 35 90 17 32 94 59 28 60 80 53 44 36 39 1 30 50 57 88 51 64 0 98 6 89 77 11 66 79 81 19 82 52 9 48 38 58 34 97 41 23 86 45 3 55 56 18 
67 74 78 39 36 47 37 31 62 13 26 92 63 14 20 84 53 80 82 66 59 3 86 23 10 2 24 8 95 42 40 71 0 51 50 88 11 77 6 98 89 64 27 91 17 94 32 45 97 41 68 33 54 76 35 90 55 56 18 58 48 49 21 38 34 93 22 19 12 96 9 52 83 79 81 4 5 85 16 65 99 70 61 44 60 28 15 1 30 25 43 69 7 46 87 29 73 75 72 57 
75 72 73 47 37 31 14 13 26 92 61 63 84 44 80 53 82 28 60 39 78 36 20 62 70 99 65 16 85 22 93 4 52 83 48 38 21 49 76 54 33 86 3 94 32 40 0 64 50 51 88 43 25 27 91 15 1 30 74 67 87 7 46 69 57 11 77 71 89 6 98 42 8 24 95 45 23 35 10 2 41 97 68 55 56 18 58 34 9 12 5 96 19 81 79 66 90 59 17 29 
75 72 73 47 37 31 14 13 26 92 61 63 84 44 80 53 82 28 60 39 78 36 20 62 70 99 65 16 85 22 93 4 52 83 48 38 21 49 76 54 33 86 3 94 32 40 0 64 50 51 88 43 25 27 91 15 1 30 74 67 87 7 46 69 57 11 77 71 89 6 98 42 8 24 95 45 23 35 10 2 41 97 68 55 56 18 58 34 9 12 5 96 19 81 79 66 90 59 17 29 
81 82 80 53 44 20 84 60 28 59 17 27 64 25 15 91 32 94 3 86 35 76 54 68 55 21 38 58 56 18 49 48 34 9 96 93 22 61 92 26 13 62 31 37 47 36 39 78 74 1 67 87 72 73 75 29 46 7 69 57 43 30 71 51 50 88 11 77 89 6 98 0 42 40 45 2 24 8 95 10 41 97 33 23 66 79 52 83 4 12 5 19 65 16 85 99 70 63 14 90 
81 82 80 53 44 20 84 60 28 59 17 27 64 25 15 91 32 94 3 86 35 76 54 68 55 21 38 58 56 18 49 48 34 9 96 93 22 61 92 26 13 62 31 37 47 36 39 78 74 1 67 87 72 73 75 29 46 7 69 57 43 30 71 51 50 88 11 77 89 6 98 0 42 40 45 2 24 8 95 10 41 97 33 23 66 79 52 83 4 12 5 19 65 16 85 99 70 63 14 90 
10 2 24 8 95 45 32 94 59 17 86 35 3 23 33 68 55 38 34 48 21 49 82 81 19 93 4 12 5 96 9 58 18 56 97 41 54 76 90 53 80 44 84 20 37 31 62 26 13 14 63 92 61 22 65 99 70 85 16 66 79 83 52 60 28 15 91 27 50 51 11 77 71 0 40 64 25 43 69 46 7 1 30 87 72 73 75 29 36 47 78 74 67 39 57 88 89 6 98 42 
59 28 60 44 53 80 39 84 20 37 31 62 26 13 65 16 85 99 70 92 63 14 19 4 12 96 93 22 61 5 9 34 58 38 21 49 66 79 83 52 90 76 54 68 55 56 18 48 81 82 35 86 3 94 32 17 91 27 64 15 30 1 67 74 78 36 47 73 75 72 29 87 46 7 69 57 88 50 51 11 77 89 98 6 24 8 95 45 23 2 33 10 41 97 40 42 0 71 25 43 
2 10 41 97 68 55 54 76 35 90 66 59 28 94 17 3 86 23 45 32 91 27 64 77 11 51 50 88 57 43 25 15 30 1 74 67 87 7 46 69 89 98 6 71 0 40 95 8 24 42 60 44 53 80 14 63 92 61 19 22 93 4 12 9 34 48 49 21 38 58 56 18 52 83 82 79 81 96 5 16 85 65 99 70 13 26 62 31 37 47 36 78 39 84 20 73 75 29 72 33 
98 6 89 71 40 27 91 15 59 28 60 44 53 80 79 81 4 93 5 12 96 9 52 83 49 21 76 54 68 55 56 18 58 34 48 38 66 86 3 35 23 90 33 41 97 2 10 24 8 95 42 45 94 32 17 30 1 74 78 36 20 84 39 67 87 29 75 73 72 47 37 31 62 13 26 63 61 92 82 19 22 65 85 16 99 70 14 46 7 69 57 43 25 51 11 77 64 0 50 88 
98 6 89 71 40 27 91 15 59 28 60 44 53 80 79 81 4 93 5 12 96 9 52 83 49 21 76 54 68 55 56 18 58 34 48 38 66 86 3 35 23 90 33 41 97 2 10 24 8 95 42 45 94 32 17 30 1 74 78 36 20 84 39 67 87 29 75 73 72 47 37 31 62 13 26 63 61 92 82 19 22 65 85 16 99 70 14 46 7 69 57 43 25 51 11 77 64 0 50 88 
56 18 58 34 38 21 49 48 52 81 82 19 4 12 93 22 61 92 26 14 63 53 20 84 44 80 60 28 91 27 40 0 71 51 50 64 57 88 11 77 89 6 98 42 95 8 24 2 10 41 97 33 3 86 94 32 45 90 83 79 66 59 17 15 30 1 74 67 69 7 46 43 25 78 36 87 72 73 75 29 47 37 31 62 13 70 99 65 16 85 5 96 9 76 54 68 55 23 35 39 
99 65 85 16 96 9 48 34 58 38 21 49 83 81 19 4 93 22 61 92 26 13 62 14 63 44 84 20 31 37 47 36 78 74 67 87 72 73 29 46 7 69 43 25 30 1 39 17 94 32 45 23 86 3 35 76 54 33 68 55 56 18 97 41 10 2 24 95 8 42 0 51 71 40 91 15 60 80 53 82 79 66 90 59 28 27 64 50 88 11 77 89 6 98 57 75 70 5 12 52 
14 26 13 70 99 65 85 16 22 93 4 12 96 5 79 66 90 3 86 35 23 2 10 8 32 94 45 33 68 97 41 24 95 42 98 89 6 71 51 50 64 43 25 74 78 36 1 67 72 73 75 29 87 47 37 20 84 44 80 53 60 28 59 17 15 91 27 40 0 11 77 88 57 69 7 46 30 39 63 92 61 19 82 52 83 49 21 38 58 18 56 54 76 55 48 34 9 81 62 31 
99 65 85 16 5 93 22 4 12 52 83 49 21 48 9 34 38 58 56 18 55 68 33 76 54 97 41 10 2 24 8 95 42 0 71 51 50 57 69 46 7 29 72 73 75 36 78 25 43 64 27 32 17 59 94 86 3 35 23 45 98 6 89 77 11 88 40 91 15 28 60 80 53 44 84 20 47 37 31 62 13 26 63 14 92 61 19 82 81 79 66 90 87 67 74 1 30 39 70 96 
74 67 87 72 73 75 29 43 25 30 1 27 64 50 57 88 51 71 0 40 91 32 94 86 3 17 59 28 60 80 53 44 84 20 36 78 39 82 19 81 52 83 79 66 90 38 21 49 48 34 58 18 56 55 97 41 33 68 54 76 35 23 13 26 14 63 92 61 22 4 93 96 12 9 5 65 85 16 99 70 62 31 37 47 46 7 69 11 77 89 6 98 42 95 8 24 10 2 45 15 
74 67 87 72 73 75 29 43 25 30 1 27 64 50 57 88 51 71 0 40 91 32 94 86 3 17 59 28 60 80 53 44 84 20 36 78 39 82 19 81 52 83 79 66 90 38 21 49 48 34 58 18 56 55 97 41 33 68 54 76 35 23 13 26 14 63 92 61 22 4 93 96 12 9 5 65 85 16 99 70 62 31 37 47 46 7 69 11 77 89 6 98 42 95 8 24 10 2 45 15 
24 8 95 42 0 71 40 27 91 15 30 1 67 74 78 39 60 80 53 44 84 20 37 47 36 73 72 75 29 87 69 43 25 64 50 88 57 46 7 11 77 89 6 98 51 17 59 28 3 86 35 90 45 23 54 76 68 33 41 97 55 56 18 38 34 58 9 96 4 12 5 93 19 81 79 82 66 83 52 49 21 48 61 22 65 85 16 99 70 92 26 13 62 31 14 63 94 32 2 10 
24 8 95 42 0 71 40 27 91 15 30 1 67 74 78 39 60 80 53 44 84 20 37 47 36 73 72 75 29 87 69 43 25 64 50 88 57 46 7 11 77 89 6 98 51 17 59 28 3 86 35 90 45 23 54 76 68 33 41 97 55 56 18 38 34 58 9 96 4 12 5 93 19 81 79 82 66 83 52 49 21 48 61 22 65 85 16 99 70 92 26 13 62 31 14 63 94 32 2 10 
69 43 25 64 27 32 94 45 2 10 41 97 33 68 55 18 56 58 38 48 21 49 79 81 66 82 53 80 44 36 78 39 60 28 59 17 15 91 30 1 67 74 87 29 73 75 72 37 47 31 14 84 20 62 13 26 99 70 85 16 65 5 22 61 92 63 4 93 19 12 9 96 34 35 3 86 23 54 76 90 52 83 24 8 95 42 98 6 89 77 11 51 71 0 40 50 88 57 46 7 
58 38 21 49 48 83 79 66 90 35 3 17 59 28 60 80 44 53 84 30 43 25 64 50 51 88 57 69 46 7 67 74 78 37 47 72 73 75 29 87 1 20 36 39 15 91 32 94 45 86 23 2 24 8 95 0 40 27 42 71 11 77 89 98 6 41 97 10 33 54 76 55 68 56 18 34 9 96 5 4 19 22 61 82 92 63 14 26 13 62 31 70 99 65 85 16 93 12 81 52 
