53 80 60 28 59 17 66 79 81 52 83 49 21 48 34 38 58 56 18 55 54 76 35 90 3 86 42 98 6 89 77 11 51 50 64 91 27 40 0 71 57 43 25 69 46 7 88 30 1 74 78 67 87 72 73 75 29 31 37 47 14 63 92 26 13 62 20 84 36 39 44 33 68 97 41 10 2 23 94 32 45 95 24 8 15 82 61 22 93 4 12 96 9 5 16 85 65 99 70 19 
74 67 87 78 36 73 75 29 72 37 31 47 20 84 53 80 44 60 59 17 94 32 3 86 35 23 2 10 41 97 33 68 55 76 54 18 56 38 34 58 48 21 49 83 81 4 93 52 79 66 82 61 22 19 9 96 12 5 65 16 85 99 70 13 26 14 63 92 62 39 91 15 64 27 88 51 50 57 69 7 46 1 30 25 43 0 40 95 8 24 98 6 89 77 11 71 42 45 90 28 
43 69 7 46 57 88 50 51 11 77 89 98 6 0 40 42 95 24 8 2 10 41 97 33 68 55 56 18 58 5 93 4 81 79 49 21 38 48 52 83 90 3 86 35 23 76 54 94 32 91 15 30 1 74 78 87 36 47 37 31 62 26 92 63 14 13 70 99 65 85 16 61 22 19 12 96 9 34 82 66 80 60 28 59 17 27 64 25 71 45 39 44 53 84 20 72 73 75 29 67 
99 70 26 13 92 63 14 37 47 72 73 75 29 87 74 67 46 7 69 43 25 1 30 39 78 36 20 44 80 60 28 59 17 91 15 27 32 45 94 86 35 3 23 2 10 24 8 95 42 0 40 71 51 50 64 57 88 11 77 98 6 89 53 84 31 62 22 19 81 83 79 66 76 54 68 33 41 97 55 56 21 49 38 48 52 12 4 93 5 96 9 34 58 18 90 82 61 65 85 16 
60 80 53 84 44 22 93 4 12 96 38 21 52 83 49 54 76 35 86 3 94 32 15 28 39 74 67 87 72 73 75 29 7 46 69 57 88 71 77 11 51 50 64 30 1 78 36 20 47 37 31 62 14 63 26 13 61 92 70 99 65 16 85 5 81 79 19 82 66 90 59 17 91 27 0 98 6 89 24 8 95 42 40 45 2 10 33 41 97 68 55 56 18 58 34 9 48 23 43 25 
34 38 90 35 86 3 76 54 55 68 33 41 97 18 56 58 48 52 83 49 21 5 93 22 61 92 63 26 13 62 31 37 47 36 78 39 74 67 72 73 75 29 87 46 7 69 57 88 50 51 0 42 95 24 8 2 10 23 94 32 45 40 27 91 15 1 30 25 43 64 71 98 6 89 77 11 17 59 28 60 80 53 44 84 14 20 79 66 82 19 81 4 12 96 9 65 99 70 85 16 
42 24 8 95 0 40 27 32 94 45 86 35 3 23 68 54 76 90 79 81 52 83 49 21 38 48 9 96 34 58 18 56 55 33 97 41 10 2 64 50 51 11 77 89 6 98 71 25 43 7 46 69 57 88 36 78 74 67 87 72 73 75 29 30 1 39 80 60 28 59 17 91 15 53 44 84 20 47 37 31 62 70 99 65 16 85 22 5 93 4 12 61 13 26 14 63 92 82 19 66 
29 75 73 72 87 67 69 57 88 50 7 46 43 25 27 91 32 94 45 95 24 8 42 0 64 51 11 77 98 89 6 71 40 35 23 86 3 59 17 60 80 53 44 84 20 47 37 31 62 13 26 14 92 63 61 22 93 19 81 79 83 52 21 49 48 38 34 58 18 56 55 76 54 33 68 97 41 2 10 66 90 4 12 96 9 5 99 65 16 85 70 82 28 15 30 1 39 78 36 74 
61 92 14 84 20 44 80 60 28 15 30 64 27 91 32 94 3 86 17 59 66 79 81 82 53 39 74 78 67 46 7 69 43 57 88 50 51 11 71 98 6 89 77 42 95 8 24 45 40 0 25 1 87 72 75 73 29 36 47 37 31 62 13 99 65 85 16 70 22 93 5 12 19 4 52 83 49 21 38 58 34 48 9 96 56 18 68 54 76 35 23 2 10 97 41 33 55 90 63 26 
76 54 55 49 21 38 58 56 18 48 52 83 79 81 19 22 93 4 12 5 16 85 65 99 70 13 26 62 14 37 47 31 72 73 75 29 87 1 30 80 60 91 27 64 50 51 11 77 89 98 6 71 0 40 42 95 8 24 2 10 41 97 68 33 23 45 94 32 17 86 3 35 90 66 82 61 92 63 84 20 36 78 74 67 46 7 69 57 88 43 25 15 53 44 59 28 39 96 9 34 
79 82 66 83 52 12 4 81 19 22 93 5 96 9 34 58 56 18 55 54 76 68 33 23 94 86 3 35 90 45 32 17 59 28 60 80 53 44 39 78 74 1 30 15 91 27 64 50 51 88 57 43 25 69 46 7 87 72 73 75 29 67 37 47 36 20 84 14 92 63 13 26 70 99 85 16 65 61 62 31 42 24 95 0 40 71 11 77 89 6 98 8 10 2 41 97 49 21 38 48 
15 17 59 60 80 53 44 84 63 14 26 13 70 65 85 16 99 61 19 22 93 4 38 58 34 48 52 83 79 81 82 66 90 35 3 86 23 32 94 45 42 77 11 51 88 57 25 43 30 1 78 74 67 87 72 29 73 75 46 7 69 50 64 27 91 40 0 71 98 89 6 24 8 95 10 2 41 97 33 68 54 56 18 55 76 21 49 9 96 12 5 92 62 31 37 47 20 36 39 28 
40 27 91 17 86 3 35 90 94 32 24 8 0 71 51 11 77 89 6 98 42 95 2 10 41 97 33 68 55 18 56 58 38 21 49 76 54 23 45 59 15 30 1 25 43 46 7 69 67 74 87 29 72 73 75 47 37 31 20 84 44 39 78 36 53 80 60 66 19 93 4 5 22 92 14 63 26 13 62 99 65 16 85 70 61 81 83 48 9 34 52 96 12 79 82 28 50 88 57 64 
22 61 4 12 96 9 34 58 56 18 55 68 54 33 41 97 90 79 81 83 52 48 38 21 49 76 35 23 86 3 94 32 27 91 17 59 28 80 44 53 84 20 78 74 67 46 7 69 43 25 64 50 51 11 77 89 6 98 95 24 8 42 0 40 71 88 57 87 72 73 29 75 1 30 60 66 82 19 93 5 65 85 16 99 70 26 13 62 31 37 47 36 39 15 45 10 2 63 92 14 
59 17 38 58 18 56 97 41 68 55 54 76 86 23 33 35 3 66 79 82 53 60 80 44 84 20 37 47 36 78 74 67 1 30 43 25 64 50 88 51 71 40 27 91 15 94 32 45 2 10 8 24 95 42 98 6 89 77 11 0 57 69 7 46 87 72 73 75 29 39 28 52 48 49 83 81 19 4 93 96 9 5 22 61 92 63 14 26 13 62 31 70 99 65 85 16 12 34 21 90 
75 73 72 87 67 78 74 1 30 39 36 20 84 44 53 80 60 28 59 17 32 40 27 91 15 94 45 23 35 76 54 68 33 41 97 55 49 21 34 9 4 12 22 93 19 81 66 90 83 52 48 38 58 56 18 96 5 16 65 85 99 70 13 26 14 82 79 61 92 63 62 31 37 47 3 86 2 10 24 8 95 42 0 71 51 11 77 89 6 98 64 50 57 88 25 43 69 46 7 29 
75 73 72 87 67 78 74 1 30 39 36 20 84 44 53 80 60 28 59 17 32 40 27 91 15 94 45 23 35 76 54 68 33 41 97 55 49 21 34 9 4 12 22 93 19 81 66 90 83 52 48 38 58 56 18 96 5 16 65 85 99 70 13 26 14 82 79 61 92 63 62 31 37 47 3 86 2 10 24 8 95 42 0 71 51 11 77 89 6 98 64 50 57 88 25 43 69 46 7 29 
42 0 40 91 15 64 50 51 88 57 69 7 46 67 74 1 30 43 25 72 73 75 29 87 78 39 53 44 84 20 47 36 37 31 62 26 13 70 99 85 16 65 96 12 4 93 22 82 19 52 83 81 79 66 80 60 28 59 17 94 32 45 86 3 35 90 76 54 33 68 55 56 18 58 34 9 48 21 49 38 5 92 63 14 61 23 2 10 41 97 24 8 95 27 71 11 77 89 6 98 
53 80 60 28 59 17 94 32 45 86 3 35 23 2 10 33 68 55 76 54 58 83 49 21 38 52 66 90 79 81 82 19 61 22 93 4 12 96 9 34 48 18 56 97 41 24 8 95 42 0 71 51 11 77 89 6 98 50 64 25 43 1 30 15 91 27 40 88 57 46 7 69 67 74 78 36 20 62 14 63 92 99 65 85 16 5 70 13 26 84 44 39 87 29 72 73 75 47 37 31 
74 67 87 72 36 47 37 20 84 44 53 80 60 28 59 17 3 35 90 76 54 68 33 21 49 34 58 38 56 18 55 97 41 10 2 95 24 8 0 40 27 64 25 43 57 88 11 77 89 98 6 71 51 50 91 15 32 94 86 23 45 42 39 1 30 78 93 22 61 99 85 65 16 5 96 12 4 81 79 82 66 83 52 48 9 19 14 26 70 92 63 13 62 31 73 75 29 7 69 46 
72 73 75 29 87 78 39 74 67 46 7 69 57 43 25 53 80 44 84 20 36 47 37 31 13 26 62 63 92 61 22 5 96 12 4 93 19 82 79 83 52 48 21 49 76 54 86 3 35 33 23 45 32 94 17 59 28 60 1 30 15 50 51 11 77 89 98 6 71 0 40 27 91 64 88 42 8 24 95 10 2 97 41 68 55 56 18 58 38 34 9 90 66 81 14 99 65 16 85 70 
57 88 50 40 27 91 32 94 3 86 23 2 10 8 24 95 45 42 0 71 51 64 25 43 69 67 74 1 30 39 44 53 80 60 28 15 17 59 90 35 76 54 33 55 68 41 97 56 18 21 38 49 83 52 48 9 34 58 12 96 93 5 4 22 19 79 81 66 82 61 92 63 14 26 62 13 70 99 65 85 16 84 36 37 47 20 31 78 87 72 73 75 29 46 7 11 77 89 6 98 
57 88 50 40 27 91 32 94 3 86 23 2 10 8 24 95 45 42 0 71 51 64 25 43 69 67 74 1 30 39 44 53 80 60 28 15 17 59 90 35 76 54 33 55 68 41 97 56 18 21 38 49 83 52 48 9 34 58 12 96 93 5 4 22 19 79 81 66 82 61 92 63 14 26 62 13 70 99 65 85 16 84 36 37 47 20 31 78 87 72 73 75 29 46 7 11 77 89 6 98 
14 63 61 92 70 13 26 62 31 37 47 20 84 44 53 80 60 28 59 17 94 45 35 3 86 23 2 10 40 91 27 15 43 1 74 67 46 7 69 57 88 51 50 64 25 39 78 36 72 29 73 75 87 30 32 0 71 11 77 89 6 98 42 8 24 95 76 54 33 68 41 97 56 18 58 34 38 21 52 4 12 96 5 22 93 19 81 79 83 49 48 9 55 90 66 82 16 85 99 65 
10 2 23 76 54 33 68 55 56 18 21 49 83 81 66 80 53 82 79 52 12 4 19 93 22 61 5 96 9 48 34 58 38 35 3 86 90 59 17 94 32 40 0 71 11 77 89 6 98 42 24 95 8 45 91 27 64 50 51 88 57 69 7 46 87 67 1 30 15 28 60 44 84 20 36 78 39 74 25 43 29 72 73 75 47 37 31 62 13 26 14 63 92 70 99 65 85 16 41 97 
46 69 57 25 43 7 1 30 15 17 91 27 64 50 51 88 11 77 89 6 98 71 0 40 42 95 24 8 2 41 68 54 76 90 35 23 10 45 94 32 86 3 59 28 60 80 44 84 53 78 74 67 87 29 75 72 73 47 37 62 26 13 70 99 16 65 85 5 93 22 19 12 4 81 79 66 82 83 21 49 48 58 38 97 33 55 18 56 34 96 52 9 14 63 92 61 31 20 36 39 
74 67 87 78 36 47 20 31 44 84 37 73 75 72 29 7 46 69 57 25 43 30 1 39 80 53 81 83 52 93 4 12 96 5 16 85 99 65 70 26 63 14 62 13 92 61 22 19 82 79 66 90 76 54 55 68 33 23 45 2 10 41 97 58 38 21 49 48 34 9 18 56 35 86 3 59 17 28 60 94 32 40 71 51 64 50 88 11 77 89 6 98 8 24 95 42 0 27 91 15 
95 42 0 71 77 11 51 50 88 57 43 25 32 94 86 3 90 35 23 33 68 54 76 21 49 83 52 48 9 38 79 66 63 14 62 13 26 70 99 65 85 16 92 61 82 80 53 84 44 39 60 28 59 17 91 64 27 15 30 1 74 67 78 36 47 31 37 20 72 73 75 29 87 7 46 69 98 6 89 40 24 8 2 45 10 41 97 55 56 18 58 34 96 4 93 5 12 22 19 81 
76 54 68 55 56 18 48 52 81 19 4 12 93 22 61 92 63 14 26 13 62 31 37 47 36 78 39 1 25 46 7 69 32 27 64 50 88 57 43 15 91 40 0 71 11 77 89 6 98 51 30 67 74 87 29 75 73 72 84 20 44 53 80 60 28 59 17 3 35 23 33 2 10 41 97 83 49 21 38 58 34 9 96 5 16 85 65 99 70 82 79 66 90 86 94 45 95 24 8 42 
10 2 33 68 55 97 41 54 76 90 3 86 35 23 45 94 32 40 0 88 11 77 89 6 98 71 42 95 24 8 27 91 15 64 50 51 57 25 43 69 46 7 29 72 73 75 87 67 74 1 30 39 78 47 37 31 62 26 13 63 14 84 20 36 53 80 44 60 28 59 17 66 79 81 83 52 9 49 21 38 58 34 56 18 22 93 4 19 61 92 70 99 65 85 16 5 96 12 48 82 
32 94 3 86 45 2 10 24 8 95 42 40 27 91 15 17 59 28 60 80 53 82 19 93 4 12 5 23 35 90 66 79 81 83 52 48 38 21 49 76 68 33 54 55 56 18 58 34 9 96 70 99 65 85 16 61 22 92 13 26 62 31 37 20 36 78 74 67 87 75 73 72 29 7 46 69 57 88 50 64 51 11 77 89 6 98 0 71 43 25 1 30 39 44 84 63 14 47 97 41 
32 94 3 86 45 2 10 24 8 95 42 40 27 91 15 17 59 28 60 80 53 82 19 93 4 12 5 23 35 90 66 79 81 83 52 48 38 21 49 76 68 33 54 55 56 18 58 34 9 96 70 99 65 85 16 61 22 92 13 26 62 31 37 20 36 78 74 67 87 75 73 72 29 7 46 69 57 88 50 64 51 11 77 89 6 98 0 71 43 25 1 30 39 44 84 63 14 47 97 41 
3 35 86 94 45 32 27 91 15 17 59 60 44 53 80 84 20 47 37 31 62 13 26 14 63 92 61 22 93 5 96 9 48 38 58 34 18 56 55 68 33 41 97 54 76 49 21 83 52 81 67 74 78 36 72 73 75 29 87 7 46 69 43 57 25 30 1 39 28 90 66 79 19 82 4 12 16 85 65 99 70 2 24 8 95 42 40 64 50 51 11 77 89 6 98 88 71 0 10 23 
80 60 28 59 17 32 91 15 30 1 74 67 87 29 72 73 75 47 37 31 62 26 13 70 99 65 85 16 92 63 14 44 84 20 53 82 81 19 93 4 12 52 79 83 49 21 38 56 18 58 34 48 9 96 5 22 61 45 86 3 35 76 54 68 33 41 97 10 2 23 90 66 94 55 95 24 8 42 98 6 89 11 77 51 50 27 40 0 71 88 64 25 43 57 69 46 7 78 39 36 
80 60 28 59 17 32 91 15 30 1 74 67 87 29 72 73 75 47 37 31 62 26 13 70 99 65 85 16 92 63 14 44 84 20 53 82 81 19 93 4 12 52 79 83 49 21 38 56 18 58 34 48 9 96 5 22 61 45 86 3 35 76 54 68 33 41 97 10 2 23 90 66 94 55 95 24 8 42 98 6 89 11 77 51 50 27 40 0 71 88 64 25 43 57 69 46 7 78 39 36 
38 49 21 48 76 54 55 68 33 97 41 23 86 35 3 94 2 10 95 8 24 42 0 40 27 91 32 17 59 28 80 60 53 92 61 22 93 5 96 9 34 12 4 19 82 66 79 83 81 52 16 85 65 99 70 26 62 63 14 13 31 37 20 84 44 39 78 36 47 72 73 75 29 87 67 74 1 30 15 64 50 51 77 11 88 57 69 43 25 46 7 6 89 98 71 45 90 56 58 18 
36 73 72 67 78 74 1 30 25 43 57 88 51 50 17 59 28 60 80 44 84 20 47 37 14 63 82 19 4 12 96 5 93 22 61 92 26 13 62 70 99 65 85 16 9 58 38 21 49 52 83 79 81 48 34 56 18 97 41 10 2 23 35 3 86 94 45 95 24 8 42 40 0 71 77 11 89 6 98 27 91 15 64 32 54 33 68 55 76 90 66 53 39 7 46 69 87 29 75 31 
3 86 94 32 45 17 91 15 59 28 60 80 53 44 84 20 47 37 31 62 13 26 92 61 22 19 4 93 5 9 96 12 52 83 79 66 90 35 23 42 95 24 8 10 2 41 97 54 76 33 68 18 56 58 34 38 21 49 39 36 78 74 1 46 7 69 57 88 11 51 50 64 71 77 89 6 98 0 40 27 25 43 30 67 87 72 73 75 29 63 14 70 99 65 85 16 82 81 48 55 
3 86 94 32 45 17 91 15 59 28 60 80 53 44 84 20 47 37 31 62 13 26 92 61 22 19 4 93 5 9 96 12 52 83 79 66 90 35 23 42 95 24 8 10 2 41 97 54 76 33 68 18 56 58 34 38 21 49 39 36 78 74 1 46 7 69 57 88 11 51 50 64 71 77 89 6 98 0 40 27 25 43 30 67 87 72 73 75 29 63 14 70 99 65 85 16 82 81 48 55 
85 16 65 99 31 62 14 63 26 13 70 82 81 83 49 21 38 56 18 58 34 48 52 9 12 4 93 22 19 5 96 97 41 33 68 55 54 76 90 35 86 3 94 32 17 59 28 60 80 44 84 20 47 37 73 75 72 29 46 7 69 43 25 64 51 50 27 40 8 95 24 10 2 23 45 42 98 6 89 77 71 0 11 88 57 91 15 30 1 74 67 87 36 78 39 66 79 53 61 92 
59 17 3 35 90 66 19 22 93 4 5 12 96 9 34 48 38 58 56 18 55 68 33 41 97 54 76 86 23 2 10 24 8 95 42 0 71 51 50 40 32 94 45 28 60 80 53 84 20 37 31 62 13 26 14 63 92 61 70 99 85 16 65 47 36 78 74 67 87 72 73 75 29 46 69 43 25 64 27 91 15 30 1 39 44 81 83 52 21 49 79 98 6 89 77 11 88 57 7 82 
31 37 47 78 36 44 84 80 60 28 59 3 94 86 35 23 2 10 8 24 95 42 98 6 89 77 11 88 51 71 0 40 27 91 32 45 33 68 55 21 49 48 12 4 5 96 9 34 58 38 56 18 97 41 54 76 90 83 52 81 82 66 79 19 61 22 93 99 65 16 85 70 13 26 92 63 14 53 39 74 67 1 30 43 25 69 87 72 73 29 75 46 7 57 64 50 17 15 20 62 
60 28 80 53 44 84 20 63 92 61 19 81 12 4 93 5 22 65 85 16 99 70 13 26 62 14 31 37 47 36 78 39 30 1 74 91 50 88 64 27 40 0 42 95 8 24 45 32 94 3 35 23 86 17 59 66 79 49 21 48 38 58 56 18 34 9 96 52 83 90 76 54 68 55 33 97 41 10 2 51 11 77 89 98 6 71 43 25 57 69 7 46 67 87 72 73 75 29 15 82 
77 11 71 0 94 32 45 23 86 3 35 76 54 68 33 2 10 41 97 55 49 21 48 9 96 93 4 12 5 16 85 99 65 61 19 22 26 14 63 92 70 13 62 31 47 37 20 84 39 78 74 67 1 30 25 64 27 91 15 28 60 80 53 44 36 72 87 29 73 75 7 69 46 43 57 88 51 50 42 95 24 8 40 90 66 82 81 83 52 79 38 34 58 56 18 17 59 98 6 89 
64 27 91 94 32 3 86 23 95 8 24 10 2 35 17 15 46 7 69 25 43 30 1 39 36 20 47 37 31 62 26 13 70 99 65 16 85 5 93 22 61 19 4 12 96 9 34 38 21 49 76 54 68 33 45 59 28 60 80 53 44 84 14 63 92 82 66 90 83 79 81 52 48 58 56 18 55 97 41 77 11 89 6 98 42 0 40 71 51 50 88 57 74 87 67 78 72 73 75 29 
15 91 32 94 49 21 83 52 12 4 93 22 61 92 14 20 84 36 47 37 31 62 13 26 63 65 85 16 70 99 5 81 66 90 79 82 19 96 9 48 34 58 38 56 18 55 68 33 54 76 35 3 86 23 2 45 95 24 8 10 97 41 40 0 71 50 51 88 11 77 89 6 98 42 64 27 1 30 78 74 67 72 73 75 29 87 46 7 69 57 43 25 39 44 60 80 53 28 59 17 
15 91 32 94 49 21 83 52 12 4 93 22 61 92 14 20 84 36 47 37 31 62 13 26 63 65 85 16 70 99 5 81 66 90 79 82 19 96 9 48 34 58 38 56 18 55 68 33 54 76 35 3 86 23 2 45 95 24 8 10 97 41 40 0 71 50 51 88 11 77 89 6 98 42 64 27 1 30 78 74 67 72 73 75 29 87 46 7 69 57 43 25 39 44 60 80 53 28 59 17 
85 16 65 99 61 22 93 19 81 66 79 83 52 48 34 58 56 18 55 68 33 54 76 23 86 3 35 49 21 38 9 96 12 4 63 92 70 13 26 14 62 31 37 47 20 84 44 80 60 28 59 94 32 27 40 0 51 50 88 57 69 46 7 67 74 1 30 17 91 15 64 25 43 11 77 71 98 6 89 42 8 24 95 45 10 2 41 97 90 82 53 78 39 36 72 73 75 29 87 5 
60 28 59 17 94 86 3 35 23 45 32 91 27 64 50 51 88 57 69 46 7 87 74 67 15 30 1 78 39 20 37 47 36 80 53 44 84 14 63 92 61 19 66 79 83 21 49 52 48 38 55 54 76 33 68 97 41 10 2 24 8 95 42 40 0 71 89 6 98 77 11 25 43 72 73 75 29 13 26 62 31 70 99 65 85 16 5 22 93 4 12 96 9 34 58 18 56 81 82 90 
68 54 76 90 35 3 86 17 59 94 32 91 27 64 25 43 69 46 7 87 72 29 75 73 78 36 47 37 31 20 84 44 80 53 61 22 93 4 12 5 96 9 52 48 21 58 38 56 18 55 97 41 33 23 2 10 95 45 8 24 42 40 0 71 11 77 89 6 98 50 88 51 57 30 1 74 67 39 28 15 60 63 14 62 65 85 16 99 70 13 26 92 19 81 79 66 82 83 49 34 
81 79 82 66 90 35 86 3 59 17 91 94 40 15 28 60 80 44 39 78 36 47 37 31 62 13 26 14 63 92 22 93 4 12 52 48 9 34 58 38 21 56 18 54 55 97 68 33 10 2 24 8 95 42 71 51 64 50 88 57 43 25 1 30 74 67 87 72 73 75 29 7 46 69 11 77 98 6 89 0 27 32 45 23 41 76 49 83 96 5 19 61 65 85 16 99 70 84 20 53 
13 26 63 66 79 83 52 21 49 48 34 58 38 18 56 55 54 76 35 3 86 94 32 17 91 27 64 50 57 69 1 39 84 44 36 47 37 31 62 20 14 53 80 60 28 0 40 45 23 33 68 41 97 2 10 24 95 8 42 71 51 11 77 89 6 98 88 25 43 46 7 87 73 75 29 72 78 74 67 30 15 59 90 92 61 22 93 4 81 82 19 12 9 96 5 65 85 16 99 70 
85 16 65 99 70 26 13 62 63 92 61 22 93 4 96 12 19 83 79 81 52 38 58 34 9 48 21 49 76 68 33 54 35 86 3 94 32 45 40 0 71 11 77 89 98 6 42 24 8 95 64 50 51 88 57 43 25 30 67 74 78 1 39 60 80 53 44 84 20 37 47 36 72 73 75 29 87 46 7 69 91 27 15 17 23 2 10 41 97 55 56 18 66 82 14 31 59 28 90 5 
59 17 38 58 18 56 97 41 68 55 54 76 86 23 33 35 3 66 79 82 53 60 80 44 84 20 37 47 36 78 74 67 1 30 43 25 64 50 88 51 71 40 27 91 15 94 32 45 2 10 8 24 95 42 98 6 89 77 11 0 57 69 7 46 87 72 73 75 29 39 28 52 48 49 83 81 19 4 93 96 9 5 22 61 92 63 14 26 13 62 31 70 99 65 85 16 12 34 21 90 
21 49 38 58 34 48 83 52 12 4 96 5 93 19 81 79 66 56 18 97 41 33 68 55 76 54 15 25 43 74 67 78 36 47 37 20 84 44 53 80 60 28 59 17 91 27 64 0 71 88 77 6 98 89 11 51 50 57 69 46 7 87 29 72 73 75 30 1 39 82 22 61 63 92 26 13 62 31 14 70 99 65 85 16 9 94 32 40 42 95 24 8 2 10 23 45 86 35 3 90 
84 20 47 37 44 39 30 1 74 67 7 46 78 36 53 80 60 28 59 17 15 91 27 64 50 25 43 69 57 51 88 6 98 89 77 11 71 0 40 95 24 8 42 45 94 32 3 86 23 35 76 54 55 33 10 2 41 97 68 56 18 58 38 34 48 9 96 12 52 81 79 83 49 21 66 90 82 19 4 93 5 22 61 92 63 14 31 62 13 26 70 99 85 16 65 75 72 87 29 73 
84 20 47 37 44 39 30 1 74 67 7 46 78 36 53 80 60 28 59 17 15 91 27 64 50 25 43 69 57 51 88 6 98 89 77 11 71 0 40 95 24 8 42 45 94 32 3 86 23 35 76 54 55 33 10 2 41 97 68 56 18 58 38 34 48 9 96 12 52 81 79 83 49 21 66 90 82 19 4 93 5 22 61 92 63 14 31 62 13 26 70 99 85 16 65 75 72 87 29 73 
54 33 68 97 41 56 18 55 38 58 34 48 52 12 93 5 4 22 61 19 81 83 82 53 80 44 84 39 67 74 78 1 30 15 91 32 17 59 28 60 14 63 26 13 70 16 85 65 99 96 9 21 49 76 35 86 3 94 45 95 8 24 42 40 0 71 51 50 64 27 69 43 25 88 11 77 98 6 89 57 7 46 87 29 75 73 72 36 47 37 20 31 62 92 79 66 90 23 10 2 
34 58 38 48 21 49 83 79 19 4 12 9 96 5 93 22 61 92 63 14 26 13 62 31 47 36 78 74 67 1 30 25 64 27 91 17 94 32 3 86 35 23 2 10 33 68 55 18 56 97 41 54 76 90 66 80 53 44 84 60 28 59 15 50 51 11 57 69 46 7 43 88 71 0 40 45 24 8 95 42 98 6 89 77 39 20 37 75 73 72 87 29 82 81 52 65 85 99 70 16 
83 79 81 19 22 61 92 63 14 60 28 59 17 32 45 94 86 35 23 3 90 34 9 12 4 93 5 96 65 16 85 99 70 13 62 26 53 80 44 84 20 36 78 74 67 87 46 7 69 57 88 50 25 43 27 91 15 1 30 29 72 73 75 37 31 47 39 71 0 42 51 11 77 98 6 89 64 40 95 8 24 2 10 41 97 68 33 55 56 18 58 38 48 52 21 49 76 54 66 82 
83 49 21 48 38 56 18 58 34 9 4 93 22 61 92 70 99 65 85 16 5 12 96 19 81 79 66 90 76 54 55 68 41 33 23 35 3 86 17 15 91 27 64 50 88 51 11 77 6 98 89 71 0 40 42 8 24 95 94 59 28 60 80 53 44 36 78 74 67 87 73 72 75 29 47 37 31 20 84 39 30 25 43 57 69 46 7 1 14 62 13 26 63 82 32 45 2 10 97 52 
83 49 21 48 38 56 18 58 34 9 4 93 22 61 92 70 99 65 85 16 5 12 96 19 81 79 66 90 76 54 55 68 41 33 23 35 3 86 17 15 91 27 64 50 88 51 11 77 6 98 89 71 0 40 42 8 24 95 94 59 28 60 80 53 44 36 78 74 67 87 73 72 75 29 47 37 31 20 84 39 30 25 43 57 69 46 7 1 14 62 13 26 63 82 32 45 2 10 97 52 
47 37 31 62 13 26 14 63 92 61 22 93 4 12 96 5 83 52 21 49 79 19 82 80 44 53 66 23 86 3 94 32 17 59 28 60 39 78 75 29 72 73 87 74 67 7 46 69 43 25 57 1 30 15 91 27 64 50 51 88 11 77 71 0 89 6 98 40 42 8 24 95 45 2 10 41 97 68 33 54 55 56 18 58 34 38 81 90 35 76 48 9 16 85 65 70 99 84 20 36 
48 38 58 34 9 12 4 93 22 19 52 49 21 83 81 79 76 54 33 68 97 55 56 18 24 8 95 42 40 71 51 88 50 43 25 32 94 3 86 23 35 90 59 17 91 15 30 1 74 67 87 46 7 69 57 11 77 89 6 98 0 27 64 45 2 10 41 28 60 80 53 84 44 39 72 73 75 29 78 36 20 47 37 31 62 26 13 63 14 82 66 61 92 70 99 65 85 16 5 96 
25 43 91 17 90 76 54 68 33 10 2 23 86 35 3 32 94 45 24 95 8 42 6 98 89 77 11 51 50 88 57 69 64 27 40 0 71 15 30 1 74 78 87 46 7 29 72 73 75 47 37 31 20 44 53 80 60 28 59 66 79 83 81 19 22 93 4 52 49 21 38 48 34 58 56 18 55 97 41 14 63 92 62 26 13 70 99 85 65 16 5 12 96 9 61 82 84 36 39 67 
30 1 74 67 29 75 73 72 78 36 39 60 80 53 44 84 20 47 37 31 62 13 26 63 14 61 92 99 65 16 85 22 93 4 12 96 5 81 79 83 49 76 54 33 68 55 56 18 58 34 21 48 38 9 52 19 82 66 59 28 17 91 15 27 40 32 94 45 24 8 95 42 0 71 77 11 51 50 64 69 46 7 87 70 90 3 86 23 35 41 97 2 10 98 6 89 88 57 25 43 
86 3 35 76 54 33 68 55 56 18 58 38 21 49 83 52 48 34 9 96 12 4 93 5 22 19 81 79 66 60 80 53 82 92 61 65 99 16 85 70 63 14 26 13 62 31 47 36 20 44 39 78 74 67 87 73 29 72 75 37 94 32 17 59 28 15 46 7 69 57 88 51 71 11 89 6 98 77 50 64 25 43 30 1 84 90 23 45 2 10 8 24 95 42 40 27 91 0 97 41 
64 50 88 51 0 42 95 24 8 45 32 86 3 35 23 76 54 33 68 41 97 10 2 55 18 56 58 38 34 52 12 4 93 5 9 96 48 49 21 83 79 81 82 66 90 17 59 28 60 80 53 14 63 92 61 22 19 16 85 65 99 70 26 13 62 31 37 72 73 75 29 87 78 74 67 46 7 69 43 25 57 1 30 15 94 91 27 40 71 11 77 89 98 6 39 44 84 20 47 36 
47 36 74 87 67 46 7 69 43 57 88 51 11 77 89 6 98 71 27 91 32 94 86 45 3 35 54 76 90 49 38 21 48 9 12 4 93 5 96 34 58 18 56 55 68 33 41 97 10 2 23 95 24 8 42 0 40 50 64 25 30 1 78 39 60 80 44 53 17 59 28 15 20 84 37 31 14 26 62 13 70 85 16 65 99 22 61 19 81 52 83 79 66 82 63 92 72 73 75 29 
47 36 74 87 67 46 7 69 43 57 88 51 11 77 89 6 98 71 27 91 32 94 86 45 3 35 54 76 90 49 38 21 48 9 12 4 93 5 96 34 58 18 56 55 68 33 41 97 10 2 23 95 24 8 42 0 40 50 64 25 30 1 78 39 60 80 44 53 17 59 28 15 20 84 37 31 14 26 62 13 70 85 16 65 99 22 61 19 81 52 83 79 66 82 63 92 72 73 75 29 
33 54 76 21 49 83 52 48 34 12 4 96 9 38 58 56 18 68 55 97 41 10 2 45 32 94 17 59 91 27 64 50 51 11 77 71 88 57 69 7 46 1 30 39 67 74 78 36 84 53 80 60 28 15 25 43 87 72 29 75 73 47 37 31 14 63 92 70 26 13 62 20 44 66 86 3 35 23 90 79 81 19 93 22 61 5 16 85 65 99 82 40 0 42 98 6 89 95 8 24 
75 73 72 29 87 74 46 7 69 43 25 57 17 59 28 60 80 84 20 37 47 36 78 67 30 1 39 44 53 82 19 93 4 22 12 96 9 34 38 21 49 58 56 18 55 90 15 64 88 50 51 11 98 6 89 77 71 0 32 94 3 35 86 23 76 54 33 68 97 41 10 2 45 40 91 27 42 24 8 95 66 79 81 83 52 48 5 61 92 63 14 62 26 13 70 99 65 85 16 31 
20 84 44 53 80 60 28 59 17 94 32 45 23 35 3 86 90 79 82 66 49 21 48 9 34 58 38 76 54 33 68 55 97 41 10 2 24 8 95 42 0 40 27 91 15 30 25 43 46 7 87 67 74 78 36 47 37 31 26 13 70 99 65 85 16 5 12 4 93 96 22 61 62 14 63 92 19 81 52 83 56 18 39 29 75 73 72 1 69 57 88 50 51 71 11 77 6 98 89 64 
98 6 89 71 0 27 64 50 11 77 88 51 25 43 67 78 74 1 30 15 86 35 3 94 32 45 17 59 91 40 42 95 24 8 33 68 55 41 97 56 18 21 49 38 58 34 83 79 82 81 52 12 4 19 22 61 92 63 14 37 31 62 13 26 70 99 65 16 85 93 5 9 96 48 54 76 2 10 23 90 66 80 53 44 39 60 28 84 20 47 36 72 73 75 29 87 7 46 69 57 
48 38 49 21 79 83 81 52 93 4 22 19 5 12 96 9 34 58 56 18 55 68 97 41 33 54 76 90 94 3 86 35 23 2 10 24 8 42 0 95 40 91 17 59 28 60 80 53 44 84 20 47 37 31 26 13 62 14 63 92 61 65 16 85 99 70 73 72 29 87 67 74 78 36 46 7 69 57 43 25 51 71 89 6 98 11 77 88 50 64 27 15 30 1 39 75 32 45 66 82 
46 69 57 25 43 7 1 30 15 17 91 27 64 50 51 88 11 77 89 6 98 71 0 40 42 95 24 8 2 41 68 54 76 90 35 23 10 45 94 32 86 3 59 28 60 80 44 84 53 78 74 67 87 29 75 72 73 47 37 62 26 13 70 99 16 65 85 5 93 22 19 12 4 81 79 66 82 83 21 49 48 58 38 97 33 55 18 56 34 96 52 9 14 63 92 61 31 20 36 39 
60 80 53 44 84 20 36 47 37 31 62 26 13 70 99 65 16 85 4 12 9 48 34 52 83 21 49 38 58 56 18 19 22 93 5 96 61 92 63 14 28 59 17 45 23 3 90 35 86 94 32 91 27 64 25 69 57 88 43 40 0 71 51 50 11 77 89 6 98 42 95 24 8 2 10 54 76 33 55 97 41 68 79 81 82 66 30 1 74 67 87 72 73 75 29 46 7 78 39 15 
81 12 93 4 5 96 9 48 38 55 56 18 58 34 21 49 83 52 19 22 65 85 16 99 70 92 61 63 14 37 47 20 84 44 60 80 53 82 79 66 28 59 17 94 32 45 86 35 76 54 68 33 23 41 97 10 2 95 8 24 42 0 71 40 15 30 74 67 1 39 36 78 31 62 26 13 87 72 29 75 73 7 46 69 88 57 43 25 64 51 11 77 89 98 6 27 50 91 3 90 
81 12 93 4 5 96 9 48 38 55 56 18 58 34 21 49 83 52 19 22 65 85 16 99 70 92 61 63 14 37 47 20 84 44 60 80 53 82 79 66 28 59 17 94 32 45 86 35 76 54 68 33 23 41 97 10 2 95 8 24 42 0 71 40 15 30 74 67 1 39 36 78 31 62 26 13 87 72 29 75 73 7 46 69 88 57 43 25 64 51 11 77 89 98 6 27 50 91 3 90 
10 2 33 68 55 97 41 54 76 90 3 86 35 23 45 94 32 40 0 88 11 77 89 6 98 71 42 95 24 8 27 91 15 64 50 51 57 25 43 69 46 7 29 72 73 75 87 67 74 1 30 39 78 47 37 31 62 26 13 63 14 84 20 36 53 80 44 60 28 59 17 66 79 81 83 52 9 49 21 38 58 34 56 18 22 93 4 19 61 92 70 99 65 85 16 5 96 12 48 82 
38 58 48 9 12 4 93 22 19 81 79 52 83 49 21 55 68 54 76 35 23 86 3 59 17 91 27 40 32 94 45 2 10 24 8 95 42 0 71 51 88 50 64 25 43 69 7 46 67 74 1 78 36 47 37 20 31 62 26 13 14 63 92 61 65 99 70 85 16 5 96 34 18 56 97 41 33 98 6 89 77 11 57 72 73 75 29 87 39 60 53 80 84 44 30 15 28 66 82 90 
39 80 60 28 44 84 53 14 26 63 92 61 22 16 65 85 99 70 13 62 31 37 47 36 78 74 67 1 30 15 91 32 94 86 35 3 45 40 27 64 50 51 11 77 88 57 43 25 98 6 89 71 0 42 8 24 2 10 41 97 68 33 54 76 38 34 9 83 90 59 17 66 79 81 52 12 93 4 19 82 5 96 48 49 21 58 56 18 55 23 95 7 46 69 87 29 72 73 75 20 
45 94 32 91 64 25 43 69 46 7 87 29 72 73 75 39 78 74 67 1 30 15 59 17 86 3 23 35 76 49 21 48 56 18 58 38 34 9 96 5 93 12 4 22 19 82 81 83 52 79 66 90 60 28 53 80 44 84 14 26 13 62 47 37 36 20 31 63 92 61 70 99 65 85 16 54 55 68 33 97 41 10 2 24 95 8 42 6 98 89 77 57 88 50 51 11 71 0 40 27 
27 15 17 94 86 3 90 35 76 48 52 83 49 21 38 58 34 18 56 55 54 33 41 97 68 23 2 10 95 24 8 42 40 91 32 45 0 71 77 50 51 64 25 43 69 7 46 1 74 67 87 78 36 47 37 20 84 44 53 80 60 28 59 66 79 63 14 26 13 82 19 81 4 93 22 61 92 12 9 96 5 99 65 85 16 70 62 31 72 73 75 29 39 30 57 88 11 89 6 98 
81 79 82 19 4 93 22 61 92 63 14 26 13 62 31 37 47 20 36 80 53 44 84 39 78 74 67 1 30 60 28 59 17 91 32 94 45 23 76 35 86 3 90 58 38 48 83 52 49 21 56 18 55 68 33 54 97 41 10 2 95 24 8 40 0 71 51 50 88 11 77 89 6 98 42 64 27 15 43 25 46 7 69 57 87 29 72 73 75 70 99 65 16 85 5 12 96 9 34 66 
81 79 82 19 4 93 22 61 92 63 14 26 13 62 31 37 47 20 36 80 53 44 84 39 78 74 67 1 30 60 28 59 17 91 32 94 45 23 76 35 86 3 90 58 38 48 83 52 49 21 56 18 55 68 33 54 97 41 10 2 95 24 8 40 0 71 51 50 88 11 77 89 6 98 42 64 27 15 43 25 46 7 69 57 87 29 72 73 75 70 99 65 16 85 5 12 96 9 34 66 
8 24 95 42 0 71 51 64 50 88 57 43 25 69 46 7 15 30 1 74 67 87 29 72 73 75 47 37 31 62 13 14 80 60 28 66 79 19 81 83 49 21 38 58 18 56 55 54 68 33 41 97 10 2 45 94 32 27 91 17 3 86 23 76 35 90 59 63 92 61 22 5 93 4 12 96 9 34 48 52 82 53 44 39 78 36 84 20 26 70 65 99 85 16 77 11 98 6 89 40 
17 59 28 15 91 27 64 50 11 51 71 0 40 32 94 45 86 3 23 2 10 24 8 95 42 98 6 89 77 88 57 43 25 69 7 46 67 1 30 44 53 80 60 39 84 20 47 37 31 62 73 75 78 74 87 72 29 36 63 14 70 99 65 85 16 22 93 4 12 18 56 58 38 49 83 81 52 48 34 9 96 5 92 61 13 26 19 82 79 66 90 54 76 35 41 97 33 68 55 21 
50 88 51 11 77 57 46 7 69 30 15 91 27 40 42 24 8 95 45 32 94 86 3 59 28 60 80 53 63 14 62 26 13 70 99 65 85 16 5 12 4 93 22 19 61 92 82 81 83 49 21 48 9 96 52 79 66 90 76 54 97 41 68 56 18 58 38 34 17 35 23 10 2 33 55 44 20 84 36 78 74 67 87 72 29 75 73 47 37 31 39 1 25 43 64 0 71 89 6 98 
59 17 91 15 30 1 74 67 87 78 39 60 80 53 44 84 20 47 36 37 31 62 13 26 63 92 22 93 4 9 12 96 5 65 99 85 16 61 19 81 79 52 58 56 18 55 68 97 41 33 54 76 21 49 66 90 35 23 86 3 94 32 45 95 8 24 10 2 51 11 77 98 6 89 71 0 42 40 27 64 50 88 57 43 25 69 7 46 29 75 73 72 14 70 82 83 48 34 38 28 
62 26 13 70 99 65 85 16 5 93 22 4 12 96 9 58 38 34 48 49 21 18 56 76 68 55 54 33 86 3 59 17 94 32 91 27 64 50 88 57 43 25 69 46 7 1 30 15 28 60 80 44 39 47 20 31 36 78 74 67 87 29 75 73 72 37 53 84 14 63 92 61 82 66 90 35 23 2 24 95 8 42 98 6 89 0 71 77 11 51 40 45 10 41 97 83 52 81 79 19 
62 14 63 92 26 13 70 99 65 16 85 12 4 93 22 61 84 44 20 37 47 36 78 67 74 1 30 15 91 32 94 86 3 35 90 59 17 40 0 71 51 88 11 77 89 98 6 42 95 8 24 2 10 41 97 55 68 54 76 33 23 45 27 64 50 25 43 69 57 7 46 87 29 75 73 72 39 60 28 53 80 82 19 79 66 81 83 52 9 34 48 38 58 56 18 21 49 5 96 31 
31 37 47 78 36 44 84 80 60 28 59 3 94 86 35 23 2 10 8 24 95 42 98 6 89 77 11 88 51 71 0 40 27 91 32 45 33 68 55 21 49 48 12 4 5 96 9 34 58 38 56 18 97 41 54 76 90 83 52 81 82 66 79 19 61 22 93 99 65 16 85 70 13 26 92 63 14 53 39 74 67 1 30 43 25 69 87 72 73 29 75 46 7 57 64 50 17 15 20 62 
76 54 33 97 41 68 55 18 56 58 38 34 9 49 21 83 52 81 79 66 60 80 3 86 35 94 17 59 28 25 98 6 89 11 77 51 50 88 57 43 46 7 78 74 67 87 29 75 73 72 31 37 47 20 36 39 1 30 91 27 40 71 0 42 8 24 95 2 10 23 45 32 15 64 69 53 44 84 14 26 13 62 63 82 19 22 61 92 70 99 65 16 85 12 4 93 5 96 48 90 
92 26 14 63 62 13 70 99 65 85 16 5 93 22 61 19 82 79 81 83 52 49 21 38 48 58 34 9 96 12 4 97 41 33 68 54 76 23 86 3 17 59 28 60 80 53 44 39 78 47 37 31 20 84 90 35 45 32 94 25 43 57 51 11 77 89 6 98 71 50 88 69 7 46 67 74 87 29 75 73 72 36 1 30 15 91 27 64 40 0 42 95 8 24 2 10 18 56 55 66 
15 30 1 74 67 7 46 25 43 69 57 88 51 71 11 77 89 6 98 42 95 24 8 2 10 41 97 68 54 49 21 56 18 58 38 48 52 12 19 82 80 53 44 60 28 59 17 94 86 3 35 76 90 32 91 27 64 50 0 40 45 23 33 55 34 9 96 93 22 61 92 63 14 62 26 13 70 99 65 85 16 4 5 81 79 83 66 20 84 39 78 87 29 72 73 75 47 37 31 36 
15 30 1 74 67 7 46 25 43 69 57 88 51 71 11 77 89 6 98 42 95 24 8 2 10 41 97 68 54 49 21 56 18 58 38 48 52 12 19 82 80 53 44 60 28 59 17 94 86 3 35 76 90 32 91 27 64 50 0 40 45 23 33 55 34 9 96 93 22 61 92 63 14 62 26 13 70 99 65 85 16 4 5 81 79 83 66 20 84 39 78 87 29 72 73 75 47 37 31 36 
4 93 5 22 61 92 63 53 44 39 1 30 15 94 32 40 0 71 51 50 88 57 43 25 64 91 27 59 28 60 80 78 36 47 84 20 72 73 75 29 87 67 74 81 79 83 49 21 38 58 34 9 48 52 12 19 82 66 90 76 35 86 3 17 23 10 54 33 68 55 56 18 97 41 2 24 8 95 45 42 98 6 89 11 77 69 7 46 31 37 62 14 26 13 70 99 65 85 16 96 
84 44 39 78 36 20 37 47 72 73 75 29 87 74 67 1 30 25 50 43 69 46 7 57 88 11 51 71 77 89 6 98 0 40 91 27 64 15 94 86 3 32 17 59 28 60 80 53 63 14 31 26 62 13 70 99 65 85 16 9 34 38 49 21 48 52 12 93 22 4 81 82 19 79 66 83 76 54 68 97 41 33 2 10 95 24 8 42 45 23 35 90 56 18 58 55 96 5 92 61 
68 55 54 33 97 41 10 23 94 32 86 45 2 24 8 95 42 0 40 27 91 17 59 28 60 80 44 53 84 20 47 37 36 39 78 74 67 1 30 15 64 50 51 88 57 69 7 46 87 72 75 73 29 25 43 71 89 6 98 77 11 76 35 3 90 83 52 12 4 81 79 82 61 92 63 14 26 62 31 13 70 99 65 85 16 22 19 93 5 66 49 21 48 38 58 56 18 34 96 9 
