7 75 49 35 21 9 63 2 78 71 26 45 83 91 34 93 41 27 18 61 22 58 37 31 94 36 30 23 24 39 76 60 14 81 88 67 4 28 72 19 3 57 99 1 70 12 89 80 6 87 44 48 32 10 56 46 42 86 47 59 16 25 17 79 0 69 68 54 52 62 55 77 90 38 15 73 53 5 98 51 92 74 20 85 40 43 65 84 29 11 33 82 96 66 97 13 64 8 95 50 
34 94 96 60 6 67 19 0 38 73 92 59 43 51 77 27 79 9 55 70 66 91 84 46 31 12 69 8 40 17 33 83 86 57 90 21 56 4 1 5 89 82 28 76 64 88 50 15 26 45 65 95 14 37 72 85 81 48 52 13 32 63 62 36 80 61 68 78 18 2 75 44 29 11 47 30 23 42 74 16 71 35 58 39 25 54 93 7 49 41 24 22 98 53 3 99 87 10 20 97 
41 27 93 35 9 55 14 72 71 54 90 12 57 97 96 47 24 33 73 87 50 13 95 63 17 85 40 88 10 82 29 60 59 58 38 52 65 0 53 3 32 51 94 86 83 25 79 56 92 42 77 80 16 22 36 75 7 91 44 37 2 89 28 76 20 61 18 74 23 8 67 84 68 62 81 48 30 70 15 1 5 64 43 34 46 31 45 78 69 26 6 4 19 11 66 39 49 21 99 98 
13 62 34 2 15 93 47 67 37 38 50 60 72 1 3 53 76 42 90 21 18 56 10 82 92 20 97 46 85 58 48 16 14 28 94 54 73 98 99 19 25 77 4 57 9 52 80 27 66 84 30 69 31 89 71 95 39 5 44 78 33 22 81 88 65 91 26 79 40 96 41 6 17 59 29 51 55 43 74 86 63 61 32 45 75 83 23 36 7 49 12 70 64 68 8 35 11 24 87 0 
6 57 7 33 41 91 32 28 94 30 64 82 88 38 85 54 73 53 46 13 8 50 18 45 14 76 65 22 56 61 9 25 71 58 87 1 63 34 43 27 47 0 62 55 12 3 78 69 29 67 16 17 86 74 93 26 83 79 49 97 19 39 31 24 5 21 44 80 23 92 95 11 36 52 68 37 72 84 66 99 40 60 10 81 48 89 51 4 20 15 77 42 96 98 59 35 75 90 2 70 
30 60 92 85 76 5 38 2 12 99 55 62 29 44 8 88 73 23 27 72 14 37 50 64 82 7 42 6 70 84 31 81 87 47 40 39 66 65 3 98 83 9 63 13 58 26 57 94 74 79 54 86 49 75 20 15 53 17 45 51 24 97 61 80 34 52 69 78 25 4 67 28 19 18 43 21 10 46 22 96 56 33 90 41 71 35 48 95 11 36 0 77 32 93 59 1 89 91 16 68 
97 13 66 5 27 96 81 68 95 85 72 42 61 31 8 64 43 86 11 57 70 38 1 3 94 29 47 2 67 77 51 59 83 84 20 39 36 91 50 54 58 19 99 25 16 6 89 30 4 76 92 33 49 62 90 45 26 17 82 22 41 7 88 93 35 10 65 40 74 12 24 98 34 75 9 79 14 78 55 69 73 71 56 32 48 44 53 15 18 23 63 46 21 37 28 60 52 80 87 0 
28 67 39 83 24 98 53 80 25 10 54 90 0 32 26 51 30 72 14 61 9 21 48 87 49 4 63 19 70 47 58 37 91 88 1 38 89 6 74 7 81 68 97 64 43 60 92 3 71 18 56 78 46 11 52 12 2 55 62 33 23 95 96 22 36 15 79 5 77 44 66 94 85 76 40 17 8 16 13 31 50 93 73 59 57 34 82 84 20 27 86 42 29 65 35 75 41 45 69 99 
14 33 40 83 27 58 84 51 46 3 16 42 11 50 66 82 47 31 67 28 94 19 89 12 73 20 23 85 71 55 36 96 26 90 52 45 41 95 24 2 22 8 21 65 17 99 92 57 79 70 32 77 59 68 91 34 18 29 88 30 81 74 44 48 39 69 56 98 78 53 43 37 25 86 62 60 4 80 38 76 64 87 72 1 54 97 61 7 6 93 13 35 9 15 10 75 49 63 0 5 
48 80 6 13 42 25 9 95 70 46 98 14 29 84 78 22 90 3 82 33 11 32 39 19 5 97 76 60 26 85 67 92 73 62 66 44 59 53 41 35 49 68 75 7 87 23 96 8 54 1 94 16 81 20 40 93 55 57 77 63 21 69 12 52 43 36 51 37 27 86 91 50 71 89 4 88 61 72 10 56 31 18 83 2 45 79 34 17 30 24 74 65 0 99 58 47 15 38 28 64 
77 73 55 69 1 82 97 98 6 22 40 57 83 47 30 53 15 90 59 23 20 52 9 80 2 68 79 58 3 12 38 41 21 86 13 14 4 89 48 33 64 65 75 5 74 18 37 63 66 29 54 17 7 95 19 87 70 62 35 27 45 26 8 67 10 85 44 32 11 96 36 56 51 81 39 24 16 42 49 78 93 25 28 91 31 71 99 72 34 84 88 43 46 94 50 61 60 76 92 0 
89 31 88 92 25 51 21 7 14 11 56 17 10 33 72 81 86 42 61 82 12 69 63 41 65 85 22 43 68 73 84 19 1 15 48 76 39 50 9 71 83 5 45 91 32 20 28 29 97 2 78 77 54 47 34 8 26 49 75 24 30 36 38 53 46 74 3 98 87 27 66 94 62 57 95 59 4 60 44 55 52 67 80 6 64 23 18 93 13 96 99 40 16 58 35 90 37 70 79 0 
2 94 61 4 20 14 0 16 9 68 18 22 93 33 74 63 27 84 92 31 5 3 78 79 66 41 45 17 91 56 49 12 34 62 90 73 80 60 25 57 71 28 44 26 38 52 89 69 67 39 7 29 43 1 19 36 88 51 50 87 10 59 40 85 86 97 55 82 58 42 46 83 70 77 30 11 76 24 75 96 13 64 65 8 21 95 35 54 48 47 23 37 32 81 6 72 98 15 53 99 
20 99 89 58 57 51 43 5 4 42 88 15 36 60 14 25 39 0 3 59 53 47 34 45 18 29 81 30 12 90 86 75 32 55 54 1 91 84 65 10 37 44 87 92 64 21 80 98 2 41 46 78 19 93 11 76 72 28 74 8 6 69 35 63 26 73 66 97 77 22 68 71 17 62 7 83 38 24 50 56 9 70 49 27 61 40 33 13 85 96 16 95 23 79 52 31 48 94 67 82 
78 50 80 98 38 44 67 79 74 86 72 56 6 47 97 34 57 48 23 25 43 33 29 64 83 69 82 42 15 88 9 65 71 26 75 16 7 81 17 39 60 85 73 5 35 49 94 30 46 99 53 55 77 27 45 41 10 95 13 52 93 62 59 58 24 14 36 40 11 28 19 54 87 90 0 4 63 2 21 32 92 20 84 96 31 61 66 1 12 68 89 51 76 8 22 70 37 91 3 18 
46 29 60 88 14 96 51 73 36 9 63 79 70 89 35 90 2 33 65 13 56 59 95 66 42 94 7 39 50 45 21 16 62 49 93 92 20 3 10 64 41 22 82 91 53 87 71 6 38 17 86 19 28 1 75 26 43 76 5 32 18 85 84 23 8 52 30 83 48 25 81 68 11 47 80 78 58 54 77 12 34 74 15 55 98 69 24 67 27 61 57 31 97 37 40 4 72 99 0 44 
10 5 58 70 78 74 32 31 86 68 54 42 94 71 84 22 16 72 36 49 12 44 63 62 93 45 69 55 67 53 0 41 82 90 52 79 61 19 98 91 83 1 7 48 75 9 24 88 97 33 18 14 47 59 65 11 87 60 28 73 23 26 85 35 34 2 51 15 29 96 64 13 43 46 95 37 6 38 77 66 40 76 81 17 56 25 3 92 20 39 4 57 27 8 50 21 89 99 30 80 
77 95 23 22 27 45 69 79 40 16 74 82 18 91 21 71 44 86 5 83 67 15 66 94 78 63 56 33 62 55 49 50 61 13 93 59 35 92 12 76 54 34 31 4 11 29 24 88 52 51 48 42 47 36 84 43 32 39 90 7 38 37 65 14 28 2 26 89 81 30 17 75 25 58 6 3 1 72 87 85 97 19 73 68 60 53 70 10 8 64 96 46 9 41 20 80 57 98 99 0 
99 69 72 28 52 56 53 67 32 8 78 54 3 30 6 64 18 74 25 96 23 89 27 46 45 34 42 68 75 26 41 82 4 19 5 57 33 22 1 80 70 93 49 95 81 24 94 2 90 10 98 47 11 13 66 58 12 16 40 59 51 61 91 85 43 84 14 15 63 7 37 92 60 87 79 97 20 38 21 73 88 77 76 29 31 55 9 62 36 39 86 65 44 17 50 83 71 0 48 35 
55 36 69 5 3 48 81 29 43 20 52 51 4 12 31 32 50 41 57 82 46 76 77 33 10 42 60 92 38 83 35 63 90 80 6 9 61 26 47 95 23 78 16 85 19 53 17 25 67 88 11 40 7 68 91 0 13 66 97 1 93 56 24 14 79 74 75 18 21 94 59 39 49 44 28 30 22 84 27 96 86 58 65 64 34 2 89 62 45 54 72 8 71 87 73 15 99 37 98 70 
30 90 69 39 77 95 64 55 57 19 88 41 36 52 32 46 27 61 4 99 11 29 42 14 17 6 49 35 38 26 63 10 8 98 85 73 16 47 40 9 84 5 34 25 56 83 58 82 13 53 68 45 65 33 20 81 80 75 70 7 24 89 44 94 76 15 21 74 37 78 71 66 96 97 22 18 2 48 60 28 59 86 51 43 72 31 92 54 3 1 0 93 50 87 62 12 79 91 23 67 
18 94 77 92 19 20 71 6 34 83 53 41 93 58 35 27 7 78 45 81 23 39 31 37 24 25 48 3 91 12 69 49 9 52 90 98 30 75 10 61 33 85 43 36 64 70 21 68 97 11 42 59 44 51 67 4 87 73 14 88 50 63 54 86 82 32 15 80 57 16 62 76 17 46 96 72 74 26 66 22 95 99 56 28 2 8 40 84 47 38 79 13 5 89 0 60 55 1 29 65 
79 84 11 58 24 31 56 64 29 82 33 18 45 19 12 99 13 8 26 40 52 63 48 54 90 41 70 42 69 30 60 76 98 44 23 10 88 16 95 66 97 37 28 53 73 74 55 3 71 96 59 20 47 7 62 68 89 22 25 46 94 87 78 32 27 5 93 50 75 86 92 51 35 2 34 9 91 14 77 49 85 43 61 83 36 81 67 57 80 21 72 4 65 17 39 38 15 6 1 0 
95 74 51 96 85 40 46 84 66 69 70 88 19 99 22 27 25 71 26 21 42 90 80 36 75 23 34 4 12 76 92 20 83 48 58 0 30 3 77 68 55 63 98 5 89 50 82 64 65 13 87 6 61 94 33 39 38 44 49 52 81 57 45 62 18 79 60 15 47 43 10 97 73 59 32 72 29 56 86 7 54 8 37 28 11 17 53 1 93 67 31 14 24 16 91 2 78 41 35 9 
95 74 51 96 85 40 46 84 66 69 70 88 19 99 22 27 25 71 26 21 42 90 80 36 75 23 34 4 12 76 92 20 83 48 58 0 30 3 77 68 55 63 98 5 89 50 82 64 65 13 87 6 61 94 33 39 38 44 49 52 81 57 45 62 18 79 60 15 47 43 10 97 73 59 32 72 29 56 86 7 54 8 37 28 11 17 53 1 93 67 31 14 24 16 91 2 78 41 35 9 
54 30 72 31 57 99 24 28 42 47 93 12 35 96 75 91 50 38 70 3 67 94 53 81 20 71 9 62 40 5 18 21 89 29 46 45 34 33 92 36 87 73 48 26 19 37 60 74 82 86 6 44 10 56 83 85 66 51 0 41 27 7 55 16 84 43 80 95 68 88 77 90 49 8 61 13 17 64 25 1 69 98 63 59 23 58 2 15 52 78 32 22 79 4 11 97 65 14 39 76 
30 90 69 39 77 95 64 55 57 19 88 41 36 52 32 46 27 61 4 99 11 29 42 14 17 6 49 35 38 26 63 10 8 98 85 73 16 47 40 9 84 5 34 25 56 83 58 82 13 53 68 45 65 33 20 81 80 75 70 7 24 89 44 94 76 15 21 74 37 78 71 66 96 97 22 18 2 48 60 28 59 86 51 43 72 31 92 54 3 1 0 93 50 87 62 12 79 91 23 67 
99 68 82 19 48 45 9 76 41 81 64 89 90 75 58 72 12 57 32 16 98 24 42 56 83 97 26 1 30 3 53 88 66 36 50 13 22 49 14 84 96 11 65 74 67 39 73 69 61 92 95 55 94 17 79 27 71 20 23 60 93 85 51 43 47 6 31 4 37 25 91 29 34 44 28 87 86 59 46 38 80 15 10 63 78 77 54 40 70 5 62 21 52 18 35 33 8 7 2 0 
84 0 13 63 62 94 16 65 66 29 58 64 48 37 68 93 14 59 15 10 53 28 1 43 42 12 11 60 51 87 80 89 40 69 2 61 44 88 98 17 38 26 7 91 24 81 72 19 3 90 73 30 31 34 35 23 4 39 36 41 18 5 86 32 6 70 85 8 95 97 79 25 54 49 9 52 67 75 20 74 45 78 21 77 83 71 96 22 27 33 56 46 76 92 47 99 50 55 57 82 
57 12 85 81 34 2 71 58 10 7 64 32 1 5 17 51 84 35 74 40 24 88 60 46 29 78 49 97 80 66 39 15 38 6 70 52 54 79 37 83 96 50 8 36 75 22 9 3 91 87 19 69 68 44 23 28 4 30 67 48 47 20 62 98 63 86 77 41 11 82 94 16 53 18 76 31 43 45 13 33 93 21 26 61 14 92 99 59 89 25 73 55 27 95 65 56 42 0 90 72 
35 69 62 0 24 43 38 78 20 37 6 42 91 66 44 84 57 51 93 74 70 63 77 89 79 45 58 87 27 96 7 95 23 92 49 26 83 8 13 56 54 9 41 3 82 61 11 21 15 4 71 28 48 75 39 14 81 85 16 86 34 52 55 22 65 17 59 5 73 31 19 98 68 25 32 46 99 88 60 29 76 10 33 12 50 40 47 67 97 18 64 72 94 80 90 1 53 36 30 2 
13 62 34 2 15 93 47 67 37 38 50 60 72 1 3 53 76 42 90 21 18 56 10 82 92 20 97 46 85 58 48 16 14 28 94 54 73 98 99 19 25 77 4 57 9 52 80 27 66 84 30 69 31 89 71 95 39 5 44 78 33 22 81 88 65 91 26 79 40 96 41 6 17 59 29 51 55 43 74 86 63 61 32 45 75 83 23 36 7 49 12 70 64 68 8 35 11 24 87 0 
30 90 69 39 77 95 64 55 57 19 88 41 36 52 32 46 27 61 4 99 11 29 42 14 17 6 49 35 38 26 63 10 8 98 85 73 16 47 40 9 84 5 34 25 56 83 58 82 13 53 68 45 65 33 20 81 80 75 70 7 24 89 44 94 76 15 21 74 37 78 71 66 96 97 22 18 2 48 60 28 59 86 51 43 72 31 92 54 3 1 0 93 50 87 62 12 79 91 23 67 
17 66 64 72 81 33 35 62 89 85 50 29 22 11 86 54 93 41 63 56 97 61 99 24 14 20 38 58 39 60 7 48 16 10 98 18 21 88 94 57 28 76 15 53 37 59 84 31 46 91 32 26 67 73 77 2 45 71 82 25 92 96 30 75 78 9 36 95 40 83 49 27 69 68 90 52 6 43 87 51 74 47 42 65 70 3 19 80 12 79 34 4 23 0 55 8 5 44 13 1 
41 3 16 51 97 95 61 13 15 1 26 83 78 49 24 72 68 40 42 17 77 86 35 48 70 89 38 43 29 6 2 56 91 54 7 4 50 92 71 55 34 88 23 28 58 67 75 21 5 59 84 32 96 22 31 52 63 46 37 82 60 74 39 81 64 8 85 11 94 36 73 45 9 47 10 69 93 62 18 79 12 87 20 65 90 33 14 19 80 30 25 53 76 27 66 44 57 0 99 98 
37 26 69 3 81 71 78 50 97 96 18 35 42 70 16 55 62 46 66 64 95 56 27 5 36 84 40 17 75 82 94 25 15 19 89 93 20 83 73 99 28 88 52 47 91 60 98 86 87 80 61 30 49 44 85 29 72 23 13 24 79 48 63 68 34 77 22 59 31 39 43 6 76 92 67 32 8 65 51 33 58 21 90 53 54 2 45 41 10 9 38 74 12 11 57 4 1 14 7 0 
82 15 81 94 67 28 0 17 16 43 48 88 31 46 13 27 78 79 49 7 3 85 19 75 61 74 51 24 59 41 73 90 34 93 70 20 4 39 72 6 68 58 21 50 22 66 11 53 77 83 63 62 37 1 33 97 57 30 56 96 8 35 25 99 18 52 69 45 9 54 42 38 40 26 60 32 87 76 14 12 10 64 47 44 23 92 89 98 71 55 29 86 36 80 2 84 91 5 65 95 
76 24 88 9 26 74 13 20 14 64 6 58 31 44 57 80 87 53 71 75 69 66 7 2 68 67 51 18 35 29 25 19 48 72 39 10 41 86 33 38 62 45 65 60 30 91 11 84 63 32 54 83 50 23 27 12 59 8 82 46 43 16 42 4 81 55 98 89 90 70 21 28 73 22 34 1 0 77 15 56 95 93 47 97 61 49 17 78 3 37 92 94 5 52 36 79 40 85 96 99 
75 55 56 87 69 57 47 10 91 42 61 78 12 92 72 88 63 70 46 65 37 15 85 68 71 28 13 66 23 79 80 45 7 59 84 20 3 90 58 93 95 52 30 98 38 0 2 26 25 14 43 11 35 1 81 22 27 44 32 6 89 73 41 31 51 54 19 67 9 34 86 76 99 5 53 4 82 60 48 62 77 96 16 36 21 64 97 18 49 8 40 24 39 94 29 17 83 50 74 33 
41 27 93 35 9 55 14 72 71 54 90 12 57 97 96 47 24 33 73 87 50 13 95 63 17 85 40 88 10 82 29 60 59 58 38 52 65 0 53 3 32 51 94 86 83 25 79 56 92 42 77 80 16 22 36 75 7 91 44 37 2 89 28 76 20 61 18 74 23 8 67 84 68 62 81 48 30 70 15 1 5 64 43 34 46 31 45 78 69 26 6 4 19 11 66 39 49 21 99 98 
28 67 39 83 24 98 53 80 25 10 54 90 0 32 26 51 30 72 14 61 9 21 48 87 49 4 63 19 70 47 58 37 91 88 1 38 89 6 74 7 81 68 97 64 43 60 92 3 71 18 56 78 46 11 52 12 2 55 62 33 23 95 96 22 36 15 79 5 77 44 66 94 85 76 40 17 8 16 13 31 50 93 73 59 57 34 82 84 20 27 86 42 29 65 35 75 41 45 69 99 
88 19 33 15 92 51 76 81 39 20 31 59 8 61 6 23 4 56 29 13 11 14 91 97 66 22 0 99 87 86 32 25 75 16 78 36 85 71 28 68 49 46 90 21 58 17 26 55 83 2 74 65 82 53 77 62 24 12 9 54 34 80 38 1 79 52 57 63 73 45 96 84 18 42 69 48 67 50 40 27 43 60 64 5 47 95 35 41 37 93 94 7 3 72 89 70 10 44 30 98 
64 92 56 10 41 83 11 46 61 77 71 78 91 68 38 4 31 84 96 1 28 14 89 19 76 85 93 5 87 81 21 16 7 55 86 62 57 42 22 50 8 54 51 36 0 27 49 30 82 12 32 18 80 25 26 45 79 88 66 95 59 73 53 75 70 37 13 69 24 39 15 9 2 6 67 58 65 44 63 35 29 23 60 34 52 40 3 48 47 43 74 20 17 33 98 99 72 94 90 97 
53 46 50 95 1 98 44 60 30 63 81 85 65 36 93 19 57 33 23 89 39 99 54 42 18 34 25 12 2 86 88 74 3 73 17 67 51 43 87 71 20 27 8 96 83 22 35 45 31 4 7 0 6 91 66 64 32 84 16 56 79 13 49 61 9 78 10 47 11 77 52 26 76 72 69 21 14 38 68 41 75 94 15 24 28 92 59 48 29 40 58 37 55 5 70 90 80 82 97 62 
28 96 31 98 20 81 27 69 90 48 74 88 94 85 59 13 50 95 89 15 79 54 52 62 46 66 73 43 92 58 77 45 91 34 87 21 24 30 47 10 8 40 76 2 71 26 19 37 80 86 51 56 35 49 75 41 84 16 3 78 63 7 4 53 83 60 82 72 44 6 18 57 39 36 64 9 70 55 68 5 25 11 67 65 17 33 12 29 61 42 97 32 23 14 22 93 0 99 1 38 
91 89 90 31 72 26 80 37 38 5 77 53 24 36 20 65 56 45 12 44 88 60 6 15 9 57 83 14 99 67 86 50 58 28 34 48 10 42 61 35 18 40 3 51 85 1 70 32 66 11 84 82 52 69 78 62 54 43 13 25 81 16 21 73 98 76 17 74 23 8 41 7 75 33 27 71 97 59 2 30 64 47 96 39 55 92 46 49 95 4 19 94 93 79 87 22 68 63 29 0 
41 27 93 35 9 55 14 72 71 54 90 12 57 97 96 47 24 33 73 87 50 13 95 63 17 85 40 88 10 82 29 60 59 58 38 52 65 0 53 3 32 51 94 86 83 25 79 56 92 42 77 80 16 22 36 75 7 91 44 37 2 89 28 76 20 61 18 74 23 8 67 84 68 62 81 48 30 70 15 1 5 64 43 34 46 31 45 78 69 26 6 4 19 11 66 39 49 21 99 98 
37 33 97 50 21 71 94 55 91 49 96 44 85 9 31 36 95 13 64 27 46 54 41 12 38 15 57 29 93 39 92 60 73 80 51 7 28 90 79 98 88 43 11 78 87 34 86 83 61 22 68 84 35 77 74 82 65 58 81 18 76 69 62 2 75 72 25 0 48 47 70 17 67 66 14 26 63 45 24 59 56 23 53 89 8 42 40 19 32 1 30 20 16 10 6 5 4 3 99 52 
64 92 56 10 41 83 11 46 61 77 71 78 91 68 38 4 31 84 96 1 28 14 89 19 76 85 93 5 87 81 21 16 7 55 86 62 57 42 22 50 8 54 51 36 0 27 49 30 82 12 32 18 80 25 26 45 79 88 66 95 59 73 53 75 70 37 13 69 24 39 15 9 2 6 67 58 65 44 63 35 29 23 60 34 52 40 3 48 47 43 74 20 17 33 98 99 72 94 90 97 
36 45 78 90 58 1 94 88 38 14 28 65 0 33 19 96 24 23 10 47 71 75 35 72 27 15 6 99 12 69 9 85 93 97 64 43 84 98 80 2 89 66 3 39 81 22 18 55 4 87 67 53 21 82 73 54 5 41 49 26 44 62 52 16 30 25 86 40 74 63 83 7 68 34 8 50 42 59 11 95 77 17 51 76 56 70 46 13 61 20 60 92 29 91 37 32 31 79 48 57 
94 29 69 68 77 40 12 53 41 75 83 26 19 18 47 93 31 23 39 59 92 98 86 51 74 57 30 88 2 56 76 52 90 24 95 42 11 71 79 45 17 49 78 32 43 50 33 67 81 14 87 34 54 16 82 62 35 96 60 72 84 65 38 58 3 44 80 89 15 48 27 46 97 64 37 66 4 55 73 8 61 1 6 36 28 99 85 9 7 25 20 10 13 70 21 91 22 63 0 5 
94 29 69 68 77 40 12 53 41 75 83 26 19 18 47 93 31 23 39 59 92 98 86 51 74 57 30 88 2 56 76 52 90 24 95 42 11 71 79 45 17 49 78 32 43 50 33 67 81 14 87 34 54 16 82 62 35 96 60 72 84 65 38 58 3 44 80 89 15 48 27 46 97 64 37 66 4 55 73 8 61 1 6 36 28 99 85 9 7 25 20 10 13 70 21 91 22 63 0 5 
94 29 69 68 77 40 12 53 41 75 83 26 19 18 47 93 31 23 39 59 92 98 86 51 74 57 30 88 2 56 76 52 90 24 95 42 11 71 79 45 17 49 78 32 43 50 33 67 81 14 87 34 54 16 82 62 35 96 60 72 84 65 38 58 3 44 80 89 15 48 27 46 97 64 37 66 4 55 73 8 61 1 6 36 28 99 85 9 7 25 20 10 13 70 21 91 22 63 0 5 
80 99 10 42 8 27 41 46 4 88 89 59 36 84 25 75 95 22 32 74 51 43 2 14 60 7 0 48 15 56 18 73 71 78 52 26 16 31 20 39 38 86 33 81 50 21 17 65 62 34 67 24 19 87 9 83 77 58 94 68 1 6 28 3 37 45 55 98 40 49 76 66 92 44 12 30 54 29 64 91 5 57 69 93 70 53 85 23 82 97 11 96 13 63 61 35 47 90 72 79 
33 15 41 56 73 98 65 64 84 42 35 78 40 19 71 75 96 52 85 16 63 0 48 5 22 44 25 76 95 59 77 80 38 7 21 18 8 94 47 70 54 26 83 61 93 88 27 50 23 20 66 81 39 29 67 72 87 36 92 60 28 1 43 49 91 46 86 34 10 97 6 57 89 51 37 17 82 24 62 79 55 90 69 53 12 9 68 2 58 14 13 45 32 31 30 74 4 3 99 11 
87 24 58 99 15 54 61 96 68 45 95 0 88 77 94 19 17 85 8 71 55 63 84 70 91 14 86 31 21 97 75 83 66 47 79 25 22 23 92 65 39 27 13 50 28 3 53 20 76 1 67 12 34 26 38 90 73 89 36 11 16 69 80 72 41 52 44 60 42 82 81 33 46 10 56 40 51 62 48 59 29 64 78 2 98 57 5 18 9 7 49 43 93 6 35 32 74 4 37 30 
23 13 22 32 59 63 41 35 30 65 14 27 91 62 54 52 7 57 97 28 31 81 58 47 53 98 40 76 44 61 90 4 69 34 17 72 87 80 49 45 75 21 38 1 10 20 93 29 85 86 48 43 11 82 66 25 83 3 15 95 64 8 2 79 89 78 26 42 73 0 50 84 24 88 68 96 33 16 60 37 12 6 74 56 51 94 55 36 70 18 39 67 99 5 19 77 92 46 71 9 
23 13 22 32 59 63 41 35 30 65 14 27 91 62 54 52 7 57 97 28 31 81 58 47 53 98 40 76 44 61 90 4 69 34 17 72 87 80 49 45 75 21 38 1 10 20 93 29 85 86 48 43 11 82 66 25 83 3 15 95 64 8 2 79 89 78 26 42 73 0 50 84 24 88 68 96 33 16 60 37 12 6 74 56 51 94 55 36 70 18 39 67 99 5 19 77 92 46 71 9 
94 29 69 68 77 40 12 53 41 75 83 26 19 18 47 93 31 23 39 59 92 98 86 51 74 57 30 88 2 56 76 52 90 24 95 42 11 71 79 45 17 49 78 32 43 50 33 67 81 14 87 34 54 16 82 62 35 96 60 72 84 65 38 58 3 44 80 89 15 48 27 46 97 64 37 66 4 55 73 8 61 1 6 36 28 99 85 9 7 25 20 10 13 70 21 91 22 63 0 5 
28 67 88 4 87 93 81 56 80 17 51 43 48 68 89 25 84 0 98 57 82 61 49 53 14 5 31 59 16 32 79 40 58 24 1 7 78 45 90 65 76 38 6 21 75 60 92 36 29 12 54 73 72 64 63 9 2 77 70 97 66 11 30 55 33 62 19 3 52 83 47 13 46 86 50 18 41 27 8 39 37 74 85 34 23 22 20 35 10 15 96 69 91 44 26 95 42 71 94 99 
57 30 52 65 97 96 50 21 71 93 62 53 95 6 40 46 10 8 81 90 94 16 26 37 92 74 1 58 28 25 51 61 35 91 89 70 88 43 31 15 87 0 59 86 64 85 34 48 36 77 12 4 84 5 39 23 83 78 19 60 82 47 80 3 54 9 68 79 76 56 75 18 27 67 69 22 73 66 72 32 63 55 13 33 49 45 41 38 44 42 29 14 24 11 20 17 7 2 99 98 
19 54 91 31 99 67 79 75 20 28 98 45 35 17 80 68 55 73 78 97 96 43 82 94 7 53 1 11 95 21 26 89 83 25 72 56 44 38 12 15 93 50 29 42 77 13 92 24 66 10 37 74 90 57 39 88 62 52 6 51 87 60 14 2 86 47 64 49 85 23 84 46 59 81 34 63 76 65 27 9 71 22 70 32 69 61 16 0 58 41 48 40 36 30 33 18 8 5 4 3 
57 12 85 81 34 2 71 58 10 7 64 32 1 5 17 51 84 35 74 40 24 88 60 46 29 78 49 97 80 66 39 15 38 6 70 52 54 79 37 83 96 50 8 36 75 22 9 3 91 87 19 69 68 44 23 28 4 30 67 48 47 20 62 98 63 86 77 41 11 82 94 16 53 18 76 31 43 45 13 33 93 21 26 61 14 92 99 59 89 25 73 55 27 95 65 56 42 0 90 72 
23 13 22 32 59 63 41 35 30 65 14 27 91 62 54 52 7 57 97 28 31 81 58 47 53 98 40 76 44 61 90 4 69 34 17 72 87 80 49 45 75 21 38 1 10 20 93 29 85 86 48 43 11 82 66 25 83 3 15 95 64 8 2 79 89 78 26 42 73 0 50 84 24 88 68 96 33 16 60 37 12 6 74 56 51 94 55 36 70 18 39 67 99 5 19 77 92 46 71 9 
56 16 2 72 67 28 98 40 44 41 18 31 19 23 0 52 21 48 59 9 24 84 97 25 86 46 8 10 29 49 30 65 42 20 33 17 1 36 12 73 38 51 88 14 43 45 75 27 62 15 13 5 55 96 91 57 58 3 61 11 64 95 80 34 68 69 82 70 4 37 76 81 77 47 94 39 83 87 85 89 90 53 93 54 6 22 32 92 60 66 74 79 7 50 78 35 26 71 63 99 
14 77 27 95 60 72 76 39 81 98 4 58 11 25 37 92 97 65 84 56 90 38 96 66 61 82 21 78 74 88 69 34 87 19 12 32 86 53 7 50 48 31 33 47 42 99 35 41 93 49 20 46 15 51 57 5 17 70 91 64 79 89 23 40 54 44 73 18 71 9 6 67 85 68 83 36 26 10 29 80 55 45 8 52 43 13 75 63 62 94 16 22 2 30 28 59 3 1 0 24 
20 33 10 65 59 22 52 29 23 3 58 87 39 2 45 95 96 97 82 93 50 67 85 13 27 28 66 79 44 0 15 32 18 51 53 84 40 92 43 78 35 80 5 37 47 17 91 75 31 61 42 19 14 4 54 11 74 86 90 69 1 73 57 34 89 30 41 99 72 81 64 8 83 77 60 71 26 88 46 70 6 9 68 62 48 25 63 21 56 98 7 49 12 38 36 16 24 94 55 76 
84 0 13 63 62 94 16 65 66 29 58 64 48 37 68 93 14 59 15 10 53 28 1 43 42 12 11 60 51 87 80 89 40 69 2 61 44 88 98 17 38 26 7 91 24 81 72 19 3 90 73 30 31 34 35 23 4 39 36 41 18 5 86 32 6 70 85 8 95 97 79 25 54 49 9 52 67 75 20 74 45 78 21 77 83 71 96 22 27 33 56 46 76 92 47 99 50 55 57 82 
21 52 75 8 10 76 44 0 77 50 58 87 84 59 89 14 53 5 43 39 51 34 61 96 41 27 11 95 46 93 42 1 68 71 79 12 65 35 49 69 31 9 90 60 28 94 63 36 86 88 37 47 18 85 48 15 67 74 6 92 3 19 83 22 97 82 29 55 25 2 70 73 57 23 72 81 32 4 30 17 13 78 91 62 54 38 24 45 80 64 16 66 20 40 56 26 33 7 99 98 
16 67 98 62 0 53 95 47 9 75 73 89 1 5 59 31 17 97 2 28 23 30 55 44 43 87 91 36 68 24 39 79 86 40 3 26 52 20 25 69 63 50 58 90 74 19 88 65 33 15 35 96 4 92 18 49 6 27 37 7 48 12 83 82 42 77 78 8 10 56 32 21 57 81 70 71 11 46 13 66 85 76 72 60 14 51 94 38 22 29 80 54 34 93 41 61 45 64 84 99 
73 83 15 34 1 88 84 14 45 2 80 68 55 49 3 23 4 39 57 36 43 58 5 94 62 98 12 56 6 85 64 93 7 61 75 81 50 8 25 16 27 47 76 19 9 71 10 60 11 13 51 37 17 74 92 67 24 18 20 28 89 21 33 35 22 41 26 65 29 59 63 69 30 31 32 97 38 90 48 40 82 66 42 44 46 96 52 53 54 79 77 70 72 78 86 95 87 91 99 0 
10 96 45 90 76 67 60 99 79 77 52 71 19 18 53 93 2 73 59 94 12 1 26 63 56 42 11 36 68 55 39 7 66 48 92 29 16 34 46 20 84 28 81 14 4 74 91 6 87 54 23 88 50 25 61 13 40 15 5 32 31 57 27 30 44 86 41 89 37 98 70 64 8 83 78 43 9 24 82 17 58 49 80 72 65 35 21 62 22 75 0 69 38 47 51 3 95 97 33 85 
46 20 88 36 77 49 14 70 37 72 62 32 48 5 53 74 2 27 87 69 31 94 33 11 61 96 16 21 3 66 24 17 15 38 35 45 71 4 59 52 50 82 64 13 6 63 7 23 57 91 95 81 58 34 80 28 98 1 9 78 73 75 26 41 10 54 40 68 42 18 92 25 12 19 0 90 29 65 97 30 51 60 39 83 84 86 43 8 47 93 79 55 56 67 76 44 89 99 22 85 
36 85 67 28 12 80 34 43 61 65 74 83 96 59 10 95 26 37 6 38 94 79 91 93 0 47 98 20 16 11 90 48 89 53 25 68 18 4 14 52 58 32 88 1 87 86 54 81 39 56 69 31 23 64 21 45 84 22 55 13 82 76 2 97 33 77 75 49 35 24 17 73 72 8 66 42 46 41 71 9 70 3 60 63 62 30 57 44 5 51 50 27 40 29 7 19 15 78 92 99 
17 59 3 89 1 81 34 35 42 5 75 21 30 36 14 23 88 51 56 95 24 69 72 6 2 91 25 11 70 61 29 57 31 74 44 67 54 52 53 93 65 39 99 4 33 86 92 20 60 71 38 9 7 73 83 49 62 27 79 10 46 45 8 47 41 58 63 84 12 0 28 98 76 87 18 78 15 68 22 55 94 16 82 13 26 64 40 43 32 50 90 77 37 80 48 85 66 96 97 19 
43 70 83 40 39 18 65 25 15 28 37 17 56 48 27 82 50 47 89 97 29 92 67 32 99 21 55 49 16 84 76 19 75 74 3 60 8 95 88 5 4 94 66 33 69 6 93 35 98 0 81 62 78 30 34 71 9 53 90 68 54 26 96 7 42 51 46 11 22 77 12 38 44 86 91 64 59 61 13 80 14 87 73 1 41 23 72 85 24 31 36 58 79 52 45 57 63 2 20 10 
41 26 99 81 30 54 31 32 37 62 79 50 43 69 9 61 49 91 18 44 77 4 36 65 15 57 19 33 76 85 60 84 22 98 90 21 46 97 47 0 70 40 2 58 20 51 68 17 59 29 86 96 64 66 74 55 87 13 95 35 48 75 25 34 42 10 52 82 92 93 24 3 39 16 7 71 12 45 73 94 5 72 89 1 80 67 88 14 28 27 8 83 56 78 63 11 23 53 38 6 
90 68 69 43 51 67 98 85 30 5 54 31 2 63 73 50 28 48 3 49 62 38 57 89 60 87 15 84 71 41 55 78 93 79 4 9 24 10 26 52 83 23 97 14 42 64 22 6 34 20 81 37 7 96 66 13 8 45 65 11 29 18 27 39 46 19 88 12 70 72 76 95 94 56 75 59 16 35 17 33 58 47 86 77 21 40 92 44 25 32 0 80 53 91 61 1 82 99 36 74 
24 63 74 82 20 36 81 21 35 9 50 68 96 78 76 67 51 40 70 99 4 93 94 61 92 98 27 71 55 47 57 41 10 17 90 12 29 65 30 5 72 13 16 89 77 48 44 60 88 14 43 42 37 58 66 97 86 46 2 33 7 85 84 53 19 23 22 83 56 59 38 28 52 95 79 91 73 26 69 3 11 64 32 34 15 87 6 54 49 45 25 80 31 8 18 75 0 62 1 39 
41 27 93 35 9 55 14 72 71 54 90 12 57 97 96 47 24 33 73 87 50 13 95 63 17 85 40 88 10 82 29 60 59 58 38 52 65 0 53 3 32 51 94 86 83 25 79 56 92 42 77 80 16 22 36 75 7 91 44 37 2 89 28 76 20 61 18 74 23 8 67 84 68 62 81 48 30 70 15 1 5 64 43 34 46 31 45 78 69 26 6 4 19 11 66 39 49 21 99 98 
39 32 41 86 99 42 31 85 33 66 65 48 98 23 1 10 13 95 43 82 97 64 59 40 52 17 74 73 28 67 55 9 62 60 96 50 46 49 79 56 94 20 34 27 71 93 76 35 88 45 77 78 92 58 61 19 91 2 16 75 90 12 3 37 54 7 21 89 87 47 84 69 25 36 70 38 83 18 81 29 80 4 14 30 72 68 53 26 63 57 51 15 44 11 24 22 8 6 5 0 
17 30 85 74 43 18 42 2 71 38 54 68 84 96 50 97 48 49 35 23 72 76 60 81 20 21 93 56 90 89 34 94 95 79 39 66 59 26 47 51 22 1 37 25 70 9 86 91 33 19 29 65 82 78 36 4 62 0 99 69 40 13 44 83 75 67 88 80 15 6 52 77 32 61 64 55 57 73 14 98 63 87 31 53 27 7 92 28 12 41 45 8 5 58 46 11 10 24 16 3 
41 26 99 81 30 54 31 32 37 62 79 50 43 69 9 61 49 91 18 44 77 4 36 65 15 57 19 33 76 85 60 84 22 98 90 21 46 97 47 0 70 40 2 58 20 51 68 17 59 29 86 96 64 66 74 55 87 13 95 35 48 75 25 34 42 10 52 82 92 93 24 3 39 16 7 71 12 45 73 94 5 72 89 1 80 67 88 14 28 27 8 83 56 78 63 11 23 53 38 6 
21 1 77 4 89 2 78 35 70 91 3 36 52 63 42 31 73 18 45 81 27 82 56 16 5 62 90 54 51 40 88 28 14 79 6 87 34 32 53 57 7 96 97 8 13 9 69 41 38 85 47 59 76 60 44 10 11 84 49 92 58 19 12 75 15 74 30 17 68 0 22 95 29 48 71 93 64 86 23 98 24 25 26 65 46 33 55 50 37 39 43 61 83 94 66 67 72 80 99 20 
67 50 15 28 99 12 57 54 98 92 84 11 43 33 64 7 83 21 22 40 60 73 76 65 39 23 72 24 32 27 82 97 8 95 26 9 96 78 34 89 75 38 49 86 25 