58 34 9 96 12 4 93 22 19 82 81 79 52 48 21 49 83 66 53 80 60 28 59 17 94 32 91 27 40 0 71 64 50 88 51 11 77 25 43 57 69 7 46 1 30 15 39 36 78 74 67 87 29 73 72 75 47 37 31 20 84 44 92 63 14 26 13 62 70 99 65 85 16 61 5 56 55 76 54 68 33 45 86 23 10 2 24 8 95 42 89 98 6 35 3 90 97 41 18 38 
58 34 9 96 12 4 93 22 19 82 81 79 52 48 21 49 83 66 53 80 60 28 59 17 94 32 91 27 40 0 71 64 50 88 51 11 77 25 43 57 69 7 46 1 30 15 39 36 78 74 67 87 29 73 72 75 47 37 31 20 84 44 92 63 14 26 13 62 70 99 65 85 16 61 5 56 55 76 54 68 33 45 86 23 10 2 24 8 95 42 89 98 6 35 3 90 97 41 18 38 
95 8 24 27 91 94 32 45 23 86 33 68 55 56 18 58 21 49 83 52 81 66 79 82 53 80 44 84 20 37 47 14 63 92 61 22 93 19 4 12 96 48 34 9 38 54 97 41 2 10 0 71 11 77 89 6 98 57 50 51 88 64 25 43 67 74 78 1 30 39 60 28 59 17 35 3 90 76 5 85 16 65 99 70 13 26 62 31 36 72 73 75 29 87 46 7 69 15 40 42 
55 68 33 54 76 23 90 35 2 10 38 58 48 12 4 93 5 96 9 34 18 56 21 49 52 83 79 81 82 61 19 22 65 85 16 99 70 26 62 13 92 63 14 53 66 80 60 28 59 17 94 32 45 24 95 8 42 0 40 27 91 15 30 1 74 67 87 29 75 73 72 78 39 36 47 20 31 37 84 44 25 43 46 7 69 51 50 64 71 77 11 88 57 89 98 6 86 3 41 97 
62 26 13 92 61 22 93 5 96 12 4 81 79 83 52 21 49 76 54 68 33 23 35 3 86 90 66 19 82 63 14 39 44 84 20 47 37 31 53 80 60 28 17 94 32 91 15 59 64 27 40 0 71 89 6 98 42 95 24 8 30 1 67 87 74 78 36 72 73 29 75 7 46 69 57 88 51 50 25 43 11 77 45 10 2 97 41 55 56 18 58 38 48 34 9 65 85 16 99 70 
36 47 20 37 44 84 14 63 92 19 22 93 4 12 96 5 34 48 49 21 38 58 56 18 68 33 54 76 23 86 35 3 94 32 45 91 27 64 50 51 88 57 69 46 7 67 1 30 15 59 17 40 0 71 11 77 89 98 6 42 95 8 24 2 10 41 97 55 90 66 80 60 28 53 82 79 81 83 52 9 61 70 99 65 85 16 26 13 62 31 25 43 87 74 78 39 75 73 72 29 
36 47 20 37 44 84 14 63 92 19 22 93 4 12 96 5 34 48 49 21 38 58 56 18 68 33 54 76 23 86 35 3 94 32 45 91 27 64 50 51 88 57 69 46 7 67 1 30 15 59 17 40 0 71 11 77 89 98 6 42 95 8 24 2 10 41 97 55 90 66 80 60 28 53 82 79 81 83 52 9 61 70 99 65 85 16 26 13 62 31 25 43 87 74 78 39 75 73 72 29 
78 67 74 46 43 25 71 11 77 89 6 98 42 0 40 95 24 8 2 10 33 68 76 55 54 23 86 94 32 91 27 64 50 51 88 57 69 7 87 29 72 73 75 47 37 31 62 13 26 92 63 53 80 60 39 1 30 15 59 28 17 49 21 48 90 35 3 45 41 97 56 18 58 38 34 9 96 5 12 4 93 19 22 61 82 81 79 83 52 66 44 84 20 36 14 70 99 65 85 16 
48 52 83 49 21 38 12 4 93 22 19 81 79 66 90 3 86 35 54 60 28 59 17 15 30 1 74 67 43 25 88 51 11 77 89 6 98 71 50 64 40 0 42 8 24 95 10 23 45 94 32 91 27 57 69 46 7 73 75 29 87 72 47 37 20 84 44 80 53 31 62 13 26 92 63 14 36 78 39 82 61 70 99 85 16 65 5 96 9 34 58 56 18 55 68 33 97 41 76 2 
57 69 46 7 67 74 78 84 44 80 53 28 15 30 1 43 25 91 27 64 50 88 51 11 77 89 98 6 71 0 40 42 95 45 24 8 23 86 3 35 90 79 81 83 48 49 21 38 58 34 9 52 4 93 65 16 85 99 70 92 61 19 22 5 12 96 68 55 56 18 97 41 2 10 33 54 76 32 94 17 59 20 36 47 37 31 62 26 13 14 63 82 66 60 39 87 29 72 73 75 
30 1 74 67 46 7 69 43 57 50 51 88 11 77 89 6 98 71 0 42 95 8 24 2 10 45 86 3 35 76 54 68 33 41 97 55 18 56 58 34 48 38 49 21 96 12 4 93 22 61 92 14 63 26 13 62 31 37 47 36 72 87 29 75 73 78 84 44 53 80 60 28 59 17 32 94 23 90 66 79 81 83 52 9 5 82 19 65 85 16 99 70 25 15 91 27 64 40 39 20 
76 54 33 68 55 56 18 58 38 48 34 21 49 83 81 90 79 82 19 4 12 5 93 22 61 92 63 20 84 44 53 80 60 28 59 15 30 1 74 39 78 36 47 37 31 62 14 26 13 70 99 65 85 16 96 9 52 66 86 94 32 17 91 27 64 50 88 11 77 71 0 40 42 95 8 24 10 2 45 3 35 23 97 41 6 98 89 51 57 25 43 7 46 69 87 29 75 73 72 67 
13 26 3 35 23 86 45 94 32 17 59 80 53 84 20 36 78 74 67 87 29 75 73 72 47 37 31 62 70 99 65 85 16 92 63 14 61 93 4 12 9 96 5 22 79 66 90 76 54 55 56 18 58 38 48 34 83 52 81 82 19 49 21 68 33 97 41 2 10 24 8 95 42 40 27 91 64 25 11 77 89 6 98 0 71 51 50 88 57 43 69 46 7 30 1 39 44 60 28 15 
42 0 27 40 33 54 76 3 86 94 32 45 23 35 90 66 79 83 81 52 48 21 49 38 58 34 9 96 12 4 19 82 80 44 84 20 37 47 36 74 67 87 72 73 75 29 14 63 53 39 78 1 30 15 91 17 59 64 71 51 50 98 6 89 11 77 88 57 43 69 46 7 25 28 60 92 62 31 26 13 70 99 65 85 16 61 22 5 93 56 18 55 68 97 41 10 2 24 8 95 
91 27 64 25 43 30 1 74 67 46 7 69 57 88 50 51 11 77 89 98 6 71 0 40 15 32 94 17 59 28 60 80 53 44 84 14 63 92 61 70 13 26 62 31 37 47 20 36 78 87 75 29 72 73 39 82 66 79 49 21 48 52 83 81 4 12 96 9 19 22 93 5 85 16 65 99 86 23 35 3 90 76 54 33 68 41 55 56 18 38 58 34 97 2 10 8 24 95 45 42 
95 8 24 10 2 23 35 86 3 90 76 54 68 33 41 97 55 56 18 58 38 34 52 83 49 21 48 9 96 12 4 19 93 22 61 92 13 26 14 63 53 80 44 84 37 47 20 36 39 30 78 74 67 87 29 72 73 75 31 62 70 99 65 16 85 5 82 81 79 66 28 59 32 94 17 91 40 25 43 1 46 7 69 57 50 88 51 0 71 89 77 11 64 27 15 60 45 42 98 6 
66 82 79 81 52 12 9 48 38 58 34 21 49 83 90 76 54 55 68 41 97 33 35 86 3 17 32 94 45 2 95 24 8 42 0 50 71 77 89 6 98 11 51 25 43 57 88 64 40 27 91 15 60 28 80 44 53 14 63 92 19 61 22 93 4 5 96 16 85 65 99 70 13 26 62 31 37 47 36 20 84 78 72 73 75 29 87 7 46 69 67 74 1 30 39 59 23 10 56 18 
66 82 79 81 52 12 9 48 38 58 34 21 49 83 90 76 54 55 68 41 97 33 35 86 3 17 32 94 45 2 95 24 8 42 0 50 71 77 89 6 98 11 51 25 43 57 88 64 40 27 91 15 60 28 80 44 53 14 63 92 19 61 22 93 4 5 96 16 85 65 99 70 13 26 62 31 37 47 36 20 84 78 72 73 75 29 87 7 46 69 67 74 1 30 39 59 23 10 56 18 
17 59 28 3 23 35 94 32 40 45 86 90 66 21 49 83 81 79 52 38 58 34 48 9 96 12 4 93 22 61 63 70 99 65 85 16 5 19 82 53 80 60 30 15 91 27 64 50 51 88 11 77 71 89 6 98 24 8 95 42 0 57 46 7 69 43 25 1 74 67 87 29 72 73 75 78 39 36 47 37 31 62 13 26 14 84 44 20 92 54 33 55 56 18 68 97 41 10 2 76 
72 87 67 74 1 25 43 50 51 88 11 77 89 6 98 0 64 27 91 15 17 59 23 35 86 94 45 95 24 8 42 32 40 71 57 69 46 7 29 73 75 37 47 20 84 53 44 28 39 78 36 30 60 80 66 79 81 52 21 49 48 38 83 90 3 76 54 55 68 97 41 2 10 33 18 56 58 34 9 12 4 96 5 93 22 19 82 63 26 92 61 70 99 65 85 16 13 62 31 14 
72 87 67 74 1 25 43 50 51 88 11 77 89 6 98 0 64 27 91 15 17 59 23 35 86 94 45 95 24 8 42 32 40 71 57 69 46 7 29 73 75 37 47 20 84 53 44 28 39 78 36 30 60 80 66 79 81 52 21 49 48 38 83 90 3 76 54 55 68 97 41 2 10 33 18 56 58 34 9 12 4 96 5 93 22 19 82 63 26 92 61 70 99 65 85 16 13 62 31 14 
62 13 70 99 65 16 85 61 22 93 4 12 96 34 38 58 48 49 21 56 18 55 97 41 10 2 32 86 45 94 17 59 28 60 80 53 44 84 20 78 36 39 30 43 25 64 50 51 11 77 89 98 6 71 0 40 27 91 15 95 8 24 42 33 68 54 76 35 90 83 52 9 5 79 82 19 81 66 23 3 1 74 67 87 46 7 69 57 88 72 73 75 29 37 47 31 14 63 92 26 
72 73 29 87 1 30 15 28 60 80 53 44 84 20 47 37 31 62 92 63 14 26 13 70 99 65 85 16 9 34 52 83 79 81 82 59 45 10 33 54 76 35 86 94 32 27 91 40 71 51 50 64 25 43 57 69 7 46 88 11 77 89 6 98 0 42 95 24 8 3 17 4 93 22 61 19 5 96 12 21 49 48 38 58 56 18 97 41 68 55 23 2 90 66 39 74 67 78 36 75 
20 44 36 39 1 30 91 27 64 15 32 94 17 59 3 23 10 2 33 68 55 54 76 35 86 45 40 71 11 77 89 6 98 50 57 88 51 25 43 69 46 7 67 72 73 75 29 87 74 78 47 37 31 62 14 63 26 13 70 99 65 16 85 93 22 61 92 5 12 4 96 9 34 38 21 49 83 52 48 58 56 18 97 41 24 8 95 42 0 28 60 80 53 84 90 66 79 81 19 82 
21 49 83 81 79 66 3 86 23 45 94 32 17 59 28 60 80 53 44 20 47 37 31 43 25 27 40 0 71 77 11 88 57 69 46 7 1 67 87 29 72 75 73 39 74 78 30 15 91 64 50 51 98 6 89 42 95 24 8 2 10 54 76 35 90 52 48 34 9 96 12 4 93 22 92 63 26 13 62 14 84 36 82 19 61 65 99 16 85 70 5 58 38 41 97 33 68 55 56 18 
94 32 91 27 64 25 43 39 67 74 1 30 15 28 59 17 3 90 35 76 54 33 68 55 41 97 10 2 23 86 45 8 24 95 42 0 40 11 51 71 88 50 98 6 89 77 57 69 7 46 87 72 73 75 29 36 47 37 20 84 44 53 80 60 66 79 83 52 48 9 34 56 18 58 38 21 49 81 19 61 22 93 4 12 96 5 65 16 85 99 70 13 26 62 92 63 14 78 31 82 
94 32 91 27 64 25 43 39 67 74 1 30 15 28 59 17 3 90 35 76 54 33 68 55 41 97 10 2 23 86 45 8 24 95 42 0 40 11 51 71 88 50 98 6 89 77 57 69 7 46 87 72 73 75 29 36 47 37 20 84 44 53 80 60 66 79 83 52 48 9 34 56 18 58 38 21 49 81 19 61 22 93 4 12 96 5 65 16 85 99 70 13 26 62 92 63 14 78 31 82 
69 43 57 50 88 51 11 77 89 98 6 71 0 40 27 91 15 30 74 36 20 84 44 80 60 28 59 90 66 83 52 49 21 38 58 18 56 55 97 41 10 2 33 68 54 76 35 86 3 94 17 32 45 24 8 95 42 23 64 25 1 39 47 37 31 13 26 63 14 62 70 99 65 16 85 22 4 12 61 92 93 5 96 9 34 48 79 81 19 82 53 72 75 73 29 87 67 78 46 7 
69 43 57 50 88 51 11 77 89 98 6 71 0 40 27 91 15 30 74 36 20 84 44 80 60 28 59 90 66 83 52 49 21 38 58 18 56 55 97 41 10 2 33 68 54 76 35 86 3 94 17 32 45 24 8 95 42 23 64 25 1 39 47 37 31 13 26 63 14 62 70 99 65 16 85 22 4 12 61 92 93 5 96 9 34 48 79 81 19 82 53 72 75 73 29 87 67 78 46 7 
69 46 7 25 43 57 88 50 51 71 0 40 27 64 15 30 1 74 67 36 78 39 28 60 80 53 44 84 20 47 37 31 26 13 62 14 63 92 70 99 65 85 16 5 12 9 48 38 21 49 83 81 52 58 34 56 18 97 41 10 2 23 35 86 3 90 66 79 82 19 22 61 4 93 96 54 76 68 55 33 59 17 94 32 91 89 77 11 98 6 95 24 8 42 45 72 73 75 29 87 
13 26 62 70 85 16 65 99 22 93 5 4 12 96 9 52 58 34 48 66 79 81 83 49 21 38 18 56 68 55 33 23 17 59 3 86 94 32 91 15 28 60 44 80 53 63 14 84 20 47 37 31 36 72 73 75 29 87 74 67 30 64 50 51 71 11 77 89 6 98 25 43 57 88 1 78 39 46 7 69 27 0 40 42 24 95 8 45 2 10 41 97 54 76 35 90 82 19 61 92 
94 32 91 27 64 25 43 39 67 74 1 30 15 28 59 17 3 90 35 76 54 33 68 55 41 97 10 2 23 86 45 8 24 95 42 0 40 11 51 71 88 50 98 6 89 77 57 69 7 46 87 72 73 75 29 36 47 37 20 84 44 53 80 60 66 79 83 52 48 9 34 56 18 58 38 21 49 81 19 61 22 93 4 12 96 5 65 16 85 99 70 13 26 62 92 63 14 78 31 82 
67 74 78 36 20 84 47 37 31 26 13 62 70 92 63 14 16 85 65 99 61 22 19 81 83 49 21 38 48 52 4 12 5 93 96 9 34 58 56 18 55 33 41 97 68 54 76 35 3 86 23 2 10 24 8 95 42 0 40 71 89 6 98 11 77 51 50 64 91 15 59 28 53 44 39 60 80 66 79 82 90 17 30 1 57 88 43 25 69 46 7 87 29 72 73 75 45 32 94 27 
69 46 7 25 43 51 50 64 27 91 32 94 3 35 45 86 23 10 2 24 8 95 42 40 0 71 6 98 89 77 11 88 57 30 1 39 78 36 47 37 20 84 44 53 63 14 92 61 22 19 93 4 12 52 83 79 81 82 66 59 17 28 60 80 15 74 67 87 72 73 29 75 31 62 26 13 70 99 65 16 85 96 9 34 48 38 21 49 55 68 33 54 76 90 41 97 56 18 58 5 
69 46 7 25 43 51 50 64 27 91 32 94 3 35 45 86 23 10 2 24 8 95 42 40 0 71 6 98 89 77 11 88 57 30 1 39 78 36 47 37 20 84 44 53 63 14 92 61 22 19 93 4 12 52 83 79 81 82 66 59 17 28 60 80 15 74 67 87 72 73 29 75 31 62 26 13 70 99 65 16 85 96 9 34 48 38 21 49 55 68 33 54 76 90 41 97 56 18 58 5 
3 86 94 23 35 76 54 21 58 34 48 12 82 63 92 26 13 62 14 31 37 47 20 84 44 60 80 53 83 81 79 52 9 96 5 93 4 19 61 22 65 85 16 99 70 28 59 17 45 32 40 0 71 51 88 6 89 98 11 77 50 64 27 15 43 30 1 74 36 78 39 67 29 75 73 72 87 7 46 69 57 25 91 42 95 8 24 2 10 41 97 68 33 55 56 18 38 49 66 90 
97 41 68 55 56 18 34 58 38 48 21 49 83 52 12 4 9 96 5 93 22 61 70 99 65 85 16 92 63 39 74 78 36 47 37 20 84 80 60 28 59 17 3 35 86 45 94 32 95 24 8 42 40 27 64 50 51 77 11 88 57 69 43 25 15 30 1 46 7 67 87 72 73 75 29 31 14 44 53 26 13 62 81 19 82 79 66 90 76 54 33 23 2 10 91 71 0 89 6 98 
79 66 3 86 35 23 90 83 52 81 19 5 12 4 93 22 92 61 9 96 49 38 58 34 48 21 97 41 33 56 18 55 68 54 76 94 32 27 91 15 17 59 28 60 80 53 44 84 20 37 47 36 78 74 67 87 72 73 75 29 1 30 46 7 43 25 64 51 50 71 0 40 42 95 24 8 2 10 45 98 6 89 77 11 88 57 69 39 62 31 14 63 26 13 70 99 65 85 16 82 
34 48 38 21 49 83 52 79 81 82 19 22 93 4 12 96 5 16 65 85 99 70 61 92 63 14 62 13 26 31 37 47 44 53 80 60 39 74 1 30 15 27 91 94 32 64 50 57 43 25 88 11 77 89 98 6 71 51 59 17 3 86 35 90 76 55 56 18 58 9 97 41 33 68 54 10 2 23 45 95 24 8 42 0 40 69 7 46 67 87 72 73 75 29 36 20 84 78 28 66 
79 66 59 28 60 80 53 44 39 15 91 27 64 50 51 71 0 40 95 42 9 96 12 4 5 65 16 85 99 70 13 26 62 31 37 47 20 84 14 63 92 61 22 93 81 83 21 49 34 18 56 55 76 54 35 90 3 86 23 45 94 32 17 19 82 52 48 58 38 68 33 2 10 41 97 24 8 98 6 89 77 11 43 57 88 25 69 46 7 29 75 73 72 87 67 74 78 36 1 30 
84 53 80 44 20 37 47 36 78 74 67 1 30 91 17 59 94 32 8 24 95 42 98 6 89 77 0 40 27 64 25 43 69 46 7 87 75 73 29 72 31 62 14 63 92 61 5 93 4 12 96 9 48 52 83 49 21 38 58 34 18 56 54 76 33 35 86 3 90 79 81 19 22 16 85 65 99 70 13 26 28 60 39 51 50 88 57 71 11 15 23 45 2 10 41 97 68 55 66 82 
14 62 70 13 26 31 37 47 20 84 36 78 74 67 87 72 73 75 29 57 88 50 51 11 77 71 0 40 32 86 35 76 54 68 90 66 79 81 52 83 48 38 58 34 9 96 12 4 93 5 16 85 65 99 92 61 22 19 82 53 80 60 15 27 64 91 94 45 23 3 49 21 18 56 55 41 97 33 10 2 8 24 95 42 6 98 89 44 39 25 46 7 69 43 1 30 59 17 28 63 
18 56 58 38 34 21 49 83 52 5 22 93 4 12 96 9 48 81 19 82 53 80 60 28 59 17 32 94 86 3 90 68 41 97 10 2 23 35 76 54 33 55 45 24 8 95 42 71 0 40 27 91 15 30 1 74 67 87 29 78 36 31 37 47 20 84 44 39 14 63 92 61 99 65 85 16 70 13 26 62 73 72 75 57 88 51 50 11 77 89 6 98 64 25 43 69 46 7 66 79 
15 91 27 64 25 43 50 51 88 57 69 7 46 74 67 1 30 39 36 78 84 20 31 62 26 13 92 63 14 28 59 17 3 86 35 23 54 76 68 55 38 21 49 52 83 79 81 4 93 22 61 19 82 80 53 44 60 66 90 94 32 45 24 8 95 42 40 0 71 11 77 89 6 98 2 10 41 97 33 56 18 34 48 96 12 9 58 5 16 85 99 65 70 37 47 72 73 75 29 87 
16 85 65 99 70 13 26 62 31 37 47 20 84 44 60 28 59 17 94 32 35 3 86 45 23 33 54 90 66 79 82 81 52 83 49 38 21 56 18 58 34 22 93 12 9 48 96 5 4 53 80 39 1 74 67 87 29 72 73 75 78 36 30 15 27 91 40 0 71 77 51 88 50 64 43 25 46 7 69 57 11 98 89 6 42 24 8 95 2 10 41 97 55 68 76 19 61 92 63 14 
16 85 65 99 70 13 26 62 31 37 47 20 84 44 60 28 59 17 94 32 35 3 86 45 23 33 54 90 66 79 82 81 52 83 49 38 21 56 18 58 34 22 93 12 9 48 96 5 4 53 80 39 1 74 67 87 29 72 73 75 78 36 30 15 27 91 40 0 71 77 51 88 50 64 43 25 46 7 69 57 11 98 89 6 42 24 8 95 2 10 41 97 55 68 76 19 61 92 63 14 
23 86 3 66 80 53 44 84 20 63 14 62 13 92 26 70 99 65 16 85 61 93 4 12 96 9 34 58 38 21 49 48 52 83 81 79 19 22 5 82 28 59 17 32 94 90 76 54 33 55 68 18 56 97 41 10 2 95 24 8 6 98 89 11 77 71 51 50 88 57 43 25 64 27 91 45 40 0 42 69 7 46 87 67 72 73 47 37 31 75 29 36 78 74 1 30 15 39 60 35 
48 93 22 61 19 81 79 83 52 49 21 56 18 38 58 34 12 96 5 16 85 65 99 70 13 26 92 63 14 62 31 37 47 20 84 53 80 60 28 17 86 3 94 32 45 27 15 30 1 74 67 87 7 69 46 43 25 64 40 42 0 71 50 88 57 51 11 77 89 6 98 8 24 95 2 10 33 68 54 76 90 35 23 91 59 44 39 78 36 72 29 75 73 66 82 4 9 55 97 41 
80 53 44 84 20 31 37 47 36 74 67 87 72 29 75 73 78 39 1 30 25 43 69 7 46 50 51 88 57 64 91 28 60 15 35 3 86 94 32 40 0 71 11 77 89 6 98 42 95 8 24 2 10 41 97 55 68 33 54 76 21 38 34 58 18 56 9 48 52 83 81 79 66 59 17 27 45 23 90 82 19 93 22 96 12 4 5 61 92 63 26 13 62 14 70 99 65 85 16 49 
80 53 44 84 20 31 37 47 36 74 67 87 72 29 75 73 78 39 1 30 25 43 69 7 46 50 51 88 57 64 91 28 60 15 35 3 86 94 32 40 0 71 11 77 89 6 98 42 95 8 24 2 10 41 97 55 68 33 54 76 21 38 34 58 18 56 9 48 52 83 81 79 66 59 17 27 45 23 90 82 19 93 22 96 12 4 5 61 92 63 26 13 62 14 70 99 65 85 16 49 
29 75 73 72 87 67 30 1 74 78 39 17 59 28 60 80 53 44 84 31 37 47 36 20 14 63 92 26 62 13 70 99 65 85 16 5 96 58 38 48 21 49 83 18 56 34 9 12 4 93 22 61 52 81 19 82 79 66 23 35 3 94 86 45 32 91 27 50 64 25 43 7 46 69 51 88 57 11 77 71 98 6 89 40 0 42 95 24 8 10 2 33 68 54 76 55 41 97 90 15 
9 34 58 56 18 38 82 80 60 28 15 30 1 46 7 69 39 78 36 20 84 44 53 63 14 13 62 31 37 47 72 73 75 29 87 74 67 43 25 50 88 57 51 98 6 89 77 11 71 0 27 40 32 94 86 3 90 59 17 91 64 42 8 95 24 10 2 45 23 35 33 68 97 41 76 54 55 21 49 83 52 79 81 19 22 93 5 12 4 96 85 65 99 16 70 26 92 61 66 48 
9 34 58 56 18 38 82 80 60 28 15 30 1 46 7 69 39 78 36 20 84 44 53 63 14 13 62 31 37 47 72 73 75 29 87 74 67 43 25 50 88 57 51 98 6 89 77 11 71 0 27 40 32 94 86 3 90 59 17 91 64 42 8 95 24 10 2 45 23 35 33 68 97 41 76 54 55 21 49 83 52 79 81 19 22 93 5 12 4 96 85 65 99 16 70 26 92 61 66 48 
95 24 8 42 40 0 71 51 88 50 57 46 7 69 43 25 15 30 1 64 27 91 32 94 17 28 60 80 53 44 84 20 63 92 61 22 4 12 9 96 52 81 79 83 49 21 48 58 34 18 56 55 68 54 76 3 86 35 90 66 82 19 93 5 65 85 16 99 70 13 26 14 62 31 37 47 73 75 72 29 87 67 74 78 36 39 59 23 45 2 10 41 97 33 38 77 11 89 6 98 
4 12 14 26 70 99 65 85 16 39 80 59 28 60 44 53 63 92 61 22 93 5 96 9 48 52 83 81 19 82 79 21 49 76 38 58 34 56 18 55 54 33 68 97 41 23 3 86 45 32 94 17 91 27 15 30 1 74 67 46 7 69 43 25 57 88 50 64 0 71 51 11 77 89 6 98 42 40 95 8 24 2 10 35 90 66 13 62 31 37 47 36 72 87 29 75 73 78 20 84 
4 12 14 26 70 99 65 85 16 39 80 59 28 60 44 53 63 92 61 22 93 5 96 9 48 52 83 81 19 82 79 21 49 76 38 58 34 56 18 55 54 33 68 97 41 23 3 86 45 32 94 17 91 27 15 30 1 74 67 46 7 69 43 25 57 88 50 64 0 71 51 11 77 89 6 98 42 40 95 8 24 2 10 35 90 66 13 62 31 37 47 36 72 87 29 75 73 78 20 84 
34 58 38 21 49 76 56 18 55 68 54 35 86 3 60 80 53 19 82 79 81 48 52 83 90 66 59 17 94 32 91 27 15 28 44 84 20 37 31 47 36 78 39 25 43 67 74 1 30 64 50 51 88 11 77 89 6 98 0 40 45 95 8 24 2 41 97 33 23 10 42 71 57 69 7 46 87 29 72 73 75 92 63 14 26 13 62 65 16 85 99 70 61 22 93 5 96 9 12 4 
63 14 92 62 31 37 47 36 74 1 30 15 91 27 64 25 69 7 46 67 87 29 72 73 75 78 39 84 20 44 53 80 60 28 59 17 94 32 23 86 3 35 33 68 55 97 41 54 76 38 48 52 83 79 82 81 19 22 93 4 34 18 56 58 21 49 66 90 45 40 0 71 11 51 88 57 43 50 77 89 98 6 8 24 95 42 2 10 9 12 96 5 61 13 26 99 65 85 16 70 
26 92 19 82 79 81 52 49 21 90 35 23 86 3 94 32 45 95 24 8 42 0 40 27 91 17 59 28 60 53 80 44 39 84 78 74 67 37 31 14 63 61 22 93 4 12 96 9 34 48 38 55 56 58 18 97 41 10 2 33 68 54 76 83 5 65 16 85 99 70 13 62 47 20 36 87 72 73 75 29 46 7 69 25 43 57 88 51 50 64 71 11 77 89 6 98 30 1 15 66 
7 46 69 57 88 51 50 64 25 15 91 27 95 8 24 2 10 41 97 33 54 68 76 83 52 81 4 12 9 96 5 93 19 22 61 92 63 14 26 13 62 85 16 65 99 70 31 37 47 36 78 74 67 87 72 73 75 29 28 60 80 53 44 84 20 30 1 43 11 77 89 6 98 0 42 40 32 94 17 59 3 86 35 90 66 82 79 21 49 48 38 34 58 56 18 55 23 45 71 39 
65 16 85 99 70 13 26 62 31 37 20 78 74 67 39 47 44 53 80 60 59 17 94 32 91 27 64 50 88 43 69 57 25 15 30 1 46 7 87 29 75 73 72 36 84 14 63 92 61 22 19 4 93 5 12 96 9 34 48 21 49 58 18 56 55 68 54 33 86 3 35 76 90 66 79 82 81 83 52 38 23 2 10 97 41 8 24 95 42 71 51 11 77 89 6 98 0 40 45 28 
87 67 74 30 1 60 28 59 17 32 94 3 86 23 35 90 66 82 81 19 4 12 9 38 76 54 33 68 41 97 55 56 18 58 48 34 21 83 79 52 49 27 91 15 40 0 42 95 24 2 10 8 45 20 47 37 31 62 26 13 14 63 61 22 93 5 96 16 65 85 99 70 92 53 80 84 44 39 78 36 72 73 75 29 46 7 69 43 25 50 51 64 71 11 77 89 6 98 88 57 
29 87 1 39 78 74 67 7 46 25 43 69 88 50 51 11 71 42 95 24 8 33 68 54 76 35 23 86 3 90 66 79 81 82 80 53 44 60 28 59 17 94 32 40 91 27 64 0 77 89 98 6 57 30 15 45 2 10 41 97 55 56 18 21 49 52 48 38 58 34 9 96 5 93 4 12 19 61 22 92 26 13 70 16 85 65 99 83 84 20 14 63 62 31 37 47 36 72 75 73 
29 87 1 39 78 74 67 7 46 25 43 69 88 50 51 11 71 42 95 24 8 33 68 54 76 35 23 86 3 90 66 79 81 82 80 53 44 60 28 59 17 94 32 40 91 27 64 0 77 89 98 6 57 30 15 45 2 10 41 97 55 56 18 21 49 52 48 38 58 34 9 96 5 93 4 12 19 61 22 92 26 13 70 16 85 65 99 83 84 20 14 63 62 31 37 47 36 72 75 73 
38 21 48 9 52 83 4 93 22 65 16 85 99 92 63 84 20 36 78 74 67 39 44 30 1 43 25 64 71 0 42 95 8 24 45 94 32 91 27 15 59 28 60 80 53 82 19 81 79 66 76 54 33 68 97 41 10 2 23 35 90 3 86 17 61 70 62 13 26 14 31 37 47 72 73 75 29 87 7 46 69 57 88 50 51 11 77 89 6 98 40 34 58 56 18 55 49 12 96 5 
81 79 82 66 90 35 86 3 59 17 91 94 40 15 28 60 80 44 39 78 36 47 37 31 62 13 26 14 63 92 22 93 4 12 52 48 9 34 58 38 21 56 18 54 55 97 68 33 10 2 24 8 95 42 71 51 64 50 88 57 43 25 1 30 74 67 87 72 73 75 29 7 46 69 11 77 98 6 89 0 27 32 45 23 41 76 49 83 96 5 19 61 65 85 16 99 70 84 20 53 
81 79 82 66 90 35 86 3 59 17 91 94 40 15 28 60 80 44 39 78 36 47 37 31 62 13 26 14 63 92 22 93 4 12 52 48 9 34 58 38 21 56 18 54 55 97 68 33 10 2 24 8 95 42 71 51 64 50 88 57 43 25 1 30 74 67 87 72 73 75 29 7 46 69 11 77 98 6 89 0 27 32 45 23 41 76 49 83 96 5 19 61 65 85 16 99 70 84 20 53 
16 85 65 99 70 13 26 14 62 31 20 84 44 39 78 74 67 87 7 46 69 43 25 40 27 91 94 32 17 59 28 60 83 79 82 81 52 12 96 4 93 22 92 61 63 53 80 34 48 38 21 49 35 86 3 90 76 54 33 68 55 56 18 58 9 97 41 2 10 23 45 24 8 95 42 0 77 89 6 98 71 51 50 88 57 11 64 15 30 1 36 47 37 72 73 75 29 66 19 5 
22 19 93 48 38 21 49 76 54 33 97 41 10 2 45 86 3 94 32 27 91 59 17 30 1 74 67 78 36 47 37 31 62 26 13 70 99 65 85 16 61 92 63 14 20 84 44 53 80 60 28 15 43 25 88 57 71 51 11 77 89 6 98 0 50 64 40 42 95 8 24 23 90 66 35 55 68 18 56 58 34 9 12 4 52 81 79 83 82 39 87 7 46 69 29 72 73 75 5 96 
55 68 56 18 58 38 21 49 83 81 79 52 4 19 12 5 93 48 9 96 22 61 63 92 14 13 26 62 31 37 47 20 36 78 74 67 1 43 25 57 88 11 77 89 6 98 71 51 50 64 27 91 32 94 86 23 45 76 90 35 3 33 54 10 2 24 95 8 42 0 40 15 17 59 28 60 30 87 72 73 75 29 46 7 69 39 44 84 53 80 66 82 70 99 65 85 16 34 97 41 
73 72 75 36 84 44 80 53 60 28 59 17 15 91 27 40 32 45 23 41 97 18 56 55 76 96 12 4 48 58 38 34 9 52 83 49 21 54 33 68 35 94 42 95 24 8 2 10 86 3 90 66 79 82 81 19 93 5 65 16 85 99 70 13 62 26 63 14 92 61 22 31 47 37 20 78 74 67 87 7 46 69 43 25 57 88 50 51 11 77 71 0 6 89 98 64 30 1 39 29 
52 83 79 82 80 60 44 53 84 20 37 47 36 78 39 28 59 90 35 55 68 33 76 54 86 23 2 10 97 41 56 18 58 38 48 9 12 4 93 5 22 61 19 81 49 21 66 3 17 91 27 64 50 51 71 11 77 89 6 98 0 40 94 32 45 95 24 8 42 88 57 43 25 15 30 1 74 67 72 73 75 29 87 46 7 69 13 26 62 31 14 63 92 70 65 99 16 85 96 34 
78 74 67 43 25 57 88 50 51 71 0 32 91 27 64 28 59 45 94 86 3 35 23 2 10 41 97 55 68 54 33 76 49 21 83 52 9 48 34 58 38 56 18 82 66 80 44 84 20 47 37 31 14 26 13 62 70 99 65 16 85 63 92 22 61 19 4 12 93 5 96 81 79 90 17 15 30 1 39 36 72 73 75 29 87 46 7 69 11 77 98 6 89 42 95 8 24 40 60 53 
31 37 47 20 36 78 74 1 30 64 50 71 0 42 95 24 8 2 10 41 97 68 33 56 18 76 38 21 49 83 79 81 19 93 22 61 92 63 14 70 13 26 62 60 80 53 82 66 86 3 35 90 94 32 59 17 28 84 44 39 73 67 87 29 75 72 46 7 69 25 43 57 51 89 98 6 77 11 88 15 91 27 40 45 23 54 55 58 34 48 52 9 96 12 4 5 65 16 85 99 
41 97 68 33 54 76 49 21 38 58 34 48 12 4 22 61 92 63 26 14 37 47 20 84 15 25 43 64 51 11 77 89 6 98 71 0 42 40 27 91 17 59 28 60 80 53 44 39 67 74 1 30 46 7 69 57 88 50 94 32 95 8 24 10 2 45 86 3 35 90 66 79 81 83 52 9 96 5 93 19 82 99 70 65 85 16 13 62 31 29 73 72 75 87 78 36 23 55 56 18 
41 97 68 33 54 76 49 21 38 58 34 48 12 4 22 61 92 63 26 14 37 47 20 84 15 25 43 64 51 11 77 89 6 98 71 0 42 40 27 91 17 59 28 60 80 53 44 39 67 74 1 30 46 7 69 57 88 50 94 32 95 8 24 10 2 45 86 3 35 90 66 79 81 83 52 9 96 5 93 19 82 99 70 65 85 16 13 62 31 29 73 72 75 87 78 36 23 55 56 18 
44 53 80 60 28 59 30 1 67 74 78 36 37 47 39 20 84 14 63 92 26 13 62 31 19 61 22 93 12 4 52 81 79 66 90 35 86 23 94 91 15 17 3 32 45 76 54 33 68 55 97 41 10 2 24 8 95 42 0 40 27 64 50 51 11 77 71 98 6 89 88 57 43 25 69 46 7 87 29 72 73 75 70 99 85 16 65 5 96 9 34 58 38 48 21 49 83 82 18 56 
30 1 74 67 87 29 75 73 72 36 47 37 31 62 13 26 63 14 53 44 80 84 20 39 78 46 7 69 25 91 27 64 50 88 71 98 6 89 77 11 51 0 24 8 95 42 17 59 28 60 66 90 35 86 3 94 32 45 2 10 41 97 33 68 55 23 76 54 79 83 49 21 9 34 58 18 56 38 48 52 4 12 19 81 16 85 65 99 70 92 61 22 93 96 5 82 15 40 57 43 
30 1 74 67 87 29 75 73 72 36 47 37 31 62 13 26 63 14 53 44 80 84 20 39 78 46 7 69 25 91 27 64 50 88 71 98 6 89 77 11 51 0 24 8 95 42 17 59 28 60 66 90 35 86 3 94 32 45 2 10 41 97 33 68 55 23 76 54 79 83 49 21 9 34 58 18 56 38 48 52 4 12 19 81 16 85 65 99 70 92 61 22 93 96 5 82 15 40 57 43 
66 90 52 83 81 19 61 22 93 4 79 82 53 80 60 44 62 13 26 14 63 92 70 65 99 85 16 5 12 96 9 34 48 49 21 38 18 56 58 76 54 55 68 33 23 35 3 86 94 32 91 15 30 1 67 74 78 39 36 28 59 17 40 27 64 50 88 51 11 77 71 0 89 98 6 24 8 95 45 41 97 10 2 42 25 43 57 69 46 7 29 87 72 73 75 20 37 47 31 84 
66 90 52 83 81 19 61 22 93 4 79 82 53 80 60 44 62 13 26 14 63 92 70 65 99 85 16 5 12 96 9 34 48 49 21 38 18 56 58 76 54 55 68 33 23 35 3 86 94 32 91 15 30 1 67 74 78 39 36 28 59 17 40 27 64 50 88 51 11 77 71 0 89 98 6 24 8 95 45 41 97 10 2 42 25 43 57 69 46 7 29 87 72 73 75 20 37 47 31 84 
14 63 92 26 13 62 31 37 47 36 78 74 67 87 7 46 43 25 27 91 15 30 1 39 60 28 59 17 90 81 83 2 10 76 54 55 56 18 21 49 38 58 34 48 9 96 4 19 5 16 85 65 99 70 61 22 93 12 52 79 66 82 53 80 44 84 20 75 73 72 29 69 57 77 11 88 51 50 64 71 40 32 45 86 3 35 23 33 68 97 41 8 24 95 42 98 6 89 0 94 
3 86 45 94 32 17 59 80 53 44 84 20 36 78 74 67 30 1 39 28 60 82 92 14 63 61 22 93 4 12 96 5 19 81 83 79 66 90 76 54 33 68 55 41 97 56 18 58 38 21 49 52 48 34 9 65 85 16 99 70 13 26 62 31 37 47 73 72 75 29 87 46 7 69 64 50 51 88 11 77 89 98 6 71 0 40 27 91 15 43 25 57 2 23 35 95 24 8 42 10 
3 86 45 94 32 17 59 80 53 44 84 20 36 78 74 67 30 1 39 28 60 82 92 14 63 61 22 93 4 12 96 5 19 81 83 79 66 90 76 54 33 68 55 41 97 56 18 58 38 21 49 52 48 34 9 65 85 16 99 70 13 26 62 31 37 47 73 72 75 29 87 46 7 69 64 50 51 88 11 77 89 98 6 71 0 40 27 91 15 43 25 57 2 23 35 95 24 8 42 10 
59 17 28 60 80 53 44 15 91 27 40 32 94 86 23 45 3 90 35 76 54 33 68 41 97 55 56 18 58 48 34 9 38 21 49 83 81 19 93 22 61 63 14 20 31 37 47 36 39 1 30 74 67 87 72 73 75 29 57 69 46 7 43 88 50 51 77 11 71 98 6 89 0 42 24 8 95 2 10 79 66 82 52 4 12 5 96 16 85 65 99 70 13 26 62 92 84 78 25 64 
37 47 72 75 73 29 87 67 74 78 36 39 28 60 94 32 17 59 66 90 35 3 86 45 2 10 24 8 95 42 40 0 71 51 11 77 89 6 98 50 64 27 43 25 30 1 7 46 69 57 88 91 15 79 81 83 21 49 48 52 4 5 12 9 34 38 58 18 56 55 68 33 54 76 97 41 23 96 70 13 26 92 63 14 62 20 84 44 80 53 82 22 93 19 61 65 99 85 16 31 
64 25 43 69 46 7 67 74 78 36 47 37 31 20 84 44 53 80 39 27 91 40 42 8 95 24 2 23 86 3 94 32 17 59 60 28 66 79 81 52 83 21 76 54 33 68 55 56 18 38 58 48 96 12 4 93 19 22 61 65 99 70 13 62 26 14 63 92 82 5 16 85 9 34 49 90 35 97 41 10 45 0 71 11 77 98 6 89 51 88 50 87 29 75 73 72 1 30 15 57 
64 25 43 69 46 7 67 74 78 36 47 37 31 20 84 44 53 80 39 27 91 40 42 8 95 24 2 23 86 3 94 32 17 59 60 28 66 79 81 52 83 21 76 54 33 68 55 56 18 38 58 48 96 12 4 93 19 22 61 65 99 70 13 62 26 14 63 92 82 5 16 85 9 34 49 90 35 97 41 10 45 0 71 11 77 98 6 89 51 88 50 87 29 75 73 72 1 30 15 57 
56 58 38 34 48 52 83 82 93 4 12 96 79 81 19 22 61 92 26 13 62 31 37 47 36 78 74 67 39 84 20 14 63 70 99 65 16 85 5 9 21 49 54 68 33 76 35 23 86 3 90 66 28 60 80 53 44 59 17 94 32 45 95 24 8 40 91 27 64 50 88 57 43 25 1 30 46 7 69 51 11 77 71 0 42 6 98 89 87 72 73 75 29 15 2 10 97 41 55 18 
72 73 75 67 74 78 87 7 46 69 57 43 25 64 27 91 15 17 60 80 66 28 59 94 32 86 3 35 23 2 10 41 97 55 68 33 54 76 56 18 21 49 83 79 14 63 84 20 47 37 53 44 39 36 31 62 26 13 70 99 65 16 85 96 12 52 48 38 58 34 9 5 93 19 4 22 61 92 82 81 90 45 42 95 8 24 40 51 50 88 11 77 71 89 6 98 0 30 1 29 
28 15 64 25 43 57 88 50 51 71 91 27 40 0 11 77 98 6 89 86 3 35 76 54 68 33 23 45 32 94 17 59 66 90 83 34 48 52 21 49 38 58 56 18 55 97 41 10 2 24 8 95 42 1 7 46 69 36 47 37 31 62 13 26 92 61 22 19 93 4 12 9 96 5 65 16 85 99 70 14 63 44 80 60 39 78 74 67 87 72 29 75 73 20 84 53 82 81 79 30 
13 26 62 99 65 85 16 61 22 19 93 5 96 12 4 83 48 38 58 56 18 21 49 52 9 34 35 90 66 81 79 82 53 80 60 28 59 17 15 91 40 0 71 51 88 50 64 25 43 57 69 7 46 74 67 78 36 47 37 20 84 44 39 30 1 27 32 94 86 3 23 45 33 68 54 76 55 97 41 10 2 24 8 95 42 6 89 98 77 11 87 72 29 75 73 31 63 92 14 70 
74 1 30 28 60 80 44 17 59 15 27 91 95 8 24 2 45 23 86 3 35 90 54 76 21 48 38 56 18 58 34 9 96 93 4 12 5 22 61 92 63 14 26 13 70 99 65 85 16 62 37 31 20 36 78 47 72 73 75 87 67 29 43 57 50 51 11 77 89 6 98 0 40 42 64 88 69 7 46 25 71 32 94 10 41 97 68 55 33 49 83 52 81 19 79 82 66 53 84 39 
10 23 35 3 90 76 54 33 68 55 18 56 38 58 34 48 83 52 82 60 80 53 44 78 74 67 87 72 29 75 73 47 37 36 7 46 69 57 88 51 50 64 27 91 32 94 17 59 28 15 71 11 77 89 98 6 0 42 40 25 43 1 30 39 84 20 14 63 92 61 22 19 79 81 93 99 65 16 85 70 13 26 62 31 4 12 96 5 9 21 49 66 45 86 2 24 95 8 97 41 
85 16 65 99 70 92 63 14 26 13 62 31 37 20 84 44 53 80 60 28 59 17 91 27 0 71 51 88 50 64 15 57 69 43 25 30 1 74 78 39 36 47 72 73 75 29 67 87 7 46 3 86 45 94 32 40 42 6 98 89 77 11 24 8 95 2 33 58 48 52 12 96 5 22 93 4 19 82 79 66 81 83 21 38 9 34 56 18 55 68 97 41 10 23 35 76 54 49 90 61 
61 19 22 93 4 96 48 34 58 9 52 83 49 21 38 56 18 55 68 33 54 76 90 3 35 86 94 17 32 91 27 40 64 88 51 11 77 89 6 98 71 0 42 8 95 24 45 23 2 10 41 97 79 82 53 80 60 28 59 66 81 12 5 85 16 65 99 70 26 13 62 14 63 92 36 39 1 30 74 67 87 78 37 47 73 72 29 75 43 25 50 57 69 7 46 15 44 84 20 31 
29 75 73 72 47 36 78 74 67 30 28 60 80 53 82 61 22 93 4 12 52 48 49 21 38 55 58 34 56 18 54 76 86 23 33 35 90 3 94 32 40 27 91 17 59 66 19 83 79 81 9 96 5 16 85 65 99 70 13 26 92 63 14 62 31 37 20 84 44 39 1 25 43 46 7 69 57 50 51 88 11 77 89 6 98 71 0 41 97 68 2 10 95 24 8 42 45 64 15 87 
62 63 14 26 13 70 65 16 85 99 5 93 4 12 96 9 48 49 21 83 52 34 58 38 18 56 55 68 97 41 10 2 24 8 95 42 45 32 94 3 86 35 54 76 90 19 22 61 92 80 53 44 84 20 37 47 36 78 67 74 1 30 15 91 27 40 0 71 77 98 6 89 50 51 11 88 57 43 25 69 7 46 39 60 66 79 81 82 59 28 17 23 33 64 87 29 75 73 72 31 
62 63 14 26 13 70 65 16 85 99 5 93 4 12 96 9 48 49 21 83 52 34 58 38 18 56 55 68 97 41 10 2 24 8 95 42 45 32 94 3 86 35 54 76 90 19 22 61 92 80 53 44 84 20 37 47 36 78 67 74 1 30 15 91 27 40 0 71 77 98 6 89 50 51 11 88 57 43 25 69 7 46 39 60 66 79 81 82 59 28 17 23 33 64 87 29 75 73 72 31 
35 3 86 17 59 28 44 53 80 60 82 79 83 81 19 4 12 52 48 38 56 18 58 33 2 10 23 45 94 32 40 88 51 15 91 27 64 25 43 1 30 67 74 78 36 84 20 47 37 31 62 26 13 92 63 14 65 16 85 99 70 61 22 93 5 96 9 34 21 49 76 54 68 55 97 41 8 24 95 42 0 50 11 71 98 6 89 77 57 69 46 7 87 29 72 73 75 39 66 90 
