21 49 83 52 3 86 23 94 32 45 91 27 64 25 43 30 1 67 74 78 36 39 84 44 53 14 63 92 61 22 93 4 81 79 82 80 60 28 59 17 15 66 90 35 76 33 55 68 54 97 41 10 2 95 8 24 42 40 0 71 11 51 88 50 77 89 6 98 57 69 46 7 87 72 29 75 73 47 37 20 31 62 13 26 70 99 65 16 85 5 12 96 9 34 58 38 48 56 18 19 
59 17 94 32 45 86 3 35 23 2 10 55 56 18 58 34 9 12 96 5 22 93 4 19 82 79 66 90 76 54 33 68 97 41 24 8 95 42 0 40 64 27 91 15 30 1 67 78 74 36 20 37 47 72 73 75 29 87 46 7 57 88 50 11 77 89 6 98 71 51 43 25 69 53 80 60 28 44 62 13 26 14 63 92 70 99 65 85 16 52 83 49 21 38 48 81 61 31 84 39 
10 2 23 3 86 35 76 49 21 38 48 83 81 4 12 52 80 53 44 60 59 17 94 32 45 40 0 51 50 88 57 71 11 77 98 89 6 42 8 24 95 33 54 68 55 56 18 58 34 9 96 5 93 22 19 79 82 66 90 15 30 1 39 78 36 20 84 14 63 92 61 65 16 85 99 70 13 26 62 31 37 47 72 75 73 29 87 67 74 7 46 69 43 25 27 91 64 28 97 41 
1 30 67 74 78 36 47 37 31 20 39 60 28 66 59 94 86 3 23 35 90 76 54 68 33 41 97 55 56 18 58 38 21 49 83 79 81 19 22 93 4 12 5 96 9 34 48 52 63 92 61 16 85 65 99 70 13 26 14 62 84 44 53 80 15 91 27 64 25 43 46 7 69 57 88 50 51 0 42 8 24 95 10 2 45 32 40 98 6 89 77 11 71 17 82 75 73 72 29 87 
82 22 93 4 12 96 9 34 38 21 49 52 81 79 66 84 20 36 47 37 31 14 63 26 13 70 99 65 85 16 5 19 61 92 44 80 53 60 28 59 17 91 27 15 30 1 74 67 7 46 69 57 43 25 64 50 51 11 71 77 89 6 98 0 40 94 32 45 86 3 23 33 68 55 54 76 35 90 83 48 58 18 56 97 41 10 2 24 8 95 42 88 78 39 87 29 72 73 75 62 
21 49 83 52 4 12 5 93 22 61 92 26 13 62 37 31 47 20 84 44 80 53 60 28 59 17 94 3 86 45 32 91 27 40 0 71 51 50 64 25 43 46 7 74 67 1 30 15 39 78 36 72 87 75 73 29 69 57 88 11 77 89 98 6 95 24 8 42 2 10 41 97 68 33 54 76 35 90 66 79 81 19 82 14 63 70 99 65 85 16 96 9 34 48 58 56 18 38 55 23 
21 49 83 52 4 12 5 93 22 61 92 26 13 62 37 31 47 20 84 44 80 53 60 28 59 17 94 3 86 45 32 91 27 40 0 71 51 50 64 25 43 46 7 74 67 1 30 15 39 78 36 72 87 75 73 29 69 57 88 11 77 89 98 6 95 24 8 42 2 10 41 97 68 33 54 76 35 90 66 79 81 19 82 14 63 70 99 65 85 16 96 9 34 48 58 56 18 38 55 23 
45 95 8 24 42 0 27 91 15 94 3 86 35 66 79 81 52 48 38 56 58 18 55 54 68 33 23 2 10 41 97 76 49 21 83 9 34 93 4 12 96 5 22 19 82 92 63 14 26 13 62 31 37 47 36 78 74 67 87 72 29 75 73 39 30 1 46 7 69 57 88 50 64 25 43 51 11 77 89 6 98 71 40 32 17 59 28 60 80 44 53 84 20 70 99 65 85 16 61 90 
61 22 19 81 82 79 66 83 52 4 12 93 5 96 9 48 38 58 34 56 18 21 49 90 94 23 3 86 35 76 54 55 33 68 97 41 2 10 24 95 8 45 32 91 27 64 50 25 43 69 57 88 51 11 77 89 6 98 0 71 40 42 7 46 29 87 67 74 1 30 15 59 17 28 60 80 53 44 84 20 14 63 92 62 31 37 47 36 72 73 75 78 39 26 13 70 99 65 85 16 
61 22 19 81 82 79 66 83 52 4 12 93 5 96 9 48 38 58 34 56 18 21 49 90 94 23 3 86 35 76 54 55 33 68 97 41 2 10 24 95 8 45 32 91 27 64 50 25 43 69 57 88 51 11 77 89 6 98 0 71 40 42 7 46 29 87 67 74 1 30 15 59 17 28 60 80 53 44 84 20 14 63 92 62 31 37 47 36 72 73 75 78 39 26 13 70 99 65 85 16 
17 28 60 80 44 84 20 37 47 36 78 67 74 1 30 50 51 71 11 77 89 98 6 27 91 40 0 42 8 95 24 2 10 41 97 33 68 55 56 18 58 38 21 49 83 81 82 19 12 4 93 5 22 61 92 63 14 39 90 35 76 54 32 94 45 3 86 23 59 66 79 52 9 34 48 96 16 85 65 99 70 13 26 62 31 87 72 73 75 29 7 46 69 57 88 64 43 25 15 53 
24 8 95 42 0 71 98 6 89 25 43 51 88 57 69 7 46 67 78 39 36 20 84 44 80 53 59 28 60 63 14 92 61 22 19 93 4 12 96 9 34 38 58 18 56 55 68 33 97 41 10 2 23 54 76 35 90 83 81 79 66 45 86 3 94 32 17 91 64 50 11 77 40 27 15 30 1 74 87 29 72 73 75 47 37 31 62 26 13 70 99 65 16 85 5 52 48 21 49 82 
27 40 32 45 94 17 59 28 60 39 15 91 51 50 88 57 43 25 64 67 74 1 30 87 78 72 73 75 29 7 46 69 11 77 89 98 6 71 0 42 95 24 8 10 41 97 68 33 54 76 90 3 86 35 23 2 55 18 56 21 38 58 34 9 12 96 4 19 93 22 61 92 70 99 65 85 16 5 48 49 83 52 81 79 80 53 63 14 26 13 62 31 37 47 36 44 84 20 82 66 
25 43 69 46 7 29 75 73 72 87 67 74 78 36 47 37 31 62 26 14 63 92 20 84 44 53 80 60 28 59 17 91 27 94 23 33 41 97 68 55 56 18 48 38 58 54 76 49 21 90 35 86 3 45 32 40 42 0 89 6 98 51 50 64 15 30 1 39 66 79 83 52 34 9 96 5 12 4 93 22 99 65 85 16 70 13 61 19 82 81 10 2 8 24 95 71 77 11 88 57 
84 44 53 80 60 28 59 17 27 91 32 94 45 86 3 81 79 83 21 49 48 52 12 4 93 22 61 92 26 63 82 19 66 90 76 54 68 33 97 41 10 2 24 40 0 42 95 8 98 6 89 77 11 51 50 64 25 43 30 1 67 74 78 72 73 75 29 87 7 46 69 57 88 71 15 39 36 47 37 31 62 13 70 16 65 99 85 5 96 9 38 58 34 56 18 55 35 23 20 14 
84 44 53 80 60 28 59 17 27 91 32 94 45 86 3 81 79 83 21 49 48 52 12 4 93 22 61 92 26 63 82 19 66 90 76 54 68 33 97 41 10 2 24 40 0 42 95 8 98 6 89 77 11 51 50 64 25 43 30 1 67 74 78 72 73 75 29 87 7 46 69 57 88 71 15 39 36 47 37 31 62 13 70 16 65 99 85 5 96 9 38 58 34 56 18 55 35 23 20 14 
7 46 69 30 1 64 50 51 88 57 25 43 15 91 27 40 0 71 77 11 89 6 98 42 24 8 95 45 94 32 86 35 3 90 17 59 66 79 81 83 49 21 48 38 34 58 18 56 55 41 97 68 54 76 33 23 2 10 67 87 74 78 47 37 31 84 44 53 80 60 28 82 19 61 22 93 4 12 96 9 52 5 85 16 99 65 70 13 26 14 62 92 63 20 39 36 75 73 72 29 
80 60 28 59 17 3 35 86 90 76 54 33 68 55 56 58 18 97 41 10 2 24 95 8 42 77 11 64 50 51 88 57 69 7 46 43 25 30 1 74 67 87 29 75 73 72 78 36 47 37 31 62 26 14 13 63 92 19 82 79 66 81 48 83 52 12 4 93 22 61 70 99 85 65 16 5 96 9 34 38 21 49 45 23 27 91 15 71 0 98 6 89 40 32 94 39 84 20 44 53 
38 21 49 83 52 48 76 54 68 33 3 59 45 23 86 94 17 32 40 0 71 51 11 77 88 50 64 27 91 15 30 1 74 78 36 20 47 37 84 44 60 28 66 79 81 19 22 61 92 63 14 26 13 62 31 70 99 65 16 85 5 93 4 12 96 9 34 58 18 56 55 97 41 10 2 24 8 95 42 98 89 6 46 7 43 25 57 69 29 75 73 72 87 67 39 53 80 82 90 35 
76 54 68 33 23 35 45 94 32 91 27 64 25 43 57 88 51 50 0 40 15 28 59 17 3 86 90 66 81 82 79 19 22 61 92 63 20 84 44 53 80 60 14 62 13 26 70 99 65 85 16 5 93 4 12 96 9 34 55 18 56 38 21 49 83 52 48 58 41 97 10 2 24 8 95 42 98 6 89 71 77 11 69 46 7 31 37 47 36 72 75 73 29 87 78 74 67 1 30 39 
50 88 51 11 77 89 6 98 0 42 95 8 24 45 32 94 17 59 28 15 91 27 64 25 43 46 7 69 57 66 79 83 52 48 9 96 12 4 93 22 61 92 63 26 13 62 14 84 53 80 60 44 36 78 74 67 87 29 72 73 75 47 37 20 31 70 99 65 85 16 5 81 82 19 38 56 18 58 34 21 49 54 33 68 55 97 41 10 2 23 35 3 90 86 76 39 1 30 40 71 
17 86 33 68 97 41 10 2 23 3 59 28 80 53 44 84 36 78 39 1 30 25 43 57 88 51 50 8 24 95 42 0 71 11 77 89 6 98 40 32 94 45 15 91 27 64 69 46 7 87 67 74 29 72 73 75 31 37 47 20 14 63 62 26 13 92 22 19 81 79 83 52 49 21 38 58 18 56 55 54 76 35 90 66 82 12 4 93 5 96 9 48 34 65 85 16 99 70 61 60 
4 93 22 61 92 63 14 84 44 53 80 60 28 15 91 27 32 94 17 59 23 35 3 86 45 40 42 0 64 25 43 57 88 50 51 71 89 6 98 77 11 69 46 7 87 72 73 75 29 67 74 39 1 30 78 36 47 37 31 20 62 13 26 70 99 65 85 16 12 52 9 96 5 83 81 19 82 66 90 79 49 21 38 58 34 48 55 68 54 33 76 2 10 24 8 95 41 97 18 56 
44 80 53 60 66 79 83 52 4 93 22 61 92 14 63 99 65 85 16 70 13 26 62 31 37 47 20 84 36 1 74 78 67 87 29 72 73 75 7 46 69 57 25 43 11 77 71 51 50 88 40 27 91 15 17 94 86 3 35 23 24 8 42 95 2 10 41 97 55 68 33 54 76 21 49 48 38 58 18 56 34 9 96 5 12 81 19 82 28 59 90 45 32 64 0 98 6 89 30 39 
71 51 50 88 11 77 89 6 98 95 24 8 42 0 40 27 91 30 1 74 67 87 72 73 75 29 78 36 47 37 20 84 44 80 60 53 66 90 3 86 94 32 35 23 2 10 97 41 33 54 76 49 21 38 58 34 9 96 12 4 93 5 61 63 14 26 13 62 31 82 79 59 17 45 55 68 56 18 81 52 83 48 19 22 65 16 85 99 70 92 39 28 15 25 43 69 46 7 57 64 
5 93 4 12 96 9 34 48 52 81 83 49 21 90 35 3 86 23 45 94 32 91 40 0 71 77 11 51 88 50 64 27 15 30 1 39 78 74 67 87 29 72 73 75 36 37 47 20 84 44 53 80 60 28 59 17 95 8 24 42 98 6 89 57 25 43 69 46 7 26 13 62 31 14 61 92 63 70 99 85 16 65 22 19 82 79 66 76 54 33 68 55 58 38 56 18 97 41 10 2 
15 91 27 40 32 94 3 90 35 86 23 24 8 95 42 0 51 50 25 43 30 1 74 67 87 72 46 7 69 57 88 11 77 89 6 98 71 64 28 60 80 53 84 14 26 13 62 31 37 47 36 39 78 20 44 63 92 61 19 22 93 4 12 96 5 82 52 83 49 21 38 58 56 18 55 54 76 33 68 97 41 10 2 45 17 59 66 79 81 48 34 9 16 65 85 99 70 73 29 75 
23 45 86 3 17 59 28 60 80 53 44 84 20 37 47 36 78 74 67 72 29 87 39 1 30 15 25 91 27 90 76 54 55 68 33 41 97 56 18 58 38 34 48 49 21 79 83 52 9 96 12 4 93 19 81 66 82 63 14 92 61 22 5 16 85 65 99 70 13 26 62 31 75 73 7 46 69 57 88 11 77 89 6 98 0 71 51 50 64 43 40 24 8 95 2 10 35 94 32 42 
90 35 3 86 23 33 68 55 54 76 49 21 48 38 58 56 18 34 9 96 12 4 93 22 5 52 83 79 81 19 61 92 63 14 13 26 70 99 65 16 85 82 20 37 47 44 53 80 60 28 59 17 94 32 45 95 24 8 42 40 0 71 51 50 64 27 91 15 43 25 30 1 67 74 78 39 36 31 62 73 75 87 72 29 7 46 69 57 88 11 77 89 98 6 2 10 41 97 66 84 
20 84 37 47 36 78 74 67 87 1 30 15 91 27 64 88 50 25 43 69 46 7 73 72 29 75 31 62 13 70 99 65 85 16 5 93 22 61 19 81 83 52 49 21 48 38 58 18 56 68 55 33 54 76 90 17 59 28 60 80 44 39 53 82 66 79 4 12 96 9 34 41 97 10 2 24 95 8 45 86 3 35 23 94 32 40 0 71 51 11 77 89 6 98 42 57 14 92 63 26 
76 54 68 55 56 18 58 38 21 49 83 79 81 19 61 22 93 4 12 96 5 16 85 65 99 70 13 26 14 63 80 53 44 84 20 36 78 74 67 87 29 73 72 75 7 46 43 25 69 57 88 11 51 0 40 32 94 23 86 35 17 91 27 64 50 71 77 89 6 98 42 95 8 24 3 59 28 60 39 1 30 15 45 2 10 41 97 33 90 66 82 62 47 37 31 92 52 48 9 34 
1 67 74 78 39 44 84 20 37 47 36 31 62 26 13 61 22 93 4 19 81 52 83 49 21 76 54 97 41 68 55 38 58 34 48 9 96 12 5 16 85 65 99 70 92 63 14 53 80 60 28 59 17 94 86 32 45 3 35 23 2 10 33 56 18 79 82 66 90 27 64 50 51 88 25 43 57 69 46 7 87 29 75 73 72 40 0 71 98 6 89 11 77 42 95 8 24 91 15 30 
1 67 74 78 39 44 84 20 37 47 36 31 62 26 13 61 22 93 4 19 81 52 83 49 21 76 54 97 41 68 55 38 58 34 48 9 96 12 5 16 85 65 99 70 92 63 14 53 80 60 28 59 17 94 86 32 45 3 35 23 2 10 33 56 18 79 82 66 90 27 64 50 51 88 25 43 57 69 46 7 87 29 75 73 72 40 0 71 98 6 89 11 77 42 95 8 24 91 15 30 
53 44 84 39 20 47 37 31 62 13 26 14 63 92 61 22 93 4 12 56 18 55 35 90 3 45 95 8 24 94 32 91 15 30 1 67 74 78 36 75 73 72 29 87 7 46 43 25 50 51 11 77 89 6 98 71 0 40 42 86 23 2 10 41 97 68 54 33 76 21 49 83 79 82 19 81 52 48 38 58 34 9 96 5 16 85 65 99 70 80 60 59 17 27 64 57 88 69 28 66 
19 4 93 22 61 92 70 26 14 53 80 60 28 59 17 3 86 2 10 41 97 68 54 76 94 32 91 27 40 0 42 95 8 24 45 23 35 90 83 49 21 48 52 81 79 66 82 84 20 37 47 73 75 29 72 87 67 74 1 30 15 25 43 57 88 50 51 11 77 6 98 89 71 64 7 46 69 78 39 44 36 31 62 13 63 99 65 16 85 5 96 12 9 34 38 58 56 18 55 33 
33 68 54 76 3 86 90 35 23 42 98 6 89 77 11 51 50 43 25 15 59 66 79 81 83 49 21 38 58 34 48 52 4 93 22 19 61 70 99 65 85 16 5 12 96 9 56 18 55 97 41 10 2 32 94 45 95 24 8 71 0 40 27 91 17 28 60 80 53 44 84 20 47 37 31 14 26 62 13 63 92 82 39 78 1 74 67 87 72 73 75 36 29 7 46 69 57 88 64 30 
7 46 69 57 50 88 51 11 71 0 40 27 91 15 28 60 80 44 53 82 19 52 83 49 21 76 54 55 68 33 35 23 45 32 17 86 3 94 90 59 30 1 74 67 87 72 73 75 29 84 20 47 37 31 36 78 39 66 79 81 9 96 12 5 4 93 22 61 92 62 14 63 26 13 70 99 65 85 16 34 48 38 56 18 58 41 97 2 10 8 24 95 42 98 6 89 77 64 25 43 
78 39 84 20 31 37 47 72 73 75 29 87 67 74 1 30 25 43 69 46 7 57 88 50 51 0 71 11 77 89 6 98 27 91 32 94 3 35 23 86 82 83 49 21 38 58 18 56 55 68 33 10 2 24 8 95 42 40 17 59 28 60 80 53 44 14 63 92 26 62 70 13 99 65 85 16 93 22 61 19 81 12 52 48 9 34 96 5 4 79 66 90 76 54 97 41 45 15 64 36 
41 97 55 56 18 58 34 9 48 38 21 49 83 52 81 19 22 93 4 12 96 5 16 85 65 99 70 13 62 31 37 20 47 90 35 86 3 76 54 68 33 23 45 94 32 42 95 8 24 1 39 78 36 74 67 87 29 72 73 75 7 46 43 25 50 64 27 91 15 60 80 53 44 84 14 26 92 61 63 82 66 79 59 17 28 30 69 57 88 51 71 11 77 89 98 6 0 40 10 2 
39 78 44 53 80 60 28 59 17 3 90 35 86 45 27 91 15 64 50 51 88 57 69 46 7 43 25 40 0 71 11 77 89 6 98 42 95 8 24 2 10 41 97 33 54 76 68 55 56 18 58 38 34 48 21 49 83 52 12 4 93 22 19 81 82 61 92 63 14 37 47 73 72 74 87 67 1 30 94 32 23 66 79 96 5 9 65 16 85 99 70 13 26 62 31 20 84 36 29 75 
6 98 89 11 51 50 88 57 0 71 77 64 27 91 15 30 1 67 74 78 84 44 80 53 60 28 59 17 32 94 3 86 23 2 10 24 8 95 42 40 45 35 90 49 21 38 58 56 18 54 55 68 33 97 41 76 48 9 52 83 79 81 93 4 19 22 61 92 63 26 13 62 14 70 99 65 16 85 5 96 12 34 82 66 39 36 47 37 31 20 72 87 73 75 29 46 7 69 43 25 
60 80 53 44 84 20 37 47 36 78 74 67 87 39 30 1 43 25 64 50 51 88 11 77 71 0 40 27 91 15 28 59 17 3 90 35 23 86 33 68 55 97 41 10 2 45 94 32 95 8 24 42 98 6 89 57 46 7 69 73 75 29 72 31 62 13 26 63 92 65 85 16 99 70 61 22 93 4 12 96 5 52 9 34 38 58 56 18 54 76 21 49 83 79 19 81 82 66 48 14 
40 27 91 94 32 45 23 86 3 17 59 28 60 80 44 53 84 20 47 37 31 72 78 74 67 87 29 75 73 36 39 1 30 43 25 57 69 46 7 88 51 50 11 77 89 6 98 42 95 24 8 10 2 35 76 54 55 33 41 97 68 48 49 21 38 58 56 18 34 4 19 22 93 5 16 85 65 99 70 26 62 13 14 63 92 61 82 66 90 83 79 81 52 12 96 9 15 64 0 71 
60 80 53 44 84 20 37 31 14 63 92 61 22 93 4 19 82 79 66 52 83 49 21 48 38 18 56 58 34 9 96 5 12 76 54 35 90 3 86 10 2 23 45 94 32 17 59 28 39 78 74 67 1 30 91 27 64 50 51 11 71 0 40 42 95 8 24 41 97 68 33 55 85 16 65 99 70 26 13 62 47 36 72 73 75 29 87 7 46 69 43 57 88 6 98 89 77 25 15 81 
6 98 89 77 11 51 50 57 7 46 69 25 43 1 30 15 17 91 28 59 60 80 53 63 14 84 20 37 47 36 78 74 67 87 29 72 73 75 31 62 13 26 92 61 93 4 5 96 9 48 34 58 18 56 38 21 49 83 79 81 19 22 99 85 16 65 70 12 52 76 54 68 33 55 97 41 2 10 24 8 95 42 40 27 64 0 71 88 45 32 94 3 86 23 35 90 66 82 44 39 
29 30 1 74 67 7 46 69 43 25 57 88 50 51 71 89 6 98 77 11 0 64 27 40 45 94 3 35 76 54 33 68 55 97 41 10 23 2 8 24 95 42 32 86 17 91 15 28 59 60 80 53 44 84 20 47 37 31 14 63 22 61 92 26 13 62 99 65 16 85 70 19 81 79 83 52 48 9 58 38 21 49 56 18 34 96 12 5 93 4 82 66 90 39 36 78 87 72 73 75 
60 80 53 84 20 36 78 74 67 87 29 72 73 75 47 37 31 62 13 26 14 63 92 61 93 4 12 5 96 9 34 58 38 56 18 68 33 54 76 90 3 86 23 2 10 95 24 8 42 98 6 89 77 11 88 50 51 57 46 7 69 43 25 1 30 15 91 32 94 17 59 28 66 82 81 79 83 52 48 21 49 19 22 16 85 65 99 70 44 39 27 64 71 0 40 45 35 55 97 41 
1 30 15 91 27 40 0 71 51 50 64 25 43 7 46 69 57 88 11 77 89 6 98 42 95 24 8 45 86 35 3 90 32 94 17 59 28 60 39 44 84 20 37 47 36 78 74 73 72 87 29 75 31 62 13 26 14 63 92 61 22 93 4 81 19 82 66 79 21 49 83 52 48 34 58 56 18 38 76 54 33 68 55 97 41 10 2 23 65 16 85 99 70 5 12 96 9 80 53 67 
84 20 47 37 31 62 26 13 70 85 16 65 99 61 92 63 14 53 44 60 80 66 79 81 82 19 22 93 4 12 5 96 9 76 68 33 54 55 56 18 58 38 34 48 21 49 83 52 90 35 3 86 23 45 94 91 15 1 30 39 78 74 67 87 46 7 69 57 73 72 75 29 25 43 50 51 88 64 27 40 0 71 77 11 89 6 98 42 95 24 8 2 10 41 97 59 17 32 28 36 
57 69 43 25 88 51 50 45 17 59 66 81 19 93 4 12 22 61 92 63 14 13 26 36 78 74 67 72 73 75 29 87 7 46 1 30 39 60 80 53 44 84 20 37 47 31 62 70 99 85 16 65 5 96 9 49 83 52 48 38 34 58 56 18 55 68 76 54 33 23 35 86 3 94 32 91 27 64 15 28 82 79 90 21 97 41 10 2 24 8 95 42 0 40 71 11 89 6 98 77 
2 10 23 86 3 90 35 76 54 33 68 55 21 49 83 52 38 56 18 58 34 48 9 96 12 4 93 5 22 61 92 14 84 44 80 53 60 28 59 17 94 32 40 45 24 8 95 42 0 71 89 6 98 77 11 51 50 43 25 64 27 15 91 30 1 74 67 36 78 39 72 73 75 88 57 46 7 69 87 29 47 37 20 31 62 26 13 70 99 65 16 85 63 19 82 66 79 81 41 97 
95 8 24 91 27 40 42 0 71 51 50 64 43 25 30 1 74 39 44 84 20 47 37 31 26 13 14 92 82 53 80 60 28 15 59 17 32 94 3 86 35 76 54 33 68 55 56 18 58 38 21 49 83 79 81 52 48 34 9 96 4 12 19 61 22 93 5 65 85 16 99 70 63 62 36 78 67 87 72 75 73 29 7 46 69 57 88 11 77 89 6 98 45 23 2 41 97 10 90 66 
14 84 20 47 37 31 62 13 26 63 92 61 22 5 93 4 12 96 19 82 81 52 48 34 58 38 49 21 18 56 55 68 33 54 76 35 90 3 86 23 45 32 94 17 59 28 60 80 53 44 39 1 30 67 74 78 36 72 73 75 29 87 27 15 91 25 43 57 69 46 7 89 6 98 11 77 71 51 50 88 64 40 42 0 24 8 95 10 2 41 97 66 79 83 9 65 99 85 16 70 
47 37 31 62 14 92 61 22 93 4 12 96 19 81 83 34 58 56 18 49 21 38 76 33 35 3 86 23 17 94 32 91 27 25 43 30 1 74 67 87 29 72 73 75 78 39 84 44 60 80 53 82 79 66 90 59 28 15 64 51 50 88 57 46 7 69 11 77 71 98 6 89 0 40 42 95 24 8 45 2 10 41 97 55 68 54 52 48 9 5 65 85 16 99 70 13 26 63 20 36 
23 86 3 35 66 90 76 54 68 49 21 38 58 34 48 83 79 81 19 52 12 4 93 22 61 92 63 14 26 13 70 16 85 65 99 5 96 9 56 18 55 33 41 97 10 2 24 8 95 42 40 91 27 25 43 46 7 69 57 50 51 11 77 98 6 89 0 71 88 64 59 17 94 32 45 15 28 60 80 53 44 84 20 31 37 47 36 29 75 73 72 87 78 67 74 1 30 39 62 82 
80 53 44 84 14 62 13 26 63 92 61 82 81 4 52 83 79 66 90 3 35 86 23 68 55 56 18 38 58 34 21 49 76 54 33 97 41 10 2 45 95 8 24 42 0 40 27 17 94 32 59 28 60 39 1 74 67 87 78 30 15 91 64 25 43 50 88 51 71 11 77 89 6 98 57 69 46 7 29 75 73 72 36 47 20 31 37 19 93 22 5 12 96 48 9 99 65 16 85 70 
99 65 16 85 61 93 4 12 96 5 22 19 81 79 82 80 28 91 27 64 50 51 0 71 11 77 89 6 98 8 24 95 42 40 32 94 35 86 3 23 2 10 45 41 97 38 48 21 49 83 52 66 9 34 58 18 56 55 68 33 54 76 90 59 17 15 30 1 36 78 74 67 87 72 73 75 29 7 46 25 43 57 88 69 39 44 53 60 84 20 47 37 31 62 13 26 63 14 92 70 
91 27 64 50 88 51 77 11 71 89 6 98 0 42 95 24 8 45 32 94 86 3 35 90 80 60 28 15 17 59 66 79 83 49 21 48 52 4 81 19 22 93 5 12 96 9 34 58 56 18 38 76 54 68 55 33 23 2 10 41 97 40 69 43 25 1 30 67 74 78 36 39 44 53 82 61 92 63 14 26 70 65 85 16 99 62 13 31 20 84 47 37 72 73 75 29 87 46 7 57 
22 93 4 12 9 34 58 48 38 56 18 55 68 33 54 76 23 2 10 24 8 95 42 17 59 28 60 80 53 44 84 20 36 78 39 30 1 47 37 31 13 61 92 63 14 26 62 70 99 65 85 16 5 96 81 83 79 66 52 21 49 97 41 3 86 35 90 94 32 45 27 91 15 25 43 69 57 88 11 77 89 98 6 71 0 40 64 51 50 7 46 67 74 87 29 75 73 72 82 19 
36 47 37 20 31 26 13 62 70 99 65 85 16 22 19 4 93 12 52 83 79 81 82 53 44 80 60 28 17 32 94 91 27 40 0 71 51 50 64 25 43 69 88 57 11 77 98 6 89 42 95 8 24 2 10 23 66 3 86 45 35 54 76 90 55 68 33 41 97 56 18 48 34 58 38 21 49 9 96 5 61 92 63 14 84 39 78 67 74 1 30 15 59 72 73 29 75 87 7 46 
31 73 72 36 78 67 74 1 30 15 27 91 94 32 45 86 3 35 90 17 59 28 66 79 81 52 83 49 21 48 38 58 34 9 96 12 4 93 22 19 82 44 53 80 60 63 14 26 13 61 92 70 99 65 85 16 5 56 18 55 54 76 33 68 97 41 10 2 23 24 8 95 42 40 64 50 51 0 71 77 11 89 6 98 25 43 69 57 88 46 7 87 29 75 47 20 84 62 37 39 
13 26 63 84 39 78 74 25 43 64 0 40 11 77 89 6 98 51 50 88 57 69 46 7 67 72 75 73 29 87 47 37 20 36 1 30 15 91 17 59 28 44 80 53 82 81 79 83 49 21 48 9 52 12 93 4 96 5 38 34 58 56 18 97 41 33 68 55 54 76 3 86 94 45 32 27 71 42 95 24 8 2 10 23 35 90 66 60 19 61 22 99 65 85 16 70 92 14 31 62 
12 4 93 5 65 16 85 99 70 26 13 62 20 84 47 37 31 74 67 78 36 72 73 75 29 69 43 25 64 50 51 88 11 77 40 27 91 15 17 94 32 45 86 35 3 59 28 60 80 53 44 39 1 30 87 46 7 57 0 71 98 6 89 95 24 8 42 2 10 41 97 54 76 90 33 23 55 68 56 18 58 38 21 49 79 52 19 22 61 92 63 14 82 66 81 83 48 34 9 96 
69 46 7 43 25 30 1 74 67 78 36 87 72 73 75 29 39 44 80 53 60 79 81 52 83 49 76 54 33 68 55 56 18 58 38 48 9 34 21 90 66 82 63 26 13 62 31 37 47 20 84 14 61 22 93 5 12 4 19 92 70 99 85 16 65 96 97 41 10 2 45 23 35 86 3 94 32 27 91 17 59 28 15 64 50 51 57 88 71 11 77 89 6 98 0 40 42 95 8 24 
63 80 44 60 28 59 17 32 94 23 86 45 24 8 95 2 10 41 97 68 21 49 83 52 48 9 96 12 93 5 4 81 19 22 61 92 14 84 20 47 37 31 62 26 13 70 99 65 85 16 82 79 66 90 3 35 76 54 33 55 56 34 58 38 18 0 42 40 91 27 43 25 30 15 64 50 88 51 11 77 89 6 98 71 57 69 46 7 67 74 78 39 1 36 72 73 75 29 87 53 
5 93 4 22 61 92 63 14 26 13 62 37 47 20 84 80 53 44 60 28 15 91 27 40 42 0 71 51 88 57 43 69 7 46 74 1 30 25 64 50 11 77 89 6 98 8 24 95 10 2 97 41 35 23 86 3 90 49 48 34 9 12 96 52 83 38 58 18 56 76 54 33 68 55 21 81 82 66 79 19 59 17 94 32 45 39 78 36 72 73 75 29 87 67 31 70 99 65 85 16 
81 83 49 21 38 58 34 48 52 82 19 4 93 5 16 85 65 99 70 13 26 92 63 84 20 44 53 80 60 28 59 66 79 3 35 86 94 32 40 27 91 15 30 1 74 87 29 75 73 72 78 36 47 37 31 62 14 61 22 96 9 12 76 54 33 68 55 18 56 97 41 2 10 23 45 95 8 24 42 51 50 64 88 11 71 98 6 89 77 0 25 43 69 57 7 46 67 39 17 90 
5 93 4 12 9 34 58 56 18 68 55 54 33 97 41 10 2 24 95 8 42 98 6 89 77 11 71 0 40 32 27 91 17 59 53 80 60 28 36 47 37 20 84 44 14 63 92 70 13 26 62 31 75 73 72 29 87 74 67 1 30 25 43 46 7 69 57 88 50 51 64 15 39 78 23 35 3 86 45 94 90 76 49 21 83 81 79 66 82 19 61 22 65 85 16 99 96 48 38 52 
84 44 53 80 60 28 59 17 27 91 32 94 45 86 3 81 79 83 21 49 48 52 12 4 93 22 61 92 26 63 82 19 66 90 76 54 68 33 97 41 10 2 24 40 0 42 95 8 98 6 89 77 11 51 50 64 25 43 30 1 67 74 78 72 73 75 29 87 7 46 69 57 88 71 15 39 36 47 37 31 62 13 70 16 65 99 85 5 96 9 38 58 34 56 18 55 35 23 20 14 
25 43 7 46 67 74 78 36 20 84 44 53 80 60 28 15 64 50 51 71 11 77 89 6 98 45 35 3 86 94 32 91 27 40 0 42 95 8 24 2 23 33 68 54 76 10 41 97 55 56 18 34 58 38 21 49 48 79 81 83 52 9 96 12 4 93 5 19 82 22 61 92 63 14 26 62 13 70 99 65 16 85 31 37 47 73 72 87 29 75 69 1 30 39 66 90 59 17 88 57 
4 93 22 61 92 14 63 26 13 62 31 37 47 36 20 84 44 53 80 60 28 59 17 94 86 35 3 32 45 27 64 50 51 88 57 69 7 46 1 30 39 78 67 74 72 73 75 29 87 15 91 43 25 71 11 77 89 98 6 0 40 42 95 24 8 2 10 33 54 76 68 55 34 58 38 48 5 96 9 52 83 49 21 79 82 19 81 66 90 23 97 41 18 56 12 70 99 65 85 16 
75 73 72 29 67 46 7 69 57 88 11 77 89 6 98 42 95 8 24 2 3 86 45 32 94 17 59 53 80 60 28 15 91 27 40 0 71 51 50 64 43 25 30 1 74 78 39 36 47 37 31 62 13 26 14 84 20 63 92 61 22 19 81 52 83 79 66 82 4 93 12 96 9 34 38 58 49 21 33 10 41 97 68 55 56 18 54 76 35 23 90 48 5 85 99 65 16 70 44 87 
32 91 17 28 59 54 33 68 41 97 55 56 18 58 38 21 49 83 52 9 12 4 93 22 61 19 82 66 79 81 48 34 96 5 99 85 16 65 70 13 26 14 63 92 62 31 37 47 20 84 44 53 80 60 39 74 67 78 36 87 73 72 75 29 57 88 51 71 77 11 6 89 98 42 40 0 27 50 64 25 43 69 46 7 1 30 15 94 86 3 76 90 35 23 10 2 24 8 95 45 
28 60 80 53 84 44 14 1 30 39 74 67 78 36 47 37 31 62 26 13 70 99 85 65 16 96 12 4 19 82 81 79 83 52 48 38 21 49 76 54 33 35 90 23 86 3 17 59 15 25 69 46 7 87 72 73 75 29 91 64 0 71 51 50 43 57 88 11 77 89 98 6 8 24 95 42 40 27 32 94 45 2 10 41 97 68 55 56 18 58 34 9 93 5 22 61 92 63 20 66 
28 60 80 53 84 44 14 1 30 39 74 67 78 36 47 37 31 62 26 13 70 99 85 65 16 96 12 4 19 82 81 79 83 52 48 38 21 49 76 54 33 35 90 23 86 3 17 59 15 25 69 46 7 87 72 73 75 29 91 64 0 71 51 50 43 57 88 11 77 89 98 6 8 24 95 42 40 27 32 94 45 2 10 41 97 68 55 56 18 58 34 9 93 5 22 61 92 63 20 66 
56 18 58 34 9 52 83 49 21 38 48 12 4 93 22 61 19 81 79 82 80 60 53 44 39 36 20 37 47 72 73 75 29 87 78 74 67 43 25 30 15 91 27 32 94 17 59 28 66 35 23 45 86 3 90 2 10 41 97 33 54 76 68 55 24 8 95 42 0 71 11 77 89 6 98 40 64 50 51 88 57 69 46 7 1 84 14 63 26 13 62 31 92 70 65 16 85 99 96 5 
4 12 48 49 21 56 18 55 68 33 23 86 3 90 79 81 52 83 19 93 22 61 92 63 14 20 37 47 36 78 74 67 1 30 7 46 69 43 25 50 51 88 11 77 89 98 6 71 0 40 42 95 24 8 2 10 45 35 76 54 41 97 38 58 34 9 96 5 65 85 16 99 70 26 13 62 31 84 44 80 60 28 59 17 94 32 27 91 15 64 57 87 29 75 72 73 39 53 66 82 
97 41 76 90 35 23 86 3 94 45 17 59 28 60 80 53 84 20 47 37 31 62 14 63 26 70 99 61 22 93 4 12 48 38 58 56 55 68 54 33 2 10 24 8 95 42 0 50 57 88 51 98 6 89 77 11 71 40 32 91 27 64 25 43 69 7 46 67 74 78 36 87 72 73 75 29 1 30 15 66 79 81 83 52 49 21 34 9 96 5 65 16 85 13 92 19 82 44 39 18 
44 84 20 14 26 13 61 22 19 79 81 83 49 21 48 34 38 56 18 52 12 4 93 5 16 85 99 65 70 92 63 62 31 37 47 36 78 74 67 1 30 15 91 27 64 50 88 51 11 77 71 0 98 6 89 8 24 95 42 40 17 45 32 94 59 3 35 76 54 10 2 86 23 33 68 41 97 55 58 9 96 82 53 80 60 28 90 66 25 43 57 69 46 7 87 29 75 73 72 39 
26 13 62 31 37 47 20 84 44 80 53 66 79 81 83 49 21 48 38 34 58 56 18 55 54 33 68 23 35 3 86 45 32 94 91 15 25 30 1 74 78 39 60 28 17 59 90 76 97 41 10 2 8 24 95 42 0 40 27 64 50 88 11 77 89 98 6 71 51 57 69 46 7 43 67 87 72 29 73 75 36 63 14 92 61 22 93 4 12 5 96 99 85 65 16 70 82 19 52 9 
24 8 95 42 0 32 94 40 27 91 15 17 59 28 60 80 53 44 84 20 47 37 31 26 13 70 85 16 65 99 4 12 96 9 38 58 34 56 18 55 68 54 76 90 83 49 21 48 52 81 79 66 82 19 93 5 22 61 92 63 14 62 78 74 46 7 69 57 43 30 1 67 87 72 73 75 29 36 39 25 88 50 64 51 71 77 11 98 6 89 45 2 10 41 97 33 3 86 23 35 
28 60 80 53 84 44 14 1 30 39 74 67 78 36 47 37 31 62 26 13 70 99 85 65 16 96 12 4 19 82 81 79 83 52 48 38 21 49 76 54 33 35 90 23 86 3 17 59 15 25 69 46 7 87 72 73 75 29 91 64 0 71 51 50 43 57 88 11 77 89 98 6 8 24 95 42 40 27 32 94 45 2 10 41 97 68 55 56 18 58 34 9 93 5 22 61 92 63 20 66 
36 78 74 67 46 7 29 87 72 73 75 47 37 31 62 13 26 14 63 92 61 19 81 79 83 52 21 49 3 35 23 86 94 32 45 17 59 28 60 80 53 84 20 44 39 1 43 25 50 64 88 57 69 30 15 91 27 40 51 11 77 89 98 6 71 0 42 95 8 24 10 2 33 54 76 90 66 82 93 22 4 12 96 5 9 48 38 58 34 18 56 55 68 97 41 85 16 65 99 70 
61 22 19 4 12 48 21 38 34 58 18 56 55 54 33 68 97 76 49 83 52 27 91 17 59 28 60 80 53 44 84 20 62 31 37 47 36 78 74 67 1 30 25 43 69 46 7 72 73 75 29 87 39 15 40 0 71 88 57 98 6 89 11 77 51 50 64 42 95 8 24 41 10 2 86 3 94 32 45 23 35 90 66 79 81 82 63 14 26 13 70 99 65 16 85 96 9 5 93 92 
91 27 40 0 71 25 43 69 7 46 1 30 78 74 67 72 29 75 73 37 47 20 84 39 66 79 83 48 38 34 9 12 93 4 22 61 92 63 14 53 44 80 60 28 59 17 32 94 23 35 86 3 90 54 76 49 21 58 56 18 41 97 68 55 2 10 33 45 95 8 24 42 89 6 98 11 77 51 50 64 88 57 87 36 31 62 26 13 70 99 65 85 16 5 96 19 81 52 82 15 
66 82 26 13 70 85 16 65 99 61 22 19 81 79 83 52 48 34 38 21 49 76 54 33 68 55 56 18 58 9 96 12 4 5 93 92 63 14 62 31 37 47 36 78 67 74 1 30 15 91 17 3 86 35 23 45 95 24 8 42 89 98 71 0 64 25 88 50 51 11 77 6 27 40 32 94 59 28 60 80 53 44 84 20 72 73 75 29 87 39 43 69 46 7 57 2 10 97 41 90 
71 51 50 64 25 43 46 7 69 57 88 11 77 89 6 98 42 95 8 24 45 94 32 0 40 27 15 80 60 28 66 81 4 12 9 34 58 38 48 21 49 83 79 82 19 93 5 16 85 65 99 70 13 26 62 14 92 63 61 22 96 52 56 18 68 55 97 41 10 2 23 86 3 35 76 33 54 90 17 59 91 30 1 39 78 74 67 87 29 75 73 72 37 20 84 44 53 36 47 31 
55 76 49 21 38 58 34 48 9 96 12 4 93 22 19 61 92 63 14 26 13 70 99 65 85 16 5 52 83 81 79 66 82 59 28 15 43 25 64 50 51 11 77 89 98 6 0 71 88 57 69 7 46 67 74 78 36 47 37 44 53 80 60 84 20 31 62 73 72 75 29 87 39 1 30 91 27 40 42 8 95 24 2 86 3 45 94 32 17 23 35 90 54 33 68 97 41 10 56 18 
28 60 80 53 84 44 14 1 30 39 74 67 78 36 47 37 31 62 26 13 70 99 85 65 16 96 12 4 19 82 81 79 83 52 48 38 21 49 76 54 33 35 90 23 86 3 17 59 15 25 69 46 7 87 72 73 75 29 91 64 0 71 51 50 43 57 88 11 77 89 98 6 8 24 95 42 40 27 32 94 45 2 10 41 97 68 55 56 18 58 34 9 93 5 22 61 92 63 20 66 
77 11 51 88 50 64 27 91 15 94 32 17 59 28 60 80 53 44 84 20 37 31 47 36 78 39 74 1 30 25 43 69 46 7 87 67 72 73 75 29 57 98 6 89 71 0 42 8 24 95 45 3 86 23 35 90 49 21 34 38 58 56 18 55 54 33 76 81 79 66 82 4 12 96 5 93 85 16 65 99 70 26 13 62 14 63 92 61 22 19 9 48 52 83 68 97 41 10 2 40 
30 1 39 28 60 80 53 44 84 20 47 37 31 62 13 26 92 63 14 36 78 74 67 87 72 73 75 29 7 46 69 43 25 64 27 91 32 94 3 86 23 45 17 59 66 82 19 22 93 4 12 9 34 38 58 56 18 21 49 83 79 81 90 76 54 33 68 97 41 10 2 24 8 95 42 0 71 11 77 51 50 88 57 89 6 98 40 15 35 55 48 52 96 5 65 16 85 99 61 70 
96 12 19 61 22 93 4 52 79 83 49 21 48 38 9 34 58 18 56 55 97 41 35 23 86 3 90 76 54 33 68 2 10 24 8 95 42 40 91 27 64 50 51 11 71 0 89 98 6 77 88 57 69 43 25 30 1 74 67 46 7 29 72 73 75 87 31 62 26 99 65 16 85 70 13 63 92 14 53 80 60 28 59 17 94 32 45 15 78 36 37 47 20 84 44 39 81 82 66 5 
38 48 83 81 79 66 82 53 80 60 28 59 32 94 45 23 86 35 3 90 49 21 52 93 4 19 22 61 92 63 14 26 13 62 31 47 37 20 84 44 39 78 74 67 1 30 51 11 77 0 71 89 98 6 64 50 15 17 91 27 40 88 57 69 46 7 87 72 36 73 75 29 25 43 42 95 24 8 10 2 41 97 33 54 76 68 55 56 18 58 34 9 96 12 5 65 16 85 99 70 
5 93 4 12 52 81 82 79 83 38 58 18 56 55 68 33 54 76 90 3 86 45 23 95 8 24 2 10 97 41 35 94 32 42 0 71 11 51 50 88 57 43 25 64 27 91 15 17 59 28 60 53 80 44 39 84 20 36 78 30 1 67 87 72 73 75 29 74 46 69 7 89 6 98 77 40 66 49 21 34 48 9 96 22 61 92 63 14 47 37 31 62 13 26 70 99 65 85 16 19 
52 83 81 79 66 35 3 94 86 45 32 91 1 78 74 67 46 69 43 25 64 27 40 0 42 8 24 95 71 98 6 89 77 11 51 50 88 57 7 72 73 75 29 87 39 60 80 28 59 17 15 30 36 47 37 31 62 13 26 70 65 99 85 16 5 12 4 93 19 22 61 92 63 14 20 84 44 53 82 90 2 10 23 33 68 55 58 38 48 9 34 96 76 54 97 41 56 18 49 21 
59 17 91 27 64 25 57 43 69 46 7 67 74 78 36 47 37 31 62 92 61 22 93 4 52 83 79 81 19 82 80 53 44 84 20 14 63 26 13 70 99 65 85 16 5 96 9 12 48 58 34 55 54 33 23 3 86 94 32 40 42 71 51 88 77 11 98 6 89 0 50 87 72 73 75 29 1 30 15 39 60 28 66 90 76 49 21 38 56 18 41 97 68 45 2 10 24 8 95 35 
32 94 17 3 86 35 90 49 52 48 34 58 38 21 83 66 81 79 82 22 93 4 12 96 5 16 85 65 99 70 13 26 62 31 37 47 84 44 53 80 28 60 59 15 91 27 40 42 0 71 11 6 98 89 77 51 50 88 57 69 46 7 43 25 1 30 39 14 63 92 61 19 9 56 18 76 54 55 68 33 97 41 10 2 23 45 95 24 8 67 74 87 29 75 73 72 78 36 20 64 
11 51 50 1 74 30 15 17 94 32 45 23 3 86 35 54 68 33 76 49 21 52 83 79 66 28 60 80 44 84 20 47 37 31 70 99 65 16 85 14 62 13 26 92 63 5 93 4 12 96 9 34 48 38 58 56 18 55 97 41 10 2 24 8 95 42 0 71 77 6 89 98 40 27 91 25 43 57 69 7 46 67 78 87 72 29 75 73 36 39 59 90 81 19 22 61 82 53 64 88 
12 4 93 22 61 19 81 52 83 49 21 38 58 9 96 5 48 34 56 18 68 55 54 76 33 41 97 10 2 23 86 94 32 45 42 8 24 95 27 57 88 51 50 64 40 0 71 98 89 6 11 77 91 17 59 28 60 80 53 44 84 20 47 37 36 74 67 78 39 1 30 15 43 25 69 7 46 87 29 75 73 72 31 62 13 14 63 92 26 70 99 65 85 16 90 3 35 79 82 66 
91 27 40 0 71 77 11 51 88 50 64 25 43 30 1 74 67 78 36 20 84 44 80 53 39 60 28 17 32 94 86 3 35 23 33 54 55 97 41 2 10 45 42 95 24 8 98 6 89 57 69 46 7 87 29 72 73 75 37 47 31 14 63 92 61 22 4 93 5 96 12 81 19 83 52 49 21 38 58 56 18 48 34 9 68 76 90 66 79 82 13 62 26 99 70 85 16 65 59 15 
