13 62 31 37 47 36 20 84 44 53 80 60 28 59 17 94 32 45 86 35 3 90 76 54 68 97 41 10 2 24 8 95 42 0 40 27 91 15 30 1 74 67 78 39 29 75 73 72 87 46 7 69 57 43 25 64 50 51 11 77 89 6 98 71 88 23 33 55 56 18 58 38 21 49 83 52 12 4 93 22 61 92 63 14 26 70 99 65 85 16 5 96 9 34 48 79 81 82 66 19 
56 18 58 34 48 52 83 79 81 19 22 61 92 63 14 26 13 62 31 37 47 20 84 44 80 60 28 59 17 91 15 25 43 69 7 46 67 87 29 72 73 75 36 78 39 74 1 30 64 50 11 77 89 6 98 71 51 88 57 27 40 0 42 95 24 8 2 10 41 97 55 68 33 54 76 35 3 86 23 45 94 32 90 66 82 53 70 99 65 85 16 5 93 4 12 96 9 38 21 49 
56 18 58 34 48 52 83 79 81 19 22 61 92 63 14 26 13 62 31 37 47 20 84 44 80 60 28 59 17 91 15 25 43 69 7 46 67 87 29 72 73 75 36 78 39 74 1 30 64 50 11 77 89 6 98 71 51 88 57 27 40 0 42 95 24 8 2 10 41 97 55 68 33 54 76 35 3 86 23 45 94 32 90 66 82 53 70 99 65 85 16 5 93 4 12 96 9 38 21 49 
67 1 60 21 45 3 91 59 34 42 41 51 78 57 88 69 35 24 97 2 32 90 30 61 79 89 72 75 23 36 20 46 31 63 4 16 70 14 92 33 11 28 85 73 7 22 5 81 99 80 39 19 93 82 65 83 52 71 68 95 58 55 49 40 48 44 64 6 27 77 17 66 10 8 98 62 84 29 9 47 37 13 12 43 76 53 25 96 56 15 86 18 50 54 26 74 94 38 87 0 
16 41 56 80 4 12 96 85 65 6 84 21 95 1 60 71 47 57 75 28 44 26 90 51 89 22 92 61 7 20 37 53 66 15 62 46 8 67 78 94 29 73 49 86 23 93 38 87 81 18 32 10 9 91 33 68 88 24 98 48 82 72 70 76 11 63 30 19 13 50 45 2 40 77 59 55 17 54 79 97 69 42 25 43 27 3 83 35 34 58 52 36 39 74 64 5 0 31 14 99 
70 60 28 47 31 37 67 69 41 38 68 93 43 12 71 40 51 92 52 6 34 21 63 65 76 59 50 17 7 29 0 20 25 83 94 56 48 74 54 9 53 14 19 97 24 8 11 27 46 39 45 72 77 33 88 35 90 36 1 3 84 23 57 4 18 2 73 89 98 10 5 61 66 32 91 86 42 80 82 13 64 95 49 16 96 15 22 81 75 62 26 85 87 30 44 55 79 58 78 99 
82 64 69 98 22 12 56 97 52 58 90 9 96 95 57 87 94 45 33 21 26 81 34 93 62 7 72 5 60 55 16 4 37 44 92 2 79 29 91 31 36 48 89 50 88 71 77 74 3 76 54 32 40 14 10 75 86 19 85 65 46 63 25 42 23 28 68 84 59 83 61 80 78 49 6 18 73 13 70 67 8 41 38 35 24 30 66 11 53 51 15 1 47 43 39 20 27 17 0 99 
24 28 40 69 38 4 84 72 75 34 60 58 68 97 56 15 27 93 0 89 6 64 22 49 7 33 45 26 52 87 36 67 74 30 92 70 55 76 8 17 42 29 47 79 95 90 32 18 85 96 48 78 73 62 44 14 35 12 57 1 10 50 11 88 2 71 43 83 16 19 82 94 86 63 65 99 46 98 61 13 21 23 3 80 31 54 66 39 5 51 41 9 59 53 20 91 25 37 77 81 
65 5 48 40 30 70 8 2 12 91 7 24 9 34 72 0 11 76 90 54 59 16 27 13 87 88 49 3 15 28 17 53 35 50 18 56 97 19 62 29 20 61 96 25 21 22 81 10 45 46 43 98 71 32 37 26 31 57 33 84 36 64 80 93 38 39 68 41 94 6 44 92 47 73 78 75 51 63 52 55 58 69 60 1 89 67 74 66 79 82 83 85 86 95 99 4 23 77 42 14 
97 20 26 95 17 80 78 11 77 88 51 84 9 53 48 37 62 76 45 34 21 90 36 67 1 61 93 44 89 6 96 69 68 46 75 59 24 15 16 38 28 65 81 32 42 73 52 58 54 60 94 43 29 56 55 3 14 0 23 98 39 74 4 86 82 91 35 57 47 27 50 64 87 7 10 85 70 13 31 41 83 5 63 92 8 18 72 22 33 79 66 19 12 49 99 30 25 71 40 2 
95 84 86 2 28 77 8 30 47 76 82 97 56 46 25 68 17 13 57 59 93 61 54 36 99 58 49 15 4 94 21 92 63 53 74 67 38 88 39 34 22 85 19 29 73 70 35 10 33 14 89 71 51 11 91 64 12 48 32 9 83 16 98 3 6 43 27 55 80 81 45 42 52 75 69 78 7 87 26 65 66 96 18 41 60 0 5 40 24 62 44 31 37 20 72 1 90 23 79 50 
23 97 66 69 40 29 13 19 39 50 37 20 74 47 3 54 63 14 36 31 30 41 78 44 67 70 27 77 18 2 35 16 71 98 95 28 9 85 83 60 5 96 72 15 48 12 93 88 61 21 52 38 84 32 80 76 49 6 24 75 59 53 25 62 46 73 26 92 17 64 7 43 89 91 11 94 65 56 87 45 8 55 86 57 42 10 79 34 22 82 33 81 99 4 58 68 90 0 51 1 
57 75 93 28 30 81 9 96 78 67 50 3 97 16 66 95 89 11 88 64 94 56 14 77 1 40 37 20 39 26 10 70 92 13 59 53 44 85 42 47 27 91 71 33 35 90 51 99 65 23 12 80 55 18 54 4 86 34 76 74 84 24 2 69 72 19 83 22 82 73 46 41 61 6 36 25 17 15 79 58 68 5 49 63 62 8 43 87 32 52 48 21 45 0 98 31 29 60 38 7 
91 65 76 40 60 42 17 67 41 98 11 21 49 38 99 24 56 12 48 90 13 80 14 71 3 55 31 5 18 75 87 89 81 79 97 19 92 70 47 4 22 82 58 68 33 36 85 86 23 69 77 50 25 34 83 26 96 95 8 93 28 29 6 57 32 64 54 94 73 0 37 16 61 63 43 53 44 62 88 15 46 9 52 20 66 72 30 78 84 74 2 10 35 51 59 7 45 39 27 1 
90 84 80 22 6 89 92 97 56 3 33 32 68 8 98 0 75 14 1 67 85 58 51 94 82 21 78 74 40 39 16 72 47 64 27 81 11 7 44 18 49 86 13 20 63 69 53 45 77 2 76 59 17 83 24 61 38 96 52 4 70 12 66 60 87 30 5 48 26 93 9 29 37 23 57 55 34 41 88 25 50 46 71 10 42 15 79 35 62 73 19 43 95 54 28 31 91 36 65 99 
51 43 11 7 21 76 38 15 58 61 70 83 49 82 45 79 81 26 69 40 64 46 1 39 95 2 34 6 62 8 18 42 24 10 71 3 86 44 25 91 56 14 75 94 23 41 17 55 59 98 4 29 48 80 16 37 99 92 66 47 31 5 89 77 27 35 54 33 68 53 9 57 52 30 12 13 88 32 97 28 73 85 63 93 22 19 87 20 74 96 36 84 65 72 50 60 90 67 78 0 
28 96 22 99 46 13 84 75 39 62 74 48 94 77 6 43 9 78 89 50 33 92 55 35 40 68 24 21 93 90 10 82 4 29 91 26 65 73 60 87 12 85 16 53 59 31 23 25 80 69 52 42 88 64 71 45 86 8 15 72 61 7 79 47 83 18 5 81 34 27 20 36 30 51 63 3 76 54 70 37 38 58 67 14 66 44 49 19 57 56 97 32 17 1 11 95 0 98 2 41 
71 33 38 24 3 55 34 79 8 35 59 83 13 70 87 19 62 42 32 76 65 82 91 56 67 26 95 77 69 63 73 41 99 49 46 88 50 81 60 27 86 43 47 92 93 14 53 20 80 57 30 72 4 58 10 9 18 66 16 61 22 78 28 90 36 39 98 0 6 25 68 5 85 17 54 89 11 29 45 40 51 74 94 97 12 31 52 21 15 1 7 75 44 37 64 23 96 2 84 48 
84 31 55 76 41 35 94 13 73 44 4 63 72 52 9 58 47 90 81 36 27 8 51 98 95 43 57 97 54 5 77 28 45 6 96 20 14 65 70 88 7 24 79 60 69 17 10 21 78 93 66 12 83 86 42 11 40 22 92 59 56 1 87 18 16 50 91 89 29 38 19 61 39 23 53 34 68 99 82 80 25 71 26 75 46 30 74 2 33 67 37 48 0 64 62 85 3 32 15 49 
42 10 98 54 97 33 56 60 53 75 90 23 62 67 2 41 96 22 55 21 78 16 19 71 91 87 80 43 63 72 14 5 79 76 13 61 44 29 36 70 34 89 0 24 95 52 84 58 81 68 83 94 93 8 7 74 20 4 92 12 47 37 77 50 27 31 49 28 88 66 64 1 86 57 46 51 85 15 35 82 9 48 39 17 73 32 69 18 65 99 11 6 45 40 38 26 30 25 3 59 
70 84 28 1 64 62 36 34 38 71 21 75 7 42 48 85 16 61 5 49 39 18 67 37 29 26 69 96 55 43 0 15 4 20 81 82 52 92 56 13 88 30 11 77 27 94 74 59 98 6 45 60 32 78 79 47 14 95 35 10 80 31 63 33 8 2 12 58 97 9 73 25 57 51 93 87 66 53 40 76 54 22 19 23 91 46 3 90 41 72 17 50 89 24 68 44 86 99 65 83 
10 66 76 77 51 46 82 59 98 26 21 13 11 28 93 94 87 37 39 57 62 61 47 40 32 45 81 83 2 73 86 63 67 88 43 33 23 15 91 84 79 12 90 41 27 16 34 68 70 53 17 49 3 58 97 38 19 85 72 74 20 99 60 54 4 65 29 96 48 75 55 71 50 64 30 24 5 92 31 36 35 18 6 69 7 22 14 95 8 89 0 25 42 56 44 1 78 80 9 52 
10 18 24 42 54 16 76 68 38 49 90 96 58 33 73 23 61 93 98 31 63 87 71 64 43 45 2 82 34 44 72 13 80 27 77 46 79 9 0 14 85 22 1 94 89 91 48 19 56 37 20 47 5 52 74 78 12 41 21 97 28 50 88 6 69 40 60 55 59 3 67 4 83 99 17 36 11 53 30 39 62 84 51 25 15 35 70 32 26 75 7 95 57 29 66 8 86 92 65 81 
30 65 4 45 49 70 78 89 94 88 11 71 98 67 66 22 52 35 51 55 34 96 18 68 58 74 43 5 61 80 85 53 79 26 97 83 64 69 25 38 13 37 47 81 82 28 86 48 76 62 46 6 95 40 87 15 93 27 7 3 63 31 16 99 20 59 44 91 32 54 21 8 56 60 42 12 90 72 84 10 33 24 39 9 77 50 17 14 75 73 0 2 57 36 41 1 29 23 19 92 
17 16 37 0 53 51 77 31 38 41 8 43 60 9 81 82 62 1 27 98 23 52 80 67 13 91 28 20 39 25 11 18 56 33 78 42 83 12 96 55 68 24 14 58 90 57 50 7 22 40 45 76 3 64 79 21 15 69 29 65 54 71 34 66 85 30 99 61 70 94 32 35 87 95 46 75 4 49 26 47 92 63 48 97 5 72 73 86 6 59 88 89 10 2 36 74 44 84 93 19 
8 87 29 17 59 93 96 88 47 7 74 38 71 56 82 66 64 86 10 95 11 41 25 52 16 12 81 51 43 24 39 63 34 14 31 53 37 22 84 35 13 92 85 89 0 98 91 42 40 76 18 58 19 90 97 50 46 67 30 20 21 55 32 69 80 75 68 60 72 62 23 70 1 79 73 27 28 94 83 54 33 49 65 26 44 45 2 48 61 78 77 15 3 4 9 57 5 99 6 36 
66 67 90 13 31 53 8 42 20 28 75 88 25 65 16 12 23 43 0 73 59 9 18 17 94 89 98 77 45 84 64 30 92 78 1 79 48 60 14 36 10 3 51 91 82 26 56 32 72 87 37 80 61 21 41 49 52 35 46 2 19 38 86 97 83 34 81 4 96 29 24 99 63 11 54 68 33 74 5 85 40 69 62 58 93 44 27 95 50 6 57 39 71 55 7 22 70 15 47 76 
36 82 4 7 51 70 86 20 14 44 41 11 57 94 89 72 71 42 98 45 21 31 0 6 38 52 16 93 1 76 66 22 65 39 75 43 78 29 30 62 61 33 91 17 59 50 69 47 2 56 79 10 3 77 27 85 13 83 48 97 40 5 80 28 8 35 34 55 60 67 24 88 19 46 9 58 12 68 26 95 90 63 15 74 18 54 49 23 25 73 87 32 37 92 53 81 64 84 96 99 
21 44 19 25 1 91 54 95 6 82 68 84 73 39 87 76 70 92 65 18 2 90 59 66 36 57 10 41 33 11 86 40 71 0 62 52 49 98 93 20 4 89 12 22 56 37 78 51 96 97 38 34 5 8 15 35 48 74 46 42 7 28 77 24 69 75 47 30 9 83 13 26 27 63 88 81 14 31 99 85 16 58 50 80 17 23 53 72 29 94 32 67 43 64 45 55 60 61 79 3 
78 19 21 45 10 3 82 86 51 15 33 81 85 16 18 17 43 42 0 69 73 53 67 56 31 39 84 62 13 66 71 68 46 95 80 23 64 91 77 55 98 40 72 35 58 11 49 38 48 25 57 36 20 63 1 65 75 29 89 2 44 30 60 70 26 34 94 59 27 54 97 41 12 5 4 9 50 6 47 83 96 22 76 90 79 93 37 7 92 87 88 14 28 99 61 52 32 24 8 74 
60 62 54 1 5 22 70 31 72 37 80 50 32 33 10 85 48 96 26 77 24 36 61 82 25 13 69 67 75 84 56 94 51 38 42 28 6 98 45 8 68 46 49 2 19 92 65 87 39 35 17 11 9 41 44 63 73 18 97 58 55 16 59 34 52 14 4 90 15 93 40 99 53 27 83 47 20 86 29 91 0 7 89 21 43 78 88 71 57 74 3 81 66 79 76 12 23 64 30 95 
82 71 92 37 63 91 14 15 66 51 68 41 42 96 95 24 73 46 0 40 77 11 94 32 36 43 44 39 85 8 87 88 28 50 57 29 98 99 19 90 3 25 86 17 9 52 13 31 47 7 64 79 27 30 35 45 81 84 54 1 59 83 74 78 67 70 60 12 93 38 5 76 20 23 75 22 56 62 65 97 6 53 34 21 80 10 48 61 16 49 18 89 69 72 26 33 55 58 2 4 
79 39 35 98 77 71 45 54 76 36 42 7 94 48 34 99 73 69 8 67 72 25 11 32 40 70 84 28 3 17 66 65 97 81 56 13 62 29 85 26 60 90 19 18 58 68 4 14 63 59 52 75 50 92 47 88 89 78 41 12 38 20 83 55 5 31 96 15 27 57 23 43 21 6 33 10 9 2 86 0 95 64 24 93 74 53 49 80 30 51 91 37 44 1 61 87 82 16 46 22 
36 70 37 16 63 27 90 81 17 32 6 11 44 60 42 20 47 25 0 97 95 8 57 51 85 52 12 56 84 86 54 61 24 19 59 28 46 26 75 13 67 1 41 82 71 72 48 92 33 69 77 78 23 83 35 10 88 80 91 2 94 7 66 22 65 4 49 14 93 43 29 76 34 96 62 45 53 73 64 74 87 31 30 99 68 38 50 15 3 21 58 79 40 9 5 39 18 55 89 98 
0 31 29 85 39 84 88 82 96 38 33 17 59 65 3 7 1 15 98 50 26 75 62 80 8 2 68 78 20 16 4 61 83 22 48 55 11 40 32 44 5 52 54 76 56 60 27 81 94 77 6 63 74 73 93 67 23 12 9 97 49 30 19 42 41 10 70 92 24 57 13 99 14 51 89 18 58 87 45 21 25 37 72 46 43 28 34 86 35 90 36 66 71 47 53 64 69 79 91 95 
26 72 14 16 53 18 21 87 64 15 32 10 94 34 2 23 20 67 63 47 84 91 22 66 74 39 3 82 41 1 81 54 76 97 58 4 79 56 33 36 46 9 49 65 78 31 17 96 30 99 55 35 6 44 29 62 89 7 42 27 71 45 51 8 80 69 57 19 68 70 92 93 52 37 60 5 12 61 85 77 38 90 48 98 13 83 0 24 28 59 75 95 40 11 50 43 86 88 25 73 
49 81 31 39 29 36 7 35 64 11 99 63 79 95 55 21 19 60 75 67 37 42 27 3 72 98 92 57 74 85 84 14 77 40 69 73 44 23 1 87 47 54 41 93 80 20 97 61 91 4 96 56 52 12 18 94 50 8 33 45 68 53 30 83 38 65 48 28 88 2 90 78 51 89 76 86 13 26 9 66 25 62 82 6 59 71 15 46 22 16 70 58 32 17 43 34 5 24 10 0 
92 76 68 3 17 59 0 28 61 58 25 12 38 88 34 33 49 60 71 27 42 87 37 73 1 91 80 10 55 50 18 15 67 4 19 6 30 69 94 44 89 43 35 39 77 63 46 70 56 21 86 41 32 2 23 54 81 74 98 40 84 78 5 62 13 36 29 31 57 90 82 66 48 93 9 75 72 47 51 97 64 7 20 65 8 52 96 16 26 99 22 53 11 85 83 45 14 79 24 95 
34 63 16 59 14 84 53 19 94 33 49 31 72 79 12 9 2 57 0 68 21 99 74 67 30 81 65 35 88 76 61 25 40 92 95 6 71 69 78 47 23 24 17 73 51 50 45 10 56 48 70 32 28 5 90 98 41 27 4 1 39 46 62 36 82 26 85 91 44 58 52 37 8 97 15 42 66 83 87 11 77 18 54 60 93 96 13 29 20 75 43 89 80 22 38 86 55 64 3 7 
55 41 95 37 35 10 51 27 16 2 6 98 23 14 25 46 31 38 39 67 50 36 60 45 89 7 72 69 84 71 93 59 56 85 65 21 58 34 92 61 63 26 17 53 91 57 43 15 28 76 8 90 78 0 32 11 48 49 66 75 88 4 81 30 73 87 3 22 12 86 19 44 83 94 64 20 52 74 96 9 79 54 29 5 24 42 77 18 99 80 62 68 40 33 97 1 82 70 47 13 
4 73 74 31 38 79 55 19 96 17 60 76 32 54 71 57 87 84 89 10 5 34 51 94 45 69 92 13 47 50 62 59 42 23 8 41 56 14 27 77 37 26 85 65 81 70 66 1 28 25 7 46 80 11 95 20 64 43 75 82 9 6 98 88 0 29 97 21 16 58 83 63 52 35 61 18 48 90 30 40 22 93 2 91 33 67 15 36 3 68 49 12 72 44 24 99 39 53 78 86 
47 81 58 98 61 80 90 54 15 8 19 17 3 57 87 84 83 27 24 33 35 14 62 46 51 65 4 68 48 21 82 55 79 36 72 73 40 11 89 6 77 13 37 34 76 91 99 5 93 70 95 18 25 75 31 39 7 69 64 44 63 22 1 10 97 59 56 42 86 67 50 71 45 96 78 88 32 52 12 29 28 2 94 23 60 16 9 53 92 30 66 85 38 20 74 41 49 43 26 0 
67 87 84 51 73 27 97 64 36 28 85 80 33 8 22 65 99 63 16 5 9 41 68 25 37 21 42 86 32 52 40 53 34 62 81 44 60 69 49 45 79 59 66 11 98 77 6 0 50 43 29 74 47 94 78 72 71 39 96 24 13 26 75 83 57 82 58 54 14 1 48 18 95 12 3 70 93 38 30 92 20 31 17 23 46 7 91 4 90 88 61 55 89 76 56 15 35 19 10 2 
33 35 17 69 89 8 97 75 31 36 49 52 53 7 51 98 86 93 62 28 66 94 39 58 83 76 59 84 81 24 3 72 68 70 1 23 80 79 56 25 18 92 11 77 74 38 42 54 9 96 60 29 71 91 50 95 2 0 64 20 27 73 61 16 57 10 40 5 55 22 41 21 48 90 15 32 46 26 6 45 67 43 37 88 30 87 14 44 12 13 47 85 78 63 19 82 34 65 99 4 
93 24 68 12 35 30 39 72 50 27 38 17 66 67 52 41 97 88 42 6 44 70 65 60 10 22 53 14 48 9 80 71 51 33 89 61 55 96 58 82 56 34 99 13 43 20 64 95 46 73 86 29 75 78 98 76 21 0 91 81 83 23 16 1 90 45 94 63 3 8 7 92 84 19 87 59 31 85 47 74 49 32 69 79 4 15 57 77 40 11 25 37 5 36 28 54 18 2 62 26 
60 87 8 95 45 89 83 24 34 76 54 9 22 27 98 64 10 70 48 5 74 58 40 82 36 46 56 17 94 72 69 43 4 19 30 68 67 80 88 31 32 3 91 81 61 35 55 97 57 73 16 14 92 65 63 11 41 96 18 99 44 78 66 12 85 37 7 51 29 71 53 77 23 15 21 38 84 33 90 28 0 47 75 20 62 26 50 42 59 86 1 49 39 6 25 2 13 93 52 79 
53 99 31 19 80 82 47 57 48 25 60 87 22 65 85 49 17 51 7 67 14 81 12 11 29 72 30 74 75 13 3 98 15 45 97 95 23 32 86 6 89 41 46 2 78 76 96 20 68 52 5 62 59 93 94 21 43 66 38 18 35 33 56 58 44 8 28 92 40 71 77 90 61 91 37 9 24 88 84 70 55 4 83 42 69 39 16 73 34 79 26 64 50 27 63 36 1 54 10 0 
56 35 32 42 60 96 91 20 12 59 28 92 26 45 0 24 40 77 14 99 71 98 17 62 93 74 78 61 9 3 66 50 6 57 4 2 86 83 34 33 90 18 67 89 54 81 47 88 73 70 13 63 19 80 27 52 49 1 75 30 39 37 87 53 22 31 11 8 76 65 85 36 16 97 51 25 41 55 10 58 82 79 44 23 48 72 29 7 69 21 68 95 5 64 43 38 15 94 46 84 
60 44 92 5 83 41 35 82 87 67 89 84 0 16 96 18 24 59 33 53 1 74 77 69 50 45 90 23 11 32 28 15 48 63 66 14 26 99 73 2 36 72 25 6 86 3 80 85 65 58 21 81 62 70 71 76 4 94 43 57 7 52 10 78 27 51 97 34 46 42 61 40 68 55 31 37 29 47 8 98 9 17 49 93 12 38 54 88 75 13 19 95 20 91 39 22 30 79 56 64 
60 44 92 5 83 41 35 82 87 67 89 84 0 16 96 18 24 59 33 53 1 74 77 69 50 45 90 23 11 32 28 15 48 63 66 14 26 99 73 2 36 72 25 6 86 3 80 85 65 58 21 81 62 70 71 76 4 94 43 57 7 52 10 78 27 51 97 34 46 42 61 40 68 55 31 37 29 47 8 98 9 17 49 93 12 38 54 88 75 13 19 95 20 91 39 22 30 79 56 64 
78 54 14 36 31 72 19 59 28 63 20 39 64 3 88 98 50 41 13 46 97 23 40 27 43 4 53 32 79 34 45 5 96 73 84 69 95 0 87 22 30 37 60 57 24 81 70 16 62 29 61 26 68 44 65 47 17 80 1 33 94 83 85 99 52 82 92 66 91 74 55 8 48 21 10 9 18 11 51 2 90 67 6 89 86 25 7 42 58 93 76 12 75 15 35 71 56 38 49 77 
30 88 63 9 6 64 20 46 47 61 69 82 60 11 78 57 7 28 87 8 90 92 52 99 29 39 24 77 10 41 31 62 74 58 83 85 12 13 68 17 49 66 67 3 15 22 16 65 84 70 55 32 18 40 95 36 26 53 19 76 80 4 56 48 23 59 45 73 25 38 0 37 33 34 79 27 42 94 54 43 72 14 50 98 51 1 75 35 86 97 2 91 93 96 5 21 81 44 71 89 
22 2 42 24 78 87 94 12 34 38 3 21 4 96 95 62 33 43 35 90 55 28 27 86 9 65 52 16 5 84 19 76 31 69 6 14 20 75 70 99 7 74 92 77 50 8 45 51 88 67 48 81 57 85 63 10 11 91 60 61 13 53 25 98 15 40 56 17 39 44 18 83 93 72 73 82 23 37 26 36 29 47 30 1 68 41 89 64 46 49 54 58 59 80 66 71 79 97 0 32 
15 29 16 13 83 34 52 39 36 65 63 24 47 67 14 85 54 75 26 92 19 20 43 69 11 57 7 1 80 64 25 49 32 91 95 6 77 2 5 61 94 41 97 87 31 90 40 10 62 44 35 37 71 0 73 27 89 38 4 58 48 82 33 22 60 53 68 88 55 12 86 96 59 76 21 70 30 45 81 8 79 66 9 18 99 74 17 50 72 56 51 23 98 28 42 3 93 78 84 46 
70 79 0 31 32 53 71 16 15 24 67 89 90 83 46 76 49 92 36 18 38 54 77 72 63 58 62 29 7 91 1 87 20 23 17 95 98 64 73 14 47 43 25 21 27 82 78 9 61 96 40 2 59 41 33 35 80 94 3 69 74 51 30 28 12 4 45 42 97 52 5 55 56 60 34 85 22 66 57 6 50 75 37 88 93 8 10 68 48 13 11 84 86 19 26 39 81 44 65 99 
97 98 91 85 13 38 79 23 22 31 7 42 60 63 32 55 58 21 17 33 95 36 84 54 49 28 64 68 83 41 8 96 16 93 47 2 19 10 82 5 65 52 92 67 39 75 46 62 77 25 90 81 26 61 44 12 18 66 14 37 89 72 99 20 70 15 40 88 43 71 24 86 73 87 51 78 48 80 30 27 74 94 29 57 59 34 35 3 1 69 53 56 45 0 6 11 9 50 76 4 
12 22 80 46 51 24 19 47 92 64 13 84 37 3 28 2 45 23 35 63 43 41 26 61 82 16 81 85 70 49 