90 86 3 59 17 15 91 27 64 50 51 88 11 71 77 89 6 98 95 24 8 42 0 40 32 45 94 35 23 2 10 97 41 54 76 68 33 55 79 66 49 21 38 56 18 58 34 48 52 83 81 19 22 93 4 12 96 9 5 16 85 99 65 70 13 62 26 92 63 14 31 37 47 36 20 84 44 80 60 28 53 82 61 7 46 69 57 43 25 30 1 74 67 87 39 78 72 73 75 29 
59 17 28 15 30 1 67 74 78 39 44 53 80 60 66 90 76 54 33 68 55 38 21 49 83 79 82 19 81 4 93 22 61 92 63 26 62 14 20 37 47 72 73 75 29 87 46 7 69 43 25 57 88 50 51 0 71 11 77 89 6 98 8 24 95 42 40 64 27 91 32 94 45 23 35 86 3 2 10 41 97 34 58 56 18 52 48 9 96 12 5 99 70 13 31 84 36 85 16 65 
76 54 35 3 59 28 17 94 32 91 30 1 74 31 62 26 13 70 99 65 85 16 5 93 4 22 61 92 63 14 53 80 60 82 79 81 52 83 49 21 38 48 58 34 9 96 12 19 66 90 86 23 33 68 55 56 18 97 41 10 2 6 98 89 77 11 51 50 42 0 40 27 64 15 69 46 7 87 67 39 78 47 37 20 84 44 36 72 73 75 29 88 57 43 25 71 8 24 95 45 
33 68 55 76 54 90 86 3 17 59 28 60 80 53 44 84 20 37 47 36 13 26 14 63 92 62 31 72 73 75 29 87 39 78 74 67 1 30 15 91 27 40 64 50 88 51 71 0 94 32 45 95 24 8 42 98 6 89 77 11 46 7 69 43 25 57 10 2 23 35 41 97 56 18 58 38 48 21 49 83 79 81 19 61 22 93 4 52 12 96 34 9 5 70 99 65 85 16 82 66 
29 87 36 78 74 67 1 30 15 91 32 94 17 59 28 60 80 53 44 39 37 31 20 14 63 82 81 49 21 52 83 48 38 58 56 18 34 9 96 5 93 22 61 65 85 16 99 70 26 13 62 92 19 4 12 79 66 90 3 86 35 76 68 33 54 55 97 41 2 10 23 24 8 95 42 40 0 27 64 51 50 25 43 69 7 46 57 88 11 77 89 98 6 71 45 84 47 72 73 75 
29 87 36 78 74 67 1 30 15 91 32 94 17 59 28 60 80 53 44 39 37 31 20 14 63 82 81 49 21 52 83 48 38 58 56 18 34 9 96 5 93 22 61 65 85 16 99 70 26 13 62 92 19 4 12 79 66 90 3 86 35 76 68 33 54 55 97 41 2 10 23 24 8 95 42 40 0 27 64 51 50 25 43 69 7 46 57 88 11 77 89 98 6 71 45 84 47 72 73 75 
83 79 58 34 56 18 55 68 2 10 41 97 33 23 45 32 94 86 3 35 90 76 54 38 49 21 48 9 12 93 22 61 92 63 14 26 13 62 70 99 65 85 16 96 5 4 19 82 44 80 60 53 39 36 47 37 31 84 20 78 74 67 87 29 72 73 75 30 1 43 69 46 7 57 51 50 88 11 77 89 6 98 71 0 40 8 24 95 42 17 91 27 64 25 15 28 59 66 81 52 
65 16 85 99 61 92 26 13 62 31 37 20 47 87 67 39 1 30 74 78 36 84 44 53 80 60 90 35 76 54 23 86 45 32 94 3 15 91 17 59 28 66 81 79 83 49 21 48 52 12 4 93 5 96 9 34 38 58 18 56 55 68 41 97 33 2 10 24 95 8 42 0 71 11 77 89 6 98 40 27 25 43 69 7 46 57 88 51 50 64 72 73 75 29 63 70 22 19 82 14 
14 62 31 37 20 84 44 53 80 60 39 72 87 67 74 1 30 15 17 91 27 64 51 40 32 94 45 95 24 8 86 3 35 76 54 68 33 23 2 10 41 97 56 18 55 34 48 96 9 21 49 83 52 81 79 66 82 19 22 61 92 63 26 13 70 99 65 85 16 5 93 4 12 58 38 90 28 59 50 88 11 77 89 6 98 71 0 42 57 43 25 7 69 46 78 36 47 73 75 29 
77 11 88 50 51 57 43 25 64 40 27 91 32 94 45 86 3 35 90 66 79 81 19 4 93 22 61 92 63 14 84 44 72 73 87 1 30 15 17 59 80 60 39 78 67 74 36 47 20 37 31 62 13 26 70 99 16 85 65 5 12 9 34 58 56 18 55 68 33 97 41 10 2 23 76 54 49 21 38 48 52 83 82 96 53 28 29 75 46 7 69 89 6 98 42 8 24 95 0 71 
44 53 80 60 28 59 17 94 32 90 48 9 34 58 56 18 68 55 41 97 33 54 76 23 35 3 86 45 2 10 24 95 8 42 71 0 40 27 91 15 1 30 67 74 78 36 47 31 37 20 84 14 62 26 13 70 99 65 85 16 5 93 4 12 96 19 81 82 66 79 83 49 21 38 52 22 61 92 63 89 6 98 11 77 51 50 64 29 75 73 72 87 46 7 69 43 25 57 88 39 
44 53 80 60 28 59 17 94 32 90 48 9 34 58 56 18 68 55 41 97 33 54 76 23 35 3 86 45 2 10 24 95 8 42 71 0 40 27 91 15 1 30 67 74 78 36 47 31 37 20 84 14 62 26 13 70 99 65 85 16 5 93 4 12 96 19 81 82 66 79 83 49 21 38 52 22 61 92 63 89 6 98 11 77 51 50 64 29 75 73 72 87 46 7 69 43 25 57 88 39 
69 7 46 43 25 50 88 51 77 11 71 0 40 32 94 45 76 54 68 10 2 23 41 97 55 56 18 21 49 83 81 19 61 92 63 14 26 13 62 31 37 47 36 78 74 67 80 53 44 60 28 59 17 91 27 64 15 1 30 87 72 73 29 75 20 84 39 66 79 52 48 38 58 34 9 12 96 4 93 22 5 85 16 65 99 70 82 90 33 35 86 3 95 42 8 24 98 6 89 57 
55 21 49 83 79 90 66 80 53 44 84 20 31 37 47 36 78 74 67 30 1 69 43 25 15 91 27 64 50 51 88 57 46 7 87 29 72 73 75 39 60 28 94 45 95 8 24 42 0 71 11 77 89 6 98 40 23 33 68 97 41 10 2 35 86 32 17 59 3 76 54 58 38 34 48 52 81 19 22 93 4 12 9 96 5 61 92 70 65 99 85 16 13 26 62 14 63 82 56 18 
55 21 49 83 79 90 66 80 53 44 84 20 31 37 47 36 78 74 67 30 1 69 43 25 15 91 27 64 50 51 88 57 46 7 87 29 72 73 75 39 60 28 94 45 95 8 24 42 0 71 11 77 89 6 98 40 23 33 68 97 41 10 2 35 86 32 17 59 3 76 54 58 38 34 48 52 81 19 22 93 4 12 9 96 5 61 92 70 65 99 85 16 13 26 62 14 63 82 56 18 
31 47 36 78 74 67 30 1 39 15 59 17 91 27 0 40 32 94 86 45 23 35 3 76 54 68 97 41 10 2 24 8 95 42 71 51 11 77 89 6 98 50 88 57 43 25 64 69 46 7 87 80 44 84 20 37 63 14 92 61 22 19 81 52 83 4 93 12 96 9 21 49 28 60 53 82 79 66 90 33 55 18 56 38 58 34 48 5 85 16 65 99 70 26 13 62 73 72 29 75 
31 47 36 78 74 67 30 1 39 15 59 17 91 27 0 40 32 94 86 45 23 35 3 76 54 68 97 41 10 2 24 8 95 42 71 51 11 77 89 6 98 50 88 57 43 25 64 69 46 7 87 80 44 84 20 37 63 14 92 61 22 19 81 52 83 4 93 12 96 9 21 49 28 60 53 82 79 66 90 33 55 18 56 38 58 34 48 5 85 16 65 99 70 26 13 62 73 72 29 75 
83 21 34 48 9 12 4 93 5 96 16 85 65 99 70 13 26 92 61 22 19 81 79 90 35 23 86 3 94 32 27 91 40 0 45 76 54 68 33 55 56 18 38 58 66 60 28 59 17 15 30 74 78 36 75 72 73 47 37 31 20 84 44 82 14 63 62 53 80 39 1 67 87 29 7 46 69 57 43 25 50 51 11 88 71 98 6 89 77 64 42 95 24 8 10 2 41 97 49 52 
24 8 95 45 32 94 86 3 35 23 2 10 68 33 54 76 90 79 83 19 61 22 93 5 4 12 96 9 34 58 38 56 55 97 41 18 48 21 49 52 81 82 66 53 84 80 60 44 59 28 78 39 1 30 15 27 64 57 50 51 88 43 25 74 67 87 7 69 46 72 29 73 75 47 37 31 62 26 13 70 99 65 85 16 92 63 14 36 20 17 91 40 42 0 71 11 77 89 6 98 
25 43 1 30 15 91 27 32 94 86 3 90 35 76 54 68 55 2 10 8 24 42 95 40 0 71 89 6 98 77 11 51 50 88 57 69 7 46 74 78 39 36 47 37 20 84 44 80 53 66 82 81 79 83 49 21 34 38 58 56 18 97 41 33 23 45 59 28 60 17 64 92 63 14 31 62 26 13 70 16 85 65 99 61 93 4 52 9 48 12 96 5 22 19 72 73 75 29 87 67 
49 21 38 56 18 58 34 48 9 83 52 81 79 19 22 93 4 12 96 5 16 85 99 65 61 92 13 70 20 84 44 53 80 60 28 72 73 75 29 87 67 74 39 78 36 47 37 31 62 26 63 14 82 66 90 76 33 68 55 54 35 23 45 17 59 94 3 86 32 40 27 91 15 7 46 43 25 64 50 51 88 57 69 1 30 0 42 95 24 8 71 11 77 89 6 98 2 10 41 97 
49 21 38 56 18 58 34 48 9 83 52 81 79 19 22 93 4 12 96 5 16 85 99 65 61 92 13 70 20 84 44 53 80 60 28 72 73 75 29 87 67 74 39 78 36 47 37 31 62 26 63 14 82 66 90 76 33 68 55 54 35 23 45 17 59 94 3 86 32 40 27 91 15 7 46 43 25 64 50 51 88 57 69 1 30 0 42 95 24 8 71 11 77 89 6 98 2 10 41 97 
48 38 58 34 9 96 12 4 93 22 61 65 16 85 99 70 13 26 62 31 37 47 72 73 75 29 87 67 74 78 44 53 80 60 28 59 17 32 94 45 86 3 41 97 68 55 18 76 54 33 21 49 83 52 19 81 79 82 66 90 35 23 2 10 8 24 95 42 40 91 64 27 15 30 1 39 36 20 84 14 63 92 5 56 98 6 89 77 11 51 71 0 50 88 57 69 46 7 43 25 
35 86 3 59 17 28 60 80 53 44 39 30 1 74 67 78 36 20 84 63 92 61 22 4 12 19 93 5 90 76 54 33 68 55 56 18 58 38 48 21 49 83 52 81 79 82 14 62 13 26 70 99 65 16 85 96 9 34 66 91 27 69 57 88 50 51 11 77 98 6 89 71 0 40 42 24 8 95 2 10 41 97 23 94 32 15 64 25 43 46 7 87 29 75 73 72 47 37 31 45 
45 94 86 3 38 58 18 56 55 68 54 76 90 66 79 81 82 19 22 93 5 96 9 34 48 12 4 83 49 21 52 59 28 60 80 53 44 84 20 47 37 31 62 13 26 14 63 99 65 16 85 70 61 92 67 74 1 30 39 78 36 72 75 73 29 87 46 7 69 43 25 64 27 40 0 71 51 57 88 50 91 15 17 23 35 33 97 41 10 2 8 24 95 42 98 6 89 77 11 32 
45 94 86 3 90 35 23 33 54 76 49 21 83 52 81 79 66 80 53 44 28 59 17 32 91 27 40 30 1 47 37 20 92 63 14 84 36 78 74 67 87 72 73 75 29 7 46 69 11 51 50 43 25 64 57 88 71 77 89 98 6 42 0 95 24 8 10 2 41 97 68 55 18 56 58 34 38 48 12 4 5 96 9 82 19 22 93 61 85 16 65 99 70 13 26 62 31 39 60 15 
68 55 76 23 35 33 54 21 49 79 81 19 61 60 80 53 82 66 90 3 86 17 15 30 1 74 78 36 84 44 39 28 59 48 34 58 38 9 12 4 93 22 5 65 16 85 99 70 14 63 92 26 13 62 31 37 47 20 72 73 75 29 87 67 46 7 69 43 25 64 27 91 94 32 45 98 6 89 77 11 88 57 51 50 71 0 40 42 95 8 24 10 2 97 41 56 18 83 52 96 
20 37 47 36 78 74 1 30 15 91 27 64 25 43 7 46 69 57 88 50 51 71 77 11 89 6 98 40 0 42 95 24 8 10 2 86 45 32 94 59 80 53 63 14 84 44 39 28 60 79 81 19 22 61 92 13 62 26 70 99 65 16 85 93 5 96 12 4 52 48 34 38 58 18 56 55 97 41 33 68 54 76 83 49 21 9 82 66 90 3 23 35 17 87 67 72 73 75 29 31 
20 37 47 36 78 74 1 30 15 91 27 64 25 43 7 46 69 57 88 50 51 71 77 11 89 6 98 40 0 42 95 24 8 10 2 86 45 32 94 59 80 53 63 14 84 44 39 28 60 79 81 19 22 61 92 13 62 26 70 99 65 16 85 93 5 96 12 4 52 48 34 38 58 18 56 55 97 41 33 68 54 76 83 49 21 9 82 66 90 3 23 35 17 87 67 72 73 75 29 31 
67 74 78 36 72 73 75 29 69 7 46 57 43 25 64 27 0 11 77 98 6 89 50 51 88 71 42 95 8 24 32 94 17 59 28 60 80 82 79 22 4 12 96 5 93 19 81 52 83 21 49 38 58 34 48 9 97 41 33 54 68 55 18 56 76 35 86 3 45 23 2 10 90 66 53 84 44 20 37 47 31 62 14 26 13 70 99 65 85 16 61 92 63 39 1 30 40 91 15 87 
55 68 33 23 86 3 35 2 45 32 94 91 27 64 50 51 88 57 69 46 7 43 25 74 67 87 72 73 75 29 36 20 47 37 31 14 26 13 62 5 93 22 61 63 92 70 99 65 16 85 4 12 9 96 34 58 38 48 21 49 76 54 90 66 79 83 81 52 19 82 80 53 44 84 39 78 1 30 15 17 59 28 60 11 71 0 98 6 89 77 40 42 8 24 95 10 97 41 18 56 
63 92 61 22 93 4 52 81 79 83 21 48 9 34 58 38 35 86 3 94 32 40 0 71 51 50 64 91 27 88 11 77 89 98 6 42 8 24 95 45 90 17 59 15 28 60 53 80 44 84 20 37 47 36 78 74 1 46 7 69 57 43 25 30 39 67 87 72 73 75 29 31 13 26 62 14 70 99 85 16 65 5 12 96 49 76 54 68 55 33 23 2 10 41 97 18 56 82 66 19 
18 56 58 34 9 96 4 12 93 22 61 92 63 19 82 81 83 48 38 21 49 52 79 90 35 86 3 45 94 32 17 59 28 80 60 44 84 31 37 47 20 36 78 74 30 1 67 39 53 66 76 54 33 68 55 97 41 23 2 10 24 8 95 42 0 40 27 50 25 64 88 51 11 77 98 6 89 71 91 15 43 69 57 46 7 87 29 72 73 75 14 62 26 13 70 99 65 85 16 5 
12 4 93 19 22 61 92 63 14 26 13 62 31 37 47 36 78 74 1 30 67 87 29 75 73 72 39 44 53 80 60 28 17 59 3 86 23 2 10 33 68 55 56 18 58 34 38 21 48 49 83 81 52 79 82 66 90 35 94 32 27 91 15 25 43 69 46 7 57 88 50 51 11 77 89 98 6 0 40 42 95 24 8 45 54 76 9 96 5 16 85 65 99 70 84 20 64 71 41 97 
59 28 60 80 44 36 78 74 67 1 30 25 43 57 50 64 27 91 15 53 84 20 31 62 26 13 70 99 65 85 16 5 12 4 93 22 19 81 79 83 52 48 21 49 38 56 58 34 9 96 18 55 68 33 54 76 35 3 86 23 95 24 8 10 41 97 45 17 94 32 42 40 0 98 6 89 71 77 11 51 88 69 46 7 87 29 72 73 75 47 37 39 14 63 92 61 82 66 90 2 
7 46 69 57 88 50 51 11 77 89 6 98 95 24 8 45 94 17 15 59 28 60 53 80 44 14 63 26 13 70 99 65 85 16 22 19 82 81 79 66 32 3 90 35 86 23 97 41 33 54 68 55 56 18 58 34 38 48 12 93 4 5 96 9 52 83 49 21 76 2 10 42 0 71 64 40 27 91 30 1 74 78 67 87 29 73 72 75 37 47 36 84 20 31 62 92 61 39 43 25 
30 1 67 74 78 36 47 37 31 62 13 92 63 14 26 70 65 85 16 99 19 4 12 96 5 93 22 61 81 79 66 90 76 54 68 33 2 10 35 86 94 32 45 23 3 17 59 28 60 80 44 84 20 39 53 82 83 21 49 48 34 9 52 38 58 18 56 55 97 41 8 24 95 42 40 27 91 0 50 64 25 43 69 57 88 11 77 51 71 89 98 6 15 7 46 87 29 72 73 75 
58 38 48 34 9 96 12 4 22 61 92 63 14 62 26 13 70 99 65 85 16 5 93 19 81 79 66 3 86 94 32 45 23 33 41 97 55 68 54 76 90 35 60 44 53 80 59 28 64 50 51 77 71 0 40 27 91 17 15 30 1 39 20 84 36 47 37 31 73 72 29 75 87 78 74 67 46 7 69 43 57 88 25 89 6 98 11 42 95 24 8 2 10 56 18 21 49 83 52 82 
0 71 11 77 88 50 51 64 27 91 15 1 74 67 87 72 29 75 73 47 37 31 62 26 13 70 99 65 85 16 61 22 19 92 63 14 20 84 44 80 53 60 28 32 94 35 86 23 3 59 17 30 25 43 69 57 46 7 36 78 39 82 81 66 79 90 83 52 12 4 93 5 96 9 48 38 56 18 55 68 33 54 76 34 58 21 49 10 2 41 97 42 8 24 95 45 40 98 6 89 
8 24 95 42 71 50 64 25 43 57 69 7 46 67 74 78 39 1 30 27 91 17 3 35 23 32 45 0 40 15 28 60 80 53 44 84 20 14 62 31 37 47 36 87 29 75 73 72 88 51 11 77 89 6 98 2 10 68 33 41 97 55 56 18 38 21 49 83 12 4 93 22 61 92 63 26 13 16 85 65 99 70 79 81 52 48 34 58 9 96 5 19 82 66 90 59 86 94 76 54 
27 50 51 71 0 40 32 94 45 23 86 90 3 35 76 54 33 55 48 52 9 4 81 79 83 49 21 38 58 56 18 97 41 68 10 2 24 8 95 42 98 6 89 11 77 88 57 43 25 30 1 74 67 87 29 72 73 78 36 47 37 31 62 13 26 92 61 22 93 5 19 82 80 53 44 84 39 60 28 59 17 15 91 64 69 46 7 75 20 14 63 70 99 65 85 16 96 12 34 66 
36 78 74 87 67 1 30 39 44 60 28 59 17 27 91 15 23 86 76 54 33 41 97 68 55 56 18 34 58 38 21 49 48 9 96 52 83 79 81 82 66 90 35 3 94 32 45 2 10 24 8 95 42 40 0 71 51 50 88 57 64 25 43 69 46 7 72 29 75 73 84 20 47 37 31 62 26 92 63 14 13 70 99 65 16 85 19 61 22 93 4 12 5 80 53 6 98 89 77 11 
9 34 58 56 18 55 68 33 41 97 54 76 90 86 3 35 23 2 10 24 8 95 42 98 6 89 77 11 88 57 69 43 25 64 27 40 0 71 51 50 91 15 66 79 81 4 12 93 19 22 70 99 65 16 85 61 92 63 14 62 26 13 31 37 47 36 20 84 39 78 74 67 1 30 46 7 87 72 73 75 29 60 80 53 44 32 45 94 17 59 28 21 83 52 49 48 38 96 5 82 
55 68 33 41 97 10 2 45 23 35 86 56 18 58 34 38 21 49 83 79 81 19 22 93 4 12 96 9 48 52 54 76 66 90 3 59 17 94 32 27 91 1 78 67 87 29 75 72 73 47 37 20 31 26 13 62 63 14 92 70 99 65 16 85 5 61 82 44 53 80 60 28 39 36 84 74 30 25 43 7 46 69 57 88 51 50 64 40 0 71 11 77 89 6 98 95 8 24 42 15 
67 1 74 78 36 47 37 31 20 84 44 60 28 80 53 63 14 62 92 19 81 83 49 21 38 58 34 18 56 55 54 76 35 90 17 59 66 79 9 96 12 4 93 22 61 82 26 13 70 99 65 16 85 5 52 48 68 41 97 33 10 2 24 95 45 3 86 94 32 40 27 64 91 15 43 25 71 0 23 8 42 98 6 89 77 11 88 51 50 57 69 7 46 87 29 75 73 72 39 30 
27 40 0 71 89 6 98 77 11 51 50 88 57 69 46 7 67 74 39 78 36 73 72 87 29 75 84 44 53 80 66 79 81 12 96 5 61 92 63 14 26 62 13 70 99 65 85 16 22 93 4 19 52 83 21 49 48 9 34 58 38 18 56 55 54 33 68 97 41 10 24 8 95 42 2 23 35 90 76 86 3 94 17 59 28 60 91 32 45 15 30 1 25 64 43 37 31 47 20 82 
47 37 20 84 80 53 44 72 73 75 29 87 67 74 78 36 60 28 59 17 27 91 15 30 1 39 43 25 50 51 71 0 40 64 94 32 45 24 8 95 2 10 41 97 68 33 54 76 55 18 56 58 38 21 49 83 79 82 19 93 4 22 61 92 63 14 26 62 13 70 99 65 85 16 5 12 96 9 34 48 52 81 66 90 35 86 3 23 42 98 6 89 77 11 88 57 69 46 7 31 
78 67 74 1 39 44 84 20 36 47 37 31 63 14 66 90 35 86 3 23 45 2 10 24 8 95 42 0 40 27 91 15 64 50 51 88 11 71 77 89 6 98 25 43 69 57 7 46 87 72 73 75 29 60 80 53 82 19 81 79 83 52 48 38 21 58 34 9 4 93 22 61 92 26 13 62 70 99 65 85 16 5 96 12 55 56 76 54 68 33 97 41 18 49 59 17 94 32 28 30 
26 13 61 22 93 4 12 96 9 34 48 38 58 18 56 55 68 54 76 35 90 3 86 94 32 91 27 40 0 71 51 50 57 88 69 7 46 36 20 84 44 60 28 59 17 30 1 74 67 87 78 39 15 25 64 43 11 77 89 6 98 42 95 10 2 23 45 8 24 41 33 97 21 49 83 79 81 19 52 5 99 85 16 65 70 63 14 53 80 66 82 92 62 31 37 47 72 73 75 29 
57 69 46 7 43 25 30 1 17 59 28 60 80 53 44 84 20 72 73 37 31 13 26 99 65 16 85 70 92 63 14 22 5 12 4 93 81 79 83 52 9 96 34 48 49 21 38 58 56 18 55 68 54 76 90 35 86 3 23 45 94 32 91 27 64 40 0 71 51 88 50 11 77 89 6 98 42 95 8 24 2 10 97 41 33 66 82 19 61 62 47 36 67 74 78 87 29 75 39 15 
81 83 52 4 12 9 34 48 38 21 49 79 82 22 93 19 61 70 99 65 16 85 5 96 56 18 58 54 76 66 3 86 35 59 17 94 45 32 40 27 91 15 28 60 80 53 44 84 14 26 13 62 31 37 20 47 36 78 39 1 30 25 43 88 57 69 46 7 67 74 72 73 75 29 87 64 50 51 11 77 89 98 6 0 71 42 95 24 8 2 10 41 97 68 33 55 23 90 92 63 
14 63 92 61 22 19 52 48 56 18 38 58 34 16 85 65 99 70 13 26 31 37 47 36 72 73 75 29 87 67 74 78 20 84 44 53 80 60 28 59 17 94 32 45 86 3 90 35 81 79 83 4 93 5 12 96 9 21 49 76 54 68 33 97 41 42 8 24 95 0 71 11 50 88 57 64 25 43 69 7 46 30 1 39 15 91 27 40 51 77 89 6 98 10 2 23 55 66 82 62 
4 93 22 61 92 26 13 62 53 44 80 60 39 30 15 25 43 57 88 50 64 51 71 0 45 33 68 55 56 18 38 58 48 9 34 83 49 21 54 76 90 3 86 35 23 2 10 41 97 52 81 79 66 59 28 17 94 32 91 27 40 24 8 95 42 98 6 89 77 11 69 7 46 1 74 67 78 36 72 29 73 75 87 47 37 31 20 84 14 63 82 19 65 16 85 99 70 12 96 5 
4 93 22 61 92 26 13 62 53 44 80 60 39 30 15 25 43 57 88 50 64 51 71 0 45 33 68 55 56 18 38 58 48 9 34 83 49 21 54 76 90 3 86 35 23 2 10 41 97 52 81 79 66 59 28 17 94 32 91 27 40 24 8 95 42 98 6 89 77 11 69 7 46 1 74 67 78 36 72 29 73 75 87 47 37 31 20 84 14 63 82 19 65 16 85 99 70 12 96 5 
14 62 31 20 37 47 36 78 53 80 60 28 66 17 94 32 0 6 98 42 8 24 95 45 3 86 35 90 76 54 55 68 33 23 2 10 41 97 18 56 58 21 49 52 9 48 38 34 83 4 12 96 5 93 22 61 92 63 26 13 70 65 99 85 16 19 81 79 82 44 39 1 30 59 27 91 15 25 43 69 40 64 50 88 51 71 77 11 89 57 46 7 67 74 87 72 73 75 29 84 
16 85 65 99 70 22 61 53 84 20 47 37 31 62 26 13 92 63 14 44 39 74 67 87 72 73 75 29 78 36 1 30 43 25 15 94 32 40 0 71 77 11 88 51 50 64 27 91 17 59 28 60 80 82 19 81 79 83 49 21 38 58 56 18 55 68 54 33 23 2 10 3 35 86 45 8 24 95 42 89 6 98 57 69 46 7 41 97 76 90 66 93 4 12 96 52 9 48 34 5 
69 7 46 43 25 50 88 51 77 11 71 0 40 32 94 45 76 54 68 10 2 23 41 97 55 56 18 21 49 83 81 19 61 92 63 14 26 13 62 31 37 47 36 78 74 67 80 53 44 60 28 59 17 91 27 64 15 1 30 87 72 73 29 75 20 84 39 66 79 52 48 38 58 34 9 12 96 4 93 22 5 85 16 65 99 70 82 90 33 35 86 3 95 42 8 24 98 6 89 57 
8 24 95 0 40 27 15 91 86 3 45 2 10 33 54 68 38 48 21 90 35 23 32 94 17 59 28 60 80 53 44 84 20 47 37 31 62 14 63 92 70 13 26 61 22 93 5 16 85 99 65 49 83 79 66 82 81 19 4 52 12 96 9 34 58 56 18 55 76 97 41 42 98 6 89 77 11 51 88 57 43 25 64 71 50 69 46 7 67 74 78 39 36 72 73 75 29 87 1 30 
13 61 92 26 63 53 80 60 44 84 20 37 47 31 62 14 82 81 79 66 90 3 17 91 27 32 94 86 23 2 10 68 55 56 18 58 38 34 9 12 96 5 93 4 22 19 52 49 21 48 83 76 35 54 33 41 97 45 40 0 71 11 77 89 6 98 24 8 95 42 43 25 64 51 88 50 57 69 7 46 67 74 30 1 87 29 72 75 73 36 78 39 28 59 15 16 85 65 99 70 
85 16 65 99 70 13 26 62 31 37 47 36 20 84 44 80 60 28 59 17 32 94 45 91 15 30 1 74 67 46 7 69 43 25 64 27 40 0 71 89 6 98 51 11 88 57 77 50 42 95 8 24 2 10 41 97 68 33 76 54 35 23 86 3 90 66 82 19 93 5 4 81 83 52 9 96 12 79 49 21 38 58 34 48 55 18 56 22 61 92 63 14 53 39 73 72 87 78 29 75 
81 79 66 90 3 86 23 35 76 54 33 68 55 56 58 9 12 4 52 83 49 21 48 38 34 18 97 41 2 10 24 8 95 42 40 51 11 77 71 98 6 89 50 88 43 25 64 27 91 59 28 60 80 53 84 44 63 92 61 62 31 47 37 20 36 39 74 67 87 72 73 78 75 29 46 7 69 57 1 30 15 17 94 32 45 0 82 19 22 93 5 96 16 85 65 99 70 13 26 14 
82 79 49 21 38 56 18 58 68 33 54 76 83 52 12 4 22 19 61 92 63 31 37 47 36 74 78 39 1 30 91 27 64 25 88 69 46 7 67 87 72 75 73 29 43 57 50 51 71 11 77 89 6 98 0 40 42 95 24 8 2 10 41 97 55 34 48 9 96 5 93 26 13 99 65 85 16 70 62 14 53 80 60 44 84 20 81 66 90 35 86 3 17 59 28 15 94 32 45 23 
47 37 31 14 26 62 13 70 99 65 16 85 93 22 4 12 96 5 61 92 63 53 80 60 28 59 17 91 15 27 40 0 42 95 24 8 45 86 23 35 3 94 32 90 66 79 81 19 82 84 20 36 78 74 67 87 29 75 73 72 1 39 44 30 46 7 69 43 57 50 77 89 98 6 71 11 51 64 25 88 2 10 41 97 68 33 54 76 55 18 56 58 38 21 49 83 52 48 34 9 
69 57 50 51 88 11 77 89 6 98 71 0 40 27 30 1 67 43 25 64 91 15 28 60 80 53 44 84 20 47 37 31 62 13 26 14 63 92 70 99 65 85 16 61 4 19 22 93 5 12 96 9 34 48 52 83 81 79 66 82 17 59 94 45 32 42 8 95 24 2 10 3 86 90 49 21 38 58 56 18 76 54 68 33 23 35 55 41 97 7 46 29 72 73 75 87 78 74 39 36 
7 46 69 43 25 64 51 50 88 57 32 45 3 35 86 2 95 24 8 6 98 71 11 77 89 42 40 27 91 15 17 59 28 60 80 53 44 84 20 47 37 31 73 75 29 72 87 67 1 30 39 74 78 36 66 79 82 81 83 52 9 12 96 5 93 4 22 92 63 14 26 13 62 70 99 65 16 85 61 19 49 21 48 34 58 38 56 18 33 54 76 55 68 97 41 10 23 90 94 0 
32 45 94 59 28 15 30 1 74 78 36 20 84 44 80 53 60 66 35 86 3 90 2 10 41 97 33 68 54 76 55 21 49 83 79 4 93 5 9 34 18 56 58 38 48 52 81 19 82 12 96 16 85 65 99 70 61 22 92 63 14 26 13 62 31 37 47 73 75 72 29 87 67 46 7 69 57 51 50 88 11 77 89 6 98 71 0 40 95 8 24 42 43 25 64 27 91 17 23 39 
62 13 26 14 63 61 22 93 4 12 19 81 52 83 49 21 48 34 58 38 56 18 55 68 54 33 97 41 10 2 24 8 95 42 40 0 89 98 6 71 51 88 11 77 50 64 25 43 69 46 7 57 78 39 84 44 60 80 53 82 79 66 17 59 28 30 1 74 67 87 72 29 73 75 47 37 31 36 20 15 91 27 32 94 3 86 45 23 35 76 90 92 70 99 65 16 85 96 5 9 
48 38 58 34 9 96 12 4 93 22 61 65 16 85 99 70 13 26 62 31 37 47 72 73 75 29 87 67 74 78 44 53 80 60 28 59 17 32 94 45 86 3 41 97 68 55 18 76 54 33 21 49 83 52 19 81 79 82 66 90 35 23 2 10 8 24 95 42 40 91 64 27 15 30 1 39 36 20 84 14 63 92 5 56 98 6 89 77 11 51 71 0 50 88 57 69 46 7 43 25 
1 74 67 78 39 60 15 91 17 94 32 40 27 64 50 51 11 77 71 0 42 95 24 8 33 23 86 3 35 76 49 21 38 48 58 34 9 96 4 12 82 66 79 81 19 93 22 61 92 13 26 62 31 37 47 20 84 36 87 72 73 75 29 7 46 98 6 89 88 57 43 25 69 59 28 80 53 44 14 63 70 99 65 16 85 5 52 83 90 54 56 18 55 68 41 97 10 2 45 30 
3 86 35 40 64 50 51 88 57 77 89 98 6 11 71 0 32 94 45 2 10 68 55 21 48 56 18 38 58 34 9 96 12 5 19 81 79 66 59 17 28 60 80 44 53 84 47 37 31 62 26 13 70 99 65 85 16 61 92 63 14 20 36 78 74 67 1 30 15 91 27 25 43 46 7 69 87 72 73 75 29 39 76 54 97 41 33 23 24 95 8 42 49 83 52 4 93 22 82 90 
92 63 14 26 13 62 70 99 65 16 85 22 19 81 4 93 5 96 48 34 58 56 18 55 54 76 35 3 86 23 2 10 8 24 95 42 91 27 40 0 71 11 77 89 6 98 57 88 50 51 15 17 59 28 60 80 53 44 20 47 37 31 78 67 74 1 30 43 25 64 69 7 46 72 73 75 29 87 84 36 39 94 32 45 33 68 97 41 38 21 49 83 90 79 66 82 12 52 9 61 
26 14 63 92 44 53 80 84 20 47 37 31 62 13 70 99 65 85 16 22 93 4 19 81 79 83 49 21 86 3 17 32 45 94 52 34 58 56 18 38 48 9 12 96 5 66 59 28 60 74 67 1 30 25 43 69 7 46 87 29 73 75 72 78 36 39 15 91 27 64 50 51 88 57 11 77 89 6 98 71 0 40 95 24 8 42 2 10 68 23 35 76 54 33 41 97 55 90 82 61 
20 37 63 92 61 22 93 4 12 52 83 49 21 48 38 58 34 9 96 5 16 85 65 99 70 26 13 14 62 31 47 72 75 73 29 87 67 74 1 30 39 78 36 15 27 91 32 94 3 86 59 17 28 60 44 53 80 82 19 81 79 66 90 76 54 33 68 55 56 18 41 97 2 10 95 8 24 42 0 98 6 89 11 50 51 71 40 64 57 43 25 88 77 46 7 69 45 23 35 84 
90 66 79 81 82 80 53 44 84 20 14 26 63 92 61 22 19 4 12 52 83 49 21 48 9 96 5 34 38 58 56 18 55 54 33 68 97 41 10 2 45 86 23 35 3 59 91 27 43 25 64 50 51 71 98 6 89 77 11 88 57 67 74 1 30 15 94 32 95 24 8 42 0 40 17 28 60 39 78 36 47 37 31 62 13 70 99 65 16 85 93 87 73 75 29 72 7 46 69 76 
8 2 10 41 76 54 35 86 3 59 17 94 32 91 27 64 50 88 51 43 25 30 1 67 87 36 78 74 39 53 44 80 60 28 15 69 7 46 57 11 77 89 6 98 42 0 71 40 95 24 45 23 33 68 55 48 38 21 49 18 56 58 34 9 52 83 79 81 4 93 5 96 12 19 22 61 92 63 26 13 62 31 37 47 73 75 29 72 20 84 14 16 65 85 99 70 82 66 90 97 
97 41 2 10 94 17 45 32 91 27 40 0 42 95 24 8 98 6 89 11 51 50 64 57 88 43 25 69 7 46 67 74 78 39 44 84 47 37 20 36 72 73 75 29 87 1 30 15 28 60 80 53 82 66 90 35 86 3 33 68 54 34 38 48 52 83 49 21 76 55 56 18 58 9 96 12 4 93 22 61 92 63 14 31 62 26 13 70 99 65 85 16 5 19 81 79 23 59 77 71 
26 13 62 31 47 37 20 84 44 53 80 60 28 30 1 78 36 74 67 87 75 72 73 29 46 7 69 43 51 71 0 40 27 91 32 17 94 45 35 10 2 33 68 55 83 52 81 19 12 4 93 5 96 9 49 21 48 38 58 34 18 56 97 41 54 76 86 3 90 79 82 66 59 39 15 50 64 25 88 57 11 77 89 6 98 42 95 24 8 23 22 61 63 14 92 70 99 65 16 85 
11 77 89 6 98 0 40 27 91 15 28 60 80 53 44 84 20 36 78 39 1 30 43 25 50 51 88 57 69 7 46 67 29 73 75 72 87 74 59 17 3 23 94 32 45 64 71 42 95 8 24 10 2 33 68 97 41 76 54 35 86 66 79 81 82 19 22 16 85 65 99 70 13 26 62 31 37 47 14 63 92 61 4 93 5 96 12 52 83 9 58 18 56 55 21 49 90 48 34 38 
51 50 88 57 43 25 64 27 91 15 17 59 86 3 35 45 95 8 24 40 0 71 11 77 89 6 98 42 32 94 23 2 54 76 49 21 38 48 52 83 79 81 82 19 4 12 96 93 22 61 92 63 26 13 62 31 37 47 84 44 80 53 60 39 78 36 20 14 70 99 65 85 16 5 9 34 18 56 58 55 41 97 68 33 10 90 66 28 30 1 46 7 69 87 67 74 29 73 72 75 
51 50 88 57 43 25 64 27 91 15 17 59 86 3 35 45 95 8 24 40 0 71 11 77 89 6 98 42 32 94 23 2 54 76 49 21 38 48 52 83 79 81 82 19 4 12 96 93 22 61 92 63 26 13 62 31 37 47 84 44 80 53 60 39 78 36 20 14 70 99 65 85 16 5 9 34 18 56 58 55 41 97 68 33 10 90 66 28 30 1 46 7 69 87 67 74 29 73 72 75 
17 45 94 3 86 35 23 68 54 33 90 66 79 81 82 19 4 12 5 93 22 61 92 13 26 14 63 53 80 60 28 59 15 30 1 74 78 67 46 7 87 29 75 73 72 37 47 36 39 44 84 20 31 62 70 99 85 65 16 96 9 48 34 58 56 38 21 49 83 52 18 55 76 97 41 2 10 24 8 98 89 6 50 64 27 91 32 40 0 71 11 51 88 57 69 43 25 95 42 77 
50 51 11 77 0 89 6 98 42 8 24 95 45 94 32 2 10 97 41 33 68 55 56 18 58 34 38 21 49 83 52 79 81 19 12 93 4 22 61 92 63 14 20 47 37 31 62 13 26 70 99 65 85 16 5 96 9 48 59 76 54 82 66 23 35 90 86 3 17 15 91 27 40 71 64 25 43 88 57 69 46 7 67 30 1 74 28 60 80 53 44 84 36 72 29 75 73 87 78 39 
36 39 87 74 78 53 80 60 44 84 20 47 37 31 62 26 13 70 99 65 85 16 5 4 12 93 22 96 9 34 58 38 48 52 82 79 33 68 54 76 55 56 18 41 97 2 10 23 86 3 90 49 21 83 81 19 61 92 63 14 66 28 59 17 94 32 91 64 25 43 69 57 88 50 51 11 77 89 6 98 71 0 42 8 24 95 45 35 40 27 30 1 67 72 73 75 29 7 46 15 
38 58 34 48 23 41 97 68 54 76 35 3 86 94 32 91 27 30 1 67 74 78 39 44 84 53 80 60 28 15 17 59 90 66 52 81 19 22 5 93 61 92 13 26 14 63 62 31 37 47 36 20 87 29 75 73 72 7 46 69 43 25 64 50 51 88 57 11 77 89 6 98 0 40 71 42 95 8 24 2 45 10 33 56 18 55 21 49 9 96 12 4 79 83 82 70 99 65 85 16 
51 71 0 40 32 94 86 3 35 76 90 49 52 12 4 93 22 61 19 81 83 79 82 53 80 60 84 44 39 36 47 37 20 31 62 26 13 70 14 63 92 99 85 16 65 5 96 9 48 38 34 58 18 56 68 33 97 41 55 54 17 59 28 15 91 27 64 88 57 69 46 7 87 67 74 78 72 73 75 29 1 30 25 43 50 11 77 89 6 98 42 95 24 8 23 2 10 45 21 66 
51 71 0 40 32 94 86 3 35 76 90 49 52 12 4 93 22 61 19 81 83 79 82 53 80 60 84 44 39 36 47 37 20 31 62 26 13 70 14 63 92 99 85 16 65 5 96 9 48 38 34 58 18 56 68 33 97 41 55 54 17 59 28 15 91 27 64 88 57 69 46 7 87 67 74 78 72 73 75 29 1 30 25 43 50 11 77 89 6 98 42 95 24 8 23 2 10 45 21 66 
31 62 13 26 70 14 63 92 61 22 93 4 12 9 34 58 38 18 56 55 68 33 54 76 86 3 94 45 32 91 27 64 50 71 0 40 51 88 11 77 89 6 98 42 24 2 35 90 17 59 28 60 80 53 44 84 20 36 78 74 67 1 30 25 43 57 69 46 7 29 72 75 73 87 37 47 39 15 23 95 8 10 41 97 49 21 48 52 83 81 79 66 82 19 5 96 16 85 65 99 
44 53 84 20 36 39 78 37 47 31 62 13 26 63 14 92 61 93 4 19 83 81 79 66 49 21 38 58 34 12 96 9 48 52 55 68 54 76 90 86 23 35 3 94 17 59 28 60 80 82 22 5 65 16 85 99 70 30 1 67 74 87 72 73 75 29 7 46 69 43 25 15 91 27 64 50 51 11 77 89 98 6 88 57 71 0 40 42 8 24 95 45 32 2 10 33 41 97 18 56 
16 85 65 99 70 13 26 92 63 36 47 37 20 84 44 53 80 60 28 59 17 3 86 23 76 21 49 52 83 81 93 4 12 96 9 34 58 38 48 79 66 90 35 54 68 33 97 41 55 56 18 10 2 24 8 95 42 45 94 32 91 27 40 0 71 88 51 50 64 25 43 7 46 69 57 77 11 89 6 98 1 74 67 87 29 75 73 72 78 39 30 15 82 14 62 31 61 19 22 5 
0 40 94 17 59 28 44 80 60 84 20 47 37 31 13 14 61 22 4 12 96 5 93 16 85 65 99 70 92 26 62 63 53 36 78 74 67 87 29 72 73 75 7 46 69 43 25 15 91 27 64 50 51 11 77 88 71 42 24 8 95 32 45 2 10 23 86 3 35 54 76 21 49 83 66 79 82 19 81 52 48 9 34 38 58 56 18 55 68 97 41 33 90 30 1 39 57 89 6 98 
2 10 41 97 68 55 56 18 58 48 34 38 21 49 83 52 79 82 60 28 59 17 3 86 23 54 76 35 94 32 91 15 27 50 51 88 11 77 89 98 6 71 0 40 8 24 95 42 45 64 43 57 25 69 46 7 78 39 67 74 1 30 84 44 53 80 66 81 4 12 9 96 5 93 19 22 61 63 92 26 14 31 37 47 20 36 72 29 73 75 87 62 13 70 99 65 85 16 90 33 
80 53 84 20 36 78 39 15 28 59 17 94 3 86 23 35 76 54 68 55 56 18 48 34 58 38 21 49 83 79 81 19 4 93 22 61 92 63 14 62 26 13 70 99 65 85 16 5 96 9 12 52 90 66 82 60 74 67 87 72 30 1 25 43 46 7 69 57 88 50 51 11 77 71 89 6 98 0 42 95 24 8 10 2 33 41 97 32 45 64 91 27 40 29 73 75 47 37 31 44 
67 74 78 36 47 37 20 14 63 26 92 5 93 4 52 19 81 83 49 21 38 58 34 9 96 12 48 56 18 55 97 41 33 68 76 35 86 3 17 59 28 15 50 88 51 11 89 6 98 24 8 95 42 0 71 77 64 27 40 91 32 94 45 2 10 23 54 90 66 79 31 62 13 70 99 65 85 16 61 22 82 53 80 60 44 84 39 1 30 25 43 57 69 46 7 75 73 72 87 29 
67 74 78 36 47 37 20 14 63 26 92 5 93 4 52 19 81 83 49 21 38 58 34 9 96 12 48 56 18 55 97 41 33 68 76 35 86 3 17 59 28 15 50 88 51 11 89 6 98 24 8 95 42 0 71 77 64 27 40 91 32 94 45 2 10 23 54 90 66 79 31 62 13 70 99 65 85 16 61 22 82 53 80 60 44 84 39 1 30 25 43 57 69 46 7 75 73 72 87 29 
89 6 98 77 51 11 25 30 74 1 78 36 47 37 20 84 44 39 72 73 75 29 87 67 46 7 69 57 43 88 50 64 91 17 59 76 54 55 68 33 41 97 38 48 52 83 49 21 4 93 61 22 12 81 19 82 79 66 86 35 23 45 32 94 3 90 28 60 80 53 63 92 13 26 14 62 31 70 99 65 85 16 5 96 9 34 58 18 56 2 10 95 24 8 42 40 0 71 27 15 
53 84 44 80 60 28 59 17 94 23 35 3 86 45 97 68 54 76 21 49 38 58 34 5 93 4 12 96 9 48 52 66 79 81 83 82 63 14 92 61 19 22 99 65 85 16 70 13 26 62 31 37 47 36 78 39 74 67 87 29 75 73 72 7 46 69 57 88 11 77 51 50 25 43 64 15 91 27 40 0 71 6 98 89 42 32 24 8 95 2 10 41 33 56 18 55 90 1 30 20 
29 72 87 74 67 46 7 69 43 25 57 88 50 64 27 91 32 94 17 59 28 60 80 44 53 14 26 13 62 31 37 47 36 39 78 1 30 15 40 0 71 89 98 6 77 11 51 42 95 24 8 10 2 41 97 54 76 68 55 33 86 3 35 23 45 21 49 38 58 56 18 34 48 4 12 96 9 81 52 83 79 66 90 82 19 22 93 5 16 85 99 65 70 92 63 20 84 61 73 75 
89 98 6 11 77 50 88 57 69 46 7 43 25 30 1 15 91 27 64 32 94 45 3 35 90 54 76 21 49 83 81 79 66 59 28 60 80 53 20 44 84 63 92 13 26 14 19 82 52 48 58 38 34 9 96 12 4 93 22 61 5 65 85 16 99 70 62 31 37 47 72 73 75 29 87 74 67 78 36 39 17 86 23 41 97 55 56 18 68 33 10 2 24 8 95 0 42 40 71 51 
28 60 80 53 63 14 47 36 78 39 44 84 20 37 31 62 13 26 92 61 22 93 4 12 96 83 81 19 82 79 66 3 86 23 35 54 68 33 49 48 21 76 90 45 94 17 32 27 71 51 50 88 11 77 6 98 89 0 42 40 91 15 30 1 74 67 87 72 75 29 73 7 46 69 43 25 64 57 95 24 8 2 10 41 97 55 18 56 58 38 34 9 52 5 70 99 65 16 85 59 
30 1 74 67 84 20 37 47 36 39 78 87 72 73 75 29 69 43 25 46 7 32 94 45 40 0 71 51 11 77 89 6 98 42 95 24 8 2 10 23 35 3 86 17 59 28 60 44 80 53 31 62 13 26 14 63 92 61 22 93 4 5 19 82 79 66 90 33 68 54 56 18 58 55 97 41 76 49 21 48 38 83 52 81 34 9 96 12 70 99 65 85 16 15 91 27 64 50 88 57 
