10 1 2 12 8 4 13 14 6 3 5 7 0 11 9 
11 0 2 10 1 9 14 3 4 7 6 5 13 8 12 
11 0 2 10 1 9 14 3 4 7 6 5 13 8 12 
4 10 1 9 0 14 3 13 6 5 12 11 7 8 2 
4 10 1 9 0 14 3 13 6 5 12 11 7 8 2 
4 10 1 9 0 14 3 13 6 5 12 11 7 8 2 
4 10 1 9 0 14 3 13 6 5 12 11 7 8 2 
4 10 1 9 0 14 3 13 6 5 12 11 7 8 2 
4 10 1 9 0 14 3 13 6 5 12 11 7 8 2 
4 10 1 9 0 14 3 13 6 5 12 11 7 8 2 
4 10 1 9 0 14 3 13 6 5 12 11 7 8 2 
4 10 1 9 0 14 3 13 6 5 12 11 7 8 2 
4 10 1 9 0 14 3 13 6 5 12 11 7 8 2 
4 10 1 9 0 14 3 13 6 5 12 11 7 8 2 
13 6 4 12 0 11 7 3 14 9 8 5 2 1 10 
13 6 4 12 0 11 7 3 14 9 8 5 2 1 10 
13 6 4 12 0 11 7 3 14 9 8 5 2 1 10 
13 6 4 12 0 11 7 3 14 9 8 5 2 1 10 
13 6 4 12 0 11 7 3 14 9 8 5 2 1 10 
13 6 4 12 0 11 7 3 14 9 8 5 2 1 10 
13 6 4 12 0 11 7 3 14 9 8 5 2 1 10 
13 6 4 12 0 11 7 3 14 9 8 5 2 1 10 
13 6 4 12 0 11 7 3 14 9 8 5 2 1 10 
3 14 7 11 6 4 10 1 13 8 9 2 0 12 5 
3 14 7 11 6 4 10 1 13 8 9 2 0 12 5 
3 14 7 11 6 4 10 1 13 8 9 2 0 12 5 
3 14 7 11 6 4 10 1 13 8 9 2 0 12 5 
3 14 7 11 6 4 10 1 13 8 9 2 0 12 5 
3 14 7 11 6 4 10 1 13 8 9 2 0 12 5 
3 14 7 11 6 4 10 1 13 8 9 2 0 12 5 
3 14 7 11 6 4 10 1 13 8 9 2 0 12 5 
1 9 11 13 4 8 6 12 2 10 3 7 5 0 14 
1 9 11 13 4 8 6 12 2 10 3 7 5 0 14 
1 9 11 13 4 8 6 12 2 10 3 7 5 0 14 
1 9 11 13 4 8 6 12 2 10 3 7 5 0 14 
1 9 11 13 4 8 6 12 2 10 3 7 5 0 14 
1 9 11 13 4 8 6 12 2 10 3 7 5 0 14 
1 9 11 13 4 8 6 12 2 10 3 7 5 0 14 
1 9 11 13 4 8 6 12 2 10 3 7 5 0 14 
1 9 11 13 4 8 6 12 2 10 3 7 5 0 14 
1 9 11 13 4 8 6 12 2 10 3 7 5 0 14 
1 9 11 13 4 8 6 12 2 10 3 7 5 0 14 
7 14 9 1 11 10 5 2 13 3 6 4 8 12 0 
7 14 9 1 11 10 5 2 13 3 6 4 8 12 0 
7 14 9 1 11 10 5 2 13 3 6 4 8 12 0 
7 14 9 1 11 10 5 2 13 3 6 4 8 12 0 
7 14 9 1 11 10 5 2 13 3 6 4 8 12 0 
7 14 9 1 11 10 5 2 13 3 6 4 8 12 0 
7 14 9 1 11 10 5 2 13 3 6 4 8 12 0 
7 14 9 1 11 10 5 2 13 3 6 4 8 12 0 
13 12 9 11 8 10 1 3 7 6 5 4 2 0 14 
13 12 9 11 8 10 1 3 7 6 5 4 2 0 14 
13 12 9 11 8 10 1 3 7 6 5 4 2 0 14 
13 12 9 11 8 10 1 3 7 6 5 4 2 0 14 
13 12 9 11 8 10 1 3 7 6 5 4 2 0 14 
13 12 9 11 8 10 1 3 7 6 5 4 2 0 14 
13 12 9 11 8 10 1 3 7 6 5 4 2 0 14 
13 12 9 11 8 10 1 3 7 6 5 4 2 0 14 
6 0 14 8 12 9 10 11 1 2 4 7 3 5 13 
6 0 14 8 12 9 10 11 1 2 4 7 3 5 13 
6 0 14 8 12 9 10 11 1 2 4 7 3 5 13 
6 0 14 8 12 9 10 11 1 2 4 7 3 5 13 
6 0 14 8 12 9 10 11 1 2 4 7 3 5 13 
6 0 14 8 12 9 10 11 1 2 4 7 3 5 13 
6 0 14 8 12 9 10 11 1 2 4 7 3 5 13 
6 0 14 8 12 9 10 11 1 2 4 7 3 5 13 
6 0 14 8 12 9 10 11 1 2 4 7 3 5 13 
4 1 10 2 0 14 5 6 7 8 13 9 11 12 3 
4 1 10 2 0 14 5 6 7 8 13 9 11 12 3 
4 1 10 2 0 14 5 6 7 8 13 9 11 12 3 
4 1 10 2 0 14 5 6 7 8 13 9 11 12 3 
4 1 10 2 0 14 5 6 7 8 13 9 11 12 3 
4 1 10 2 0 14 5 6 7 8 13 9 11 12 3 
4 1 10 2 0 14 5 6 7 8 13 9 11 12 3 
4 1 10 2 0 14 5 6 7 8 13 9 11 12 3 
4 1 10 2 0 14 5 6 7 8 13 9 11 12 3 
4 1 10 2 0 14 5 6 7 8 13 9 11 12 3 
11 14 6 5 12 1 13 2 10 9 3 4 8 7 0 
11 14 6 5 12 1 13 2 10 9 3 4 8 7 0 
11 14 6 5 12 1 13 2 10 9 3 4 8 7 0 
11 14 6 5 12 1 13 2 10 9 3 4 8 7 0 
11 14 6 5 12 1 13 2 10 9 3 4 8 7 0 
11 14 6 5 12 1 13 2 10 9 3 4 8 7 0 
11 14 6 5 12 1 13 2 10 9 3 4 8 7 0 
7 14 8 1 4 11 2 10 13 3 6 5 9 12 0 
7 14 8 1 4 11 2 10 13 3 6 5 9 12 0 
7 14 8 1 4 11 2 10 13 3 6 5 9 12 0 
7 14 8 1 4 11 2 10 13 3 6 5 9 12 0 
7 14 8 1 4 11 2 10 13 3 6 5 9 12 0 
7 14 8 1 4 11 2 10 13 3 6 5 9 12 0 
7 14 8 1 4 11 2 10 13 3 6 5 9 12 0 
7 14 8 1 4 11 2 10 13 3 6 5 9 12 0 
6 14 3 11 4 1 10 2 13 8 5 7 0 12 9 
6 14 3 11 4 1 10 2 13 8 5 7 0 12 9 
6 14 3 11 4 1 10 2 13 8 5 7 0 12 9 
6 14 3 11 4 1 10 2 13 8 5 7 0 12 9 
6 14 3 11 4 1 10 2 13 8 5 7 0 12 9 
6 14 3 11 4 1 10 2 13 8 5 7 0 12 9 
6 14 3 11 4 1 10 2 13 8 5 7 0 12 9 
6 14 3 11 4 1 10 2 13 8 5 7 0 12 9 
