5 12 0 49 27 58 11 7 40 56 20 43 17 25 15 21 59 57 23 35 38 6 26 2 18 24 13 30 4 51 33 50 19 47 1 3 44 29 34 48 28 42 36 32 53 54 46 45 22 16 8 55 9 31 37 39 14 52 10 41 
32 21 12 8 27 37 38 26 52 28 14 31 9 55 36 45 46 5 56 24 49 6 13 47 54 29 10 59 43 11 2 23 51 15 41 30 19 4 33 50 39 22 48 18 34 3 44 20 42 58 7 35 0 25 17 40 1 57 16 53 
6 37 7 17 8 25 15 9 14 57 23 29 41 40 55 31 16 54 10 21 11 56 52 20 49 12 30 42 32 33 13 18 19 35 28 45 22 51 36 24 26 50 46 53 58 27 34 47 38 59 39 3 44 48 0 2 5 1 4 43 
57 40 27 37 5 23 16 36 1 11 46 15 56 45 32 55 44 34 48 54 53 38 22 20 52 17 12 0 51 30 50 58 8 28 3 25 47 6 26 31 43 49 41 21 39 35 13 4 33 2 29 24 19 42 14 10 9 7 59 18 
57 40 27 37 5 23 16 36 1 11 46 15 56 45 32 55 44 34 48 54 53 38 22 20 52 17 12 0 51 30 50 58 8 28 3 25 47 6 26 31 43 49 41 21 39 35 13 4 33 2 29 24 19 42 14 10 9 7 59 18 
5 27 31 21 18 23 59 7 40 10 19 33 24 50 56 47 12 0 28 22 41 35 2 38 32 16 48 42 3 8 13 1 44 58 20 43 49 54 29 52 15 6 57 34 9 26 17 39 36 53 37 55 11 30 51 4 25 46 45 14 
14 37 21 47 24 38 35 6 41 30 4 18 17 8 58 20 49 0 12 3 26 15 11 23 31 53 50 45 32 13 34 46 52 10 25 9 42 57 39 28 48 22 54 36 56 59 33 40 5 2 27 43 51 7 19 55 29 44 1 16 
26 44 8 47 40 17 56 20 21 31 55 3 48 27 5 54 51 28 53 24 9 7 11 0 25 52 43 12 39 4 50 18 23 49 38 46 34 13 41 45 16 19 42 32 22 37 36 15 6 30 35 33 58 14 10 2 57 59 1 29 
4 45 9 58 5 32 57 12 0 37 7 31 36 46 3 47 54 51 10 27 11 22 56 18 28 13 26 17 25 48 14 21 15 55 1 19 20 8 50 24 29 53 52 44 42 30 33 2 35 41 38 49 39 40 43 59 6 23 16 34 
20 11 56 15 43 5 42 1 25 59 0 8 13 28 52 30 24 26 39 29 2 35 23 21 38 10 34 12 18 50 46 54 32 31 49 3 22 48 47 16 4 51 9 58 37 27 55 40 44 33 6 17 7 53 36 14 19 57 41 45 
40 27 20 39 8 11 18 19 0 35 38 21 23 2 54 36 47 53 32 29 1 22 31 45 28 26 52 15 3 48 17 46 14 42 4 12 49 51 33 6 5 59 57 43 7 44 37 9 25 58 10 55 13 24 50 16 30 41 34 56 
29 28 35 17 49 20 25 38 5 15 10 12 6 37 31 21 57 56 26 24 46 7 32 14 8 45 55 16 9 51 59 4 41 52 13 27 18 54 50 47 33 53 19 44 22 58 3 30 34 42 48 36 39 11 43 40 1 23 2 0 
55 20 22 36 25 15 21 27 3 18 44 47 8 29 35 12 23 33 54 53 24 28 26 32 38 52 59 5 45 34 50 43 49 41 4 16 11 2 42 48 46 51 1 58 17 37 31 9 30 13 19 6 57 10 7 0 56 39 40 14 
49 23 59 51 30 19 20 58 1 36 22 43 14 25 10 27 55 17 2 46 42 3 16 50 4 48 54 34 53 38 35 57 5 39 6 41 29 21 47 7 26 32 8 45 44 13 9 11 12 40 56 15 33 18 24 52 28 31 37 0 
15 37 49 22 46 10 51 4 18 42 19 54 33 53 36 0 59 43 21 20 52 24 31 57 41 25 30 35 14 39 27 34 28 40 29 32 5 9 58 45 47 3 17 6 44 1 7 11 13 56 26 2 23 12 48 8 55 16 50 38 
0 27 19 4 6 30 29 47 52 18 25 14 16 56 21 23 50 55 31 49 34 32 38 44 41 43 58 5 20 13 1 39 9 54 42 48 28 36 37 53 2 10 17 57 45 3 15 24 7 22 8 46 35 40 11 12 26 33 51 59 
9 59 5 7 32 4 25 45 1 0 48 37 56 12 20 52 50 33 23 30 43 41 39 17 35 51 28 26 55 22 16 11 3 47 6 36 54 34 42 44 24 18 13 2 53 38 10 14 49 27 58 21 40 15 31 57 19 8 46 29 
29 41 43 5 57 20 12 53 33 23 47 38 6 28 14 39 56 0 16 8 45 46 9 59 49 7 4 18 13 27 58 26 52 25 10 35 17 32 51 34 30 19 40 11 22 55 48 15 31 44 54 3 37 36 50 42 2 24 21 1 
14 47 12 25 10 9 8 55 36 42 53 30 2 51 52 59 57 23 50 56 45 24 5 3 39 37 29 33 4 11 27 22 20 18 13 44 6 43 54 46 38 16 28 1 15 58 40 21 17 48 31 49 19 32 26 41 34 35 0 7 
6 10 34 48 54 1 46 24 49 50 30 2 53 17 23 9 44 51 52 35 37 5 39 56 12 3 16 22 45 19 14 8 43 32 36 4 42 47 29 40 20 25 21 28 38 26 33 13 31 7 55 57 15 11 0 27 58 18 41 59 
46 45 12 35 10 51 18 41 33 19 6 38 13 1 5 24 3 28 17 15 43 8 56 49 58 54 30 26 22 2 36 29 25 40 11 20 32 14 7 39 27 53 57 59 44 4 48 23 52 16 42 50 21 34 47 9 37 31 0 55 
46 45 12 35 10 51 18 41 33 19 6 38 13 1 5 24 3 28 17 15 43 8 56 49 58 54 30 26 22 2 36 29 25 40 11 20 32 14 7 39 27 53 57 59 44 4 48 23 52 16 42 50 21 34 47 9 37 31 0 55 
18 50 10 35 41 25 27 59 15 39 21 11 6 55 9 45 47 54 33 4 57 40 22 7 12 3 30 24 14 5 38 26 28 53 36 46 17 23 37 8 56 48 20 58 29 13 44 1 34 2 51 43 49 31 0 42 32 16 19 52 
59 40 9 8 54 26 19 36 41 13 34 37 14 58 52 57 46 31 29 2 25 51 42 45 56 12 17 3 20 32 55 16 47 33 18 6 24 44 30 4 53 22 50 35 38 49 27 28 48 5 43 39 10 7 23 21 15 11 1 0 
48 35 50 24 33 18 19 46 31 39 58 11 28 1 34 22 55 0 25 10 12 23 41 47 2 32 29 37 49 52 38 42 7 43 5 57 3 9 53 54 20 15 4 59 27 14 17 13 6 44 51 8 16 40 21 45 26 30 36 56 
28 7 23 40 17 43 38 50 47 4 58 19 20 31 34 57 21 11 24 25 10 1 32 30 29 44 6 35 0 9 56 49 39 15 37 55 45 8 48 51 22 59 53 13 2 52 12 5 26 33 46 42 3 18 41 36 14 27 16 54 
14 55 27 31 37 9 8 22 26 40 43 34 33 48 15 59 57 1 28 11 51 53 16 46 42 58 54 32 45 39 21 50 7 13 47 18 3 25 52 56 35 23 19 44 29 49 12 30 4 38 10 41 5 36 6 24 17 20 0 2 
57 40 27 37 5 23 16 36 1 11 46 15 56 45 32 55 44 34 48 54 53 38 22 20 52 17 12 0 51 30 50 58 8 28 3 25 47 6 26 31 43 49 41 21 39 35 13 4 33 2 29 24 19 42 14 10 9 7 59 18 
56 44 16 42 8 55 22 28 54 19 41 17 38 14 31 12 53 29 9 7 25 52 35 1 34 2 0 51 3 45 50 33 20 46 49 26 21 5 48 24 47 11 10 4 6 43 37 40 39 36 32 18 13 23 30 27 15 59 57 58 
48 5 9 14 39 21 47 54 28 38 22 53 44 13 29 43 56 51 50 42 36 32 16 26 35 10 24 30 4 49 33 12 15 31 58 41 23 59 46 37 17 27 8 57 6 3 25 52 0 34 45 20 18 2 1 40 7 11 19 55 
21 6 29 19 33 56 10 17 26 35 40 9 28 46 48 50 41 15 22 47 32 34 59 4 13 1 51 36 42 49 43 57 2 18 52 12 54 27 16 39 3 58 25 31 14 23 5 38 45 37 7 0 44 11 30 20 24 8 55 53 
15 7 49 17 30 23 51 21 45 42 31 34 35 27 14 0 44 5 40 46 55 1 24 50 47 33 32 13 19 4 29 39 59 41 26 2 9 37 22 16 53 54 28 8 48 3 58 6 18 56 36 10 25 57 38 11 52 12 43 20 
41 48 29 36 57 21 17 27 9 5 38 49 6 2 44 34 28 16 15 40 32 55 56 25 26 18 8 59 10 52 22 0 53 39 20 13 12 31 58 35 3 50 54 19 23 45 46 42 24 51 4 47 33 30 43 7 11 37 14 1 
41 48 29 36 57 21 17 27 9 5 38 49 6 2 44 34 28 16 15 40 32 55 56 25 26 18 8 59 10 52 22 0 53 39 20 13 12 31 58 35 3 50 54 19 23 45 46 42 24 51 4 47 33 30 43 7 11 37 14 1 
4 50 15 21 35 16 39 49 37 26 17 12 22 28 54 46 51 33 5 24 38 30 0 23 29 7 43 48 32 55 8 31 9 14 13 41 45 52 42 10 11 1 58 20 2 25 27 40 34 19 44 57 3 53 56 59 6 36 18 47 
20 11 56 15 43 5 42 1 25 59 0 8 13 28 52 30 24 26 39 29 2 35 23 21 38 10 34 12 18 50 46 54 32 31 49 3 22 48 47 16 4 51 9 58 37 27 55 40 44 33 6 17 7 53 36 14 19 57 41 45 
41 48 29 36 57 21 17 27 9 5 38 49 6 2 44 34 28 16 15 40 32 55 56 25 26 18 8 59 10 52 22 0 53 39 20 13 12 31 58 35 3 50 54 19 23 45 46 42 24 51 4 47 33 30 43 7 11 37 14 1 
20 25 40 2 5 55 56 59 23 41 24 47 53 0 31 8 37 48 44 1 29 30 6 10 52 42 32 28 51 38 36 16 11 50 45 46 49 4 15 26 3 12 43 9 39 19 18 33 35 27 7 34 22 54 17 13 14 58 21 57 
7 57 42 54 28 8 15 21 9 20 10 59 52 30 1 32 12 39 22 56 41 13 50 48 49 44 58 14 23 25 16 27 55 31 17 18 45 2 24 37 26 43 40 53 36 29 51 33 34 35 38 6 5 47 3 11 46 4 19 0 
46 17 37 52 10 23 38 21 26 30 44 48 11 15 14 22 12 24 13 49 41 35 51 3 58 55 9 19 50 47 32 8 25 16 54 29 28 34 31 33 7 40 57 27 42 1 45 43 56 59 20 39 4 6 36 2 18 5 0 53 
46 17 37 52 10 23 38 21 26 30 44 48 11 15 14 22 12 24 13 49 41 35 51 3 58 55 9 19 50 47 32 8 25 16 54 29 28 34 31 33 7 40 57 27 42 1 45 43 56 59 20 39 4 6 36 2 18 5 0 53 
7 57 42 54 28 8 15 21 9 20 10 59 52 30 1 32 12 39 22 56 41 13 50 48 49 44 58 14 23 25 16 27 55 31 17 18 45 2 24 37 26 43 40 53 36 29 51 33 34 35 38 6 5 47 3 11 46 4 19 0 
44 28 18 34 12 54 36 19 42 41 40 58 55 9 2 17 22 31 37 6 5 35 51 50 53 29 27 8 21 59 25 38 23 10 20 16 49 3 46 13 11 45 48 1 47 57 52 39 32 24 15 30 26 43 7 56 0 33 4 14 
3 25 59 50 12 31 37 49 8 18 4 23 35 41 39 45 54 6 56 7 5 51 44 30 24 29 26 13 20 52 9 58 22 15 17 10 11 21 47 53 14 36 48 55 40 16 43 33 19 34 27 42 28 38 32 46 57 0 2 1 
3 25 59 50 12 31 37 49 8 18 4 23 35 41 39 45 54 6 56 7 5 51 44 30 24 29 26 13 20 52 9 58 22 15 17 10 11 21 47 53 14 36 48 55 40 16 43 33 19 34 27 42 28 38 32 46 57 0 2 1 
51 35 33 12 55 27 43 17 40 20 24 18 3 45 32 28 19 52 10 4 15 13 50 11 5 31 1 34 41 53 46 8 54 29 23 56 7 6 44 30 38 42 14 2 21 36 48 49 22 26 9 37 39 25 57 16 59 0 58 47 
6 24 50 35 41 33 47 53 28 49 7 45 36 42 32 8 58 46 29 34 9 0 19 20 11 55 14 16 25 59 12 39 21 31 1 15 17 13 56 5 23 48 26 37 54 27 44 2 38 52 40 43 51 18 3 10 30 4 22 57 
0 46 54 25 56 37 26 1 45 8 23 5 44 28 36 19 33 13 35 27 31 43 40 7 42 16 11 49 39 12 2 52 55 57 30 50 24 14 6 10 3 20 22 29 18 4 51 15 9 32 17 53 47 41 21 34 38 48 58 59 
19 51 5 45 59 21 40 48 12 54 33 15 37 23 39 25 26 6 17 53 58 56 7 0 31 57 47 32 55 9 35 10 52 20 24 8 16 22 46 36 50 13 2 41 49 14 44 42 29 34 43 3 38 30 4 28 27 11 18 1 
37 7 20 58 14 2 35 21 30 57 55 8 46 39 54 28 17 41 18 29 53 38 25 44 19 47 24 22 40 6 11 42 27 5 59 51 32 50 33 34 49 52 36 48 10 15 56 45 1 4 26 13 23 43 3 12 9 16 31 0 
54 46 16 19 6 59 21 39 43 52 28 32 36 48 7 11 13 27 8 58 22 18 30 4 33 57 49 38 25 23 47 34 10 41 26 56 12 14 29 15 44 55 0 40 51 35 20 53 24 50 9 1 42 45 2 37 17 3 5 31 
59 41 44 11 50 4 19 3 35 33 23 40 58 43 48 57 18 14 7 27 56 8 17 21 55 31 49 45 26 42 54 25 36 32 9 39 53 29 34 10 52 24 51 30 47 46 12 13 38 6 37 28 22 16 20 15 5 2 1 0 
11 52 48 36 16 12 53 0 31 21 2 37 29 56 57 15 17 38 42 32 46 22 55 49 18 3 28 20 43 51 23 35 30 44 4 5 59 50 26 19 33 47 34 1 24 41 7 8 58 6 10 14 54 13 45 25 40 39 27 9 
57 40 27 37 5 23 16 36 1 11 46 15 56 45 32 55 44 34 48 54 53 38 22 20 52 17 12 0 51 30 50 58 8 28 3 25 47 6 26 31 43 49 41 21 39 35 13 4 33 2 29 24 19 42 14 10 9 7 59 18 
10 6 50 36 41 17 38 25 21 8 49 22 58 42 45 32 34 7 14 54 46 48 55 4 57 16 39 5 56 11 20 35 23 15 40 31 53 27 9 28 29 47 52 19 51 33 37 13 44 12 0 43 30 18 26 1 24 3 2 59 
1 33 4 21 57 18 15 27 11 29 28 35 17 56 34 44 7 58 39 46 32 37 30 24 20 16 8 36 54 13 2 6 53 38 23 51 41 0 14 12 5 3 49 26 52 10 50 47 19 42 22 43 48 45 25 31 40 55 59 9 
17 39 55 46 13 57 59 8 54 9 21 6 35 53 18 24 52 11 58 41 50 32 36 1 27 43 40 14 49 34 29 45 23 56 47 31 7 26 44 51 38 12 48 19 33 3 42 28 15 25 22 37 16 30 20 4 2 10 5 0 
24 54 45 12 0 42 20 9 56 29 40 1 31 35 23 13 39 11 2 19 38 16 22 58 3 28 47 14 49 41 51 33 4 44 53 25 5 50 18 6 17 43 7 32 36 46 8 52 10 37 30 15 21 26 27 59 34 48 55 57 
3 48 26 51 4 36 37 42 45 46 53 34 5 12 52 41 15 28 6 0 8 1 47 29 24 10 14 2 13 54 16 56 17 21 33 44 18 43 32 19 20 38 57 25 22 23 27 7 31 9 39 55 40 49 50 58 59 11 35 30 
47 24 32 14 51 23 39 6 41 30 33 21 59 52 15 20 12 29 5 18 9 55 53 7 58 22 16 25 57 26 37 2 43 17 27 3 56 38 35 11 28 46 54 36 50 4 19 44 49 0 42 48 45 34 40 10 31 13 8 1 
42 18 58 37 27 56 0 8 34 28 3 49 52 7 31 36 41 23 16 11 4 47 57 2 30 21 44 54 48 38 22 55 53 1 12 9 43 6 24 33 13 51 5 26 39 46 50 19 29 40 15 10 20 45 14 32 35 17 25 59 
31 34 29 37 43 51 33 8 36 55 22 40 39 11 15 44 49 21 32 53 47 48 18 3 54 14 52 19 24 50 1 0 20 7 10 56 16 30 35 9 28 46 42 41 59 4 45 17 26 6 5 25 58 27 12 13 57 23 38 2 
40 27 20 39 8 11 18 19 0 35 38 21 23 2 54 36 47 53 32 29 1 22 31 45 28 26 52 15 3 48 17 46 14 42 4 12 49 51 33 6 5 59 57 43 7 44 37 9 25 58 10 55 13 24 50 16 30 41 34 56 
52 6 33 29 35 13 18 4 34 5 41 23 51 57 36 10 17 25 7 53 48 44 45 14 27 56 8 1 46 11 43 9 15 38 3 22 42 16 37 20 40 31 58 21 32 30 24 12 28 2 26 55 0 50 54 47 19 49 39 59 
53 45 29 30 35 41 52 25 32 37 39 27 51 15 33 50 5 21 6 4 49 44 46 3 48 58 20 9 43 11 42 0 12 40 8 18 38 13 16 17 36 28 34 57 26 24 19 10 23 31 14 7 2 56 59 54 22 55 47 1 
32 14 46 5 35 36 28 56 31 2 51 13 10 54 19 23 44 29 47 53 48 3 38 26 12 57 4 59 16 22 6 33 9 58 7 41 21 39 27 34 40 17 25 8 37 11 20 15 49 55 18 52 0 43 30 42 1 50 24 45 
40 27 20 39 8 11 18 19 0 35 38 21 23 2 54 36 47 53 32 29 1 22 31 45 28 26 52 15 3 48 17 46 14 42 4 12 49 51 33 6 5 59 57 43 7 44 37 9 25 58 10 55 13 24 50 16 30 41 34 56 
53 45 29 30 35 41 52 25 32 37 39 27 51 15 33 50 5 21 6 4 49 44 46 3 48 58 20 9 43 11 42 0 12 40 8 18 38 13 16 17 36 28 34 57 26 24 19 10 23 31 14 7 2 56 59 54 22 55 47 1 
43 48 29 19 24 53 55 26 39 16 3 2 38 51 15 17 21 8 54 12 35 34 31 6 52 41 59 7 58 11 27 0 47 46 22 9 20 36 42 45 10 1 44 57 56 49 32 33 28 18 14 25 50 13 5 37 40 23 30 4 
15 49 20 9 26 17 57 14 59 10 21 38 48 8 25 23 24 50 12 37 28 19 13 4 32 53 18 34 11 41 36 44 52 55 58 39 40 45 42 27 46 29 51 30 16 0 35 56 5 7 31 43 54 3 22 1 47 2 33 6 
45 2 26 7 49 33 57 15 11 42 54 55 25 37 1 20 56 0 6 28 10 17 40 27 53 19 35 52 12 3 32 50 38 51 22 46 48 5 47 13 18 23 44 9 24 4 21 41 43 39 31 36 34 29 30 8 16 14 59 58 
16 22 14 28 0 2 52 11 56 25 21 44 50 18 4 3 20 37 42 12 30 38 10 5 49 40 7 6 48 59 35 33 1 46 54 41 43 13 34 26 53 24 36 15 32 9 8 51 29 19 47 23 17 27 57 39 31 55 45 58 
15 49 20 9 26 17 57 14 59 10 21 38 48 8 25 23 24 50 12 37 28 19 13 4 32 53 18 34 11 41 36 44 52 55 58 39 40 45 42 27 46 29 51 30 16 0 35 56 5 7 31 43 54 3 22 1 47 2 33 6 
57 35 44 12 14 34 29 30 15 27 20 16 26 22 43 39 31 52 41 21 56 0 50 3 11 48 9 40 7 5 55 32 28 1 36 46 54 19 59 17 51 38 25 23 13 49 58 2 45 53 37 4 33 47 18 10 8 6 42 24 
44 36 50 46 0 10 9 27 52 20 29 8 40 37 7 59 26 15 21 25 38 6 12 11 17 30 1 42 34 13 33 47 2 23 49 58 24 19 56 45 16 28 35 3 4 57 5 39 51 54 32 55 14 18 41 53 22 48 31 43 
35 10 59 24 12 44 52 41 3 9 19 56 15 21 38 28 8 40 17 1 53 46 36 49 20 43 45 54 22 48 7 58 25 39 5 32 27 14 18 31 47 11 34 29 42 16 51 6 57 33 26 4 23 37 55 0 50 30 13 2 
57 35 44 12 14 34 29 30 15 27 20 16 26 22 43 39 31 52 41 21 56 0 50 3 11 48 9 40 7 5 55 32 28 1 36 46 54 19 59 17 51 38 25 23 13 49 58 2 45 53 37 4 33 47 18 10 8 6 42 24 
40 7 19 24 48 55 31 59 27 11 0 12 5 29 57 15 39 35 23 9 33 56 37 42 47 51 17 50 6 49 20 36 32 2 54 1 13 53 18 44 3 14 34 38 21 43 10 52 25 30 4 16 41 26 46 8 22 45 28 58 
53 33 23 59 47 18 25 10 9 8 29 55 37 24 36 31 41 12 22 1 19 54 58 49 6 4 44 51 26 32 45 46 35 50 16 56 11 7 17 43 38 57 14 27 42 28 5 39 20 34 13 30 40 15 52 21 2 48 3 0 
33 40 43 15 39 8 23 24 53 3 16 55 27 9 54 4 57 30 13 58 20 10 26 19 37 42 5 52 41 35 6 28 21 48 46 32 51 47 50 22 36 45 7 11 17 12 38 29 49 44 14 18 34 2 31 56 1 0 59 25 
59 26 38 20 37 43 11 27 12 39 34 24 13 30 33 42 54 4 51 47 25 15 1 35 17 22 28 32 53 29 58 10 9 21 23 6 36 3 50 46 57 2 44 55 45 56 19 49 52 18 48 7 14 0 41 40 31 16 8 5 
4 6 56 33 47 16 51 13 5 50 19 44 7 20 30 27 49 10 25 31 8 9 23 40 48 18 46 45 11 21 12 55 37 42 14 36 15 59 39 52 17 38 34 32 22 24 2 28 29 26 41 1 53 35 57 58 0 43 3 54 
53 33 23 59 47 18 25 10 9 8 29 55 37 24 36 31 41 12 22 1 19 54 58 49 6 4 44 51 26 32 45 46 35 50 16 56 11 7 17 43 38 57 14 27 42 28 5 39 20 34 13 30 40 15 52 21 2 48 3 0 
42 36 12 28 54 51 46 2 48 57 3 52 21 20 23 56 17 50 47 33 4 6 13 41 10 35 25 7 32 44 24 26 45 31 37 5 43 49 34 39 8 19 16 55 9 53 29 14 27 15 11 40 18 1 0 38 58 22 30 59 
55 46 43 37 7 16 54 22 3 35 6 10 11 53 38 52 21 0 13 34 25 27 59 41 50 1 56 9 17 48 47 29 18 45 8 15 23 20 40 26 44 58 39 49 28 33 30 12 32 19 31 24 57 2 5 4 51 36 42 14 
19 53 44 4 3 54 47 0 43 20 59 6 52 49 21 41 34 25 40 12 28 18 35 13 11 39 58 29 50 51 33 26 7 32 27 57 45 36 10 23 56 9 17 55 37 14 8 1 31 24 48 42 16 22 5 46 38 15 30 2 
22 54 27 1 49 8 44 14 58 9 50 23 57 10 0 31 26 13 6 32 36 56 34 11 39 53 42 16 55 41 43 51 35 25 52 37 48 2 45 12 5 4 18 24 47 28 19 46 40 30 15 21 38 29 33 17 20 7 3 59 
42 29 31 35 26 41 18 19 46 20 52 58 21 54 12 36 34 28 13 44 2 15 22 30 32 16 37 25 39 48 17 1 57 45 24 47 50 27 6 38 4 51 0 5 8 55 56 59 23 11 9 3 14 49 7 40 43 10 33 53 
58 48 18 57 47 29 23 55 2 41 56 36 54 46 3 15 8 12 6 53 52 38 51 22 32 27 31 44 21 30 50 33 34 42 4 49 45 5 13 10 43 40 11 9 39 37 16 7 35 24 28 19 26 20 25 17 14 1 0 59 
16 37 27 58 47 6 4 24 19 51 32 29 5 15 20 43 40 52 23 9 55 26 57 38 7 30 46 50 8 22 34 54 35 10 39 1 12 41 17 48 49 56 13 31 14 2 11 21 28 42 44 33 36 18 53 3 0 45 25 59 
31 34 29 37 43 51 33 8 36 55 22 40 39 11 15 44 49 21 32 53 47 48 18 3 54 14 52 19 24 50 1 0 20 7 10 56 16 30 35 9 28 46 42 41 59 4 45 17 26 6 5 25 58 27 12 13 57 23 38 2 
54 53 36 46 22 25 18 1 52 38 15 9 37 5 3 13 4 23 51 19 26 50 42 55 31 48 29 43 27 47 45 12 44 35 41 30 11 6 7 40 39 20 0 59 57 32 28 24 21 10 17 2 56 14 8 58 34 16 33 49 
11 2 1 7 31 30 35 0 16 23 51 44 46 42 45 17 22 6 59 12 20 21 10 41 25 14 36 52 39 3 28 5 58 9 33 47 34 32 49 57 38 19 43 4 18 53 56 54 55 26 13 24 29 50 48 15 40 37 27 8 
41 18 47 5 23 56 26 27 10 38 1 44 36 4 33 55 40 8 51 20 31 54 9 16 11 37 28 53 57 2 22 34 46 50 19 3 14 7 24 43 6 21 25 58 49 45 32 42 29 39 12 35 48 0 59 15 17 52 30 13 
44 28 18 34 12 54 36 19 42 41 40 58 55 9 2 17 22 31 37 6 5 35 51 50 53 29 27 8 21 59 25 38 23 10 20 16 49 3 46 13 11 45 48 1 47 57 52 39 32 24 15 30 26 43 7 56 0 33 4 14 
44 28 18 34 12 54 36 19 42 41 40 58 55 9 2 17 22 31 37 6 5 35 51 50 53 29 27 8 21 59 25 38 23 10 20 16 49 3 46 13 11 45 48 1 47 57 52 39 32 24 15 30 26 43 7 56 0 33 4 14 
27 55 48 46 54 22 9 10 43 3 42 2 33 53 24 35 15 5 14 28 40 0 13 18 47 6 8 1 52 30 57 38 50 23 32 31 12 51 34 26 21 25 37 16 45 56 41 4 19 7 49 11 36 29 44 39 59 17 58 20 
36 51 24 12 0 23 1 2 47 3 10 13 4 30 33 50 45 27 5 29 28 44 21 38 6 41 7 43 35 17 18 55 8 9 40 22 11 59 37 14 54 48 15 16 19 39 20 26 25 58 52 31 32 34 42 49 46 53 56 57 
40 17 16 21 44 28 52 12 0 8 1 42 51 15 56 14 49 46 58 2 3 24 4 55 45 11 39 43 20 13 26 34 30 41 5 6 38 53 36 57 7 9 33 29 32 47 54 10 25 23 18 22 19 50 48 27 31 37 35 59 
45 2 26 7 49 33 57 15 11 42 54 55 25 37 1 20 56 0 6 28 10 17 40 27 53 19 35 52 12 3 32 50 38 51 22 46 48 5 47 13 18 23 44 9 24 4 21 41 43 39 31 36 34 29 30 8 16 14 59 58 
