30 1 29 39 24 41 36 42 10 21 43 38 44 14 13 25 3 8 19 23 20 15 11 31 40 17 18 9 22 16 7 6 0 4 12 2 32 5 33 27 28 26 34 37 35 
44 37 41 43 32 9 27 29 22 18 42 12 33 10 31 40 11 17 39 19 4 26 16 25 38 14 13 36 23 20 35 34 0 7 6 30 28 2 24 21 15 3 8 5 1 
40 21 30 33 37 5 14 39 0 16 12 25 13 42 6 36 8 27 35 22 18 24 10 44 20 9 32 31 3 38 28 7 1 4 43 23 19 29 17 11 2 26 34 41 15 
28 34 30 7 4 38 15 20 23 1 37 17 31 36 32 18 42 33 27 19 5 2 16 22 12 29 43 3 39 24 41 14 0 8 6 13 10 11 9 25 40 26 35 44 21 
28 34 30 7 4 38 15 20 23 1 37 17 31 36 32 18 42 33 27 19 5 2 16 22 12 29 43 3 39 24 41 14 0 8 6 13 10 11 9 25 40 26 35 44 21 
35 10 9 22 12 34 33 0 8 32 26 24 44 42 17 29 2 11 43 27 1 25 5 20 41 21 3 19 6 39 16 23 14 13 40 4 38 36 37 18 7 30 31 15 28 
35 10 9 22 12 34 33 0 8 32 26 24 44 42 17 29 2 11 43 27 1 25 5 20 41 21 3 19 6 39 16 23 14 13 40 4 38 36 37 18 7 30 31 15 28 
29 34 17 5 44 10 40 18 14 36 24 1 15 2 0 43 42 9 6 20 41 31 12 25 13 23 35 28 4 7 39 21 32 22 3 38 16 11 33 37 30 19 27 26 8 
29 34 17 5 44 10 40 18 14 36 24 1 15 2 0 43 42 9 6 20 41 31 12 25 13 23 35 28 4 7 39 21 32 22 3 38 16 11 33 37 30 19 27 26 8 
39 28 35 24 19 4 10 14 20 15 32 36 7 29 3 38 31 41 18 40 33 21 12 9 5 8 27 30 23 11 26 37 34 0 22 16 13 25 17 1 44 2 6 42 43 
28 29 0 37 24 32 27 11 5 36 16 10 40 17 14 43 21 33 15 20 42 6 31 9 26 18 23 25 19 38 41 12 44 7 22 35 2 13 39 30 8 1 4 3 34 
28 29 0 37 24 32 27 11 5 36 16 10 40 17 14 43 21 33 15 20 42 6 31 9 26 18 23 25 19 38 41 12 44 7 22 35 2 13 39 30 8 1 4 3 34 
10 37 30 11 32 0 13 41 21 35 14 38 33 1 19 16 17 40 18 20 36 28 39 26 22 2 34 24 27 3 29 31 42 8 7 4 6 5 23 43 9 12 25 15 44 
10 11 14 31 5 13 1 6 40 17 0 21 19 4 32 22 7 28 36 29 15 25 42 26 20 30 12 34 38 8 37 2 9 43 44 3 18 24 16 39 23 35 33 27 41 
38 10 31 41 1 43 44 3 32 4 6 8 42 12 19 15 39 18 5 23 25 27 16 22 35 37 7 9 14 21 28 33 40 11 36 30 13 29 20 17 26 24 34 0 2 
24 41 3 13 8 5 35 22 37 30 25 23 26 40 21 36 32 16 20 6 34 18 19 39 27 7 44 11 1 33 28 42 10 0 29 14 31 15 38 2 43 4 9 12 17 
24 41 3 13 8 5 35 22 37 30 25 23 26 40 21 36 32 16 20 6 34 18 19 39 27 7 44 11 1 33 28 42 10 0 29 14 31 15 38 2 43 4 9 12 17 
24 41 3 13 8 5 35 22 37 30 25 23 26 40 21 36 32 16 20 6 34 18 19 39 27 7 44 11 1 33 28 42 10 0 29 14 31 15 38 2 43 4 9 12 17 
18 4 31 33 25 32 23 11 24 0 30 35 19 28 39 26 44 21 29 10 42 16 37 6 14 13 20 1 15 8 7 5 36 2 22 41 3 34 17 9 40 12 27 38 43 
18 4 31 33 25 32 23 11 24 0 30 35 19 28 39 26 44 21 29 10 42 16 37 6 14 13 20 1 15 8 7 5 36 2 22 41 3 34 17 9 40 12 27 38 43 
18 4 31 33 25 32 23 11 24 0 30 35 19 28 39 26 44 21 29 10 42 16 37 6 14 13 20 1 15 8 7 5 36 2 22 41 3 34 17 9 40 12 27 38 43 
18 14 11 27 35 43 6 17 7 24 3 0 5 23 19 31 13 21 20 12 37 15 41 33 8 42 36 1 2 40 16 34 28 29 22 39 4 38 26 9 32 30 10 25 44 
18 14 11 27 35 43 6 17 7 24 3 0 5 23 19 31 13 21 20 12 37 15 41 33 8 42 36 1 2 40 16 34 28 29 22 39 4 38 26 9 32 30 10 25 44 
41 32 2 15 21 40 44 9 36 38 25 10 43 5 37 34 33 0 31 18 17 30 14 19 26 29 13 28 16 7 27 1 42 23 39 20 12 11 3 8 6 4 35 22 24 
42 37 26 21 18 17 0 10 43 40 8 30 20 2 29 39 25 33 23 19 11 14 31 32 1 38 16 36 12 4 35 22 3 34 13 28 27 6 5 24 15 9 7 44 41 
42 37 26 21 18 17 0 10 43 40 8 30 20 2 29 39 25 33 23 19 11 14 31 32 1 38 16 36 12 4 35 22 3 34 13 28 27 6 5 24 15 9 7 44 41 
42 37 26 21 18 17 0 10 43 40 8 30 20 2 29 39 25 33 23 19 11 14 31 32 1 38 16 36 12 4 35 22 3 34 13 28 27 6 5 24 15 9 7 44 41 
8 17 15 23 36 32 44 42 12 9 18 4 6 39 31 13 21 33 28 22 25 38 19 34 43 14 40 16 5 30 24 11 41 27 10 35 37 7 29 2 20 0 26 1 3 
8 17 15 23 36 32 44 42 12 9 18 4 6 39 31 13 21 33 28 22 25 38 19 34 43 14 40 16 5 30 24 11 41 27 10 35 37 7 29 2 20 0 26 1 3 
21 17 31 23 0 2 29 15 33 27 28 34 8 24 3 36 1 38 39 18 30 14 9 40 4 6 35 11 19 7 22 26 43 41 25 10 16 12 5 37 20 32 13 44 42 
24 9 37 35 41 31 42 38 40 39 20 12 10 16 27 11 44 5 34 33 4 32 30 15 21 17 26 29 22 28 18 7 25 23 36 43 13 8 14 3 19 1 0 6 2 
24 9 37 35 41 31 42 38 40 39 20 12 10 16 27 11 44 5 34 33 4 32 30 15 21 17 26 29 22 28 18 7 25 23 36 43 13 8 14 3 19 1 0 6 2 
11 13 41 34 12 40 20 10 32 25 15 0 31 18 38 39 26 5 33 6 37 36 27 22 21 35 19 3 1 30 29 9 14 28 4 24 8 23 42 16 7 2 44 17 43 
11 13 41 34 12 40 20 10 32 25 15 0 31 18 38 39 26 5 33 6 37 36 27 22 21 35 19 3 1 30 29 9 14 28 4 24 8 23 42 16 7 2 44 17 43 
9 22 34 10 11 12 23 15 21 13 14 5 32 28 27 17 43 18 19 6 31 24 36 44 25 26 33 29 7 1 37 38 16 40 42 41 0 3 8 30 39 4 2 35 20 
9 22 34 10 11 12 23 15 21 13 14 5 32 28 27 17 43 18 19 6 31 24 36 44 25 26 33 29 7 1 37 38 16 40 42 41 0 3 8 30 39 4 2 35 20 
28 6 16 43 41 20 4 24 42 12 40 0 36 25 44 38 7 37 2 9 8 19 29 14 35 34 3 23 1 11 33 32 17 31 22 30 10 15 27 26 21 18 13 5 39 
28 6 16 43 41 20 4 24 42 12 40 0 36 25 44 38 7 37 2 9 8 19 29 14 35 34 3 23 1 11 33 32 17 31 22 30 10 15 27 26 21 18 13 5 39 
10 23 15 11 1 35 5 6 16 17 18 0 33 12 31 21 24 22 37 8 32 43 41 2 27 28 13 30 3 25 38 39 19 42 4 7 14 40 29 36 9 34 26 20 44 
10 23 15 11 1 35 5 6 16 17 18 0 33 12 31 21 24 22 37 8 32 43 41 2 27 28 13 30 3 25 38 39 19 42 4 7 14 40 29 36 9 34 26 20 44 
4 0 15 31 33 27 37 39 16 6 19 24 30 1 14 8 20 2 25 35 18 34 29 3 17 11 38 12 7 5 22 9 28 26 10 36 40 13 21 43 44 23 41 32 42 
34 17 41 1 28 32 39 23 33 29 37 44 36 14 7 24 35 2 10 31 27 19 13 30 3 16 5 15 43 38 9 4 22 6 21 42 26 20 8 11 40 12 18 25 0 
17 25 37 34 13 12 5 29 6 10 42 20 2 40 36 3 15 8 44 31 4 38 35 7 24 27 16 22 39 32 9 18 21 30 11 14 43 26 28 19 23 0 41 1 33 
17 25 37 34 13 12 5 29 6 10 42 20 2 40 36 3 15 8 44 31 4 38 35 7 24 27 16 22 39 32 9 18 21 30 11 14 43 26 28 19 23 0 41 1 33 
39 40 42 41 2 44 13 27 6 4 7 31 10 21 11 16 37 19 33 43 38 25 3 30 34 36 14 8 20 35 23 28 32 9 18 29 12 26 17 15 24 22 0 5 1 
39 40 42 41 2 44 13 27 6 4 7 31 10 21 11 16 37 19 33 43 38 25 3 30 34 36 14 8 20 35 23 28 32 9 18 29 12 26 17 15 24 22 0 5 1 
39 40 42 41 2 44 13 27 6 4 7 31 10 21 11 16 37 19 33 43 38 25 3 30 34 36 14 8 20 35 23 28 32 9 18 29 12 26 17 15 24 22 0 5 1 
18 41 11 32 36 8 27 19 39 0 29 5 24 34 22 26 28 23 31 43 17 1 13 38 15 14 40 2 9 21 7 6 42 3 33 37 4 10 20 12 35 16 25 30 44 
11 22 26 32 15 1 3 44 29 37 2 39 43 23 42 16 27 4 6 25 19 33 0 41 17 7 40 28 31 8 34 9 12 20 38 10 14 13 18 36 21 24 35 30 5 
2 0 39 28 37 14 4 16 25 26 17 9 18 7 34 5 35 22 6 8 19 41 44 1 15 31 32 11 23 20 12 42 13 36 3 24 27 33 40 29 30 10 43 21 38 
2 0 39 28 37 14 4 16 25 26 17 9 18 7 34 5 35 22 6 8 19 41 44 1 15 31 32 11 23 20 12 42 13 36 3 24 27 33 40 29 30 10 43 21 38 
2 0 39 28 37 14 4 16 25 26 17 9 18 7 34 5 35 22 6 8 19 41 44 1 15 31 32 11 23 20 12 42 13 36 3 24 27 33 40 29 30 10 43 21 38 
9 23 24 19 25 15 6 10 39 26 4 2 0 22 41 37 27 32 16 12 8 14 35 1 42 34 21 3 11 43 31 18 29 30 5 28 7 40 36 13 44 33 17 20 38 
27 33 26 24 17 37 22 8 36 0 20 35 29 34 30 14 43 40 1 11 28 2 23 16 6 25 15 3 21 19 41 38 31 4 44 9 5 7 18 10 32 12 13 39 42 
36 6 31 25 17 7 8 4 19 24 41 40 10 32 43 11 21 16 30 12 13 14 39 15 3 20 9 0 37 26 27 35 28 29 33 34 1 42 22 2 18 38 5 23 44 
36 6 31 25 17 7 8 4 19 24 41 40 10 32 43 11 21 16 30 12 13 14 39 15 3 20 9 0 37 26 27 35 28 29 33 34 1 42 22 2 18 38 5 23 44 
7 32 9 1 17 10 18 2 22 12 31 44 42 24 16 13 23 28 30 26 40 14 15 21 3 20 4 27 43 41 29 5 0 35 38 36 37 39 8 11 25 34 19 33 6 
7 32 9 1 17 10 18 2 22 12 31 44 42 24 16 13 23 28 30 26 40 14 15 21 3 20 4 27 43 41 29 5 0 35 38 36 37 39 8 11 25 34 19 33 6 
6 29 44 25 26 40 31 19 27 30 39 4 8 38 12 9 22 37 21 20 10 18 17 11 3 36 43 14 7 34 16 33 1 0 28 32 35 23 15 2 13 5 24 41 42 
6 29 44 25 26 40 31 19 27 30 39 4 8 38 12 9 22 37 21 20 10 18 17 11 3 36 43 14 7 34 16 33 1 0 28 32 35 23 15 2 13 5 24 41 42 
6 29 44 25 26 40 31 19 27 30 39 4 8 38 12 9 22 37 21 20 10 18 17 11 3 36 43 14 7 34 16 33 1 0 28 32 35 23 15 2 13 5 24 41 42 
8 41 29 9 38 31 25 20 14 10 11 37 40 17 18 12 23 13 15 21 43 36 5 35 19 22 44 24 30 33 26 27 34 28 16 39 42 4 1 3 7 0 32 2 6 
8 41 29 9 38 31 25 20 14 10 11 37 40 17 18 12 23 13 15 21 43 36 5 35 19 22 44 24 30 33 26 27 34 28 16 39 42 4 1 3 7 0 32 2 6 
8 41 29 9 38 31 25 20 14 10 11 37 40 17 18 12 23 13 15 21 43 36 5 35 19 22 44 24 30 33 26 27 34 28 16 39 42 4 1 3 7 0 32 2 6 
27 10 31 19 5 2 42 40 41 22 39 0 28 4 12 18 17 30 1 20 33 35 13 23 38 7 36 3 6 11 37 16 34 25 44 14 8 21 29 9 26 32 15 24 43 
9 14 29 17 27 34 39 42 3 11 37 22 32 6 44 13 12 1 30 15 43 38 41 24 28 19 35 20 0 10 25 4 23 33 7 40 2 26 8 21 36 16 5 31 18 
23 11 37 5 24 27 28 44 2 30 42 22 14 9 19 35 38 31 39 40 18 43 15 17 7 4 41 10 3 20 25 13 33 36 0 12 26 34 29 32 16 21 8 6 1 
20 26 5 32 37 6 34 22 15 38 18 19 17 7 29 8 1 2 36 9 40 12 33 10 23 14 0 31 43 21 24 4 16 28 25 35 13 41 11 44 3 30 42 39 27 
20 26 5 32 37 6 34 22 15 38 18 19 17 7 29 8 1 2 36 9 40 12 33 10 23 14 0 31 43 21 24 4 16 28 25 35 13 41 11 44 3 30 42 39 27 
27 24 32 6 22 37 23 13 39 0 35 5 33 1 29 17 42 31 14 12 41 2 7 8 16 28 30 3 15 4 40 21 34 9 18 19 10 11 44 20 36 25 26 38 43 
27 24 32 6 22 37 23 13 39 0 35 5 33 1 29 17 42 31 14 12 41 2 7 8 16 28 30 3 15 4 40 21 34 9 18 19 10 11 44 20 36 25 26 38 43 
26 24 28 29 9 17 19 15 14 8 36 2 3 25 43 40 37 20 44 6 11 16 12 4 13 38 34 23 5 0 35 41 21 32 10 31 42 1 33 22 18 7 39 27 30 
26 24 28 29 9 17 19 15 14 8 36 2 3 25 43 40 37 20 44 6 11 16 12 4 13 38 34 23 5 0 35 41 21 32 10 31 42 1 33 22 18 7 39 27 30 
0 21 2 1 5 3 39 11 13 4 6 24 18 36 35 7 22 8 33 38 25 9 43 42 10 12 23 14 40 29 15 16 31 17 41 19 20 26 27 28 30 32 34 37 44 
0 21 2 1 5 3 39 11 13 4 6 24 18 36 35 7 22 8 33 38 25 9 43 42 10 12 23 14 40 29 15 16 31 17 41 19 20 26 27 28 30 32 34 37 44 
37 17 33 13 25 19 14 21 30 1 36 26 40 35 41 8 39 18 29 20 16 2 6 34 27 42 43 3 5 23 15 44 0 7 24 31 9 10 38 11 22 12 28 32 4 
37 17 33 13 25 19 14 21 30 1 36 26 40 35 41 8 39 18 29 20 16 2 6 34 27 42 43 3 5 23 15 44 0 7 24 31 9 10 38 11 22 12 28 32 4 
37 17 33 13 25 19 14 21 30 1 36 26 40 35 41 8 39 18 29 20 16 2 6 34 27 42 43 3 5 23 15 44 0 7 24 31 9 10 38 11 22 12 28 32 4 
37 13 43 1 17 20 2 5 25 3 30 19 21 36 18 11 22 4 34 6 27 7 41 31 8 40 12 9 38 29 26 10 14 15 23 39 16 24 28 32 35 33 42 44 0 
14 15 0 35 22 17 18 3 25 20 6 43 23 33 37 24 16 31 8 28 13 30 27 34 26 38 4 40 42 11 44 9 2 7 12 21 32 39 29 10 41 19 36 1 5 
14 15 0 35 22 17 18 3 25 20 6 43 23 33 37 24 16 31 8 28 13 30 27 34 26 38 4 40 42 11 44 9 2 7 12 21 32 39 29 10 41 19 36 1 5 
40 25 33 26 2 6 12 7 34 17 32 8 36 9 18 39 30 42 5 41 24 22 43 4 11 14 15 31 16 19 29 37 35 1 13 23 21 28 27 3 0 20 38 44 10 
40 25 33 26 2 6 12 7 34 17 32 8 36 9 18 39 30 42 5 41 24 22 43 4 11 14 15 31 16 19 29 37 35 1 13 23 21 28 27 3 0 20 38 44 10 
3 17 30 20 39 32 7 24 9 15 25 19 38 29 26 28 44 5 4 11 42 22 37 34 40 14 1 31 36 10 8 13 21 0 23 41 16 27 33 2 35 6 12 18 43 
3 17 30 20 39 32 7 24 9 15 25 19 38 29 26 28 44 5 4 11 42 22 37 34 40 14 1 31 36 10 8 13 21 0 23 41 16 27 33 2 35 6 12 18 43 
41 40 27 20 30 39 8 29 1 38 7 37 36 24 6 35 16 28 34 12 23 33 26 32 44 25 11 22 21 5 19 13 17 18 15 14 10 9 43 3 2 0 42 4 31 
4 26 20 21 13 10 37 1 28 17 27 22 36 12 40 31 34 7 23 8 38 2 35 6 43 19 3 33 42 25 14 16 18 5 15 44 29 9 39 11 41 24 30 32 0 
32 5 27 44 24 41 15 21 20 6 35 16 7 18 25 28 8 22 9 1 3 12 43 13 42 38 0 17 36 37 10 40 4 26 29 33 30 31 39 34 14 11 23 19 2 
32 2 12 16 5 26 3 23 25 19 10 15 4 35 29 6 9 28 41 7 36 31 42 8 34 11 44 38 27 20 13 0 17 18 21 22 37 40 1 30 33 39 43 14 24 
32 2 12 16 5 26 3 23 25 19 10 15 4 35 29 6 9 28 41 7 36 31 42 8 34 11 44 38 27 20 13 0 17 18 21 22 37 40 1 30 33 39 43 14 24 
44 24 40 27 35 4 9 7 20 11 25 16 2 18 37 22 43 19 42 13 41 34 26 3 10 8 15 23 32 33 39 36 28 29 5 14 38 17 30 6 31 0 21 1 12 
13 1 19 40 24 37 11 8 3 18 31 14 2 16 12 25 41 20 27 42 17 4 32 5 36 33 22 35 28 29 43 30 38 6 7 15 23 9 21 10 39 26 34 44 0 
39 44 10 41 19 43 26 32 17 3 5 27 28 42 24 12 14 16 34 18 40 25 20 38 35 37 15 4 7 36 22 30 31 6 33 29 8 23 11 9 21 13 0 2 1 
39 44 10 41 19 43 26 32 17 3 5 27 28 42 24 12 14 16 34 18 40 25 20 38 35 37 15 4 7 36 22 30 31 6 33 29 8 23 11 9 21 13 0 2 1 
4 15 30 24 5 39 16 14 27 29 38 19 35 2 3 8 12 37 40 0 34 21 17 31 6 33 28 11 42 9 18 26 1 43 20 23 25 13 10 41 44 32 22 7 36 
4 15 30 24 5 39 16 14 27 29 38 19 35 2 3 8 12 37 40 0 34 21 17 31 6 33 28 11 42 9 18 26 1 43 20 23 25 13 10 41 44 32 22 7 36 
31 0 15 18 4 41 23 22 1 7 24 36 32 29 40 25 19 27 20 10 39 8 42 2 35 37 44 11 21 12 5 9 26 16 3 33 28 30 14 38 13 6 34 17 43 
31 0 15 18 4 41 23 22 1 7 24 36 32 29 40 25 19 27 20 10 39 8 42 2 35 37 44 11 21 12 5 9 26 16 3 33 28 30 14 38 13 6 34 17 43 
16 35 43 36 17 28 27 24 12 42 6 33 1 3 30 22 26 9 25 19 10 18 20 29 32 11 5 41 23 4 2 21 44 39 7 34 38 13 40 31 8 15 14 0 37 
16 35 43 36 17 28 27 24 12 42 6 33 1 3 30 22 26 9 25 19 10 18 20 29 32 11 5 41 23 4 2 21 44 39 7 34 38 13 40 31 8 15 14 0 37 
