1 30 17 3 21 18 34 9 12 4 22 19 5 16 26 14 13 31 20 29 7 25 15 27 32 23 33 10 2 8 24 0 6 11 28 
34 9 12 4 5 16 13 26 14 31 20 28 15 1 30 25 27 32 17 3 23 2 10 33 24 8 0 6 11 7 29 22 19 21 18 
2 10 33 23 32 15 17 28 3 21 18 34 9 12 4 22 19 5 16 20 14 26 13 31 29 7 1 30 25 27 0 6 11 8 24 
2 10 33 23 32 15 17 28 3 21 18 34 9 12 4 22 19 5 16 20 14 26 13 31 29 7 1 30 25 27 0 6 11 8 24 
2 10 33 23 32 15 17 28 3 21 18 34 9 12 4 22 19 5 16 20 14 26 13 31 29 7 1 30 25 27 0 6 11 8 24 
27 32 3 23 17 28 15 30 1 25 7 29 31 20 14 26 13 16 9 12 4 5 22 19 34 21 18 33 10 2 8 24 0 6 11 
27 32 3 23 17 28 15 30 1 25 7 29 31 20 14 26 13 16 9 12 4 5 22 19 34 21 18 33 10 2 8 24 0 6 11 
3 2 10 24 8 27 25 15 30 28 1 7 29 31 20 14 26 13 16 22 19 4 12 5 9 34 21 18 33 23 32 0 6 11 17 
23 3 32 17 15 30 1 7 29 25 11 0 6 24 8 2 10 33 18 21 34 9 12 5 4 19 22 16 26 13 14 31 20 28 27 
23 3 32 17 15 30 1 7 29 25 11 0 6 24 8 2 10 33 18 21 34 9 12 5 4 19 22 16 26 13 14 31 20 28 27 
9 5 22 19 12 4 16 26 13 31 20 14 29 7 1 30 25 15 17 3 28 27 0 6 11 32 24 8 2 10 33 23 34 21 18 
23 3 32 17 15 30 1 7 29 25 11 0 6 24 8 2 10 33 18 21 34 9 12 5 4 19 22 16 26 13 14 31 20 28 27 
7 29 1 30 25 0 27 15 28 17 3 8 24 2 10 23 33 21 18 34 9 12 4 19 22 5 16 13 26 14 31 20 32 6 11 
7 29 1 30 25 0 27 15 28 17 3 8 24 2 10 23 33 21 18 34 9 12 4 19 22 5 16 13 26 14 31 20 32 6 11 
0 27 32 17 28 15 30 1 3 23 2 10 8 24 33 21 18 34 9 12 4 5 19 22 16 26 14 20 31 13 29 7 25 11 6 
7 29 1 30 25 0 27 15 28 17 3 8 24 2 10 23 33 21 18 34 9 12 4 19 22 5 16 13 26 14 31 20 32 6 11 
23 33 10 2 24 8 0 11 25 30 1 15 17 28 27 32 3 21 18 34 9 12 4 19 22 5 16 13 26 14 20 31 29 7 6 
32 17 27 15 1 30 28 3 23 2 10 33 21 34 9 12 4 19 22 5 16 13 26 14 20 31 29 7 25 11 0 6 8 24 18 
5 4 12 9 34 21 18 33 23 27 32 17 3 10 2 24 8 0 28 15 30 1 25 6 11 7 29 20 31 13 26 14 19 22 16 
27 32 17 28 15 30 1 25 7 29 20 31 14 26 13 16 5 4 12 19 22 9 34 33 10 2 23 3 21 18 24 8 0 11 6 
28 27 32 17 15 30 1 0 2 10 8 24 33 23 3 21 18 34 9 12 4 19 22 5 16 13 26 14 31 20 29 7 25 11 6 
4 19 22 5 12 9 34 18 21 10 2 23 17 3 33 24 8 6 0 11 27 32 28 15 30 1 25 7 29 20 14 31 13 26 16 
0 11 6 8 24 2 10 33 23 3 17 15 25 30 1 7 29 26 13 31 20 14 12 4 22 19 16 5 9 21 34 18 28 27 32 
12 4 19 22 5 9 34 21 18 3 23 33 10 2 24 8 32 27 25 30 1 28 15 17 0 11 6 7 29 31 20 14 13 26 16 
19 4 12 9 34 21 18 33 23 3 17 15 28 27 0 11 6 8 24 2 10 32 25 30 1 7 29 20 14 26 13 31 16 5 22 
19 4 12 9 34 21 18 33 23 3 17 15 28 27 0 11 6 8 24 2 10 32 25 30 1 7 29 20 14 26 13 31 16 5 22 
19 4 12 9 34 21 18 33 23 3 17 15 28 27 0 11 6 8 24 2 10 32 25 30 1 7 29 20 14 26 13 31 16 5 22 
19 4 12 9 34 21 18 33 23 3 17 15 28 27 0 11 6 8 24 2 10 32 25 30 1 7 29 20 14 26 13 31 16 5 22 
30 1 25 28 15 17 27 32 3 23 10 2 33 21 18 34 9 12 4 22 19 5 16 26 13 14 31 20 29 7 11 6 0 8 24 
30 1 25 28 15 17 27 32 3 23 10 2 33 21 18 34 9 12 4 22 19 5 16 26 13 14 31 20 29 7 11 6 0 8 24 
33 10 2 24 8 23 3 17 32 15 30 1 25 28 27 0 11 6 7 29 26 13 31 20 14 19 22 4 12 5 16 9 34 21 18 
0 27 32 2 8 24 10 23 33 18 9 34 21 19 4 12 5 22 16 13 26 14 20 31 29 7 25 15 30 1 28 17 3 11 6 
33 10 2 24 8 23 3 17 32 15 30 1 25 28 27 0 11 6 7 29 26 13 31 20 14 19 22 4 12 5 16 9 34 21 18 
0 27 32 2 8 24 10 23 33 18 9 34 21 19 4 12 5 22 16 13 26 14 20 31 29 7 25 15 30 1 28 17 3 11 6 
33 18 21 34 9 12 4 22 19 5 16 26 13 14 31 20 29 7 25 27 17 3 23 10 2 24 8 0 32 15 30 1 28 6 11 
32 27 0 2 10 33 23 3 17 28 1 30 25 15 11 6 24 8 21 18 34 9 12 4 19 22 5 16 13 26 14 20 31 29 7 
32 27 0 2 10 33 23 3 17 28 1 30 25 15 11 6 24 8 21 18 34 9 12 4 19 22 5 16 13 26 14 20 31 29 7 
30 1 7 29 31 20 14 26 13 16 19 22 5 12 4 9 34 21 18 33 23 3 17 32 27 25 11 6 8 24 10 2 0 28 15 
30 1 7 29 31 20 14 26 13 16 19 22 5 12 4 9 34 21 18 33 23 3 17 32 27 25 11 6 8 24 10 2 0 28 15 
30 1 7 29 31 20 14 26 13 16 19 22 5 12 4 9 34 21 18 33 23 3 17 32 27 25 11 6 8 24 10 2 0 28 15 
30 1 7 29 31 20 14 26 13 16 19 22 5 12 4 9 34 21 18 33 23 3 17 32 27 25 11 6 8 24 10 2 0 28 15 
27 15 28 32 3 23 2 10 24 8 6 0 11 25 1 30 7 29 20 26 13 14 31 16 22 19 4 12 5 9 18 34 21 33 17 
22 4 12 5 9 34 21 18 3 23 33 2 10 8 24 27 15 32 17 28 30 1 25 11 0 6 7 29 20 14 26 13 31 19 16 
12 4 19 22 5 16 9 34 21 18 33 23 32 27 15 30 1 28 17 3 10 2 24 8 0 11 6 25 7 29 31 13 26 14 20 
12 4 19 22 5 16 9 34 21 18 33 23 32 27 15 30 1 28 17 3 10 2 24 8 0 11 6 25 7 29 31 13 26 14 20 
12 4 19 22 5 16 9 34 21 18 33 23 32 27 15 30 1 28 17 3 10 2 24 8 0 11 6 25 7 29 31 13 26 14 20 
12 4 19 22 5 16 9 34 21 18 33 23 32 27 15 30 1 28 17 3 10 2 24 8 0 11 6 25 7 29 31 13 26 14 20 
18 34 9 19 22 16 26 13 14 31 20 29 7 1 30 15 28 17 32 0 11 6 27 25 3 23 2 10 24 8 33 21 12 4 5 
18 34 9 19 22 16 26 13 14 31 20 29 7 1 30 15 28 17 32 0 11 6 27 25 3 23 2 10 24 8 33 21 12 4 5 
9 12 4 19 22 5 16 26 13 14 31 20 30 1 25 28 15 27 32 17 3 33 23 2 10 24 8 0 6 11 7 29 21 34 18 
9 12 4 19 22 5 16 26 13 14 31 20 30 1 25 28 15 27 32 17 3 33 23 2 10 24 8 0 6 11 7 29 21 34 18 
9 12 4 19 22 5 16 26 13 14 31 20 30 1 25 28 15 27 32 17 3 33 23 2 10 24 8 0 6 11 7 29 21 34 18 
6 11 0 27 32 17 3 23 2 10 8 24 33 18 21 34 9 12 4 19 22 5 16 13 26 14 20 31 28 30 1 25 15 7 29 
6 11 0 27 32 17 3 23 2 10 8 24 33 18 21 34 9 12 4 19 22 5 16 13 26 14 20 31 28 30 1 25 15 7 29 
6 11 0 27 32 17 3 23 2 10 8 24 33 18 21 34 9 12 4 19 22 5 16 13 26 14 20 31 28 30 1 25 15 7 29 
3 32 17 15 28 30 1 0 27 24 8 10 2 23 33 21 18 34 9 12 5 4 19 22 16 13 26 14 20 31 29 7 25 11 6 
3 32 17 15 28 30 1 0 27 24 8 10 2 23 33 21 18 34 9 12 5 4 19 22 16 13 26 14 20 31 29 7 25 11 6 
3 32 17 15 28 30 1 0 27 24 8 10 2 23 33 21 18 34 9 12 5 4 19 22 16 13 26 14 20 31 29 7 25 11 6 
3 32 17 15 28 30 1 0 27 24 8 10 2 23 33 21 18 34 9 12 5 4 19 22 16 13 26 14 20 31 29 7 25 11 6 
17 32 0 27 30 1 20 31 14 13 26 22 16 12 4 5 19 9 34 21 18 33 23 10 2 24 8 6 11 29 7 25 28 15 3 
29 1 30 28 17 27 32 3 23 2 24 8 10 33 18 34 9 4 12 21 19 22 5 16 13 26 14 31 20 15 25 0 11 6 7 
29 1 30 28 17 27 32 3 23 2 24 8 10 33 18 34 9 4 12 21 19 22 5 16 13 26 14 31 20 15 25 0 11 6 7 
4 22 19 12 9 34 21 18 23 33 10 2 3 17 28 15 30 1 25 27 0 32 24 8 6 11 7 29 20 31 14 26 13 16 5 
4 22 19 12 9 34 21 18 23 33 10 2 3 17 28 15 30 1 25 27 0 32 24 8 6 11 7 29 20 31 14 26 13 16 5 
22 5 4 12 9 34 21 18 33 10 2 23 3 17 28 15 30 1 25 27 32 0 24 8 6 11 7 29 31 20 14 26 13 19 16 
22 5 4 12 9 34 21 18 33 10 2 23 3 17 28 15 30 1 25 27 32 0 24 8 6 11 7 29 31 20 14 26 13 19 16 
27 0 6 8 24 2 10 33 23 3 32 17 28 30 1 7 29 20 31 14 26 13 16 22 12 5 4 19 21 18 34 9 15 25 11 
27 0 6 8 24 2 10 33 23 3 32 17 28 30 1 7 29 20 31 14 26 13 16 22 12 5 4 19 21 18 34 9 15 25 11 
8 24 10 2 23 33 21 4 22 19 16 5 12 9 34 18 3 17 32 27 15 30 1 25 28 20 14 13 26 31 29 7 11 0 6 
8 24 10 2 23 33 21 4 22 19 16 5 12 9 34 18 3 17 32 27 15 30 1 25 28 20 14 13 26 31 29 7 11 0 6 
8 24 10 2 23 33 21 4 22 19 16 5 12 9 34 18 3 17 32 27 15 30 1 25 28 20 14 13 26 31 29 7 11 0 6 
8 24 10 2 23 33 21 4 22 19 16 5 12 9 34 18 3 17 32 27 15 30 1 25 28 20 14 13 26 31 29 7 11 0 6 
16 9 34 21 18 33 10 2 32 0 27 15 28 17 3 23 24 8 6 11 25 30 1 7 29 20 14 26 13 31 19 4 12 5 22 
29 1 30 15 17 28 3 23 2 10 33 18 21 34 9 12 4 16 5 22 19 13 26 20 31 14 7 25 27 32 0 24 8 6 11 
6 0 27 25 30 1 28 17 15 32 2 10 23 33 3 21 18 34 9 12 4 19 22 5 16 26 13 14 20 31 29 7 11 8 24 
6 0 27 25 30 1 28 17 15 32 2 10 23 33 3 21 18 34 9 12 4 19 22 5 16 26 13 14 20 31 29 7 11 8 24 
3 17 32 15 1 30 25 27 0 11 6 10 24 8 2 23 33 21 18 34 9 12 4 22 19 5 16 26 13 14 31 20 29 7 28 
6 0 27 25 30 1 28 17 15 32 2 10 23 33 3 21 18 34 9 12 4 19 22 5 16 26 13 14 20 31 29 7 11 8 24 
1 30 25 11 6 0 27 32 17 3 23 24 8 2 10 33 12 4 5 9 34 18 21 22 19 16 13 26 14 20 31 29 7 15 28 
1 30 25 11 6 0 27 32 17 3 23 24 8 2 10 33 12 4 5 9 34 18 21 22 19 16 13 26 14 20 31 29 7 15 28 
1 30 25 11 6 0 27 32 17 3 23 24 8 2 10 33 12 4 5 9 34 18 21 22 19 16 13 26 14 20 31 29 7 15 28 
8 24 2 10 33 17 28 30 1 27 0 7 29 31 20 14 26 13 19 4 12 5 22 16 9 34 21 18 23 3 32 15 25 11 6 
7 29 30 1 15 28 3 32 17 25 27 0 11 6 24 8 2 10 23 33 21 4 12 5 22 19 34 18 9 16 13 26 14 31 20 
24 8 2 10 23 3 17 27 15 30 1 25 7 29 31 20 14 26 13 16 5 12 4 9 34 18 21 33 19 22 28 32 0 11 6 
24 8 2 10 23 3 17 27 15 30 1 25 7 29 31 20 14 26 13 16 5 12 4 9 34 18 21 33 19 22 28 32 0 11 6 
24 8 2 10 23 3 17 27 15 30 1 25 7 29 31 20 14 26 13 16 5 12 4 9 34 18 21 33 19 22 28 32 0 11 6 
24 8 2 10 23 3 17 27 15 30 1 25 7 29 31 20 14 26 13 16 5 12 4 9 34 18 21 33 19 22 28 32 0 11 6 
10 2 23 3 17 32 15 30 1 28 19 22 26 13 14 31 20 29 7 25 27 0 11 6 8 24 33 21 34 9 12 4 5 16 18 
10 2 23 3 17 32 15 30 1 28 19 22 26 13 14 31 20 29 7 25 27 0 11 6 8 24 33 21 34 9 12 4 5 16 18 
12 4 19 22 5 16 13 26 14 20 31 29 7 25 1 30 28 15 32 27 0 11 6 24 8 10 23 2 33 3 17 21 34 9 18 
12 4 19 22 5 16 13 26 14 20 31 29 7 25 1 30 28 15 32 27 0 11 6 24 8 10 23 2 33 3 17 21 34 9 18 
12 4 19 22 5 16 13 26 14 20 31 29 7 25 1 30 28 15 32 27 0 11 6 24 8 10 23 2 33 3 17 21 34 9 18 
12 4 19 22 5 16 13 26 14 20 31 29 7 25 1 30 28 15 32 27 0 11 6 24 8 10 23 2 33 3 17 21 34 9 18 
32 17 27 15 30 1 25 7 29 28 3 11 0 6 8 24 2 10 33 23 21 18 34 9 12 4 19 22 5 16 13 26 14 31 20 
15 28 17 3 32 27 25 11 0 6 8 24 10 2 23 33 18 21 34 12 4 22 19 5 9 16 13 26 14 31 20 1 30 7 29 
34 9 5 22 19 4 12 16 20 14 26 13 31 29 7 1 30 25 27 32 17 28 15 0 11 6 8 24 10 2 23 3 21 33 18 
10 2 24 8 3 17 28 15 1 30 27 32 23 33 21 18 34 9 12 4 22 5 19 16 13 26 14 20 31 29 7 25 11 6 0 
10 2 24 8 3 17 28 15 1 30 27 32 23 33 21 18 34 9 12 4 22 5 19 16 13 26 14 20 31 29 7 25 11 6 0 
10 2 23 33 34 9 4 19 22 16 5 12 21 18 3 17 32 27 15 30 1 28 14 26 13 31 20 29 25 7 11 0 6 8 24 
25 30 1 7 29 20 31 14 13 26 19 4 12 22 5 16 9 34 21 18 23 2 10 33 3 17 28 15 27 0 6 11 32 24 8 
