29 72 75 73 37 47 78 1 30 43 25 50 51 0 71 11 77 6 42 8 24 45 17 59 28 60 53 44 39 36 20 14 63 26 62 13 70 65 16 5 12 4 22 61 19 52 18 56 58 38 34 9 48 21 49 79 66 3 35 23 33 54 76 55 68 41 10 2 32 40 27 64 15 57 69 46 7 67 74 31 
24 8 40 50 51 11 71 0 77 6 32 17 59 28 60 44 53 39 78 74 20 63 14 26 13 62 31 37 47 36 72 73 75 29 7 46 69 43 25 57 64 27 15 30 1 67 3 35 23 45 2 10 41 68 33 54 76 55 21 49 58 56 18 38 34 9 48 52 12 4 5 16 65 70 61 22 19 79 66 42 
30 1 74 67 78 39 20 28 60 44 53 13 62 26 14 63 79 66 3 35 76 54 33 68 55 56 18 58 38 21 49 52 48 34 9 12 4 5 22 61 19 65 16 70 31 37 47 36 72 73 75 29 7 46 43 69 25 50 51 71 11 77 6 24 8 42 0 40 59 27 17 32 45 23 41 10 2 64 57 15 
30 1 74 67 78 39 20 28 60 44 53 13 62 26 14 63 79 66 3 35 76 54 33 68 55 56 18 58 38 21 49 52 48 34 9 12 4 5 22 61 19 65 16 70 31 37 47 36 72 73 75 29 7 46 43 69 25 50 51 71 11 77 6 24 8 42 0 40 59 27 17 32 45 23 41 10 2 64 57 15 
67 74 1 78 36 47 37 31 20 44 60 28 59 17 3 35 76 54 68 55 56 18 58 34 9 48 49 21 38 5 16 65 70 26 13 62 14 63 61 22 19 12 4 52 79 66 53 39 15 30 25 43 11 50 51 64 27 0 40 42 8 24 2 10 41 33 23 32 45 6 77 71 57 69 46 7 72 73 75 29 
30 74 1 67 36 47 37 31 20 73 29 75 72 78 39 28 60 53 44 63 14 26 13 62 70 65 16 5 12 4 22 19 61 66 79 52 9 48 38 34 58 56 18 49 21 76 54 33 68 55 41 2 10 24 8 42 0 71 77 6 11 51 50 64 25 69 43 46 7 57 27 32 40 45 23 3 35 59 17 15 
13 26 63 14 53 44 66 28 60 59 17 3 35 76 49 21 38 56 18 58 34 9 48 52 4 12 5 22 19 61 65 16 70 62 31 37 47 20 36 78 39 74 67 1 30 43 25 64 27 15 40 0 51 11 71 50 57 69 46 7 75 73 72 29 77 6 42 24 8 2 10 41 33 68 55 54 23 45 32 79 
63 26 13 62 31 20 37 47 36 78 74 67 25 43 46 7 69 57 50 51 64 27 40 0 71 11 77 6 24 8 42 45 32 17 59 28 60 44 53 66 79 35 3 23 54 76 55 68 41 10 2 33 38 21 49 52 9 34 48 58 56 18 5 4 12 19 22 61 65 16 70 14 39 15 30 1 29 72 73 75 
35 3 17 59 28 60 44 53 31 37 47 36 78 39 74 1 30 15 32 40 6 77 11 51 71 0 42 8 24 2 10 41 33 68 54 76 12 4 19 22 61 26 62 13 70 65 16 5 52 49 21 38 58 56 18 48 34 9 79 66 14 63 20 67 72 73 75 29 69 46 7 43 57 25 50 64 27 45 23 55 
55 68 54 76 33 10 2 23 35 3 17 59 28 60 39 36 20 47 37 31 62 26 13 70 65 16 5 12 4 19 22 61 14 63 53 44 15 25 64 40 42 0 71 51 50 43 69 46 7 1 29 75 73 72 74 78 67 30 27 32 45 24 8 6 77 11 57 66 79 52 9 34 58 38 48 21 49 56 18 41 
24 8 42 0 71 51 50 64 27 17 3 59 66 79 49 21 38 58 34 48 52 12 4 22 61 63 14 26 13 62 31 47 37 72 29 75 73 78 36 20 39 28 45 2 10 41 33 54 76 68 55 56 18 9 5 16 65 70 19 53 44 60 15 74 67 1 30 25 43 69 46 7 57 11 77 6 40 32 35 23 
25 43 50 51 11 57 69 46 7 74 78 36 47 37 20 44 53 60 28 17 59 66 79 49 38 48 34 58 18 56 55 68 33 2 10 41 8 24 32 45 3 23 35 76 54 21 52 4 22 19 61 70 65 16 5 12 9 14 63 26 13 62 31 72 73 75 29 67 1 30 15 27 40 42 6 77 71 0 64 39 
77 11 51 50 71 0 27 40 42 8 24 45 32 3 35 33 68 54 76 23 2 10 41 55 18 56 58 38 21 49 52 4 19 61 22 65 16 70 13 26 14 63 72 73 75 29 44 53 60 28 59 17 66 79 48 34 9 12 5 62 31 37 47 20 36 78 1 39 30 15 64 25 43 69 7 46 74 67 57 6 
13 26 78 74 67 1 30 15 17 59 28 60 66 79 19 22 61 63 14 31 37 47 72 73 75 29 7 46 43 25 64 50 51 71 0 8 24 42 6 77 11 57 69 27 40 45 35 3 32 76 54 68 55 41 10 2 23 33 56 18 58 38 52 9 34 48 21 49 4 12 5 16 65 70 62 36 39 44 53 20 
11 77 71 27 64 50 51 67 74 1 30 28 17 3 35 23 76 49 21 38 58 34 48 12 4 19 22 61 26 13 62 31 37 47 20 36 78 39 44 53 60 15 59 66 79 52 9 5 65 16 70 14 63 75 73 72 29 46 7 69 57 25 43 40 0 42 8 24 2 10 41 68 55 18 56 33 54 45 32 6 
3 35 76 54 33 68 55 56 18 58 38 48 49 21 34 9 52 12 4 5 65 16 70 14 26 63 13 62 31 37 47 20 39 78 36 73 72 75 29 67 74 1 30 15 28 60 44 53 61 22 19 79 66 59 17 23 10 41 2 45 32 27 64 50 51 77 11 71 40 0 42 8 24 57 69 46 7 25 43 6 
4 22 61 19 12 48 38 58 56 18 55 68 33 23 3 35 76 54 49 21 34 9 52 79 66 28 60 59 17 15 1 67 36 78 74 30 39 44 53 27 64 50 51 0 71 40 32 45 2 10 41 24 8 42 6 77 11 57 69 43 25 46 7 29 75 73 72 37 47 20 31 26 13 62 14 63 70 65 16 5 
44 20 47 36 78 39 53 63 14 26 13 62 31 37 73 75 29 72 74 67 1 30 46 7 69 43 57 50 51 71 6 77 11 10 24 8 42 0 32 2 45 40 27 64 25 15 28 60 59 17 3 35 23 21 49 48 34 9 55 68 54 76 33 41 56 18 58 38 52 4 12 5 65 16 70 61 22 19 79 66 
27 50 71 0 51 11 77 6 8 24 42 32 45 23 35 3 76 54 33 68 55 56 18 58 38 34 48 52 79 66 59 17 28 60 39 36 78 74 67 1 30 15 25 43 69 57 46 7 29 72 73 75 20 47 37 31 14 63 53 44 26 13 62 70 16 65 5 4 22 61 19 12 9 21 49 10 2 41 40 64 
9 52 48 34 58 38 21 49 79 66 60 53 44 39 78 74 67 30 17 59 28 15 27 40 0 71 51 50 64 25 43 69 46 7 1 36 37 47 31 20 14 63 19 61 22 4 12 5 65 16 70 13 26 62 72 73 75 29 57 11 77 6 42 24 8 45 32 33 54 76 3 35 23 2 10 41 55 68 56 18 
51 11 71 64 27 0 40 42 8 24 2 10 41 68 33 54 76 35 3 17 59 28 60 19 22 61 13 62 31 37 36 78 74 39 44 53 20 14 63 26 70 65 16 5 12 4 9 34 48 38 58 55 56 18 21 49 52 79 66 47 72 75 73 29 7 46 67 1 30 15 50 25 43 69 57 77 6 32 45 23 
20 37 47 36 78 39 44 53 60 79 66 49 21 76 54 33 68 35 3 17 59 28 43 25 30 1 67 74 72 29 73 75 46 7 69 57 51 50 64 15 32 45 24 8 42 0 71 11 77 6 40 27 23 2 10 41 56 18 55 58 38 48 34 9 4 22 19 61 63 14 62 26 13 70 65 16 5 12 52 31 
58 34 9 48 21 49 52 12 5 4 19 61 22 79 66 55 68 33 54 76 23 35 3 17 59 28 60 44 53 20 47 37 31 14 63 26 62 13 70 65 16 39 74 67 43 25 69 7 46 36 78 72 29 73 75 30 1 15 64 27 40 32 45 0 71 51 50 57 11 77 6 42 8 24 2 10 41 18 56 38 
50 51 11 77 71 42 40 0 64 25 43 57 69 46 7 74 67 29 72 73 75 20 36 47 37 31 14 63 26 62 13 70 16 65 5 12 4 19 61 22 49 21 56 18 38 58 34 9 48 52 79 66 59 17 3 35 76 54 55 68 33 41 10 2 23 45 32 28 60 44 53 39 78 1 30 15 27 8 24 6 
50 51 11 77 40 0 42 23 35 3 45 32 15 30 1 74 67 78 39 72 73 75 29 7 46 69 57 43 25 64 27 59 17 28 60 44 53 20 47 36 37 31 62 26 63 22 19 52 48 21 49 38 58 34 9 12 4 5 16 65 70 61 13 14 66 79 54 76 55 33 68 18 56 41 10 2 24 8 6 71 
44 39 78 36 47 37 31 62 13 26 14 63 61 65 16 22 19 53 60 28 59 17 32 40 45 23 35 3 33 54 76 49 21 38 58 34 48 9 18 56 55 68 41 8 24 10 2 42 0 71 6 77 11 51 50 64 27 15 30 1 74 67 25 43 69 57 7 46 29 75 73 72 20 66 79 52 12 4 5 70 
0 40 25 43 69 46 7 67 1 74 78 72 73 75 29 36 20 37 47 31 62 26 13 14 63 53 44 60 28 15 45 3 35 76 54 33 68 55 56 18 38 58 34 9 52 48 21 49 12 4 22 19 61 70 16 65 5 79 66 59 17 32 27 64 50 51 11 77 71 6 42 24 8 2 23 10 41 39 30 57 
21 49 48 38 34 9 12 4 19 22 61 26 62 31 47 74 78 39 36 1 30 15 60 28 59 17 32 40 45 24 8 42 0 51 50 64 27 71 11 77 6 57 25 43 69 7 46 67 72 73 75 29 37 20 44 53 63 14 13 70 65 16 5 52 79 66 76 54 55 68 33 35 3 23 2 10 41 56 18 58 
21 49 48 38 34 9 12 4 19 22 61 26 62 31 47 74 78 39 36 1 30 15 60 28 59 17 32 40 45 24 8 42 0 51 50 64 27 71 11 77 6 57 25 43 69 7 46 67 72 73 75 29 37 20 44 53 63 14 13 70 65 16 5 52 79 66 76 54 55 68 33 35 3 23 2 10 41 56 18 58 
73 75 29 72 67 74 78 36 37 47 20 63 14 62 26 13 70 65 16 52 4 79 66 59 17 27 64 50 51 71 0 40 32 45 23 2 41 33 54 68 55 56 18 58 38 49 21 48 34 9 12 19 22 5 61 60 28 15 30 1 25 43 69 46 7 57 11 77 6 42 24 8 10 76 35 3 53 44 39 31 
41 33 68 55 56 18 58 48 52 12 4 19 61 22 5 16 65 70 62 13 26 63 14 53 44 20 39 60 28 59 17 15 27 32 40 71 51 50 64 43 25 30 1 67 74 78 36 47 37 31 72 73 75 29 46 7 69 57 77 11 42 0 6 8 24 2 10 23 35 3 45 54 76 49 21 38 34 9 79 66 
16 65 5 4 12 9 48 38 58 34 49 21 56 18 55 68 54 76 33 41 10 2 23 35 3 17 59 28 60 39 30 1 74 67 78 36 47 37 44 53 63 14 26 13 62 31 20 73 75 72 29 7 46 69 25 43 57 50 51 71 11 77 6 0 27 64 40 42 8 24 45 32 15 66 79 61 22 19 52 70 
0 42 24 8 2 23 35 3 17 59 28 60 39 44 53 74 67 69 46 7 29 72 73 75 47 37 31 62 26 13 70 65 16 4 12 52 49 21 38 58 34 48 9 18 56 55 68 33 54 76 10 41 32 45 40 27 50 51 71 6 77 11 57 43 25 30 1 78 36 20 14 63 19 61 22 5 79 66 15 64 
28 17 59 3 35 23 45 32 15 25 43 57 50 64 27 40 0 71 51 11 77 6 42 24 8 2 10 41 68 33 54 76 21 49 79 66 19 22 61 14 63 39 78 74 67 1 30 60 44 53 20 37 47 36 29 75 73 72 31 62 26 13 70 65 16 5 12 4 9 34 38 58 18 56 55 48 52 7 46 69 
72 67 74 78 39 44 53 60 28 59 17 3 35 76 54 68 33 55 56 18 58 38 21 49 34 9 12 4 5 22 19 61 63 20 14 26 13 62 31 37 47 36 73 75 29 46 7 69 43 25 30 1 15 27 40 0 71 51 50 64 57 11 77 6 42 8 24 2 23 10 41 32 45 66 79 52 48 65 16 70 
52 48 21 38 34 9 12 4 5 22 19 61 16 65 70 13 26 14 63 53 44 39 78 67 74 36 72 73 75 29 46 7 69 57 51 50 25 43 30 1 64 27 40 0 71 11 77 6 42 24 8 2 10 33 68 55 54 76 17 59 15 32 45 23 35 3 66 79 28 60 20 47 37 31 62 49 41 18 56 58 
4 12 9 34 38 48 49 21 52 79 66 3 28 60 39 78 74 67 1 30 15 27 51 50 71 6 77 11 64 25 43 57 69 46 7 75 73 72 29 31 37 47 20 36 53 44 14 63 61 22 19 76 54 33 68 55 56 18 58 35 23 41 2 10 24 8 42 0 40 32 45 17 59 62 26 13 70 65 16 5 
27 40 0 71 51 11 77 6 42 8 24 10 2 45 32 17 59 3 66 79 49 21 38 48 52 22 61 63 19 4 12 5 16 70 65 9 34 58 18 56 55 54 76 68 33 41 23 35 60 28 47 37 20 31 62 13 26 14 53 44 39 78 74 67 36 72 73 75 29 57 43 69 7 46 30 1 50 64 25 15 
11 51 50 57 43 25 30 1 67 74 78 36 20 37 47 72 73 75 29 31 62 13 26 14 63 61 19 4 16 65 70 22 5 12 52 49 21 76 54 68 33 23 2 10 41 55 56 18 58 34 38 9 48 79 66 28 60 44 53 39 46 7 69 15 27 64 77 0 71 6 45 32 40 17 59 3 35 24 8 42 
42 0 40 27 64 50 51 11 77 71 45 23 33 68 55 56 18 38 58 34 9 48 21 49 3 35 76 54 41 10 2 24 8 6 69 57 43 25 15 28 59 66 79 52 12 4 19 61 22 5 16 65 70 13 26 63 14 62 31 37 47 20 53 44 39 78 74 1 67 46 7 29 75 73 72 36 30 60 17 32 
5 12 9 48 38 58 34 21 49 54 68 41 55 56 18 76 35 3 23 33 10 2 24 8 45 17 59 28 60 53 44 39 15 30 1 74 67 78 36 47 20 31 37 75 73 72 29 46 7 69 43 25 64 40 27 32 42 71 51 0 50 57 11 77 6 66 79 19 22 4 52 61 26 13 62 14 63 70 65 16 
58 38 21 49 52 4 12 5 22 61 19 48 34 9 56 18 55 68 54 76 33 41 10 2 23 35 3 17 59 28 60 44 53 39 78 74 67 7 46 1 30 25 43 69 57 64 27 40 42 0 71 11 77 50 51 6 24 8 45 32 15 66 79 63 14 26 13 62 31 37 47 36 20 29 72 73 75 70 65 16 
73 75 72 47 37 36 78 74 67 7 46 1 30 15 50 64 51 11 77 71 0 40 42 8 24 2 10 41 68 33 54 76 35 3 17 59 28 60 53 44 39 20 31 62 26 13 70 61 22 19 4 12 9 34 58 38 48 21 49 52 79 66 63 14 65 16 5 18 56 55 23 45 32 27 25 43 69 57 6 29 
31 37 47 36 78 74 67 1 30 15 17 59 28 60 39 53 44 20 14 63 19 49 21 38 58 34 56 18 76 54 55 68 33 41 10 2 23 45 32 42 0 71 50 51 40 27 64 25 43 69 57 72 73 75 29 46 7 11 77 6 24 8 35 3 66 79 4 12 52 48 9 61 22 5 16 65 70 13 26 62 
22 61 19 52 48 34 21 49 79 66 59 17 28 3 35 23 45 32 0 27 40 64 57 69 43 25 50 51 71 77 11 6 42 8 24 2 10 41 33 68 54 76 38 58 56 55 18 9 12 5 4 63 26 13 62 14 31 37 47 20 36 78 74 67 46 7 29 75 73 72 39 1 30 15 60 53 44 70 65 16 
71 77 11 51 50 32 45 23 2 10 41 68 55 56 38 48 21 49 52 79 66 3 35 54 76 33 8 24 42 40 57 69 46 7 67 74 39 44 53 60 28 30 1 78 20 36 37 47 73 72 29 75 31 62 63 14 13 26 19 22 61 70 65 16 5 4 12 9 34 58 18 59 17 15 27 64 25 43 0 6 
50 51 11 77 40 0 42 23 35 3 45 32 15 30 1 74 67 78 39 72 73 75 29 7 46 69 57 43 25 64 27 59 17 28 60 44 53 20 47 36 37 31 62 26 63 22 19 52 48 21 49 38 58 34 9 12 4 5 16 65 70 61 13 14 66 79 54 76 55 33 68 18 56 41 10 2 24 8 6 71 
71 42 0 40 32 27 64 51 11 77 50 25 28 60 15 30 1 74 78 36 20 37 47 31 62 26 13 70 61 16 65 5 12 4 22 19 79 49 21 34 9 52 48 38 58 56 18 55 68 33 54 76 35 3 45 10 41 23 2 24 8 17 59 66 63 14 53 44 39 72 73 75 29 7 46 69 57 43 67 6 
69 46 7 57 43 25 64 50 42 6 77 11 51 71 0 40 27 17 15 30 1 74 67 78 36 73 72 29 75 47 37 20 31 62 26 63 14 22 61 19 52 21 49 38 48 79 66 60 28 59 3 35 23 45 32 24 8 2 10 41 68 33 54 76 55 18 56 58 34 9 12 4 5 16 65 70 13 44 53 39 
29 72 47 37 31 62 26 13 70 65 16 5 12 19 53 44 60 28 59 17 32 45 2 10 41 56 18 58 38 49 21 48 34 9 52 4 22 61 63 14 20 36 78 74 1 30 15 43 25 64 27 40 0 71 11 51 50 57 7 46 69 67 39 79 66 76 33 68 55 54 35 3 23 24 8 42 6 77 73 75 
28 60 53 44 14 13 26 63 62 20 47 37 31 36 78 39 74 67 1 30 15 59 17 3 35 76 54 68 33 41 10 8 24 2 23 45 32 40 0 71 64 69 7 46 43 57 50 51 11 77 6 42 27 25 29 72 73 75 70 65 16 5 22 61 19 4 12 38 21 49 48 52 9 34 58 56 18 55 79 66 
33 10 42 51 50 71 0 40 27 32 45 2 23 35 3 17 59 28 60 53 44 39 74 67 1 43 25 64 15 30 36 78 20 31 37 47 14 63 61 22 4 12 9 48 21 49 79 66 76 54 68 55 18 56 58 34 38 52 19 5 65 16 70 13 26 62 72 73 75 29 46 7 69 57 77 11 6 24 8 41 
63 14 26 13 62 31 37 47 72 73 75 29 78 74 67 1 30 28 59 41 33 54 76 35 3 17 32 27 40 64 25 43 46 7 69 57 50 51 0 71 11 77 6 8 24 42 45 23 2 10 68 55 18 56 34 58 38 21 49 52 12 4 19 22 61 70 16 65 5 9 48 79 66 60 15 36 20 44 53 39 
39 78 36 47 20 37 31 62 13 26 14 63 53 44 60 28 59 17 15 30 1 74 67 72 73 75 29 46 7 69 43 25 50 51 11 77 6 0 71 27 40 32 45 42 8 24 2 10 41 56 18 58 34 9 48 38 21 76 54 35 3 23 33 68 55 49 79 52 12 4 5 19 61 22 16 65 70 66 64 57 
58 38 49 21 48 52 4 12 5 22 61 19 66 79 68 33 54 76 35 3 17 32 40 0 50 51 71 11 77 6 42 8 24 2 10 23 45 27 64 25 43 57 69 46 7 67 74 78 39 20 53 44 60 28 59 15 30 1 29 72 73 75 36 47 37 31 14 26 63 62 13 70 65 16 34 9 41 55 56 18 
66 79 21 49 52 48 34 38 58 56 18 55 68 33 54 76 35 3 59 17 28 60 39 44 53 14 63 20 47 36 78 74 67 1 30 15 0 42 45 23 2 41 10 8 24 32 40 27 64 50 51 71 11 77 6 57 25 43 69 46 7 72 73 75 29 31 37 62 26 13 61 70 65 16 5 22 4 19 12 9 
26 13 70 65 16 22 19 4 12 52 9 34 58 38 48 21 49 76 54 33 68 55 18 56 41 2 10 23 3 35 28 60 59 17 40 0 71 11 77 6 8 24 42 64 50 51 43 25 57 69 46 7 1 67 74 78 39 44 53 63 14 47 37 31 62 20 36 72 73 75 29 30 15 27 32 45 66 79 61 5 
52 48 21 38 34 9 12 4 5 22 19 61 16 65 70 13 26 14 63 53 44 39 78 67 74 36 72 73 75 29 46 7 69 57 51 50 25 43 30 1 64 27 40 0 71 11 77 6 42 24 8 2 10 33 68 55 54 76 17 59 15 32 45 23 35 3 66 79 28 60 20 47 37 31 62 49 41 18 56 58 
52 48 21 38 34 9 12 4 5 22 19 61 16 65 70 13 26 14 63 53 44 39 78 67 74 36 72 73 75 29 46 7 69 57 51 50 25 43 30 1 64 27 40 0 71 11 77 6 42 24 8 2 10 33 68 55 54 76 17 59 15 32 45 23 35 3 66 79 28 60 20 47 37 31 62 49 41 18 56 58 
27 40 0 71 51 50 64 25 43 46 7 69 57 1 30 15 39 78 36 37 31 62 26 13 70 65 16 61 22 19 4 12 5 21 49 76 54 35 3 23 33 68 2 10 41 55 56 18 58 38 48 34 9 52 79 66 32 45 42 24 8 59 28 60 44 53 63 14 20 47 72 73 75 29 67 74 17 77 11 6 
30 1 67 74 78 36 39 53 44 60 28 59 17 32 24 8 3 79 52 48 38 21 49 19 61 22 5 12 4 16 65 70 13 26 62 14 63 20 47 37 31 75 73 72 29 69 43 25 64 50 51 71 0 27 40 45 2 10 41 33 68 55 56 18 58 34 9 76 54 23 35 66 15 42 6 77 11 57 46 7 
39 31 37 20 47 72 75 73 29 46 7 69 43 25 50 51 11 77 64 27 32 3 17 59 66 79 19 52 9 34 58 38 48 21 49 35 23 2 10 41 56 18 55 76 54 68 33 45 24 8 40 42 0 71 6 57 1 67 74 78 30 15 28 60 44 53 63 14 62 26 13 70 61 22 4 12 5 65 16 36 
0 71 51 50 64 25 43 69 57 11 77 6 42 40 27 32 45 23 35 3 17 59 60 28 53 44 39 78 36 20 14 63 62 26 13 70 65 16 12 4 52 55 68 33 54 76 21 49 34 58 56 18 38 48 9 5 22 61 19 79 66 47 37 31 73 72 29 75 67 74 1 30 15 46 7 2 10 41 24 8 
70 26 13 62 14 63 19 22 61 4 12 9 34 48 21 49 38 56 18 58 55 68 54 76 23 35 3 59 17 28 60 44 53 20 37 47 36 78 74 67 39 1 30 15 27 40 42 24 8 6 0 11 51 71 77 50 64 25 43 57 69 46 7 29 75 73 72 31 79 66 32 45 2 10 41 33 52 5 65 16 
22 61 19 12 9 34 58 56 18 55 68 54 76 49 21 48 38 52 66 53 44 39 1 74 67 78 36 72 73 75 29 7 46 69 57 43 25 64 27 50 51 71 11 77 6 0 40 42 24 8 2 10 41 23 3 35 17 59 28 60 15 30 20 47 37 31 62 26 13 70 65 16 5 4 79 63 14 32 45 33 
76 54 33 41 10 2 45 32 27 64 50 51 11 77 6 71 0 42 8 24 23 3 35 48 34 58 38 21 49 66 40 30 1 67 74 78 36 47 37 20 31 13 26 62 70 65 16 19 22 61 63 14 53 44 39 72 73 75 29 46 7 69 43 57 25 15 59 17 28 60 79 52 4 12 5 9 68 55 56 18 
14 63 61 22 19 4 12 5 52 48 38 58 18 56 55 68 33 54 76 3 45 17 32 40 0 71 51 50 64 27 15 28 30 1 74 67 39 44 53 66 79 49 21 34 9 16 65 70 26 13 62 31 37 47 20 36 78 72 73 75 29 46 7 43 69 25 57 11 77 6 42 24 8 10 2 23 35 41 59 60 
48 52 79 66 59 28 60 44 39 74 67 7 46 69 43 25 64 27 40 42 0 71 51 50 11 77 6 24 8 10 2 45 23 3 35 76 54 33 68 41 55 56 18 58 34 38 21 49 4 12 65 16 70 13 14 26 62 31 37 47 36 78 1 30 57 17 32 15 53 72 75 29 73 20 63 61 22 19 5 9 
0 71 11 51 50 43 25 64 15 30 1 67 74 78 36 47 20 53 44 39 60 28 66 79 19 61 22 4 52 9 34 21 49 48 38 58 56 18 55 68 33 3 59 17 32 27 40 42 6 77 57 69 7 46 29 72 73 75 37 31 62 13 26 14 63 70 65 16 5 12 23 76 41 2 10 24 8 45 35 54 
39 36 74 67 1 30 78 29 75 72 73 47 20 37 31 62 13 26 14 63 53 44 60 28 17 59 66 79 52 12 4 5 22 61 19 70 65 16 9 34 58 38 56 18 55 54 76 49 21 48 2 10 41 33 68 35 23 45 32 40 0 71 51 50 64 25 43 15 27 69 46 7 57 11 77 6 42 8 24 3 
29 72 47 37 31 62 26 13 70 65 16 5 12 19 53 44 60 28 59 17 32 45 2 10 41 56 18 58 38 49 21 48 34 9 52 4 22 61 63 14 20 36 78 74 1 30 15 43 25 64 27 40 0 71 11 51 50 57 7 46 69 67 39 79 66 76 33 68 55 54 35 3 23 24 8 42 6 77 73 75 
10 2 23 45 32 30 1 74 67 78 39 20 31 37 47 36 72 29 73 75 46 7 69 57 51 50 64 27 15 71 0 40 17 59 3 35 76 54 68 33 41 55 56 18 58 34 38 21 49 79 66 60 28 44 53 61 22 19 4 12 9 48 52 5 65 16 70 13 26 63 14 62 25 43 11 77 6 42 24 8 
16 65 70 13 62 26 63 61 22 19 4 12 9 48 21 49 34 38 58 56 18 55 54 76 23 2 10 41 33 68 35 3 45 32 17 59 66 53 44 39 78 74 67 1 30 43 25 64 50 27 15 28 60 20 47 37 31 14 36 73 72 75 29 7 46 69 57 11 77 51 71 0 40 42 8 24 6 79 52 5 
16 65 70 13 62 26 63 61 22 19 4 12 9 48 21 49 34 38 58 56 18 55 54 76 23 2 10 41 33 68 35 3 45 32 17 59 66 53 44 39 78 74 67 1 30 43 25 64 50 27 15 28 60 20 47 37 31 14 36 73 72 75 29 7 46 69 57 11 77 51 71 0 40 42 8 24 6 79 52 5 
34 9 52 4 12 61 19 22 5 16 65 70 26 13 63 14 62 31 37 47 72 29 75 73 36 20 39 44 53 66 79 49 21 48 38 58 56 18 55 68 54 76 33 23 35 3 17 59 28 60 1 30 74 67 78 25 43 69 46 7 57 50 51 71 0 32 27 64 42 40 15 45 77 11 6 24 8 2 10 41 
25 43 46 7 67 74 1 39 60 28 59 17 64 27 51 71 0 40 32 45 3 35 23 76 54 33 68 55 49 21 48 38 58 56 18 34 9 4 12 5 22 19 61 63 14 26 13 70 65 16 52 79 66 53 44 36 78 29 72 47 37 31 62 20 73 75 69 57 50 11 77 6 42 24 8 2 10 41 15 30 
56 18 55 68 33 10 2 23 35 3 17 32 45 40 27 64 25 43 57 69 46 7 39 1 30 28 59 79 66 60 44 20 37 47 36 78 74 67 29 72 73 75 31 62 13 26 14 63 53 61 19 4 12 9 34 58 48 21 49 52 5 22 65 16 70 15 50 51 11 77 71 0 42 6 8 24 41 54 76 38 
78 36 20 37 31 47 72 73 75 29 46 67 74 1 30 25 43 57 69 51 50 64 15 59 28 60 53 44 39 14 63 26 13 70 65 16 5 12 52 21 49 48 9 34 58 38 18 56 55 76 35 3 17 32 27 40 0 11 77 71 6 42 24 8 10 2 23 54 68 33 41 45 66 79 19 4 22 61 62 7 
15 25 43 69 57 50 51 71 11 77 6 42 40 0 64 27 32 23 24 8 45 2 10 41 68 33 54 76 35 3 59 17 60 28 30 1 74 67 72 37 20 14 63 61 19 52 79 66 22 4 12 48 34 58 38 21 49 56 18 55 9 5 65 16 70 26 62 13 31 47 36 78 39 44 53 73 75 29 7 46 
55 68 9 48 52 38 34 58 56 18 21 49 76 54 33 35 3 17 59 15 28 60 44 53 63 14 26 13 62 31 37 47 36 78 74 67 1 30 25 64 51 50 57 43 69 46 7 39 73 72 29 75 20 70 65 16 5 4 12 22 61 19 79 66 45 32 40 0 71 77 11 27 6 42 8 24 2 10 23 41 
51 11 77 71 40 32 3 35 23 45 21 49 48 34 58 18 56 38 9 12 52 4 22 61 19 5 65 16 70 13 26 62 31 37 47 36 39 67 78 74 1 30 72 73 75 29 46 7 69 57 43 25 64 27 17 28 59 15 60 44 53 20 14 63 79 66 76 33 68 55 54 2 10 41 24 8 42 0 6 50 
55 56 18 58 34 9 12 22 14 63 26 13 62 31 37 47 72 73 75 29 39 30 1 74 78 36 20 53 44 60 28 59 3 35 23 8 24 42 0 71 50 51 27 64 43 25 57 69 46 7 67 11 77 6 40 32 45 2 10 33 68 54 76 49 21 38 48 52 4 5 65 16 70 61 19 79 66 15 17 41 
55 56 18 58 34 9 12 22 14 63 26 13 62 31 37 47 72 73 75 29 39 30 1 74 78 36 20 53 44 60 28 59 3 35 23 8 24 42 0 71 50 51 27 64 43 25 57 69 46 7 67 11 77 6 40 32 45 2 10 33 68 54 76 49 21 38 48 52 4 5 65 16 70 61 19 79 66 15 17 41 
6 77 11 51 50 64 25 43 57 69 7 46 67 74 78 36 47 20 37 31 62 39 44 53 63 14 26 13 70 65 16 5 22 61 19 9 34 58 38 48 21 49 76 55 68 33 35 23 32 45 3 17 59 66 79 52 4 12 18 56 54 41 10 2 24 8 42 40 0 71 27 15 28 60 30 1 73 72 75 29 
71 51 50 40 32 45 23 35 68 33 54 76 49 21 38 58 9 34 48 52 79 19 61 22 4 12 5 16 65 70 13 26 62 14 63 31 37 78 74 67 1 30 25 43 46 7 69 57 11 77 6 0 42 10 2 24 8 41 56 18 55 3 28 60 39 20 47 72 29 75 73 36 44 53 66 59 17 15 27 64 
71 51 50 40 32 45 23 35 68 33 54 76 49 21 38 58 9 34 48 52 79 19 61 22 4 12 5 16 65 70 13 26 62 14 63 31 37 78 74 67 1 30 25 43 46 7 69 57 11 77 6 0 42 10 2 24 8 41 56 18 55 3 28 60 39 20 47 72 29 75 73 36 44 53 66 59 17 15 27 64 
19 4 61 22 5 12 9 34 58 56 18 55 68 33 76 21 49 35 3 54 41 10 2 23 45 32 40 27 64 50 51 11 77 71 42 0 6 8 24 59 28 1 30 15 17 60 44 53 39 78 74 67 46 43 25 57 69 7 20 37 47 36 72 73 75 29 31 62 14 63 26 13 70 65 16 48 38 52 79 66 
58 34 9 48 21 49 52 12 5 4 19 61 22 79 66 55 68 33 54 76 23 35 3 17 59 28 60 44 53 20 47 37 31 14 63 26 62 13 70 65 16 39 74 67 43 25 69 7 46 36 78 72 29 73 75 30 1 15 64 27 40 32 45 0 71 51 50 57 11 77 6 42 8 24 2 10 41 18 56 38 
51 11 77 71 27 64 50 57 25 43 46 7 69 74 78 20 47 37 31 14 63 26 62 13 70 65 16 61 19 4 12 52 21 49 48 38 56 55 68 33 54 76 66 79 59 28 60 44 36 39 53 32 45 23 35 3 17 15 30 1 67 72 29 75 73 22 5 9 34 58 18 41 2 10 24 8 42 40 0 6 
57 69 46 7 25 43 64 40 0 51 50 71 77 11 6 24 8 32 45 23 35 3 17 59 28 60 44 53 66 79 49 76 54 33 68 55 56 18 9 48 34 58 38 21 52 12 4 5 19 22 61 65 16 70 26 62 13 14 63 20 36 47 37 31 72 73 75 29 67 74 78 39 1 30 15 27 42 2 10 41 
43 25 1 74 78 36 20 47 37 31 62 26 13 70 65 16 5 12 4 52 48 9 34 56 18 55 68 54 76 33 41 58 38 49 21 35 3 45 23 2 24 8 10 17 59 66 79 19 22 61 63 14 53 44 39 28 60 72 73 29 75 67 7 46 69 57 50 64 27 40 0 71 51 11 77 6 42 32 15 30 
43 25 1 74 78 36 20 47 37 31 62 26 13 70 65 16 5 12 4 52 48 9 34 56 18 55 68 54 76 33 41 58 38 49 21 35 3 45 23 2 24 8 10 17 59 66 79 19 22 61 63 14 53 44 39 28 60 72 73 29 75 67 7 46 69 57 50 64 27 40 0 71 51 11 77 6 42 32 15 30 
4 19 22 61 14 63 44 78 36 47 37 31 62 26 13 70 65 16 9 34 58 38 21 49 79 66 53 39 74 67 1 30 15 27 64 50 51 11 77 71 0 40 32 45 2 24 8 42 6 17 3 59 28 60 20 72 73 75 29 7 46 43 57 69 25 35 23 54 76 55 56 18 68 33 41 10 48 52 12 5 
60 44 63 14 26 13 62 31 47 37 20 36 78 39 30 1 74 67 46 7 69 57 43 25 64 27 0 40 50 51 11 77 71 6 42 8 24 45 2 10 41 54 33 68 55 56 18 58 38 21 49 52 12 65 16 4 5 22 19 79 66 28 59 17 15 32 35 3 23 76 48 34 9 61 70 53 29 72 73 75 
55 68 33 54 76 35 3 45 17 59 28 60 53 44 39 74 30 1 67 78 36 47 37 31 62 13 26 70 65 16 12 4 5 48 21 49 38 58 34 9 22 19 63 14 20 72 73 75 29 7 46 69 57 43 25 64 50 51 11 77 6 71 0 40 27 42 8 24 10 2 23 41 56 18 52 61 79 32 15 66 
36 47 37 31 20 60 28 59 17 15 30 1 69 46 7 78 74 67 64 50 51 71 11 77 6 0 42 32 45 24 8 40 25 43 57 27 39 44 53 14 63 61 22 19 4 12 52 9 34 58 38 48 21 49 79 66 3 35 23 2 10 41 68 33 54 76 55 56 18 5 16 65 70 13 26 62 72 29 73 75 
42 40 32 3 35 23 2 10 24 8 33 41 55 54 76 49 48 52 53 44 78 74 67 1 30 39 37 20 14 63 61 22 19 4 12 9 79 66 28 17 59 60 15 27 64 50 51 71 0 6 77 11 57 25 43 69 46 7 29 75 73 72 36 47 31 62 13 26 70 65 16 5 34 58 38 21 56 18 68 45 
71 48 34 58 56 18 49 21 38 55 54 33 76 68 41 10 2 23 35 3 59 28 60 44 53 20 78 39 36 47 37 31 26 13 62 14 63 70 65 16 22 61 19 4 12 5 9 52 79 66 17 32 45 24 8 42 27 15 30 1 74 67 72 29 73 75 7 46 69 57 43 25 64 40 0 50 51 11 77 6 
7 46 69 72 73 75 29 67 74 78 47 37 31 14 20 36 1 30 25 43 57 50 51 71 0 40 42 8 24 10 2 41 33 68 55 56 18 58 38 34 9 48 21 49 76 54 45 32 64 27 15 17 59 28 60 66 79 52 4 12 5 22 61 63 26 13 62 70 65 16 19 53 44 39 3 35 23 6 11 77 
55 68 33 54 76 3 35 23 45 10 2 24 8 42 40 0 71 77 11 51 50 64 25 43 69 7 46 67 74 78 36 20 37 47 72 29 75 73 39 44 53 14 13 26 62 31 63 19 22 61 70 65 16 5 12 4 52 49 21 48 34 58 56 18 38 9 79 66 59 17 28 60 15 30 1 57 6 27 32 41 
