28 17 3 23 2 45 39 36 47 37 31 20 84 44 60 80 53 63 14 62 26 13 70 5 48 38 56 18 58 34 9 49 21 35 76 54 33 68 55 41 10 24 8 42 0 71 51 50 64 25 43 30 1 67 74 78 72 73 75 29 7 46 69 57 11 77 6 27 40 32 15 59 66 82 79 81 83 52 4 12 19 22 61 65 16 
84 44 53 80 60 28 15 30 1 74 67 78 36 20 31 37 47 72 73 75 29 46 7 69 57 50 51 77 11 71 0 40 24 8 6 64 25 43 27 32 45 2 10 23 33 55 68 54 76 35 3 17 59 66 82 79 81 9 34 58 38 21 48 52 4 12 5 19 22 61 63 14 62 26 13 70 65 16 83 49 56 18 41 42 39 
24 8 42 0 71 51 11 77 6 27 40 32 3 35 23 2 10 41 68 55 33 54 76 21 49 52 83 81 19 22 61 63 14 53 80 44 60 59 17 28 15 46 7 43 25 30 1 74 67 29 73 75 72 36 20 84 47 37 31 62 13 26 70 65 16 5 12 4 9 34 58 38 56 18 48 82 79 66 50 64 57 69 78 39 45 
62 13 26 81 83 12 9 48 21 49 76 54 33 68 55 18 56 58 38 34 52 61 63 14 84 20 39 74 67 1 30 15 27 64 25 43 69 57 51 71 40 32 45 35 23 2 41 10 24 8 42 0 6 77 11 50 60 80 53 44 78 36 47 37 31 73 72 75 29 7 46 28 59 17 3 66 79 82 19 4 22 5 65 16 70 
6 71 50 51 11 77 42 0 45 23 33 68 56 18 58 38 48 21 49 83 52 79 81 19 61 22 34 9 12 4 5 16 65 70 26 13 62 31 37 47 36 39 74 67 1 30 15 17 59 3 76 54 55 41 10 2 24 8 35 60 80 53 82 66 28 44 84 20 14 63 78 72 73 75 29 46 7 69 57 43 25 64 27 40 32 
69 46 7 67 74 78 39 53 60 80 44 84 20 47 37 31 14 63 61 22 5 12 4 19 81 79 66 28 59 3 35 23 45 32 17 15 30 1 50 64 27 40 42 8 24 2 10 41 33 68 55 54 76 83 52 48 34 58 56 18 38 21 49 9 65 16 70 13 26 62 82 72 73 75 29 36 25 43 57 11 51 71 0 6 77 
69 46 7 67 74 78 39 53 60 80 44 84 20 47 37 31 14 63 61 22 5 12 4 19 81 79 66 28 59 3 35 23 45 32 17 15 30 1 50 64 27 40 42 8 24 2 10 41 33 68 55 54 76 83 52 48 34 58 56 18 38 21 49 9 65 16 70 13 26 62 82 72 73 75 29 36 25 43 57 11 51 71 0 6 77 
78 1 74 67 30 39 60 80 53 44 84 20 37 31 62 13 70 26 63 14 36 47 72 73 75 29 57 69 7 46 25 43 71 77 11 51 50 64 27 28 59 17 32 0 40 35 3 45 23 2 10 41 68 33 54 76 49 21 48 52 81 82 83 79 66 19 22 61 65 16 5 4 12 9 34 58 38 56 18 55 24 8 42 6 15 
9 12 4 81 79 83 49 21 38 48 52 34 58 56 18 55 68 76 54 33 2 10 41 24 8 42 0 71 11 77 6 32 45 23 3 35 17 59 28 60 80 44 39 78 74 67 75 29 72 73 47 37 31 62 13 70 26 14 63 53 84 20 36 30 1 46 7 57 25 43 69 51 50 64 27 40 15 66 82 22 61 19 5 65 16 
11 77 51 50 64 27 40 32 45 23 2 10 41 33 55 68 76 54 21 49 82 63 53 80 60 28 59 17 66 79 83 52 12 4 81 19 22 61 13 26 14 37 47 78 74 67 30 1 15 43 25 57 69 46 7 72 73 75 29 36 39 20 84 44 31 62 70 65 16 5 9 48 34 58 38 56 18 3 35 8 24 42 71 0 6 
1 30 74 78 36 47 37 31 62 26 13 70 63 14 20 84 44 60 80 53 28 59 17 3 35 76 54 33 68 55 56 18 58 38 34 9 12 4 52 83 21 49 48 81 19 61 22 5 16 65 82 66 79 27 40 0 51 11 77 57 43 69 46 7 67 29 75 73 72 39 15 32 45 2 10 41 23 8 24 42 71 6 64 25 50 
60 28 59 17 30 1 74 78 39 67 43 25 64 50 51 71 0 42 40 27 15 80 53 44 84 20 47 36 72 73 75 29 7 46 69 57 11 77 6 8 24 2 10 45 32 35 23 3 76 54 68 33 41 38 34 58 56 18 55 21 49 83 66 79 81 4 12 9 48 52 22 19 61 26 13 31 37 62 14 63 70 16 65 5 82 
11 6 77 71 51 64 27 40 0 50 30 39 1 67 74 78 36 47 37 20 31 84 44 60 28 59 66 79 81 52 48 38 58 34 9 12 4 61 22 19 82 53 80 63 14 62 13 26 70 65 16 5 56 18 21 49 83 3 23 2 10 41 68 33 55 54 76 35 17 15 25 43 57 69 46 7 29 75 73 72 32 45 24 8 42 
50 64 51 71 0 40 27 15 28 60 80 53 44 84 37 47 36 78 74 67 1 30 25 43 46 7 72 73 75 29 69 57 11 77 42 8 24 2 10 41 68 55 76 54 33 35 3 23 45 32 17 59 66 79 82 61 22 19 81 52 83 49 21 58 38 48 9 34 56 18 5 12 4 16 65 70 13 26 14 63 20 31 62 39 6 
73 75 72 29 69 46 7 25 43 57 50 51 77 11 71 0 40 42 32 64 27 15 30 1 74 67 78 39 60 28 17 59 3 45 23 2 10 33 54 68 41 55 56 18 58 38 48 34 9 12 4 52 83 81 22 61 19 82 66 79 80 53 44 84 20 31 37 47 36 14 62 13 26 63 70 65 16 5 21 49 76 35 24 8 6 
69 7 46 30 1 15 27 64 50 51 71 0 40 32 17 59 28 60 80 53 44 39 36 78 74 67 72 73 75 14 63 26 13 70 65 16 61 4 12 5 22 19 81 83 52 48 34 9 79 66 82 49 21 38 58 56 18 55 68 33 54 76 3 35 23 45 2 10 41 8 24 42 6 11 77 57 43 25 20 47 37 31 62 84 29 
51 50 11 77 71 0 40 27 64 25 43 69 7 46 57 20 84 44 53 80 60 28 17 59 15 30 1 74 67 39 78 36 73 72 29 75 47 37 31 62 26 14 63 82 66 79 81 19 61 22 13 70 65 16 5 4 12 52 83 48 38 21 49 76 54 33 68 55 56 18 58 34 9 3 35 23 45 32 42 8 24 10 2 41 6 
62 84 44 53 80 60 59 17 32 45 3 35 23 76 54 21 49 34 58 18 56 38 55 68 33 41 10 2 24 8 71 40 42 0 6 77 11 51 50 64 27 1 74 78 67 29 75 73 72 46 7 69 57 43 25 30 15 28 39 36 47 37 31 20 82 81 19 4 12 83 52 48 79 66 22 61 9 5 16 65 70 26 13 63 14 
70 13 26 63 62 31 37 47 36 78 39 30 1 74 67 72 73 75 29 46 7 69 43 57 11 51 50 64 77 6 71 0 40 27 25 15 28 59 66 60 80 44 53 84 20 14 61 22 4 12 5 83 79 81 82 19 52 48 9 34 58 38 21 49 76 54 33 68 55 41 10 2 23 3 35 17 32 42 24 8 45 56 18 16 65 
33 54 55 56 18 58 38 21 49 83 79 44 53 80 60 28 59 17 3 35 76 23 2 10 45 32 27 64 50 11 77 51 43 25 57 69 46 7 67 74 78 36 84 20 26 14 63 66 82 61 22 19 81 52 48 34 9 4 12 5 16 65 70 13 62 31 37 47 72 73 75 29 39 30 1 15 40 42 8 24 0 6 71 41 68 
44 80 60 28 64 50 51 11 71 0 40 27 32 45 23 35 3 17 59 66 82 79 83 52 49 21 38 58 56 18 55 54 76 68 33 41 10 2 24 8 42 6 77 57 69 25 43 7 46 67 78 74 39 84 20 47 37 31 14 62 26 13 70 22 61 5 12 4 19 81 48 9 34 16 65 63 53 36 72 73 29 75 30 1 15 
24 8 45 3 59 28 60 53 20 84 44 80 66 79 81 82 19 22 61 63 14 31 62 13 26 70 65 16 12 4 5 9 34 58 38 21 49 83 52 48 56 18 55 54 76 68 33 41 10 2 23 35 17 32 50 51 11 77 71 0 42 40 27 15 30 1 74 67 78 39 72 29 75 73 37 47 36 7 46 69 57 25 43 64 6 
17 32 64 27 40 0 71 51 50 77 11 6 42 8 24 2 10 23 35 3 45 28 15 80 60 39 30 1 74 67 78 36 37 47 20 84 14 44 53 82 26 13 70 65 16 5 4 12 9 48 34 58 38 21 49 76 54 68 33 41 55 18 56 83 79 81 52 22 19 61 63 62 31 72 73 75 29 7 46 69 57 43 25 59 66 
48 34 58 38 21 49 76 54 33 68 55 56 18 2 10 41 35 3 40 64 50 51 0 71 11 77 6 42 8 24 45 23 59 28 60 44 84 63 14 20 37 31 62 70 13 26 73 75 29 72 74 67 1 30 15 27 32 17 25 43 57 69 46 7 78 36 47 39 80 53 82 81 79 66 83 52 19 22 61 65 16 5 12 4 9 
39 78 74 67 30 1 36 72 73 75 29 46 7 69 43 25 64 27 45 23 35 54 76 3 59 28 60 80 53 44 84 63 14 37 47 20 26 31 62 13 70 65 16 61 22 19 81 52 83 49 21 38 48 9 12 5 4 82 79 66 17 32 40 0 42 8 24 2 33 68 55 56 18 58 34 41 10 6 77 11 51 50 57 71 15 
1 30 60 44 53 80 84 20 37 47 72 73 75 29 69 57 43 25 64 27 50 51 0 42 24 8 2 10 41 33 54 68 55 18 56 58 38 34 48 21 49 83 79 81 66 59 17 15 32 45 23 35 76 3 82 19 22 5 12 4 52 9 61 13 26 14 63 16 65 70 62 31 36 39 78 67 74 7 46 11 77 6 71 40 28 
3 76 83 79 81 19 4 5 12 9 48 49 21 38 58 34 56 18 55 68 33 54 35 23 2 10 41 27 40 0 71 51 11 77 6 42 8 24 45 32 17 59 28 80 60 53 44 84 20 37 47 74 78 36 39 1 30 15 64 50 25 43 57 69 7 46 67 29 75 73 72 31 62 13 26 14 63 61 22 82 66 52 70 65 16 
4 52 83 48 9 34 58 38 56 18 68 33 54 76 35 3 17 59 28 15 30 1 67 74 78 36 72 29 46 7 69 43 25 64 27 40 8 24 42 0 50 51 71 77 11 6 57 39 60 80 53 44 84 20 14 26 63 82 61 19 22 5 12 81 79 66 49 21 55 41 10 2 23 45 32 31 37 47 73 75 62 13 70 65 16 
0 27 64 50 51 11 77 71 25 32 40 42 8 24 45 3 35 76 54 33 68 55 56 18 38 58 21 49 48 9 12 4 5 65 16 70 13 26 62 31 37 47 20 84 44 39 30 1 74 78 36 72 73 75 29 67 46 7 69 57 43 15 17 59 28 60 80 53 82 81 83 79 19 22 61 63 14 66 52 34 41 10 2 23 6 
47 37 31 36 78 39 1 30 25 43 51 50 64 27 40 0 71 11 77 6 8 24 33 68 55 54 76 35 3 17 59 28 60 53 84 20 14 26 13 62 70 65 16 5 12 83 52 4 19 22 61 63 80 44 82 79 81 66 49 21 48 9 34 58 38 56 18 41 10 23 2 32 45 42 15 7 46 69 57 67 74 72 73 75 29 
74 1 30 15 25 43 69 57 27 32 45 2 10 41 35 23 3 17 59 28 60 80 53 44 84 20 31 62 13 26 14 63 61 22 19 81 83 52 48 9 34 38 21 49 82 79 66 6 77 11 51 50 64 0 71 40 42 8 24 33 68 55 54 76 56 18 58 4 12 5 16 65 70 37 47 36 39 78 67 75 73 72 29 7 46 
67 74 78 36 75 29 72 73 37 47 31 62 26 13 63 14 20 84 44 80 60 28 59 66 79 81 19 4 12 9 48 49 21 38 34 58 56 18 55 68 41 23 35 3 15 17 32 27 64 50 51 11 71 77 6 0 40 42 10 2 24 8 45 33 54 76 52 22 61 82 83 5 16 65 70 53 39 30 1 25 43 69 57 46 7 
52 83 79 81 49 21 38 34 48 9 12 4 5 22 61 19 82 53 60 80 44 39 1 74 67 46 7 69 43 25 57 30 15 17 59 3 35 76 54 68 33 23 45 32 0 71 51 50 11 77 6 42 8 24 2 10 41 55 18 56 58 65 16 70 26 13 62 14 84 20 63 31 37 47 36 78 72 73 75 29 28 27 40 64 66 
8 24 45 42 64 50 51 71 0 40 17 59 28 60 53 80 30 1 25 43 57 69 7 46 72 73 75 29 36 84 20 47 37 31 62 13 70 65 16 5 4 61 22 66 79 83 52 48 21 49 54 76 35 23 2 10 41 33 68 55 18 56 58 34 38 9 12 81 82 19 63 14 26 44 39 78 74 67 3 32 27 15 11 77 6 
13 26 62 31 37 47 20 84 44 39 1 74 78 36 72 29 69 7 46 57 43 25 64 27 40 32 0 71 51 50 11 77 6 42 8 24 45 23 35 3 59 28 60 80 53 66 79 81 52 49 21 38 68 76 54 33 41 10 2 17 15 30 67 73 75 14 63 61 22 4 12 9 48 34 58 18 56 55 83 82 19 5 65 16 70 
37 47 20 84 53 44 80 60 28 1 30 39 74 67 78 36 75 73 72 29 46 7 69 43 25 11 51 50 64 27 71 0 40 32 45 23 3 35 54 76 49 21 38 58 56 18 55 68 33 41 10 2 24 8 42 6 77 57 15 17 59 66 79 82 63 14 26 31 62 13 70 61 22 19 12 4 81 83 5 52 48 34 9 16 65 
13 26 62 31 63 14 84 20 47 37 36 78 74 67 1 30 15 25 43 57 69 46 7 72 73 75 29 39 44 53 80 60 28 59 17 3 35 23 45 32 27 64 50 51 11 77 71 0 6 40 42 24 8 2 10 33 68 54 76 21 49 83 81 4 12 9 34 5 22 61 52 58 48 38 56 55 18 41 66 79 82 19 70 65 16 
78 36 44 84 20 37 47 31 62 14 63 19 4 12 52 83 49 21 48 34 58 38 9 5 22 61 13 26 70 65 16 81 79 82 66 17 59 28 60 80 53 1 74 67 46 7 69 57 51 50 25 43 64 27 40 0 6 77 11 71 42 8 24 2 10 33 68 76 54 55 56 18 41 35 3 23 45 32 15 30 72 73 75 29 39 
17 59 28 60 80 53 44 84 20 37 47 36 78 74 67 29 72 73 75 46 7 57 69 43 25 50 51 71 11 77 6 32 45 3 35 23 33 68 55 56 18 58 38 34 48 54 49 83 52 12 4 5 22 61 66 79 82 19 81 41 10 2 24 8 42 0 40 27 64 30 1 39 31 62 13 26 14 63 70 65 16 9 21 76 15 
25 43 69 46 7 67 74 78 36 84 20 37 47 72 73 75 29 31 14 26 62 13 70 65 16 5 12 9 38 48 34 58 56 18 10 41 68 54 76 55 33 23 35 3 17 59 28 60 80 53 63 61 22 4 19 82 79 81 83 52 21 49 66 15 27 40 0 71 11 77 51 50 57 30 39 44 1 32 2 24 8 45 42 6 64 
18 56 58 48 21 49 52 81 79 66 82 53 80 60 28 59 17 15 30 1 74 67 78 36 39 44 84 20 31 47 37 72 75 73 29 7 46 69 57 50 51 40 27 64 25 43 11 77 6 71 0 42 8 24 68 54 76 35 23 2 10 33 55 38 9 34 12 4 19 22 61 65 16 70 14 63 26 62 13 5 83 3 32 45 41 
24 8 42 40 0 71 51 11 77 69 43 25 67 74 1 30 39 20 84 44 53 80 60 66 35 3 76 54 68 33 55 18 56 58 38 48 21 49 83 79 81 4 12 9 34 52 82 14 63 61 22 19 5 65 16 70 26 13 62 31 37 47 36 78 72 73 75 29 46 7 57 50 64 27 28 59 17 32 45 23 2 10 41 15 6 
77 11 51 64 27 15 30 1 74 78 36 47 37 31 62 13 26 63 14 20 84 44 53 80 60 28 59 17 3 35 23 32 45 39 46 7 69 57 43 25 50 0 40 42 24 8 2 10 41 33 68 21 49 83 52 81 82 66 79 4 19 22 61 12 48 38 58 56 18 55 54 76 34 9 5 16 65 70 73 72 29 75 67 71 6 
36 31 37 47 20 84 44 80 60 79 81 83 52 48 34 9 21 49 38 58 18 56 55 33 68 54 76 35 3 17 59 28 15 27 32 45 23 2 10 41 24 8 42 0 71 51 50 64 25 43 69 46 7 29 72 73 75 74 67 1 30 39 78 14 53 82 22 61 19 4 12 5 16 65 70 26 13 62 63 66 40 6 11 77 57 
4 12 52 83 79 82 19 81 49 21 55 33 35 23 45 32 17 59 28 60 80 53 44 84 20 14 63 31 62 26 13 70 65 16 22 61 5 34 38 48 9 56 18 58 76 54 68 2 10 41 24 8 40 27 0 71 51 50 64 30 1 67 74 78 39 36 37 47 72 73 75 29 46 7 69 43 25 57 11 77 6 42 15 3 66 
1 30 74 78 36 47 37 31 62 26 13 70 63 14 20 84 44 60 80 53 28 59 17 3 35 76 54 33 68 55 56 18 58 38 34 9 12 4 52 83 21 49 48 81 19 61 22 5 16 65 82 66 79 27 40 0 51 11 77 57 43 69 46 7 67 29 75 73 72 39 15 32 45 2 10 41 23 8 24 42 71 6 64 25 50 
24 8 42 71 51 50 64 43 69 7 46 67 74 1 30 25 15 27 40 32 55 56 18 58 34 9 48 38 21 49 83 79 66 3 35 76 54 33 68 41 10 2 23 45 17 59 28 60 80 53 44 84 39 36 78 75 29 72 73 37 47 31 63 14 62 26 13 70 65 16 22 19 81 82 52 4 12 5 61 20 57 11 77 6 0 
13 26 62 31 47 37 20 84 60 28 59 17 15 1 30 43 57 50 51 71 0 42 40 27 64 25 78 36 39 44 53 80 61 22 65 16 5 12 4 19 82 66 79 81 52 83 49 21 38 34 9 48 58 56 18 55 54 76 35 3 45 32 23 2 10 33 68 41 8 24 77 11 6 69 7 46 67 74 72 73 75 29 63 14 70 
41 33 68 49 21 83 81 79 66 3 76 54 55 18 48 38 34 52 12 4 19 22 61 63 13 26 62 84 20 47 37 31 14 44 80 60 28 59 17 32 45 23 35 10 2 24 8 42 40 27 64 50 51 11 77 6 71 0 15 69 43 25 57 46 7 67 74 78 36 29 73 72 75 1 30 39 53 82 70 65 16 5 9 58 56 
73 72 36 78 74 1 30 67 25 43 69 7 57 51 50 64 27 40 42 45 3 35 23 33 54 76 49 21 58 34 18 56 48 52 81 83 79 66 82 4 12 19 22 61 63 28 60 80 53 44 84 20 47 37 31 62 26 14 13 70 16 65 5 9 38 55 68 41 10 2 24 8 0 71 77 11 6 32 17 15 59 39 46 29 75 
39 20 84 44 53 80 60 28 59 17 3 35 76 54 33 68 55 56 18 58 38 48 21 49 83 79 4 12 9 34 81 19 63 14 26 70 13 62 31 37 47 36 78 1 74 67 46 7 69 57 43 50 64 51 0 71 11 77 6 42 40 27 32 45 23 2 10 24 8 41 52 22 61 65 16 5 82 66 15 30 25 73 75 72 29 
12 4 52 83 34 58 38 21 49 48 9 79 81 19 22 61 63 14 53 80 60 28 59 17 2 10 41 55 56 18 68 33 54 76 23 35 3 32 45 64 50 57 69 7 46 67 74 78 39 44 84 20 36 47 37 31 73 75 72 29 1 30 25 43 51 71 27 40 0 42 24 8 6 77 11 15 66 82 13 26 62 70 65 16 5 
29 75 73 72 47 37 31 14 62 13 26 63 19 61 22 81 79 66 28 60 80 53 44 84 20 36 78 74 67 1 30 15 3 35 23 33 41 68 55 54 76 21 38 48 58 56 18 34 9 12 4 5 52 83 49 82 70 65 16 59 17 32 27 64 50 51 0 42 8 24 2 10 45 40 71 77 11 6 25 43 57 69 7 46 39 
83 49 21 38 58 56 18 55 68 54 76 35 3 81 79 66 59 17 15 25 43 57 69 7 46 30 1 74 67 78 36 47 37 31 62 14 63 26 13 70 61 22 19 82 80 44 53 60 28 39 84 20 73 72 75 29 50 51 71 0 42 2 10 33 41 23 45 32 40 27 64 11 77 6 8 24 48 34 52 12 4 5 16 65 9 
0 42 8 24 10 2 23 3 17 59 66 79 81 82 80 60 44 53 63 14 62 31 37 47 20 84 36 74 78 72 73 75 29 67 1 39 7 46 69 25 64 50 51 11 77 71 6 32 45 35 54 76 34 58 38 21 49 83 52 12 4 19 61 13 26 70 65 16 22 5 9 48 56 18 55 68 33 41 28 15 30 43 57 27 40 
0 42 8 24 10 2 23 3 17 59 66 79 81 82 80 60 44 53 63 14 62 31 37 47 20 84 36 74 78 72 73 75 29 67 1 39 7 46 69 25 64 50 51 11 77 71 6 32 45 35 54 76 34 58 38 21 49 83 52 12 4 19 61 13 26 70 65 16 22 5 9 48 56 18 55 68 33 41 28 15 30 43 57 27 40 
54 68 33 10 2 24 8 42 40 0 71 11 51 6 77 50 43 25 30 1 67 74 78 36 47 37 31 20 44 84 39 28 60 80 53 63 14 26 13 70 65 16 4 19 22 81 52 83 48 34 58 38 21 49 76 32 45 23 35 3 17 59 15 64 27 57 69 46 7 29 72 73 75 62 61 82 66 79 9 12 5 18 56 55 41 
70 13 26 62 31 47 37 36 39 74 67 72 73 75 29 7 46 43 25 64 27 15 30 1 78 20 84 63 14 28 60 80 44 53 66 81 52 83 49 21 38 48 9 34 58 56 18 55 68 33 35 3 23 45 32 17 59 40 0 51 50 71 6 77 11 57 69 42 8 24 2 10 41 54 76 79 82 19 61 22 5 4 12 16 65 
19 81 4 5 12 22 61 63 14 20 36 78 74 67 1 30 39 84 44 53 80 60 28 59 17 3 35 23 45 32 27 64 43 25 57 69 46 7 29 72 73 75 37 31 62 26 13 70 65 16 66 82 79 83 49 21 48 52 38 58 34 9 18 56 55 68 33 54 76 10 2 41 24 8 42 40 0 71 11 77 6 51 50 15 47 
68 55 56 18 58 34 9 48 38 21 49 83 81 19 22 61 63 72 73 75 29 67 74 1 30 46 7 69 57 43 25 64 27 40 0 42 50 51 71 11 77 6 32 45 23 3 17 59 28 60 44 84 20 47 36 78 39 53 80 66 82 52 79 4 12 5 16 65 70 13 26 62 31 37 14 15 35 54 76 33 41 10 2 24 8 
70 63 14 26 13 62 31 37 47 36 72 73 75 29 67 74 39 44 84 20 53 80 60 28 17 59 3 35 23 54 76 49 21 38 58 55 68 33 10 2 45 32 27 40 0 71 51 50 57 69 43 25 15 30 1 78 46 7 64 11 77 6 42 24 8 41 56 18 52 83 81 79 66 19 61 22 82 5 12 4 9 48 34 16 65 
72 78 36 47 37 31 62 13 26 63 14 53 44 84 20 15 30 1 43 25 50 51 71 0 40 64 27 17 59 28 60 80 39 74 67 46 7 69 57 11 77 6 8 24 2 10 33 68 55 54 76 49 21 38 34 58 9 12 4 22 61 19 81 82 79 52 83 66 3 35 23 45 32 42 41 18 56 48 5 65 16 70 73 75 29 
59 17 3 35 23 45 32 40 42 8 24 2 10 41 33 76 54 68 55 56 18 49 21 38 34 58 48 9 12 4 5 22 61 19 82 79 83 52 81 66 28 15 27 0 71 51 11 77 6 50 64 43 25 57 69 46 7 67 1 30 74 39 60 80 53 44 84 20 47 37 14 63 26 13 31 62 70 16 65 73 72 29 75 36 78 
18 56 58 48 21 49 52 81 79 66 82 53 80 60 28 59 17 15 30 1 74 67 78 36 39 44 84 20 31 47 37 72 75 73 29 7 46 69 57 50 51 40 27 64 25 43 11 77 6 71 0 42 8 24 68 54 76 35 23 2 10 33 55 38 9 34 12 4 19 22 61 65 16 70 14 63 26 62 13 5 83 3 32 45 41 
62 31 37 72 29 73 75 7 46 43 25 30 39 60 80 53 44 84 20 47 36 78 74 67 1 28 59 17 3 35 76 55 68 33 54 41 10 2 24 8 45 23 15 64 50 51 71 0 40 27 57 69 11 77 6 42 32 66 83 49 21 48 34 58 56 18 38 9 52 81 19 61 22 4 12 5 16 65 70 13 26 14 63 82 79 
83 4 12 9 52 48 21 49 66 79 81 19 61 22 63 14 84 53 80 60 28 59 17 15 27 64 50 51 11 77 71 0 40 42 8 24 2 10 41 68 33 54 76 35 3 32 45 23 55 56 18 58 38 34 5 16 65 70 13 26 62 31 37 47 36 44 39 78 74 67 46 7 29 75 73 72 20 1 30 25 43 69 57 6 82 
84 44 80 60 28 59 17 3 32 45 23 2 10 24 8 42 0 40 27 64 50 51 11 77 6 71 57 69 46 7 43 25 1 30 15 73 75 29 72 36 78 74 67 39 47 37 31 62 14 20 13 26 70 61 22 81 52 48 38 21 56 18 58 34 9 12 4 19 82 79 83 49 76 54 68 33 55 41 35 66 53 63 65 16 5 
4 12 52 81 83 49 21 48 9 34 58 38 18 56 55 68 33 54 76 35 45 32 17 3 59 28 15 30 1 74 67 78 36 44 39 60 80 53 84 20 47 37 31 62 13 26 14 63 82 19 22 61 70 65 16 5 79 66 75 29 72 73 46 69 7 50 51 71 0 40 27 64 25 43 57 11 77 6 42 8 24 41 23 2 10 
61 22 19 63 26 13 62 31 37 47 20 84 44 39 60 28 66 79 82 81 83 52 49 21 35 3 17 59 15 30 1 74 67 78 36 72 73 75 29 46 7 69 43 25 57 51 50 64 27 32 40 42 0 71 11 77 6 8 24 10 2 45 23 76 54 55 68 33 41 56 18 58 34 48 9 12 4 5 65 16 70 14 53 80 38 
41 68 55 33 54 76 35 3 32 45 23 2 10 24 8 42 43 25 50 57 51 11 77 6 71 0 40 27 64 84 44 53 80 60 28 15 59 17 66 79 83 49 21 38 58 34 9 48 52 81 19 4 12 22 61 65 16 70 13 62 31 37 47 36 78 74 67 46 7 69 1 30 39 72 29 75 73 20 14 26 63 82 5 56 18 
20 62 13 26 14 63 53 44 84 80 60 39 78 74 67 1 30 25 43 57 69 46 7 73 72 75 29 47 37 31 28 59 17 15 27 32 45 23 3 35 54 76 49 21 38 48 9 12 4 19 61 22 5 16 65 70 82 66 79 81 83 52 34 58 18 56 55 33 68 41 10 2 8 24 42 40 0 71 51 11 77 6 64 50 36 
11 77 71 51 50 64 27 30 1 74 78 67 29 75 73 72 47 37 31 20 36 60 80 44 53 63 14 62 13 70 26 82 81 19 22 61 65 16 5 4 12 9 34 58 38 48 52 83 79 66 28 59 17 32 3 35 23 2 10 41 33 68 54 76 49 21 56 18 55 84 39 15 25 69 7 46 43 57 0 40 42 8 24 45 6 
82 83 49 21 38 34 58 9 56 18 55 68 33 54 76 35 23 8 24 45 32 59 28 60 66 79 81 19 61 22 52 48 12 4 5 16 65 70 13 26 14 63 62 31 37 47 73 29 72 75 78 36 39 74 67 46 7 25 1 30 43 69 57 50 64 27 40 0 77 11 51 71 6 42 2 10 41 3 17 15 80 53 44 84 20 
36 31 62 26 13 70 22 4 12 5 16 65 61 81 83 79 66 82 53 80 60 28 59 17 15 64 27 40 0 71 77 11 51 50 25 43 57 69 46 7 67 74 1 30 39 37 20 47 14 63 19 52 49 21 38 48 9 34 58 56 18 55 68 33 35 3 32 45 23 54 76 2 10 41 8 24 42 6 44 84 78 72 73 75 29 
43 25 30 1 67 74 78 39 84 44 60 80 53 63 14 22 61 4 12 9 52 83 48 38 21 49 79 81 66 19 82 13 26 31 37 47 20 36 72 73 75 29 46 7 69 57 51 71 0 40 27 15 17 59 28 3 35 23 2 10 41 68 33 54 76 55 18 56 58 34 5 16 65 70 62 32 45 24 8 42 64 50 11 77 6 
42 0 51 50 57 69 7 46 43 25 64 40 27 17 59 28 60 80 53 44 84 20 37 31 62 14 63 19 4 12 9 48 52 83 66 3 35 33 68 76 54 23 45 32 15 30 1 78 47 36 72 73 75 29 67 74 39 82 81 79 49 21 38 58 56 55 18 34 22 61 26 13 70 65 16 5 41 10 2 24 8 6 77 11 71 
49 21 76 23 35 3 32 40 64 50 51 11 71 0 42 27 46 7 69 43 25 57 77 6 8 24 45 59 17 15 28 66 79 81 83 52 48 34 38 58 18 56 55 68 33 54 2 10 41 82 19 4 12 5 22 63 14 53 80 60 44 39 78 1 30 74 67 29 75 72 73 36 20 84 37 47 31 62 13 26 70 61 65 16 9 
53 80 60 44 84 20 47 37 31 62 26 13 70 65 16 5 4 12 52 9 48 34 58 38 21 49 55 10 2 23 33 54 76 35 3 17 59 66 15 30 1 74 67 46 7 69 57 50 51 11 77 71 0 40 27 64 43 25 78 36 73 29 75 72 39 63 14 61 22 19 82 79 81 83 56 18 68 41 32 45 42 8 24 6 28 
61 22 5 4 19 52 81 79 66 60 80 53 44 84 20 28 59 17 32 27 40 42 0 71 51 50 64 43 25 30 1 74 67 72 73 75 29 7 46 69 57 11 77 6 8 24 45 2 10 41 33 68 54 76 35 23 3 12 9 38 48 34 58 56 18 55 21 49 83 63 14 15 39 78 36 47 37 31 62 13 26 70 16 65 82 
5 12 52 4 22 61 19 81 83 49 21 38 34 58 56 18 9 48 17 32 45 23 35 3 59 28 60 80 53 82 79 66 44 84 20 47 37 36 78 74 67 1 39 30 15 40 27 42 0 71 51 11 77 6 24 8 2 10 41 33 68 55 54 76 25 64 50 57 69 7 46 43 29 72 73 75 31 14 63 62 26 13 70 65 16 
82 19 4 52 83 81 79 66 59 17 3 35 23 41 55 56 18 38 58 34 48 21 49 76 54 68 33 10 2 45 32 27 64 50 51 71 11 77 6 0 40 42 24 8 25 43 57 39 74 1 30 15 28 60 80 53 44 84 20 14 63 61 22 5 12 9 16 65 70 26 13 62 31 37 47 36 78 67 69 7 46 29 72 73 75 
19 22 61 26 13 62 14 63 31 37 47 36 78 74 67 1 39 44 84 20 73 72 75 29 46 7 69 57 43 25 64 50 51 11 71 77 6 0 40 32 27 15 30 28 60 80 53 82 81 52 83 49 21 38 48 9 34 58 56 18 33 68 76 54 35 3 23 45 2 10 41 55 24 8 42 17 59 66 79 4 12 5 16 65 70 
61 22 5 12 4 19 83 52 49 21 38 48 9 34 58 56 18 55 68 54 35 3 59 28 60 80 53 44 39 78 67 74 1 30 69 43 25 64 50 51 11 71 77 6 40 27 15 79 82 81 66 17 32 45 23 76 33 41 10 2 24 8 42 0 57 46 7 72 73 47 37 20 84 14 63 13 26 62 75 29 36 31 70 65 16 
12 5 22 61 19 82 80 60 15 17 28 39 20 37 31 14 26 13 62 84 44 53 74 67 1 30 25 43 57 50 51 77 11 6 71 0 64 27 32 3 35 23 2 10 41 33 68 55 54 76 49 21 56 18 58 34 38 48 9 52 83 81 79 66 59 45 8 24 42 40 69 46 7 78 36 47 72 73 75 29 63 70 65 16 4 
62 14 63 26 13 70 65 16 22 61 19 81 4 12 5 52 83 49 21 38 58 48 34 9 18 56 55 68 33 54 76 35 3 60 28 80 53 84 44 82 79 66 59 17 32 45 23 2 10 41 24 8 42 0 71 51 50 64 11 77 6 40 27 15 30 1 74 78 36 20 47 37 31 72 73 75 29 7 46 69 67 39 25 43 57 
42 0 40 27 25 69 46 7 29 75 73 72 20 84 44 60 59 17 3 35 76 54 21 48 9 34 38 58 56 18 55 68 33 41 10 8 24 2 23 45 15 30 74 1 67 39 78 36 47 37 31 62 26 13 70 65 16 82 19 4 12 5 22 61 14 63 53 80 52 83 49 79 81 66 28 64 50 51 71 11 77 6 57 43 32 
8 24 45 42 64 50 51 71 0 40 17 59 28 60 53 80 30 1 25 43 57 69 7 46 72 73 75 29 36 84 20 47 37 31 62 13 70 65 16 5 4 61 22 66 79 83 52 48 21 49 54 76 35 23 2 10 41 33 68 55 18 56 58 34 38 9 12 81 82 19 63 14 26 44 39 78 74 67 3 32 27 15 11 77 6 
62 26 13 70 65 16 22 82 81 79 83 49 35 3 66 60 80 53 44 84 20 31 37 47 39 1 74 67 78 36 72 73 75 29 7 46 69 57 25 43 40 71 51 50 28 59 15 30 27 64 11 77 6 0 42 24 8 10 41 2 23 45 32 17 76 54 68 33 55 56 18 58 38 21 52 4 12 48 34 9 5 19 61 63 14 
41 10 2 24 8 42 0 40 32 45 3 35 76 54 68 55 56 18 58 34 48 38 21 49 83 52 79 81 82 63 19 22 61 14 20 36 44 53 80 60 30 1 74 67 39 17 59 15 27 64 50 51 11 77 71 6 57 43 25 69 7 46 29 72 73 75 37 47 31 62 26 13 70 16 65 5 4 12 9 66 84 78 28 23 33 
0 42 8 24 2 10 41 54 76 49 21 38 58 18 56 55 68 33 23 35 3 45 32 27 64 50 57 69 43 25 30 1 74 67 46 7 72 29 75 73 47 37 31 20 84 44 80 53 60 28 59 17 40 15 78 36 39 66 79 81 4 19 12 52 48 34 9 83 82 61 22 5 65 16 70 13 26 62 14 63 51 11 77 6 71 
71 51 11 77 50 64 27 40 42 8 24 23 45 32 17 59 28 78 74 67 72 73 75 29 7 46 69 57 43 25 30 15 1 39 20 84 44 60 80 53 19 82 81 83 52 21 49 38 48 9 12 4 22 5 65 16 70 13 26 62 31 37 47 36 63 14 61 79 66 3 35 54 33 68 55 56 18 58 34 76 41 2 10 0 6 
77 11 51 0 71 40 27 64 50 25 43 1 74 67 78 36 20 84 44 53 80 60 28 59 17 32 3 23 35 76 54 33 68 55 34 9 48 38 58 18 56 21 49 83 81 4 12 52 79 66 82 19 61 22 5 16 65 63 14 26 62 13 70 31 37 47 72 73 75 29 46 7 69 57 6 42 45 24 8 10 41 2 15 30 39 
81 79 83 52 38 58 56 18 34 21 49 76 35 23 2 10 8 24 42 40 0 71 77 11 51 50 64 30 1 74 67 46 7 69 43 25 27 15 17 59 28 60 80 53 84 44 39 82 19 61 22 4 12 9 5 16 65 70 13 26 14 63 62 31 47 37 20 36 78 72 75 73 29 57 6 45 32 3 66 54 33 68 41 55 48 
81 79 83 49 21 34 58 38 56 18 55 76 23 8 24 2 10 41 54 68 33 35 3 15 64 50 51 11 77 71 6 27 40 0 42 45 32 17 59 28 60 80 53 44 84 20 37 31 62 26 14 63 61 22 4 12 52 48 9 5 19 82 66 1 74 67 78 36 72 73 75 29 7 46 69 57 43 25 30 39 47 13 70 65 16 
15 64 50 11 77 6 0 40 27 32 17 59 28 60 80 44 84 20 37 47 36 67 74 1 30 25 43 57 69 46 7 78 39 53 82 61 22 4 12 52 83 81 79 66 3 35 23 45 2 10 41 33 68 55 54 76 49 21 48 38 58 34 9 5 65 16 70 13 26 14 62 31 63 19 18 56 24 8 42 71 51 72 73 75 29 
45 35 54 76 55 68 33 23 3 17 59 28 60 80 53 44 84 78 67 74 1 30 50 51 71 11 77 6 0 42 40 27 64 25 43 57 69 7 46 72 73 75 29 47 37 31 14 63 61 22 19 82 81 79 49 21 83 52 4 12 9 34 48 38 58 18 56 66 15 32 24 8 2 10 41 5 65 16 70 13 26 62 20 36 39 
12 4 19 83 49 21 54 33 68 41 10 2 23 35 3 59 17 15 30 1 74 67 39 78 36 47 37 73 72 75 29 46 7 69 43 25 27 40 0 71 51 50 57 64 11 77 6 42 24 8 45 32 28 53 80 60 44 84 20 14 31 62 26 13 70 63 79 81 82 22 61 16 65 5 9 34 58 38 48 52 66 76 55 56 18 
12 4 5 66 79 81 19 22 62 26 13 63 53 80 44 84 20 36 78 39 74 67 1 30 57 43 25 64 50 51 11 77 6 71 0 42 8 24 2 68 33 54 76 21 49 83 52 48 38 34 58 56 18 55 41 10 35 3 17 59 28 60 82 61 65 16 70 14 31 37 47 73 72 75 29 7 46 69 15 27 40 23 45 32 9 
53 60 80 44 84 20 47 37 31 62 63 14 26 13 70 61 22 4 19 81 79 66 49 21 38 48 9 34 58 56 18 55 54 68 33 41 10 2 23 35 3 17 32 45 42 40 0 11 77 6 71 51 50 15 30 1 67 74 78 39 36 72 73 75 29 69 7 46 43 25 57 64 27 28 59 24 8 76 52 83 12 5 65 16 82 
57 43 25 64 50 51 11 77 71 0 42 40 32 45 23 41 68 76 35 3 17 59 15 27 30 1 46 7 69 74 78 36 20 84 14 63 82 22 61 19 81 83 49 21 38 58 34 9 48 52 4 12 5 16 65 70 26 13 62 31 37 47 72 29 73 75 67 39 53 80 60 28 44 79 66 55 56 18 54 33 10 2 24 8 6 
