67 74 1 30 25 43 46 7 69 57 88 50 71 0 64 8 24 2 10 41 76 54 33 68 55 56 18 58 38 49 21 83 52 48 34 9 12 4 81 82 19 93 5 16 65 85 13 26 14 20 31 37 47 36 78 39 28 59 66 79 53 60 80 44 84 15 51 11 77 89 6 42 40 27 91 32 94 86 3 90 35 23 45 17 63 92 22 61 70 62 72 73 75 29 87 
35 3 86 23 45 32 94 17 91 27 64 25 43 88 57 51 50 11 77 89 6 42 0 71 40 24 8 2 10 41 55 56 18 58 38 21 48 9 34 4 93 12 5 22 19 52 83 81 79 49 76 54 68 33 66 90 59 60 28 80 53 63 14 20 84 44 39 78 74 1 30 15 46 67 87 72 73 75 29 7 69 36 47 37 31 62 13 26 70 65 85 16 92 61 82 
16 85 65 5 19 81 79 83 49 21 48 34 9 12 4 93 22 61 92 13 26 62 31 37 47 72 29 75 73 87 67 74 78 39 44 14 63 84 80 60 28 59 86 3 17 32 94 45 2 10 41 68 33 54 56 55 18 58 38 52 66 90 76 35 23 24 8 0 40 71 64 27 91 15 30 1 69 43 25 42 6 89 77 11 51 50 88 57 7 46 36 20 53 82 70 
53 80 44 84 20 74 1 30 15 28 91 17 94 32 40 0 51 88 50 64 27 45 23 35 86 3 90 76 54 68 55 18 56 58 34 38 48 9 83 81 52 79 82 19 22 61 92 63 14 62 13 26 70 65 16 85 5 93 4 12 66 60 49 21 33 41 2 10 24 8 42 6 89 11 77 71 43 25 57 69 46 7 67 78 36 47 37 31 73 72 29 75 87 39 59 
20 84 44 60 80 53 63 92 19 81 79 83 49 21 52 48 38 58 56 18 34 9 12 4 93 22 61 5 16 85 65 70 13 26 14 62 31 37 47 36 78 74 67 87 72 73 75 29 7 46 69 43 25 1 30 6 89 71 0 51 50 88 57 64 27 91 15 59 17 94 32 45 86 35 23 3 54 10 41 33 68 55 76 2 24 8 40 42 11 77 90 66 82 28 39 
3 23 86 94 32 45 2 10 33 68 76 54 38 34 58 21 49 83 52 12 4 93 22 19 81 79 82 66 59 17 91 15 28 60 80 53 44 1 39 78 74 67 87 72 73 75 29 25 30 43 69 46 7 57 88 51 11 77 89 6 50 64 27 40 0 71 42 8 24 35 90 14 63 92 61 20 36 84 47 37 31 26 13 62 70 85 16 65 5 9 48 56 18 55 41 
56 18 55 68 76 54 33 35 3 94 17 59 66 79 81 83 49 21 38 48 58 34 9 12 4 93 5 52 90 86 23 45 42 40 27 91 15 32 28 60 80 53 44 84 20 36 72 73 75 29 87 67 46 7 25 43 69 57 88 51 11 77 71 0 64 50 89 6 8 24 2 10 41 82 19 22 61 26 13 62 31 37 47 78 74 1 30 39 14 63 92 70 85 16 65 
19 61 22 92 63 14 53 80 84 20 37 47 36 78 74 67 87 72 73 75 29 46 7 69 43 25 88 50 51 71 0 40 27 91 32 45 94 17 59 66 79 28 60 30 15 64 57 11 77 89 6 8 24 42 2 10 33 41 68 55 76 35 3 86 23 90 49 21 38 48 34 58 18 56 54 9 83 52 81 12 4 93 5 16 85 65 70 13 26 62 31 44 39 1 82 
17 59 94 32 35 86 3 90 49 21 38 48 52 83 82 19 12 4 93 22 61 92 63 14 26 13 62 31 37 47 36 39 44 80 53 67 74 78 1 30 60 28 66 79 81 54 76 33 68 55 18 56 58 34 9 5 85 16 65 70 84 20 87 29 72 73 75 46 7 69 43 57 88 51 50 64 27 91 71 77 11 0 40 45 23 2 10 41 24 8 42 6 89 25 15 
53 80 60 28 59 17 90 3 35 86 94 32 40 27 91 15 43 25 64 88 57 69 46 7 87 74 67 1 30 39 36 78 84 44 72 73 75 29 47 20 31 37 14 63 19 22 61 92 26 62 13 70 65 16 85 12 4 93 5 79 81 83 49 21 38 48 52 9 34 58 18 56 55 68 33 54 76 41 10 2 24 8 71 0 50 51 11 77 89 6 42 45 23 66 82 
5 93 22 61 92 63 14 47 37 31 20 84 44 53 80 60 28 39 78 36 67 74 1 30 15 17 59 3 35 23 2 10 68 55 76 54 33 21 49 38 58 34 48 9 52 83 79 66 81 82 19 4 12 65 16 85 70 13 26 62 72 73 75 29 87 46 7 69 57 71 0 43 25 64 51 88 50 11 77 89 6 42 24 8 40 27 91 94 86 45 32 90 56 18 41 
18 38 34 58 56 55 68 33 54 76 35 3 90 45 32 94 86 23 2 10 24 8 42 0 6 89 11 77 71 51 50 88 57 43 25 64 40 27 91 15 74 67 7 46 69 72 73 75 29 87 78 36 47 37 31 62 13 26 63 92 14 53 80 60 44 39 1 30 28 59 17 66 79 19 22 61 93 4 12 5 9 48 52 83 49 21 81 82 16 85 65 70 20 84 41 
64 50 51 11 77 89 6 71 0 40 27 91 30 1 67 74 78 39 47 37 31 62 26 13 14 63 92 61 22 93 4 12 9 34 58 18 56 38 49 21 48 52 83 60 80 53 44 84 20 36 72 73 75 29 87 46 7 69 57 88 43 25 15 28 59 86 3 35 23 2 10 41 33 68 55 54 76 90 94 32 45 24 8 42 17 66 79 81 19 82 5 65 85 16 70 
35 76 54 33 68 55 56 18 58 34 9 5 4 12 93 22 61 92 26 13 62 14 20 37 31 47 36 78 74 67 1 30 15 91 27 64 51 11 77 71 0 89 6 40 32 94 3 86 8 24 2 10 41 23 45 42 88 57 43 25 50 69 46 7 87 29 72 73 75 39 60 80 44 53 28 59 17 66 79 81 82 19 65 16 85 70 63 84 21 49 83 52 48 38 90 
24 8 42 40 64 27 91 17 60 44 80 53 84 20 31 62 13 26 63 82 19 22 61 92 70 85 65 16 5 93 4 12 9 48 34 38 58 56 18 55 41 2 10 86 3 35 90 66 79 81 52 21 49 83 59 28 15 30 1 74 67 87 29 72 73 75 47 37 14 36 78 39 25 43 46 7 69 88 0 71 51 11 77 57 50 89 6 94 32 45 23 33 54 76 68 
45 23 35 86 3 94 32 28 59 17 42 0 71 51 11 77 89 6 43 25 64 50 88 57 69 46 7 30 1 74 67 78 47 37 20 84 44 53 80 60 66 79 49 21 76 54 68 55 56 18 58 34 48 38 9 12 4 93 22 61 82 81 83 52 19 5 85 65 16 70 26 13 92 63 14 62 31 36 72 73 75 29 87 39 15 91 27 40 8 24 2 10 41 33 90 
19 53 44 84 20 47 37 14 63 92 61 22 93 12 9 38 48 34 58 56 18 33 41 68 55 54 76 35 86 3 94 32 17 30 74 67 87 72 73 75 29 7 69 43 25 64 50 51 11 71 0 40 27 91 15 78 36 31 62 13 26 70 65 85 16 5 4 52 81 79 83 49 21 90 66 80 60 28 59 45 23 2 10 24 8 42 77 89 6 88 57 46 1 39 82 
92 63 14 20 37 47 84 44 60 80 53 82 19 81 4 12 93 22 61 52 48 34 21 49 83 79 66 28 15 91 50 51 71 0 40 32 94 45 23 35 90 3 86 9 58 38 56 18 76 54 33 41 68 55 10 2 8 24 42 17 59 27 64 25 43 57 11 77 89 6 88 69 46 7 87 67 74 30 1 78 39 36 73 72 29 75 31 62 13 26 70 65 85 16 5 
44 60 28 59 3 94 32 91 27 40 0 42 8 24 2 10 41 33 68 54 76 21 49 66 82 79 83 81 4 93 22 5 12 9 48 38 34 58 18 56 55 35 86 23 45 80 53 84 63 14 26 13 62 31 37 47 36 78 39 74 67 1 30 7 46 69 43 25 51 50 88 57 11 77 89 6 71 64 15 17 90 52 19 61 92 70 65 85 16 20 72 73 75 29 87 
53 44 80 60 28 59 17 45 94 32 91 27 40 51 50 88 57 25 43 64 15 30 1 74 67 87 72 73 75 29 78 39 84 20 37 31 13 62 26 92 63 14 47 36 19 81 79 83 52 48 21 49 76 54 18 56 58 38 34 9 12 4 93 22 61 70 65 85 16 5 82 66 90 3 86 35 23 2 10 41 68 55 33 24 8 42 6 89 77 11 71 0 69 46 7 
20 84 44 80 53 92 63 14 26 13 62 37 31 47 73 75 30 1 67 74 78 39 60 28 17 59 35 90 3 86 23 94 32 45 40 27 91 15 64 51 11 71 50 57 69 43 25 88 77 89 6 0 42 8 24 2 10 41 33 68 55 54 76 49 21 38 34 58 56 18 48 83 81 19 4 12 93 5 16 85 65 70 61 22 9 52 79 66 82 36 72 87 46 7 29 
76 54 86 94 32 0 40 42 8 24 2 10 68 23 35 3 90 28 60 80 53 82 61 22 93 4 81 19 12 5 52 83 49 21 48 9 34 58 38 56 18 55 33 41 59 17 91 27 64 50 51 11 77 89 6 71 88 57 43 69 46 7 72 73 75 29 87 67 74 78 1 39 44 84 20 36 47 37 31 62 13 63 14 26 92 70 16 85 65 79 66 15 30 25 45 
3 86 35 23 68 55 38 9 12 4 93 5 22 61 92 85 16 65 70 26 62 13 31 37 20 84 80 53 44 39 78 36 47 72 73 75 29 87 67 74 1 30 15 91 27 64 50 51 88 57 25 43 7 46 69 8 24 2 10 54 76 33 41 18 56 58 34 48 52 83 49 21 81 79 82 14 63 19 66 28 60 59 17 94 32 11 71 77 89 6 42 40 0 45 90 
19 4 93 22 61 92 63 14 26 13 62 31 37 47 84 20 44 39 78 74 67 87 72 73 29 75 7 46 69 43 25 57 51 50 64 27 91 15 59 17 94 32 45 23 35 76 54 86 3 90 66 79 81 52 83 49 21 48 9 58 34 38 56 18 55 68 33 41 10 2 42 8 24 40 0 71 89 6 11 77 88 30 1 36 80 53 82 12 5 65 16 85 70 60 28 
43 25 64 50 88 51 11 77 89 0 71 27 91 15 30 1 74 78 36 47 37 31 62 13 61 22 93 4 12 5 19 82 79 83 49 21 38 58 34 9 48 52 81 28 60 80 53 44 20 84 14 26 63 92 70 65 16 85 39 67 87 72 73 75 29 46 7 57 69 17 59 66 90 3 86 23 33 54 76 35 2 10 41 68 55 56 18 45 94 32 40 42 8 24 6 
74 67 87 29 72 73 75 46 7 69 57 88 50 71 51 11 77 89 6 42 15 91 27 40 32 94 86 23 35 3 90 59 17 66 79 81 82 19 4 12 93 22 61 26 13 70 65 85 16 5 9 34 48 52 83 21 49 55 68 76 54 33 10 41 18 58 38 56 2 24 8 45 0 64 43 25 30 1 36 37 20 47 31 62 84 14 63 92 53 44 80 60 28 39 78 
43 25 15 30 1 74 67 87 72 73 75 29 7 46 69 57 88 50 51 27 91 32 94 17 59 60 80 53 84 20 44 78 36 47 37 31 62 26 13 14 63 92 61 22 93 4 12 90 79 81 52 83 49 21 48 38 56 18 58 34 9 5 16 85 65 70 19 82 66 23 35 86 3 54 76 55 68 33 41 2 10 0 71 11 77 89 6 42 40 45 8 24 39 28 64 
5 93 4 12 9 34 58 48 52 83 49 21 38 56 18 55 68 54 76 35 23 41 33 79 81 19 61 92 63 14 36 47 20 84 44 39 28 60 80 53 15 27 40 0 71 51 50 88 11 77 89 6 42 8 24 86 3 17 94 32 45 2 10 64 25 43 57 69 46 7 67 87 72 73 29 75 78 74 1 30 91 59 90 66 82 22 26 13 62 31 37 70 65 85 16 
0 71 6 89 77 11 51 88 40 25 43 46 7 69 57 50 64 27 91 32 94 3 86 35 76 90 66 79 81 22 19 93 4 12 9 48 34 58 38 21 49 83 52 82 14 26 13 62 31 20 37 47 36 78 74 67 87 72 73 29 75 39 84 60 80 44 53 63 92 61 5 16 65 85 70 1 30 15 28 59 17 45 23 33 2 10 41 68 55 56 18 54 24 8 42 
84 44 53 80 60 28 66 79 82 19 22 4 93 34 58 56 18 52 81 83 49 21 38 55 68 54 23 45 94 32 86 3 90 33 41 10 2 24 8 42 27 64 50 51 11 77 0 40 91 15 30 1 74 78 36 47 37 31 20 39 67 87 72 73 75 29 7 46 69 43 25 57 88 71 6 89 59 17 35 76 48 9 5 12 16 85 65 70 92 61 14 63 26 13 62 
15 17 59 28 60 80 53 44 84 20 36 47 37 31 62 13 26 92 63 14 39 78 74 67 87 72 73 75 29 7 46 69 43 25 50 51 11 77 89 6 88 71 40 0 42 8 24 10 2 3 90 66 79 81 83 49 21 52 48 58 34 38 56 18 55 54 76 68 41 33 23 86 35 45 32 94 91 27 64 57 30 1 19 4 12 5 93 22 61 16 85 65 70 82 9 
71 6 89 77 11 51 50 88 57 43 25 27 40 0 64 15 91 59 17 45 23 35 3 90 21 49 83 52 48 38 58 56 18 55 54 76 86 94 32 28 39 44 80 53 60 63 14 87 29 75 73 72 36 78 74 67 1 30 46 7 69 84 20 47 37 31 62 13 26 70 92 61 22 19 81 79 66 4 93 12 9 34 5 16 85 65 82 68 33 41 10 2 24 8 42 
81 19 22 61 92 63 53 84 44 80 60 28 59 17 3 86 45 94 91 32 40 27 64 50 88 69 46 7 43 57 25 30 1 74 78 39 36 47 37 20 31 14 26 13 62 70 65 16 85 52 83 5 9 48 38 21 49 76 54 33 68 55 56 18 58 34 4 12 93 82 66 79 90 35 23 2 10 41 24 8 42 0 71 51 11 77 89 6 73 75 72 29 87 67 15 
19 22 93 5 4 12 52 49 21 48 58 38 34 9 61 92 63 26 13 70 16 85 65 53 80 44 84 20 37 47 36 78 39 60 28 32 94 17 59 3 86 35 54 68 33 76 55 56 18 41 10 2 23 45 8 24 42 0 40 27 91 15 1 30 25 43 57 88 51 71 11 77 89 6 50 64 69 46 7 29 87 67 74 72 73 75 62 31 14 83 81 79 66 90 82 
45 32 94 3 86 35 54 76 49 21 38 48 52 9 12 4 93 5 22 61 19 81 79 82 66 83 34 56 18 58 55 68 10 2 23 33 41 90 17 91 27 40 0 42 8 24 59 28 60 80 53 44 84 20 14 63 92 26 65 85 16 70 13 62 31 37 47 72 73 75 29 7 46 69 43 25 50 88 51 71 77 11 57 1 74 67 87 36 78 39 30 15 64 6 89 
53 44 80 60 28 59 17 45 94 32 91 27 40 51 50 88 57 25 43 64 15 30 1 74 67 87 72 73 75 29 78 39 84 20 37 31 13 62 26 92 63 14 47 36 19 81 79 83 52 48 21 49 76 54 18 56 58 38 34 9 12 4 93 22 61 70 65 85 16 5 82 66 90 3 86 35 23 2 10 41 68 55 33 24 8 42 6 89 77 11 71 0 69 46 7 
21 49 52 83 81 79 66 90 3 35 76 54 68 33 23 86 94 32 40 27 64 50 51 88 57 25 43 69 46 7 74 67 78 84 20 36 47 37 31 62 26 13 70 65 85 16 5 93 4 12 9 48 34 58 38 18 56 55 41 10 2 24 8 45 17 15 28 60 80 53 44 39 63 92 61 22 19 82 14 29 75 73 72 87 30 1 91 59 71 11 77 89 6 0 42 
60 28 59 17 94 32 23 35 86 3 68 33 54 76 49 21 48 52 83 81 82 53 84 14 63 92 61 22 93 19 79 66 20 37 47 73 75 29 72 87 67 74 1 15 91 27 40 42 0 71 51 11 77 89 6 8 24 45 64 25 43 69 57 88 50 7 46 30 39 78 36 31 62 13 26 70 65 16 85 5 4 12 9 34 38 58 56 18 55 41 10 2 90 44 80 
30 1 74 78 36 20 84 14 26 13 62 31 37 47 73 75 72 29 67 87 25 43 69 46 7 57 88 51 50 64 27 15 32 94 86 3 35 76 54 55 68 33 58 38 21 49 48 93 22 19 82 44 53 80 60 28 59 17 91 40 0 71 77 11 89 6 42 8 24 10 2 23 45 90 66 79 81 83 52 9 34 56 18 41 12 4 5 65 16 85 70 61 63 92 39 
40 32 94 86 90 66 82 81 19 61 22 65 16 85 70 13 26 62 31 37 47 36 67 74 78 39 60 28 59 17 3 45 41 33 68 55 54 76 35 23 2 10 24 8 42 0 71 51 11 77 89 6 69 46 7 64 27 91 15 30 80 53 44 84 20 14 63 92 93 4 12 5 9 48 49 21 38 58 56 18 34 52 83 79 1 87 29 72 73 75 25 43 57 88 50 
67 78 72 73 75 29 87 7 46 69 43 25 50 88 57 1 74 36 47 37 84 14 63 92 61 82 79 83 49 21 38 12 4 93 22 19 81 52 48 58 56 18 55 68 33 41 10 24 8 2 76 54 23 86 3 94 32 27 91 40 0 42 71 51 11 77 89 6 64 15 60 80 53 44 20 31 62 13 26 70 65 16 85 5 9 34 66 90 59 17 28 35 45 30 39 
50 88 57 43 25 64 40 27 91 17 94 32 45 86 3 35 90 49 38 48 9 34 58 18 56 55 68 41 33 54 76 21 83 52 81 93 22 19 61 92 63 14 36 47 37 20 84 31 62 26 13 70 16 85 65 5 12 4 82 60 80 53 44 39 78 72 73 75 29 46 7 69 51 71 11 77 89 6 42 0 8 24 10 2 23 28 59 66 79 15 30 1 74 67 87 
28 53 80 60 59 17 32 94 3 86 45 23 35 90 66 79 81 19 22 93 4 34 58 18 56 38 48 52 83 12 9 21 49 76 33 68 54 55 41 10 2 24 8 42 0 40 88 51 50 25 43 1 30 15 27 91 64 71 77 89 6 11 57 46 7 69 20 84 44 39 67 87 29 75 73 72 36 74 78 47 37 31 62 14 63 92 61 13 26 70 65 85 16 5 82 
1 30 15 91 27 64 50 51 11 77 42 40 0 71 89 17 94 3 86 45 32 23 35 90 21 38 56 18 58 34 9 48 52 83 49 33 55 54 76 68 41 10 2 24 8 6 88 57 43 25 69 46 7 67 74 87 72 29 75 73 37 47 36 20 84 39 44 80 53 82 22 93 4 12 61 92 63 14 26 13 62 31 70 65 85 16 5 19 81 79 66 59 28 60 78 
64 27 91 32 94 23 35 86 3 90 28 60 80 44 84 20 53 31 37 47 36 67 74 1 30 39 78 87 72 73 75 29 46 7 69 57 88 50 51 11 71 42 0 40 59 17 15 45 2 10 33 68 55 56 18 58 38 21 49 52 83 79 81 19 4 12 5 16 85 65 70 62 14 63 92 26 13 82 61 22 93 34 9 48 66 76 54 41 24 8 6 89 77 43 25 
79 81 52 83 49 21 76 54 55 18 58 38 9 48 34 56 68 33 2 41 10 23 86 3 94 17 59 28 60 80 44 53 39 78 74 67 1 30 15 91 27 32 40 0 89 77 11 64 25 43 69 46 7 57 88 51 50 71 6 42 8 24 45 35 90 66 19 22 61 63 14 47 37 20 36 72 87 29 75 73 84 31 62 13 26 92 5 93 4 12 16 85 65 70 82 
12 4 93 22 19 81 79 83 52 48 9 34 58 38 21 49 55 68 33 23 35 3 94 45 32 17 59 28 30 15 91 27 40 0 42 8 24 6 89 71 11 77 51 50 64 7 46 69 57 88 43 25 1 74 78 36 47 37 31 62 63 14 26 13 70 92 61 85 16 65 5 82 53 80 60 44 84 20 73 72 29 75 87 67 39 76 54 56 18 41 10 2 86 90 66 
63 26 62 13 70 65 85 16 5 12 4 19 82 81 79 66 3 86 35 23 45 32 17 59 28 60 80 53 44 84 20 36 39 78 74 67 1 30 25 43 57 88 50 51 69 94 90 76 54 33 68 55 56 18 38 21 49 48 58 34 9 52 83 93 22 61 92 14 31 47 37 75 73 72 29 87 46 7 91 27 64 40 0 71 11 77 89 6 42 8 24 2 10 41 15 
27 91 40 32 94 86 3 35 76 54 68 33 41 10 2 45 23 55 56 18 48 12 4 93 22 61 92 63 70 13 26 14 20 84 47 37 36 67 74 78 39 44 53 80 60 28 17 59 15 30 1 46 7 69 57 43 25 64 50 51 88 71 0 11 77 89 6 42 8 24 9 34 58 38 21 49 83 52 81 79 19 82 66 90 5 16 85 65 62 31 73 75 29 72 87 
80 53 44 84 20 47 37 31 62 13 26 92 19 22 61 82 81 52 83 21 49 48 9 34 58 38 56 18 55 68 33 54 76 90 17 94 32 91 15 30 1 74 67 78 39 36 87 29 73 72 75 7 46 69 57 50 88 51 11 77 89 6 0 71 42 24 8 2 10 41 45 86 3 59 66 79 12 93 4 5 65 85 16 70 14 63 60 28 27 25 43 64 40 35 23 
86 3 94 32 17 59 28 60 44 53 80 84 20 37 47 36 78 74 67 87 72 73 75 29 46 69 7 43 25 57 50 51 88 11 77 6 89 42 40 27 91 2 10 24 8 23 35 90 76 54 55 68 33 41 21 49 83 52 12 4 19 79 81 22 93 5 9 48 38 58 34 18 56 66 82 61 16 85 65 70 13 26 62 92 63 14 31 39 1 30 15 64 0 71 45 
15 28 60 80 53 44 84 20 37 47 31 62 13 26 14 63 92 70 22 93 12 4 61 19 81 79 66 90 3 86 45 23 2 10 41 33 68 55 54 76 35 83 52 48 21 49 56 18 58 38 34 9 5 16 65 85 82 36 78 1 30 25 43 50 51 88 57 69 46 7 74 67 87 29 75 72 73 39 59 91 27 17 94 32 40 0 71 11 77 89 6 8 42 24 64 
8 24 0 64 27 91 15 30 39 78 74 67 87 72 29 75 73 47 37 44 53 80 60 28 59 17 3 86 23 35 90 61 22 93 19 82 63 14 26 92 84 20 36 43 57 88 50 51 11 71 77 89 6 42 40 32 94 45 41 33 68 55 56 18 58 38 21 49 83 52 48 34 9 12 4 5 16 65 85 70 13 62 31 1 46 7 69 25 79 81 66 76 54 2 10 
44 39 30 1 74 67 78 36 47 37 31 20 84 60 80 25 64 27 91 32 94 3 86 45 23 10 2 35 90 66 79 83 52 48 21 49 76 54 68 33 41 55 56 18 38 58 34 9 12 4 93 22 19 81 82 53 63 92 26 13 62 14 61 70 65 85 16 5 28 59 17 15 43 57 88 51 50 11 77 71 0 40 42 24 8 6 89 69 46 7 29 72 73 75 87 
21 49 83 52 79 81 19 22 61 92 26 13 62 14 47 37 31 29 75 73 72 78 67 74 1 30 15 27 91 17 28 59 60 80 53 44 20 84 39 36 87 7 46 25 43 69 57 88 50 51 11 77 89 6 40 64 2 10 23 35 86 3 90 54 76 33 68 55 58 34 9 48 12 4 93 5 16 85 65 70 63 82 66 32 94 45 0 71 42 8 24 41 18 56 38 
23 45 86 3 42 0 71 11 51 50 64 25 43 30 1 74 78 36 84 44 53 80 60 28 15 91 27 40 32 94 17 59 66 82 52 5 93 4 12 9 48 34 38 58 56 18 79 81 19 65 16 85 61 92 70 13 26 14 63 39 20 47 37 31 62 75 73 72 29 87 67 46 7 69 57 88 77 89 6 24 8 2 10 41 68 55 33 54 21 49 83 22 90 35 76 
12 5 93 4 19 81 83 52 48 38 21 49 76 54 55 33 68 45 94 32 17 3 86 23 35 90 79 66 82 53 44 87 1 74 36 47 37 78 67 7 46 69 25 43 51 50 64 0 40 27 91 15 28 59 60 80 84 20 14 63 92 26 13 62 31 72 75 73 29 39 30 57 88 11 77 89 6 71 42 8 24 2 10 41 56 18 34 58 9 22 61 70 65 85 16 
13 26 62 31 37 47 36 78 67 74 1 30 15 60 80 53 44 84 20 73 72 75 29 87 7 46 69 43 25 57 88 50 51 71 0 40 32 94 45 86 3 90 35 23 10 2 24 8 42 6 89 77 11 64 27 91 17 59 28 41 33 68 55 56 18 58 48 79 81 52 83 49 21 38 34 9 12 4 93 22 61 19 82 66 76 54 5 92 63 14 39 70 16 65 85 
13 26 62 31 37 47 36 78 67 74 1 30 15 60 80 53 44 84 20 73 72 75 29 87 7 46 69 43 25 57 88 50 51 71 0 40 32 94 45 86 3 90 35 23 10 2 24 8 42 6 89 77 11 64 27 91 17 59 28 41 33 68 55 56 18 58 48 79 81 52 83 49 21 38 34 9 12 4 93 22 61 19 82 66 76 54 5 92 63 14 39 70 16 65 85 
72 36 78 74 67 1 30 91 27 0 71 11 88 57 43 25 69 7 46 87 29 75 73 47 84 80 53 44 60 28 59 17 86 3 94 45 32 40 64 50 51 77 89 6 42 8 24 2 10 41 33 68 55 54 76 35 23 15 20 26 13 62 31 37 14 63 92 61 22 93 4 52 48 49 21 83 79 81 19 82 66 90 38 58 18 56 34 9 12 5 65 85 16 70 39 
39 78 36 47 37 31 62 84 20 61 26 13 92 63 14 70 65 16 85 5 93 22 19 81 79 83 52 48 21 49 82 53 80 44 60 28 66 59 17 94 3 86 35 90 23 68 54 76 33 10 41 2 24 8 42 40 0 71 50 51 89 6 77 11 88 57 43 25 64 27 91 32 45 55 56 18 58 38 34 9 12 4 15 30 46 7 69 1 74 67 87 29 75 73 72 
64 50 51 11 77 89 6 71 0 40 27 91 30 1 67 74 78 39 47 37 31 62 26 13 14 63 92 61 22 93 4 12 9 34 58 18 56 38 49 21 48 52 83 60 80 53 44 84 20 36 72 73 75 29 87 46 7 69 57 88 43 25 15 28 59 86 3 35 23 2 10 41 33 68 55 54 76 90 94 32 45 24 8 42 17 66 79 81 19 82 5 65 85 16 70 
24 8 42 0 71 77 11 51 50 88 57 43 25 27 91 32 94 86 3 17 59 60 53 44 84 20 31 37 47 36 78 74 67 1 30 15 28 66 90 76 35 23 2 10 41 68 33 54 55 56 18 58 38 48 49 21 34 9 83 81 79 82 19 22 93 4 12 52 61 92 63 26 62 14 13 70 65 85 16 5 80 39 87 29 75 73 72 7 46 69 64 40 45 6 89 
24 8 42 0 71 77 11 51 50 88 57 43 25 27 91 32 94 86 3 17 59 60 53 44 84 20 31 37 47 36 78 74 67 1 30 15 28 66 90 76 35 23 2 10 41 68 33 54 55 56 18 58 38 48 49 21 34 9 83 81 79 82 19 22 93 4 12 52 61 92 63 26 62 14 13 70 65 85 16 5 80 39 87 29 75 73 72 7 46 69 64 40 45 6 89 
15 28 60 80 53 44 84 20 37 47 31 62 13 26 14 63 92 70 22 93 12 4 61 19 81 79 66 90 3 86 45 23 2 10 41 33 68 55 54 76 35 83 52 48 21 49 56 18 58 38 34 9 5 16 65 85 82 36 78 1 30 25 43 50 51 88 57 69 46 7 74 67 87 29 75 72 73 39 59 91 27 17 94 32 40 0 71 11 77 89 6 8 42 24 64 
20 84 44 80 53 92 63 14 26 13 62 37 31 47 73 75 30 1 67 74 78 39 60 28 17 59 35 90 3 86 23 94 32 45 40 27 91 15 64 51 11 71 50 57 69 43 25 88 77 89 6 0 42 8 24 2 10 41 33 68 55 54 76 49 21 38 34 58 56 18 48 83 81 19 4 12 93 5 16 85 65 70 61 22 9 52 79 66 82 36 72 87 46 7 29 
17 32 91 15 30 1 67 74 78 36 37 20 84 44 80 60 28 59 33 68 55 56 18 58 34 9 48 38 21 81 79 82 19 4 93 22 61 92 63 14 13 26 62 31 47 72 73 75 29 87 46 7 69 57 51 88 71 0 40 27 25 43 64 50 11 77 89 6 42 45 23 54 90 66 49 83 52 12 5 85 65 16 70 53 39 94 86 3 35 76 41 2 10 24 8 
70 13 26 62 37 47 20 84 44 53 60 80 82 79 83 49 21 48 9 34 58 38 56 18 55 68 76 54 33 2 10 41 23 86 3 17 59 28 30 15 91 27 40 32 94 35 90 66 81 52 22 19 4 12 93 5 65 85 16 61 92 63 14 31 36 78 39 74 67 87 29 72 73 75 46 7 69 43 25 57 88 51 50 64 0 71 11 77 6 89 8 24 45 42 1 
56 55 58 21 49 83 81 19 82 63 14 37 47 20 84 44 60 28 59 17 15 27 91 40 64 50 88 51 11 71 77 89 6 0 42 8 24 2 10 41 68 33 35 86 3 94 32 45 23 76 54 90 79 66 53 80 61 22 93 4 12 52 48 34 38 9 5 85 16 65 70 13 26 62 31 36 74 67 39 87 78 72 73 75 29 7 46 69 57 43 25 1 30 92 18 
53 80 60 28 59 17 90 3 35 86 94 32 40 27 91 15 43 25 64 88 57 69 46 7 87 74 67 1 30 39 36 78 84 44 72 73 75 29 47 20 31 37 14 63 19 22 61 92 26 62 13 70 65 16 85 12 4 93 5 79 81 83 49 21 38 48 52 9 34 58 18 56 55 68 33 54 76 41 10 2 24 8 71 0 50 51 11 77 89 6 42 45 23 66 82 
53 80 60 28 59 17 90 3 35 86 94 32 40 27 91 15 43 25 64 88 57 69 46 7 87 74 67 1 30 39 36 78 84 44 72 73 75 29 47 20 31 37 14 63 19 22 61 92 26 62 13 70 65 16 85 12 4 93 5 79 81 83 49 21 38 48 52 9 34 58 18 56 55 68 33 54 76 41 10 2 24 8 71 0 50 51 11 77 89 6 42 45 23 66 82 
86 17 59 28 15 91 27 40 0 51 50 88 57 69 46 7 43 25 64 32 94 45 2 10 41 68 33 55 54 76 56 18 58 34 9 93 22 19 16 85 65 70 13 26 62 63 92 61 4 12 5 52 83 49 21 38 48 81 79 66 3 35 23 8 24 42 6 89 77 11 71 30 1 74 78 36 47 37 20 84 44 53 60 80 39 67 87 29 72 73 75 31 14 82 90 
94 17 86 3 35 90 49 21 83 52 4 93 19 81 79 66 82 53 80 44 84 20 37 47 36 78 74 67 46 7 69 43 29 75 73 72 87 39 1 30 91 25 50 51 0 88 57 77 11 71 89 6 42 24 8 2 10 41 54 76 33 68 55 18 56 38 58 34 48 9 12 22 61 63 14 92 13 26 62 31 70 85 16 65 5 60 28 59 15 27 64 40 32 45 23 
18 38 34 58 56 55 68 33 54 76 35 3 90 45 32 94 86 23 2 10 24 8 42 0 6 89 11 77 71 51 50 88 57 43 25 64 40 27 91 15 74 67 7 46 69 72 73 75 29 87 78 36 47 37 31 62 13 26 63 92 14 53 80 60 44 39 1 30 28 59 17 66 79 19 22 61 93 4 12 5 9 48 52 83 49 21 81 82 16 85 65 70 20 84 41 
64 50 51 11 77 89 6 71 0 40 27 91 30 1 67 74 78 39 47 37 31 62 26 13 14 63 92 61 22 93 4 12 9 34 58 18 56 38 49 21 48 52 83 60 80 53 44 84 20 36 72 73 75 29 87 46 7 69 57 88 43 25 15 28 59 86 3 35 23 2 10 41 33 68 55 54 76 90 94 32 45 24 8 42 17 66 79 81 19 82 5 65 85 16 70 
10 2 24 8 27 40 42 45 94 17 59 82 14 63 92 61 93 4 22 19 81 79 83 52 48 38 21 49 90 3 86 35 23 33 68 55 56 18 58 34 9 12 5 16 85 65 70 13 26 62 31 37 47 36 78 74 67 87 73 72 75 29 46 7 64 50 51 88 57 69 43 25 30 15 28 60 80 53 84 20 44 39 1 66 32 91 0 71 11 77 89 6 76 54 41 
45 23 35 86 3 94 32 28 59 17 42 0 71 51 11 77 89 6 43 25 64 50 88 57 69 46 7 30 1 74 67 78 47 37 20 84 44 53 80 60 66 79 49 21 76 54 68 55 56 18 58 34 48 38 9 12 4 93 22 61 82 81 83 52 19 5 85 65 16 70 26 13 92 63 14 62 31 36 72 73 75 29 87 39 15 91 27 40 8 24 2 10 41 33 90 
90 35 3 94 17 59 28 60 80 53 44 66 79 81 83 49 21 38 9 12 4 93 22 61 92 26 13 62 14 63 84 20 31 37 47 36 78 39 30 1 74 67 87 29 72 73 75 7 46 69 43 25 57 88 51 71 77 11 50 91 32 40 0 64 27 15 86 23 2 10 41 33 54 76 55 68 18 56 58 34 48 52 5 65 16 85 70 19 82 89 6 8 24 42 45 
90 35 3 94 17 59 28 60 80 53 44 66 79 81 83 49 21 38 9 12 4 93 22 61 92 26 13 62 14 63 84 20 31 37 47 36 78 39 30 1 74 67 87 29 72 73 75 7 46 69 43 25 57 88 51 71 77 11 50 91 32 40 0 64 27 15 86 23 2 10 41 33 54 76 55 68 18 56 58 34 48 52 5 65 16 85 70 19 82 89 6 8 24 42 45 
53 44 80 60 28 59 17 45 94 32 91 27 40 51 50 88 57 25 43 64 15 30 1 74 67 87 72 73 75 29 78 39 84 20 37 31 13 62 26 92 63 14 47 36 19 81 79 83 52 48 21 49 76 54 18 56 58 38 34 9 12 4 93 22 61 70 65 85 16 5 82 66 90 3 86 35 23 2 10 41 68 55 33 24 8 42 6 89 77 11 71 0 69 46 7 
20 84 44 80 53 92 63 14 26 13 62 37 31 47 73 75 30 1 67 74 78 39 60 28 17 59 35 90 3 86 23 94 32 45 40 27 91 15 64 51 11 71 50 57 69 43 25 88 77 89 6 0 42 8 24 2 10 41 33 68 55 54 76 49 21 38 34 58 56 18 48 83 81 19 4 12 93 5 16 85 65 70 61 22 9 52 79 66 82 36 72 87 46 7 29 
75 73 72 87 78 1 30 15 91 27 40 0 71 51 50 64 25 43 7 46 69 57 88 11 77 89 6 42 8 24 41 10 2 23 35 86 3 90 79 52 19 4 12 93 22 61 82 81 83 49 21 48 58 18 56 55 68 54 76 33 45 94 32 17 59 66 80 60 28 44 84 20 47 37 31 53 92 63 14 62 13 26 70 65 85 16 9 38 34 5 39 36 67 74 29 
78 36 44 80 53 84 14 63 92 61 93 22 19 82 81 79 83 52 38 58 56 18 55 68 33 23 76 54 35 86 3 17 94 32 91 15 60 28 59 66 90 49 21 48 34 9 12 4 5 16 85 65 70 26 13 62 31 37 20 47 74 67 7 46 69 25 64 50 88 51 11 77 71 0 42 40 27 45 24 8 2 10 41 89 6 43 57 1 30 39 72 73 29 87 75 
18 56 58 38 48 52 83 79 82 19 4 93 22 61 62 47 37 31 14 63 26 13 92 70 65 85 16 5 12 9 34 66 90 76 54 68 41 2 10 24 8 42 0 6 89 77 71 51 11 50 40 27 91 94 3 86 35 59 17 15 30 1 78 36 20 84 53 80 60 28 39 44 74 67 87 29 75 73 72 69 43 46 7 88 57 25 64 32 45 23 33 55 21 49 81 
21 49 52 83 81 79 66 90 3 35 76 54 68 33 23 86 94 32 40 27 64 50 51 88 57 25 43 69 46 7 74 67 78 84 20 36 47 37 31 62 26 13 70 65 85 16 5 93 4 12 9 48 34 58 38 18 56 55 41 10 2 24 8 45 17 15 28 60 80 53 44 39 63 92 61 22 19 82 14 29 75 73 72 87 30 1 91 59 71 11 77 89 6 0 42 
89 6 51 50 88 25 43 64 27 91 94 86 3 17 90 49 21 52 83 81 19 22 61 63 14 62 26 13 92 70 65 16 85 4 93 12 5 9 34 58 48 38 56 18 55 68 33 54 76 35 23 45 32 40 42 15 30 1 74 67 39 44 80 60 28 59 66 79 82 53 84 20 47 37 31 36 78 72 73 75 29 87 7 46 69 57 11 77 71 0 41 10 2 24 8 
53 80 60 28 59 17 90 3 35 86 94 32 40 27 91 15 43 25 64 88 57 69 46 7 87 74 67 1 30 39 36 78 84 44 72 73 75 29 47 20 31 37 14 63 19 22 61 92 26 62 13 70 65 16 85 12 4 93 5 79 81 83 49 21 38 48 52 9 34 58 18 56 55 68 33 54 76 41 10 2 24 8 71 0 50 51 11 77 89 6 42 45 23 66 82 
60 28 59 17 94 32 23 35 86 3 68 33 54 76 49 21 48 52 83 81 82 53 84 14 63 92 61 22 93 19 79 66 20 37 47 73 75 29 72 87 67 74 1 15 91 27 40 42 0 71 51 11 77 89 6 8 24 45 64 25 43 69 57 88 50 7 46 30 39 78 36 31 62 13 26 70 65 16 85 5 4 12 9 34 38 58 56 18 55 41 10 2 90 44 80 
5 93 4 12 19 22 61 66 33 68 54 76 49 21 48 9 52 83 81 79 82 53 80 60 44 84 20 14 63 92 70 26 13 62 31 37 47 36 78 74 67 7 46 69 43 25 64 27 91 17 59 3 90 35 86 94 45 2 10 41 55 56 18 58 34 38 32 40 0 71 51 88 57 50 11 77 89 6 42 8 24 23 28 15 30 1 39 87 29 72 73 75 85 16 65 
12 5 93 4 19 81 83 52 48 38 21 49 76 54 55 33 68 45 94 32 17 3 86 23 35 90 79 66 82 53 44 87 1 74 36 47 37 78 67 7 46 69 25 43 51 50 64 0 40 27 91 15 28 59 60 80 84 20 14 63 92 26 13 62 31 72 75 73 29 39 30 57 88 11 77 89 6 71 42 8 24 2 10 41 56 18 34 58 9 22 61 70 65 85 16 
75 73 72 87 67 74 36 84 39 78 47 37 20 31 14 92 63 26 13 62 70 65 85 16 5 12 4 93 61 22 81 83 52 79 66 90 35 3 86 94 32 45 27 91 15 59 28 60 80 53 44 82 19 9 48 49 21 58 34 38 56 18 54 76 23 33 68 55 41 10 2 24 8 42 0 40 17 25 88 50 51 11 77 89 6 71 64 43 7 46 69 57 30 1 29 
12 4 93 22 19 53 80 60 28 66 90 3 86 94 32 91 27 64 50 88 71 51 11 77 89 6 0 40 45 2 10 24 8 42 41 55 68 33 23 35 54 76 21 49 83 81 79 82 63 92 26 13 62 31 37 47 20 84 44 78 74 67 1 30 15 59 17 57 25 43 69 7 46 29 87 73 75 72 36 39 14 70 65 85 16 5 61 48 52 38 58 34 9 56 18 
30 1 74 67 87 29 73 75 72 47 37 31 62 26 13 70 85 65 16 92 61 22 93 5 12 4 52 83 49 21 48 9 34 38 58 18 56 54 76 90 66 79 81 19 82 63 36 84 44 39 78 80 60 28 59 17 94 32 91 15 57 69 7 46 43 25 27 64 50 6 89 77 11 51 88 71 0 40 45 86 23 35 3 10 2 24 8 42 41 33 68 55 53 14 20 
71 77 11 88 50 64 27 40 51 0 42 8 24 23 2 10 41 35 3 86 94 17 59 28 80 44 60 53 74 67 1 30 15 91 32 45 66 90 76 54 68 33 55 56 18 58 34 48 21 49 83 81 79 82 19 22 93 52 38 9 12 4 5 65 85 16 61 92 63 26 14 70 13 62 31 37 47 20 84 39 78 87 36 72 73 75 29 43 57 69 46 7 25 89 6 
90 35 3 94 17 59 28 60 80 53 44 66 79 81 83 49 21 38 9 12 4 93 22 61 92 26 13 62 14 63 84 20 31 37 47 36 78 39 30 1 74 67 87 29 72 73 75 7 46 69 43 25 57 88 51 71 77 11 50 91 32 40 0 64 27 15 86 23 2 10 41 33 54 76 55 68 18 56 58 34 48 52 5 65 16 85 70 19 82 89 6 8 24 42 45 
53 44 80 60 28 59 17 45 94 32 91 27 40 51 50 88 57 25 43 64 15 30 1 74 67 87 72 73 75 29 78 39 84 20 37 31 13 62 26 92 63 14 47 36 19 81 79 83 52 48 21 49 76 54 18 56 58 38 34 9 12 4 93 22 61 70 65 85 16 5 82 66 90 3 86 35 23 2 10 41 68 55 33 24 8 42 6 89 77 11 71 0 69 46 7 
53 44 80 60 28 59 17 45 94 32 91 27 40 51 50 88 57 25 43 64 15 30 1 74 67 87 72 73 75 29 78 39 84 20 37 31 13 62 26 92 63 14 47 36 19 81 79 83 52 48 21 49 76 54 18 56 58 38 34 9 12 4 93 22 61 70 65 85 16 5 82 66 90 3 86 35 23 2 10 41 68 55 33 24 8 42 6 89 77 11 71 0 69 46 7 
21 49 52 83 81 79 66 90 3 35 76 54 68 33 23 86 94 32 40 27 64 50 51 88 57 25 43 69 46 7 74 67 78 84 20 36 47 37 31 62 26 13 70 65 85 16 5 93 4 12 9 48 34 58 38 18 56 55 41 10 2 24 8 45 17 15 28 60 80 53 44 39 63 92 61 22 19 82 14 29 75 73 72 87 30 1 91 59 71 11 77 89 6 0 42 
84 20 47 37 31 62 13 26 14 63 92 82 79 83 52 12 4 93 5 19 81 66 48 38 21 49 54 35 76 33 68 41 10 2 23 90 59 28 60 80 53 44 39 78 74 67 1 69 57 43 25 64 27 91 15 17 94 32 40 0 71 51 50 88 11 77 89 6 42 24 8 45 86 3 55 18 56 58 34 9 22 61 16 85 65 70 36 72 29 87 46 7 30 75 73 
80 53 44 84 20 47 37 31 62 13 26 92 19 22 61 82 81 52 83 21 49 48 9 34 58 38 56 18 55 68 33 54 76 90 17 94 32 91 15 30 1 74 67 78 39 36 87 29 73 72 75 7 46 69 57 50 88 51 11 77 89 6 0 71 42 24 8 2 10 41 45 86 3 59 66 79 12 93 4 5 65 85 16 70 14 63 60 28 27 25 43 64 40 35 23 
