0 2 9 43 42 41 36 58 5 23 3 20 53 31 49 4 54 30 32 35 52 56 17 19 57 45 48 6 7 14 24 33 11 12 27 29 13 22 50 15 21 47 1 8 28 18 55 59 25 44 38 39 10 16 51 40 46 26 37 34 
47 43 1 42 46 3 45 20 34 29 31 35 44 48 40 39 51 30 37 59 33 7 5 4 32 28 14 6 9 11 27 2 26 25 15 10 24 23 49 21 19 13 18 50 16 12 8 41 58 22 55 53 38 17 57 52 56 54 36 0 
50 47 52 48 34 30 46 1 58 35 21 29 3 39 40 44 37 23 24 11 13 15 43 0 42 31 57 12 28 38 36 45 9 32 56 51 5 18 17 59 22 20 19 54 6 14 25 53 7 41 2 55 10 49 16 4 27 33 8 26 
9 34 5 3 7 49 57 15 39 50 59 56 26 23 1 32 44 13 46 51 41 48 6 16 54 30 40 0 12 18 21 14 17 53 22 58 47 4 31 35 28 11 45 29 24 37 25 36 43 2 55 38 33 42 20 52 10 8 27 19 
0 53 51 54 13 47 26 7 19 52 45 46 15 1 2 22 18 34 20 50 31 6 49 14 39 10 48 25 27 36 3 42 29 57 37 35 30 4 33 38 5 43 21 41 55 8 58 16 9 12 11 44 32 56 17 23 24 28 40 59 
14 20 12 23 38 54 56 4 17 2 42 34 33 45 13 21 52 3 30 49 51 24 32 26 25 59 5 9 48 57 29 27 11 50 36 19 6 31 44 58 41 1 46 8 39 55 22 7 15 35 28 40 16 53 18 47 37 43 0 10 
51 45 37 18 55 43 28 34 54 36 48 53 3 58 4 44 22 59 11 1 15 29 57 41 39 23 56 49 6 13 33 14 42 0 40 30 8 9 47 21 26 52 24 50 10 19 31 27 12 35 5 2 20 17 32 16 46 7 38 25 
35 19 47 43 15 32 53 30 11 12 29 45 27 40 33 24 23 20 44 16 21 13 3 59 17 28 18 9 8 1 7 41 39 51 34 0 58 5 55 31 50 10 46 48 36 25 4 56 57 49 37 14 54 6 52 2 42 38 26 22 
3 41 38 16 17 14 51 50 4 26 5 1 22 56 48 27 47 15 24 55 35 7 28 44 45 13 37 43 30 39 8 19 33 42 9 10 40 36 34 52 11 54 29 18 59 12 2 21 23 20 31 0 58 25 49 53 57 6 46 32 
23 22 47 25 15 48 11 21 41 35 14 1 59 33 29 52 58 17 42 9 36 54 37 30 16 10 51 57 56 20 44 31 28 19 13 32 55 50 53 12 4 6 38 40 49 26 2 39 46 45 7 5 43 3 34 24 27 18 8 0 
33 27 17 29 5 3 18 52 15 38 53 14 28 1 55 45 36 23 48 57 20 0 43 25 56 58 22 7 10 47 8 37 12 35 32 44 51 46 9 34 40 24 50 42 16 11 21 2 49 19 26 41 39 54 30 31 6 4 59 13 
33 27 17 29 5 3 18 52 15 38 53 14 28 1 55 45 36 23 48 57 20 0 43 25 56 58 22 7 10 47 8 37 12 35 32 44 51 46 9 34 40 24 50 42 16 11 21 2 49 19 26 41 39 54 30 31 6 4 59 13 
56 17 55 11 34 49 28 33 0 20 7 57 10 38 12 36 32 26 46 44 23 41 48 2 14 19 1 5 18 9 53 52 13 59 3 22 27 29 8 39 50 40 31 4 37 47 24 6 45 21 43 58 15 42 30 25 16 54 35 51 
56 17 55 11 34 49 28 33 0 20 7 57 10 38 12 36 32 26 46 44 23 41 48 2 14 19 1 5 18 9 53 52 13 59 3 22 27 29 8 39 50 40 31 4 37 47 24 6 45 21 43 58 15 42 30 25 16 54 35 51 
3 57 46 56 8 58 23 28 59 40 37 16 47 53 1 5 39 32 27 45 31 17 52 6 7 44 30 15 41 34 9 29 14 48 55 19 35 2 22 0 12 50 13 11 26 20 36 54 21 49 24 25 51 4 38 42 43 10 33 18 
34 58 18 7 15 43 4 29 17 35 30 45 57 53 39 5 9 36 41 0 22 2 44 37 38 24 51 52 56 33 10 32 26 11 28 59 54 16 14 20 46 21 12 42 50 13 1 6 49 31 25 27 48 3 47 55 23 19 8 40 
26 0 48 43 11 7 17 44 45 53 31 56 32 10 34 55 8 16 54 18 38 59 33 41 22 51 15 28 19 50 49 30 20 27 24 2 4 6 14 47 21 9 46 37 39 42 40 58 5 29 35 25 12 23 13 3 52 57 1 36 
26 0 48 43 11 7 17 44 45 53 31 56 32 10 34 55 8 16 54 18 38 59 33 41 22 51 15 28 19 50 49 30 20 27 24 2 4 6 14 47 21 9 46 37 39 42 40 58 5 29 35 25 12 23 13 3 52 57 1 36 
55 13 50 26 41 5 1 25 54 33 18 14 39 20 48 12 37 9 36 7 24 53 42 57 31 44 19 29 59 4 49 40 22 2 47 34 16 35 11 10 46 21 3 43 58 38 51 30 28 23 27 6 56 32 8 0 52 17 45 15 
19 20 21 31 7 59 36 33 58 1 11 0 41 39 34 6 57 12 13 40 56 42 16 25 51 26 3 22 30 50 43 44 15 9 55 24 18 5 54 27 53 32 46 4 52 17 35 49 37 48 47 23 45 2 10 38 29 14 28 8 
46 6 23 55 28 56 43 9 25 8 42 22 41 1 0 40 26 2 58 10 38 34 21 53 36 47 44 14 5 49 31 48 57 27 51 20 19 3 50 54 16 37 13 24 11 7 52 35 45 32 30 18 15 39 33 12 29 17 4 59 
46 6 23 55 28 56 43 9 25 8 42 22 41 1 0 40 26 2 58 10 38 34 21 53 36 47 44 14 5 49 31 48 57 27 51 20 19 3 50 54 16 37 13 24 11 7 52 35 45 32 30 18 15 39 33 12 29 17 4 59 
9 33 32 39 1 21 4 19 36 0 49 20 44 31 11 54 57 13 24 42 15 6 29 34 40 52 30 56 35 7 18 5 3 12 14 43 27 25 55 48 37 58 16 2 10 46 17 26 51 50 59 28 22 23 45 53 38 8 47 41 
25 31 37 26 41 27 49 22 34 42 5 2 48 30 4 35 36 8 55 16 9 23 44 38 46 54 28 50 40 51 53 11 15 32 6 12 29 7 10 52 17 19 21 0 20 47 45 14 3 24 43 58 56 18 13 1 39 57 59 33 
20 48 52 2 13 23 16 21 34 32 38 14 27 17 3 7 31 26 42 0 36 5 6 51 56 11 49 41 43 12 45 47 29 35 8 18 55 9 58 22 1 15 53 39 25 30 57 19 46 54 4 40 37 50 28 10 24 59 33 44 
41 50 33 2 14 12 13 57 47 3 16 26 37 9 15 19 46 51 59 7 32 4 35 30 49 11 36 23 55 6 25 10 31 28 40 29 18 27 39 58 1 8 44 17 53 48 56 20 34 0 21 24 45 54 52 22 38 43 42 5 
41 50 33 2 14 12 13 57 47 3 16 26 37 9 15 19 46 51 59 7 32 4 35 30 49 11 36 23 55 6 25 10 31 28 40 29 18 27 39 58 1 8 44 17 53 48 56 20 34 0 21 24 45 54 52 22 38 43 42 5 
39 54 9 37 16 26 23 33 46 35 59 8 18 1 56 51 47 12 21 4 58 0 28 55 6 48 24 42 57 34 17 19 31 44 29 53 36 49 30 40 52 45 7 38 50 22 3 2 13 11 43 15 41 10 25 32 27 5 20 14 
9 56 40 25 52 47 3 18 29 11 59 0 41 12 21 51 44 19 31 57 14 20 7 23 36 27 16 1 35 17 24 28 48 6 58 55 30 42 34 2 33 15 10 39 5 45 38 54 49 4 53 26 13 8 43 50 32 22 46 37 
35 19 47 43 15 32 53 30 11 12 29 45 27 40 33 24 23 20 44 16 21 13 3 59 17 28 18 9 8 1 7 41 39 51 34 0 58 5 55 31 50 10 46 48 36 25 4 56 57 49 37 14 54 6 52 2 42 38 26 22 
35 19 47 43 15 32 53 30 11 12 29 45 27 40 33 24 23 20 44 16 21 13 3 59 17 28 18 9 8 1 7 41 39 51 34 0 58 5 55 31 50 10 46 48 36 25 4 56 57 49 37 14 54 6 52 2 42 38 26 22 
4 56 25 27 5 6 45 7 20 51 41 23 36 28 33 8 9 43 10 26 11 30 14 18 12 13 50 15 55 3 17 53 19 38 44 32 21 1 24 29 31 37 34 47 54 35 39 22 42 46 48 49 52 57 58 59 0 16 2 40 
20 25 14 41 22 5 24 30 52 19 38 35 27 48 36 28 18 56 31 45 32 6 0 49 37 39 1 9 43 4 46 29 50 51 44 11 55 8 47 59 2 3 12 7 17 23 33 26 53 34 10 16 42 58 21 13 15 57 40 54 
20 25 14 41 22 5 24 30 52 19 38 35 27 48 36 28 18 56 31 45 32 6 0 49 37 39 1 9 43 4 46 29 50 51 44 11 55 8 47 59 2 3 12 7 17 23 33 26 53 34 10 16 42 58 21 13 15 57 40 54 
8 43 19 31 56 41 2 9 5 12 24 15 55 1 27 51 25 4 54 40 44 29 18 33 36 7 17 13 28 23 21 45 53 6 14 48 52 49 46 50 30 35 10 34 47 37 42 20 39 26 58 11 32 22 16 57 0 59 3 38 
39 41 5 3 4 44 12 8 24 33 14 23 6 20 25 16 55 11 7 2 35 17 10 47 50 46 52 19 13 34 28 21 15 31 51 32 18 48 54 22 59 26 40 43 27 45 29 38 30 49 58 0 37 42 53 57 56 1 36 9 
17 13 11 59 24 41 52 31 20 48 44 0 36 22 16 3 51 1 50 18 56 28 58 9 46 12 14 45 27 33 35 25 43 42 38 29 8 34 40 39 54 57 30 19 49 5 23 10 21 15 47 6 37 2 55 26 7 53 32 4 
17 13 11 59 24 41 52 31 20 48 44 0 36 22 16 3 51 1 50 18 56 28 58 9 46 12 14 45 27 33 35 25 43 42 38 29 8 34 40 39 54 57 30 19 49 5 23 10 21 15 47 6 37 2 55 26 7 53 32 4 
47 1 55 59 40 50 58 43 32 3 29 6 57 42 12 21 5 10 17 48 13 9 56 51 54 49 30 24 26 20 33 44 22 53 11 4 52 23 8 31 19 46 45 7 41 14 37 25 39 16 35 38 36 27 34 15 28 18 2 0 
47 1 55 59 40 50 58 43 32 3 29 6 57 42 12 21 5 10 17 48 13 9 56 51 54 49 30 24 26 20 33 44 22 53 11 4 52 23 8 31 19 46 45 7 41 14 37 25 39 16 35 38 36 27 34 15 28 18 2 0 
31 57 11 45 20 44 1 50 8 9 37 40 54 7 48 2 26 6 28 38 18 14 12 21 34 47 16 36 24 23 3 29 46 4 22 19 53 42 56 58 35 17 5 32 49 10 30 41 43 52 13 15 33 55 25 27 59 39 51 0 
8 38 44 27 17 25 22 51 52 23 20 2 10 37 46 53 15 57 3 33 12 7 42 35 34 41 36 45 48 19 14 28 32 49 43 47 16 26 30 4 21 18 5 9 39 40 6 29 55 1 58 13 0 31 50 56 11 59 24 54 
8 38 44 27 17 25 22 51 52 23 20 2 10 37 46 53 15 57 3 33 12 7 42 35 34 41 36 45 48 19 14 28 32 49 43 47 16 26 30 4 21 18 5 9 39 40 6 29 55 1 58 13 0 31 50 56 11 59 24 54 
41 25 11 18 49 56 32 40 9 16 26 3 37 29 17 14 43 45 24 0 34 55 28 2 51 54 57 52 22 47 20 21 36 5 19 50 10 35 15 48 4 58 38 46 44 39 8 33 23 31 6 12 42 27 59 7 13 53 30 1 
48 14 56 0 26 20 53 8 33 42 10 30 1 7 45 5 55 19 36 3 16 27 2 25 24 11 9 39 37 34 43 54 52 49 12 23 4 35 51 17 31 6 46 18 13 28 50 22 15 47 58 38 21 41 29 57 32 40 44 59 
48 14 56 0 26 20 53 8 33 42 10 30 1 7 45 5 55 19 36 3 16 27 2 25 24 11 9 39 37 34 43 54 52 49 12 23 4 35 51 17 31 6 46 18 13 28 50 22 15 47 58 38 21 41 29 57 32 40 44 59 
43 3 24 52 41 9 21 25 28 1 30 33 10 39 48 38 26 0 37 22 36 15 17 13 35 34 4 44 14 59 29 53 23 49 56 57 16 32 54 8 7 42 5 6 31 55 50 47 40 46 18 11 58 27 12 45 51 19 20 2 
47 35 59 20 54 7 12 37 44 29 8 2 43 55 41 3 11 27 32 30 40 39 1 22 18 5 17 53 36 9 34 58 50 24 28 16 26 25 19 6 23 4 46 42 14 13 49 0 57 48 51 21 33 31 56 38 52 45 15 10 
47 35 59 20 54 7 12 37 44 29 8 2 43 55 41 3 11 27 32 30 40 39 1 22 18 5 17 53 36 9 34 58 50 24 28 16 26 25 19 6 23 4 46 42 14 13 49 0 57 48 51 21 33 31 56 38 52 45 15 10 
28 56 31 19 35 52 50 46 30 36 32 39 49 5 17 37 4 34 6 55 11 43 0 25 47 26 21 8 45 7 58 2 12 42 9 13 41 44 15 16 24 1 38 54 29 57 20 14 23 27 53 10 3 48 51 40 18 33 22 59 
12 49 35 13 18 46 33 20 28 22 52 2 31 45 17 15 29 21 44 37 51 39 16 6 23 3 36 14 11 1 30 9 42 7 58 48 0 43 57 32 41 47 50 5 34 55 10 56 4 54 24 26 8 27 19 40 25 38 53 59 
38 46 16 50 23 19 49 53 54 51 20 15 44 59 14 8 25 36 9 29 57 30 41 12 40 10 17 52 6 13 18 33 45 35 43 39 31 32 48 21 56 24 22 28 7 27 34 26 2 42 55 58 37 1 4 11 5 47 0 3 
30 36 14 7 50 56 31 35 6 47 19 40 58 43 0 2 24 13 8 5 12 32 44 59 20 22 15 17 29 25 38 16 45 3 21 46 55 1 52 18 27 33 41 28 54 9 26 39 53 48 42 10 51 37 49 11 34 23 4 57 
59 37 50 11 3 16 26 12 19 48 35 4 44 24 33 20 5 31 27 13 32 2 21 22 43 46 14 30 41 9 58 47 7 54 39 10 34 6 15 53 57 40 23 29 17 56 18 8 55 28 52 42 36 38 51 49 45 25 1 0 
3 20 39 26 55 36 57 22 41 43 38 46 31 0 7 45 14 29 12 56 5 15 9 58 25 40 33 1 21 8 10 19 51 53 24 23 11 17 35 32 13 27 52 6 48 18 47 49 28 2 34 50 37 30 44 54 59 4 42 16 
55 53 27 16 49 32 54 50 15 35 40 58 36 28 51 48 21 29 22 8 18 41 56 52 45 5 47 26 59 0 42 46 31 38 23 13 10 37 43 44 30 34 24 33 57 17 7 3 14 20 11 9 39 19 2 1 25 6 12 4 
18 25 8 13 30 9 48 43 22 27 58 41 23 1 26 46 42 51 16 4 31 32 19 52 10 57 6 55 36 11 38 17 56 35 44 54 45 47 20 33 53 34 14 7 3 12 50 24 29 40 49 37 5 39 0 28 21 2 15 59 
18 25 8 13 30 9 48 43 22 27 58 41 23 1 26 46 42 51 16 4 31 32 19 52 10 57 6 55 36 11 38 17 56 35 44 54 45 47 20 33 53 34 14 7 3 12 50 24 29 40 49 37 5 39 0 28 21 2 15 59 
22 43 14 46 10 19 18 59 11 7 2 15 44 58 33 9 8 40 20 50 3 23 39 38 56 31 45 52 4 36 47 29 25 35 26 5 28 1 21 34 12 24 55 32 13 41 51 53 54 37 16 49 17 30 48 27 42 6 0 57 
22 43 14 46 10 19 18 59 11 7 2 15 44 58 33 9 8 40 20 50 3 23 39 38 56 31 45 52 4 36 47 29 25 35 26 5 28 1 21 34 12 24 55 32 13 41 51 53 54 37 16 49 17 30 48 27 42 6 0 57 
35 11 59 55 58 52 30 26 20 46 51 39 25 9 1 24 50 16 57 53 19 44 21 14 15 33 8 31 10 36 6 56 54 3 41 43 49 2 40 48 37 38 28 18 22 13 47 23 45 27 17 5 42 34 32 0 29 12 7 4 
30 17 56 38 23 33 34 8 49 40 48 16 37 52 44 39 41 50 53 54 42 3 58 2 46 20 22 55 19 21 0 47 36 6 28 27 11 24 14 35 25 57 31 59 45 1 18 9 15 32 4 12 43 7 5 10 29 13 26 51 
29 8 35 38 57 53 39 0 32 37 47 13 6 51 45 59 7 44 16 58 41 42 54 5 24 9 23 11 12 21 56 10 50 19 4 31 17 30 18 33 27 49 55 48 20 52 40 14 25 26 46 43 28 22 36 34 2 15 3 1 
29 8 35 38 57 53 39 0 32 37 47 13 6 51 45 59 7 44 16 58 41 42 54 5 24 9 23 11 12 21 56 10 50 19 4 31 17 30 18 33 27 49 55 48 20 52 40 14 25 26 46 43 28 22 36 34 2 15 3 1 
34 46 37 10 36 54 4 16 25 5 6 33 14 18 7 8 53 21 50 45 52 35 19 17 40 59 9 30 49 24 11 20 15 12 55 13 31 22 47 42 44 38 23 26 43 27 32 51 57 29 28 39 2 58 48 56 3 1 0 41 
34 46 37 10 36 54 4 16 25 5 6 33 14 18 7 8 53 21 50 45 52 35 19 17 40 59 9 30 49 24 11 20 15 12 55 13 31 22 47 42 44 38 23 26 43 27 32 51 57 29 28 39 2 58 48 56 3 1 0 41 
32 40 26 53 29 41 14 52 42 2 37 51 56 17 34 43 5 1 19 3 18 35 20 16 55 11 6 48 24 21 7 57 0 33 27 22 50 13 12 45 39 44 49 9 47 10 4 54 38 28 23 36 31 8 30 46 15 59 25 58 
46 38 22 32 50 27 23 57 18 13 6 48 28 2 26 42 36 58 5 3 10 49 19 9 39 20 54 8 43 34 33 47 40 52 41 14 56 53 11 12 17 35 15 45 24 1 21 29 55 25 37 30 51 31 44 4 16 7 0 59 
10 49 8 15 50 23 12 48 27 31 37 32 28 46 47 13 58 19 4 5 44 35 53 45 17 41 14 57 39 20 21 16 38 24 54 7 56 33 55 6 29 40 30 25 18 42 9 43 52 51 0 2 36 26 34 1 22 11 3 59 
25 53 50 44 42 48 38 54 39 40 5 49 1 14 24 12 2 29 18 37 34 58 8 47 3 31 7 4 6 59 51 36 26 21 23 15 9 56 10 35 19 20 11 17 13 45 57 52 16 22 33 27 28 55 30 0 41 43 46 32 
25 53 50 44 42 48 38 54 39 40 5 49 1 14 24 12 2 29 18 37 34 58 8 47 3 31 7 4 6 59 51 36 26 21 23 15 9 56 10 35 19 20 11 17 13 45 57 52 16 22 33 27 28 55 30 0 41 43 46 32 
47 15 3 53 25 35 26 37 41 12 57 54 59 50 40 39 58 4 29 8 10 51 45 56 32 2 18 55 23 36 28 6 44 46 17 48 52 20 49 5 16 30 13 31 43 7 27 33 42 38 22 19 34 9 24 11 21 14 1 0 
10 7 48 12 21 5 58 56 35 4 37 40 43 0 33 32 52 9 8 41 18 11 20 38 57 45 13 29 3 53 24 36 42 55 15 17 27 14 47 19 31 34 54 22 6 46 25 26 51 30 1 50 23 44 49 2 39 28 16 59 
2 42 11 25 3 52 30 23 13 33 4 21 5 58 44 26 20 56 6 54 7 38 10 50 45 8 47 29 36 9 12 27 14 59 31 15 16 34 43 17 18 24 39 41 19 22 28 53 32 37 35 57 40 46 48 49 51 55 0 1 
53 56 54 44 41 8 50 15 49 48 25 14 47 36 29 46 57 45 59 39 40 38 30 22 37 16 35 9 34 51 32 42 18 28 27 55 24 2 43 58 20 7 19 17 13 12 52 10 6 26 4 3 1 33 31 21 5 23 11 0 
16 36 35 52 4 23 18 57 50 14 7 47 34 13 33 22 44 15 5 29 55 48 46 45 26 19 54 17 53 58 30 8 6 37 40 11 9 3 28 12 49 38 56 42 41 1 21 25 24 59 32 43 27 31 39 2 0 20 10 51 
23 33 11 2 43 37 40 47 21 6 41 14 29 36 25 10 16 17 18 45 38 53 34 7 59 31 8 22 13 0 51 27 28 20 50 24 58 54 35 39 5 4 57 19 32 44 52 30 56 1 15 55 49 42 48 26 46 12 9 3 
55 0 20 33 38 11 22 23 50 58 42 1 25 4 29 14 59 5 12 49 52 8 47 28 34 2 30 19 9 43 51 40 17 44 39 26 48 56 57 18 41 35 6 53 13 36 27 16 32 54 24 7 21 3 15 10 46 37 45 31 
19 48 1 52 8 37 2 39 14 47 59 42 36 33 15 25 30 21 10 34 58 56 17 41 29 23 43 3 57 53 35 4 13 5 26 55 18 28 6 22 54 38 7 24 51 16 32 49 40 9 50 11 46 0 20 45 44 27 31 12 
4 29 44 58 9 5 13 2 42 7 31 21 23 40 51 52 24 16 3 22 45 6 14 19 37 43 30 12 11 15 26 17 41 34 8 18 55 48 50 10 35 32 20 56 28 46 25 27 53 39 57 33 47 36 38 54 0 59 1 49 
6 17 48 51 40 18 27 11 54 49 31 45 36 16 21 7 53 28 34 0 9 52 15 42 10 56 14 47 58 19 12 35 24 55 43 2 20 39 41 5 23 32 25 30 57 26 44 33 29 22 38 46 50 8 1 4 37 3 13 59 
6 17 48 51 40 18 27 11 54 49 31 45 36 16 21 7 53 28 34 0 9 52 15 42 10 56 14 47 58 19 12 35 24 55 43 2 20 39 41 5 23 32 25 30 57 26 44 33 29 22 38 46 50 8 1 4 37 3 13 59 
38 20 6 37 46 58 2 16 8 28 23 44 33 21 30 52 57 45 18 5 27 50 25 32 3 49 11 39 17 13 15 12 35 4 19 48 7 59 55 42 54 51 9 26 40 34 0 31 14 53 47 22 24 1 36 43 41 56 10 29 
38 20 6 37 46 58 2 16 8 28 23 44 33 21 30 52 57 45 18 5 27 50 25 32 3 49 11 39 17 13 15 12 35 4 19 48 7 59 55 42 54 51 9 26 40 34 0 31 14 53 47 22 24 1 36 43 41 56 10 29 
47 11 28 43 16 46 25 24 21 5 34 54 59 7 6 42 41 22 40 15 10 51 3 55 37 36 9 35 29 50 32 57 30 52 44 2 58 13 20 19 18 8 17 23 56 4 1 33 53 48 39 31 49 12 45 26 38 27 14 0 
47 11 28 43 16 46 25 24 21 5 34 54 59 7 6 42 41 22 40 15 10 51 3 55 37 36 9 35 29 50 32 57 30 52 44 2 58 13 20 19 18 8 17 23 56 4 1 33 53 48 39 31 49 12 45 26 38 27 14 0 
16 54 53 17 18 44 37 45 40 55 6 2 21 3 27 23 11 30 25 8 28 15 31 35 32 33 22 41 0 36 39 51 42 13 24 12 48 57 20 50 52 56 58 43 1 5 9 47 19 46 34 49 4 14 38 10 7 29 26 59 
2 49 56 48 27 18 22 24 11 6 39 25 3 47 58 4 10 50 37 13 5 36 44 15 7 26 41 33 8 38 9 54 57 45 28 20 12 55 21 19 14 34 16 30 17 23 53 51 29 42 31 32 35 52 40 43 46 59 0 1 
2 49 56 48 27 18 22 24 11 6 39 25 3 47 58 4 10 50 37 13 5 36 44 15 7 26 41 33 8 38 9 54 57 45 28 20 12 55 21 19 14 34 16 30 17 23 53 51 29 42 31 32 35 52 40 43 46 59 0 1 
8 57 17 46 26 36 35 53 4 38 32 12 10 43 42 29 0 2 55 20 14 27 11 48 54 6 58 22 45 34 18 33 51 13 9 7 24 28 1 50 30 23 49 56 37 39 44 19 41 3 52 31 5 25 21 47 15 59 16 40 
48 43 58 36 8 14 32 52 0 34 45 53 27 42 15 4 30 57 50 1 12 2 56 31 20 16 51 40 17 11 35 55 19 7 3 29 5 33 10 44 25 54 39 46 26 18 37 6 9 22 49 24 13 23 21 47 28 38 41 59 
14 10 30 44 54 26 49 53 6 43 4 1 3 50 48 59 5 52 15 21 47 45 33 34 39 46 9 7 31 57 25 58 40 32 16 12 8 36 11 23 38 17 27 19 13 56 35 28 18 20 29 55 22 2 37 51 41 42 0 24 
2 57 31 24 11 30 22 42 45 6 39 48 3 59 23 4 52 43 54 21 5 58 9 27 7 32 38 13 35 34 8 1 25 47 29 18 12 50 46 51 14 17 15 26 16 19 49 56 20 37 28 33 36 41 40 44 53 55 0 10 
41 36 43 2 30 33 59 13 1 23 14 19 7 11 29 38 15 49 45 26 34 22 37 5 31 3 8 44 47 55 24 27 4 58 6 32 17 56 28 25 9 12 57 18 35 51 10 16 42 53 20 54 48 21 52 39 40 50 46 0 
41 36 43 2 30 33 59 13 1 23 14 19 7 11 29 38 15 49 45 26 34 22 37 5 31 3 8 44 47 55 24 27 4 58 6 32 17 56 28 25 9 12 57 18 35 51 10 16 42 53 20 54 48 21 52 39 40 50 46 0 
57 8 56 13 23 25 24 5 27 55 54 35 53 59 34 15 43 2 30 32 51 31 46 19 36 10 50 0 21 26 49 48 41 42 44 47 45 7 20 1 40 29 9 39 38 37 17 22 33 3 28 12 18 4 16 14 11 6 58 52 
41 0 49 9 2 19 7 4 18 24 29 31 53 54 44 56 10 51 40 16 3 39 43 12 13 5 33 15 48 58 26 37 6 20 34 52 45 28 21 27 8 32 23 1 42 50 14 11 36 38 22 47 25 30 59 35 46 57 55 17 
34 46 10 26 6 32 4 45 8 55 53 33 27 19 5 7 25 44 50 3 22 31 13 37 40 59 21 15 14 42 11 24 17 12 20 51 57 16 52 41 47 28 18 48 30 23 36 38 56 43 29 35 54 58 39 49 2 1 0 9 
22 12 54 1 45 46 11 40 38 35 37 8 43 17 32 51 58 5 39 4 3 53 29 6 19 15 26 57 7 48 44 49 28 23 20 18 27 10 56 24 9 2 36 52 14 33 0 42 55 50 21 16 30 13 47 34 41 31 25 59 
12 18 36 9 0 26 42 19 34 45 52 17 1 50 46 37 2 5 3 16 51 27 47 49 4 15 8 6 33 29 30 20 7 28 13 48 10 39 11 14 44 40 21 24 22 57 23 32 25 31 41 35 38 43 53 56 54 55 58 59 
