1 41 43 25 4 13 44 29 31 65 2 70 14 59 50 37 38 72 32 26 47 24 28 63 73 15 12 18 57 20 60 62 45 21 54 30 53 68 51 52 49 17 9 74 64 7 5 19 3 56 39 6 0 58 34 23 69 48 42 40 10 16 66 71 61 33 67 8 55 36 11 27 35 22 46 
6 58 20 3 18 13 15 41 33 27 39 45 50 37 10 66 32 70 8 17 31 4 65 49 29 52 72 5 71 59 38 74 55 68 26 22 36 51 43 7 24 1 53 11 69 56 62 30 12 19 23 14 46 73 63 44 28 16 2 25 42 61 40 34 67 9 47 48 57 54 21 64 0 60 35 
33 37 46 63 6 29 25 41 16 13 47 14 53 15 21 62 48 4 38 40 32 61 59 18 56 10 0 22 12 44 60 24 50 1 19 58 28 20 74 55 67 5 34 35 36 52 9 2 51 43 30 49 7 57 3 42 45 31 17 70 26 8 73 11 27 71 68 65 23 39 69 54 64 66 72 
15 28 32 3 39 6 57 58 26 40 60 13 16 66 71 20 9 72 0 29 1 34 73 19 2 27 36 47 42 11 53 23 56 62 46 67 49 41 55 8 14 43 4 31 59 44 69 52 63 33 48 12 21 38 50 64 5 18 7 61 10 35 70 25 17 51 37 45 68 54 22 74 24 65 30 
56 11 29 68 58 53 21 1 63 39 24 47 3 20 51 50 41 44 36 12 65 67 64 28 49 43 4 66 25 72 16 19 38 37 17 2 14 59 23 61 33 5 7 26 45 31 15 30 60 69 18 55 71 46 8 6 42 52 9 48 62 54 40 32 13 10 27 22 35 74 34 57 73 70 0 
16 59 25 4 22 40 48 9 42 73 54 5 28 6 23 21 34 32 56 51 45 60 58 30 38 24 1 8 2 37 57 39 35 46 14 70 15 7 50 12 3 26 72 17 18 52 65 31 47 66 61 19 69 71 10 64 13 29 44 33 11 55 53 41 68 62 43 49 20 67 27 0 63 36 74 
8 61 48 58 5 40 74 52 31 28 43 18 45 62 17 10 35 33 19 32 67 26 73 15 21 11 27 53 70 38 64 4 1 68 16 14 72 30 49 44 6 36 59 41 50 22 66 63 55 34 23 24 71 9 57 29 54 3 60 0 42 51 69 46 20 56 12 2 37 25 47 7 65 13 39 
33 10 24 13 68 73 30 14 67 36 60 15 16 26 50 59 11 45 21 18 8 66 38 57 20 9 23 25 1 5 4 22 28 34 3 56 55 70 32 39 72 40 69 41 52 49 17 43 62 47 31 46 12 37 53 42 64 58 61 63 7 71 2 0 54 65 29 44 51 6 48 19 27 35 74 
33 37 46 63 6 29 25 41 16 13 47 14 53 15 21 62 48 4 38 40 32 61 59 18 56 10 0 22 12 44 60 24 50 1 19 58 28 20 74 55 67 5 34 35 36 52 9 2 51 43 30 49 7 57 3 42 45 31 17 70 26 8 73 11 27 71 68 65 23 39 69 54 64 66 72 
44 35 22 68 49 9 74 66 55 73 15 1 3 28 25 37 17 53 31 12 72 41 40 2 63 29 36 26 16 71 50 38 47 43 24 14 27 51 69 60 18 59 70 4 56 67 30 20 6 5 57 52 65 64 8 33 13 45 42 7 62 46 10 32 61 58 19 11 23 54 48 21 39 34 0 
2 13 49 65 23 3 30 52 18 32 72 45 54 29 64 4 50 56 31 40 51 62 69 14 41 5 35 60 70 39 25 43 58 6 37 38 44 9 21 57 7 24 63 15 61 8 33 10 48 27 11 47 16 19 12 17 26 46 67 36 20 22 71 28 53 34 74 68 42 55 59 66 73 0 1 
72 30 61 43 14 66 16 58 0 60 52 47 7 18 19 51 15 1 71 44 41 9 73 48 5 33 74 64 8 59 68 21 4 13 20 6 39 34 57 22 55 42 46 27 35 31 2 24 25 29 67 56 50 37 26 11 65 32 17 53 63 38 49 40 70 12 54 23 69 3 36 45 10 28 62 
41 73 25 70 46 27 8 44 31 29 69 60 5 24 28 68 13 35 36 15 38 67 16 66 34 21 52 32 9 11 65 4 14 50 33 64 63 53 72 61 54 10 56 45 49 59 62 23 57 55 40 51 18 6 12 48 20 47 19 7 43 71 39 37 17 30 26 22 58 2 1 0 74 3 42 
30 5 18 60 24 28 66 42 20 46 16 50 48 74 23 57 69 65 17 34 68 53 12 58 3 7 6 14 70 59 47 31 32 71 13 44 29 33 9 43 54 4 15 25 73 39 56 64 36 41 11 27 49 61 63 19 55 8 10 40 0 62 21 52 38 37 26 2 51 45 1 35 22 72 67 
30 5 18 60 24 28 66 42 20 46 16 50 48 74 23 57 69 65 17 34 68 53 12 58 3 7 6 14 70 59 47 31 32 71 13 44 29 33 9 43 54 4 15 25 73 39 56 64 36 41 11 27 49 61 63 19 55 8 10 40 0 62 21 52 38 37 26 2 51 45 1 35 22 72 67 
8 44 65 18 64 68 50 61 35 31 25 1 41 54 14 67 22 74 63 62 23 46 73 70 30 45 0 24 27 3 12 48 28 58 5 57 40 56 11 34 55 47 66 4 32 52 72 49 17 60 19 42 6 20 39 38 37 71 16 7 33 29 53 21 43 13 69 9 2 59 36 15 51 26 10 
54 28 67 56 73 57 27 6 21 0 22 16 64 51 33 68 58 34 39 72 59 46 10 8 9 5 30 45 15 7 18 40 47 24 44 29 13 62 60 38 42 14 1 36 35 65 70 71 25 19 12 23 17 2 50 55 49 3 37 69 52 66 41 43 4 32 11 63 61 20 74 48 26 31 53 
68 63 54 67 22 44 14 18 57 51 73 36 32 9 17 65 53 15 40 1 4 39 72 50 25 62 11 27 19 59 61 41 28 48 74 58 20 24 47 56 12 34 30 2 21 55 33 3 6 35 52 49 43 8 29 46 60 42 0 7 38 10 70 31 23 26 16 13 37 71 66 45 69 64 5 
23 29 64 20 44 18 52 27 15 2 51 43 12 34 17 9 69 21 49 5 22 33 47 6 63 73 71 36 57 41 65 42 16 59 31 55 35 32 60 45 39 56 3 8 67 19 38 10 61 11 72 66 1 7 46 30 68 13 37 25 50 26 28 58 14 70 24 53 54 40 62 0 74 4 48 
46 33 8 7 56 23 15 3 71 43 31 74 10 11 14 41 1 28 37 13 40 39 52 60 58 34 57 51 55 22 27 26 20 16 0 64 30 54 69 18 49 6 12 73 24 4 59 29 70 45 66 32 48 61 35 47 25 38 17 72 5 50 2 62 42 19 67 68 9 36 44 65 53 63 21 
38 62 64 60 30 3 2 74 8 33 32 14 70 49 37 27 56 19 40 5 24 57 0 22 73 20 7 18 71 44 42 13 48 34 65 9 6 58 51 50 11 72 66 28 26 55 41 12 43 46 39 35 10 25 63 16 47 23 69 54 45 17 15 68 53 29 52 31 36 67 59 61 21 4 1 
19 39 58 48 62 57 38 41 46 67 69 73 20 40 33 37 71 50 1 72 15 32 63 64 5 61 14 70 51 18 26 21 28 68 9 23 10 35 2 17 42 7 54 66 11 8 29 65 3 53 52 60 43 44 59 45 4 31 16 56 22 55 30 49 13 25 6 47 36 34 74 24 12 0 27 
29 55 25 27 49 37 32 18 20 45 53 31 74 35 33 14 38 72 36 48 67 8 1 23 56 5 17 44 43 9 73 65 42 39 22 64 7 57 34 59 71 41 10 62 68 28 69 12 16 52 6 3 19 58 70 51 24 30 2 50 66 26 21 11 46 40 63 13 61 15 60 47 54 0 4 
38 47 41 53 5 63 71 2 25 70 4 49 27 35 33 48 28 56 20 3 23 69 46 61 6 58 22 40 68 67 36 29 21 7 26 34 57 73 15 30 51 8 65 18 74 16 37 9 62 45 42 10 60 59 11 66 64 52 12 43 32 13 17 14 50 55 39 19 24 31 54 44 72 0 1 
36 61 3 50 22 71 32 70 47 40 34 17 4 2 16 46 53 19 49 31 52 42 5 65 44 57 48 0 41 54 30 64 21 39 11 27 33 73 51 23 68 67 8 35 7 14 37 66 10 58 28 1 24 56 13 63 72 55 60 6 26 59 25 9 20 45 29 12 43 15 38 18 62 69 74 
2 36 32 24 52 51 59 29 54 25 31 26 6 7 60 62 53 43 71 65 15 33 10 40 67 41 39 35 27 11 56 42 73 8 19 13 23 30 72 49 21 63 55 57 9 45 5 50 68 1 4 74 20 3 18 34 64 22 47 38 14 37 12 70 16 61 48 69 58 66 28 46 44 17 0 
35 32 56 46 0 65 30 40 73 63 1 31 62 8 67 23 53 21 11 6 60 13 17 2 5 19 59 70 9 15 57 26 66 54 69 39 48 20 64 22 50 7 49 68 18 45 43 14 28 3 36 61 27 42 41 4 37 38 16 58 33 29 10 55 24 12 74 51 52 44 25 34 72 47 71 
4 17 29 24 61 69 21 35 19 18 5 73 30 25 15 46 48 12 58 34 67 6 16 47 23 7 66 72 70 65 8 62 41 42 54 31 9 50 37 49 60 64 38 71 43 10 27 56 11 13 14 68 57 52 1 51 26 22 55 63 28 40 32 59 36 33 39 53 2 45 74 20 3 0 44 
18 6 3 21 24 73 26 32 39 14 52 2 65 61 37 25 69 34 9 40 35 0 36 48 15 30 10 33 20 72 41 60 5 27 19 45 62 13 16 49 71 59 38 7 54 53 66 70 1 17 57 58 68 46 47 67 28 4 44 12 23 64 31 50 11 63 8 42 56 22 55 51 29 43 74 
72 30 61 43 14 66 16 58 0 60 52 47 7 18 19 51 15 1 71 44 41 9 73 48 5 33 74 64 8 59 68 21 4 13 20 6 39 34 57 22 55 42 46 27 35 31 2 24 25 29 67 56 50 37 26 11 65 32 17 53 63 38 49 40 70 12 54 23 69 3 36 45 10 28 62 
72 30 61 43 14 66 16 58 0 60 52 47 7 18 19 51 15 1 71 44 41 9 73 48 5 33 74 64 8 59 68 21 4 13 20 6 39 34 57 22 55 42 46 27 35 31 2 24 25 29 67 56 50 37 26 11 65 32 17 53 63 38 49 40 70 12 54 23 69 3 36 45 10 28 62 
6 49 34 19 35 61 16 60 73 68 7 12 0 17 54 9 69 62 10 55 25 28 72 11 4 14 64 65 41 58 56 63 38 1 46 45 18 20 27 39 44 43 59 26 31 21 50 37 51 22 23 57 48 53 2 29 30 3 15 52 36 5 42 47 40 67 8 32 13 24 66 71 33 70 74 
68 24 27 52 45 51 50 28 43 14 25 49 48 19 46 47 17 56 58 41 3 40 22 11 36 26 31 39 21 38 37 18 72 34 33 32 55 54 60 20 16 65 29 12 57 9 23 7 6 35 66 2 1 63 74 71 8 67 53 61 44 30 69 5 13 70 59 10 73 15 62 42 64 0 4 
40 0 66 60 69 52 5 16 73 72 1 38 26 27 41 13 12 54 25 65 29 55 36 37 46 59 11 51 15 7 67 71 10 39 44 20 24 2 3 48 33 32 70 8 56 28 35 61 42 4 49 31 18 68 9 45 6 22 63 19 57 50 14 64 62 17 43 30 23 58 21 53 47 34 74 
44 64 32 74 21 19 70 42 65 25 50 26 30 17 66 73 46 72 28 59 43 47 5 40 6 24 27 35 54 29 71 37 13 7 0 69 9 48 53 68 38 10 52 55 36 67 63 45 15 11 56 62 57 2 14 61 12 60 18 23 58 20 22 51 3 49 41 39 33 34 31 16 8 4 1 
24 64 6 47 72 52 68 31 14 50 21 61 0 74 3 12 60 65 25 29 44 13 7 63 19 73 11 35 71 30 17 2 62 39 18 53 15 70 49 23 34 58 32 46 69 26 54 51 27 48 67 57 43 4 1 36 66 37 42 20 40 33 28 55 8 59 5 41 9 38 56 16 10 45 22 
67 38 16 17 54 12 53 48 9 73 42 8 72 13 27 64 20 69 44 52 57 71 46 32 14 61 36 60 30 39 7 31 2 70 19 58 68 63 1 29 24 22 66 18 25 50 59 33 65 62 43 41 5 56 55 35 47 51 28 23 21 49 45 10 40 4 37 0 34 26 11 3 15 6 74 
48 9 38 16 61 25 53 17 23 18 14 39 63 74 58 3 26 36 11 33 67 47 44 57 22 35 59 24 55 42 56 27 64 12 28 45 0 15 19 34 52 37 40 73 72 5 70 65 10 41 69 49 4 51 30 7 32 66 68 71 8 46 1 20 29 21 54 62 13 43 50 60 2 31 6 
0 58 22 16 14 70 25 32 47 59 18 74 61 31 41 19 1 68 2 34 54 23 39 24 43 40 37 26 13 38 28 10 42 15 50 33 35 48 51 36 67 64 49 73 63 44 65 62 45 46 3 53 71 12 21 57 4 66 30 72 5 52 8 11 55 27 56 69 9 20 6 60 7 29 17 
8 47 57 39 30 52 74 68 62 63 66 6 22 72 4 44 29 2 33 10 31 3 54 12 18 15 73 58 40 36 61 55 11 35 5 70 59 48 20 7 27 60 49 17 69 23 9 21 13 25 32 45 71 42 67 64 28 14 46 34 41 37 38 16 1 56 24 53 65 26 50 43 51 0 19 
58 13 43 32 59 35 37 16 60 27 55 36 48 7 22 54 45 57 23 66 3 17 29 51 73 49 50 46 33 14 19 4 15 34 70 42 41 38 24 68 72 28 62 74 10 26 31 53 30 18 12 11 40 5 69 6 0 63 67 71 64 21 52 44 9 20 39 65 56 2 47 61 8 25 1 
0 49 57 25 63 42 19 39 38 41 59 1 37 4 50 2 43 65 7 55 32 11 3 34 56 5 21 6 9 31 28 67 14 26 24 8 53 51 29 60 17 13 16 10 18 12 62 46 33 73 15 20 69 61 54 22 35 45 30 23 27 72 71 36 48 40 68 44 70 47 52 58 64 66 74 
25 37 64 42 20 21 41 71 52 53 15 47 13 29 73 50 68 69 7 62 45 55 27 36 16 0 51 61 57 19 66 35 70 58 24 1 48 44 74 6 34 63 23 12 54 18 60 43 30 4 2 40 38 8 39 3 26 14 59 32 49 28 10 22 11 5 46 9 72 65 17 31 56 33 67 
55 39 48 13 18 60 43 14 7 70 52 25 16 67 1 32 30 21 12 20 69 68 34 64 22 6 9 58 53 31 66 33 4 27 5 11 42 59 3 36 47 37 65 51 61 63 41 38 62 54 17 44 56 57 45 19 35 50 71 23 46 74 26 2 29 28 24 49 73 8 0 15 40 72 10 
45 40 64 43 60 20 28 6 12 49 29 2 8 35 11 39 67 44 41 50 26 61 59 56 9 30 31 25 70 5 23 73 24 13 3 19 27 63 7 16 51 17 32 4 71 0 15 33 53 47 66 62 21 72 36 48 54 37 38 14 1 52 74 55 68 10 58 34 69 18 22 57 42 46 65 
17 31 23 21 71 66 42 22 47 44 37 61 24 48 73 39 0 55 29 26 36 3 11 50 30 64 8 33 4 63 5 28 18 41 20 25 65 9 62 49 59 51 12 53 15 6 40 58 7 19 57 69 54 60 74 45 14 10 16 32 13 43 46 67 38 27 34 56 72 35 52 1 70 2 68 
31 38 16 64 19 11 39 68 25 62 36 34 29 70 28 1 13 17 42 72 14 8 9 6 20 51 33 24 41 22 35 59 32 52 45 48 63 18 0 57 27 65 55 71 66 3 43 69 21 12 23 49 46 47 10 4 50 40 56 67 5 61 37 7 2 26 73 58 54 30 44 53 60 74 15 
19 39 58 48 62 57 38 41 46 67 69 73 20 40 33 37 71 50 1 72 15 32 63 64 5 61 14 70 51 18 26 21 28 68 9 23 10 35 2 17 42 7 54 66 11 8 29 65 3 53 52 60 43 44 59 45 4 31 16 56 22 55 30 49 13 25 6 47 36 34 74 24 12 0 27 
52 73 50 16 61 66 35 70 36 23 34 17 40 49 24 64 60 4 5 63 28 45 9 44 18 2 20 26 6 56 12 0 71 59 47 58 37 10 72 32 55 67 46 33 25 53 11 51 19 15 7 48 38 1 43 42 21 69 62 3 31 30 39 27 8 22 68 13 74 57 41 14 54 29 65 
30 61 64 62 12 0 69 51 17 21 45 5 49 3 56 1 22 20 7 39 55 11 38 59 72 44 2 57 23 67 28 70 14 4 65 37 50 42 46 48 6 32 40 15 10 8 36 9 26 47 25 43 63 68 13 16 27 34 71 31 18 19 29 24 60 33 66 54 35 41 52 53 58 73 74 
30 61 64 62 12 0 69 51 17 21 45 5 49 3 56 1 22 20 7 39 55 11 38 59 72 44 2 57 23 67 28 70 14 4 65 37 50 42 46 48 6 32 40 15 10 8 36 9 26 47 25 43 63 68 13 16 27 34 71 31 18 19 29 24 60 33 66 54 35 41 52 53 58 73 74 
58 6 24 48 5 52 70 2 42 13 22 28 66 71 61 73 16 25 72 9 56 38 26 29 31 12 62 36 67 32 46 17 37 59 60 69 54 68 10 19 27 3 21 49 63 65 43 14 1 47 23 64 51 34 41 57 55 35 7 20 53 30 18 50 74 44 4 40 45 33 15 11 8 0 39 
25 45 36 16 69 21 48 66 73 17 15 47 40 6 28 52 30 13 68 63 5 23 49 41 62 0 74 60 19 33 42 27 22 59 37 1 55 29 11 35 46 58 38 14 10 26 34 57 51 4 2 56 70 61 50 3 64 71 39 32 53 24 9 20 43 7 67 8 72 54 12 18 44 31 65 
51 50 16 43 21 49 38 65 40 19 24 52 72 61 2 7 55 39 14 25 70 8 69 47 33 36 35 66 44 59 9 28 5 30 4 53 41 22 26 12 23 58 45 20 54 13 6 57 17 29 1 64 48 68 71 27 56 31 34 60 32 15 62 42 63 46 67 10 37 0 11 73 3 18 74 
32 51 20 21 10 25 68 28 19 15 50 71 37 61 7 42 63 12 5 49 65 30 36 24 60 48 1 70 0 29 4 62 67 16 27 26 56 47 33 44 52 55 35 69 45 6 23 18 58 46 17 66 54 43 31 41 13 8 38 64 9 53 14 59 22 11 34 57 3 40 72 2 74 39 73 
61 33 7 64 34 1 63 31 48 9 58 62 50 37 68 2 15 59 73 38 70 55 20 32 67 16 29 53 18 52 24 45 41 3 14 39 46 28 69 49 4 65 13 44 0 6 43 8 42 74 27 36 35 22 10 11 71 26 56 23 12 17 72 19 54 21 60 51 25 30 40 47 57 66 5 
56 11 29 68 58 53 21 1 63 39 24 47 3 20 51 50 41 44 36 12 65 67 64 28 49 43 4 66 25 72 16 19 38 37 17 2 14 59 23 61 33 5 7 26 45 31 15 30 60 69 18 55 71 46 8 6 42 52 9 48 62 54 40 32 13 10 27 22 35 74 34 57 73 70 0 
74 61 33 11 34 20 15 65 31 12 28 13 56 48 23 73 60 17 57 26 59 14 42 16 8 72 70 19 22 58 47 21 63 5 24 39 27 50 49 29 43 54 30 32 10 71 38 52 36 37 69 40 46 41 6 68 9 51 35 55 67 7 64 66 0 62 3 18 45 53 44 25 4 2 1 
74 61 33 11 34 20 15 65 31 12 28 13 56 48 23 73 60 17 57 26 59 14 42 16 8 72 70 19 22 58 47 21 63 5 24 39 27 50 49 29 43 54 30 32 10 71 38 52 36 37 69 40 46 41 6 68 9 51 35 55 67 7 64 66 0 62 3 18 45 53 44 25 4 2 1 
13 65 25 4 30 20 8 54 19 28 23 27 5 9 51 40 74 43 66 6 48 58 39 64 47 59 38 7 32 52 22 0 42 11 18 57 63 62 56 12 41 34 53 49 16 72 2 15 37 60 44 17 29 1 24 36 55 26 70 31 71 33 45 35 3 69 50 61 67 68 46 10 21 14 73 
66 53 62 51 32 1 35 33 46 28 59 20 16 4 72 64 39 11 15 57 22 71 38 74 69 58 10 5 67 49 9 43 65 25 31 19 23 56 30 29 2 68 55 42 7 48 21 40 63 73 44 8 27 14 50 37 45 60 54 12 24 3 70 17 34 6 47 26 13 41 18 61 0 52 36 
23 29 64 20 44 18 52 27 15 2 51 43 12 34 17 9 69 21 49 5 22 33 47 6 63 73 71 36 57 41 65 42 16 59 31 55 35 32 60 45 39 56 3 8 67 19 38 10 61 11 72 66 1 7 46 30 68 13 37 25 50 26 28 58 14 70 24 53 54 40 62 0 74 4 48 
23 29 64 20 44 18 52 27 15 2 51 43 12 34 17 9 69 21 49 5 22 33 47 6 63 73 71 36 57 41 65 42 16 59 31 55 35 32 60 45 39 56 3 8 67 19 38 10 61 11 72 66 1 7 46 30 68 13 37 25 50 26 28 58 14 70 24 53 54 40 62 0 74 4 48 
67 27 68 70 14 59 26 7 22 48 64 32 25 31 19 8 18 20 23 57 45 44 52 46 9 29 37 69 35 42 39 74 0 2 1 54 61 71 55 63 47 13 21 62 58 15 38 40 10 12 51 60 5 73 4 30 65 50 33 49 34 6 28 43 72 53 24 17 11 16 41 66 36 56 3 
10 56 33 39 27 16 67 50 17 49 41 14 1 65 54 31 48 74 24 38 12 2 28 13 44 57 46 21 0 26 19 40 45 4 23 9 52 43 42 5 36 30 29 37 63 69 73 6 7 34 47 58 61 72 8 22 3 15 62 68 60 18 64 20 71 53 25 59 32 35 11 55 66 70 51 
1 47 15 24 12 51 44 53 64 19 41 7 5 60 69 58 48 9 30 63 23 56 57 16 70 37 28 34 46 67 50 66 20 6 17 11 22 42 21 45 27 31 38 13 43 40 14 55 36 32 2 73 62 61 10 26 8 25 65 35 3 33 71 72 49 54 39 68 52 59 4 29 18 0 74 
8 47 57 39 30 52 74 68 62 63 66 6 22 72 4 44 29 2 33 10 31 3 54 12 18 15 73 58 40 36 61 55 11 35 5 70 59 48 20 7 27 60 49 17 69 23 9 21 13 25 32 45 71 42 67 64 28 14 46 34 41 37 38 16 1 56 24 53 65 26 50 43 51 0 19 
13 6 33 55 28 42 18 23 51 47 15 63 64 37 71 35 74 54 20 69 24 46 3 0 56 58 5 8 66 27 72 67 21 17 60 49 26 32 11 36 7 44 16 48 73 68 34 61 19 1 40 12 52 59 38 30 62 65 10 22 57 45 2 29 43 53 50 31 25 41 39 4 14 9 70 
17 44 9 37 12 7 43 70 71 66 15 3 42 68 8 58 57 62 2 47 50 25 65 74 39 26 31 53 4 24 29 27 36 61 18 51 73 40 13 72 16 60 55 6 59 38 48 20 45 69 46 30 41 49 35 21 5 67 52 11 10 32 64 63 22 34 56 19 0 54 23 33 28 14 1 
56 13 54 5 20 1 10 55 61 40 66 72 59 62 44 48 18 15 11 37 64 7 26 27 46 45 2 43 24 51 70 23 29 52 58 36 32 53 25 9 3 34 6 71 49 30 31 4 17 57 21 19 35 50 38 8 41 28 73 68 65 12 33 42 16 14 63 67 22 74 39 47 69 60 0 
36 61 3 50 22 71 32 70 47 40 34 17 4 2 16 46 53 19 49 31 52 42 5 65 44 57 48 0 41 54 30 64 21 39 11 27 33 73 51 23 68 67 8 35 7 14 37 66 10 58 28 1 24 56 13 63 72 55 60 6 26 59 25 9 20 45 29 12 43 15 38 18 62 69 74 
11 69 40 52 53 71 33 55 38 2 1 29 70 10 42 31 43 51 24 14 63 45 48 19 74 56 23 37 25 54 67 4 72 65 15 46 22 35 61 26 64 30 5 59 16 62 21 20 9 39 32 6 28 7 60 18 3 58 73 47 50 49 8 13 17 44 41 27 36 34 12 66 68 0 57 
38 11 39 56 19 35 46 36 48 5 58 32 29 50 43 68 34 51 23 6 55 52 61 12 74 17 64 44 73 67 10 7 28 8 3 24 69 1 22 37 71 72 14 65 20 57 21 15 26 30 42 16 60 18 25 53 2 70 66 59 41 31 49 33 40 13 63 47 54 62 27 4 45 9 0 
41 38 72 46 26 50 64 53 60 8 39 40 63 4 52 70 43 24 66 5 55 11 61 48 18 21 45 28 54 58 35 12 62 56 19 69 34 17 1 14 22 29 15 7 9 68 57 10 25 31 47 67 37 27 36 65 44 30 71 13 51 16 59 42 49 32 74 20 23 3 2 0 73 6 33 
33 6 70 0 48 52 59 53 67 8 11 65 31 30 45 60 62 14 49 64 36 1 4 15 72 16 61 37 51 17 28 44 73 12 57 19 39 38 13 2 27 32 20 56 66 43 25 54 3 24 26 5 34 23 29 41 9 7 69 47 22 46 58 10 55 71 18 21 74 35 63 40 42 50 68 
31 67 61 66 26 71 45 51 62 16 63 64 10 73 53 18 41 59 47 28 19 11 54 4 40 7 3 58 74 30 1 25 34 17 22 32 8 5 56 55 68 33 37 50 70 38 48 60 23 12 15 44 65 46 29 52 6 36 57 27 2 43 20 21 35 42 9 0 39 69 14 13 49 24 72 
18 51 41 25 12 20 24 0 43 14 68 1 72 10 57 61 21 6 56 45 34 36 13 49 2 31 63 3 26 73 58 27 71 37 29 17 15 9 35 54 46 4 38 5 30 53 19 22 69 32 62 7 70 50 66 42 28 40 8 11 39 47 55 16 33 67 64 23 60 44 65 48 52 59 74 
4 17 29 24 61 69 21 35 19 18 5 73 30 25 15 46 48 12 58 34 67 6 16 47 23 7 66 72 70 65 8 62 41 42 54 31 9 50 37 49 60 64 38 71 43 10 27 56 11 13 14 68 57 52 1 51 26 22 55 63 28 40 32 59 36 33 39 53 2 45 74 20 3 0 44 
4 17 29 24 61 69 21 35 19 18 5 73 30 25 15 46 48 12 58 34 67 6 16 47 23 7 66 72 70 65 8 62 41 42 54 31 9 50 37 49 60 64 38 71 43 10 27 56 11 13 14 68 57 52 1 51 26 22 55 63 28 40 32 59 36 33 39 53 2 45 74 20 3 0 44 
14 52 35 11 36 64 19 7 33 13 53 43 47 20 5 74 38 50 40 3 62 17 66 46 61 59 48 56 0 27 49 21 23 30 25 37 9 63 29 24 57 15 28 6 42 73 22 8 39 16 54 44 67 45 69 72 41 55 31 10 71 12 32 70 1 68 18 34 51 65 60 58 26 4 2 
1 47 15 24 12 51 44 53 64 19 41 7 5 60 69 58 48 9 30 63 23 56 57 16 70 37 28 34 46 67 50 66 20 6 17 11 22 42 21 45 27 31 38 13 43 40 14 55 36 32 2 73 62 61 10 26 8 25 65 35 3 33 71 72 49 54 39 68 52 59 4 29 18 0 74 
35 6 49 9 62 43 65 10 16 64 34 67 30 7 5 26 45 42 48 55 61 60 74 4 14 18 51 15 22 58 57 23 27 46 3 0 36 33 17 21 13 25 56 63 20 53 11 39 52 19 38 32 50 47 28 1 71 41 44 54 31 72 29 68 8 2 73 12 69 40 24 37 70 59 66 
61 33 7 64 34 1 63 31 48 9 58 62 50 37 68 2 15 59 73 38 70 55 20 32 67 16 29 53 18 52 24 45 41 3 14 39 46 28 69 49 4 65 13 44 0 6 43 8 42 74 27 36 35 22 10 11 71 26 56 23 12 17 72 19 54 21 60 51 25 30 40 47 57 66 5 
33 13 66 28 27 57 9 25 18 46 8 61 22 53 42 3 59 41 72 15 39 12 17 69 7 51 62 4 47 19 34 68 45 71 64 5 40 70 29 55 37 50 14 44 30 6 2 32 26 63 24 11 36 60 67 16 65 43 31 20 21 58 52 23 49 35 0 48 56 54 73 74 1 38 10 
16 58 24 57 20 23 56 3 17 8 33 66 36 40 72 41 71 22 12 9 69 1 68 54 52 61 32 11 47 46 2 14 26 15 5 60 30 59 43 42 48 7 21 55 0 6 49 28 10 44 53 31 29 35 37 51 50 13 25 45 18 63 4 65 67 27 34 74 19 39 62 73 64 70 38 
34 7 47 32 0 11 28 41 25 22 49 29 70 40 3 24 39 61 66 33 26 48 35 59 2 14 60 12 31 46 8 38 9 69 53 74 23 20 16 67 19 4 52 58 1 55 50 65 15 44 36 27 10 71 63 73 51 57 6 42 21 56 5 54 64 72 37 68 18 17 62 45 30 43 13 
24 11 74 3 35 53 7 18 44 4 52 25 28 51 42 50 17 23 9 49 21 59 15 47 27 73 0 6 37 55 67 8 66 40 72 38 36 56 26 10 33 39 12 54 30 29 57 20 43 16 71 13 31 14 1 70 41 22 68 32 61 58 46 34 45 69 48 60 2 63 65 64 5 62 19 
28 18 53 30 14 73 24 37 16 72 61 60 22 31 43 36 67 69 23 12 71 40 0 56 70 42 6 5 13 38 48 34 68 66 59 50 2 1 35 55 65 64 63 44 51 62 54 25 4 32 9 11 74 57 52 21 3 33 49 17 47 46 8 20 45 41 10 27 39 29 26 7 19 15 58 
49 48 27 16 50 59 7 22 74 53 63 56 72 32 3 5 0 34 18 54 33 71 10 40 55 36 70 24 13 46 58 39 60 69 20 42 51 64 19 29 37 41 25 31 67 8 66 26 68 4 73 44 15 6 62 12 45 61 11 1 21 57 14 28 17 35 52 2 47 43 65 9 30 23 38 
49 48 27 16 50 59 7 22 74 53 63 56 72 32 3 5 0 34 18 54 33 71 10 40 55 36 70 24 13 46 58 39 60 69 20 42 51 64 19 29 37 41 25 31 67 8 66 26 68 4 73 44 15 6 62 12 45 61 11 1 21 57 14 28 17 35 52 2 47 43 65 9 30 23 38 
68 24 27 52 45 51 50 28 43 14 25 49 48 19 46 47 17 56 58 41 3 40 22 11 36 26 31 39 21 38 37 18 72 34 33 32 55 54 60 20 16 65 29 12 57 9 23 7 6 35 66 2 1 63 74 71 8 67 53 61 44 30 69 5 13 70 59 10 73 15 62 42 64 0 4 
32 2 72 9 8 15 18 58 25 33 16 66 35 27 55 43 70 3 65 53 50 61 48 19 51 46 20 12 42 24 30 6 71 47 52 62 74 23 4 17 29 40 60 57 45 5 7 36 49 37 22 28 54 13 21 56 59 38 1 41 11 69 73 63 31 14 68 0 64 34 39 10 67 26 44 
67 45 53 31 72 60 16 41 58 69 46 63 23 34 5 8 61 50 44 18 21 15 1 4 32 26 66 11 56 64 36 68 12 2 29 14 33 74 19 62 47 10 59 51 0 22 35 40 38 9 52 25 54 57 6 28 73 49 24 37 39 7 20 48 43 65 30 71 13 17 42 70 27 55 3 
48 20 66 25 16 41 39 50 63 61 55 0 28 33 23 60 68 62 49 30 57 56 11 71 36 73 53 1 65 52 46 45 34 35 5 12 14 32 37 44 6 18 43 2 70 40 47 67 29 64 72 3 27 22 9 21 7 19 42 4 15 58 54 8 74 59 38 10 26 13 51 17 24 31 69 
55 39 48 13 18 60 43 14 7 70 52 25 16 67 1 32 30 21 12 20 69 68 34 64 22 6 9 58 53 31 66 33 4 27 5 11 42 59 3 36 47 37 65 51 61 63 41 38 62 54 17 44 56 57 45 19 35 50 71 23 46 74 26 2 29 28 24 49 73 8 0 15 40 72 10 
20 30 31 32 5 6 47 68 69 66 12 61 55 27 62 7 10 33 26 8 22 17 14 72 64 67 35 9 65 63 38 58 74 11 71 13 44 1 53 54 16 52 51 45 49 18 56 19 34 60 50 21 48 42 23 24 2 41 40 28 29 36 59 37 25 43 4 57 70 73 0 15 46 39 3 
67 38 16 17 54 12 53 48 9 73 42 8 72 13 27 64 20 69 44 52 57 71 46 32 14 61 36 60 30 39 7 31 2 70 19 58 68 63 1 29 24 22 66 18 25 50 59 33 65 62 43 41 5 56 55 35 47 51 28 23 21 49 45 10 40 4 37 0 34 26 11 3 15 6 74 
61 42 30 41 62 16 59 29 70 31 52 0 69 54 73 18 58 5 6 21 9 7 66 28 40 51 14 25 47 50 49 45 67 26 27 32 12 8 11 10 37 64 65 1 38 43 15 46 17 60 35 55 33 22 63 68 19 20 53 2 4 23 48 36 56 57 39 3 34 72 24 13 71 44 74 
61 42 30 41 62 16 59 29 70 31 52 0 69 54 73 18 58 5 6 21 9 7 66 28 40 51 14 25 47 50 49 45 67 26 27 32 12 8 11 10 37 64 65 1 38 43 15 46 17 60 35 55 33 22 63 68 19 20 53 2 4 23 48 36 56 57 39 3 34 72 24 13 71 44 74 
14 54 64 68 44 51 42 5 6 38 22 11 67 45 69 34 50 19 29 65 31 39 21 63 7 58 20 62 37 70 47 18 0 60 52 15 59 41 28 57 26 9 3 23 13 74 36 55 4 53 40 49 61 35 46 27 12 43 17 33 73 30 25 24 8 72 10 2 1 71 66 32 56 48 16 
