17 3 23 2 10 24 8 6 0 11 15 1 7 20 14 13 16 4 12 5 22 19 9 21 18 
10 2 23 3 17 15 0 8 24 18 21 9 12 5 4 19 22 16 13 14 20 1 7 11 6 
23 3 17 15 1 7 0 11 6 24 8 2 10 21 18 9 12 4 19 22 5 16 13 14 20 
23 3 17 15 1 7 0 11 6 24 8 2 10 21 18 9 12 4 19 22 5 16 13 14 20 
22 19 4 12 5 16 13 14 20 1 7 11 6 0 8 24 2 10 23 17 15 3 21 18 9 
22 19 4 12 5 16 13 14 20 1 7 11 6 0 8 24 2 10 23 17 15 3 21 18 9 
22 19 4 12 5 16 13 14 20 1 7 11 6 0 8 24 2 10 23 17 15 3 21 18 9 
22 19 4 12 5 16 13 14 20 1 7 11 6 0 8 24 2 10 23 17 15 3 21 18 9 
22 19 4 12 5 16 13 14 20 1 7 11 6 0 8 24 2 10 23 17 15 3 21 18 9 
8 24 10 2 23 3 17 15 18 21 9 12 4 19 22 5 16 13 14 20 1 7 11 0 6 
8 24 10 2 23 3 17 15 18 21 9 12 4 19 22 5 16 13 14 20 1 7 11 0 6 
8 24 10 2 23 3 17 15 18 21 9 12 4 19 22 5 16 13 14 20 1 7 11 0 6 
8 24 10 2 23 3 17 15 18 21 9 12 4 19 22 5 16 13 14 20 1 7 11 0 6 
8 24 10 2 23 3 17 15 18 21 9 12 4 19 22 5 16 13 14 20 1 7 11 0 6 
16 5 22 19 4 12 9 18 21 23 2 10 3 17 15 1 7 11 0 6 8 24 20 14 13 
4 12 19 22 5 9 21 18 23 2 10 24 8 0 11 6 3 17 15 1 7 20 14 13 16 
9 4 12 22 19 21 3 23 10 2 24 8 0 6 11 17 15 1 7 20 14 13 16 5 18 
24 8 2 10 23 3 17 15 0 6 11 7 1 20 14 13 19 22 4 12 5 16 9 21 18 
24 8 2 10 23 3 17 15 0 6 11 7 1 20 14 13 19 22 4 12 5 16 9 21 18 
24 8 2 10 23 3 17 15 0 6 11 7 1 20 14 13 19 22 4 12 5 16 9 21 18 
24 8 2 10 23 3 17 15 0 6 11 7 1 20 14 13 19 22 4 12 5 16 9 21 18 
24 8 2 10 23 3 17 15 0 6 11 7 1 20 14 13 19 22 4 12 5 16 9 21 18 
24 8 2 10 23 3 17 15 0 6 11 7 1 20 14 13 19 22 4 12 5 16 9 21 18 
4 12 22 19 9 5 16 13 14 20 7 1 15 17 3 23 2 10 24 8 6 0 11 18 21 
4 12 22 19 9 5 16 13 14 20 7 1 15 17 3 23 2 10 24 8 6 0 11 18 21 
4 12 22 19 9 5 16 13 14 20 7 1 15 17 3 23 2 10 24 8 6 0 11 18 21 
4 12 22 19 9 5 16 13 14 20 7 1 15 17 3 23 2 10 24 8 6 0 11 18 21 
24 8 2 10 17 3 23 21 18 9 12 4 22 19 5 16 13 14 20 1 7 15 0 6 11 
24 8 2 10 17 3 23 21 18 9 12 4 22 19 5 16 13 14 20 1 7 15 0 6 11 
24 8 2 10 17 3 23 21 18 9 12 4 22 19 5 16 13 14 20 1 7 15 0 6 11 
24 8 2 10 17 3 23 21 18 9 12 4 22 19 5 16 13 14 20 1 7 15 0 6 11 
11 0 8 24 2 10 23 3 17 15 1 7 20 14 13 16 5 22 19 4 12 21 9 18 6 
19 4 12 5 22 16 13 14 20 1 15 17 3 23 10 2 24 8 11 6 0 7 21 18 9 
19 4 12 5 22 16 13 14 20 1 15 17 3 23 10 2 24 8 11 6 0 7 21 18 9 
19 4 12 5 22 16 13 14 20 1 15 17 3 23 10 2 24 8 11 6 0 7 21 18 9 
21 9 12 4 19 22 5 16 13 14 20 1 15 17 3 23 2 10 24 8 0 6 11 7 18 
16 5 22 19 4 12 9 21 18 3 23 2 10 24 8 6 11 0 17 15 1 7 20 14 13 
16 5 22 19 4 12 9 21 18 3 23 2 10 24 8 6 11 0 17 15 1 7 20 14 13 
21 9 12 4 19 22 5 16 13 14 20 1 15 17 3 23 2 10 24 8 0 6 11 7 18 
21 9 12 4 19 22 5 16 13 14 20 1 15 17 3 23 2 10 24 8 0 6 11 7 18 
8 24 10 2 23 3 17 15 0 6 11 7 1 20 14 13 19 22 16 5 12 9 4 21 18 
8 24 10 2 23 3 17 15 0 6 11 7 1 20 14 13 19 22 16 5 12 9 4 21 18 
8 24 10 2 23 3 17 15 0 6 11 7 1 20 14 13 19 22 16 5 12 9 4 21 18 
8 24 10 2 23 3 17 15 0 6 11 7 1 20 14 13 19 22 16 5 12 9 4 21 18 
8 24 10 2 23 3 17 15 0 6 11 7 1 20 14 13 19 22 16 5 12 9 4 21 18 
5 12 4 19 22 14 13 20 1 7 11 0 6 8 24 23 3 17 15 10 2 18 21 9 16 
9 21 12 4 19 22 5 16 13 14 20 1 7 15 17 3 23 2 10 24 8 0 11 6 18 
9 21 12 4 19 22 5 16 13 14 20 1 7 15 17 3 23 2 10 24 8 0 11 6 18 
9 21 12 4 19 22 5 16 13 14 20 1 7 15 17 3 23 2 10 24 8 0 11 6 18 
9 21 12 4 19 22 5 16 13 14 20 1 7 15 17 3 23 2 10 24 8 0 11 6 18 
22 19 5 4 12 9 21 18 3 23 2 10 8 24 0 6 11 15 17 7 1 20 14 13 16 
22 19 5 4 12 9 21 18 3 23 2 10 8 24 0 6 11 15 17 7 1 20 14 13 16 
18 9 12 4 19 22 5 16 13 14 20 1 7 15 17 3 23 2 10 24 8 0 11 6 21 
22 5 4 12 9 18 21 3 17 11 6 0 24 8 2 10 23 15 7 1 20 14 13 16 19 
9 12 4 5 22 19 21 18 23 3 15 17 2 10 8 24 0 6 11 7 1 20 14 13 16 
14 3 17 15 1 7 11 0 6 8 24 23 2 10 18 21 19 22 4 12 9 5 16 13 20 
7 1 15 17 3 23 2 10 24 8 6 11 0 19 22 4 12 21 18 9 5 16 13 14 20 
7 1 15 17 3 23 2 10 24 8 6 11 0 19 22 4 12 21 18 9 5 16 13 14 20 
7 1 15 17 3 23 2 10 24 8 6 11 0 19 22 4 12 21 18 9 5 16 13 14 20 
16 4 12 19 22 5 9 21 18 3 23 2 10 24 8 0 6 11 7 15 17 1 20 14 13 
16 4 12 19 22 5 9 21 18 3 23 2 10 24 8 0 6 11 7 15 17 1 20 14 13 
16 4 12 19 22 5 9 21 18 3 23 2 10 24 8 0 6 11 7 15 17 1 20 14 13 
16 4 12 19 22 5 9 21 18 3 23 2 10 24 8 0 6 11 7 15 17 1 20 14 13 
8 24 2 10 23 3 17 21 18 9 12 22 19 4 5 16 13 14 20 1 7 11 0 15 6 
8 24 2 10 23 3 17 21 18 9 12 22 19 4 5 16 13 14 20 1 7 11 0 15 6 
8 24 2 10 23 3 17 21 18 9 12 22 19 4 5 16 13 14 20 1 7 11 0 15 6 
8 24 2 10 23 3 17 21 18 9 12 22 19 4 5 16 13 14 20 1 7 11 0 15 6 
15 17 3 23 2 10 8 24 0 6 11 7 1 20 14 13 16 5 4 12 22 19 9 21 18 
15 17 3 23 2 10 8 24 0 6 11 7 1 20 14 13 16 5 4 12 22 19 9 21 18 
15 17 3 23 2 10 8 24 0 6 11 7 1 20 14 13 16 5 4 12 22 19 9 21 18 
15 17 3 23 2 10 8 24 0 6 11 7 1 20 14 13 16 5 4 12 22 19 9 21 18 
9 12 4 19 22 5 16 13 14 20 1 7 15 17 3 23 10 2 24 8 0 11 6 21 18 
9 12 4 19 22 5 16 13 14 20 1 7 15 17 3 23 10 2 24 8 0 11 6 21 18 
9 12 4 19 22 5 16 13 14 20 1 7 15 17 3 23 10 2 24 8 0 11 6 21 18 
9 12 4 19 22 5 16 13 14 20 1 7 15 17 3 23 10 2 24 8 0 11 6 21 18 
9 12 4 19 22 5 16 13 14 20 1 7 15 17 3 23 10 2 24 8 0 11 6 21 18 
22 19 4 12 5 16 9 21 18 23 15 17 3 2 10 24 8 0 6 11 1 7 20 14 13 
22 19 4 12 5 16 9 21 18 23 15 17 3 2 10 24 8 0 6 11 1 7 20 14 13 
22 19 4 12 5 16 9 21 18 23 15 17 3 2 10 24 8 0 6 11 1 7 20 14 13 
22 19 4 12 5 16 9 21 18 23 15 17 3 2 10 24 8 0 6 11 1 7 20 14 13 
9 12 4 22 19 5 16 13 14 20 1 15 17 3 23 2 10 24 8 0 6 11 7 21 18 
6 11 0 8 24 2 10 23 3 17 15 1 7 20 14 13 16 5 12 4 19 22 9 21 18 
22 5 4 12 9 21 3 17 15 1 7 11 0 6 8 24 23 2 10 18 19 20 14 13 16 
6 11 0 8 24 2 10 23 3 17 15 1 7 20 14 13 16 5 12 4 19 22 9 21 18 
6 11 0 8 24 2 10 23 3 17 15 1 7 20 14 13 16 5 12 4 19 22 9 21 18 
16 22 19 4 12 5 9 21 18 10 2 24 8 23 3 17 15 1 7 11 6 0 20 14 13 
16 22 19 4 12 5 9 21 18 10 2 24 8 23 3 17 15 1 7 11 6 0 20 14 13 
16 22 19 4 12 5 9 21 18 10 2 24 8 23 3 17 15 1 7 11 6 0 20 14 13 
18 21 9 12 4 19 22 5 16 13 14 20 1 15 17 3 23 2 10 24 8 0 11 6 7 
9 12 4 19 22 5 16 13 14 20 1 7 15 17 3 23 2 10 24 8 0 11 6 18 21 
9 12 4 22 19 5 16 13 14 20 1 7 15 17 3 23 2 10 24 8 0 11 6 21 18 
9 12 4 22 19 5 16 13 14 20 1 7 15 17 3 23 2 10 24 8 0 11 6 21 18 
9 12 4 22 19 5 16 13 14 20 1 7 15 17 3 23 2 10 24 8 0 11 6 21 18 
9 12 4 22 19 5 16 13 14 20 1 7 15 17 3 23 2 10 24 8 0 11 6 21 18 
9 12 4 22 19 5 16 13 14 20 1 7 15 17 3 23 2 10 24 8 0 11 6 21 18 
15 17 3 23 2 10 21 18 9 12 4 19 22 5 16 13 14 20 7 1 8 24 0 6 11 
15 17 3 23 2 10 21 18 9 12 4 19 22 5 16 13 14 20 7 1 8 24 0 6 11 
15 17 3 23 2 10 21 18 9 12 4 19 22 5 16 13 14 20 7 1 8 24 0 6 11 
15 17 3 23 2 10 21 18 9 12 4 19 22 5 16 13 14 20 7 1 8 24 0 6 11 
2 10 23 24 8 0 6 11 7 15 1 20 14 13 22 19 4 12 5 16 9 21 18 3 17 
