1 2 8 3 5 6 4 9 7 0 
2 1 0 9 7 5 3 6 4 8 
1 0 7 2 6 4 5 3 9 8 
1 0 7 2 6 4 5 3 9 8 
1 0 7 2 6 4 5 3 9 8 
1 0 7 2 6 4 5 3 9 8 
1 0 7 2 6 4 5 3 9 8 
1 0 7 2 6 4 5 3 9 8 
1 0 7 2 6 4 5 3 9 8 
1 0 7 2 6 4 5 3 9 8 
1 0 7 2 6 4 5 3 9 8 
1 0 7 2 6 4 5 3 9 8 
1 0 7 2 6 4 5 3 9 8 
1 0 7 2 6 4 5 3 9 8 
1 0 7 2 6 4 5 3 9 8 
1 0 7 2 6 4 5 3 9 8 
1 0 7 2 6 4 5 3 9 8 
1 0 7 2 6 4 5 3 9 8 
1 0 7 2 6 4 5 3 9 8 
1 0 7 2 6 4 5 3 9 8 
1 0 7 2 6 4 5 3 9 8 
1 0 7 2 6 4 5 3 9 8 
1 0 7 2 6 4 5 3 9 8 
1 0 7 2 6 4 5 3 9 8 
1 0 7 2 6 4 5 3 9 8 
1 0 7 2 6 4 5 3 9 8 
1 0 7 2 6 4 5 3 9 8 
1 0 7 2 6 4 5 3 9 8 
1 0 7 2 6 4 5 3 9 8 
1 0 7 2 6 4 5 3 9 8 
1 0 7 2 6 4 5 3 9 8 
1 0 7 2 6 4 5 3 9 8 
1 0 7 2 6 4 5 3 9 8 
1 0 7 2 6 4 5 3 9 8 
1 0 7 2 6 4 5 3 9 8 
1 0 7 2 6 4 5 3 9 8 
0 1 2 9 3 4 5 6 7 8 
0 1 2 9 3 4 5 6 7 8 
0 1 2 9 3 4 5 6 7 8 
0 1 2 9 3 4 5 6 7 8 
0 1 2 9 3 4 5 6 7 8 
0 1 2 9 3 4 5 6 7 8 
0 1 2 9 3 4 5 6 7 8 
0 1 2 9 3 4 5 6 7 8 
0 1 2 9 3 4 5 6 7 8 
5 8 9 1 2 0 7 4 6 3 
5 8 9 1 2 0 7 4 6 3 
5 8 9 1 2 0 7 4 6 3 
5 8 9 1 2 0 7 4 6 3 
5 8 9 1 2 0 7 4 6 3 
5 8 9 1 2 0 7 4 6 3 
5 8 9 1 2 0 7 4 6 3 
5 8 9 1 2 0 7 4 6 3 
5 8 9 1 2 0 7 4 6 3 
5 8 9 1 2 0 7 4 6 3 
5 8 9 1 2 0 7 4 6 3 
5 8 9 1 2 0 7 4 6 3 
5 8 9 1 2 0 7 4 6 3 
5 8 9 1 2 0 7 4 6 3 
5 8 9 1 2 0 7 4 6 3 
5 8 9 1 2 0 7 4 6 3 
5 8 9 1 2 0 7 4 6 3 
5 8 9 1 2 0 7 4 6 3 
5 8 9 1 2 0 7 4 6 3 
5 8 9 1 2 0 7 4 6 3 
5 8 9 1 2 0 7 4 6 3 
5 8 9 1 2 0 7 4 6 3 
5 8 9 1 2 0 7 4 6 3 
5 8 9 1 2 0 7 4 6 3 
5 8 9 1 2 0 7 4 6 3 
5 8 9 1 2 0 7 4 6 3 
5 8 9 1 2 0 7 4 6 3 
5 8 9 1 2 0 7 4 6 3 
5 8 9 1 2 0 7 4 6 3 
5 8 9 1 2 0 7 4 6 3 
5 8 9 1 2 0 7 4 6 3 
5 8 9 1 2 0 7 4 6 3 
5 8 9 1 2 0 7 4 6 3 
5 8 9 1 2 0 7 4 6 3 
5 8 9 1 2 0 7 4 6 3 
5 8 9 1 2 0 7 4 6 3 
5 8 9 1 2 0 7 4 6 3 
5 8 9 1 2 0 7 4 6 3 
5 8 9 1 2 0 7 4 6 3 
6 5 8 3 2 1 7 9 0 4 
6 5 8 3 2 1 7 9 0 4 
6 5 8 3 2 1 7 9 0 4 
6 5 8 3 2 1 7 9 0 4 
6 5 8 3 2 1 7 9 0 4 
6 5 8 3 2 1 7 9 0 4 
6 5 8 3 2 1 7 9 0 4 
6 5 8 3 2 1 7 9 0 4 
6 5 8 3 2 1 7 9 0 4 
6 5 8 3 2 1 7 9 0 4 
6 5 8 3 2 1 7 9 0 4 
6 5 8 3 2 1 7 9 0 4 
6 5 8 3 2 1 7 9 0 4 
6 5 8 3 2 1 7 9 0 4 
6 5 8 3 2 1 7 9 0 4 
6 5 8 3 2 1 7 9 0 4 
