11 51 50 57 69 7 46 43 25 64 40 27 32 45 23 35 3 66 28 60 53 44 39 36 37 47 20 14 63 61 22 19 4 12 52 21 49 48 38 58 34 9 5 16 65 62 13 26 31 29 67 1 30 17 59 54 68 55 18 56 33 41 10 2 24 8 0 42 15 6 
67 29 7 46 69 43 25 11 51 50 64 27 40 32 3 35 23 45 2 10 41 33 54 68 55 56 18 58 38 48 34 21 49 52 4 12 19 22 61 26 14 63 53 44 60 28 39 36 47 37 31 20 62 13 65 16 5 9 66 1 30 15 59 17 42 24 8 6 0 57 
7 46 69 57 43 25 50 51 11 6 23 45 32 3 35 55 54 33 68 41 10 2 24 8 42 0 64 27 40 15 17 59 66 52 21 49 9 58 38 48 34 56 18 4 61 22 19 12 5 16 65 26 13 62 14 63 53 44 20 37 47 31 36 39 60 28 30 1 67 29 
52 48 34 58 38 21 49 56 18 55 54 68 33 41 10 2 3 35 23 45 32 17 59 28 60 39 30 1 15 25 43 69 57 51 50 64 27 40 0 42 8 24 6 11 7 46 67 29 36 47 37 31 62 14 26 13 63 53 44 20 61 22 19 4 12 9 5 65 16 66 
21 49 52 12 4 48 58 34 38 56 18 54 35 3 45 32 40 27 64 50 51 11 69 43 25 15 17 59 28 60 39 1 30 67 36 20 47 37 31 62 13 26 63 14 19 22 61 65 16 5 9 55 68 33 2 10 41 23 24 8 0 42 6 57 46 7 29 44 53 66 
6 0 42 40 27 64 50 51 11 25 30 1 67 60 28 59 3 35 54 33 23 45 32 15 17 66 9 34 48 38 58 18 56 55 68 41 10 2 24 8 49 21 52 12 4 5 65 16 61 22 19 63 26 13 14 62 31 36 39 44 53 20 47 37 29 46 7 43 57 69 
8 24 42 0 40 27 64 50 51 11 57 69 46 7 29 39 44 20 37 47 36 67 1 30 59 17 3 35 23 2 10 41 68 33 54 55 56 18 38 58 21 34 48 52 4 19 22 61 65 16 5 12 9 49 66 60 28 15 25 43 53 63 14 26 13 62 31 45 32 6 
47 37 20 31 62 13 26 14 63 53 44 60 15 28 64 50 51 11 57 25 43 69 46 7 29 67 1 30 39 59 17 66 49 21 38 48 52 4 12 5 22 61 19 65 16 9 34 58 56 18 55 68 54 33 35 3 32 45 23 2 10 41 8 24 42 0 40 27 6 36 
51 50 64 57 69 43 25 15 30 1 67 46 7 29 44 53 14 26 13 62 31 37 47 20 36 39 28 59 17 35 23 3 45 32 27 40 0 42 8 24 2 10 41 33 68 54 55 56 18 48 52 4 12 9 34 38 21 49 66 19 22 61 63 65 16 5 58 60 11 6 
6 0 42 45 3 35 23 10 41 55 68 33 54 56 18 58 9 48 38 34 21 49 52 22 61 63 14 13 26 62 31 37 20 47 36 29 46 7 69 43 25 57 51 50 64 27 40 32 17 59 28 15 30 1 67 39 44 53 60 66 19 4 12 5 16 65 2 24 8 11 
11 51 50 64 40 27 32 8 24 2 10 41 68 33 54 55 56 18 58 38 48 9 34 21 49 19 22 4 12 5 16 65 63 14 62 31 47 37 36 20 44 39 60 28 59 3 17 15 30 46 7 43 25 57 69 29 67 1 53 26 13 61 52 66 23 35 45 42 0 6 
7 46 69 25 43 57 11 51 50 64 27 40 0 42 8 24 10 2 35 54 33 68 55 56 18 58 38 21 49 48 34 9 12 4 22 61 16 65 5 52 19 63 14 62 13 26 53 44 36 47 37 31 20 39 1 30 15 60 28 59 17 66 3 32 45 23 41 6 67 29 
4 12 52 48 49 21 38 18 56 55 33 68 54 35 3 28 60 53 44 39 67 1 30 15 27 40 0 42 8 24 10 2 23 45 32 17 59 66 19 5 22 61 62 13 26 63 14 20 37 31 47 36 29 7 46 25 43 69 57 50 51 64 11 6 41 58 34 9 16 65 
28 60 44 53 39 1 30 15 27 25 43 7 46 69 57 64 50 51 11 6 40 42 0 8 24 10 2 23 35 3 59 17 32 45 55 33 68 54 41 56 18 58 38 34 48 21 49 52 9 4 12 5 65 16 22 19 61 63 14 26 13 62 31 47 37 20 36 29 67 66 
30 1 25 43 69 57 50 51 64 27 40 0 42 8 24 55 33 54 23 2 10 68 41 35 3 59 28 60 44 53 63 14 62 26 13 61 22 65 16 5 4 52 49 21 38 48 34 58 56 18 9 12 19 66 20 31 37 47 36 39 67 46 7 29 11 6 45 32 17 15 
42 8 24 32 40 50 51 11 57 25 43 69 46 7 29 67 1 30 15 28 60 53 44 39 36 47 37 20 31 62 13 26 63 14 61 22 4 12 9 48 38 18 56 68 54 33 41 10 2 45 35 3 23 55 58 34 49 21 52 5 16 65 19 66 59 17 27 64 0 6 
47 37 31 62 26 13 14 20 36 67 30 1 46 7 69 57 51 50 64 27 40 32 45 23 35 3 21 49 48 34 38 58 56 18 55 68 33 54 41 10 2 24 8 42 0 6 11 25 43 39 28 59 17 66 60 44 53 63 61 22 19 4 12 9 52 5 16 65 15 29 
56 18 21 49 48 34 58 38 55 68 33 54 10 41 35 3 17 32 40 0 64 27 15 28 60 30 1 67 36 39 44 53 63 14 26 13 62 37 20 47 31 29 7 46 69 57 43 25 50 51 11 6 42 8 24 2 23 45 59 66 4 12 52 19 61 22 5 16 65 9 
68 33 54 35 17 59 28 60 53 44 20 63 14 26 13 62 31 37 47 36 29 7 46 69 57 43 25 50 64 27 32 3 23 45 8 24 10 2 42 0 51 11 6 40 1 30 15 39 67 66 48 34 9 52 4 19 22 65 16 61 5 12 21 49 38 58 56 18 55 41 
44 53 14 63 26 13 62 31 37 20 47 36 39 30 25 43 69 7 46 57 50 51 11 6 42 40 32 45 23 2 10 33 68 55 18 58 38 49 21 48 52 4 61 22 19 65 16 12 5 9 34 56 54 35 3 59 17 28 60 66 41 8 24 0 64 27 15 1 67 29 
48 34 58 56 18 38 49 21 52 19 22 61 26 13 62 31 29 7 46 69 57 25 43 30 1 60 66 59 17 40 27 64 50 51 11 6 0 42 8 24 2 10 41 68 55 54 33 35 23 3 32 45 15 28 39 44 53 14 37 47 67 36 20 63 16 65 4 5 9 12 
1 67 39 60 28 17 59 3 23 35 33 55 56 18 58 38 21 49 52 48 34 9 12 4 19 22 5 65 16 61 13 26 62 31 37 47 36 20 53 44 66 14 63 15 27 64 50 51 0 40 32 2 10 41 68 54 45 24 8 42 6 11 69 46 7 43 25 57 30 29 
29 67 1 30 25 15 17 3 35 23 27 64 0 42 24 8 45 41 10 2 68 33 54 55 56 18 58 34 38 21 49 48 9 12 4 22 61 19 63 14 53 44 39 60 28 59 66 52 5 65 16 26 13 62 31 20 37 47 36 7 46 69 43 57 51 50 11 6 40 32 
64 11 51 50 0 40 42 8 24 45 32 27 15 59 17 3 35 23 2 10 41 33 54 68 55 18 56 38 58 48 34 9 52 4 19 66 53 44 39 30 1 67 29 47 37 31 20 14 63 26 13 62 61 22 65 16 5 12 21 49 28 60 36 7 69 46 25 43 57 6 
46 7 69 57 51 11 50 64 32 45 24 8 42 40 27 15 30 1 39 44 53 60 28 59 17 3 35 23 54 55 68 33 10 2 41 18 56 21 49 38 58 34 9 48 52 66 61 4 12 5 22 65 16 19 63 14 26 13 62 31 37 47 36 20 67 29 43 25 0 6 
46 7 69 57 43 25 15 30 17 59 28 60 39 44 53 26 13 62 31 47 37 20 14 63 61 22 4 52 9 48 38 58 56 18 55 68 41 33 54 35 23 2 10 45 32 40 0 51 11 6 50 64 27 42 8 24 3 49 21 34 5 12 16 65 19 66 1 67 36 29 
5 12 4 19 22 61 63 14 26 13 62 31 37 36 47 20 44 60 28 15 30 1 67 46 7 69 43 25 64 50 51 0 40 27 32 45 10 2 23 35 3 17 59 66 52 49 21 38 58 18 56 55 68 54 33 41 24 8 42 6 11 57 29 39 53 48 34 9 65 16 
5 12 4 19 22 61 63 14 26 13 62 31 37 36 47 20 44 60 28 15 30 1 67 46 7 69 43 25 64 50 51 0 40 27 32 45 10 2 23 35 3 17 59 66 52 49 21 38 58 18 56 55 68 54 33 41 24 8 42 6 11 57 29 39 53 48 34 9 65 16 
37 47 20 62 13 26 14 63 19 65 16 22 61 4 12 5 9 34 58 38 21 49 52 48 54 33 68 55 56 18 41 10 2 45 32 0 42 50 51 64 43 25 30 1 67 15 27 40 17 59 28 60 53 44 39 36 29 7 46 69 57 11 6 8 24 23 3 35 66 31 
7 46 69 43 25 64 50 51 11 57 40 27 15 28 60 39 44 53 63 14 26 13 62 31 37 47 20 36 67 1 30 17 59 3 35 33 68 54 55 41 6 0 42 8 24 10 2 23 45 32 66 48 52 12 4 19 22 61 65 16 5 9 34 38 58 18 56 21 49 29 
8 24 45 23 2 10 41 33 68 55 56 18 58 34 38 21 49 35 3 66 44 53 60 28 59 17 32 27 64 15 30 1 39 36 20 37 47 31 62 13 26 14 63 4 12 9 48 5 22 61 65 16 19 52 54 40 0 50 51 11 57 43 25 69 46 7 29 67 42 6 
32 17 59 28 60 39 30 15 27 40 0 42 45 2 10 33 68 55 38 58 21 49 4 12 9 52 19 61 22 5 65 16 26 13 62 14 63 53 44 20 31 47 37 36 1 67 29 46 7 69 43 25 64 50 51 11 57 6 8 24 23 3 35 66 48 34 18 56 41 54 
61 22 5 19 4 12 9 48 21 49 52 34 38 58 56 18 54 55 68 33 41 10 2 23 35 3 45 32 59 17 28 60 44 53 63 14 13 62 20 31 37 47 36 1 30 15 27 40 0 50 51 11 6 42 24 8 64 25 43 57 69 46 7 29 67 39 66 65 16 26 
45 32 17 59 28 60 53 63 14 13 26 62 31 20 37 47 36 39 1 30 15 25 27 64 50 51 11 57 43 69 46 7 29 67 44 49 21 48 38 56 18 58 34 9 52 4 5 12 22 19 61 65 16 66 35 23 2 10 33 68 55 54 41 24 8 42 0 40 6 3 
27 64 25 43 1 30 67 29 39 20 47 36 37 31 62 13 26 63 14 53 44 60 28 59 17 15 35 3 66 49 21 56 18 58 38 48 19 22 61 65 16 5 52 4 12 9 34 55 68 54 33 41 10 2 23 45 8 24 42 0 40 32 69 57 50 51 11 6 7 46 
44 39 36 28 59 17 15 64 50 51 40 27 32 45 3 35 23 33 68 54 55 21 49 52 4 12 48 61 22 5 19 16 65 13 26 62 63 14 31 37 20 47 29 67 1 30 25 43 46 7 69 57 11 6 0 42 8 24 2 10 41 18 56 58 38 34 9 60 53 66 
5 12 4 22 61 19 60 28 59 3 35 23 45 32 27 64 25 43 7 46 69 57 50 51 11 6 42 40 0 24 8 10 2 33 54 41 68 55 56 18 58 38 48 34 9 52 21 49 66 17 15 30 1 14 63 26 13 62 31 37 47 36 44 53 39 67 29 20 65 16 
21 49 48 38 58 34 9 5 22 12 4 52 19 16 65 61 13 31 62 26 14 63 53 60 28 59 17 3 35 45 23 54 33 68 55 56 18 41 2 10 32 40 27 51 50 64 0 42 24 8 6 11 57 69 7 46 25 43 30 1 67 29 36 47 37 20 44 39 15 66 
29 7 46 69 57 43 25 30 1 67 36 39 44 53 60 28 59 3 35 23 2 10 41 33 54 68 55 56 18 58 38 34 48 52 12 4 19 22 63 14 20 37 31 62 26 13 16 65 61 5 9 49 21 27 32 45 8 24 42 40 0 50 51 11 6 64 15 17 66 47 
14 63 26 13 62 31 37 47 36 20 44 53 60 28 59 17 32 40 27 64 25 43 69 57 51 50 11 6 0 42 45 23 33 54 68 55 49 21 38 48 52 4 12 9 34 58 56 18 41 24 8 10 2 35 3 15 30 1 67 39 7 46 29 61 22 19 66 5 16 65 
32 40 0 42 27 15 28 60 53 44 39 30 1 67 46 7 29 36 47 37 20 31 62 13 26 14 63 61 19 22 12 4 5 65 16 9 34 48 52 49 21 38 58 56 18 68 41 45 23 2 10 33 54 55 35 3 17 59 66 25 43 57 69 11 51 50 64 6 8 24 
46 7 69 57 43 25 64 50 11 51 0 40 27 32 15 30 1 39 44 53 60 28 17 59 3 35 23 45 2 10 41 68 55 48 38 34 9 12 5 4 22 19 61 65 16 26 13 62 31 47 36 20 37 14 63 66 52 21 49 58 18 56 54 33 8 24 42 6 67 29 
7 46 69 43 25 30 1 67 39 44 53 63 14 26 62 13 31 37 47 20 36 15 28 60 59 17 32 45 2 10 41 68 33 54 35 23 55 56 18 58 34 9 38 21 49 48 52 4 19 61 22 5 16 65 12 66 3 8 24 42 6 0 40 50 51 11 64 27 57 29 
1 67 46 7 69 57 51 50 64 25 43 30 39 66 28 59 17 32 45 23 35 3 2 10 33 54 68 41 55 56 18 58 38 21 49 48 9 34 52 12 4 22 19 61 63 14 53 44 20 37 47 36 31 62 13 26 16 65 5 60 15 27 40 0 42 8 24 6 11 29 
38 58 56 18 21 49 48 52 9 12 4 19 22 61 53 44 20 36 39 59 1 30 15 28 60 66 35 3 17 40 0 51 50 43 25 64 27 32 45 23 55 54 33 68 41 10 2 24 8 42 6 11 57 69 46 7 67 29 47 37 31 62 13 26 14 63 5 16 65 34 
62 13 26 63 14 20 37 47 36 44 39 60 28 59 17 32 3 35 54 38 49 52 19 4 61 22 16 65 5 12 9 48 21 34 58 56 18 55 68 33 23 2 10 41 45 40 27 64 15 30 1 67 29 46 7 69 57 43 25 51 50 11 6 0 42 8 24 66 53 31 
63 53 44 39 60 28 59 17 3 35 23 45 32 64 50 51 11 6 0 42 40 27 24 8 2 10 41 33 54 68 55 18 56 58 38 34 9 48 21 49 52 4 22 61 66 26 13 62 14 31 37 47 36 20 67 46 7 69 57 43 25 30 15 1 29 19 12 5 16 65 
15 32 45 23 35 3 59 17 28 60 39 44 53 36 47 37 31 20 14 26 13 62 63 61 22 4 12 9 52 48 21 49 38 58 34 18 56 55 68 54 33 41 10 2 24 8 42 0 40 11 51 50 64 25 43 46 7 69 57 6 27 30 1 67 29 16 65 5 19 66 
59 17 3 35 23 45 32 27 40 0 51 50 25 64 15 30 1 39 60 44 53 14 26 13 62 31 20 47 37 65 16 19 22 61 5 12 4 52 9 48 49 21 38 34 58 56 18 55 68 54 33 10 2 41 24 8 42 6 11 57 43 69 46 7 67 29 36 63 66 28 
54 68 55 56 58 18 38 48 52 12 4 19 22 5 16 65 61 63 14 26 13 62 31 37 47 36 20 39 30 1 67 29 7 46 69 11 51 50 64 25 43 57 32 27 40 45 3 35 23 33 41 10 2 24 8 42 0 6 15 28 60 53 44 66 59 17 49 21 34 9 
5 4 12 9 34 58 38 21 49 54 33 35 3 17 59 28 60 1 30 25 64 27 40 0 11 51 50 57 43 69 7 46 29 67 36 20 47 37 31 62 13 26 14 63 61 22 19 53 44 39 15 32 45 23 24 8 42 6 10 2 41 68 55 56 18 48 52 66 16 65 
7 46 69 57 50 51 11 0 40 42 32 17 3 35 59 28 60 1 30 15 27 64 25 43 29 67 14 63 26 13 62 31 37 47 20 36 39 44 53 66 19 4 22 61 65 16 12 5 52 9 34 48 56 18 58 38 21 49 55 68 33 54 41 10 2 23 45 24 8 6 
30 1 67 46 7 69 57 43 25 64 27 50 51 11 6 0 42 8 24 10 2 23 45 32 40 3 35 17 59 28 60 53 44 20 37 47 31 62 26 13 65 16 5 4 12 52 38 34 58 18 56 55 68 41 33 54 49 21 48 9 19 22 61 63 14 15 39 36 29 66 
15 17 59 28 60 44 36 20 37 47 31 14 53 63 61 22 19 4 12 5 16 65 26 13 62 39 30 1 25 43 57 50 51 11 64 27 40 42 8 24 10 2 23 54 68 33 41 55 56 18 58 48 34 9 52 38 21 49 66 35 3 32 45 0 6 69 7 46 67 29 
3 35 23 33 41 10 2 45 32 40 27 64 50 51 11 57 43 25 30 1 67 29 46 7 69 39 44 53 49 21 52 48 38 18 56 58 34 9 12 4 22 19 5 16 65 61 63 20 36 47 37 31 62 13 26 14 60 28 59 17 66 54 55 68 24 8 42 0 6 15 
67 46 7 43 25 64 50 51 11 6 0 40 27 15 30 1 39 44 53 63 14 20 47 37 31 62 13 26 60 28 59 17 3 35 23 2 45 32 42 8 24 10 41 33 68 54 55 18 56 58 34 38 48 52 4 12 5 22 19 61 16 65 9 21 49 66 36 29 69 57 
15 17 59 3 35 23 45 42 27 64 25 43 57 69 7 46 1 30 28 60 44 53 14 20 47 37 31 62 26 13 63 36 39 67 29 50 51 11 6 0 40 32 33 54 68 55 56 18 58 48 34 38 21 49 52 9 12 4 5 16 65 61 22 19 66 41 10 2 8 24 
52 9 34 48 21 49 38 58 56 18 33 68 54 55 41 10 2 24 8 42 0 40 32 27 64 50 69 7 46 25 43 15 30 1 67 39 36 53 44 20 47 37 31 62 13 26 14 63 61 22 12 4 5 16 65 19 60 28 59 17 3 35 23 45 6 11 51 57 29 66 
51 50 57 25 43 69 7 46 67 1 30 15 28 60 53 63 14 26 13 62 31 37 47 20 36 29 39 44 19 22 61 65 16 12 4 52 48 21 49 35 23 2 10 33 68 54 55 56 18 58 38 34 9 5 66 59 17 3 45 32 0 40 27 64 42 8 24 41 6 11 
51 50 27 64 25 43 69 46 7 1 30 15 28 59 17 32 45 35 3 33 68 55 18 56 58 38 21 49 48 52 19 22 61 4 12 9 34 5 16 65 14 63 26 13 62 31 37 47 36 39 44 53 60 66 54 41 10 2 23 24 8 40 0 42 6 11 57 67 29 20 
20 36 15 25 43 69 46 7 57 51 11 50 64 27 40 32 45 23 35 3 17 59 28 60 53 44 39 1 30 67 29 47 37 31 62 13 26 14 63 61 19 4 12 38 58 56 18 48 21 49 55 68 33 54 41 10 2 8 24 42 0 6 66 52 34 9 5 16 65 22 
15 64 25 43 69 57 50 51 11 6 0 40 42 24 8 2 23 35 41 33 68 55 54 49 21 48 38 56 18 58 34 9 5 12 4 52 19 61 22 65 16 14 63 26 13 62 31 37 47 20 36 39 44 53 30 1 67 46 7 29 60 28 59 3 17 32 45 10 27 66 
60 28 59 17 32 45 23 35 0 40 27 64 43 25 51 50 11 57 69 7 46 29 36 20 37 31 47 26 13 62 14 63 22 61 19 52 12 4 5 16 65 9 58 48 38 34 18 56 55 68 33 54 2 10 41 8 24 42 6 15 30 1 67 39 44 53 66 21 49 3 
31 20 47 37 36 39 60 44 53 15 28 59 17 27 40 0 42 24 8 10 2 41 68 54 33 55 56 18 38 34 58 48 21 49 35 23 45 32 51 50 64 25 43 30 1 67 29 7 46 69 57 11 6 3 66 4 61 22 19 12 52 9 5 16 65 13 26 14 63 62 
24 8 45 32 3 35 23 10 2 41 33 68 54 55 56 18 48 38 58 34 9 12 4 19 61 22 5 16 65 26 13 62 31 47 36 44 53 60 28 59 17 30 1 39 69 43 25 50 11 51 57 46 7 29 67 20 37 14 63 66 49 21 52 15 27 40 0 64 42 6 
25 43 57 51 11 6 0 27 32 45 24 8 2 10 33 54 21 49 48 38 34 58 56 18 68 55 35 3 17 59 28 15 30 1 67 39 44 53 60 66 19 4 52 12 9 5 22 61 65 16 14 63 26 62 13 31 37 47 20 36 29 7 46 69 64 50 40 42 23 41 
49 21 38 18 56 55 54 68 33 10 2 23 35 3 32 45 8 24 30 1 67 36 47 37 31 62 13 26 63 14 20 39 44 53 28 59 17 15 25 43 64 27 40 0 42 6 11 51 50 57 69 46 7 29 66 19 22 4 12 9 48 34 58 41 60 61 16 65 5 52 
45 23 35 3 28 60 44 39 67 46 7 69 57 11 50 51 64 25 43 30 1 15 32 59 17 40 42 8 24 2 10 41 33 54 68 55 56 18 34 58 38 48 21 49 52 9 12 4 22 19 65 16 5 61 63 14 26 13 62 47 37 20 36 29 31 53 66 27 0 6 
36 20 37 47 31 62 26 13 14 63 53 44 60 28 59 17 15 30 1 46 7 69 43 25 64 50 57 51 11 6 40 0 42 8 24 2 41 33 54 55 68 56 18 58 34 9 12 4 22 61 16 65 5 48 38 21 49 52 19 66 35 3 32 45 23 10 27 39 67 29 
56 18 58 34 48 52 9 49 21 38 4 12 5 22 61 19 65 16 63 14 62 26 13 31 37 47 20 44 53 60 28 15 40 42 0 51 50 64 27 32 17 59 3 35 23 33 68 41 10 2 45 24 8 6 11 57 69 43 25 30 1 67 39 36 46 7 29 66 54 55 
30 44 53 60 28 66 59 17 3 40 42 0 51 50 64 27 32 45 23 35 49 21 48 34 52 4 19 22 61 65 16 5 12 9 18 56 55 68 38 58 54 33 41 10 2 24 8 6 11 57 69 7 46 43 25 1 67 36 47 37 20 31 62 13 26 63 14 39 15 29 
17 59 28 60 44 39 53 19 22 61 63 14 26 13 62 31 37 47 20 36 67 1 30 15 27 32 45 33 23 2 10 24 8 42 40 0 6 50 51 11 57 43 25 69 46 7 29 66 52 12 4 5 65 16 48 34 9 49 21 38 58 56 18 55 68 41 54 35 3 64 
6 51 50 64 27 15 17 59 28 60 39 1 30 25 43 69 46 7 67 29 36 47 37 31 62 13 26 14 63 19 61 22 4 12 5 16 65 21 49 33 68 55 38 58 56 18 34 9 48 52 54 35 23 2 10 41 24 8 45 32 0 42 40 3 66 53 44 20 57 11 
55 68 54 33 41 2 23 45 32 27 40 17 59 28 60 39 44 53 63 14 26 62 13 31 20 37 47 36 29 67 1 30 15 25 43 46 7 69 57 51 50 11 6 0 64 3 35 49 21 38 58 56 18 34 9 48 52 4 12 5 65 16 61 22 19 66 10 8 24 42 
11 51 50 15 27 64 40 0 42 8 24 2 10 33 41 68 54 35 3 17 59 28 60 1 67 69 57 25 43 46 7 29 31 37 47 36 20 13 26 62 14 63 61 4 22 19 65 16 5 12 9 34 48 21 38 58 18 56 55 49 52 66 53 44 39 30 32 45 23 6 
32 45 23 35 3 40 11 50 64 27 0 42 8 24 2 10 33 68 54 55 56 18 58 38 21 49 52 48 34 9 12 4 5 16 65 22 61 63 14 26 13 62 31 37 47 20 36 39 1 30 15 59 28 60 44 53 19 66 17 57 69 7 46 67 29 25 43 51 6 41 
11 51 50 64 27 25 43 57 69 7 46 67 29 36 47 37 31 20 44 53 60 28 17 59 32 40 0 42 8 24 2 10 41 68 33 23 3 35 54 55 18 56 58 38 21 49 52 48 34 9 12 4 5 22 61 26 13 62 63 14 19 16 65 66 1 30 39 15 45 6 
40 27 64 11 51 50 57 25 43 69 46 7 36 47 37 31 20 44 53 63 14 26 13 62 65 16 22 61 4 12 52 48 21 49 56 18 38 58 34 9 5 19 66 60 28 59 17 15 30 1 67 39 29 42 32 45 23 35 3 54 33 68 55 41 10 2 24 8 6 0 
66 28 59 60 53 44 14 63 26 13 62 31 37 47 20 36 39 1 30 64 25 43 57 50 51 11 6 42 8 24 2 10 41 33 68 55 18 56 21 49 52 12 9 34 38 48 58 54 23 35 3 17 32 45 40 0 27 15 7 69 46 67 29 4 22 19 61 65 16 5 
19 22 61 65 16 5 4 12 52 49 21 9 48 34 38 58 56 18 33 54 55 68 41 10 2 23 35 3 45 60 53 44 36 37 47 31 62 26 13 63 14 20 39 15 25 43 64 50 51 11 0 40 27 32 17 59 28 30 1 67 29 7 46 69 57 42 8 24 6 66 
57 50 51 11 64 27 43 25 30 1 67 29 47 37 20 36 44 53 60 28 66 59 17 3 35 23 54 68 33 10 2 41 55 56 18 58 38 21 49 52 48 34 9 12 4 5 22 19 61 65 16 26 13 62 31 14 63 39 7 69 46 15 32 45 42 8 24 6 0 40 
57 43 25 50 51 11 6 42 40 27 64 0 35 23 33 68 54 55 18 56 21 49 38 58 34 48 9 52 12 4 19 22 5 16 65 61 63 14 26 13 62 20 47 37 31 36 39 1 30 15 28 59 17 32 45 24 8 10 2 41 3 66 53 44 60 67 7 46 69 29 
59 17 32 45 27 64 50 51 11 6 40 0 42 24 8 2 10 41 33 68 54 55 56 18 58 38 21 49 48 34 9 52 12 4 22 19 5 16 65 61 26 13 62 14 63 44 53 66 3 35 23 28 60 39 1 30 15 25 43 69 57 46 7 67 36 20 47 37 31 29 
53 60 28 59 17 3 35 23 45 54 68 33 55 56 18 38 58 34 9 48 21 49 52 4 19 61 22 12 5 65 16 63 14 26 13 62 31 47 37 20 44 39 36 67 46 7 69 57 11 51 50 40 0 42 8 24 2 10 41 32 27 64 25 43 6 15 30 1 29 66 
45 23 35 3 28 60 44 39 67 46 7 69 57 11 50 51 64 25 43 30 1 15 32 59 17 40 42 8 24 2 10 41 33 54 68 55 56 18 34 58 38 48 21 49 52 9 12 4 22 19 65 16 5 61 63 14 26 13 62 47 37 20 36 29 31 53 66 27 0 6 
54 33 68 55 56 18 38 58 34 9 48 21 49 66 53 60 28 36 47 37 20 31 62 14 63 19 22 5 4 12 52 61 65 16 13 26 44 39 15 27 50 64 43 46 69 7 57 25 30 1 67 29 59 17 3 35 23 45 32 40 42 0 51 11 6 8 24 2 10 41 
3 35 23 33 68 54 49 21 48 52 4 22 61 19 53 44 60 28 59 17 32 40 27 64 25 43 46 7 69 57 11 50 51 0 42 45 24 8 6 15 30 1 67 29 36 20 37 47 39 66 14 26 13 62 31 63 65 16 5 12 9 34 38 58 56 18 55 41 10 2 
23 45 32 17 28 60 44 53 66 61 22 19 48 9 58 38 21 49 52 12 4 5 65 16 13 26 14 63 62 31 37 47 36 67 46 7 69 43 25 64 27 40 0 42 24 8 2 10 41 33 68 56 18 34 55 54 35 3 59 15 30 1 39 20 29 57 50 51 11 6 
19 4 12 52 38 18 56 58 34 48 21 49 66 60 28 59 17 3 35 23 2 10 41 68 55 54 33 45 32 40 0 42 24 8 6 57 43 25 64 50 51 11 27 15 1 46 7 69 29 36 39 30 67 53 44 37 47 20 31 62 26 13 14 63 61 22 5 16 65 9 
35 3 17 59 28 60 44 53 14 63 26 13 62 31 47 37 20 36 39 30 1 67 29 7 46 69 43 25 15 64 27 40 0 42 6 11 50 51 32 45 68 55 56 18 58 38 21 49 52 48 34 9 12 4 19 22 61 65 16 5 66 54 33 41 10 2 23 24 8 57 
56 18 58 38 21 49 12 9 48 52 4 19 22 61 5 16 65 63 14 26 62 13 31 37 47 20 44 53 60 28 59 17 3 35 23 2 33 54 68 55 41 10 8 24 45 32 27 40 0 42 64 15 1 30 25 43 57 69 46 7 67 39 36 29 50 51 11 6 66 34 
3 35 23 41 33 68 55 18 56 58 38 21 49 52 48 34 9 5 12 4 22 16 65 13 26 62 14 63 61 19 66 53 60 28 15 27 50 64 25 43 69 57 46 7 67 1 30 39 44 31 37 47 36 20 29 51 11 6 40 0 42 24 8 45 17 59 32 10 2 54 
6 11 51 64 25 43 57 69 7 46 1 30 28 60 53 66 59 17 32 45 8 24 10 2 3 35 23 41 33 68 54 55 21 49 48 34 38 58 18 56 52 9 12 4 19 22 61 5 16 65 63 14 62 13 26 44 39 36 47 37 20 31 29 67 15 27 40 42 0 50 
59 17 32 27 40 0 51 50 11 6 42 8 24 10 2 54 68 33 55 56 18 58 38 34 9 12 4 19 61 22 65 16 5 52 48 49 21 35 3 23 45 64 25 43 57 69 7 46 29 67 1 30 15 28 60 44 53 14 63 26 13 62 31 20 37 47 36 39 66 41 
67 46 69 57 50 64 27 40 0 51 11 42 8 24 10 2 45 23 33 68 54 35 3 17 59 66 32 15 30 1 39 60 28 44 53 63 14 20 36 47 37 31 62 13 26 61 22 19 4 12 5 16 65 52 48 9 34 58 38 21 49 56 18 55 41 6 43 25 7 29 
67 1 30 25 43 69 57 50 11 51 64 40 0 42 8 24 45 32 23 54 68 55 56 18 58 38 21 49 52 12 4 22 61 19 16 65 5 9 34 48 33 2 10 41 35 3 17 59 66 53 44 60 28 15 27 6 46 7 29 39 36 47 37 31 20 62 13 26 63 14 
13 26 62 31 37 47 36 20 14 63 65 16 5 12 4 19 22 61 52 48 21 49 38 58 34 9 56 18 55 68 54 33 35 3 17 59 28 60 44 53 66 39 30 1 25 43 46 7 29 67 69 57 64 27 50 51 11 6 0 40 32 45 23 2 10 41 24 8 42 15 
42 0 51 11 6 50 64 27 40 32 45 23 2 10 41 68 33 55 54 35 3 66 59 17 15 60 44 53 63 14 26 13 62 31 37 47 20 36 39 1 30 43 25 57 69 46 7 29 67 28 38 48 21 49 52 12 4 19 22 61 65 16 5 9 34 58 56 18 8 24 
19 22 61 63 14 26 13 62 31 20 37 47 36 39 60 28 59 30 1 67 29 46 7 69 57 25 43 64 40 27 32 17 3 35 23 45 42 0 50 51 11 6 8 24 2 10 41 33 54 49 21 38 58 34 56 18 55 68 48 52 12 4 5 65 16 9 66 53 44 15 
42 32 17 59 28 60 39 44 53 63 14 31 37 47 29 46 7 69 57 50 51 40 27 64 43 25 0 6 11 45 35 3 23 2 10 41 68 33 54 55 18 56 38 48 49 21 58 34 9 52 12 5 22 61 19 4 65 16 26 62 13 20 36 67 1 30 15 66 24 8 
