2 8 5 1 4 7 6 0 3 
7 4 1 6 5 0 3 2 8 
0 2 8 5 6 3 1 7 4 
3 0 7 1 8 2 4 5 6 
3 0 7 1 8 2 4 5 6 
3 0 7 1 8 2 4 5 6 
3 0 7 1 8 2 4 5 6 
3 0 7 1 8 2 4 5 6 
3 0 7 1 8 2 4 5 6 
3 0 7 1 8 2 4 5 6 
3 0 7 1 8 2 4 5 6 
3 0 7 1 8 2 4 5 6 
3 0 7 1 8 2 4 5 6 
3 0 7 1 8 2 4 5 6 
3 0 7 1 8 2 4 5 6 
3 0 7 1 8 2 4 5 6 
3 0 7 1 8 2 4 5 6 
3 0 7 1 8 2 4 5 6 
3 0 7 1 8 2 4 5 6 
3 0 7 1 8 2 4 5 6 
3 0 7 1 8 2 4 5 6 
3 0 7 1 8 2 4 5 6 
3 0 7 1 8 2 4 5 6 
3 0 7 1 8 2 4 5 6 
3 0 7 1 8 2 4 5 6 
3 0 7 1 8 2 4 5 6 
3 0 7 1 8 2 4 5 6 
3 0 7 1 8 2 4 5 6 
3 0 7 1 8 2 4 5 6 
3 0 7 1 8 2 4 5 6 
3 0 7 1 8 2 4 5 6 
3 0 7 1 8 2 4 5 6 
3 0 7 1 8 2 4 5 6 
3 0 7 1 8 2 4 5 6 
3 0 7 1 8 2 4 5 6 
3 0 7 1 8 2 4 5 6 
3 0 7 1 8 2 4 5 6 
3 0 7 1 8 2 4 5 6 
3 0 7 1 8 2 4 5 6 
3 0 7 1 8 2 4 5 6 
3 0 7 1 8 2 4 5 6 
3 0 7 1 8 2 4 5 6 
3 0 7 1 8 2 4 5 6 
3 0 7 1 8 2 4 5 6 
3 0 7 1 8 2 4 5 6 
3 0 7 1 8 2 4 5 6 
3 0 7 1 8 2 4 5 6 
3 0 7 1 8 2 4 5 6 
3 0 7 1 8 2 4 5 6 
3 0 7 1 8 2 4 5 6 
3 0 7 1 8 2 4 5 6 
3 0 7 1 8 2 4 5 6 
3 0 7 1 8 2 4 5 6 
3 0 7 1 8 2 4 5 6 
3 0 7 1 8 2 4 5 6 
3 0 7 1 8 2 4 5 6 
3 0 7 1 8 2 4 5 6 
3 0 7 1 8 2 4 5 6 
3 0 7 1 8 2 4 5 6 
3 0 7 1 8 2 4 5 6 
3 0 7 1 8 2 4 5 6 
3 0 7 1 8 2 4 5 6 
3 0 7 1 8 2 4 5 6 
3 0 7 1 8 2 4 5 6 
3 0 7 1 8 2 4 5 6 
3 0 7 1 8 2 4 5 6 
3 0 7 1 8 2 4 5 6 
3 0 7 1 8 2 4 5 6 
3 0 7 1 8 2 4 5 6 
3 0 7 1 8 2 4 5 6 
3 0 7 1 8 2 4 5 6 
3 0 7 1 8 2 4 5 6 
3 0 7 1 8 2 4 5 6 
3 0 7 1 8 2 4 5 6 
3 0 7 1 8 2 4 5 6 
3 0 7 1 8 2 4 5 6 
3 0 7 1 8 2 4 5 6 
3 0 7 1 8 2 4 5 6 
3 0 7 1 8 2 4 5 6 
3 0 7 1 8 2 4 5 6 
3 0 7 1 8 2 4 5 6 
3 0 7 1 8 2 4 5 6 
3 0 7 1 8 2 4 5 6 
3 0 7 1 8 2 4 5 6 
3 0 7 1 8 2 4 5 6 
3 0 7 1 8 2 4 5 6 
3 0 7 1 8 2 4 5 6 
3 0 7 1 8 2 4 5 6 
3 0 7 1 8 2 4 5 6 
3 0 7 1 8 2 4 5 6 
3 0 7 1 8 2 4 5 6 
3 0 7 1 8 2 4 5 6 
3 0 7 1 8 2 4 5 6 
3 0 7 1 8 2 4 5 6 
3 0 7 1 8 2 4 5 6 
3 0 7 1 8 2 4 5 6 
3 0 7 1 8 2 4 5 6 
3 0 7 1 8 2 4 5 6 
4 7 1 6 0 5 3 2 8 
4 7 1 6 0 5 3 2 8 
