41 51 59 8 32 3 22 30 28 0 57 56 18 45 6 40 34 17 43 14 27 55 24 13 7 50 19 38 20 4 1 52 42 54 5 25 2 36 21 48 9 58 47 16 46 53 37 39 15 29 49 44 10 26 11 33 23 12 35 31 
9 51 53 46 18 47 16 54 5 34 59 28 39 27 33 30 43 44 3 0 13 25 11 19 56 40 22 1 4 24 20 48 37 35 12 58 23 10 32 8 31 26 52 49 6 41 15 29 50 2 57 42 14 36 38 55 17 7 45 21 
1 3 39 43 11 2 42 44 53 55 35 46 29 0 28 5 6 40 54 21 7 30 33 4 9 27 52 10 49 15 12 22 24 26 48 19 13 8 16 51 17 20 18 50 41 23 47 37 25 31 32 34 36 45 38 56 57 58 59 14 
4 29 19 49 47 5 12 21 42 16 54 2 7 13 0 30 9 25 28 27 10 22 18 11 51 24 56 14 43 33 15 44 40 34 35 52 17 1 23 53 26 38 45 55 31 32 8 57 37 39 41 6 48 36 58 59 3 46 20 50 
4 29 19 49 47 5 12 21 42 16 54 2 7 13 0 30 9 25 28 27 10 22 18 11 51 24 56 14 43 33 15 44 40 34 35 52 17 1 23 53 26 38 45 55 31 32 8 57 37 39 41 6 48 36 58 59 3 46 20 50 
42 31 46 12 10 57 26 6 58 52 15 45 51 16 7 55 38 4 33 14 2 36 21 41 11 29 49 54 20 59 24 30 22 50 53 27 40 13 19 5 3 37 23 39 35 47 43 48 25 34 8 32 9 18 0 28 44 1 17 56 
27 55 7 41 8 51 57 45 38 40 43 0 18 17 48 56 4 23 29 42 11 14 2 10 26 15 34 6 31 12 54 20 21 53 25 33 39 37 9 1 28 5 52 16 59 49 35 46 22 24 47 44 58 3 32 30 50 13 36 19 
9 51 53 46 18 47 16 54 5 34 59 28 39 27 33 30 43 44 3 0 13 25 11 19 56 40 22 1 4 24 20 48 37 35 12 58 23 10 32 8 31 26 52 49 6 41 15 29 50 2 57 42 14 36 38 55 17 7 45 21 
9 51 53 46 18 47 16 54 5 34 59 28 39 27 33 30 43 44 3 0 13 25 11 19 56 40 22 1 4 24 20 48 37 35 12 58 23 10 32 8 31 26 52 49 6 41 15 29 50 2 57 42 14 36 38 55 17 7 45 21 
50 7 21 18 41 28 30 25 58 32 11 31 16 47 53 46 17 36 55 26 44 13 57 27 42 12 45 22 56 54 37 38 14 59 51 15 29 39 33 43 19 49 9 20 48 5 34 40 2 4 0 52 24 8 6 1 23 35 3 10 
22 21 26 52 6 46 44 23 35 58 2 25 57 8 11 31 56 19 48 20 34 5 47 18 38 45 55 54 27 30 41 49 10 28 7 3 53 16 51 36 4 33 13 50 43 24 17 14 42 40 9 29 39 59 32 12 15 1 0 37 
21 58 42 40 44 1 16 46 56 13 35 31 10 11 20 7 2 12 39 29 3 55 4 5 54 17 51 26 23 37 45 28 32 36 53 18 25 43 6 22 8 9 52 48 38 30 59 49 47 14 15 41 19 57 33 24 27 0 50 34 
2 53 58 9 28 8 3 12 40 7 39 33 4 5 31 6 27 26 42 16 10 19 20 52 11 29 45 55 38 18 13 57 56 14 25 24 15 59 49 23 17 36 21 34 22 30 51 46 32 47 35 37 41 50 43 44 48 54 0 1 
35 3 30 47 12 33 13 37 51 49 28 48 43 17 55 24 23 52 14 20 54 25 39 44 15 41 8 10 34 31 6 0 22 26 42 1 29 53 57 32 46 16 38 19 7 18 56 11 59 45 27 5 21 40 58 2 50 36 9 4 
30 12 15 3 25 0 42 48 22 44 50 19 38 55 10 1 32 23 53 35 46 28 36 51 29 24 5 2 58 52 4 31 47 18 41 37 14 20 6 45 33 11 7 13 57 8 40 27 39 9 16 17 56 26 21 34 54 43 49 59 
14 8 16 56 37 32 2 20 36 6 43 9 34 48 58 40 25 28 29 59 51 24 53 41 3 57 38 50 17 35 23 26 11 4 10 21 5 54 47 55 42 45 7 18 33 52 22 15 12 39 27 13 19 49 30 46 31 44 0 1 
37 3 59 29 1 24 35 4 12 34 21 2 33 7 56 31 47 5 6 13 28 40 18 50 25 43 22 45 19 17 16 58 8 14 30 48 9 54 39 10 53 38 49 44 41 32 11 51 15 0 52 36 23 26 27 46 42 55 57 20 
11 18 27 15 3 20 22 41 43 59 13 48 14 49 50 35 37 36 25 21 16 55 53 31 58 52 57 6 19 30 23 47 4 38 17 28 29 39 8 46 33 44 56 54 34 40 5 32 51 10 1 45 9 12 42 2 26 24 7 0 
3 32 49 51 37 41 35 31 59 13 25 23 33 4 11 45 38 50 27 26 5 17 47 57 21 48 53 46 16 15 6 36 12 10 58 55 7 22 14 0 9 34 52 42 40 18 29 56 19 28 20 43 24 1 39 44 54 2 30 8 
30 20 38 25 58 5 27 29 19 56 0 42 39 55 6 18 51 11 16 12 46 31 40 4 10 9 28 50 57 22 1 17 54 52 43 2 21 14 45 36 34 23 26 49 53 3 48 32 35 33 7 44 47 41 8 13 37 15 24 59 
6 54 45 43 58 17 7 24 57 0 53 31 36 2 10 11 50 30 19 14 12 38 8 51 15 44 1 48 56 18 20 33 55 21 52 46 22 23 40 34 25 13 27 3 49 29 47 42 32 28 37 39 41 35 4 9 26 5 16 59 
4 22 46 8 0 49 13 44 56 27 53 1 21 33 23 28 2 43 40 54 36 34 41 37 48 20 38 39 3 59 10 29 5 19 52 47 35 42 6 17 14 24 31 16 7 18 9 51 26 11 32 15 12 25 57 58 30 50 45 55 
46 22 4 52 11 44 5 42 21 48 8 3 41 58 47 38 37 12 16 1 36 50 49 29 33 55 13 31 30 28 27 9 20 10 43 17 25 35 23 32 18 40 14 24 6 2 54 34 57 53 45 26 15 39 56 7 51 19 0 59 
5 49 46 42 14 43 12 54 52 51 18 48 33 22 1 26 37 15 59 3 8 47 6 50 44 31 41 55 23 35 10 29 25 21 39 32 11 2 19 58 16 9 36 34 53 20 57 27 24 38 28 7 40 56 45 0 13 30 17 4 
54 48 8 3 7 22 34 40 17 26 30 25 9 20 37 53 43 32 10 42 21 45 36 2 52 59 6 56 13 55 47 16 14 5 33 58 18 11 27 23 44 12 41 19 29 39 31 1 38 50 28 24 51 57 0 49 35 4 15 46 
6 43 50 28 23 17 20 56 48 32 18 27 7 1 34 49 53 42 52 13 9 4 14 54 31 2 21 47 12 46 15 39 45 38 36 37 16 3 44 41 22 26 0 35 25 29 40 11 33 30 55 5 58 10 8 24 57 19 51 59 
53 29 46 11 18 25 52 0 57 20 4 13 23 32 41 50 2 22 27 26 49 37 16 8 48 6 34 43 3 42 47 35 38 45 56 9 40 19 5 54 36 31 33 1 10 30 15 55 24 12 21 17 14 44 59 51 28 58 39 7 
9 19 25 54 57 47 42 28 23 16 59 55 53 51 14 48 40 17 52 27 38 30 15 12 33 4 24 0 22 8 18 45 50 29 44 58 46 32 26 43 20 36 5 49 39 31 37 21 35 1 56 7 13 11 10 41 3 2 34 6 
33 48 17 38 5 58 29 28 39 46 3 22 56 19 30 23 11 1 49 45 18 52 26 57 13 55 8 15 53 54 6 35 10 0 20 9 50 2 31 37 41 51 32 21 44 14 25 36 43 47 16 4 40 42 27 34 12 7 59 24 
35 15 59 8 50 38 52 42 3 17 6 40 58 51 55 25 45 43 7 4 22 41 37 2 19 11 54 5 57 30 13 56 34 39 10 16 53 47 29 18 36 24 31 46 49 20 21 12 48 9 27 14 44 32 33 0 28 26 23 1 
38 17 29 11 42 36 50 57 48 52 44 10 16 31 58 8 27 45 54 33 56 40 43 12 37 3 15 19 55 46 13 59 20 30 28 24 26 51 0 41 49 23 18 25 47 21 34 5 4 1 39 53 32 9 7 22 14 35 2 6 
50 13 17 56 28 22 15 59 43 24 0 25 3 11 10 7 57 55 38 19 18 58 51 37 27 8 36 39 34 9 42 33 53 31 29 1 5 23 52 16 35 47 46 12 6 26 49 54 14 45 2 40 21 44 30 4 41 48 20 32 
6 48 47 37 35 1 40 38 24 20 30 8 22 3 44 51 49 11 10 32 41 15 58 54 28 12 31 21 4 27 14 39 16 23 55 2 50 26 36 18 19 57 0 7 13 34 42 52 43 9 46 5 29 59 17 33 53 25 45 56 
6 48 47 37 35 1 40 38 24 20 30 8 22 3 44 51 49 11 10 32 41 15 58 54 28 12 31 21 4 27 14 39 16 23 55 2 50 26 36 18 19 57 0 7 13 34 42 52 43 9 46 5 29 59 17 33 53 25 45 56 
28 30 18 23 16 26 25 10 56 51 8 11 50 45 13 19 17 7 29 33 12 39 40 9 4 44 49 1 21 55 58 41 37 52 53 22 42 31 35 47 24 5 14 36 34 57 3 46 20 2 54 32 0 27 48 43 6 38 15 59 
28 30 18 23 16 26 25 10 56 51 8 11 50 45 13 19 17 7 29 33 12 39 40 9 4 44 49 1 21 55 58 41 37 52 53 22 42 31 35 47 24 5 14 36 34 57 3 46 20 2 54 32 0 27 48 43 6 38 15 59 
38 17 29 11 42 36 50 57 48 52 44 10 16 31 58 8 27 45 54 33 56 40 43 12 37 3 15 19 55 46 13 59 20 30 28 24 26 51 0 41 49 23 18 25 47 21 34 5 4 1 39 53 32 9 7 22 14 35 2 6 
34 17 42 49 10 37 11 23 35 48 41 3 44 46 31 24 50 28 13 45 54 5 12 1 18 40 9 2 6 16 14 27 26 29 15 30 33 8 43 38 53 32 47 22 7 21 56 25 58 4 39 19 36 52 57 59 51 20 0 55 
12 47 58 31 46 39 53 11 55 26 14 35 15 40 10 17 4 5 43 2 21 18 49 8 24 3 44 30 54 57 27 56 34 45 50 28 29 23 9 25 37 36 41 20 48 51 6 38 0 19 13 22 33 16 1 42 7 32 52 59 
6 48 47 37 35 1 40 38 24 20 30 8 22 3 44 51 49 11 10 32 41 15 58 54 28 12 31 21 4 27 14 39 16 23 55 2 50 26 36 18 19 57 0 7 13 34 42 52 43 9 46 5 29 59 17 33 53 25 45 56 
5 59 54 55 46 31 12 58 40 42 17 20 6 14 49 26 53 51 23 21 7 16 25 1 45 18 36 13 9 39 10 48 35 28 29 37 11 43 52 47 15 44 33 8 22 24 4 56 30 41 32 3 38 27 57 0 19 50 34 2 
58 26 47 54 2 9 5 25 21 31 57 44 41 13 0 18 40 16 24 53 29 48 22 17 37 39 12 35 4 38 56 34 6 10 45 55 27 1 23 49 52 43 14 30 8 51 11 28 50 42 46 20 15 19 36 33 32 7 3 59 
58 26 47 54 2 9 5 25 21 31 57 44 41 13 0 18 40 16 24 53 29 48 22 17 37 39 12 35 4 38 56 34 6 10 45 55 27 1 23 49 52 43 14 30 8 51 11 28 50 42 46 20 15 19 36 33 32 7 3 59 
3 1 47 48 13 16 25 21 45 23 53 32 5 37 24 6 50 19 57 58 7 0 14 12 9 35 4 44 39 41 11 36 29 51 33 46 15 49 38 55 17 27 18 8 22 26 54 2 30 28 34 40 42 52 43 56 59 10 31 20 
43 40 55 19 7 14 28 13 8 27 30 18 41 26 54 58 48 11 9 4 36 12 33 29 15 50 6 25 59 31 32 51 17 56 20 53 21 46 38 22 3 0 34 23 57 49 37 39 42 5 16 47 52 1 10 44 45 24 35 2 
16 35 0 11 23 56 12 29 34 39 32 44 37 52 20 2 55 22 49 5 54 43 15 31 47 9 25 13 24 19 36 1 46 26 6 4 14 48 53 41 51 33 38 57 45 7 27 10 21 42 40 8 30 59 50 17 3 28 18 58 
20 36 4 22 13 45 43 33 32 39 50 6 25 7 41 27 56 11 38 21 30 2 34 37 35 9 58 54 8 59 44 10 24 23 3 42 52 17 51 15 0 5 14 55 19 28 53 16 47 46 1 26 40 49 29 12 18 57 31 48 
30 9 58 38 57 21 33 39 28 35 11 14 40 17 6 43 56 36 16 53 46 0 55 29 49 7 51 15 24 45 1 54 52 5 2 23 18 19 50 32 27 48 37 42 47 3 44 4 25 41 8 20 34 31 10 12 26 13 22 59 
25 40 23 1 18 50 2 11 12 29 55 32 3 58 14 16 4 15 46 26 41 37 5 52 6 22 13 7 8 33 53 49 42 9 30 51 10 34 17 38 27 19 20 35 21 48 31 54 24 28 45 36 39 47 43 0 56 57 59 44 
30 5 58 22 28 27 7 50 16 40 48 6 23 56 57 19 18 11 17 52 14 42 2 44 10 9 33 4 3 38 0 55 54 21 36 39 46 53 37 34 31 12 25 59 13 1 49 15 35 26 8 45 29 47 20 24 43 32 41 51 
30 5 58 22 28 27 7 50 16 40 48 6 23 56 57 19 18 11 17 52 14 42 2 44 10 9 33 4 3 38 0 55 54 21 36 39 46 53 37 34 31 12 25 59 13 1 49 15 35 26 8 45 29 47 20 24 43 32 41 51 
50 34 24 20 45 32 49 44 6 9 12 53 2 54 36 46 39 28 18 15 14 51 30 35 42 0 13 16 4 37 41 55 27 38 11 23 5 17 25 47 31 3 29 33 8 22 1 43 19 57 7 59 26 10 48 21 56 58 40 52 
24 37 6 19 48 4 14 52 56 22 30 38 45 41 39 53 5 43 42 54 7 13 27 18 20 15 32 28 8 51 49 11 34 26 55 59 29 16 9 25 10 58 40 1 17 36 3 46 0 31 33 23 44 21 2 57 12 35 47 50 
24 37 6 19 48 4 14 52 56 22 30 38 45 41 39 53 5 43 42 54 7 13 27 18 20 15 32 28 8 51 49 11 34 26 55 59 29 16 9 25 10 58 40 1 17 36 3 46 0 31 33 23 44 21 2 57 12 35 47 50 
42 1 17 45 20 52 39 35 29 10 3 23 24 12 54 37 19 57 27 13 4 0 8 22 34 56 48 7 38 50 28 36 43 21 2 9 49 47 41 55 11 16 5 33 15 53 26 6 40 30 25 14 32 51 18 46 58 31 44 59 
13 18 49 58 5 52 1 27 2 10 51 8 45 7 19 38 50 48 29 53 22 3 30 31 4 57 16 12 40 23 32 39 15 6 9 44 36 34 43 56 41 55 11 26 24 54 25 14 17 33 28 20 46 47 21 42 35 37 59 0 
39 29 15 57 42 9 10 37 50 6 59 38 19 54 47 12 41 0 55 13 58 44 52 18 40 5 34 17 26 33 20 28 23 21 36 56 32 31 22 49 53 46 24 11 51 27 43 7 4 45 48 1 35 16 14 30 25 2 8 3 
50 4 58 12 11 28 17 27 40 2 14 47 34 10 45 7 22 8 55 19 20 16 49 31 29 23 3 33 25 5 44 57 30 38 24 35 6 39 46 53 37 42 52 9 43 21 51 41 13 18 0 48 26 36 32 1 56 59 15 54 
0 19 50 10 9 13 41 36 21 37 49 28 1 5 2 3 46 39 54 29 4 11 47 58 6 30 55 40 32 15 7 43 23 25 42 38 8 12 33 51 14 34 16 53 17 18 45 26 20 59 22 24 27 35 31 44 48 52 56 57 
27 14 9 48 7 8 57 49 44 12 33 10 21 6 56 55 13 19 32 39 15 0 17 23 30 18 24 38 35 31 54 25 20 53 37 3 43 52 26 1 29 34 51 41 59 47 36 2 16 45 46 42 58 4 28 22 50 5 40 11 
32 27 24 5 40 47 21 6 38 59 2 11 26 28 12 3 31 35 14 43 19 52 42 44 36 41 29 39 45 30 4 54 16 50 13 7 55 20 57 22 37 15 8 58 17 9 46 33 49 53 10 18 34 1 25 48 0 56 23 51 
21 58 42 40 44 1 16 46 56 13 35 31 10 11 20 7 2 12 39 29 3 55 4 5 54 17 51 26 23 37 45 28 32 36 53 18 25 43 6 22 8 9 52 48 38 30 59 49 47 14 15 41 19 57 33 24 27 0 50 34 
19 38 43 55 50 20 7 57 30 17 10 5 9 48 59 44 26 58 27 49 56 1 47 53 12 31 54 32 37 4 34 22 36 14 2 21 16 52 45 46 51 35 18 42 23 11 15 3 29 39 41 33 40 25 6 28 24 8 13 0 
27 55 7 41 8 51 57 45 38 40 43 0 18 17 48 56 4 23 29 42 11 14 2 10 26 15 34 6 31 12 54 20 21 53 25 33 39 37 9 1 28 5 52 16 59 49 35 46 22 24 47 44 58 3 32 30 50 13 36 19 
20 24 6 47 17 55 36 53 32 51 0 11 10 59 14 7 39 2 4 37 1 8 16 5 54 50 25 34 45 9 42 21 38 19 13 3 29 33 27 18 12 31 52 44 41 30 23 26 49 46 15 48 22 40 43 28 35 58 56 57 
40 19 46 35 0 38 5 42 6 16 25 34 21 30 7 55 33 48 43 10 1 9 56 13 11 2 54 27 3 49 24 36 4 17 18 52 45 20 14 29 8 53 26 51 12 47 15 32 37 28 22 44 23 31 58 39 41 57 50 59 
0 39 58 22 38 37 1 3 32 2 36 35 47 5 24 4 33 7 53 29 30 23 9 17 6 28 8 49 44 59 10 56 20 11 14 19 41 51 15 48 12 18 13 16 31 21 46 27 25 40 26 34 52 43 42 45 50 54 55 57 
13 24 25 40 1 43 21 45 30 46 53 9 2 58 35 37 7 8 3 52 50 38 59 44 4 16 10 29 5 34 27 49 6 42 57 41 11 17 19 12 39 56 14 20 15 54 18 55 22 32 28 23 26 31 33 48 36 47 51 0 
13 11 21 15 49 32 1 28 6 5 31 34 48 40 47 39 24 12 46 54 20 51 22 42 2 7 38 55 10 23 29 43 37 3 16 58 35 33 52 27 44 45 4 17 19 57 14 26 8 41 25 9 53 36 18 56 30 50 59 0 
3 8 57 38 37 10 36 9 4 35 28 45 33 22 46 47 25 21 30 16 5 6 29 13 27 52 24 56 20 2 11 55 18 17 12 58 14 39 53 0 19 54 50 48 43 23 40 26 31 49 32 44 34 1 42 51 59 7 41 15 
31 12 22 58 50 6 21 35 3 24 27 57 40 52 41 1 53 30 26 0 46 23 28 48 33 44 34 51 59 15 4 42 38 39 8 49 14 17 45 55 25 54 5 9 56 7 18 13 32 29 10 11 47 37 16 19 43 20 36 2 
33 10 9 48 27 25 3 17 26 41 53 5 43 21 52 4 1 30 57 7 50 35 14 22 38 34 59 23 36 24 8 19 55 11 49 45 28 44 2 54 40 20 13 58 6 16 47 39 46 12 29 31 15 42 37 51 18 0 56 32 
26 40 6 2 58 18 43 25 21 24 55 41 16 42 32 13 52 8 37 12 9 7 3 35 4 48 38 14 57 33 53 17 56 28 45 50 34 1 46 19 22 10 11 20 54 47 51 29 15 31 39 23 49 44 27 5 36 59 0 30 
2 45 5 37 41 40 3 44 17 42 4 7 50 28 52 6 34 19 56 55 31 22 25 38 8 29 32 49 13 47 9 12 23 10 35 11 39 46 16 54 14 57 15 1 27 20 51 18 24 33 26 30 58 43 36 48 53 59 0 21 
17 4 47 46 10 57 52 2 25 18 56 36 50 41 53 3 55 28 31 42 23 12 37 1 45 6 54 15 19 51 32 30 20 40 44 49 35 39 48 7 43 14 27 38 24 8 29 26 16 34 33 9 5 13 59 21 11 58 22 0 
36 2 54 4 0 45 9 32 24 1 21 28 3 51 39 12 15 23 5 18 30 53 40 25 44 41 6 57 7 17 19 50 8 22 49 43 10 26 33 11 55 20 34 13 14 38 16 47 27 56 48 52 29 31 35 42 37 46 58 59 
38 6 4 16 37 58 49 31 53 2 57 24 32 14 13 11 56 1 29 45 27 33 22 26 44 21 5 40 19 0 18 10 17 43 50 55 8 34 54 59 51 42 28 9 39 35 25 36 12 48 47 52 15 46 20 30 23 41 3 7 
48 28 41 47 4 30 13 49 32 54 58 37 14 59 39 3 35 15 23 12 42 21 40 56 18 27 50 8 52 19 33 20 6 25 2 55 29 22 11 51 24 17 43 38 45 7 10 5 0 36 53 26 34 44 1 46 9 16 31 57 
21 41 36 6 40 33 57 34 38 19 1 11 26 58 4 9 14 48 15 39 31 52 43 30 55 25 2 17 44 53 45 12 20 54 16 3 51 8 27 28 5 23 50 7 24 32 46 37 49 56 10 42 35 18 29 13 22 0 59 47 
41 27 38 36 25 40 17 30 9 22 12 4 53 46 57 34 33 1 15 45 2 55 56 13 28 19 6 26 18 42 23 16 54 43 21 31 48 52 7 35 3 51 59 10 37 47 49 39 20 11 5 58 8 32 50 14 24 44 29 0 
53 49 13 33 18 14 11 17 22 23 3 40 52 30 32 51 19 15 27 42 50 28 21 47 48 4 34 2 16 37 46 29 39 25 43 6 45 0 38 56 41 44 35 1 31 26 9 12 24 8 20 10 7 55 59 57 36 58 54 5 
14 39 48 36 2 21 9 0 50 7 19 4 5 11 13 59 43 25 6 45 53 46 29 54 42 20 38 18 8 40 31 35 10 24 41 34 12 23 28 15 51 56 32 26 16 58 17 27 22 52 37 57 30 33 44 55 47 49 1 3 
11 26 20 18 16 31 47 32 7 40 39 46 59 29 50 55 19 38 42 5 48 28 24 30 37 1 23 51 58 35 15 41 27 25 10 9 57 36 44 14 33 54 8 53 56 43 2 21 52 12 3 22 49 4 45 6 34 17 13 0 
35 26 3 15 12 23 41 49 4 14 55 24 45 44 7 48 42 53 17 21 54 43 52 39 59 37 18 32 31 22 8 5 25 16 6 50 29 11 28 34 47 46 58 36 9 19 51 10 57 40 27 56 13 30 38 0 33 20 2 1 
13 40 9 27 45 25 21 54 43 36 15 16 32 10 31 39 1 41 19 14 52 58 42 22 2 24 56 3 18 28 30 20 34 48 29 37 4 0 6 47 49 23 7 55 44 57 59 51 8 11 26 12 17 53 33 46 35 38 50 5 
41 27 38 36 25 40 17 30 9 22 12 4 53 46 57 34 33 1 15 45 2 55 56 13 28 19 6 26 18 42 23 16 54 43 21 31 48 52 7 35 3 51 59 10 37 47 49 39 20 11 5 58 8 32 50 14 24 44 29 0 
10 52 0 45 32 55 50 22 34 8 24 3 28 59 1 15 11 58 25 5 44 9 39 43 19 51 41 49 14 47 21 2 7 40 16 48 56 4 23 42 31 20 35 29 27 38 13 26 54 36 6 17 53 30 46 12 37 33 18 57 
10 7 6 58 33 0 26 23 53 35 48 38 28 41 12 54 30 4 22 15 46 13 57 44 37 51 49 39 40 19 18 11 3 50 45 32 56 20 1 43 27 55 14 34 21 36 8 29 52 2 5 25 47 17 42 9 31 24 16 59 
33 17 39 3 49 47 57 28 52 41 51 35 23 4 46 42 25 54 5 22 16 9 6 20 56 7 32 37 11 36 8 18 38 55 44 43 53 30 59 10 31 12 48 2 19 14 15 27 45 58 21 34 29 24 26 40 1 0 50 13 
0 32 19 36 13 50 27 6 5 23 1 58 17 53 41 22 18 11 21 55 34 47 26 46 42 9 35 25 54 45 2 39 29 56 10 3 33 20 38 40 4 49 24 8 51 7 57 28 12 15 14 48 43 52 16 30 31 37 44 59 
0 32 19 36 13 50 27 6 5 23 1 58 17 53 41 22 18 11 21 55 34 47 26 46 42 9 35 25 54 45 2 39 29 56 10 3 33 20 38 40 4 49 24 8 51 7 57 28 12 15 14 48 43 52 16 30 31 37 44 59 
28 35 22 10 8 20 46 37 39 42 21 1 52 16 54 17 56 50 31 3 12 30 15 9 6 18 0 19 24 38 58 48 25 34 14 47 44 49 53 4 29 36 13 2 40 57 41 32 26 45 55 27 5 11 51 43 7 33 23 59 
8 12 48 56 38 25 35 49 31 37 58 9 23 20 6 30 16 42 11 29 44 2 54 15 53 14 57 41 5 21 18 36 19 10 3 55 50 22 34 27 28 47 46 52 13 33 39 4 43 1 51 32 26 7 24 45 0 59 17 40 
21 40 45 0 27 12 17 43 57 50 49 56 10 42 55 7 41 26 54 9 2 53 29 31 52 18 38 1 44 6 36 25 51 30 48 33 19 47 23 46 4 3 39 22 28 16 37 35 34 5 11 32 13 24 20 14 15 8 59 58 
44 33 10 2 48 16 50 7 15 22 54 29 26 11 42 59 49 8 3 57 6 58 4 36 18 20 0 30 13 51 32 25 38 40 31 46 52 24 39 9 17 12 34 1 23 56 19 55 43 27 35 53 37 21 28 47 5 45 14 41 
19 18 25 46 21 9 49 8 37 28 48 58 24 10 16 45 42 33 29 32 30 51 5 54 11 35 6 57 3 59 39 47 40 34 12 31 50 27 20 55 56 13 17 14 4 15 23 26 41 52 53 43 7 38 1 44 36 2 22 0 
54 21 35 41 36 30 47 26 53 42 14 59 51 52 38 27 19 55 6 17 48 46 25 2 8 58 3 29 15 31 44 9 11 32 43 28 40 18 49 12 37 1 16 5 34 33 22 24 23 45 13 50 7 57 0 56 20 4 10 39 
45 53 19 18 39 37 35 31 27 6 43 17 57 11 41 20 15 49 10 52 5 21 59 33 55 50 38 42 23 46 26 34 13 8 58 22 51 14 30 24 7 56 47 12 44 0 32 54 36 3 25 29 28 4 16 1 9 2 48 40 
39 30 19 38 51 59 9 53 16 31 22 13 48 34 28 10 58 12 46 45 57 21 25 5 43 32 47 36 41 52 14 35 37 15 27 44 29 0 56 24 55 50 18 23 11 26 7 3 6 54 49 1 42 33 17 40 20 2 8 4 
39 30 19 38 51 59 9 53 16 31 22 13 48 34 28 10 58 12 46 45 57 21 25 5 43 32 47 36 41 52 14 35 37 15 27 44 29 0 56 24 55 50 18 23 11 26 7 3 6 54 49 1 42 33 17 40 20 2 8 4 
