7 4 5 6 2 0 9 1 3 8 
0 9 1 7 4 2 3 8 5 6 
0 9 1 7 4 2 3 8 5 6 
0 9 1 7 4 2 3 8 5 6 
0 9 1 7 4 2 3 8 5 6 
0 9 1 7 4 2 3 8 5 6 
0 9 1 7 4 2 3 8 5 6 
0 9 1 7 4 2 3 8 5 6 
0 9 1 7 4 2 3 8 5 6 
0 9 1 7 4 2 3 8 5 6 
0 9 1 7 4 2 3 8 5 6 
0 9 1 7 4 2 3 8 5 6 
0 9 1 7 4 2 3 8 5 6 
0 9 1 7 4 2 3 8 5 6 
0 9 1 7 4 2 3 8 5 6 
0 9 1 7 4 2 3 8 5 6 
0 9 1 7 4 2 3 8 5 6 
0 9 1 7 4 2 3 8 5 6 
0 9 1 7 4 2 3 8 5 6 
0 9 1 7 4 2 3 8 5 6 
0 9 1 7 4 2 3 8 5 6 
0 9 1 7 4 2 3 8 5 6 
0 9 1 7 4 2 3 8 5 6 
0 9 1 7 4 2 3 8 5 6 
0 9 1 7 4 2 3 8 5 6 
0 9 1 7 4 2 3 8 5 6 
0 9 1 7 4 2 3 8 5 6 
0 9 1 7 4 2 3 8 5 6 
0 9 1 7 4 2 3 8 5 6 
0 9 1 7 4 2 3 8 5 6 
0 9 1 7 4 2 3 8 5 6 
0 9 1 7 4 2 3 8 5 6 
0 9 1 7 4 2 3 8 5 6 
0 9 1 7 4 2 3 8 5 6 
0 9 1 7 4 2 3 8 5 6 
0 9 1 7 4 2 3 8 5 6 
0 9 1 7 4 2 3 8 5 6 
0 9 1 7 4 2 3 8 5 6 
0 9 1 7 4 2 3 8 5 6 
0 9 1 7 4 2 3 8 5 6 
0 9 1 7 4 2 3 8 5 6 
0 9 1 7 4 2 3 8 5 6 
9 3 8 4 5 7 6 0 2 1 
9 3 8 4 5 7 6 0 2 1 
9 3 8 4 5 7 6 0 2 1 
9 3 8 4 5 7 6 0 2 1 
9 3 8 4 5 7 6 0 2 1 
9 3 8 4 5 7 6 0 2 1 
9 3 8 4 5 7 6 0 2 1 
9 3 8 4 5 7 6 0 2 1 
9 3 8 4 5 7 6 0 2 1 
9 3 8 4 5 7 6 0 2 1 
9 3 8 4 5 7 6 0 2 1 
9 3 8 4 5 7 6 0 2 1 
9 3 8 4 5 7 6 0 2 1 
9 3 8 4 5 7 6 0 2 1 
9 3 8 4 5 7 6 0 2 1 
9 3 8 4 5 7 6 0 2 1 
9 3 8 4 5 7 6 0 2 1 
9 3 8 4 5 7 6 0 2 1 
9 3 8 4 5 7 6 0 2 1 
9 3 8 4 5 7 6 0 2 1 
9 3 8 4 5 7 6 0 2 1 
9 3 8 4 5 7 6 0 2 1 
9 3 8 4 5 7 6 0 2 1 
9 3 8 4 5 7 6 0 2 1 
9 3 8 4 5 7 6 0 2 1 
9 3 8 4 5 7 6 0 2 1 
9 3 8 4 5 7 6 0 2 1 
9 3 8 4 5 7 6 0 2 1 
9 3 8 4 5 7 6 0 2 1 
9 3 8 4 5 7 6 0 2 1 
9 3 8 4 5 7 6 0 2 1 
9 3 8 4 5 7 6 0 2 1 
9 3 8 4 5 7 6 0 2 1 
9 3 8 4 5 7 6 0 2 1 
9 3 8 4 5 7 6 0 2 1 
9 3 8 4 5 7 6 0 2 1 
9 3 8 4 5 7 6 0 2 1 
9 3 8 4 5 7 6 0 2 1 
9 3 8 4 5 7 6 0 2 1 
9 3 8 4 5 7 6 0 2 1 
9 3 8 4 5 7 6 0 2 1 
9 3 8 4 5 7 6 0 2 1 
9 3 8 4 5 7 6 0 2 1 
9 3 8 4 5 7 6 0 2 1 
9 3 8 4 5 7 6 0 2 1 
9 3 8 4 5 7 6 0 2 1 
9 3 8 4 5 7 6 0 2 1 
9 3 8 4 5 7 6 0 2 1 
9 3 8 4 5 7 6 0 2 1 
9 3 8 4 5 7 6 0 2 1 
9 3 8 4 5 7 6 0 2 1 
9 3 8 4 5 7 6 0 2 1 
9 3 8 4 5 7 6 0 2 1 
9 3 8 4 5 7 6 0 2 1 
9 3 8 4 5 7 6 0 2 1 
9 3 8 4 5 7 6 0 2 1 
9 3 8 4 5 7 6 0 2 1 
9 3 8 4 5 7 6 0 2 1 
