42 0 64 50 11 51 27 15 30 1 67 36 47 62 13 26 14 63 53 44 39 28 60 59 17 3 35 23 32 45 2 10 41 33 68 55 54 21 49 4 12 9 34 48 38 58 56 18 52 19 22 61 65 16 5 66 20 37 31 29 7 46 69 57 43 25 40 24 8 6 
4 12 52 48 34 38 58 56 18 55 68 33 2 40 32 45 3 35 23 24 8 42 0 51 11 50 64 27 15 59 17 28 60 44 14 26 13 62 31 37 47 20 36 39 1 30 25 43 69 46 7 67 29 57 6 10 41 54 49 21 9 5 61 22 19 66 53 63 65 16 
66 49 21 55 68 33 54 35 3 28 59 17 32 2 10 41 56 18 58 38 48 34 9 12 4 19 22 61 63 26 13 62 14 31 37 47 36 67 1 25 43 64 27 15 30 39 60 44 53 20 29 46 7 69 57 50 51 11 6 0 40 42 8 24 23 45 5 65 16 52 
66 49 21 55 68 33 54 35 3 28 59 17 32 2 10 41 56 18 58 38 48 34 9 12 4 19 22 61 63 26 13 62 14 31 37 47 36 67 1 25 43 64 27 15 30 39 60 44 53 20 29 46 7 69 57 50 51 11 6 0 40 42 8 24 23 45 5 65 16 52 
41 68 33 54 55 56 18 58 38 34 48 21 49 52 4 12 5 9 22 19 61 65 16 63 14 26 13 62 31 20 36 37 47 39 44 60 28 59 17 3 35 23 24 6 0 42 40 27 64 11 51 50 57 43 25 15 30 1 46 7 69 67 29 53 66 32 45 2 10 8 
56 18 58 38 48 52 5 61 22 13 26 62 14 31 37 47 36 7 46 69 57 43 25 64 27 42 0 40 32 45 23 35 3 17 59 28 39 44 53 60 66 19 4 12 9 34 49 21 55 68 54 33 41 10 2 24 8 6 11 51 50 29 67 1 30 15 20 63 65 16 
46 7 30 1 15 17 59 28 66 35 49 21 38 58 56 18 34 48 9 52 19 22 61 4 12 5 16 65 14 63 26 13 62 31 47 36 37 20 44 53 60 39 25 43 57 69 51 50 64 27 40 32 45 2 10 23 3 68 33 54 55 41 24 8 42 0 11 6 67 29 
4 12 52 9 48 34 58 38 56 18 55 68 54 3 35 33 41 10 2 8 24 32 45 23 17 28 59 66 49 21 19 22 16 65 61 63 14 26 13 62 31 37 47 36 39 44 53 60 15 27 40 0 42 6 11 51 50 64 25 43 46 7 67 1 30 69 57 29 20 5 
0 27 64 32 24 8 42 40 15 39 60 28 59 17 3 35 23 45 2 10 41 33 68 54 55 56 18 58 38 21 49 48 9 34 52 12 4 19 22 5 16 65 26 13 62 31 20 47 37 36 29 67 1 30 25 50 51 11 57 43 69 7 46 44 53 63 14 61 66 6 
0 27 64 32 24 8 42 40 15 39 60 28 59 17 3 35 23 45 2 10 41 33 68 54 55 56 18 58 38 21 49 48 9 34 52 12 4 19 22 5 16 65 26 13 62 31 20 47 37 36 29 67 1 30 25 50 51 11 57 43 69 7 46 44 53 63 14 61 66 6 
30 1 67 47 37 31 36 39 44 53 60 28 59 17 66 3 35 23 45 32 40 27 64 50 51 11 57 43 25 69 46 7 29 20 14 26 13 62 63 61 22 19 4 12 5 16 65 52 49 21 38 58 34 48 9 18 56 54 68 33 55 41 10 2 42 8 24 0 6 15 
47 37 31 62 13 26 14 63 53 39 1 43 25 64 51 50 11 57 69 7 46 67 30 15 27 40 0 42 6 24 8 2 23 45 32 3 35 10 33 54 55 56 18 38 21 49 34 48 52 12 4 19 22 65 16 61 5 9 58 68 41 66 59 17 28 60 44 20 36 29 
69 43 25 64 50 51 11 6 8 24 45 23 35 3 17 59 28 60 44 53 66 21 49 48 52 4 12 19 22 61 65 16 5 9 34 58 18 56 38 55 54 33 68 41 10 2 32 27 30 1 29 15 39 36 47 37 31 63 62 13 26 14 20 67 7 46 57 0 40 42 
57 25 43 69 7 46 67 1 30 15 27 64 50 51 11 6 0 40 42 8 24 35 3 33 68 41 58 34 9 48 21 38 56 18 55 54 23 2 10 45 32 17 59 28 60 53 44 39 20 36 47 37 31 26 13 62 14 63 61 22 4 19 12 52 49 66 65 16 5 29 
65 16 22 4 12 5 9 34 58 18 56 55 68 33 41 10 2 45 3 35 59 17 28 60 53 44 15 27 64 50 51 11 6 42 8 24 40 0 32 23 54 21 49 48 38 52 66 19 61 63 26 13 14 31 37 47 36 39 1 30 25 43 46 7 67 57 69 29 20 62 
66 15 30 1 17 59 28 60 44 53 63 14 26 13 62 31 37 47 20 36 39 67 46 69 43 25 64 50 51 0 42 40 27 32 45 3 35 23 2 10 41 33 68 54 21 49 48 52 4 19 22 61 16 65 5 12 9 34 58 38 56 18 55 24 8 6 11 57 7 29 
40 0 64 50 51 11 57 69 46 7 15 30 39 36 47 37 31 62 26 13 14 63 61 22 19 4 12 5 65 16 9 34 48 21 38 58 18 56 55 68 33 54 35 45 10 41 2 8 24 6 42 32 23 3 17 59 28 66 49 52 20 44 60 53 1 67 29 43 25 27 
32 45 8 24 10 2 23 35 33 54 68 55 56 18 58 34 38 48 52 4 12 9 22 61 19 5 16 65 13 26 63 14 62 20 31 37 47 36 44 53 66 49 21 42 15 30 25 57 43 69 46 7 29 67 1 39 60 28 59 17 40 27 64 50 51 11 0 6 41 3 
55 68 54 33 23 35 3 17 45 32 40 0 51 11 50 64 27 15 30 1 67 37 39 44 53 63 14 26 13 62 31 47 20 36 29 25 43 69 46 7 57 6 42 8 24 2 10 59 28 60 66 21 49 52 48 58 38 34 9 12 4 5 65 16 61 22 19 18 56 41 
1 25 43 69 57 51 50 64 40 27 15 28 60 44 53 66 19 22 4 12 52 48 38 21 49 54 68 55 56 18 58 34 9 5 16 65 61 63 14 26 13 62 31 37 47 20 36 39 59 17 3 35 23 45 32 0 42 8 24 2 10 41 33 11 6 46 7 67 30 29 
1 25 43 69 57 51 50 64 40 27 15 28 60 44 53 66 19 22 4 12 52 48 38 21 49 54 68 55 56 18 58 34 9 5 16 65 61 63 14 26 13 62 31 37 47 20 36 39 59 17 3 35 23 45 32 0 42 8 24 2 10 41 33 11 6 46 7 67 30 29 
63 14 26 13 62 31 37 47 20 36 39 44 53 60 28 59 17 3 35 52 4 12 5 22 19 61 65 16 9 48 34 58 38 49 21 18 56 55 68 54 33 23 2 10 41 8 24 45 32 27 64 43 25 57 69 7 46 1 30 15 51 50 11 0 40 42 6 29 67 66 
21 49 54 68 33 10 2 45 23 35 3 17 59 28 60 39 36 47 37 20 31 62 13 26 65 16 22 5 4 12 9 48 34 38 58 56 18 55 41 24 8 6 42 0 40 64 50 51 11 43 25 69 57 27 32 30 1 67 46 7 29 15 53 44 14 63 61 19 52 66 
57 69 43 7 46 67 1 30 15 60 28 59 3 35 23 45 32 64 50 51 11 6 0 27 42 8 24 2 10 41 33 68 54 55 56 18 58 38 48 52 21 49 34 9 12 4 19 22 61 16 65 5 63 14 13 26 62 31 37 47 36 20 44 53 66 17 40 25 39 29 
6 64 50 51 11 57 43 25 69 7 46 30 1 67 39 29 36 37 47 20 31 62 13 26 14 63 61 22 19 52 49 21 48 34 58 38 18 56 55 54 33 68 41 10 2 8 24 45 23 35 3 59 28 17 32 60 53 44 66 9 12 4 5 16 65 15 27 40 0 42 
6 64 50 51 11 57 43 25 69 7 46 30 1 67 39 29 36 37 47 20 31 62 13 26 14 63 61 22 19 52 49 21 48 34 58 38 18 56 55 54 33 68 41 10 2 8 24 45 23 35 3 59 28 17 32 60 53 44 66 9 12 4 5 16 65 15 27 40 0 42 
17 32 40 42 0 27 64 51 11 50 25 43 69 7 46 67 1 30 15 59 28 60 44 53 63 14 26 13 62 31 37 47 36 20 39 3 35 23 2 10 41 33 68 54 55 38 21 49 9 34 58 56 18 48 52 4 22 61 19 12 5 16 65 66 45 24 8 6 57 29 
36 20 37 31 62 26 13 63 14 44 53 66 59 17 3 35 23 2 32 27 64 25 43 69 46 7 57 50 51 11 40 0 6 8 24 45 54 68 55 38 21 49 48 52 12 4 19 22 61 16 65 5 9 34 58 56 18 33 41 10 42 15 60 28 30 1 67 39 29 47 
65 16 5 12 4 19 61 22 52 48 21 49 38 34 58 18 56 55 33 54 68 41 10 2 23 35 3 45 24 8 42 40 0 51 50 64 25 43 7 46 1 30 15 27 32 66 59 17 28 60 53 44 39 36 37 31 62 13 26 14 63 20 47 29 67 69 57 11 6 9 
5 12 52 34 21 49 38 58 18 56 55 54 33 68 41 45 3 35 23 2 10 24 8 42 0 25 43 46 7 69 57 64 27 40 32 17 59 28 60 53 44 47 20 14 63 26 13 62 31 37 36 39 30 1 67 29 50 51 11 6 15 66 19 61 22 4 9 48 16 65 
0 40 27 64 50 51 11 57 43 69 7 46 1 30 15 28 59 17 3 35 23 45 32 25 67 39 44 53 61 22 19 4 12 52 49 21 38 56 18 58 34 48 9 5 16 65 62 26 13 63 14 36 47 37 20 31 29 60 66 68 55 33 2 10 41 54 24 8 42 6 
68 54 21 49 48 34 9 52 12 4 19 22 61 63 14 26 13 62 31 37 47 20 44 53 36 1 30 64 50 25 43 69 46 7 29 67 39 28 17 45 32 40 27 15 59 66 3 35 23 41 33 10 2 24 8 42 0 51 11 6 57 60 65 16 5 38 58 18 56 55 
57 69 7 46 67 1 30 43 25 50 51 11 64 27 40 0 42 24 8 10 2 23 35 3 59 28 15 17 32 45 41 33 54 68 55 18 56 58 38 52 12 4 19 22 61 63 14 26 13 62 20 37 47 36 39 44 53 60 66 49 21 48 9 34 5 16 65 31 29 6 
54 68 55 18 56 58 38 34 9 48 21 49 52 12 4 19 22 61 26 63 14 13 62 31 37 20 47 36 67 1 30 43 25 64 51 50 40 27 15 39 44 53 28 60 66 59 17 3 35 23 2 10 33 41 45 32 24 8 42 0 6 11 57 69 7 46 29 65 16 5 
54 68 55 18 56 58 38 34 9 48 21 49 52 12 4 19 22 61 26 63 14 13 62 31 37 20 47 36 67 1 30 43 25 64 51 50 40 27 15 39 44 53 28 60 66 59 17 3 35 23 2 10 33 41 45 32 24 8 42 0 6 11 57 69 7 46 29 65 16 5 
30 1 67 46 7 69 25 43 57 50 51 11 0 42 40 27 32 45 2 10 41 33 54 68 55 56 18 58 34 38 21 49 48 9 12 5 4 52 19 61 13 26 62 14 63 31 37 47 36 20 44 53 60 28 59 17 3 35 23 24 8 6 64 15 39 29 22 65 16 66 
34 58 38 48 9 52 49 21 55 68 41 33 23 32 0 42 24 8 6 11 51 50 57 69 46 7 29 67 1 30 28 60 53 63 14 62 31 47 37 20 36 39 44 66 59 17 15 25 43 64 27 40 35 3 45 2 10 54 56 18 12 4 19 22 61 26 13 65 16 5 
34 58 38 48 9 52 49 21 55 68 41 33 23 32 0 42 24 8 6 11 51 50 57 69 46 7 29 67 1 30 28 60 53 63 14 62 31 47 37 20 36 39 44 66 59 17 15 25 43 64 27 40 35 3 45 2 10 54 56 18 12 4 19 22 61 26 13 65 16 5 
7 46 69 57 43 50 51 11 6 0 40 32 45 3 35 23 54 55 68 41 33 10 2 24 8 42 25 64 27 59 17 15 28 60 39 44 53 63 14 26 62 13 31 37 47 36 20 19 12 4 5 61 65 16 22 52 48 38 21 49 58 34 9 56 18 66 30 1 67 29 
20 14 63 53 44 60 39 1 30 15 32 17 59 28 66 3 35 49 21 38 58 34 48 9 12 4 5 61 22 19 52 65 16 26 13 62 31 37 47 36 67 7 46 69 43 25 64 27 40 0 42 8 24 2 10 68 54 33 55 56 18 41 45 23 6 11 51 50 57 29 
51 50 64 27 40 0 24 8 42 32 45 3 35 23 2 10 41 33 68 34 58 18 56 55 54 21 49 52 48 38 9 12 4 5 16 65 22 19 61 63 14 26 13 62 29 37 47 31 20 44 53 60 28 59 15 25 43 69 7 46 67 1 30 39 36 66 17 57 6 11 
18 56 55 68 54 35 3 66 17 59 28 15 30 1 67 43 25 64 50 51 11 57 69 7 46 29 47 37 31 62 13 26 14 63 20 36 39 44 53 60 19 22 61 16 65 5 4 12 9 49 48 38 58 34 52 21 33 23 2 10 8 24 0 40 27 32 45 42 6 41 
65 16 5 12 4 22 61 26 13 62 37 47 36 20 31 14 63 53 66 59 28 60 44 39 1 30 15 25 43 50 64 27 40 0 42 8 24 2 23 35 54 68 33 41 10 55 56 18 58 38 34 9 48 21 49 52 19 3 17 32 45 6 11 51 57 69 7 46 67 29 
43 25 40 0 27 64 50 51 11 6 57 69 7 46 1 30 67 29 36 63 14 26 13 62 31 37 47 20 39 60 28 59 17 32 45 23 2 10 24 8 42 3 35 54 68 33 41 55 56 18 58 34 48 38 21 49 52 4 12 22 61 19 9 5 65 16 66 53 44 15 
60 28 59 15 17 32 3 35 49 21 48 38 58 34 56 18 55 68 33 54 23 2 10 41 45 8 24 40 27 64 50 51 11 0 42 6 69 57 43 25 30 1 39 67 46 7 29 36 47 37 31 20 14 26 13 62 53 44 63 61 22 4 12 52 9 5 19 65 16 66 
6 11 51 50 57 69 25 43 30 39 44 53 60 28 59 3 35 33 68 54 41 23 17 15 64 27 32 45 2 42 0 40 8 24 10 55 56 18 38 58 48 52 12 4 34 9 21 49 66 19 61 22 5 16 65 63 14 26 13 62 31 37 47 36 20 29 46 7 67 1 
27 64 50 51 11 57 7 46 67 1 30 39 36 47 37 31 14 63 61 19 22 4 12 52 49 21 38 48 34 58 18 56 55 68 33 54 35 23 2 24 8 42 40 0 17 59 3 45 32 66 53 44 60 28 15 25 43 69 29 20 62 26 13 65 16 5 9 41 10 6 
18 56 21 68 54 33 10 2 23 45 8 24 42 40 32 25 43 57 69 46 7 29 67 30 1 44 53 63 14 26 13 62 31 37 47 20 36 39 15 59 17 3 35 66 4 9 34 58 38 48 49 52 12 5 16 65 61 22 19 28 60 27 64 50 51 11 0 6 41 55 
53 63 26 13 62 31 20 37 47 36 67 1 30 15 17 59 28 44 39 60 61 65 16 22 4 12 48 38 21 49 52 5 9 34 58 56 18 55 54 33 68 2 10 41 23 35 3 32 45 24 8 42 0 40 27 64 25 43 57 50 51 11 6 69 46 7 29 14 66 19 
15 30 1 67 43 25 27 40 0 32 45 23 35 3 59 17 28 60 36 47 37 20 39 44 53 63 26 13 62 14 31 29 7 46 69 57 64 50 51 11 6 42 24 8 2 10 41 33 68 55 56 18 58 38 48 49 21 52 4 12 34 9 5 65 16 22 61 19 66 54 
3 35 23 45 27 15 30 1 67 36 39 28 60 44 53 63 14 26 13 62 31 37 47 20 66 49 21 54 33 68 55 56 18 48 9 34 58 38 52 4 19 61 22 12 5 65 16 59 17 32 40 0 51 50 64 43 25 57 69 46 7 29 11 6 42 8 24 2 10 41 
36 39 60 53 63 14 26 13 62 31 37 47 20 44 59 17 3 35 54 33 68 55 58 38 48 21 49 52 4 12 22 19 61 65 16 5 9 34 56 18 41 2 10 45 32 27 40 42 0 50 64 43 69 57 25 30 1 67 7 46 51 11 6 8 24 23 66 28 15 29 
42 0 51 50 57 64 27 40 32 17 59 66 60 39 36 47 37 20 31 62 26 13 61 19 22 4 12 52 49 21 58 34 38 55 18 56 48 9 5 65 16 14 63 53 44 28 15 25 43 1 30 67 29 7 46 69 11 6 24 8 45 23 35 3 33 68 54 41 10 2 
48 34 58 56 18 38 49 21 52 19 22 61 26 13 62 31 29 7 46 69 57 25 43 30 1 60 66 59 17 40 27 64 50 51 11 6 0 42 8 24 2 10 41 68 55 54 33 35 23 3 32 45 15 28 39 44 53 14 37 47 67 36 20 63 16 65 4 5 9 12 
48 34 58 56 18 38 49 21 52 19 22 61 26 13 62 31 29 7 46 69 57 25 43 30 1 60 66 59 17 40 27 64 50 51 11 6 0 42 8 24 2 10 41 68 55 54 33 35 23 3 32 45 15 28 39 44 53 14 37 47 67 36 20 63 16 65 4 5 9 12 
45 23 35 3 17 59 28 60 53 44 20 37 47 36 29 67 1 30 15 27 64 50 51 11 57 43 25 0 40 32 18 56 58 49 21 48 52 19 22 61 65 16 5 4 12 9 34 38 68 33 54 55 41 10 2 24 8 42 6 46 7 69 39 31 62 13 26 63 14 66 
6 64 50 51 11 57 43 25 69 7 46 30 1 67 39 29 36 37 47 20 31 62 13 26 14 63 61 22 19 52 49 21 48 34 58 38 18 56 55 54 33 68 41 10 2 8 24 45 23 35 3 59 28 17 32 60 53 44 66 9 12 4 5 16 65 15 27 40 0 42 
4 12 5 22 19 61 65 16 48 9 34 52 49 21 38 58 18 56 55 54 33 68 41 10 2 23 35 3 59 17 28 60 44 53 36 47 37 20 31 62 13 26 14 63 66 15 64 25 43 50 51 8 24 40 27 32 45 42 0 6 11 57 69 30 1 67 46 7 29 39 
13 26 61 63 14 36 47 37 31 20 44 53 60 28 59 17 15 30 1 27 64 40 42 0 32 45 2 23 35 3 66 19 22 4 12 5 52 49 21 34 9 48 38 58 56 18 55 68 33 54 41 10 24 8 6 11 51 50 57 69 25 43 7 46 29 67 39 62 16 65 
36 39 59 17 32 45 3 35 23 33 54 68 55 56 18 58 38 48 9 12 4 5 16 65 61 19 22 63 14 26 13 62 31 37 47 20 44 60 53 28 30 1 67 46 7 69 43 25 57 11 51 50 64 27 40 42 8 24 10 2 41 34 49 21 52 66 15 0 6 29 
36 39 59 17 32 45 3 35 23 33 54 68 55 56 18 58 38 48 9 12 4 5 16 65 61 19 22 63 14 26 13 62 31 37 47 20 44 60 53 28 30 1 67 46 7 69 43 25 57 11 51 50 64 27 40 42 8 24 10 2 41 34 49 21 52 66 15 0 6 29 
56 38 21 49 54 33 68 55 41 2 10 23 35 3 17 59 28 60 53 30 1 67 39 44 63 26 14 62 13 20 31 37 47 36 29 46 7 69 50 51 64 57 43 25 27 40 0 11 6 42 8 24 45 32 15 66 19 12 4 52 48 34 9 22 61 65 16 5 58 18 
25 43 57 69 7 46 67 1 30 15 59 28 60 66 53 44 39 36 47 37 31 20 14 63 26 13 62 16 65 61 22 19 4 12 5 34 9 52 48 21 49 38 68 54 33 55 56 18 58 35 23 45 40 42 0 27 64 50 51 11 6 8 24 10 2 41 3 17 32 29 
49 21 12 4 61 22 19 52 58 38 34 9 48 18 56 55 68 33 54 23 35 3 17 59 15 28 60 44 53 14 26 63 13 62 31 37 47 36 39 67 1 30 25 43 27 64 50 51 11 0 40 32 45 10 41 2 8 24 42 6 57 69 46 7 29 20 65 16 5 66 
31 20 67 36 47 37 63 14 62 13 26 44 53 39 60 28 15 30 1 46 7 69 57 43 25 50 51 11 0 27 40 42 8 24 2 10 41 33 54 68 55 18 56 58 34 9 48 38 21 49 4 12 5 16 65 22 61 19 52 66 59 17 3 35 23 45 32 64 6 29 
47 37 31 62 13 26 63 14 20 36 67 46 7 69 43 25 64 50 51 11 0 27 40 32 45 23 35 3 17 59 28 30 1 39 60 44 53 66 48 34 9 12 4 19 61 22 65 16 5 52 49 21 38 58 18 56 55 33 68 41 54 2 10 8 24 42 6 57 15 29 
34 48 38 58 18 56 55 21 49 52 9 12 4 22 61 16 65 62 13 26 14 20 37 31 47 36 25 43 57 51 50 64 42 0 40 27 32 45 3 35 23 33 54 68 41 10 2 24 8 6 11 69 7 46 67 29 30 1 60 53 44 39 28 59 17 15 66 19 63 5 
48 38 58 34 9 12 21 49 56 18 55 54 33 68 41 10 2 23 3 35 17 59 28 60 44 53 63 14 62 31 37 47 36 20 39 67 1 30 15 64 50 51 11 57 43 46 7 69 25 27 40 0 6 42 8 24 45 32 66 19 22 65 16 5 4 52 61 26 13 29 
65 16 5 12 4 22 19 61 26 13 62 31 37 47 36 20 44 53 60 28 59 17 32 45 42 0 40 27 64 25 43 69 46 7 29 67 1 30 15 48 38 58 56 55 68 54 33 10 2 24 8 41 18 34 9 21 49 52 66 3 35 23 6 51 50 11 57 39 63 14 
38 34 58 18 56 55 54 68 33 41 10 2 24 8 0 40 32 27 64 50 51 11 57 43 25 1 30 15 39 36 47 37 31 62 13 26 61 22 19 4 12 5 16 65 63 14 44 53 60 59 28 17 3 35 23 45 42 6 29 7 46 67 69 20 66 52 49 21 48 9 
57 50 51 0 40 27 64 25 43 69 7 46 67 1 15 30 39 36 29 31 62 13 26 63 14 20 37 47 44 53 60 28 59 17 3 35 23 2 10 54 55 68 33 41 56 18 58 38 34 52 48 21 49 12 4 19 22 61 5 65 16 9 66 45 32 8 24 42 6 11 
46 7 69 57 50 51 0 42 8 24 45 40 27 64 25 43 30 1 67 39 44 53 60 28 59 17 32 3 35 23 2 10 41 68 33 54 55 18 56 58 38 49 21 48 34 9 12 52 61 19 22 4 5 16 65 14 63 26 13 31 62 37 47 20 36 29 15 66 11 6 
28 60 44 53 26 13 62 14 63 61 22 19 4 12 52 48 38 58 56 18 55 68 35 23 2 10 41 54 33 3 17 59 45 32 40 0 42 8 24 6 11 51 50 57 69 46 7 43 25 64 27 15 1 30 39 29 67 36 20 37 47 31 65 16 5 9 34 21 49 66 
36 47 37 31 20 62 14 63 53 44 60 28 30 1 43 25 50 51 64 27 32 45 23 68 33 54 35 3 17 59 15 39 67 46 7 69 57 11 6 0 40 42 24 8 2 10 41 55 56 18 58 34 9 38 21 49 48 52 4 12 5 22 61 19 66 13 26 16 65 29 
50 51 11 40 42 0 8 24 2 23 35 3 28 60 53 44 39 30 1 67 46 7 69 43 25 64 27 15 17 32 45 68 54 33 41 10 55 56 18 58 34 9 12 4 52 49 21 38 48 22 19 5 16 65 61 63 14 26 13 62 31 37 47 36 20 66 59 29 57 6 
58 38 48 52 12 4 19 22 61 5 16 65 62 13 26 14 63 20 36 1 30 39 44 60 28 15 17 59 3 35 54 56 18 55 68 33 2 10 41 23 32 27 40 0 42 24 8 45 64 50 51 11 6 57 43 25 69 7 46 67 29 37 47 31 53 66 49 21 9 34 
1 30 25 43 57 69 46 7 29 20 37 47 36 28 60 44 53 63 14 13 26 62 31 22 61 65 16 5 4 12 9 34 38 58 56 18 49 21 48 52 19 66 59 17 40 32 45 23 35 3 33 68 55 54 41 10 2 8 24 15 27 64 50 51 11 0 42 6 39 67 
1 30 25 43 7 46 69 64 50 51 0 40 27 32 45 23 2 10 41 33 68 55 54 35 3 59 17 28 60 53 44 39 36 47 37 20 31 26 13 62 14 63 61 22 4 12 5 16 65 48 34 9 38 58 56 18 21 49 52 19 66 15 57 11 6 42 24 8 67 29 
50 51 64 25 43 57 69 46 7 29 60 28 15 30 1 67 36 47 37 31 62 26 13 63 14 20 39 44 53 12 4 52 48 38 21 49 3 45 32 40 0 42 8 24 2 10 23 35 68 55 54 33 41 56 18 58 34 9 22 61 19 5 65 16 66 59 17 27 11 6 
53 63 26 13 62 31 20 37 47 36 67 1 30 15 17 59 28 44 39 60 61 65 16 22 4 12 48 38 21 49 52 5 9 34 58 56 18 55 54 33 68 2 10 41 23 35 3 32 45 24 8 42 0 40 27 64 25 43 57 50 51 11 6 69 46 7 29 14 66 19 
40 0 42 32 45 2 23 35 3 17 59 60 28 15 30 1 67 36 47 37 31 20 63 14 26 13 62 61 22 4 19 52 12 5 16 65 43 25 64 27 50 51 11 57 69 46 7 29 44 39 53 66 49 21 48 38 58 34 9 56 18 55 68 54 33 41 10 24 8 6 
26 13 63 14 20 37 47 36 39 44 60 53 17 59 3 35 54 68 33 21 49 38 52 12 4 19 61 22 65 16 5 9 34 48 58 56 18 55 41 24 8 42 40 27 64 50 11 51 43 25 46 7 69 67 1 30 15 28 66 23 2 10 45 32 6 0 57 29 31 62 
42 8 24 2 10 23 3 35 33 54 68 55 56 18 34 9 38 58 49 21 48 52 4 12 19 61 22 5 16 65 14 63 26 13 62 47 37 36 20 53 44 60 28 59 17 32 45 27 64 50 51 11 6 0 40 15 30 1 43 25 57 69 7 46 39 67 29 31 66 41 
42 8 24 2 10 23 3 35 33 54 68 55 56 18 34 9 38 58 49 21 48 52 4 12 19 61 22 5 16 65 14 63 26 13 62 47 37 36 20 53 44 60 28 59 17 32 45 27 64 50 51 11 6 0 40 15 30 1 43 25 57 69 7 46 39 67 29 31 66 41 
3 17 59 28 60 31 14 20 37 47 36 39 44 53 63 61 19 22 4 12 52 49 21 48 34 58 38 18 56 55 68 33 54 35 41 10 2 45 32 42 8 24 0 40 27 64 25 43 46 7 69 57 50 51 11 6 15 30 1 67 29 62 26 13 16 65 5 9 66 23 
51 50 64 27 40 42 0 45 23 35 3 17 59 60 44 53 26 13 65 16 12 19 22 61 63 14 62 31 37 47 20 36 39 28 15 30 1 67 46 7 29 25 43 69 57 11 6 8 24 2 10 41 33 68 54 21 49 34 58 56 18 55 38 48 9 52 4 5 66 32 
59 28 60 39 44 53 66 49 21 38 58 34 9 48 56 18 55 54 68 33 10 41 35 3 17 32 45 64 43 25 46 7 69 57 50 51 11 6 0 27 40 42 8 24 2 23 15 30 1 67 29 47 36 20 31 37 62 65 16 5 4 12 52 22 61 63 14 13 26 19 
54 55 68 18 56 58 38 21 49 48 34 9 12 52 4 22 19 61 63 14 31 37 47 20 44 53 28 15 25 43 69 7 46 67 1 30 39 60 59 17 32 45 2 10 41 33 23 3 35 66 40 27 64 50 51 11 0 42 8 24 6 57 29 36 62 13 26 16 65 5 
1 30 15 59 17 27 64 50 51 11 6 8 24 2 10 41 54 68 55 21 49 38 48 9 34 56 18 58 52 12 4 19 61 22 5 16 65 14 63 53 44 60 28 67 7 46 69 57 43 25 40 0 42 3 35 33 23 45 32 66 39 36 47 37 31 62 26 13 20 29 
3 17 59 28 60 44 53 39 30 1 67 36 37 47 20 31 62 13 26 61 22 19 12 4 52 21 49 48 34 58 56 18 68 33 54 35 32 45 24 8 42 0 40 64 50 51 11 6 43 25 57 69 46 7 29 63 14 65 16 5 9 38 55 41 10 2 23 27 15 66 
51 50 64 25 43 69 46 7 67 36 47 20 37 62 13 26 14 61 22 19 4 12 5 9 18 56 55 54 68 33 3 35 23 2 10 41 52 48 38 58 34 21 49 66 53 44 60 28 59 17 32 45 24 8 42 0 40 27 15 30 1 39 63 65 16 31 29 57 11 6 
26 63 14 31 37 47 36 20 39 44 53 60 28 17 59 66 52 21 49 48 34 38 58 56 18 41 68 54 35 3 32 45 23 33 55 2 10 24 8 42 0 40 6 11 51 50 64 27 15 30 1 67 29 7 46 69 43 25 57 62 13 61 22 19 4 12 9 5 16 65 
69 57 43 46 7 1 30 39 36 47 37 20 60 28 59 17 32 40 27 15 67 25 64 50 51 11 6 0 42 8 24 45 2 10 41 33 54 55 68 35 23 3 66 53 44 19 4 12 52 48 34 58 56 18 21 49 38 9 22 61 65 16 5 63 14 26 13 62 31 29 
69 50 51 11 6 27 40 32 45 23 33 54 55 56 18 38 21 49 9 34 58 48 52 12 4 19 63 26 13 62 31 37 47 36 20 44 53 60 28 30 1 67 39 29 46 7 57 25 43 64 15 0 42 8 24 2 10 41 68 35 3 59 17 66 61 65 16 5 22 14 
31 37 20 36 61 22 19 4 12 52 21 49 58 34 38 48 9 5 16 65 13 26 62 63 14 53 44 39 1 30 15 27 64 50 51 11 0 40 32 23 3 35 54 33 68 55 56 18 41 10 2 45 24 8 42 6 43 25 57 69 46 7 67 29 47 60 28 59 17 66 
25 43 57 69 46 67 1 30 39 44 53 63 14 19 4 12 9 5 48 34 58 18 56 55 68 54 33 23 10 41 2 35 3 66 49 21 52 38 22 61 65 16 26 13 62 31 20 36 47 37 29 7 60 28 59 17 40 0 42 8 24 45 32 27 64 50 51 11 6 15 
3 35 23 45 32 17 59 28 60 44 39 36 47 20 37 31 62 26 13 65 16 5 49 21 38 34 58 18 56 55 33 68 54 2 10 41 24 8 42 40 27 64 50 51 11 57 43 25 67 1 30 15 0 6 69 7 46 29 53 14 63 61 22 19 4 12 52 9 48 66 
3 35 23 45 32 17 59 28 60 44 39 36 47 20 37 31 62 26 13 65 16 5 49 21 38 34 58 18 56 55 33 68 54 2 10 41 24 8 42 40 27 64 50 51 11 57 43 25 67 1 30 15 0 6 69 7 46 29 53 14 63 61 22 19 4 12 52 9 48 66 
67 36 39 44 60 28 59 17 32 45 42 40 27 64 50 51 11 57 43 25 1 30 15 20 37 47 31 62 26 13 14 63 53 66 54 33 68 55 56 18 58 38 21 49 52 48 34 9 12 5 65 16 22 61 19 4 2 10 41 35 3 23 24 8 0 6 7 46 69 29 
4 12 9 34 58 38 48 21 49 54 35 3 15 30 1 39 36 20 47 37 31 62 13 26 14 63 44 53 60 59 17 32 8 24 0 50 51 11 6 42 40 27 64 25 43 57 69 7 46 67 29 28 45 2 10 33 68 55 18 56 41 23 66 22 61 19 16 65 5 52 
