11 12 9 10 5 14 2 7 6 0 1 8 13 4 3 
11 0 2 10 1 9 14 3 4 7 6 5 13 8 12 
11 0 2 10 1 9 14 3 4 7 6 5 13 8 12 
11 0 2 10 1 9 14 3 4 7 6 5 13 8 12 
11 0 2 10 1 9 14 3 4 7 6 5 13 8 12 
11 0 2 10 1 9 14 3 4 7 6 5 13 8 12 
11 0 2 10 1 9 14 3 4 7 6 5 13 8 12 
11 0 2 10 1 9 14 3 4 7 6 5 13 8 12 
11 0 2 10 1 9 14 3 4 7 6 5 13 8 12 
11 0 2 10 1 9 14 3 4 7 6 5 13 8 12 
11 0 2 10 1 9 14 3 4 7 6 5 13 8 12 
11 0 2 10 1 9 14 3 4 7 6 5 13 8 12 
10 2 8 5 6 0 9 1 7 13 3 4 12 11 14 
10 2 8 5 6 0 9 1 7 13 3 4 12 11 14 
10 2 8 5 6 0 9 1 7 13 3 4 12 11 14 
10 2 8 5 6 0 9 1 7 13 3 4 12 11 14 
10 2 8 5 6 0 9 1 7 13 3 4 12 11 14 
10 2 8 5 6 0 9 1 7 13 3 4 12 11 14 
10 2 8 5 6 0 9 1 7 13 3 4 12 11 14 
10 2 8 5 6 0 9 1 7 13 3 4 12 11 14 
10 2 8 5 6 0 9 1 7 13 3 4 12 11 14 
12 11 5 10 1 9 8 7 6 4 3 2 0 14 13 
12 11 5 10 1 9 8 7 6 4 3 2 0 14 13 
12 11 5 10 1 9 8 7 6 4 3 2 0 14 13 
12 11 5 10 1 9 8 7 6 4 3 2 0 14 13 
12 11 5 10 1 9 8 7 6 4 3 2 0 14 13 
12 11 5 10 1 9 8 7 6 4 3 2 0 14 13 
12 11 5 10 1 9 8 7 6 4 3 2 0 14 13 
12 11 5 10 1 9 8 7 6 4 3 2 0 14 13 
8 5 0 7 2 6 14 3 12 13 10 4 11 9 1 
8 5 0 7 2 6 14 3 12 13 10 4 11 9 1 
8 5 0 7 2 6 14 3 12 13 10 4 11 9 1 
8 5 0 7 2 6 14 3 12 13 10 4 11 9 1 
8 5 0 7 2 6 14 3 12 13 10 4 11 9 1 
8 5 0 7 2 6 14 3 12 13 10 4 11 9 1 
8 5 0 7 2 6 14 3 12 13 10 4 11 9 1 
8 5 0 7 2 6 14 3 12 13 10 4 11 9 1 
8 5 0 7 2 6 14 3 12 13 10 4 11 9 1 
8 5 0 7 2 6 14 3 12 13 10 4 11 9 1 
8 5 0 7 2 6 14 3 12 13 10 4 11 9 1 
8 5 0 7 2 6 14 3 12 13 10 4 11 9 1 
8 5 0 7 2 6 14 3 12 13 10 4 11 9 1 
8 5 0 7 2 6 14 3 12 13 10 4 11 9 1 
8 5 0 7 2 6 14 3 12 13 10 4 11 9 1 
8 5 0 7 2 6 14 3 12 13 10 4 11 9 1 
8 5 0 7 2 6 14 3 12 13 10 4 11 9 1 
8 5 0 7 2 6 14 3 12 13 10 4 11 9 1 
8 5 0 7 2 6 14 3 12 13 10 4 11 9 1 
8 5 0 7 2 6 14 3 12 13 10 4 11 9 1 
5 14 8 13 6 7 2 12 11 10 0 9 4 3 1 
5 14 8 13 6 7 2 12 11 10 0 9 4 3 1 
5 14 8 13 6 7 2 12 11 10 0 9 4 3 1 
5 14 8 13 6 7 2 12 11 10 0 9 4 3 1 
5 14 8 13 6 7 2 12 11 10 0 9 4 3 1 
5 14 8 13 6 7 2 12 11 10 0 9 4 3 1 
5 14 8 13 6 7 2 12 11 10 0 9 4 3 1 
5 14 8 13 6 7 2 12 11 10 0 9 4 3 1 
5 14 8 13 6 7 2 12 11 10 0 9 4 3 1 
5 14 8 13 6 7 2 12 11 10 0 9 4 3 1 
5 14 8 13 6 7 2 12 11 10 0 9 4 3 1 
5 14 8 13 6 7 2 12 11 10 0 9 4 3 1 
5 14 8 13 6 7 2 12 11 10 0 9 4 3 1 
5 14 8 13 6 7 2 12 11 10 0 9 4 3 1 
5 14 8 13 6 7 2 12 11 10 0 9 4 3 1 
5 14 8 13 6 7 2 12 11 10 0 9 4 3 1 
5 14 8 13 6 7 2 12 11 10 0 9 4 3 1 
5 14 8 13 6 7 2 12 11 10 0 9 4 3 1 
5 14 8 13 6 7 2 12 11 10 0 9 4 3 1 
4 3 7 10 6 14 1 13 8 2 12 11 5 9 0 
4 3 7 10 6 14 1 13 8 2 12 11 5 9 0 
4 3 7 10 6 14 1 13 8 2 12 11 5 9 0 
4 3 7 10 6 14 1 13 8 2 12 11 5 9 0 
4 3 7 10 6 14 1 13 8 2 12 11 5 9 0 
4 3 7 10 6 14 1 13 8 2 12 11 5 9 0 
4 3 7 10 6 14 1 13 8 2 12 11 5 9 0 
4 3 7 10 6 14 1 13 8 2 12 11 5 9 0 
4 3 7 10 6 14 1 13 8 2 12 11 5 9 0 
4 3 7 10 6 14 1 13 8 2 12 11 5 9 0 
4 3 7 10 6 14 1 13 8 2 12 11 5 9 0 
4 3 7 10 6 14 1 13 8 2 12 11 5 9 0 
4 3 7 10 6 14 1 13 8 2 12 11 5 9 0 
4 3 7 10 6 14 1 13 8 2 12 11 5 9 0 
4 3 7 10 6 14 1 13 8 2 12 11 5 9 0 
4 3 7 10 6 14 1 13 8 2 12 11 5 9 0 
4 3 7 10 6 14 1 13 8 2 12 11 5 9 0 
4 3 7 10 6 14 1 13 8 2 12 11 5 9 0 
3 4 0 6 14 7 11 8 9 10 12 13 1 5 2 
3 4 0 6 14 7 11 8 9 10 12 13 1 5 2 
3 4 0 6 14 7 11 8 9 10 12 13 1 5 2 
3 4 0 6 14 7 11 8 9 10 12 13 1 5 2 
3 4 0 6 14 7 11 8 9 10 12 13 1 5 2 
3 4 0 6 14 7 11 8 9 10 12 13 1 5 2 
3 4 0 6 14 7 11 8 9 10 12 13 1 5 2 
3 4 0 6 14 7 11 8 9 10 12 13 1 5 2 
3 4 0 6 14 7 11 8 9 10 12 13 1 5 2 
3 4 0 6 14 7 11 8 9 10 12 13 1 5 2 
3 4 0 6 14 7 11 8 9 10 12 13 1 5 2 
3 4 0 6 14 7 11 8 9 10 12 13 1 5 2 
3 4 0 6 14 7 11 8 9 10 12 13 1 5 2 
3 4 0 6 14 7 11 8 9 10 12 13 1 5 2 
