6 11 16 22 29 3 35 43 40 19 32 53 7 54 37 51 17 0 15 34 23 20 10 28 49 4 8 21 13 50 39 25 5 18 14 1 38 26 45 24 42 31 52 27 41 12 48 30 9 36 33 47 46 44 2 
22 13 25 1 26 32 10 16 33 2 30 44 14 50 39 52 3 29 23 20 5 9 41 27 4 17 47 21 35 6 8 38 7 37 48 51 0 45 24 49 34 42 12 15 11 46 36 43 28 19 40 31 53 54 18 
45 27 49 52 34 48 40 9 1 42 0 3 7 6 24 33 51 17 21 15 18 54 22 16 29 30 11 36 2 47 43 23 35 5 12 19 37 31 53 32 4 14 44 41 10 28 8 20 38 39 13 26 25 50 46 
40 44 24 52 4 16 54 1 42 22 30 35 45 15 0 33 13 6 41 37 29 32 11 27 9 48 43 23 31 50 28 3 47 17 34 12 8 20 14 5 39 53 46 7 36 25 49 10 51 18 2 21 26 38 19 
40 44 24 52 4 16 54 1 42 22 30 35 45 15 0 33 13 6 41 37 29 32 11 27 9 48 43 23 31 50 28 3 47 17 34 12 8 20 14 5 39 53 46 7 36 25 49 10 51 18 2 21 26 38 19 
18 31 3 47 7 53 1 15 49 50 5 48 2 44 33 37 25 43 6 20 14 12 30 46 39 32 10 19 9 38 52 27 42 41 35 22 34 29 17 40 11 26 21 0 36 51 16 24 8 4 45 13 23 28 54 
18 23 43 6 28 20 35 40 7 16 15 25 13 24 9 30 32 11 39 38 42 12 10 2 33 53 50 3 48 17 45 27 37 49 46 52 22 8 29 4 51 5 31 47 36 44 21 14 19 41 34 26 1 0 54 
51 6 11 44 45 18 21 34 50 49 7 23 5 25 53 9 3 0 37 13 20 16 32 28 19 14 42 38 15 36 39 17 47 46 48 22 1 26 30 52 27 12 10 33 40 35 41 43 29 2 8 31 4 24 54 
51 6 11 44 45 18 21 34 50 49 7 23 5 25 53 9 3 0 37 13 20 16 32 28 19 14 42 38 15 36 39 17 47 46 48 22 1 26 30 52 27 12 10 33 40 35 41 43 29 2 8 31 4 24 54 
44 39 24 3 35 43 2 46 15 36 49 13 5 12 30 54 6 51 40 7 17 53 0 37 1 20 50 42 25 10 29 32 21 27 23 52 45 11 48 22 31 33 14 16 4 47 19 41 18 28 38 34 8 26 9 
8 32 4 54 15 47 36 49 25 48 16 23 2 33 42 5 35 6 29 46 27 20 31 45 26 21 0 19 10 53 40 43 41 50 11 9 12 38 39 34 51 37 52 22 28 13 17 14 24 3 30 44 7 18 1 
25 23 10 22 30 16 3 20 33 6 7 36 19 27 11 40 13 37 48 8 18 17 31 38 52 9 53 41 49 46 35 43 12 4 47 15 2 24 34 1 28 21 44 32 26 42 45 5 39 54 0 29 51 50 14 
25 23 10 22 30 16 3 20 33 6 7 36 19 27 11 40 13 37 48 8 18 17 31 38 52 9 53 41 49 46 35 43 12 4 47 15 2 24 34 1 28 21 44 32 26 42 45 5 39 54 0 29 51 50 14 
51 11 27 29 41 1 19 40 7 31 14 9 26 23 21 16 22 20 8 18 50 38 49 4 44 25 3 6 32 2 5 35 12 30 48 39 45 42 17 15 47 24 10 54 43 13 33 36 37 53 28 52 46 34 0 
5 9 38 45 19 12 35 2 46 6 43 49 20 51 1 16 40 17 24 39 18 0 11 32 54 36 25 23 21 34 27 7 13 44 48 30 31 28 3 10 26 47 15 14 37 4 53 29 41 33 8 50 52 22 42 
0 39 10 49 13 33 21 17 54 12 26 29 48 42 2 41 28 4 52 5 38 45 19 51 16 35 43 32 22 40 9 30 23 1 27 25 7 8 37 50 18 15 34 11 3 6 24 47 44 31 14 46 53 20 36 
37 7 40 16 36 29 31 50 11 41 8 19 28 9 25 39 43 13 17 10 12 30 4 22 0 18 49 20 21 38 3 48 32 45 24 26 34 27 1 47 35 42 6 46 23 52 53 15 2 14 44 54 33 51 5 
0 34 6 4 1 40 37 31 50 27 19 15 52 51 47 46 7 29 23 22 39 26 2 18 20 30 14 24 12 9 28 10 3 36 49 44 11 48 5 42 8 45 21 25 13 38 43 33 41 35 16 54 17 53 32 
42 39 26 7 3 30 31 4 2 23 16 41 43 36 44 37 49 20 24 6 46 8 15 33 10 52 53 54 22 14 5 11 47 25 18 21 45 12 13 17 48 51 32 19 40 35 27 28 50 29 9 38 0 34 1 
2 20 1 24 22 42 3 31 47 43 46 16 4 5 8 27 50 25 39 6 36 33 23 45 52 14 19 7 40 48 29 9 32 35 10 51 44 11 13 34 28 12 38 15 18 49 17 21 26 30 41 37 53 54 0 
2 20 1 24 22 42 3 31 47 43 46 16 4 5 8 27 50 25 39 6 36 33 23 45 52 14 19 7 40 48 29 9 32 35 10 51 44 11 13 34 28 12 38 15 18 49 17 21 26 30 41 37 53 54 0 
13 24 3 6 10 17 2 36 19 33 31 20 47 34 53 21 8 51 25 9 40 43 4 50 15 44 38 22 48 12 30 14 5 37 7 41 49 23 29 46 32 39 26 27 11 18 42 45 16 54 35 1 52 28 0 
46 19 40 43 35 45 21 13 28 52 1 15 27 16 22 30 39 51 42 2 8 26 20 23 48 3 10 29 38 33 36 31 50 32 34 4 49 5 0 47 7 54 11 9 14 12 17 41 53 18 24 25 37 44 6 
1 42 26 4 35 2 15 54 17 38 50 29 33 8 11 44 41 24 21 36 43 23 39 25 34 18 7 40 28 6 3 53 19 5 14 32 51 16 49 52 45 20 12 48 9 10 31 47 37 46 13 30 27 22 0 
18 10 32 13 19 53 37 20 25 50 35 49 54 4 2 11 36 0 33 43 28 26 12 29 9 51 39 7 22 27 48 40 45 44 8 21 1 31 52 3 46 16 47 17 34 41 6 5 30 38 24 14 23 15 42 
18 10 32 13 19 53 37 20 25 50 35 49 54 4 2 11 36 0 33 43 28 26 12 29 9 51 39 7 22 27 48 40 45 44 8 21 1 31 52 3 46 16 47 17 34 41 6 5 30 38 24 14 23 15 42 
2 53 33 11 34 46 40 12 8 16 9 3 27 30 19 4 18 22 26 52 38 25 24 20 17 44 50 45 51 23 39 28 32 5 1 7 41 49 47 36 29 35 43 48 10 13 42 14 6 37 21 31 15 0 54 
2 53 33 11 34 46 40 12 8 16 9 3 27 30 19 4 18 22 26 52 38 25 24 20 17 44 50 45 51 23 39 28 32 5 1 7 41 49 47 36 29 35 43 48 10 13 42 14 6 37 21 31 15 0 54 
18 16 0 51 43 53 31 19 14 27 52 48 29 36 30 9 32 22 13 24 44 7 10 1 45 50 35 2 34 46 49 37 54 40 15 20 41 42 12 3 39 47 28 23 26 38 25 8 33 5 21 17 6 11 4 
42 39 0 20 35 41 6 46 15 36 14 38 26 45 48 9 8 52 30 4 19 54 16 12 3 50 1 34 25 40 27 32 21 23 31 18 49 10 53 24 44 17 28 11 47 37 13 51 33 22 7 43 2 29 5 
23 45 29 44 11 8 34 2 33 31 10 43 22 3 13 26 42 37 46 40 36 49 38 4 48 15 14 5 32 30 18 6 9 28 7 53 19 25 41 12 35 16 20 17 1 52 54 24 27 39 50 47 51 0 21 
34 23 44 43 48 19 16 18 20 47 14 1 31 30 9 11 3 7 39 8 17 46 40 2 53 54 37 22 49 32 41 36 35 4 6 26 15 21 33 5 52 38 12 27 10 51 29 13 25 50 45 24 42 28 0 
34 23 44 43 48 19 16 18 20 47 14 1 31 30 9 11 3 7 39 8 17 46 40 2 53 54 37 22 49 32 41 36 35 4 6 26 15 21 33 5 52 38 12 27 10 51 29 13 25 50 45 24 42 28 0 
37 17 5 21 35 8 20 13 42 23 24 19 49 26 45 39 47 27 48 54 28 22 43 46 38 30 52 3 32 36 10 16 40 33 44 11 51 53 41 25 2 6 14 50 9 29 34 7 12 31 4 18 15 1 0 
43 9 42 28 16 25 29 3 21 38 22 54 11 51 20 4 39 18 0 44 31 26 36 34 32 6 52 19 15 2 50 8 23 53 47 10 40 30 48 12 13 45 5 17 49 24 1 33 37 35 41 46 7 27 14 
31 40 41 34 9 12 27 52 18 51 24 10 49 50 35 26 45 46 19 29 14 11 13 21 5 38 30 48 22 8 23 47 44 17 43 1 37 4 28 42 16 39 25 36 53 2 7 32 20 15 3 6 0 54 33 
31 40 41 34 9 12 27 52 18 51 24 10 49 50 35 26 45 46 19 29 14 11 13 21 5 38 30 48 22 8 23 47 44 17 43 1 37 4 28 42 16 39 25 36 53 2 7 32 20 15 3 6 0 54 33 
52 36 49 39 18 45 8 32 38 26 30 35 2 47 27 25 14 15 3 24 34 28 51 53 33 17 19 43 12 21 40 9 1 16 42 5 37 0 6 50 46 29 54 22 41 10 4 44 11 7 23 31 13 20 48 
22 52 44 9 41 29 28 51 25 5 50 39 48 40 49 47 11 1 18 46 16 7 0 21 19 45 42 10 43 17 4 38 13 27 31 37 3 36 15 35 34 20 32 33 2 30 26 24 53 14 12 8 6 54 23 
16 14 8 25 51 6 36 2 5 18 50 47 40 49 32 35 48 37 17 22 46 45 9 3 52 43 19 21 28 42 12 4 29 38 41 15 23 39 34 7 33 31 30 10 24 27 26 11 20 13 1 53 54 0 44 
42 24 28 27 3 47 49 34 51 7 52 53 48 43 41 25 0 15 22 9 32 30 13 50 6 19 2 39 45 1 35 14 16 46 36 8 31 18 11 44 38 26 4 23 40 12 33 37 10 5 21 29 17 20 54 
3 9 30 28 19 53 35 31 54 27 10 17 47 2 15 25 39 42 43 40 36 0 22 46 45 13 8 5 18 1 51 7 6 37 12 50 29 26 4 38 33 16 11 21 24 49 52 23 32 34 44 41 48 14 20 
3 9 30 28 19 53 35 31 54 27 10 17 47 2 15 25 39 42 43 40 36 0 22 46 45 13 8 5 18 1 51 7 6 37 12 50 29 26 4 38 33 16 11 21 24 49 52 23 32 34 44 41 48 14 20 
11 5 18 22 16 26 50 13 33 23 51 14 15 34 37 17 46 54 8 38 28 49 20 45 7 24 2 44 9 41 47 29 40 30 3 32 53 12 43 36 39 31 21 52 0 4 27 19 10 48 6 42 35 25 1 
11 5 18 22 16 26 50 13 33 23 51 14 15 34 37 17 46 54 8 38 28 49 20 45 7 24 2 44 9 41 47 29 40 30 3 32 53 12 43 36 39 31 21 52 0 4 27 19 10 48 6 42 35 25 1 
17 26 20 15 18 32 51 37 12 29 7 49 21 42 1 9 41 4 13 11 31 54 47 53 28 14 50 5 48 34 3 22 0 43 30 24 10 27 52 46 33 16 8 38 36 40 44 45 23 6 25 39 19 35 2 
33 29 49 19 47 13 39 25 17 42 46 11 9 45 52 30 43 41 51 14 38 37 15 34 12 36 6 8 2 35 24 54 23 22 31 4 28 27 26 18 21 20 16 53 0 7 5 50 1 48 40 44 32 10 3 
54 21 14 37 19 22 36 16 11 43 48 53 39 50 12 52 9 45 8 3 5 1 33 51 28 18 31 24 41 20 40 32 27 49 44 47 34 6 2 46 26 35 29 10 42 38 13 30 17 15 25 23 0 7 4 
54 21 14 37 19 22 36 16 11 43 48 53 39 50 12 52 9 45 8 3 5 1 33 51 28 18 31 24 41 20 40 32 27 49 44 47 34 6 2 46 26 35 29 10 42 38 13 30 17 15 25 23 0 7 4 
29 48 9 14 5 54 18 21 53 26 36 37 17 39 51 11 35 30 3 44 45 7 47 27 1 52 22 2 40 25 50 34 46 15 19 23 6 32 13 4 49 8 0 28 38 43 16 12 20 42 41 24 33 31 10 
4 51 0 3 35 27 47 17 44 48 18 32 39 19 23 20 5 8 7 25 26 53 43 28 15 30 52 31 46 6 54 34 40 11 37 38 12 42 49 45 50 1 10 13 21 22 29 36 2 16 41 24 33 9 14 
41 23 9 27 29 12 24 48 17 15 51 52 32 45 43 1 54 6 31 7 34 14 13 42 49 20 4 39 46 53 22 36 28 44 33 2 11 16 26 30 38 21 50 18 37 3 25 5 0 47 10 19 40 35 8 
46 30 41 22 28 6 31 49 20 25 24 2 44 8 45 36 12 0 19 48 10 16 40 17 33 11 54 13 5 50 15 42 53 4 21 23 1 38 35 37 27 29 43 32 9 39 18 14 52 3 26 47 7 34 51 
16 54 36 3 22 12 29 53 40 10 32 34 52 14 39 43 41 25 42 51 15 4 7 50 6 20 23 21 49 5 26 48 19 11 30 31 0 47 9 46 37 38 13 45 24 2 44 35 27 33 8 28 18 17 1 
9 35 44 21 1 49 27 32 5 13 42 25 38 14 31 6 11 17 45 26 40 30 53 20 2 8 46 50 16 43 41 10 24 52 28 12 33 51 3 39 18 37 29 19 48 22 47 23 15 36 54 0 7 4 34 
10 15 38 8 42 45 5 24 35 44 6 40 2 33 50 27 13 0 7 51 12 11 54 34 36 37 29 23 28 19 32 48 30 22 16 1 3 47 18 20 25 52 41 43 53 4 31 26 46 17 9 14 49 21 39 
11 16 49 5 39 13 52 10 38 12 7 42 22 51 14 1 28 23 37 50 20 32 0 44 21 40 34 48 30 9 26 24 25 31 47 3 41 46 6 33 19 45 18 43 2 8 36 15 35 29 17 27 4 54 53 
11 16 49 5 39 13 52 10 38 12 7 42 22 51 14 1 28 23 37 50 20 32 0 44 21 40 34 48 30 9 26 24 25 31 47 3 41 46 6 33 19 45 18 43 2 8 36 15 35 29 17 27 4 54 53 
28 34 53 45 15 13 41 44 5 33 39 49 31 10 30 27 42 54 40 19 32 20 7 37 43 3 9 47 11 29 23 26 12 46 18 4 52 48 50 17 6 25 14 8 24 16 36 51 2 22 35 38 0 21 1 
33 18 9 41 43 30 36 49 44 28 20 25 45 21 12 23 14 48 2 27 29 37 0 15 51 34 4 38 39 22 6 46 7 1 52 53 35 3 16 32 11 17 54 26 5 47 8 19 40 10 42 31 13 24 50 
33 18 9 41 43 30 36 49 44 28 20 25 45 21 12 23 14 48 2 27 29 37 0 15 51 34 4 38 39 22 6 46 7 1 52 53 35 3 16 32 11 17 54 26 5 47 8 19 40 10 42 31 13 24 50 
9 6 12 29 27 17 20 49 3 30 33 53 40 41 2 47 0 14 36 11 18 42 19 46 44 45 26 5 15 1 34 43 54 51 24 37 23 21 25 35 32 8 4 31 50 22 39 13 16 7 52 38 10 28 48 
47 14 18 49 37 2 20 30 34 22 40 16 36 51 41 3 27 15 8 23 28 31 24 13 6 4 45 21 33 46 5 7 48 39 50 9 38 44 1 35 11 43 29 12 19 17 42 25 32 26 52 53 54 0 10 
26 35 46 40 19 51 31 53 43 44 16 29 28 24 49 6 33 0 50 52 2 4 8 48 39 23 15 38 12 21 42 47 30 9 3 14 1 45 10 41 7 27 54 36 18 25 34 32 11 22 13 20 17 5 37 
24 26 13 28 23 34 36 44 37 20 43 14 51 49 6 40 33 29 19 39 10 5 18 7 12 38 32 16 53 54 4 30 47 31 45 21 2 17 11 15 9 42 52 1 8 50 46 35 22 3 48 25 27 41 0 
24 26 13 28 23 34 36 44 37 20 43 14 51 49 6 40 33 29 19 39 10 5 18 7 12 38 32 16 53 54 4 30 47 31 45 21 2 17 11 15 9 42 52 1 8 50 46 35 22 3 48 25 27 41 0 
19 43 41 6 29 15 35 49 7 2 30 38 3 32 22 48 10 8 31 12 40 18 52 46 47 44 28 20 27 13 33 42 4 21 9 39 14 23 36 37 34 50 24 25 51 16 45 5 17 0 54 26 1 11 53 
29 12 46 6 7 17 40 35 51 0 48 23 5 1 20 22 11 50 8 45 26 14 33 53 36 43 2 30 27 16 34 18 3 47 4 41 44 38 24 52 32 9 28 31 39 21 19 49 10 13 54 37 15 25 42 
49 22 19 8 28 4 33 46 44 10 5 21 26 38 23 35 50 36 52 6 20 13 29 42 9 7 2 0 47 18 14 40 25 43 24 15 17 16 34 37 27 1 45 31 39 32 41 3 11 53 54 12 48 30 51 
49 22 19 8 28 4 33 46 44 10 5 21 26 38 23 35 50 36 52 6 20 13 29 42 9 7 2 0 47 18 14 40 25 43 24 15 17 16 34 37 27 1 45 31 39 32 41 3 11 53 54 12 48 30 51 
13 24 14 1 17 16 44 22 48 30 31 18 26 25 34 47 20 12 43 6 4 52 3 35 27 45 10 38 50 2 33 41 0 37 49 39 32 15 51 7 29 11 8 28 19 23 42 9 40 54 46 21 53 36 5 
13 24 14 1 17 16 44 22 48 30 31 18 26 25 34 47 20 12 43 6 4 52 3 35 27 45 10 38 50 2 33 41 0 37 49 39 32 15 51 7 29 11 8 28 19 23 42 9 40 54 46 21 53 36 5 
39 18 46 51 0 15 6 28 14 36 11 35 32 17 1 34 13 50 7 2 31 3 16 44 40 47 42 25 38 49 29 4 21 20 33 12 48 5 8 30 41 53 43 9 27 24 10 19 52 22 54 23 26 37 45 
14 7 36 5 12 33 45 43 48 27 41 30 9 32 39 40 46 47 0 35 6 44 38 29 21 28 23 52 13 10 8 25 1 11 16 24 37 20 34 18 17 51 22 3 19 54 50 42 31 4 53 15 26 49 2 
36 30 41 38 39 51 14 25 4 44 23 46 2 0 6 21 52 5 43 18 32 7 9 16 34 13 31 1 11 26 49 3 35 40 8 48 15 42 17 29 27 10 50 12 24 45 28 19 20 22 37 33 47 53 54 
29 30 35 25 20 54 2 34 21 53 37 38 49 27 6 41 52 33 7 44 12 4 47 18 0 51 17 15 5 50 48 11 46 16 8 24 19 32 10 42 45 31 43 22 28 40 9 26 13 39 36 3 23 14 1 
20 42 21 39 45 50 22 17 30 41 5 10 14 54 16 34 13 24 37 6 32 9 35 29 28 7 48 26 31 23 47 43 27 18 53 8 46 11 19 1 15 52 49 25 44 33 36 2 51 40 0 4 38 12 3 
42 29 38 19 41 52 47 11 40 23 2 36 53 45 20 33 44 6 21 14 9 31 30 48 34 26 24 10 3 39 50 18 51 16 32 13 8 28 7 37 4 25 22 54 46 35 5 15 0 49 17 43 27 12 1 
30 48 26 31 27 15 36 18 8 50 23 52 3 21 43 35 41 22 1 45 13 12 11 2 14 9 20 38 44 6 37 42 47 51 46 16 53 32 28 4 19 10 17 29 40 33 7 5 34 54 0 25 49 39 24 
22 11 31 29 39 18 6 13 25 8 2 16 0 54 9 41 24 49 3 21 45 4 26 48 5 36 44 53 28 7 40 32 20 34 52 23 43 37 10 42 14 51 12 50 1 38 19 30 47 46 27 35 33 17 15 
25 48 30 19 2 6 7 14 31 50 26 4 5 10 12 49 45 42 52 20 11 34 27 46 40 13 29 38 41 39 15 24 44 8 17 43 32 35 3 37 21 22 28 54 16 33 9 23 51 53 0 47 36 18 1 
34 23 18 38 5 44 43 40 51 35 15 27 22 20 30 25 50 52 42 32 36 6 37 3 54 53 41 4 46 13 24 17 12 1 45 49 39 10 11 8 48 9 29 47 2 33 21 16 19 31 28 26 14 7 0 
34 23 18 38 5 44 43 40 51 35 15 27 22 20 30 25 50 52 42 32 36 6 37 3 54 53 41 4 46 13 24 17 12 1 45 49 39 10 11 8 48 9 29 47 2 33 21 16 19 31 28 26 14 7 0 
6 43 29 15 39 18 53 7 3 44 9 10 41 19 49 11 37 40 35 12 42 2 14 36 46 16 32 52 28 27 33 17 30 20 31 21 25 22 4 24 26 51 1 38 45 47 48 50 34 0 8 23 5 13 54 
6 43 29 15 39 18 53 7 3 44 9 10 41 19 49 11 37 40 35 12 42 2 14 36 46 16 32 52 28 27 33 17 30 20 31 21 25 22 4 24 26 51 1 38 45 47 48 50 34 0 8 23 5 13 54 
3 29 30 41 23 43 11 39 32 22 35 16 52 12 53 24 36 2 28 14 5 38 45 31 44 51 19 17 1 25 27 20 49 37 21 50 6 33 10 7 48 42 54 46 9 40 4 13 18 34 26 15 8 0 47 
3 29 30 41 23 43 11 39 32 22 35 16 52 12 53 24 36 2 28 14 5 38 45 31 44 51 19 17 1 25 27 20 49 37 21 50 6 33 10 7 48 42 54 46 9 40 4 13 18 34 26 15 8 0 47 
29 53 4 21 27 26 0 6 47 13 42 50 41 36 51 7 11 18 38 24 22 14 12 35 17 8 44 1 52 43 54 10 28 45 20 15 34 48 30 16 19 2 33 25 39 31 46 32 3 40 49 5 23 9 37 
47 46 2 29 5 35 12 32 20 53 44 43 40 13 30 16 38 8 28 42 24 6 41 19 34 39 25 50 36 3 14 9 52 31 22 27 15 26 10 48 21 45 4 17 11 7 1 37 33 51 23 0 49 18 54 
39 32 3 27 28 49 34 2 14 0 18 9 17 5 7 48 40 43 30 23 16 45 31 6 19 29 25 8 13 1 47 11 4 24 15 46 37 51 38 20 54 21 10 26 42 36 44 33 35 41 53 50 52 12 22 
53 49 52 47 25 34 5 20 51 3 15 37 18 24 6 4 45 48 27 43 50 36 46 29 35 19 7 32 40 39 13 38 8 17 44 9 41 30 21 10 42 14 26 23 33 11 16 12 31 1 28 54 2 22 0 
53 49 52 47 25 34 5 20 51 3 15 37 18 24 6 4 45 48 27 43 50 36 46 29 35 19 7 32 40 39 13 38 8 17 44 9 41 30 21 10 42 14 26 23 33 11 16 12 31 1 28 54 2 22 0 
52 41 11 32 18 40 9 39 28 13 38 23 2 30 43 36 6 51 37 33 3 25 14 5 17 31 10 48 27 12 26 24 29 50 4 20 49 16 0 15 8 45 34 54 46 44 35 21 19 53 22 47 42 7 1 
52 41 11 32 18 40 9 39 28 13 38 23 2 30 43 36 6 51 37 33 3 25 14 5 17 31 10 48 27 12 26 24 29 50 4 20 49 16 0 15 8 45 34 54 46 44 35 21 19 53 22 47 42 7 1 
16 53 14 20 34 29 44 52 19 40 18 47 54 4 2 8 42 48 26 50 15 23 27 24 45 30 9 35 49 36 1 46 22 37 7 12 39 43 38 41 3 11 17 33 21 28 32 31 13 25 5 10 6 0 51 
50 45 15 52 43 36 37 9 33 10 0 21 8 27 20 34 51 26 5 14 1 41 12 18 30 29 48 42 38 49 22 19 23 44 2 13 3 31 28 35 4 32 47 46 25 24 6 11 7 40 16 39 17 54 53 
53 22 9 15 14 42 13 52 7 32 18 51 25 50 2 49 1 10 21 35 48 45 47 46 6 44 24 43 38 28 27 41 5 40 39 37 16 11 33 36 34 31 3 30 29 26 17 23 20 19 12 8 4 0 54 
53 22 9 15 14 42 13 52 7 32 18 51 25 50 2 49 1 10 21 35 48 45 47 46 6 44 24 43 38 28 27 41 5 40 39 37 16 11 33 36 34 31 3 30 29 26 17 23 20 19 12 8 4 0 54 
38 9 3 29 17 26 36 46 7 43 22 34 35 4 20 32 41 30 48 44 5 23 49 12 37 6 1 10 19 2 53 39 28 15 13 14 11 33 52 27 18 21 8 25 42 31 0 54 45 47 50 51 16 40 24 
29 36 49 47 26 31 24 33 11 32 54 37 39 18 51 40 44 46 14 20 34 9 48 50 5 53 4 25 12 35 6 8 7 16 42 21 38 52 22 41 45 3 17 15 27 43 30 19 10 28 23 1 13 2 0 
