18 3 27 1 16 2 5 24 10 25 28 15 20 11 9 14 17 22 4 29 26 7 8 19 0 6 13 23 12 21 
0 29 11 14 17 6 23 21 13 4 16 27 20 12 3 1 24 5 18 28 2 10 9 19 7 8 25 15 22 26 
0 29 11 14 17 6 23 21 13 4 16 27 20 12 3 1 24 5 18 28 2 10 9 19 7 8 25 15 22 26 
26 23 4 29 27 12 22 28 9 14 20 11 10 16 19 18 5 24 15 17 8 25 6 7 2 1 0 21 3 13 
26 23 4 29 27 12 22 28 9 14 20 11 10 16 19 18 5 24 15 17 8 25 6 7 2 1 0 21 3 13 
22 28 0 5 12 26 6 15 9 11 19 10 7 24 8 17 1 25 14 20 4 18 21 2 27 16 3 23 13 29 
27 1 6 23 19 26 11 2 17 16 25 15 5 24 14 22 9 8 21 4 20 10 3 28 13 12 7 0 29 18 
10 20 4 28 7 24 5 16 22 6 0 29 26 18 21 17 9 13 11 14 1 25 15 19 23 2 3 12 8 27 
25 11 20 14 5 18 8 0 13 28 23 9 22 4 29 19 10 12 17 26 15 7 27 21 2 1 24 6 16 3 
27 28 9 19 3 25 24 21 1 12 23 7 14 11 8 22 17 5 20 2 18 0 16 10 15 13 6 4 29 26 
27 28 9 19 3 25 24 21 1 12 23 7 14 11 8 22 17 5 20 2 18 0 16 10 15 13 6 4 29 26 
5 24 25 29 3 12 28 15 4 2 21 18 27 6 13 10 19 8 26 9 16 23 22 7 20 0 17 14 11 1 
14 16 22 26 0 17 25 9 1 29 6 12 23 3 8 28 13 2 20 4 15 19 18 27 10 24 5 21 7 11 
24 2 3 8 21 12 23 14 17 13 22 4 10 6 20 19 5 15 18 1 16 27 9 11 0 29 26 7 25 28 
24 2 3 8 21 12 23 14 17 13 22 4 10 6 20 19 5 15 18 1 16 27 9 11 0 29 26 7 25 28 
10 23 19 25 15 24 11 9 2 5 16 28 6 4 3 21 12 1 27 8 0 18 14 22 26 7 20 17 13 29 
10 23 19 25 15 24 11 9 2 5 16 28 6 4 3 21 12 1 27 8 0 18 14 22 26 7 20 17 13 29 
12 1 24 20 28 26 21 6 23 18 3 8 0 15 5 25 16 27 13 17 7 2 10 9 4 19 22 11 14 29 
6 26 17 13 11 25 15 29 0 12 23 20 19 27 21 8 3 22 1 2 16 9 14 7 4 10 5 18 24 28 
6 26 17 13 11 25 15 29 0 12 23 20 19 27 21 8 3 22 1 2 16 9 14 7 4 10 5 18 24 28 
0 6 18 1 2 14 17 25 19 13 3 9 4 28 24 5 10 7 8 12 11 15 23 21 16 20 22 26 27 29 
0 6 18 1 2 14 17 25 19 13 3 9 4 28 24 5 10 7 8 12 11 15 23 21 16 20 22 26 27 29 
26 28 14 5 0 8 3 16 24 20 10 4 23 25 18 21 1 2 9 19 17 15 11 6 13 12 27 29 7 22 
22 20 14 28 23 12 27 3 19 8 2 7 26 18 10 13 0 16 25 11 5 24 21 1 17 9 15 6 4 29 
22 20 14 28 23 12 27 3 19 8 2 7 26 18 10 13 0 16 25 11 5 24 21 1 17 9 15 6 4 29 
22 20 14 28 23 12 27 3 19 8 2 7 26 18 10 13 0 16 25 11 5 24 21 1 17 9 15 6 4 29 
7 20 10 15 27 8 17 29 18 23 25 3 21 16 6 12 19 24 1 4 22 11 14 5 2 13 9 26 28 0 
20 9 24 5 12 19 11 10 25 14 1 18 27 8 17 13 22 7 26 16 2 23 3 6 21 4 15 0 29 28 
13 12 27 18 11 3 17 20 24 5 21 25 9 28 7 26 22 23 1 14 6 19 15 10 2 16 4 8 29 0 
19 1 27 2 3 7 4 17 8 10 16 21 5 14 6 13 26 9 11 18 29 12 15 24 20 28 22 23 25 0 
17 23 13 11 15 14 5 4 22 29 26 6 19 28 24 2 27 0 10 9 20 7 18 25 21 8 3 16 12 1 
17 4 14 6 9 22 7 10 20 29 26 23 8 21 25 2 28 15 12 3 19 16 18 27 24 5 1 13 11 0 
17 4 14 6 9 22 7 10 20 29 26 23 8 21 25 2 28 15 12 3 19 16 18 27 24 5 1 13 11 0 
17 4 14 6 9 22 7 10 20 29 26 23 8 21 25 2 28 15 12 3 19 16 18 27 24 5 1 13 11 0 
19 28 1 21 24 5 15 14 23 2 12 6 3 18 10 9 4 22 7 20 29 8 25 11 13 27 16 17 26 0 
19 28 1 21 24 5 15 14 23 2 12 6 3 18 10 9 4 22 7 20 29 8 25 11 13 27 16 17 26 0 
19 28 1 21 24 5 15 14 23 2 12 6 3 18 10 9 4 22 7 20 29 8 25 11 13 27 16 17 26 0 
17 12 27 22 19 26 20 14 15 11 25 5 16 21 10 2 24 6 8 3 23 4 1 18 29 9 7 28 13 0 
7 5 27 9 20 2 1 15 26 8 25 11 14 22 18 16 24 10 3 23 21 28 4 17 6 13 12 19 29 0 
7 5 27 9 20 2 1 15 26 8 25 11 14 22 18 16 24 10 3 23 21 28 4 17 6 13 12 19 29 0 
7 5 27 9 20 2 1 15 26 8 25 11 14 22 18 16 24 10 3 23 21 28 4 17 6 13 12 19 29 0 
2 24 28 15 11 8 3 6 0 10 5 13 25 17 7 9 27 23 12 1 16 21 18 26 19 20 22 29 4 14 
16 11 20 1 19 21 12 26 13 5 8 3 18 7 23 2 10 9 28 29 22 4 14 24 25 6 17 15 0 27 
16 11 20 1 19 21 12 26 13 5 8 3 18 7 23 2 10 9 28 29 22 4 14 24 25 6 17 15 0 27 
16 11 20 1 19 21 12 26 13 5 8 3 18 7 23 2 10 9 28 29 22 4 14 24 25 6 17 15 0 27 
15 8 14 24 20 25 27 2 13 7 6 1 5 22 11 0 29 12 23 3 18 16 21 28 17 4 10 9 26 19 
6 2 22 17 19 13 0 4 28 10 25 9 12 16 1 15 18 8 3 27 23 24 5 29 7 14 11 20 21 26 
11 20 7 26 17 1 14 9 27 21 16 12 6 28 22 23 13 3 29 19 2 15 8 0 25 5 24 18 10 4 
26 6 28 24 23 17 2 10 15 7 9 11 22 12 19 21 27 18 3 1 16 14 5 25 8 4 20 29 0 13 
26 6 28 24 23 17 2 10 15 7 9 11 22 12 19 21 27 18 3 1 16 14 5 25 8 4 20 29 0 13 
4 24 28 14 25 10 27 1 16 26 19 0 7 9 23 8 22 18 21 3 12 13 20 17 15 29 6 5 2 11 
4 24 28 14 25 10 27 1 16 26 19 0 7 9 23 8 22 18 21 3 12 13 20 17 15 29 6 5 2 11 
20 23 21 29 6 11 25 19 2 28 0 26 12 3 8 10 14 15 18 5 1 27 16 24 9 4 7 22 13 17 
14 15 6 26 4 11 19 0 7 29 22 17 24 21 27 28 10 8 3 12 13 18 23 25 5 20 9 16 1 2 
14 15 6 26 4 11 19 0 7 29 22 17 24 21 27 28 10 8 3 12 13 18 23 25 5 20 9 16 1 2 
1 16 2 6 17 9 3 19 23 4 5 27 24 10 20 7 8 0 12 18 13 22 14 15 21 25 26 28 29 11 
5 0 4 3 23 19 29 6 14 25 22 28 17 7 13 11 9 16 27 24 15 8 26 12 21 1 20 18 10 2 
5 0 4 3 23 19 29 6 14 25 22 28 17 7 13 11 9 16 27 24 15 8 26 12 21 1 20 18 10 2 
13 20 9 11 21 3 1 6 17 25 22 29 2 24 16 27 18 8 4 0 12 7 10 15 14 26 19 23 28 5 
13 20 9 11 21 3 1 6 17 25 22 29 2 24 16 27 18 8 4 0 12 7 10 15 14 26 19 23 28 5 
13 20 9 11 21 3 1 6 17 25 22 29 2 24 16 27 18 8 4 0 12 7 10 15 14 26 19 23 28 5 
25 11 16 21 3 12 8 5 1 2 24 10 4 20 17 23 6 13 22 7 19 9 29 14 15 0 28 26 27 18 
25 11 16 21 3 12 8 5 1 2 24 10 4 20 17 23 6 13 22 7 19 9 29 14 15 0 28 26 27 18 
6 23 26 13 0 19 1 27 24 5 22 11 18 15 14 10 21 2 3 20 17 9 4 16 7 12 8 25 28 29 
14 11 22 23 13 9 8 19 0 29 5 24 3 1 2 28 16 27 20 4 15 10 6 26 17 25 7 21 12 18 
14 11 22 23 13 9 8 19 0 29 5 24 3 1 2 28 16 27 20 4 15 10 6 26 17 25 7 21 12 18 
25 14 7 11 20 5 24 10 29 9 22 13 1 4 21 19 16 8 18 28 15 2 12 0 6 3 27 23 26 17 
6 21 13 24 2 1 16 8 0 19 26 11 22 29 23 12 27 5 3 4 18 14 17 25 7 10 9 15 20 28 
8 27 0 16 19 4 25 18 3 21 12 26 23 22 20 13 1 7 17 6 28 14 11 2 10 24 5 29 9 15 
8 27 0 16 19 4 25 18 3 21 12 26 23 22 20 13 1 7 17 6 28 14 11 2 10 24 5 29 9 15 
14 9 18 29 6 4 11 3 25 2 8 19 16 21 0 28 7 17 23 22 13 27 1 12 15 26 5 24 10 20 
14 9 18 29 6 4 11 3 25 2 8 19 16 21 0 28 7 17 23 22 13 27 1 12 15 26 5 24 10 20 
9 7 15 18 1 5 13 22 4 11 17 3 27 0 21 23 29 6 25 12 28 20 8 26 16 24 10 2 19 14 
19 21 27 16 15 4 1 26 29 6 12 11 10 3 18 8 24 5 2 28 25 22 7 17 9 23 13 14 20 0 
19 21 27 16 15 4 1 26 29 6 12 11 10 3 18 8 24 5 2 28 25 22 7 17 9 23 13 14 20 0 
29 1 10 28 17 22 20 6 23 3 13 12 27 16 2 26 18 5 11 15 25 24 4 8 21 19 7 14 9 0 
29 1 10 28 17 22 20 6 23 3 13 12 27 16 2 26 18 5 11 15 25 24 4 8 21 19 7 14 9 0 
29 1 10 28 17 22 20 6 23 3 13 12 27 16 2 26 18 5 11 15 25 24 4 8 21 19 7 14 9 0 
10 24 2 12 15 25 13 17 28 22 14 7 18 5 3 21 4 29 26 23 0 6 9 11 20 1 19 16 8 27 
10 27 15 21 2 24 28 5 16 9 14 20 17 7 11 22 0 4 26 3 1 8 25 6 23 12 19 18 13 29 
9 15 5 21 23 29 26 27 1 16 12 0 14 11 24 18 8 13 22 3 28 2 19 20 10 25 6 4 17 7 
2 18 5 10 24 3 12 23 7 17 20 22 14 25 0 6 11 19 26 13 8 29 1 21 15 16 4 28 9 27 
23 26 13 8 10 3 21 9 11 29 19 22 28 1 2 16 27 18 12 17 6 25 4 24 20 14 5 15 7 0 
23 26 13 8 10 3 21 9 11 29 19 22 28 1 2 16 27 18 12 17 6 25 4 24 20 14 5 15 7 0 
7 22 14 1 2 4 18 16 3 21 27 28 5 25 24 13 29 6 8 9 20 10 19 26 11 15 12 17 23 0 
29 26 11 24 5 10 28 13 8 16 27 17 6 0 25 23 20 9 22 15 21 12 19 7 18 14 4 3 2 1 
15 7 1 21 27 12 11 14 22 23 6 26 16 8 18 0 3 25 24 10 17 2 5 9 20 4 19 13 29 28 
21 8 12 0 9 2 5 10 14 27 19 29 17 7 23 15 25 18 6 22 3 1 16 24 20 11 28 4 26 13 
21 8 12 0 9 2 5 10 14 27 19 29 17 7 23 15 25 18 6 22 3 1 16 24 20 11 28 4 26 13 
18 12 4 7 8 3 0 23 21 27 14 2 13 6 19 10 15 20 1 16 28 25 5 24 9 26 11 17 22 29 
18 12 4 7 8 3 0 23 21 27 14 2 13 6 19 10 15 20 1 16 28 25 5 24 9 26 11 17 22 29 
20 11 26 15 6 0 25 24 3 23 1 13 22 10 8 12 21 16 19 5 2 18 17 14 9 4 7 29 27 28 
24 22 10 13 26 4 7 19 8 3 21 27 18 0 12 17 23 20 14 15 9 6 28 11 1 29 16 2 5 25 
6 18 7 21 10 26 8 16 2 11 12 3 0 23 28 15 17 22 19 5 24 1 27 29 4 13 20 9 14 25 
27 2 1 17 7 15 12 28 23 21 25 10 24 19 3 22 4 11 20 14 18 16 5 6 13 9 8 0 29 26 
27 2 1 17 7 15 12 28 23 21 25 10 24 19 3 22 4 11 20 14 18 16 5 6 13 9 8 0 29 26 
17 22 15 2 8 14 13 28 4 11 10 1 21 16 24 5 3 20 29 9 25 7 18 6 27 19 26 23 12 0 
14 17 24 5 28 10 2 8 27 12 21 23 22 18 3 29 15 25 4 20 9 13 6 1 11 26 16 19 0 7 
14 17 24 5 28 10 2 8 27 12 21 23 22 18 3 29 15 25 4 20 9 13 6 1 11 26 16 19 0 7 
3 19 1 27 2 16 12 0 26 22 20 24 25 28 14 7 5 6 21 18 10 17 8 9 15 23 11 4 29 13 
