81 84 97 32 37 63 76 62 52 79 82 54 11 88 25 48 94 41 8 6 43 29 83 91 68 17 50 18 73 12 55 45 58 36 23 28 98 4 96 5 53 21 26 24 60 33 34 44 47 71 92 57 2 40 93 67 72 61 95 14 1 7 0 66 56 78 3 51 86 64 35 89 39 19 74 59 13 20 15 42 10 16 77 65 22 75 9 90 27 31 99 38 80 69 87 30 46 70 49 85 
72 73 28 57 49 87 59 97 82 84 78 83 79 53 33 12 0 60 69 50 36 18 14 34 55 96 92 3 1 74 56 40 17 22 9 20 75 2 44 47 23 45 38 11 4 32 37 24 27 29 52 65 5 25 71 67 70 85 6 54 89 39 19 91 7 30 46 26 63 95 51 86 8 77 61 94 10 42 41 13 76 48 15 88 16 93 21 99 31 68 58 35 43 62 64 81 66 80 90 98 
75 92 59 8 69 84 97 56 28 71 58 74 3 40 99 87 34 80 67 63 39 86 1 5 27 31 83 76 23 62 57 7 12 25 37 55 50 16 90 64 93 66 54 9 6 43 2 44 48 17 47 21 38 95 60 22 11 98 77 42 88 4 61 72 49 29 20 79 14 81 85 30 15 10 13 0 82 32 26 52 78 35 19 51 36 73 41 24 70 46 68 33 65 89 45 18 96 91 94 53 
2 48 70 39 53 38 80 12 56 14 3 62 68 66 84 49 30 44 94 92 4 71 47 61 23 5 64 20 6 21 19 77 65 58 25 22 32 81 74 59 7 69 98 99 45 88 36 46 78 16 8 40 9 60 13 10 35 73 72 90 11 97 51 29 15 41 31 52 67 42 17 95 93 83 54 18 24 28 79 34 26 96 27 63 33 37 89 91 43 55 50 57 75 86 76 82 85 87 0 1 
76 43 47 94 91 48 71 70 55 32 16 13 35 95 0 65 5 29 57 98 69 88 74 39 10 2 34 33 22 24 66 78 83 18 15 9 41 44 60 40 27 80 46 84 59 38 97 8 63 49 54 93 85 45 12 31 75 1 11 17 50 56 23 77 52 30 72 28 82 19 62 89 14 96 25 4 73 36 58 21 87 53 92 37 64 6 42 67 51 99 79 86 3 68 81 20 7 61 26 90 
85 87 27 51 17 5 21 2 34 40 7 89 12 84 23 33 53 49 39 96 80 50 63 28 8 52 99 56 61 72 78 43 37 0 81 93 75 66 55 77 10 32 76 11 71 36 44 94 41 16 69 58 31 42 65 13 20 45 98 73 64 19 14 97 15 60 79 62 54 4 22 59 47 90 86 35 74 25 38 95 24 26 29 57 3 46 92 70 48 88 67 68 6 91 83 1 18 82 30 9 
90 54 26 70 56 63 77 91 6 35 0 28 61 50 64 72 65 44 34 68 88 67 94 71 24 17 16 25 78 19 53 8 38 46 84 30 33 87 36 98 48 47 22 4 97 14 1 95 86 15 80 52 11 55 12 2 27 31 37 76 79 85 59 41 51 13 81 66 73 74 3 57 96 5 82 58 23 29 43 60 45 18 7 62 40 9 93 69 49 99 10 20 89 83 21 32 75 39 42 92 
4 17 58 27 68 99 47 73 9 0 39 6 21 82 31 88 36 56 19 45 81 97 67 64 75 7 15 35 25 24 23 50 62 84 29 63 1 13 61 85 10 16 30 71 2 92 69 72 3 83 14 26 43 95 32 79 46 59 74 42 65 41 53 37 52 49 22 57 5 28 20 55 8 44 11 38 87 60 90 54 40 98 94 66 12 51 18 33 77 80 78 93 34 48 91 96 70 86 76 89 
28 70 0 59 25 31 69 16 45 33 88 67 92 71 18 93 1 43 36 42 10 11 73 20 40 5 55 24 38 52 47 94 68 8 60 49 41 75 80 86 83 12 4 19 2 9 17 98 61 58 63 3 56 44 90 79 85 39 6 76 27 48 81 13 74 87 34 21 82 54 65 15 7 32 23 29 14 89 77 22 57 64 51 78 66 37 26 46 30 62 97 95 35 50 53 96 72 84 91 99 
17 60 50 65 81 2 80 34 85 69 87 11 41 26 4 44 93 15 51 62 97 45 14 91 28 23 12 70 7 1 13 18 57 24 90 59 27 30 3 75 36 84 46 6 43 72 49 67 76 42 38 0 66 64 74 78 89 10 88 5 96 33 56 31 21 29 19 83 52 9 63 86 79 94 48 71 32 40 73 68 95 20 37 25 92 22 55 98 53 47 77 58 61 8 99 39 35 82 54 16 
94 47 44 33 89 29 38 76 10 32 82 71 15 58 0 41 3 79 66 14 68 22 73 77 13 59 52 80 53 24 63 85 49 30 20 6 36 4 67 54 25 48 91 55 57 26 75 78 61 34 93 95 84 81 18 64 28 1 7 35 39 45 23 5 9 31 2 51 83 40 60 87 12 50 19 90 70 56 74 16 88 65 17 8 46 99 27 43 37 62 72 42 97 69 86 98 92 96 11 21 
3 63 26 38 87 14 19 68 4 59 60 42 58 99 96 45 13 66 72 32 5 10 71 25 70 75 20 40 50 91 79 37 83 41 46 84 81 86 49 36 34 61 98 54 17 29 97 0 52 76 7 51 74 31 8 18 16 93 27 43 9 39 35 44 95 57 67 89 64 1 80 94 33 92 6 15 53 21 30 62 22 77 90 24 23 65 82 11 88 69 47 85 48 56 78 55 73 28 12 2 
81 46 27 43 52 75 34 83 25 85 1 10 65 92 36 23 15 64 90 47 2 19 50 17 45 42 49 39 3 66 62 37 31 95 20 16 79 89 74 67 4 5 40 94 76 86 70 56 72 9 61 57 6 73 55 7 30 78 32 84 8 98 91 93 11 22 60 41 54 48 12 77 51 35 44 26 13 18 69 71 14 87 21 33 24 28 99 96 29 53 38 58 59 97 63 68 80 82 88 0 
80 57 94 24 62 0 15 74 39 70 33 5 78 68 28 42 44 22 37 14 77 34 16 76 1 45 13 35 19 29 75 56 83 97 41 46 95 91 63 38 2 60 6 3 67 66 25 48 26 43 65 90 27 32 85 72 58 59 89 81 52 30 4 23 40 51 61 84 93 18 7 10 36 54 55 20 69 73 11 87 8 9 86 17 92 12 79 99 21 49 31 64 82 50 47 53 71 88 96 98 
27 85 7 30 29 46 97 6 17 16 65 19 60 26 44 58 77 5 96 82 37 15 39 10 35 42 89 59 3 0 13 28 73 74 80 49 93 40 64 94 51 1 43 76 67 18 75 62 55 63 56 20 61 95 34 31 21 86 53 92 71 72 66 81 9 23 41 54 88 22 91 78 25 47 4 11 14 70 38 2 48 33 32 87 83 90 57 12 45 79 84 50 52 8 69 68 99 24 98 36 
42 13 39 10 86 97 62 91 2 27 25 98 3 64 89 95 14 8 16 41 4 55 96 34 71 85 52 57 78 29 73 37 22 94 68 56 76 48 83 24 36 77 45 28 18 5 9 46 93 61 81 74 67 23 6 50 7 80 30 31 11 92 47 1 63 53 44 43 60 75 72 88 35 19 90 66 40 15 17 54 20 84 32 82 21 58 70 87 79 26 33 51 38 59 69 49 65 12 0 99 
15 29 1 75 21 49 12 23 45 18 64 86 95 11 81 83 53 88 71 91 43 73 85 62 8 52 99 42 27 46 22 25 31 68 93 24 33 2 35 3 92 78 66 13 76 90 38 47 32 40 34 4 48 26 84 20 89 61 5 54 87 70 17 98 57 50 59 80 60 63 79 36 55 69 56 58 77 67 74 6 72 28 7 10 16 65 9 19 51 44 41 14 39 30 37 0 97 94 96 82 
42 77 47 16 73 44 17 57 24 4 26 82 63 86 15 13 56 76 9 39 30 87 5 45 59 92 41 38 32 79 50 33 70 61 14 27 8 6 89 64 40 98 80 7 85 62 10 22 65 94 88 96 49 35 52 53 23 34 11 21 66 12 18 84 69 95 43 36 25 74 78 58 71 19 20 75 97 99 51 28 2 31 37 81 54 60 46 48 91 93 3 67 83 68 72 29 55 1 0 90 
75 29 91 4 24 38 84 86 67 90 70 30 8 13 54 88 55 36 95 35 66 61 20 50 45 65 39 51 64 25 6 22 10 69 44 47 34 78 81 3 59 40 17 63 87 76 53 26 85 82 48 83 43 71 31 41 12 7 11 94 33 46 97 79 23 14 18 93 73 58 15 37 72 2 68 0 99 77 28 21 80 92 57 42 49 27 32 19 98 62 56 9 96 74 89 1 60 52 16 5 
9 50 18 65 14 79 72 28 15 58 55 0 6 29 83 89 88 77 45 5 38 30 20 52 25 48 2 17 23 46 87 24 86 98 75 63 71 53 42 78 84 11 92 97 80 91 57 32 27 74 19 37 33 44 34 8 12 64 73 94 69 39 49 3 41 68 67 54 43 85 62 81 60 13 51 35 59 61 21 47 40 96 82 26 93 16 10 1 7 66 99 56 76 36 22 95 31 70 90 4 
1 31 71 84 35 7 19 44 24 99 25 88 49 47 48 62 82 21 43 4 2 17 68 57 36 72 3 32 81 5 63 34 28 0 96 80 8 78 66 85 40 76 69 14 75 77 11 98 52 6 10 46 70 41 53 54 94 92 64 89 12 33 65 13 59 23 55 93 15 30 74 39 51 20 97 16 45 91 87 37 18 42 27 9 26 60 95 90 79 73 29 56 38 86 61 50 58 22 83 67 
34 48 41 71 90 67 2 40 98 75 82 61 15 22 77 10 30 52 31 13 68 37 88 60 33 80 27 58 53 99 78 63 36 4 19 45 86 74 59 7 21 8 35 47 96 24 72 28 84 51 69 85 81 3 95 62 26 50 57 64 29 76 66 54 5 46 83 38 70 16 42 73 94 25 55 20 49 93 56 12 79 18 6 43 23 97 91 11 9 17 39 14 89 87 32 92 44 65 0 1 
69 61 31 67 89 78 7 72 22 3 88 23 68 51 11 45 87 46 93 9 85 95 66 21 24 27 83 84 81 56 80 98 6 4 92 41 76 75 10 73 74 1 30 97 70 59 15 33 49 39 36 55 65 16 42 64 35 19 63 82 60 37 40 58 57 54 13 90 52 14 50 47 48 20 8 79 43 96 77 32 29 94 26 18 25 17 12 28 2 62 99 86 53 38 5 91 34 44 71 0 
69 61 31 67 89 78 7 72 22 3 88 23 68 51 11 45 87 46 93 9 85 95 66 21 24 27 83 84 81 56 80 98 6 4 92 41 76 75 10 73 74 1 30 97 70 59 15 33 49 39 36 55 65 16 42 64 35 19 63 82 60 37 40 58 57 54 13 90 52 14 50 47 48 20 8 79 43 96 77 32 29 94 26 18 25 17 12 28 2 62 99 86 53 38 5 91 34 44 71 0 
35 82 21 83 15 10 14 50 36 7 53 6 20 45 93 67 76 95 89 66 22 72 43 91 87 78 59 51 86 4 48 75 79 11 25 31 70 0 69 90 27 9 16 84 17 32 52 96 18 42 65 44 34 30 64 1 39 85 55 77 40 88 73 24 71 2 60 47 49 46 56 26 28 3 33 54 68 38 80 5 92 61 58 23 99 8 62 63 29 41 74 12 98 13 81 19 97 37 94 57 
69 8 32 93 67 83 45 73 26 49 99 91 44 24 90 51 18 76 31 98 59 61 88 64 50 55 52 9 20 72 82 2 87 27 58 25 46 22 57 16 42 79 36 71 28 33 97 37 85 84 34 62 29 92 48 96 89 77 30 60 12 75 4 6 40 65 74 14 1 13 95 70 53 94 63 66 54 5 80 68 23 10 86 39 3 81 15 35 21 47 78 56 7 19 43 41 11 38 17 0 
78 74 66 31 90 28 34 5 94 25 43 22 36 58 41 33 48 91 46 2 51 13 67 70 87 72 55 68 53 96 54 20 92 10 11 98 83 60 57 64 62 97 84 80 63 12 3 15 95 19 49 30 77 65 85 81 59 75 88 82 93 21 56 6 4 8 73 23 50 16 26 61 32 7 89 14 44 69 35 76 86 38 9 45 29 40 52 79 17 47 71 18 42 27 24 39 37 99 0 1 
76 69 82 39 36 43 18 34 88 10 6 56 42 77 23 25 29 20 59 97 48 91 49 3 80 68 8 44 85 1 95 83 7 30 57 58 9 40 4 62 64 96 16 11 93 67 47 92 71 41 53 65 75 35 74 15 84 46 55 14 90 94 54 19 66 87 13 12 21 5 27 32 86 89 38 2 52 51 70 24 79 26 37 31 33 60 78 81 0 45 72 73 61 50 17 28 22 63 98 99 
34 48 41 71 90 67 2 40 98 75 82 61 15 22 77 10 30 52 31 13 68 37 88 60 33 80 27 58 53 99 78 63 36 4 19 45 86 74 59 7 21 8 35 47 96 24 72 28 84 51 69 85 81 3 95 62 26 50 57 64 29 76 66 54 5 46 83 38 70 16 42 73 94 25 55 20 49 93 56 12 79 18 6 43 23 97 91 11 9 17 39 14 89 87 32 92 44 65 0 1 
69 61 31 67 89 78 7 72 22 3 88 23 68 51 11 45 87 46 93 9 85 95 66 21 24 27 83 84 81 56 80 98 6 4 92 41 76 75 10 73 74 1 30 97 70 59 15 33 49 39 36 55 65 16 42 64 35 19 63 82 60 37 40 58 57 54 13 90 52 14 50 47 48 20 8 79 43 96 77 32 29 94 26 18 25 17 12 28 2 62 99 86 53 38 5 91 34 44 71 0 
58 77 84 65 72 23 18 45 94 57 63 62 59 20 89 98 97 64 29 92 42 6 33 69 50 76 0 4 28 25 96 53 95 36 13 40 9 61 17 68 93 31 81 7 91 75 38 82 3 90 15 60 43 35 83 26 21 73 88 54 87 66 10 1 51 86 85 27 16 37 80 52 79 70 8 30 78 55 39 74 71 14 19 67 32 56 49 11 48 99 46 24 44 41 34 22 12 5 2 47 
94 47 44 33 89 29 38 76 10 32 82 71 15 58 0 41 3 79 66 14 68 22 73 77 13 59 52 80 53 24 63 85 49 30 20 6 36 4 67 54 25 48 91 55 57 26 75 78 61 34 93 95 84 81 18 64 28 1 7 35 39 45 23 5 9 31 2 51 83 40 60 87 12 50 19 90 70 56 74 16 88 65 17 8 46 99 27 43 37 62 72 42 97 69 86 98 92 96 11 21 
32 87 53 66 45 12 2 83 74 64 35 79 22 57 60 25 96 91 47 61 14 31 24 40 15 43 27 63 95 21 76 99 82 56 29 8 70 93 73 94 50 97 84 85 89 69 88 11 34 6 55 4 86 3 42 65 39 18 81 98 26 46 28 49 78 41 58 52 30 38 5 68 77 75 67 17 72 92 80 59 37 44 54 13 51 7 48 23 36 71 9 20 19 16 10 33 0 90 1 62 
19 84 48 25 11 4 15 83 3 39 35 56 95 14 53 66 59 9 20 29 76 42 78 81 33 62 7 99 18 77 31 43 5 69 30 92 22 75 28 17 98 70 24 47 41 73 89 27 13 49 46 96 32 37 6 68 90 0 16 45 58 61 67 21 44 64 10 63 51 60 97 52 80 85 36 86 55 12 87 34 94 26 72 23 79 93 50 65 91 57 88 8 40 74 82 71 54 38 2 1 
65 26 99 4 18 94 93 9 86 74 39 3 90 62 57 41 48 47 87 64 79 20 22 60 42 84 34 70 23 11 77 50 1 35 89 45 75 98 59 67 8 44 43 24 72 27 97 78 30 66 28 96 32 85 71 73 81 14 95 68 53 36 82 58 37 49 2 69 40 16 12 91 33 92 54 51 56 31 55 88 13 61 83 5 6 19 80 17 25 21 38 76 7 63 52 0 15 46 29 10 
19 64 5 47 91 52 66 0 74 59 11 67 73 1 63 39 90 82 17 54 46 62 21 26 15 94 77 40 88 83 28 31 76 3 97 84 35 86 48 69 60 96 44 49 81 30 80 8 25 2 36 12 79 29 43 20 42 27 78 33 99 38 24 53 72 56 51 93 70 4 23 6 68 65 57 85 58 95 89 45 98 41 34 7 32 55 18 13 16 75 92 9 87 61 37 71 50 10 22 14 
15 46 24 72 41 37 43 39 45 25 54 2 27 66 89 62 64 56 23 59 74 6 97 30 49 18 67 14 90 53 94 60 99 68 73 12 9 13 7 95 28 57 44 93 40 83 84 47 42 70 29 50 82 85 86 0 52 77 19 51 33 92 91 17 76 81 98 31 16 10 48 80 78 63 87 55 58 65 3 32 71 79 34 96 22 1 38 69 11 5 35 4 88 21 36 8 75 20 61 26 
65 25 38 6 40 59 14 95 42 57 28 37 80 78 8 18 47 45 9 10 5 96 34 77 24 58 81 84 87 0 93 55 72 21 41 43 11 29 92 71 48 75 17 98 67 50 15 23 53 97 32 76 79 30 83 60 61 16 89 19 12 66 49 56 70 88 44 74 13 86 85 31 33 26 99 62 52 63 4 73 22 91 36 90 27 64 54 94 2 20 46 69 51 7 3 1 39 68 82 35 
72 73 28 57 49 87 59 97 82 84 78 83 79 53 33 12 0 60 69 50 36 18 14 34 55 96 92 3 1 74 56 40 17 22 9 20 75 2 44 47 23 45 38 11 4 32 37 24 27 29 52 65 5 25 71 67 70 85 6 54 89 39 19 91 7 30 46 26 63 95 51 86 8 77 61 94 10 42 41 13 76 48 15 88 16 93 21 99 31 68 58 35 43 62 64 81 66 80 90 98 
96 45 10 22 63 95 94 79 47 11 39 3 15 75 40 55 29 93 77 66 92 26 46 58 91 27 98 41 50 9 89 30 17 42 18 57 44 71 70 0 61 59 13 25 88 2 1 51 72 24 87 21 31 86 97 78 32 76 56 54 84 85 82 90 4 80 34 35 74 37 16 23 73 5 38 69 49 83 52 12 67 65 6 62 64 33 60 68 7 14 48 8 43 36 19 28 20 53 81 99 
78 74 66 31 90 28 34 5 94 25 43 22 36 58 41 33 48 91 46 2 51 13 67 70 87 72 55 68 53 96 54 20 92 10 11 98 83 60 57 64 62 97 84 80 63 12 3 15 95 19 49 30 77 65 85 81 59 75 88 82 93 21 56 6 4 8 73 23 50 16 26 61 32 7 89 14 44 69 35 76 86 38 9 45 29 40 52 79 17 47 71 18 42 27 24 39 37 99 0 1 
62 83 98 11 59 43 52 1 58 90 91 29 93 27 0 37 97 22 10 77 51 35 6 8 56 49 87 12 17 42 20 47 96 33 26 30 45 34 60 25 41 88 92 7 54 57 19 63 67 95 24 94 21 5 18 80 82 2 89 28 9 15 16 76 40 48 86 64 78 4 73 81 85 46 31 61 53 44 72 84 14 36 68 79 69 55 75 38 74 50 23 13 39 71 70 65 66 32 3 99 
52 62 86 87 40 43 4 49 25 0 59 9 82 35 53 37 32 8 65 30 92 54 70 36 6 73 80 41 21 64 63 2 48 47 44 84 14 13 78 38 91 72 5 11 1 31 98 69 3 97 12 76 88 17 57 22 68 10 74 27 85 39 19 61 51 26 96 90 29 56 79 16 7 95 15 23 75 20 45 50 71 34 94 93 60 58 18 24 55 77 42 89 28 33 83 67 46 81 66 99 
66 89 71 60 46 69 30 19 14 7 18 12 27 79 0 61 85 86 96 98 55 59 56 1 87 23 57 70 97 32 78 49 45 48 33 72 73 10 81 51 76 42 63 41 22 17 95 21 90 64 29 38 94 58 26 34 44 2 67 91 11 15 75 16 93 53 3 65 39 54 47 28 43 92 80 62 88 50 4 25 24 37 84 5 83 8 6 52 82 9 68 77 74 13 40 31 36 35 20 99 
20 50 86 83 66 46 45 16 65 77 42 95 17 4 74 18 33 72 84 59 0 53 91 62 85 94 44 12 54 48 1 52 41 47 24 8 2 79 27 93 68 96 9 14 3 13 39 32 87 98 38 71 34 92 30 88 36 55 67 64 5 78 69 99 15 6 90 49 7 56 31 22 10 80 70 76 61 58 73 29 11 37 26 89 19 63 21 43 40 57 23 60 25 28 82 35 51 81 75 97 
94 48 8 73 56 93 57 67 6 31 92 46 79 14 40 38 91 18 90 80 65 83 51 19 89 88 98 96 36 13 85 7 45 25 68 41 30 84 49 87 81 82 17 77 33 4 21 29 71 0 76 15 11 16 12 75 55 72 74 70 34 5 69 97 64 63 1 42 58 3 62 37 61 39 52 60 24 26 22 59 54 53 50 2 32 47 44 23 43 28 35 27 95 10 9 99 78 20 66 86 
42 13 39 10 86 97 62 91 2 27 25 98 3 64 89 95 14 8 16 41 4 55 96 34 71 85 52 57 78 29 73 37 22 94 68 56 76 48 83 24 36 77 45 28 18 5 9 46 93 61 81 74 67 23 6 50 7 80 30 31 11 92 47 1 63 53 44 43 60 75 72 88 35 19 90 66 40 15 17 54 20 84 32 82 21 58 70 87 79 26 33 51 38 59 69 49 65 12 0 99 
75 9 32 37 91 48 53 56 20 42 51 29 35 0 63 68 4 19 34 71 73 43 69 41 10 1 67 17 90 74 66 62 85 59 14 39 89 78 86 99 24 38 50 82 55 31 49 70 98 36 47 64 84 5 33 2 77 16 8 72 30 26 18 25 83 27 65 23 81 76 54 3 12 6 97 7 79 93 46 21 88 45 58 28 57 11 40 96 44 94 61 13 95 60 80 15 92 22 87 52 
18 35 16 22 74 72 92 88 2 63 98 30 87 19 78 55 67 75 84 60 45 47 71 28 38 54 83 81 97 69 80 32 15 17 48 90 7 24 31 51 96 4 26 85 50 40 95 3 10 58 36 33 44 79 5 94 70 56 37 65 93 43 73 61 91 57 29 1 13 59 89 46 8 86 20 64 82 9 42 66 77 41 76 62 23 68 11 27 53 6 52 49 39 14 34 25 21 12 0 99 
30 67 20 42 45 10 96 29 19 62 35 13 77 97 69 93 6 70 81 91 12 16 54 72 14 41 46 60 90 22 31 27 68 83 0 85 64 76 94 82 49 87 43 80 56 1 88 71 75 23 53 37 86 92 34 58 44 28 9 55 21 5 25 84 78 51 33 2 32 89 3 95 18 66 57 17 65 73 4 36 48 50 61 63 52 7 39 24 47 8 11 40 38 99 15 26 79 59 74 98 
17 60 50 65 81 2 80 34 85 69 87 11 41 26 4 44 93 15 51 62 97 45 14 91 28 23 12 70 7 1 13 18 57 24 90 59 27 30 3 75 36 84 46 6 43 72 49 67 76 42 38 0 66 64 74 78 89 10 88 5 96 33 56 31 21 29 19 83 52 9 63 86 79 94 48 71 32 40 73 68 95 20 37 25 92 22 55 98 53 47 77 58 61 8 99 39 35 82 54 16 
76 66 78 85 24 1 83 13 9 67 72 96 0 50 22 90 55 47 26 81 68 99 43 69 27 63 71 48 61 41 8 79 12 20 2 53 36 77 19 75 57 44 29 65 89 18 23 46 70 87 49 52 42 62 15 39 3 37 14 51 35 95 56 40 31 16 25 4 86 38 21 64 84 54 34 6 5 45 7 33 93 11 88 73 74 59 60 94 10 17 91 58 28 98 30 80 32 82 92 97 
59 52 83 91 81 39 42 74 45 11 88 71 69 14 87 49 78 79 31 27 99 53 43 96 47 38 50 54 7 23 56 62 33 5 24 32 73 35 64 80 25 97 17 1 68 29 44 4 18 16 15 67 66 90 94 76 40 75 58 70 98 93 2 6 19 10 82 55 41 22 61 37 34 92 36 28 21 86 85 12 95 3 46 60 89 20 72 77 51 63 84 57 65 26 8 48 30 9 13 0 
49 13 24 57 52 31 9 15 97 59 56 40 68 16 30 29 46 53 92 27 66 88 34 2 41 71 63 3 74 84 12 67 64 78 20 99 26 93 21 62 83 0 23 18 17 47 91 32 51 11 98 50 4 25 94 8 38 69 87 82 33 72 79 19 43 36 28 48 61 54 75 55 39 86 96 95 5 85 65 77 44 58 76 37 6 22 73 90 7 14 89 45 10 42 35 81 60 70 80 1 
60 23 41 58 59 90 85 93 0 67 53 64 63 34 17 39 81 9 47 27 49 54 96 14 35 45 1 25 44 92 61 31 78 84 86 52 33 7 37 8 30 38 62 83 74 82 95 80 94 69 16 77 13 70 2 11 24 36 65 99 3 89 72 4 88 18 50 68 73 75 56 12 40 87 79 29 26 5 48 21 6 46 76 15 51 32 97 66 57 19 10 55 20 91 42 22 28 98 43 71 
81 79 19 3 1 59 9 72 85 91 66 35 63 2 73 15 71 44 83 22 4 5 54 90 48 41 65 57 34 37 89 45 67 74 21 88 50 98 11 94 6 77 7 61 55 84 78 87 30 49 56 33 8 18 64 32 28 43 42 62 10 16 99 31 70 76 29 39 12 23 13 14 26 68 75 36 17 47 69 96 20 97 51 80 24 25 52 46 27 40 38 93 53 92 58 60 82 86 95 0 
37 17 41 54 69 77 61 14 58 50 19 73 20 5 26 51 66 89 12 44 23 82 79 52 72 86 85 70 24 78 97 76 34 21 27 8 49 88 71 94 29 1 7 95 43 32 63 13 62 15 75 83 36 22 11 40 42 53 30 31 47 57 45 68 55 96 81 56 2 46 64 10 93 28 25 59 84 33 90 60 92 87 99 38 3 6 80 48 35 65 74 98 4 39 91 16 9 67 18 0 
25 26 91 10 88 53 59 98 5 67 29 1 78 40 62 36 73 22 86 32 7 65 79 60 92 34 69 19 84 63 8 42 18 70 39 52 83 97 46 43 41 47 9 55 11 48 49 85 16 24 54 82 77 15 12 58 61 23 45 76 13 64 89 35 74 14 37 81 71 96 90 17 20 95 31 0 56 27 6 94 30 68 44 80 33 72 38 75 3 28 57 93 66 87 4 2 50 51 99 21 
29 65 27 57 51 99 9 46 63 37 20 75 10 58 94 22 15 89 71 69 61 80 93 25 47 4 36 16 1 90 98 49 78 56 44 52 26 86 70 11 82 42 84 64 73 14 2 6 39 35 59 54 3 21 28 43 23 91 33 41 24 88 97 76 5 96 60 92 53 38 67 72 45 7 81 17 8 50 40 68 48 95 12 18 13 32 87 74 19 83 85 30 31 79 34 77 55 62 66 0 
98 33 12 45 69 77 36 16 15 90 86 72 74 13 47 8 63 49 27 53 23 54 39 43 73 65 95 75 58 87 97 85 59 9 0 64 50 48 76 38 26 1 20 94 42 60 80 66 55 83 96 21 31 70 25 71 41 92 22 46 35 79 32 89 10 93 17 2 5 44 57 34 91 52 11 88 68 56 3 51 84 81 24 30 7 18 82 28 40 4 78 62 19 67 6 61 37 14 29 99 
6 64 29 37 32 81 82 77 71 39 41 44 33 43 53 27 52 7 57 20 61 50 66 86 51 8 47 58 79 74 85 97 34 38 45 95 46 0 14 73 10 24 67 1 22 80 30 63 42 16 12 65 70 69 48 89 76 3 2 11 18 25 4 96 59 72 88 94 98 31 21 26 56 78 91 23 28 92 40 5 36 9 13 68 93 55 15 84 62 87 75 17 90 19 35 54 83 49 60 99 
60 23 41 58 59 90 85 93 0 67 53 64 63 34 17 39 81 9 47 27 49 54 96 14 35 45 1 25 44 92 61 31 78 84 86 52 33 7 37 8 30 38 62 83 74 82 95 80 94 69 16 77 13 70 2 11 24 36 65 99 3 89 72 4 88 18 50 68 73 75 56 12 40 87 79 29 26 5 48 21 6 46 76 15 51 32 97 66 57 19 10 55 20 91 42 22 28 98 43 71 
78 74 66 31 90 28 34 5 94 25 43 22 36 58 41 33 48 91 46 2 51 13 67 70 87 72 55 68 53 96 54 20 92 10 11 98 83 60 57 64 62 97 84 80 63 12 3 15 95 19 49 30 77 65 85 81 59 75 88 82 93 21 56 6 4 8 73 23 50 16 26 61 32 7 89 14 44 69 35 76 86 38 9 45 29 40 52 79 17 47 71 18 42 27 24 39 37 99 0 1 
78 74 66 31 90 28 34 5 94 25 43 22 36 58 41 33 48 91 46 2 51 13 67 70 87 72 55 68 53 96 54 20 92 10 11 98 83 60 57 64 62 97 84 80 63 12 3 15 95 19 49 30 77 65 85 81 59 75 88 82 93 21 56 6 4 8 73 23 50 16 26 61 32 7 89 14 44 69 35 76 86 38 9 45 29 40 52 79 17 47 71 18 42 27 24 39 37 99 0 1 
41 48 93 73 5 43 97 51 83 91 12 42 77 25 47 82 90 80 60 66 23 86 89 16 52 53 18 69 35 46 27 9 55 70 68 7 57 88 74 13 64 30 34 71 32 62 49 63 87 31 81 85 6 96 59 19 45 98 78 17 39 76 3 29 75 50 4 33 11 40 26 79 67 2 65 56 15 24 10 61 1 20 58 21 36 92 44 38 37 22 8 28 94 0 99 54 72 95 84 14 
25 26 91 10 88 53 59 98 5 67 29 1 78 40 62 36 73 22 86 32 7 65 79 60 92 34 69 19 84 63 8 42 18 70 39 52 83 97 46 43 41 47 9 55 11 48 49 85 16 24 54 82 77 15 12 58 61 23 45 76 13 64 89 35 74 14 37 81 71 96 90 17 20 95 31 0 56 27 6 94 30 68 44 80 33 72 38 75 3 28 57 93 66 87 4 2 50 51 99 21 
81 3 22 64 23 80 48 94 78 0 25 35 77 17 74 2 28 30 6 51 31 67 53 19 76 10 16 45 36 85 37 44 4 72 8 47 88 40 49 93 41 68 29 1 46 70 79 87 27 42 65 54 55 98 62 56 61 58 57 11 60 5 59 32 71 73 9 14 83 91 84 52 89 39 50 21 96 18 15 7 13 12 33 24 63 69 82 20 95 43 34 75 92 26 90 66 86 38 99 97 
62 51 70 2 69 28 88 7 12 98 46 30 21 11 18 96 65 4 85 84 3 80 34 53 60 19 52 8 59 72 22 48 25 66 32 58 55 54 13 92 75 45 71 44 43 15 82 64 97 94 26 38 37 78 23 93 40 33 29 76 5 67 20 1 17 41 49 63 9 27 50 39 95 73 91 57 83 47 87 68 10 42 35 89 14 86 90 81 56 74 16 77 24 79 0 36 61 6 31 99 
56 87 88 47 44 53 52 41 58 65 96 50 20 95 80 27 49 33 79 5 94 11 37 10 39 74 17 98 92 9 22 40 85 63 28 7 69 34 15 16 91 4 90 59 76 57 61 21 64 48 12 75 89 3 14 86 43 66 2 62 84 78 81 32 83 38 71 54 30 26 82 77 46 18 23 24 73 25 97 6 70 60 68 42 67 55 8 35 51 93 36 31 29 13 19 1 0 99 45 72 
86 84 62 28 18 16 72 20 98 75 71 88 21 6 46 37 7 59 10 29 82 8 41 80 69 49 26 67 93 43 9 33 23 97 31 87 32 76 34 90 11 77 12 95 58 92 85 65 54 94 64 25 39 45 96 47 40 89 13 17 60 70 42 50 78 14 38 53 55 56 15 19 22 74 4 48 73 91 79 27 30 81 61 68 2 36 44 24 52 63 57 5 3 99 0 35 66 1 51 83 
60 23 41 58 59 90 85 93 0 67 53 64 63 34 17 39 81 9 47 27 49 54 96 14 35 45 1 25 44 92 61 31 78 84 86 52 33 7 37 8 30 38 62 83 74 82 95 80 94 69 16 77 13 70 2 11 24 36 65 99 3 89 72 4 88 18 50 68 73 75 56 12 40 87 79 29 26 5 48 21 6 46 76 15 51 32 97 66 57 19 10 55 20 91 42 22 28 98 43 71 
17 92 97 86 74 38 26 70 1 43 41 65 28 90 83 24 30 32 4 78 69 0 16 35 51 89 39 67 3 36 96 5 10 75 44 80 15 72 11 98 60 6 42 63 49 85 66 88 25 47 34 94 54 55 7 81 57 68 58 12 45 31 99 73 8 91 19 76 27 20 23 71 87 40 52 62 9 13 21 29 84 95 14 46 59 53 79 2 22 48 77 33 37 64 50 61 56 82 93 18 
4 71 2 10 6 28 47 92 70 80 39 7 8 58 0 32 23 74 45 88 11 87 61 51 35 12 55 18 76 48 66 95 38 57 13 93 14 30 89 15 16 77 41 79 82 17 36 94 44 22 19 5 21 91 50 78 24 1 52 85 26 33 68 9 59 42 75 29 31 83 34 73 65 67 86 37 40 90 43 84 46 53 98 60 49 54 25 69 62 63 64 97 72 27 96 99 3 56 20 81 
17 60 50 65 81 2 80 34 85 69 87 11 41 26 4 44 93 15 51 62 97 45 14 91 28 23 12 70 7 1 13 18 57 24 90 59 27 30 3 75 36 84 46 6 43 72 49 67 76 42 38 0 66 64 74 78 89 10 88 5 96 33 56 31 21 29 19 83 52 9 63 86 79 94 48 71 32 40 73 68 95 20 37 25 92 22 55 98 53 47 77 58 61 8 99 39 35 82 54 16 
81 3 22 64 23 80 48 94 78 0 25 35 77 17 74 2 28 30 6 51 31 67 53 19 76 10 16 45 36 85 37 44 4 72 8 47 88 40 49 93 41 68 29 1 46 70 79 87 27 42 65 54 55 98 62 56 61 58 57 11 60 5 59 32 71 73 9 14 83 91 84 52 89 39 50 21 96 18 15 7 13 12 33 24 63 69 82 20 95 43 34 75 92 26 90 66 86 38 99 97 
5 20 77 90 88 27 85 87 97 29 59 41 96 42 95 83 68 40 46 1 7 65 16 24 33 71 94 98 50 43 8 60 57 28 26 0 34 31 79 49 44 36 64 47 10 56 3 78 22 14 12 58 76 73 92 21 91 89 48 93 13 35 66 84 4 17 23 61 67 63 80 30 18 6 53 25 55 82 81 86 32 38 9 51 39 70 45 2 15 74 62 19 72 75 37 11 54 69 99 52 
29 24 49 72 9 26 33 91 22 5 78 42 66 97 56 41 40 31 87 85 11 67 74 89 6 71 88 27 47 94 25 32 21 92 83 64 13 53 82 19 14 90 96 44 58 45 28 48 7 0 60 98 17 62 50 55 34 8 77 73 20 51 12 76 93 57 52 70 30 69 35 86 15 59 16 10 39 95 63 61 43 23 81 1 65 68 37 38 80 4 99 75 3 79 46 84 18 2 54 36 
4 10 86 81 14 77 73 15 36 32 60 70 24 11 90 99 0 97 76 45 54 63 67 52 46 71 12 68 48 25 21 16 27 29 64 85 69 1 22 20 42 7 66 62 51 19 74 39 56 72 8 80 31 50 79 26 47 87 2 58 13 41 96 30 3 44 55 35 43 49 91 37 5 40 17 28 75 59 95 6 34 94 9 98 88 82 18 38 23 92 65 33 83 53 57 93 61 78 84 89 
81 79 19 3 1 59 9 72 85 91 66 35 63 2 73 15 71 44 83 22 4 5 54 90 48 41 65 57 34 37 89 45 67 74 21 88 50 98 11 94 6 77 7 61 55 84 78 87 30 49 56 33 8 18 64 32 28 43 42 62 10 16 99 31 70 76 29 39 12 23 13 14 26 68 75 36 17 47 69 96 20 97 51 80 24 25 52 46 27 40 38 93 53 92 58 60 82 86 95 0 
25 26 91 10 88 53 59 98 5 67 29 1 78 40 62 36 73 22 86 32 7 65 79 60 92 34 69 19 84 63 8 42 18 70 39 52 83 97 46 43 41 47 9 55 11 48 49 85 16 24 54 82 77 15 12 58 61 23 45 76 13 64 89 35 74 14 37 81 71 96 90 17 20 95 31 0 56 27 6 94 30 68 44 80 33 72 38 75 3 28 57 93 66 87 4 2 50 51 99 21 
58 96 34 88 26 3 84 89 15 81 73 74 20 40 18 45 71 92 80 6 68 31 61 78 28 10 5 8 66 64 65 22 53 17 95 98 41 60 83 62 56 55 11 70 52 32 51 87 97 72 14 63 46 67 27 43 36 33 42 59 38 23 50 7 35 30 9 91 85 75 21 16 19 13 94 37 2 69 86 99 90 12 77 25 54 48 44 82 4 57 79 47 24 93 29 49 39 76 0 1 
62 51 70 2 69 28 88 7 12 98 46 30 21 11 18 96 65 4 85 84 3 80 34 53 60 19 52 8 59 72 22 48 25 66 32 58 55 54 13 92 75 45 71 44 43 15 82 64 97 94 26 38 37 78 23 93 40 33 29 76 5 67 20 1 17 41 49 63 9 27 50 39 95 73 91 57 83 47 87 68 10 42 35 89 14 86 90 81 56 74 16 77 24 79 0 36 61 6 31 99 
94 47 44 33 89 29 38 76 10 32 82 71 15 58 0 41 3 79 66 14 68 22 73 77 13 59 52 80 53 24 63 85 49 30 20 6 36 4 67 54 25 48 91 55 57 26 75 78 61 34 93 95 84 81 18 64 28 1 7 35 39 45 23 5 9 31 2 51 83 40 60 87 12 50 19 90 70 56 74 16 88 65 17 8 46 99 27 43 37 62 72 42 97 69 86 98 92 96 11 21 
25 36 69 52 43 48 37 72 9 53 39 0 67 99 32 1 65 63 49 30 29 17 80 62 61 73 55 46 21 2 35 50 23 82 58 28 74 89 6 56 10 4 98 47 45 75 97 87 70 31 54 34 90 81 16 84 24 76 20 95 66 51 14 7 44 79 57 8 26 12 18 96 92 94 27 3 78 41 68 60 22 40 93 5 71 38 86 64 42 15 77 91 13 83 88 11 33 85 59 19 
33 97 84 77 46 70 72 40 64 66 34 63 96 52 3 86 81 59 50 95 14 5 94 48 60 38 36 58 93 45 16 19 7 30 92 29 18 9 62 76 53 12 28 51 22 13 91 82 90 74 65 68 89 41 26 71 88 4 56 8 27 87 24 79 85 32 11 83 37 21 6 57 43 80 78 25 75 54 73 20 49 44 69 17 67 10 99 55 47 42 15 39 35 98 23 31 1 0 61 2 
95 65 21 44 24 63 84 34 94 83 71 79 99 87 96 59 38 92 22 75 62 74 98 23 3 25 70 42 57 29 46 53 77 50 97 32 81 85 1 51 49 40 26 66 9 13 15 80 93 67 86 35 39 58 82 33 91 88 69 37 20 90 5 43 17 0 52 89 56 4 11 54 16 30 78 64 76 60 73 45 48 8 36 12 27 18 31 72 68 61 19 7 55 2 47 6 41 28 14 10 
15 29 1 75 21 49 12 23 45 18 64 86 95 11 81 83 53 88 71 91 43 73 85 62 8 52 99 42 27 46 22 25 31 68 93 24 33 2 35 3 92 78 66 13 76 90 38 47 32 40 34 4 48 26 84 20 89 61 5 54 87 70 17 98 57 50 59 80 60 63 79 36 55 69 56 58 77 67 74 6 72 28 7 10 16 65 9 19 51 44 41 14 39 30 37 0 97 94 96 82 
47 78 11 17 12 71 34 13 3 97 86 79 15 64 66 23 16 39 1 62 37 24 33 19 90 65 82 51 84 48 96 41 75 72 20 95 67 52 21 94 77 55 45 50 22 40 43 31 46 32 93 25 26 69 5 74 28 36 29 2 73 61 83 60 68 92 54 35 38 42 59 98 44 88 89 87 49 7 56 57 18 58 10 0 80 8 85 81 99 4 70 53 27 63 91 14 76 30 9 6 
76 69 82 39 36 43 18 34 88 10 6 56 42 77 23 25 29 20 59 97 48 91 49 3 80 68 8 44 85 1 95 83 7 30 57 58 9 40 4 62 64 96 16 11 93 67 47 92 71 41 53 65 75 35 74 15 84 46 55 14 90 94 54 19 66 87 13 12 21 5 27 32 86 89 38 2 52 51 70 24 79 26 37 31 33 60 78 81 0 45 72 73 61 50 17 28 22 63 98 99 
62 51 70 2 69 28 88 7 12 98 46 30 21 11 18 96 65 4 85 84 3 80 34 53 60 19 52 8 59 72 22 48 25 66 32 58 55 54 13 92 75 45 71 44 43 15 82 64 97 94 26 38 37 78 23 93 40 33 29 76 5 67 20 1 17 41 49 63 9 27 50 39 95 73 91 57 83 47 87 68 10 42 35 89 14 86 90 81 56 74 16 77 24 79 0 36 61 6 31 99 
25 36 69 52 43 48 37 72 9 53 39 0 67 99 32 1 65 63 49 30 29 17 80 62 61 73 55 46 21 2 35 50 23 82 58 28 74 89 6 56 10 4 98 47 45 75 97 87 70 31 54 34 90 81 16 84 24 76 20 95 66 51 14 7 44 79 57 8 26 12 18 96 92 94 27 3 78 41 68 60 22 40 93 5 71 38 86 64 42 15 77 91 13 83 88 11 33 85 59 19 
32 87 53 66 45 12 2 83 74 64 35 79 22 57 60 25 96 91 47 61 14 31 24 40 15 43 27 63 95 21 76 99 82 56 29 8 70 93 73 94 50 97 84 85 89 69 88 11 34 6 55 4 86 3 42 65 39 18 81 98 26 46 28 49 78 41 58 52 30 38 5 68 77 75 67 17 72 92 80 59 37 44 54 13 51 7 48 23 36 71 9 20 19 16 10 33 0 90 1 62 
75 29 91 4 24 38 84 86 67 90 70 30 8 13 54 88 55 36 95 35 66 61 20 50 45 65 39 51 64 25 6 22 10 69 44 47 34 78 81 3 59 40 17 63 87 76 53 26 85 82 48 83 43 71 31 41 12 7 11 94 33 46 97 79 23 14 18 93 73 58 15 37 72 2 68 0 99 77 28 21 80 92 57 42 49 27 32 19 98 62 56 9 96 74 89 1 60 52 16 5 
83 5 72 66 36 98 41 33 24 48 25 80 30 6 47 10 86 92 94 7 3 35 22 91 71 13 89 50 79 85 60 34 84 82 9 63 54 75 1 78 39 81 12 29 70 64 14 87 76 18 59 44 67 77 46 49 56 95 61 90 8 38 40 73 55 20 65 16 11 2 69 21 51 23 58 31 43 0 27 42 19 97 32 53 26 62 15 45 99 57 37 74 52 17 96 88 93 68 28 4 
74 65 4 55 64 56 43 30 15 97 83 91 60 54 77 53 88 13 47 92 17 12 79 38 70 99 29 75 48 20 5 21 96 18 45 73 42 16 95 2 25 76 85 59 81 98 34 24 19 61 44 7 31 87 32 63 23 51 72 1 36 58 40 67 6 10 93 94 89 86 41 68 57 69 33 90 49 50 35 39 66 80 8 82 78 84 14 52 9 71 26 11 46 28 22 62 27 37 0 3 
26 11 94 49 89 1 66 99 79 92 60 93 24 62 46 95 56 98 36 43 7 8 25 29 74 34 96 17 52 16 51 6 44 48 68 71 33 45 50 12 41 40 91 32 38 19 73 3 85 87 57 83 77 28 63 21 54 97 15 76 13 55 58 88 4 2 82 31 69 90 80 84 70 35 67 5 53 20 0 37 27 10 18 75 42 72 61 59 22 9 65 30 81 23 47 39 78 86 14 64 
72 73 28 57 49 87 59 97 82 84 78 83 79 53 33 12 0 60 69 50 36 18 14 34 55 96 92 3 1 74 56 40 17 22 9 20 75 2 44 47 23 45 38 11 4 32 37 24 27 29 52 65 5 25 71 67 70 85 6 54 89 39 19 91 7 30 46 26 63 95 51 86 8 77 61 94 10 42 41 13 76 48 15 88 16 93 21 99 31 68 58 35 43 62 64 81 66 80 90 98 
6 64 29 37 32 81 82 77 71 39 41 44 33 43 53 27 52 7 57 20 61 50 66 86 51 8 47 58 79 74 85 97 34 38 45 95 46 0 14 73 10 24 67 1 22 80 30 63 42 16 12 65 70 69 48 89 76 3 2 11 18 25 4 96 59 72 88 94 98 31 21 26 56 78 91 23 28 92 40 5 36 9 13 68 93 55 15 84 62 87 75 17 90 19 35 54 83 49 60 99 
81 46 27 43 52 75 34 83 25 85 1 10 65 92 36 23 15 64 90 47 2 19 50 17 45 42 49 39 3 66 62 37 31 95 20 16 79 89 74 67 4 5 40 94 76 86 70 56 72 9 61 57 6 73 55 7 30 78 32 84 8 98 91 93 11 22 60 41 54 48 12 77 51 35 44 26 13 18 69 71 14 87 21 33 24 28 99 96 29 53 38 58 59 97 63 68 80 82 88 0 
79 33 5 25 29 58 60 88 3 75 77 93 13 39 78 51 90 31 30 52 72 89 4 43 46 70 99 22 68 82 24 6 40 92 49 44 41 54 27 83 64 97 56 95 28 76 20 66 7 50 57 10 55 15 8 53 21 61 81 63 42 9 94 98 36 48 80 0 85 62 23 14 69 47 12 17 16 18 59 67 96 86 84 45 71 38 32 19 26 1 91 73 35 74 37 87 65 2 34 11 
