22 73 26 32 40 10 68 17 60 49 35 38 58 6 59 21 29 72 77 45 42 18 46 12 75 61 70 43 55 79 64 5 33 16 39 30 74 44 20 9 0 66 65 15 19 71 36 34 37 14 48 27 52 3 76 7 11 50 25 41 28 69 63 57 31 62 2 23 4 53 13 78 47 54 1 51 8 56 24 67 
78 56 75 0 60 71 5 79 66 34 30 39 3 2 51 57 76 42 50 8 47 15 11 27 21 46 64 18 33 6 29 36 24 45 22 16 43 10 31 58 74 70 44 12 61 65 7 28 73 32 23 19 48 54 68 59 49 40 1 55 72 9 37 14 69 41 4 62 20 13 67 77 53 17 35 52 38 63 25 26 
63 60 49 9 67 14 29 40 61 50 25 21 59 52 36 27 38 46 58 26 57 37 77 32 30 78 1 12 34 54 17 73 51 47 28 48 62 53 72 75 41 13 45 64 33 44 24 76 79 20 19 70 66 2 69 23 10 65 16 55 5 11 3 0 74 68 39 43 31 56 8 6 71 15 7 35 42 18 22 4 
61 59 45 47 13 37 30 31 51 76 11 23 5 27 70 7 17 24 63 1 32 14 41 73 77 67 66 18 69 58 19 20 75 42 38 62 25 3 74 26 44 10 33 60 21 29 9 56 39 48 55 78 71 52 54 35 68 72 43 64 2 49 34 15 57 22 53 28 50 6 4 0 46 40 36 12 16 8 79 65 
27 53 52 42 15 12 43 5 31 9 33 19 14 4 77 18 58 38 28 1 41 32 26 24 47 76 48 57 79 71 63 60 49 25 29 54 37 65 56 62 59 21 34 3 67 68 22 74 23 50 73 45 78 0 75 36 8 51 69 16 20 64 39 46 55 66 72 70 10 40 35 2 13 61 17 11 44 6 30 7 
29 9 67 10 77 32 11 27 35 66 12 69 57 62 63 47 54 2 61 42 38 78 20 48 51 14 17 68 21 49 44 36 46 37 22 53 15 74 41 72 58 52 75 16 64 18 30 43 26 40 79 33 19 25 34 5 7 50 28 3 39 71 56 73 65 76 45 0 23 60 70 6 31 8 59 55 4 24 13 1 
29 9 67 10 77 32 11 27 35 66 12 69 57 62 63 47 54 2 61 42 38 78 20 48 51 14 17 68 21 49 44 36 46 37 22 53 15 74 41 72 58 52 75 16 64 18 30 43 26 40 79 33 19 25 34 5 7 50 28 3 39 71 56 73 65 76 45 0 23 60 70 6 31 8 59 55 4 24 13 1 
8 42 74 27 17 52 50 25 28 4 78 3 11 32 60 43 70 44 30 19 65 36 14 76 58 69 62 35 31 66 77 53 39 0 46 57 7 68 21 75 15 64 33 18 51 73 16 37 56 54 45 23 29 41 61 72 1 9 12 47 26 67 22 38 40 10 71 48 2 24 63 55 5 59 6 49 13 20 34 79 
8 42 74 27 17 52 50 25 28 4 78 3 11 32 60 43 70 44 30 19 65 36 14 76 58 69 62 35 31 66 77 53 39 0 46 57 7 68 21 75 15 64 33 18 51 73 16 37 56 54 45 23 29 41 61 72 1 9 12 47 26 67 22 38 40 10 71 48 2 24 63 55 5 59 6 49 13 20 34 79 
73 6 79 11 63 55 45 70 43 65 3 52 28 0 78 44 30 74 35 68 67 22 56 29 21 59 32 33 37 12 5 49 66 72 2 39 36 14 27 40 62 77 47 13 10 8 57 76 58 71 53 31 42 61 75 9 48 4 69 51 38 17 19 25 34 26 16 64 23 60 18 41 7 24 54 46 15 50 20 1 
73 6 79 11 63 55 45 70 43 65 3 52 28 0 78 44 30 74 35 68 67 22 56 29 21 59 32 33 37 12 5 49 66 72 2 39 36 14 27 40 62 77 47 13 10 8 57 76 58 71 53 31 42 61 75 9 48 4 69 51 38 17 19 25 34 26 16 64 23 60 18 41 7 24 54 46 15 50 20 1 
25 17 71 64 5 33 26 23 10 31 63 18 21 28 62 41 11 39 75 52 60 72 47 36 58 57 42 59 24 0 7 55 14 54 29 1 53 69 50 32 49 67 9 48 19 45 40 44 20 74 38 8 37 2 65 15 34 66 27 22 16 30 56 3 68 4 79 43 76 70 51 6 13 78 61 12 46 35 77 73 
78 77 50 37 56 8 72 67 15 68 63 25 38 71 29 76 75 26 22 0 47 70 60 44 39 64 42 46 74 20 10 21 18 43 1 35 45 66 4 53 73 17 30 59 27 49 2 57 69 41 14 48 6 12 65 23 36 3 13 9 62 58 54 5 61 33 16 55 19 31 52 34 51 24 28 40 32 79 7 11 
44 17 66 16 72 21 62 39 31 7 51 23 57 18 20 79 36 48 77 45 4 54 12 69 63 71 67 64 15 46 70 2 42 73 74 30 27 52 28 10 6 49 59 40 58 19 32 35 68 76 8 25 41 53 33 56 9 61 50 55 11 37 34 65 47 13 3 78 22 26 24 1 38 14 60 75 0 29 5 43 
26 64 61 19 52 71 28 21 74 2 31 33 3 56 38 25 73 14 51 49 8 65 58 16 39 60 17 47 53 57 24 18 72 35 6 40 55 43 22 50 54 42 23 63 70 66 4 77 68 15 11 34 78 32 20 46 62 9 29 44 13 48 59 5 45 30 76 41 36 69 37 10 7 75 0 12 67 1 27 79 
48 47 76 0 63 56 15 37 34 36 30 52 18 12 55 61 62 17 65 21 9 2 46 59 1 49 45 66 75 79 41 42 53 67 77 33 3 5 25 43 16 72 40 27 71 64 31 23 35 39 19 11 4 14 70 10 28 74 6 57 32 20 68 78 7 50 8 58 54 13 69 44 22 24 38 60 26 73 29 51 
18 59 31 39 45 3 2 5 74 60 67 73 22 6 57 52 63 37 50 77 24 44 51 58 4 70 17 62 42 27 41 25 29 9 71 8 47 49 56 46 33 65 11 7 69 53 36 32 40 20 48 21 10 34 14 13 68 66 16 35 78 19 61 1 15 26 23 38 55 43 76 30 28 54 0 75 72 12 64 79 
50 56 32 65 26 53 34 14 28 20 22 5 74 13 76 57 23 79 64 0 67 49 16 38 47 59 66 36 8 17 1 35 4 37 51 63 33 3 42 31 21 70 58 72 60 45 69 73 43 46 52 27 12 48 15 2 9 19 71 78 40 29 39 55 10 25 41 44 11 62 6 77 24 75 30 7 61 68 18 54 
12 7 54 49 72 71 48 6 58 1 16 2 0 36 70 64 35 78 77 20 67 10 13 66 22 65 76 56 3 50 62 14 43 74 39 18 60 59 75 32 26 28 55 23 34 29 4 53 68 73 47 19 33 69 5 45 17 9 44 63 41 40 61 8 51 31 57 11 27 25 24 52 38 46 42 30 15 37 21 79 
16 1 24 8 14 2 19 38 72 37 65 3 50 74 51 76 23 39 44 12 26 73 68 46 0 75 66 35 71 60 42 56 28 27 43 5 70 48 54 53 31 45 22 30 62 49 13 17 40 6 47 61 4 59 69 9 57 10 67 29 64 52 36 25 7 15 11 63 33 58 55 20 18 21 78 34 32 77 41 79 
0 12 42 73 38 59 56 7 45 17 1 44 63 2 8 51 62 65 27 57 53 36 34 78 3 23 10 71 64 5 48 16 29 6 28 74 14 75 54 70 4 11 77 35 19 9 46 21 43 55 32 72 13 24 49 26 60 52 25 37 15 76 31 20 18 66 22 33 47 50 30 61 39 40 69 41 58 68 67 79 
52 1 17 25 13 8 47 77 33 51 3 56 35 20 43 55 46 49 31 11 71 12 70 44 65 19 69 75 26 42 54 50 6 73 0 66 23 61 30 4 27 36 28 14 64 7 68 5 16 63 60 59 45 58 48 24 18 2 41 72 53 57 39 62 22 37 15 29 34 10 32 21 74 40 78 67 9 76 38 79 
58 70 36 27 56 3 21 77 46 75 53 76 15 11 71 28 50 7 10 61 24 30 37 74 47 54 62 25 14 73 42 19 67 66 33 55 65 63 8 35 32 72 29 40 9 23 31 60 18 16 45 69 12 43 26 4 57 68 51 17 78 59 20 52 41 5 34 49 38 22 64 44 2 79 0 39 13 1 6 48 
58 70 36 27 56 3 21 77 46 75 53 76 15 11 71 28 50 7 10 61 24 30 37 74 47 54 62 25 14 73 42 19 67 66 33 55 65 63 8 35 32 72 29 40 9 23 31 60 18 16 45 69 12 43 26 4 57 68 51 17 78 59 20 52 41 5 34 49 38 22 64 44 2 79 0 39 13 1 6 48 
8 72 27 55 71 73 9 59 35 50 20 16 10 4 26 18 12 43 78 46 13 68 70 19 47 77 74 36 0 15 32 33 17 45 29 44 40 75 61 66 21 54 62 22 67 41 23 51 24 76 25 60 6 64 1 56 31 49 69 39 34 48 58 37 38 42 11 2 57 65 63 30 3 52 14 53 5 79 7 28 
19 0 16 14 35 59 40 68 4 55 79 20 78 53 69 65 5 60 48 31 50 52 28 17 38 34 58 74 23 49 44 67 6 71 25 70 62 27 46 9 36 29 64 76 7 77 75 51 8 18 22 54 73 32 41 11 10 45 42 21 72 43 12 66 13 39 63 3 24 15 61 30 33 57 37 56 47 1 26 2 
19 0 16 14 35 59 40 68 4 55 79 20 78 53 69 65 5 60 48 31 50 52 28 17 38 34 58 74 23 49 44 67 6 71 25 70 62 27 46 9 36 29 64 76 7 77 75 51 8 18 22 54 73 32 41 11 10 45 42 21 72 43 12 66 13 39 63 3 24 15 61 30 33 57 37 56 47 1 26 2 
35 43 59 70 27 48 39 76 28 29 25 15 11 44 56 5 22 21 55 12 19 69 24 41 14 67 10 65 51 73 74 77 3 47 30 0 45 63 75 31 68 37 57 1 60 54 23 32 49 20 40 50 33 18 9 66 7 58 4 72 62 36 42 53 13 2 71 34 17 8 52 6 46 64 61 16 79 26 78 38 
10 56 39 49 35 54 25 4 29 1 47 3 52 64 18 32 74 34 51 57 69 55 28 76 37 36 40 66 61 12 0 9 44 58 6 67 23 31 50 75 19 79 72 48 60 13 17 30 68 16 53 63 77 78 27 2 8 11 45 21 41 65 33 38 46 22 71 73 14 20 5 70 24 59 26 7 43 62 15 42 
5 41 14 29 45 44 51 57 40 71 64 61 1 67 59 0 68 72 48 75 30 18 42 27 17 8 26 73 20 3 24 34 62 7 52 19 11 54 28 32 12 33 9 22 4 53 6 47 60 31 74 16 46 65 49 56 50 25 23 63 35 15 10 13 39 70 79 2 36 58 66 37 76 78 38 21 55 69 77 43 
39 25 1 38 67 20 58 72 8 28 34 12 56 0 32 18 70 55 29 21 27 78 40 41 22 19 65 75 46 17 35 43 10 33 61 63 5 57 3 7 79 4 54 44 16 69 37 64 60 53 51 73 47 49 6 66 24 36 13 9 77 30 42 68 45 23 11 14 59 31 76 71 74 15 26 62 52 48 50 2 
39 25 1 38 67 20 58 72 8 28 34 12 56 0 32 18 70 55 29 21 27 78 40 41 22 19 65 75 46 17 35 43 10 33 61 63 5 57 3 7 79 4 54 44 16 69 37 64 60 53 51 73 47 49 6 66 24 36 13 9 77 30 42 68 45 23 11 14 59 31 76 71 74 15 26 62 52 48 50 2 
76 30 61 20 75 53 72 51 38 47 6 7 27 55 49 24 34 33 71 18 46 70 42 17 26 44 23 62 10 37 41 16 15 29 8 66 39 48 9 56 74 45 73 67 0 12 59 21 69 64 13 4 58 54 25 2 40 22 78 28 65 63 1 35 60 32 36 52 3 77 50 5 43 79 11 19 14 31 57 68 
12 48 35 9 76 24 69 8 58 23 2 64 11 42 78 57 17 22 70 79 67 71 62 45 59 55 46 4 14 37 33 3 44 18 53 15 36 38 30 74 26 68 72 54 32 5 20 75 29 56 52 49 41 19 25 66 10 31 73 60 43 61 65 28 50 27 6 40 16 63 7 51 34 13 47 21 0 39 1 77 
12 48 35 9 76 24 69 8 58 23 2 64 11 42 78 57 17 22 70 79 67 71 62 45 59 55 46 4 14 37 33 3 44 18 53 15 36 38 30 74 26 68 72 54 32 5 20 75 29 56 52 49 41 19 25 66 10 31 73 60 43 61 65 28 50 27 6 40 16 63 7 51 34 13 47 21 0 39 1 77 
74 62 10 8 28 52 63 19 12 21 73 27 49 29 64 59 13 1 44 39 46 36 54 9 72 30 69 78 16 40 38 48 17 79 37 33 56 31 43 20 68 18 57 47 22 67 14 50 24 4 6 26 66 60 34 77 35 76 25 2 58 32 51 42 55 11 53 70 71 61 15 3 7 5 65 75 41 23 0 45 
69 51 7 17 31 37 66 45 41 34 10 48 11 55 61 74 67 46 77 53 64 9 33 14 52 72 1 4 49 68 16 44 60 23 27 30 8 42 73 13 58 18 62 50 2 22 24 38 56 76 47 78 25 3 21 29 40 63 19 65 35 39 5 43 26 20 59 54 6 36 79 12 70 28 15 75 32 57 71 0 
70 15 53 3 52 42 30 54 50 35 11 62 29 21 72 0 68 13 28 51 14 18 26 45 58 38 71 33 41 69 65 76 36 1 9 19 25 10 22 31 63 32 27 64 23 24 66 61 57 59 34 49 37 60 2 48 78 16 55 43 44 56 46 40 17 73 74 4 77 8 5 7 75 39 67 6 47 20 12 79 
58 24 12 30 10 3 31 28 49 39 35 42 66 4 8 51 56 57 2 14 26 76 60 70 63 43 65 68 59 6 45 34 73 16 19 61 13 22 0 17 40 29 25 62 18 71 50 20 33 7 53 38 47 52 44 11 72 41 27 1 78 54 36 21 67 23 5 79 55 64 75 69 32 9 15 74 48 37 46 77 
50 26 52 36 62 5 66 70 2 47 0 30 31 75 4 61 22 72 25 8 67 17 35 29 59 51 6 1 78 42 48 23 9 63 45 38 10 53 28 40 20 24 46 56 11 3 68 13 54 58 60 73 41 14 77 19 15 18 16 64 44 12 27 55 32 39 7 76 34 37 21 49 57 33 69 43 74 79 65 71 
50 76 20 55 65 5 15 60 54 72 68 26 11 79 24 25 2 40 6 58 66 48 29 8 28 32 21 77 70 67 45 49 3 43 0 12 75 30 59 23 19 41 51 34 35 57 22 47 7 13 56 61 52 39 64 16 9 1 74 42 38 27 69 46 14 33 31 53 17 73 4 62 36 63 37 10 71 78 18 44 
50 54 38 22 70 36 52 23 57 49 59 55 74 2 51 28 64 65 15 39 68 25 5 67 73 0 76 56 53 14 13 11 4 44 37 9 35 10 18 58 21 79 61 26 31 33 69 27 43 34 48 8 66 72 32 29 6 3 1 40 45 42 71 60 16 24 47 78 17 7 12 62 30 20 46 19 75 77 41 63 
61 72 13 67 68 63 11 26 15 27 56 33 20 3 51 34 55 75 40 35 1 8 50 65 52 30 19 28 21 54 17 48 23 62 7 58 41 57 74 44 42 25 60 22 31 38 43 18 36 0 4 24 32 47 49 45 59 12 79 71 5 39 70 2 76 9 66 6 14 78 16 53 69 37 29 46 64 73 77 10 
52 16 14 28 56 2 46 44 76 19 13 63 15 65 33 35 26 6 73 79 43 78 34 21 18 55 23 77 61 47 3 74 36 71 51 57 7 5 49 4 27 31 32 11 69 30 37 64 53 66 8 67 39 42 45 9 68 24 17 22 54 60 62 58 20 10 72 1 50 38 25 48 41 70 29 40 0 75 12 59 
23 42 32 12 34 63 46 38 35 36 40 47 62 48 1 20 8 55 16 43 61 15 9 50 71 31 75 67 52 57 56 69 10 54 68 21 39 77 29 49 44 66 70 5 73 78 28 2 14 26 27 17 58 65 11 22 19 51 3 76 7 53 60 0 33 74 25 30 45 6 24 41 79 64 13 59 72 18 37 4 
48 41 78 72 45 13 37 52 70 32 29 63 51 11 4 77 0 34 53 5 36 44 47 31 1 69 40 68 33 16 61 67 23 24 57 50 8 3 56 39 17 76 14 79 62 64 21 10 2 25 74 18 6 9 73 43 55 30 20 28 38 27 54 58 7 71 12 66 35 42 65 19 15 22 60 59 26 49 46 75 
64 3 37 56 63 41 68 20 26 10 61 4 0 53 67 59 21 42 27 11 33 14 35 6 58 79 65 5 54 1 25 13 2 69 47 45 60 72 28 66 48 76 44 51 50 39 7 49 36 52 71 73 30 38 24 40 8 16 32 46 18 17 29 9 12 62 77 74 15 78 34 57 19 70 22 75 23 31 43 55 
50 43 64 48 61 5 74 71 27 16 44 51 41 30 15 11 63 32 53 1 68 14 13 28 37 36 67 24 17 60 49 42 3 66 78 62 23 65 47 40 19 46 38 72 57 8 7 31 45 21 56 25 77 54 26 10 4 76 55 18 35 2 34 20 9 33 75 70 12 29 0 79 39 69 52 6 59 73 22 58 
8 33 76 72 38 9 66 46 35 13 31 23 65 32 30 59 51 17 41 2 11 62 64 24 0 71 75 16 74 7 15 14 19 37 42 47 6 45 29 18 22 73 78 56 69 61 53 60 25 79 26 49 1 67 63 28 34 68 12 52 39 70 55 21 43 44 3 54 50 27 58 40 4 5 36 57 10 77 20 48 
63 10 7 20 3 78 51 0 61 65 59 58 24 19 11 41 57 56 25 39 55 62 42 31 53 27 52 46 12 30 36 76 49 29 48 47 13 45 44 6 43 15 5 22 40 38 54 17 35 60 33 4 32 28 21 77 23 18 34 14 9 16 2 26 79 74 72 68 69 70 50 8 75 67 37 71 73 64 66 1 
22 68 72 20 2 55 27 58 50 76 70 25 78 56 77 66 63 65 3 74 28 51 62 47 8 53 13 60 24 75 4 59 33 7 35 57 73 5 52 21 38 49 6 42 18 48 71 69 41 9 44 43 15 26 40 10 67 79 61 34 11 12 32 54 23 30 29 19 46 45 14 1 39 64 36 17 31 16 0 37 
22 34 16 18 29 42 39 63 53 2 61 55 7 12 36 54 49 13 51 8 31 68 62 10 58 26 17 28 70 67 21 66 40 77 0 71 11 56 23 73 45 35 57 76 24 41 14 72 15 20 60 38 32 33 50 44 78 1 25 46 5 37 52 30 43 48 69 9 75 59 6 4 74 47 65 27 64 19 3 79 
62 70 6 47 78 59 21 30 33 5 37 17 58 38 28 41 57 50 44 74 55 13 2 51 67 3 72 22 10 52 49 27 48 73 66 19 4 68 32 64 40 12 77 39 65 75 31 54 26 8 25 7 46 61 16 20 18 53 9 71 11 76 45 79 63 56 23 34 35 14 15 29 60 42 0 36 43 1 24 69 
57 46 43 19 65 38 32 18 1 0 55 59 11 41 24 22 12 27 60 76 51 70 5 7 49 77 30 50 28 69 62 20 42 3 8 68 75 4 37 53 35 13 52 71 6 31 25 48 26 36 21 14 17 64 61 45 9 16 74 78 72 29 10 54 56 44 39 34 15 67 66 23 33 73 40 58 47 63 79 2 
3 37 22 35 43 4 65 17 58 16 40 61 13 38 44 10 67 46 63 33 5 79 64 55 27 50 51 8 74 72 6 21 7 42 12 60 24 9 68 11 14 48 1 53 36 77 30 0 54 47 19 52 62 26 71 20 23 29 49 57 25 15 75 66 31 32 41 69 34 2 45 73 56 76 59 70 78 18 39 28 
57 53 31 3 14 56 65 1 28 41 20 66 39 34 30 72 32 68 16 52 49 38 42 17 23 71 37 67 7 24 46 26 45 19 12 10 51 25 63 44 36 70 27 55 61 43 79 64 69 29 11 0 54 77 9 5 4 35 13 48 75 60 33 78 50 40 15 22 6 21 73 74 8 58 18 59 47 62 76 2 
79 55 76 49 39 9 45 42 16 29 57 72 21 7 32 61 18 53 78 68 50 36 71 52 8 69 20 10 33 56 13 11 25 46 28 41 48 19 38 24 77 73 1 12 34 31 47 65 37 75 22 64 15 44 67 26 54 60 6 0 74 3 63 5 70 43 35 59 17 30 66 51 62 2 27 58 40 4 23 14 
65 25 73 78 9 21 64 75 70 44 5 36 55 59 61 51 57 54 1 15 7 79 37 63 42 27 68 2 67 45 71 18 26 3 16 33 17 23 11 41 48 62 20 49 60 12 34 46 39 4 14 0 22 58 56 69 52 31 32 24 28 40 50 76 8 30 35 43 38 74 47 13 10 72 77 6 29 66 53 19 
65 25 73 78 9 21 64 75 70 44 5 36 55 59 61 51 57 54 1 15 7 79 37 63 42 27 68 2 67 45 71 18 26 3 16 33 17 23 11 41 48 62 20 49 60 12 34 46 39 4 14 0 22 58 56 69 52 31 32 24 28 40 50 76 8 30 35 43 38 74 47 13 10 72 77 6 29 66 53 19 
48 47 54 38 4 45 44 76 17 67 41 1 35 42 19 15 0 68 26 62 36 59 71 7 32 57 52 10 2 78 28 27 25 8 46 77 30 69 20 64 16 29 11 13 40 9 75 49 3 58 74 61 70 23 5 60 55 12 63 39 34 22 73 72 6 66 53 14 33 43 65 56 18 37 51 50 21 31 24 79 
67 9 46 43 12 61 41 70 3 65 8 55 10 31 14 39 25 28 57 23 37 71 33 45 52 63 59 27 29 38 11 73 4 72 47 20 58 17 42 18 56 13 24 2 6 21 22 32 54 40 77 69 26 48 66 30 7 5 49 0 44 62 19 51 34 76 60 53 35 78 74 36 50 1 68 64 79 15 75 16 
43 19 71 64 61 67 15 16 30 45 13 46 32 27 62 53 54 34 1 58 4 5 79 29 39 25 12 56 69 42 21 57 47 74 70 31 10 52 50 38 6 65 41 28 63 24 68 40 22 2 8 78 77 23 51 37 9 59 20 18 11 7 48 55 66 17 76 33 26 60 35 0 44 75 49 72 73 3 36 14 
9 11 51 52 10 4 41 56 1 26 59 75 27 74 61 62 14 36 63 76 66 38 44 37 70 71 50 67 77 6 42 53 34 55 69 28 8 43 15 54 18 20 19 0 3 31 47 35 23 40 49 13 64 29 73 16 5 65 22 30 39 45 7 24 57 25 48 72 12 46 79 17 21 2 33 78 58 60 68 32 
29 31 21 78 22 26 13 39 76 36 20 42 43 15 9 47 59 46 73 54 10 61 64 30 5 12 75 65 34 53 79 44 72 3 57 41 16 23 63 0 58 45 48 27 71 40 77 18 32 67 19 49 8 69 62 74 66 28 25 38 33 4 60 70 55 37 14 50 52 56 68 24 17 35 7 51 2 1 11 6 
49 48 31 20 9 37 23 18 57 1 79 15 55 53 39 58 22 16 13 47 68 0 74 41 62 12 73 35 7 45 17 60 3 64 27 8 24 46 30 28 25 69 26 52 36 78 33 76 50 34 59 70 42 67 11 32 4 54 40 61 43 44 66 63 5 19 77 29 6 72 75 38 10 71 14 65 21 51 56 2 
11 70 12 53 25 29 64 56 39 30 59 47 7 3 36 15 55 58 13 78 17 79 75 33 72 73 49 4 19 63 1 60 21 6 69 44 16 46 42 14 26 27 50 48 77 37 20 68 31 24 34 71 65 23 38 2 41 62 28 8 51 18 76 40 57 61 52 67 74 43 5 66 22 10 54 9 45 35 32 0 
58 70 36 27 56 3 21 77 46 75 53 76 15 11 71 28 50 7 10 61 24 30 37 74 47 54 62 25 14 73 42 19 67 66 33 55 65 63 8 35 32 72 29 40 9 23 31 60 18 16 45 69 12 43 26 4 57 68 51 17 78 59 20 52 41 5 34 49 38 22 64 44 2 79 0 39 13 1 6 48 
69 3 38 59 43 5 25 48 68 16 33 40 20 79 15 30 66 55 70 17 64 23 27 32 44 36 63 58 56 52 46 34 62 47 13 61 19 37 1 51 60 77 6 49 54 72 31 24 50 57 42 45 2 39 22 9 35 28 53 4 26 10 21 0 18 14 8 76 11 29 78 74 71 12 41 75 65 67 73 7 
45 4 3 44 27 50 65 34 77 67 39 49 19 26 11 69 36 55 7 43 61 12 1 10 31 30 76 54 47 0 73 15 75 32 35 25 18 33 46 51 13 8 59 56 74 2 42 23 72 17 48 6 64 71 16 66 70 63 37 5 24 29 68 9 62 14 52 28 60 78 41 57 53 20 40 21 38 22 79 58 
42 0 13 4 8 16 60 73 48 47 61 12 15 59 44 19 34 32 78 2 57 71 41 10 20 69 37 14 62 45 24 6 72 51 56 76 28 30 49 40 5 27 18 39 21 46 29 9 68 77 36 3 35 74 50 52 65 33 58 17 11 31 38 63 64 70 66 79 43 23 22 55 25 53 1 54 67 7 26 75 
42 0 13 4 8 16 60 73 48 47 61 12 15 59 44 19 34 32 78 2 57 71 41 10 20 69 37 14 62 45 24 6 72 51 56 76 28 30 49 40 5 27 18 39 21 46 29 9 68 77 36 3 35 74 50 52 65 33 58 17 11 31 38 63 64 70 66 79 43 23 22 55 25 53 1 54 67 7 26 75 
61 72 55 35 54 65 46 77 38 32 21 67 5 20 14 18 76 34 8 36 1 58 17 48 29 68 53 11 44 33 16 59 23 78 62 2 25 70 12 43 42 31 30 15 3 51 10 39 74 22 4 45 64 37 9 47 52 50 57 27 6 71 7 28 73 13 56 26 19 40 24 41 69 0 60 63 66 75 79 49 
34 0 72 35 23 20 74 43 64 79 60 39 25 49 26 54 62 50 11 40 45 59 3 29 36 66 30 75 22 32 70 27 56 69 57 6 38 17 77 14 67 61 44 65 46 37 48 51 33 15 7 4 76 63 52 55 19 24 1 73 47 9 12 16 8 18 71 28 68 2 31 41 13 58 53 78 21 10 5 42 
34 71 53 62 78 67 6 52 36 43 4 66 42 59 18 46 2 29 45 14 44 26 25 77 23 72 76 73 37 7 20 74 55 39 17 58 65 56 8 75 63 22 70 11 69 9 10 33 3 15 13 50 48 68 0 40 31 38 54 19 51 64 61 21 12 27 28 1 60 35 32 57 24 47 49 79 30 16 5 41 
72 75 28 44 24 22 46 15 70 48 25 69 64 21 10 2 51 1 13 42 68 18 6 60 12 49 17 40 45 36 37 61 67 73 65 63 56 16 39 27 62 55 50 8 59 47 52 23 19 29 58 7 26 32 4 77 54 53 34 3 43 20 41 30 38 35 66 9 31 79 11 5 0 33 76 71 14 74 57 78 
21 42 19 24 53 1 31 49 14 79 2 28 76 4 67 9 30 33 71 36 3 63 78 68 44 17 72 38 66 50 5 58 60 45 77 54 57 74 6 8 40 37 23 56 27 7 70 51 48 61 10 75 11 62 52 12 39 73 34 13 15 43 55 64 25 16 18 35 20 0 26 46 59 29 32 41 47 65 69 22 
38 68 36 60 2 34 7 11 8 17 67 20 9 52 46 30 70 65 3 47 26 1 57 32 45 6 64 75 19 14 23 78 49 72 40 15 53 51 63 16 27 29 37 61 39 62 69 71 28 73 55 54 50 76 79 31 10 74 18 42 41 58 59 35 44 22 21 77 12 25 4 48 24 56 33 5 66 0 43 13 
20 43 12 64 42 16 66 75 13 52 46 62 32 45 6 30 25 15 71 76 0 14 51 31 19 73 47 24 21 70 63 65 58 56 10 53 49 17 26 5 39 28 3 54 33 9 69 18 55 61 1 27 38 8 41 57 44 35 29 59 2 11 68 67 34 4 78 79 7 50 22 40 60 74 23 36 37 48 72 77 
20 43 12 64 42 16 66 75 13 52 46 62 32 45 6 30 25 15 71 76 0 14 51 31 19 73 47 24 21 70 63 65 58 56 10 53 49 17 26 5 39 28 3 54 33 9 69 18 55 61 1 27 38 8 41 57 44 35 29 59 2 11 68 67 34 4 78 79 7 50 22 40 60 74 23 36 37 48 72 77 
1 47 18 5 11 76 19 33 48 22 14 30 7 12 72 69 2 44 39 65 57 51 13 67 38 41 9 53 29 10 37 34 32 74 46 75 68 45 24 54 3 40 23 36 16 28 17 66 4 73 42 26 77 21 60 70 61 0 59 52 8 50 31 35 15 64 71 43 55 49 20 62 25 63 79 27 56 78 58 6 
1 47 18 5 11 76 19 33 48 22 14 30 7 12 72 69 2 44 39 65 57 51 13 67 38 41 9 53 29 10 37 34 32 74 46 75 68 45 24 54 3 40 23 36 16 28 17 66 4 73 42 26 77 21 60 70 61 0 59 52 8 50 31 35 15 64 71 43 55 49 20 62 25 63 79 27 56 78 58 6 
15 19 31 1 59 23 56 42 79 44 17 32 38 73 28 68 40 9 39 30 50 61 69 22 20 66 53 49 4 21 74 60 78 11 5 63 43 33 55 27 29 62 36 26 77 35 72 54 76 71 8 51 41 14 6 64 75 7 2 25 57 67 70 52 65 16 3 13 58 10 37 48 47 12 46 0 45 34 24 18 
42 55 64 53 34 2 51 33 3 18 61 79 73 77 10 75 70 45 24 46 4 14 57 72 15 74 5 19 17 21 6 49 41 9 38 7 56 63 69 28 8 47 68 27 11 39 65 25 62 50 12 36 31 13 35 16 20 78 37 66 22 60 23 54 52 26 59 67 29 58 30 32 40 44 43 48 71 76 0 1 
35 32 59 77 70 0 6 51 56 25 28 20 74 48 76 7 63 75 66 68 18 71 54 62 14 40 44 49 42 16 36 73 4 33 67 23 30 19 72 64 61 31 53 9 27 50 60 69 39 46 29 26 21 11 10 1 8 57 65 58 47 37 55 43 12 2 52 22 15 45 34 41 17 38 24 3 79 5 78 13 
3 14 8 27 79 16 9 37 50 13 4 17 49 22 21 45 48 68 59 15 61 39 76 55 5 25 41 0 18 40 29 57 36 70 63 77 66 67 60 26 7 20 78 23 24 10 19 42 11 43 46 73 12 74 33 52 65 44 54 47 28 75 35 32 30 71 31 56 58 6 38 69 51 53 2 64 72 34 62 1 
3 14 8 27 79 16 9 37 50 13 4 17 49 22 21 45 48 68 59 15 61 39 76 55 5 25 41 0 18 40 29 57 36 70 63 77 66 67 60 26 7 20 78 23 24 10 19 42 11 43 46 73 12 74 33 52 65 44 54 47 28 75 35 32 30 71 31 56 58 6 38 69 51 53 2 64 72 34 62 1 
78 56 75 0 60 71 5 79 66 34 30 39 3 2 51 57 76 42 50 8 47 15 11 27 21 46 64 18 33 6 29 36 24 45 22 16 43 10 31 58 74 70 44 12 61 65 7 28 73 32 23 19 48 54 68 59 49 40 1 55 72 9 37 14 69 41 4 62 20 13 67 77 53 17 35 52 38 63 25 26 
78 56 75 0 60 71 5 79 66 34 30 39 3 2 51 57 76 42 50 8 47 15 11 27 21 46 64 18 33 6 29 36 24 45 22 16 43 10 31 58 74 70 44 12 61 65 7 28 73 32 23 19 48 54 68 59 49 40 1 55 72 9 37 14 69 41 4 62 20 13 67 77 53 17 35 52 38 63 25 26 
8 17 13 31 60 68 14 40 28 52 34 54 39 20 6 49 53 57 19 63 67 71 25 26 0 43 65 15 21 27 64 47 42 32 41 62 55 75 1 66 12 24 38 29 58 72 78 10 18 37 50 51 2 46 36 45 3 79 22 4 35 77 30 74 48 11 5 76 7 59 70 61 9 16 23 69 33 44 56 73 
73 18 62 19 59 45 50 16 54 17 61 65 37 52 7 58 10 4 12 66 21 63 30 28 36 27 22 26 13 31 72 20 44 77 14 29 55 5 49 48 70 46 41 24 34 43 79 11 25 32 40 67 75 42 33 64 1 38 23 8 60 0 69 78 53 74 68 56 3 51 15 39 6 57 9 71 35 47 76 2 
11 55 65 7 58 6 28 14 32 70 25 16 61 18 63 15 75 0 44 56 69 59 13 49 48 76 39 57 20 1 47 54 42 41 64 67 12 23 37 53 24 46 34 52 66 43 35 38 73 4 60 22 19 2 31 21 9 45 29 3 51 78 40 5 71 33 50 77 26 68 10 8 36 17 72 30 79 27 74 62 
41 75 3 63 26 22 12 57 37 5 70 43 39 61 48 19 72 42 1 20 29 9 35 10 51 11 77 79 47 54 33 21 16 7 27 14 36 55 66 34 2 8 59 30 74 64 78 18 65 4 58 69 23 71 15 67 38 49 60 46 6 31 68 76 45 32 28 24 56 50 13 53 17 62 44 25 40 0 73 52 
65 43 33 11 39 0 58 76 10 60 28 52 53 4 40 24 2 23 74 8 62 34 3 27 38 1 45 35 55 72 44 30 59 75 79 5 63 14 73 46 50 68 78 31 19 56 22 6 9 67 41 12 70 7 25 13 36 77 47 66 21 71 42 51 16 15 61 48 57 17 37 18 26 54 49 20 32 29 69 64 
8 44 43 5 52 35 54 61 0 12 78 34 42 51 73 4 13 69 10 58 65 33 64 68 56 53 1 37 24 57 16 77 38 40 49 28 26 66 21 22 17 7 23 27 2 76 9 70 25 19 50 48 39 3 59 31 6 32 67 55 41 47 11 18 60 29 75 30 14 62 74 15 20 72 36 71 45 46 63 79 
51 28 11 19 16 30 17 79 12 77 13 46 69 42 37 14 64 15 18 6 21 32 73 74 22 72 47 61 23 9 1 26 59 29 35 27 10 41 33 54 34 36 44 45 38 39 65 71 56 40 43 68 48 3 50 2 53 62 25 57 58 70 60 49 7 67 75 76 78 52 4 8 24 55 66 5 63 31 20 0 
21 23 59 46 39 55 58 34 77 60 57 53 41 69 36 33 67 65 15 6 25 7 3 24 51 14 48 76 8 4 1 38 35 5 45 13 64 20 19 22 47 42 79 37 74 40 10 0 61 44 63 12 29 26 18 9 73 16 52 49 11 78 71 28 32 50 66 43 70 2 27 68 62 31 56 30 54 17 75 72 
21 23 59 46 39 55 58 34 77 60 57 53 41 69 36 33 67 65 15 6 25 7 3 24 51 14 48 76 8 4 1 38 35 5 45 13 64 20 19 22 47 42 79 37 74 40 10 0 61 44 63 12 29 26 18 9 73 16 52 49 11 78 71 28 32 50 66 43 70 2 27 68 62 31 56 30 54 17 75 72 
3 57 69 50 58 62 71 7 75 6 72 22 23 5 56 34 25 61 70 48 53 4 74 78 44 49 18 66 21 29 46 32 30 12 33 20 45 47 13 51 8 59 36 63 68 64 39 35 41 60 27 67 15 31 40 17 65 73 11 19 9 77 52 2 14 76 37 10 42 28 24 38 26 0 16 55 79 43 54 1 
22 67 37 38 6 77 62 68 58 8 25 39 20 76 44 75 27 46 60 9 54 53 50 7 30 69 24 5 15 29 35 48 11 26 17 51 28 16 71 43 47 74 12 49 41 56 42 3 61 45 32 21 66 59 31 73 14 34 57 64 2 19 0 4 36 72 55 70 40 18 13 1 78 23 10 63 65 33 52 79 
27 56 73 16 33 18 49 6 12 59 43 55 13 36 5 41 57 2 29 62 66 69 20 72 75 39 70 51 28 17 26 25 19 7 1 4 52 14 47 10 60 68 67 23 32 8 35 21 38 61 50 44 74 64 63 54 40 3 24 11 37 58 53 65 71 15 48 42 79 34 76 22 31 30 78 45 77 46 9 0 
