20 3 82 16 22 25 69 2 37 24 48 38 5 11 71 78 40 14 61 83 49 23 27 32 77 47 62 34 45 55 58 72 8 33 17 18 73 15 64 57 42 0 1 36 44 35 39 65 29 26 67 84 54 28 60 79 43 6 19 31 41 81 50 7 68 4 74 13 59 76 52 9 30 56 75 66 51 46 21 70 53 12 80 63 10 
75 9 0 27 48 49 80 56 57 44 17 58 74 52 39 79 31 50 77 65 29 35 11 16 26 64 84 6 4 55 62 70 45 37 36 22 66 81 60 43 1 53 71 15 46 10 23 7 25 20 73 18 42 78 33 40 13 28 61 83 51 72 12 24 34 19 8 47 38 69 2 63 82 67 54 32 3 59 21 41 5 30 14 76 68 
18 50 29 28 16 58 73 54 0 42 49 14 12 74 62 78 5 2 57 71 32 8 11 13 65 23 10 22 59 37 53 70 80 82 3 75 72 64 19 47 83 61 60 20 51 31 26 84 34 55 67 4 48 17 25 39 36 66 45 77 56 41 15 40 30 52 81 33 6 27 76 43 68 7 1 35 69 46 9 24 63 38 44 79 21 
74 61 30 73 35 9 69 14 44 10 22 48 33 29 80 23 7 71 76 8 52 55 83 32 53 67 12 11 42 50 45 13 65 21 66 34 58 43 49 15 64 57 3 38 63 19 27 20 5 62 47 60 18 26 72 56 24 16 28 46 77 1 36 37 82 41 51 39 31 68 17 40 0 4 78 84 79 6 75 25 81 54 59 70 2 
80 5 56 79 67 26 11 84 21 37 72 27 58 75 47 6 35 36 69 51 31 74 61 18 30 7 55 46 19 49 44 15 28 41 50 23 17 73 42 57 38 81 77 8 71 53 83 68 48 64 9 66 14 62 33 10 4 13 32 82 45 59 20 70 16 22 60 43 54 39 24 25 78 29 63 34 2 1 65 76 0 12 52 40 3 
73 37 3 80 32 56 22 1 18 68 49 27 4 16 78 30 64 8 7 63 70 10 79 72 12 23 69 38 9 55 58 48 81 2 40 74 20 62 13 52 29 15 54 76 75 33 5 50 51 35 57 19 43 21 61 41 67 31 17 6 65 46 28 26 71 59 25 66 36 39 83 53 11 14 45 42 47 77 34 24 82 44 60 84 0 
48 35 4 56 18 25 67 65 39 16 44 22 80 84 28 76 40 38 6 47 45 73 50 78 13 31 60 11 79 9 20 27 81 10 24 23 0 46 57 17 15 69 72 70 30 53 49 36 51 83 66 75 3 61 68 62 26 19 54 21 42 82 33 52 58 7 64 77 63 32 37 34 41 74 5 12 71 59 1 55 29 43 14 8 2 
36 49 5 33 48 39 25 13 30 9 7 2 45 47 46 10 11 53 72 79 69 71 38 78 26 56 14 6 43 32 27 31 41 21 65 15 84 67 57 16 73 35 50 17 70 80 28 20 3 0 22 8 75 61 74 24 19 64 62 52 34 55 37 68 40 77 51 1 18 42 58 59 83 4 60 66 12 63 82 23 44 29 54 76 81 
23 8 55 32 31 73 69 48 40 54 61 63 3 22 38 10 56 50 19 17 25 28 42 44 33 11 4 2 49 62 6 5 37 77 45 57 1 41 65 83 76 74 59 18 68 66 14 26 43 52 21 16 39 64 84 27 9 30 12 71 15 79 81 60 36 46 53 13 35 29 67 70 47 75 24 80 20 58 7 51 78 0 82 34 72 
66 63 77 15 16 53 78 47 0 84 39 26 2 59 6 27 34 20 81 43 9 5 57 31 71 72 65 68 28 51 18 24 4 35 29 21 1 10 60 52 14 30 46 48 38 32 17 83 58 42 56 44 3 12 67 69 61 25 54 73 41 13 22 50 7 62 82 76 79 23 40 49 45 33 8 19 74 55 11 70 37 80 36 75 64 
68 34 52 77 83 39 61 48 20 23 47 37 80 82 69 56 16 40 67 81 38 25 43 28 64 79 45 12 27 6 78 76 7 71 53 24 17 33 70 22 75 74 60 59 58 73 9 41 66 72 19 0 65 46 51 63 21 10 62 49 42 57 35 55 30 54 4 50 1 14 44 15 26 36 32 31 29 18 84 11 8 5 3 2 13 
68 34 52 77 83 39 61 48 20 23 47 37 80 82 69 56 16 40 67 81 38 25 43 28 64 79 45 12 27 6 78 76 7 71 53 24 17 33 70 22 75 74 60 59 58 73 9 41 66 72 19 0 65 46 51 63 21 10 62 49 42 57 35 55 30 54 4 50 1 14 44 15 26 36 32 31 29 18 84 11 8 5 3 2 13 
8 36 64 76 5 3 28 26 41 50 78 44 32 70 62 77 31 73 13 46 29 48 18 27 38 34 30 61 7 56 19 9 21 43 14 75 54 66 40 4 51 71 47 74 68 6 55 12 0 59 72 65 10 15 60 69 37 23 20 82 63 42 16 53 58 17 25 33 49 22 57 52 81 84 11 35 67 39 1 83 79 80 45 24 2 
47 11 58 57 15 29 0 26 30 76 20 80 68 70 25 82 21 59 36 61 81 37 43 4 75 65 33 71 42 14 72 62 23 38 78 27 16 17 52 32 56 5 3 22 34 55 50 66 74 51 79 31 39 69 7 46 54 28 44 77 53 35 63 8 41 18 45 12 67 60 6 73 64 84 10 48 24 13 40 83 9 49 19 2 1 
66 0 9 56 41 60 80 38 30 63 75 43 2 55 81 68 1 37 57 10 46 74 26 23 72 49 31 19 25 3 12 20 16 61 28 32 27 47 5 4 45 59 73 6 34 40 82 48 8 35 58 83 18 69 53 21 50 7 44 39 65 11 13 33 14 77 84 67 78 52 42 15 71 17 62 64 36 22 24 29 54 51 70 76 79 
66 52 73 70 16 58 84 41 39 80 67 12 40 18 6 79 44 36 29 20 1 31 69 5 57 23 71 68 49 34 24 25 2 63 82 59 77 65 53 22 28 30 11 17 54 35 3 76 27 42 75 81 43 60 9 46 51 72 47 38 32 55 48 61 26 64 62 78 74 19 4 45 7 14 21 37 56 0 15 50 10 8 33 13 83 
42 23 37 80 11 71 35 77 9 61 36 5 66 14 33 47 52 74 8 68 43 3 2 10 28 67 0 44 27 79 64 20 38 32 17 16 48 63 70 78 6 59 75 50 76 56 69 39 15 26 7 60 53 13 21 51 83 72 34 58 25 41 65 31 12 30 82 54 45 19 18 57 46 84 73 55 22 29 24 81 40 62 49 4 1 
79 32 39 35 50 47 31 74 59 63 29 67 13 21 54 4 6 36 48 24 40 38 14 73 71 64 46 69 84 5 12 28 77 23 17 7 45 80 56 53 57 37 42 66 72 8 62 34 49 44 9 75 52 78 58 27 43 10 65 51 11 76 16 82 30 15 83 2 55 61 81 19 18 41 68 22 3 26 33 20 70 0 60 1 25 
25 20 73 48 43 64 37 2 38 31 41 57 30 81 76 22 15 9 35 72 18 80 56 7 74 28 54 65 69 29 68 19 12 47 11 16 8 79 66 27 6 26 39 46 10 50 3 63 33 78 53 23 61 77 17 59 49 62 45 4 40 75 55 51 84 0 42 70 36 67 24 34 13 60 5 1 58 52 83 32 14 21 82 44 71 
14 74 56 16 70 31 49 1 58 78 22 36 27 15 68 72 24 82 29 25 18 17 44 10 84 67 0 35 48 66 33 21 3 4 54 39 46 28 37 42 8 80 20 64 40 63 5 73 75 38 60 79 52 41 26 57 62 53 45 6 69 50 76 77 34 32 55 61 71 65 12 11 7 9 59 83 30 47 23 13 81 19 43 51 2 
38 76 51 75 71 65 54 46 26 84 34 11 68 16 80 37 3 66 0 19 74 59 42 78 40 5 81 83 24 64 69 21 4 29 32 52 9 25 45 7 58 28 55 62 61 44 13 82 22 33 77 48 35 36 67 8 79 50 41 56 18 47 10 53 39 12 73 63 15 72 14 23 30 17 27 20 57 70 49 31 43 60 1 6 2 
57 10 80 13 58 2 75 76 34 25 74 83 63 12 67 60 43 7 26 82 71 3 16 36 33 31 79 6 35 18 62 45 49 29 65 69 77 54 41 23 66 81 68 19 22 4 59 46 78 21 39 14 73 5 61 52 11 30 1 51 50 37 47 72 38 9 17 44 28 15 42 56 32 70 64 20 8 27 48 55 40 53 24 0 84 
58 77 47 79 4 50 60 75 7 52 45 68 39 43 15 57 25 28 24 34 21 65 16 0 29 40 37 13 14 74 46 6 70 73 11 32 51 30 9 44 26 61 36 72 78 18 69 22 56 8 35 64 80 48 1 83 31 63 12 62 66 55 84 20 53 33 42 17 38 2 81 41 27 23 59 76 49 3 82 67 54 5 19 10 71 
36 35 22 76 78 32 50 70 39 61 81 51 52 55 53 21 80 19 41 43 29 84 73 56 20 11 14 58 23 7 69 72 25 63 2 33 71 83 64 30 15 65 60 67 59 57 46 28 10 17 44 40 3 82 18 26 24 12 62 38 74 79 66 42 47 34 75 37 4 77 48 16 0 68 6 5 9 54 1 49 13 45 31 27 8 
8 2 12 83 80 61 74 47 11 72 76 79 23 56 62 67 34 49 46 25 22 53 30 41 4 52 71 65 68 3 82 77 78 27 14 29 16 42 63 10 39 81 0 6 75 36 15 57 69 32 50 20 45 26 5 24 48 9 66 55 58 13 28 73 17 70 38 59 37 44 40 18 33 19 64 60 43 21 31 35 54 51 84 1 7 
1 26 76 49 17 44 4 2 37 8 70 71 83 31 75 15 25 3 11 57 5 56 38 18 60 6 27 61 66 42 36 69 34 7 9 24 81 50 78 41 35 47 19 55 20 10 12 22 63 65 39 13 40 33 43 14 48 80 62 16 53 21 77 84 30 23 46 54 28 67 29 74 32 45 82 51 73 52 68 58 59 64 72 79 0 
1 26 76 49 17 44 4 2 37 8 70 71 83 31 75 15 25 3 11 57 5 56 38 18 60 6 27 61 66 42 36 69 34 7 9 24 81 50 78 41 35 47 19 55 20 10 12 22 63 65 39 13 40 33 43 14 48 80 62 16 53 21 77 84 30 23 46 54 28 67 29 74 32 45 82 51 73 52 68 58 59 64 72 79 0 
21 77 57 23 27 39 44 51 20 60 70 48 3 63 64 7 83 5 72 82 58 26 43 13 45 22 73 38 78 30 47 81 80 31 6 59 68 8 66 79 28 35 46 65 40 74 12 25 10 34 14 9 76 52 24 42 84 55 71 56 32 11 69 67 41 54 50 62 15 16 1 29 36 18 61 37 53 19 75 33 2 0 17 4 49 
70 24 61 10 29 21 0 14 81 46 18 63 54 43 34 12 78 47 4 26 36 51 64 23 84 1 68 30 35 79 62 2 39 20 60 71 17 66 25 75 3 77 9 50 27 45 32 7 44 5 33 11 55 16 53 6 59 76 8 49 58 52 72 74 22 13 28 15 37 41 19 73 83 31 67 38 40 65 57 42 48 56 69 80 82 
29 47 8 23 68 15 7 64 30 40 57 81 33 55 71 4 36 59 35 76 24 83 62 32 31 49 18 21 52 72 19 13 50 9 78 43 58 82 84 51 37 25 56 5 45 27 42 75 74 17 6 28 66 79 65 10 46 54 26 14 80 73 12 53 11 61 67 41 60 70 16 20 38 69 3 34 1 63 44 48 77 22 2 0 39 
5 17 3 57 9 0 42 65 13 73 15 25 55 23 69 39 20 72 62 83 59 44 26 7 51 58 30 11 14 31 36 56 28 54 41 21 70 34 32 74 50 45 76 37 29 1 48 66 47 43 79 63 82 2 12 33 19 60 24 22 46 68 61 81 75 4 38 80 27 6 67 16 52 40 78 8 77 10 49 71 18 35 64 53 84 
16 43 83 76 74 27 72 0 46 29 73 3 66 21 25 65 51 60 53 52 33 55 1 78 79 9 56 2 64 61 42 26 40 38 50 23 45 75 82 77 63 81 19 4 62 47 5 49 8 35 41 32 18 22 68 14 6 37 57 7 54 67 70 80 10 24 30 11 84 44 31 12 13 39 69 48 15 28 17 20 36 59 34 58 71 
16 43 83 76 74 27 72 0 46 29 73 3 66 21 25 65 51 60 53 52 33 55 1 78 79 9 56 2 64 61 42 26 40 38 50 23 45 75 82 77 63 81 19 4 62 47 5 49 8 35 41 32 18 22 68 14 6 37 57 7 54 67 70 80 10 24 30 11 84 44 31 12 13 39 69 48 15 28 17 20 36 59 34 58 71 
40 53 12 75 58 21 1 5 13 68 46 10 77 34 74 15 39 51 18 16 42 6 19 67 60 59 33 41 35 81 20 48 32 7 70 71 30 8 55 22 25 65 28 26 69 49 9 56 24 73 31 17 37 11 57 43 82 79 2 23 62 27 45 52 54 0 29 64 47 38 76 78 44 50 84 3 14 66 63 80 4 36 72 61 83 
39 46 63 68 33 29 56 55 17 78 9 25 15 82 45 72 6 5 48 51 84 60 31 73 64 12 22 24 18 69 59 50 44 38 66 13 79 80 47 52 40 28 16 3 49 62 23 71 53 77 57 8 11 32 61 21 42 43 14 83 27 75 19 67 4 35 54 74 20 70 37 7 81 58 34 76 36 30 10 26 65 1 0 41 2 
62 8 11 79 28 14 58 2 48 37 3 54 76 52 32 27 4 38 61 43 5 40 15 35 10 50 56 81 51 60 53 42 84 46 20 6 1 78 74 9 33 67 45 21 73 26 12 72 24 23 63 71 83 75 66 13 70 29 82 16 17 68 18 41 36 55 59 39 57 65 19 47 22 64 80 25 77 34 7 31 44 0 69 30 49 
55 2 51 45 46 54 73 15 32 3 39 6 28 31 18 38 78 50 43 11 58 48 64 33 70 74 35 7 4 5 52 72 62 23 67 19 80 8 26 30 69 61 37 9 12 24 36 10 16 68 79 17 27 13 75 63 21 14 60 56 44 20 71 42 22 57 25 53 40 29 49 34 1 47 82 0 84 65 66 76 41 81 83 59 77 
41 38 23 43 51 71 11 2 52 54 65 70 10 3 44 81 4 74 16 73 55 5 50 39 26 35 68 0 15 19 6 33 47 8 72 17 46 9 82 12 28 67 18 79 84 59 13 27 58 14 77 62 61 20 83 75 1 36 63 22 31 24 25 53 69 37 45 29 48 30 66 64 32 34 21 60 42 49 57 56 40 78 80 7 76 
40 59 77 81 19 31 78 10 63 83 27 65 67 51 46 34 4 7 61 73 13 38 48 2 22 15 76 18 82 44 37 70 49 16 64 0 17 80 33 8 23 29 57 35 74 60 24 79 47 25 69 12 58 75 5 30 39 6 55 36 1 72 20 53 62 43 71 45 28 68 52 11 56 66 21 3 14 54 32 50 9 42 41 26 84 
36 65 29 77 76 58 53 16 8 40 1 14 25 75 69 44 23 46 12 67 21 74 2 42 9 26 55 64 83 13 62 72 32 28 34 47 78 70 35 80 3 17 49 45 66 33 37 82 24 61 4 6 51 60 84 43 41 20 57 52 5 56 71 27 7 68 79 39 11 38 10 50 19 30 63 54 15 0 22 73 31 18 59 48 81 
26 46 37 80 3 22 20 24 81 72 25 1 17 29 0 42 31 12 65 67 33 71 6 28 64 36 47 34 48 70 79 7 43 40 15 44 68 45 83 49 50 59 66 8 76 52 53 61 4 55 77 19 51 58 41 62 57 54 10 74 75 78 82 18 11 5 30 14 38 23 32 16 60 69 56 9 27 63 35 39 13 21 2 84 73 
60 37 20 30 65 70 2 67 17 6 62 23 43 31 10 80 33 12 84 63 47 24 22 18 41 39 57 7 68 14 8 13 78 19 74 9 66 1 79 50 51 15 71 76 58 53 48 16 45 59 75 28 42 46 36 73 21 32 27 35 25 3 5 34 72 38 40 52 56 4 69 64 77 11 54 55 82 26 44 29 0 61 81 83 49 
11 72 62 63 33 32 20 84 78 35 61 9 51 26 44 1 43 14 23 6 68 64 69 83 30 16 37 47 75 22 25 7 73 82 18 53 59 81 42 60 76 49 27 55 39 65 80 66 15 48 2 24 10 38 79 29 4 45 13 77 19 74 41 17 34 50 54 21 56 71 57 3 70 67 31 5 40 58 8 52 12 46 36 28 0 
24 29 15 65 46 26 2 64 48 55 39 81 74 18 75 16 83 31 8 82 25 72 9 37 1 6 23 69 17 0 19 33 30 56 13 60 43 71 44 80 63 42 68 57 47 52 41 22 77 38 35 61 79 62 70 10 53 3 50 20 32 58 78 76 27 12 45 73 34 40 14 4 49 28 67 36 66 5 7 59 84 11 51 21 54 
63 23 27 7 81 3 78 33 11 61 44 46 57 70 10 29 34 79 16 68 4 5 35 65 21 37 13 60 28 77 83 40 55 6 50 24 2 64 56 9 47 62 12 49 19 14 69 42 8 58 59 75 52 17 45 72 38 74 76 18 43 39 20 36 15 25 82 31 67 26 53 66 30 84 73 32 51 41 22 80 54 71 48 1 0 
18 50 29 28 16 58 73 54 0 42 49 14 12 74 62 78 5 2 57 71 32 8 11 13 65 23 10 22 59 37 53 70 80 82 3 75 72 64 19 47 83 61 60 20 51 31 26 84 34 55 67 4 48 17 25 39 36 66 45 77 56 41 15 40 30 52 81 33 6 27 76 43 68 7 1 35 69 46 9 24 63 38 44 79 21 
46 36 40 47 30 16 34 19 51 65 42 73 20 59 71 44 9 13 2 72 41 0 79 81 4 54 10 5 28 15 35 53 49 75 23 64 17 1 48 63 43 67 39 77 8 33 45 50 62 27 6 31 61 3 80 22 12 29 18 69 55 7 52 57 74 78 84 66 68 11 37 58 32 14 83 60 26 21 25 24 56 38 70 76 82 
46 36 40 47 30 16 34 19 51 65 42 73 20 59 71 44 9 13 2 72 41 0 79 81 4 54 10 5 28 15 35 53 49 75 23 64 17 1 48 63 43 67 39 77 8 33 45 50 62 27 6 31 61 3 80 22 12 29 18 69 55 7 52 57 74 78 84 66 68 11 37 58 32 14 83 60 26 21 25 24 56 38 70 76 82 
24 13 29 70 7 53 46 28 47 52 58 44 61 30 59 84 21 51 71 22 83 41 43 26 57 72 11 76 8 64 27 9 12 39 10 82 62 1 36 35 67 79 14 25 55 18 56 16 3 65 81 19 49 2 63 54 69 38 23 80 78 4 73 74 45 34 32 33 37 5 20 77 75 6 60 68 50 15 66 17 48 31 40 42 0 
29 27 4 8 64 43 37 63 22 3 79 20 45 18 60 84 74 78 61 12 56 10 9 5 17 55 21 54 6 83 19 52 23 51 28 38 40 71 30 70 48 65 69 57 15 82 41 7 42 36 81 73 26 24 11 33 32 80 25 16 67 58 53 44 34 77 13 72 62 46 50 76 35 14 68 75 49 66 59 31 47 39 0 2 1 
29 27 4 8 64 43 37 63 22 3 79 20 45 18 60 84 74 78 61 12 56 10 9 5 17 55 21 54 6 83 19 52 23 51 28 38 40 71 30 70 48 65 69 57 15 82 41 7 42 36 81 73 26 24 11 33 32 80 25 16 67 58 53 44 34 77 13 72 62 46 50 76 35 14 68 75 49 66 59 31 47 39 0 2 1 
12 69 63 83 57 33 5 22 29 53 52 16 68 66 49 14 9 17 47 35 8 0 65 1 6 46 25 82 44 62 59 4 42 36 51 39 24 61 71 19 7 13 50 58 81 74 43 27 34 54 31 32 75 2 3 15 80 41 18 73 78 37 38 23 28 64 56 20 72 10 26 79 60 70 45 30 40 11 77 55 67 21 84 48 76 
39 31 58 72 4 84 60 46 11 34 73 57 20 36 25 71 64 48 75 53 5 18 41 69 59 24 13 17 45 47 83 49 56 70 32 66 37 52 77 50 6 82 78 61 51 81 7 65 23 68 43 9 19 29 42 40 27 3 10 54 35 16 15 80 30 79 44 62 14 76 12 8 22 38 74 67 26 63 21 1 55 33 2 28 0 
49 51 69 42 11 58 15 22 56 71 48 75 31 43 18 79 50 83 60 64 77 26 35 67 16 17 45 8 5 32 61 59 74 76 47 73 72 63 21 28 46 7 24 12 1 29 39 53 62 3 70 82 37 54 41 33 19 66 27 65 57 38 68 13 23 52 10 4 81 25 84 36 34 6 40 20 9 78 2 30 80 44 55 0 14 
26 75 25 70 43 69 38 2 82 33 12 65 63 57 53 54 22 31 79 9 51 3 42 68 39 35 77 60 15 24 62 19 7 4 45 61 8 5 48 37 80 58 81 66 52 50 6 71 44 29 23 67 18 10 49 76 34 55 40 11 32 13 78 28 46 21 56 73 41 14 72 20 16 17 74 59 47 27 64 30 1 83 84 0 36 
70 61 15 32 60 26 47 59 43 82 79 7 62 55 33 5 65 67 12 9 73 31 51 48 76 34 30 54 21 46 63 44 22 42 27 78 6 40 20 53 77 56 1 36 68 50 28 81 13 24 10 45 16 71 14 74 25 11 8 4 72 2 29 37 83 23 75 64 17 52 58 38 19 3 66 49 41 18 80 35 0 57 69 84 39 
31 58 6 28 3 66 21 50 41 38 8 33 78 25 42 1 65 82 7 5 12 20 77 2 47 35 62 73 53 48 59 10 68 75 81 54 51 80 74 14 39 46 84 29 56 43 16 71 61 45 4 76 13 32 9 60 57 11 18 64 24 72 23 19 63 15 67 26 70 69 36 17 40 55 30 22 37 52 27 49 34 44 0 83 79 
29 0 80 70 72 66 15 26 39 81 27 40 63 28 10 17 77 14 59 33 34 62 55 71 1 36 31 74 21 2 42 65 8 44 20 46 51 3 38 76 49 50 41 4 58 54 56 79 82 57 30 24 64 43 60 69 61 5 45 83 84 6 53 11 7 18 68 23 52 9 47 12 75 13 22 35 67 16 19 25 78 32 37 48 73 
29 0 80 70 72 66 15 26 39 81 27 40 63 28 10 17 77 14 59 33 34 62 55 71 1 36 31 74 21 2 42 65 8 44 20 46 51 3 38 76 49 50 41 4 58 54 56 79 82 57 30 24 64 43 60 69 61 5 45 83 84 6 53 11 7 18 68 23 52 9 47 12 75 13 22 35 67 16 19 25 78 32 37 48 73 
31 35 8 41 37 27 52 23 77 2 18 70 80 43 19 7 33 17 14 75 81 76 49 21 58 65 84 66 59 51 55 53 82 34 48 25 83 13 63 3 29 26 56 68 74 50 44 4 47 78 11 32 62 67 36 40 45 12 16 71 54 28 5 57 46 20 6 73 69 42 1 30 61 72 15 39 64 10 79 38 9 24 22 0 60 
5 39 36 73 71 31 10 16 3 41 43 51 70 18 81 13 29 28 14 21 56 63 80 68 33 72 62 37 79 57 40 22 75 23 7 17 46 26 35 0 9 32 69 78 60 64 34 77 11 42 25 55 45 47 54 59 74 27 49 50 30 53 1 61 76 44 67 66 15 83 19 58 4 8 20 2 52 82 38 24 6 65 84 12 48 
78 71 9 16 19 26 66 57 79 69 42 27 30 84 41 51 23 34 48 5 68 31 10 56 2 35 54 28 65 21 60 25 82 45 74 18 24 43 37 80 12 53 44 61 32 50 29 59 55 83 13 70 7 63 20 67 52 40 49 1 39 81 75 11 22 6 17 77 47 36 46 3 4 76 38 15 73 72 8 64 58 62 33 14 0 
60 64 39 46 12 80 10 42 37 3 0 71 68 5 52 43 67 54 34 75 1 33 27 59 29 21 45 62 7 55 56 65 22 69 16 41 14 49 79 58 57 73 18 38 9 78 2 11 53 13 4 26 70 77 32 44 35 24 40 48 6 19 31 63 8 76 23 25 61 74 15 51 17 36 30 72 50 66 20 82 28 84 47 83 81 
75 76 24 42 37 80 10 82 58 38 66 29 48 30 3 6 12 9 20 28 15 78 71 1 22 25 13 65 81 34 18 17 69 44 46 60 8 52 54 21 0 84 73 64 2 72 77 74 57 59 16 26 51 67 5 43 47 55 33 70 36 14 39 83 49 61 63 40 32 53 4 31 62 23 79 41 7 35 56 45 11 68 19 50 27 
59 37 53 66 28 9 36 54 32 14 57 19 46 1 48 11 51 31 41 24 69 34 55 82 72 73 74 75 17 12 27 2 25 81 43 84 15 45 63 30 38 79 6 76 47 18 21 29 42 3 22 65 56 68 78 58 61 23 4 77 83 5 62 70 60 35 50 7 39 44 16 52 67 8 64 80 10 13 26 20 71 33 40 49 0 
82 64 67 44 43 12 33 70 30 45 23 38 73 60 21 25 83 58 31 51 13 79 56 46 50 74 55 47 59 52 7 19 75 15 48 32 9 42 4 81 10 77 49 37 3 22 57 2 78 34 54 28 16 72 6 65 14 24 53 36 76 11 80 68 1 41 8 71 66 62 29 39 84 20 40 17 63 27 5 61 26 0 35 18 69 
61 32 55 2 34 17 50 48 20 81 46 52 56 37 30 59 65 57 42 80 38 18 41 22 10 79 62 45 78 47 77 49 76 71 72 21 82 53 73 5 74 70 66 58 3 25 8 69 12 68 19 16 67 31 36 64 6 9 13 44 40 24 11 63 33 60 54 51 29 0 43 15 26 39 35 28 27 1 75 14 7 4 84 23 83 
61 32 55 2 34 17 50 48 20 81 46 52 56 37 30 59 65 57 42 80 38 18 41 22 10 79 62 45 78 47 77 49 76 71 72 21 82 53 73 5 74 70 66 58 3 25 8 69 12 68 19 16 67 31 36 64 6 9 13 44 40 24 11 63 33 60 54 51 29 0 43 15 26 39 35 28 27 1 75 14 7 4 84 23 83 
26 31 7 67 63 6 50 59 41 66 23 83 32 8 38 19 56 34 74 62 53 9 71 16 25 10 24 36 60 47 43 11 80 2 17 79 44 13 68 45 14 54 70 64 49 15 35 48 82 18 40 72 39 20 33 21 73 3 27 4 77 29 84 22 51 37 1 46 58 52 55 12 28 65 57 75 76 78 30 0 42 69 5 61 81 
65 22 4 54 45 32 6 77 63 16 62 0 79 83 38 59 41 18 27 58 8 40 57 74 12 15 2 73 78 34 52 26 60 30 50 49 25 82 64 66 44 5 72 42 21 67 69 29 1 81 35 33 31 80 56 23 55 68 46 51 13 76 36 9 7 39 61 75 70 71 43 28 19 53 11 3 48 47 14 37 10 24 20 17 84 
81 9 34 3 75 44 18 4 79 59 8 71 72 13 74 60 53 19 43 49 23 33 14 1 12 32 58 35 26 17 11 70 21 51 54 56 42 22 82 84 67 37 61 24 6 2 10 40 64 29 46 39 25 69 5 65 66 36 62 16 30 45 83 73 47 7 76 50 68 52 38 57 27 77 48 15 0 28 41 63 31 55 20 80 78 
81 9 34 3 75 44 18 4 79 59 8 71 72 13 74 60 53 19 43 49 23 33 14 1 12 32 58 35 26 17 11 70 21 51 54 56 42 22 82 84 67 37 61 24 6 2 10 40 64 29 46 39 25 69 5 65 66 36 62 16 30 45 83 73 47 7 76 50 68 52 38 57 27 77 48 15 0 28 41 63 31 55 20 80 78 
19 81 79 21 8 47 12 55 72 40 84 59 68 50 56 28 13 43 39 57 30 78 22 51 52 63 73 38 23 77 66 9 76 34 2 36 75 74 7 60 83 0 42 70 33 6 20 80 29 16 53 4 26 67 17 37 3 65 25 71 82 61 35 1 58 15 64 32 11 49 69 46 54 44 5 27 62 31 24 18 48 10 45 14 41 
41 46 82 44 69 42 54 68 49 63 57 60 45 67 14 32 43 50 19 58 11 9 3 33 7 27 34 1 0 25 4 66 10 65 39 5 80 20 40 76 38 6 29 13 12 8 61 52 47 59 79 23 35 28 78 71 15 62 48 37 16 36 73 17 22 18 2 30 56 72 55 31 83 77 24 26 64 51 74 75 53 70 21 84 81 
41 39 42 37 61 55 33 64 51 19 6 58 75 3 28 13 49 9 47 76 40 48 56 36 18 74 78 60 0 16 72 5 52 53 35 57 43 7 62 77 32 70 79 82 80 21 30 34 23 8 24 15 66 10 83 63 26 29 11 17 22 12 67 54 73 46 1 20 44 25 45 71 38 27 14 4 59 65 69 68 31 84 2 81 50 
52 32 16 59 53 56 11 2 68 36 54 79 82 80 10 38 30 65 5 47 3 26 43 20 22 46 60 62 48 7 41 78 42 45 63 34 81 31 39 50 66 25 24 70 27 19 4 74 73 76 77 40 12 55 33 6 28 13 72 8 75 69 14 61 44 51 58 67 1 18 15 23 17 64 37 21 57 49 71 29 35 0 84 9 83 
84 50 31 74 70 56 3 34 62 11 48 68 7 17 40 78 27 61 59 2 24 72 66 21 69 19 35 55 42 32 37 20 45 9 83 76 1 65 60 0 26 6 36 16 64 30 73 23 52 38 75 43 8 57 46 41 29 71 47 15 67 51 4 12 33 63 49 79 82 25 81 44 28 13 14 39 54 77 10 22 80 53 58 5 18 
52 30 62 73 6 2 69 14 48 46 65 21 57 49 56 3 45 23 53 0 17 70 72 26 79 60 80 71 61 5 33 11 41 63 29 51 66 31 47 27 82 38 68 58 55 7 22 10 37 15 8 42 1 44 50 34 64 12 20 39 25 76 74 4 36 16 24 35 13 19 81 28 84 59 9 40 77 43 54 18 75 78 32 67 83 
13 33 0 5 14 10 63 44 38 81 77 48 56 67 51 23 3 80 57 41 50 31 17 9 22 15 62 35 79 52 69 61 26 21 78 32 34 16 53 4 73 65 42 68 8 20 84 75 7 47 45 74 83 60 19 27 64 12 37 40 59 29 6 43 49 36 71 11 70 46 54 25 82 58 76 66 18 1 39 28 55 2 72 24 30 
43 12 55 10 32 52 27 20 22 47 58 71 23 60 66 83 37 76 79 38 21 0 15 72 13 68 35 64 31 61 9 48 80 73 14 82 67 1 33 53 5 17 3 28 25 19 44 6 56 36 81 65 77 2 57 50 45 40 11 62 78 4 30 39 51 41 16 63 49 7 26 75 42 8 70 74 34 18 69 24 59 29 46 54 84 
39 14 16 45 15 79 7 36 0 31 35 64 76 60 67 19 23 29 6 58 27 78 21 1 57 24 69 17 44 66 71 26 70 10 9 8 52 50 49 77 33 47 62 34 3 75 73 59 42 38 40 56 30 74 2 46 32 51 53 20 13 11 72 4 65 68 41 81 28 61 84 5 48 22 12 54 63 37 18 55 83 80 82 25 43 
13 41 71 73 7 9 53 57 60 67 65 37 70 19 52 83 20 80 33 12 17 50 82 63 14 38 77 32 30 58 64 48 21 0 23 11 55 72 27 29 81 59 3 79 54 16 28 45 76 36 78 69 24 18 43 75 62 34 15 1 26 49 51 39 74 31 6 68 56 40 66 61 2 22 84 46 44 4 42 35 25 5 10 8 47 
40 27 43 19 46 60 6 64 14 17 70 8 33 20 62 69 56 30 37 76 5 10 9 80 15 25 16 18 29 84 57 31 28 54 11 65 51 73 58 83 35 71 66 53 42 36 44 38 13 41 52 63 68 21 77 47 24 82 49 7 34 59 81 50 22 72 74 75 23 32 0 79 26 4 3 48 61 78 67 39 1 55 2 45 12 
78 32 61 41 26 29 51 35 82 63 8 77 12 52 59 20 36 55 66 9 75 37 71 47 27 10 24 21 84 4 13 43 14 54 73 15 45 79 49 7 17 18 3 67 83 60 69 40 70 22 44 28 23 74 11 30 50 6 81 25 34 68 31 39 53 42 80 46 57 64 48 16 38 62 65 72 76 19 33 2 56 0 58 1 5 
28 80 8 63 1 67 29 79 55 9 16 12 36 65 39 30 37 15 21 10 13 46 53 49 76 62 82 4 14 40 32 2 52 77 50 25 68 58 69 11 56 19 81 74 43 48 73 20 24 45 59 31 22 84 5 41 7 71 3 70 47 33 26 35 66 18 42 6 61 83 75 57 54 51 60 27 17 78 34 23 64 72 38 44 0 
73 22 69 47 63 39 19 56 15 75 13 81 30 83 77 8 54 27 7 4 18 50 58 67 84 80 48 45 38 32 71 51 59 37 33 62 23 35 44 0 79 46 42 40 9 78 24 61 72 76 14 52 6 12 49 74 11 64 20 1 36 70 2 17 5 68 34 66 26 29 65 43 3 60 28 57 55 53 16 41 31 25 21 10 82 
73 22 69 47 63 39 19 56 15 75 13 81 30 83 77 8 54 27 7 4 18 50 58 67 84 80 48 45 38 32 71 51 59 37 33 62 23 35 44 0 79 46 42 40 9 78 24 61 72 76 14 52 6 12 49 74 11 64 20 1 36 70 2 17 5 68 34 66 26 29 65 43 3 60 28 57 55 53 16 41 31 25 21 10 82 
34 59 49 61 41 14 74 50 31 27 56 64 20 24 33 54 70 42 21 69 79 83 78 44 58 45 77 32 7 40 23 63 82 73 52 35 18 81 75 53 4 51 39 22 26 17 9 57 30 47 12 0 46 80 5 8 72 3 37 66 84 71 25 19 62 55 16 11 1 68 15 10 43 67 60 29 36 65 13 48 76 28 6 2 38 
30 35 4 45 8 12 5 33 56 46 65 16 64 42 51 25 6 40 15 7 23 79 52 72 58 18 78 54 31 57 26 60 41 2 24 59 27 20 22 10 55 62 44 75 1 29 70 0 37 83 61 80 14 74 63 36 19 28 34 11 32 49 21 38 69 66 3 82 76 68 71 48 17 81 47 9 77 43 84 67 13 53 50 39 73 
57 10 80 13 58 2 75 76 34 25 74 83 63 12 67 60 43 7 26 82 71 3 16 36 33 31 79 6 35 18 62 45 49 29 65 69 77 54 41 23 66 81 68 19 22 4 59 46 78 21 39 14 73 5 61 52 11 30 1 51 50 37 47 72 38 9 17 44 28 15 42 56 32 70 64 20 8 27 48 55 40 53 24 0 84 
30 71 67 51 80 31 11 69 15 2 12 24 26 28 0 1 39 42 23 76 37 20 66 21 54 16 29 40 62 25 46 43 73 64 22 17 3 83 7 57 78 35 38 60 19 68 58 6 52 56 4 79 70 45 47 34 72 49 75 44 36 82 14 59 32 50 9 18 74 81 61 5 84 65 27 8 48 63 10 55 13 53 41 33 77 
30 71 67 51 80 31 11 69 15 2 12 24 26 28 0 1 39 42 23 76 37 20 66 21 54 16 29 40 62 25 46 43 73 64 22 17 3 83 7 57 78 35 38 60 19 68 58 6 52 56 4 79 70 45 47 34 72 49 75 44 36 82 14 59 32 50 9 18 74 81 61 5 84 65 27 8 48 63 10 55 13 53 41 33 77 
44 54 47 62 52 74 21 78 18 9 84 76 58 5 61 43 60 75 31 34 23 46 39 13 73 37 65 72 68 81 38 29 64 70 69 83 33 6 12 42 20 50 40 16 28 56 66 14 63 7 4 59 77 10 25 82 53 71 57 48 80 11 8 22 32 27 30 17 41 19 79 51 26 24 45 67 35 36 15 55 49 1 3 2 0 
43 55 25 12 22 63 23 79 68 70 53 45 35 78 44 83 38 30 61 6 41 56 14 26 57 21 24 37 34 40 47 76 62 75 10 82 16 73 9 15 3 8 17 28 29 46 72 58 4 71 81 65 13 31 54 51 77 80 64 60 74 52 32 18 42 69 11 49 36 48 5 67 33 27 39 66 7 2 59 0 50 20 1 19 84 
22 27 47 42 60 23 48 56 19 30 2 36 50 46 51 13 59 28 26 9 54 75 68 12 70 3 41 29 40 83 81 4 44 82 8 5 80 69 32 79 6 62 63 55 84 45 21 61 71 7 31 57 18 64 25 10 53 77 11 76 14 49 74 34 20 15 37 16 35 39 17 73 72 24 66 33 38 67 65 43 52 58 78 0 1 
54 44 69 79 14 25 16 48 64 43 84 45 80 35 0 53 72 23 30 17 58 52 29 28 11 63 82 59 3 22 20 21 67 73 34 40 65 10 13 68 27 71 81 4 74 49 8 5 7 76 26 50 38 24 60 41 36 51 46 61 83 31 47 56 6 15 9 70 18 42 78 12 37 62 32 39 57 1 33 55 77 2 75 19 66 
37 72 49 31 81 50 70 17 1 8 69 6 19 28 38 68 47 4 67 30 23 43 66 46 54 65 26 84 39 21 16 36 5 74 34 62 61 83 14 27 59 45 82 57 63 12 35 13 10 55 53 7 60 80 3 48 79 42 75 52 33 78 51 2 25 24 29 20 15 77 11 9 40 76 18 64 56 73 22 71 41 58 44 32 0 
25 8 40 6 81 64 13 17 63 80 56 2 84 78 35 59 68 11 38 3 51 57 67 0 42 29 34 47 77 53 52 76 18 65 15 1 61 75 30 21 12 45 62 20 16 43 32 74 7 73 37 24 9 36 4 58 19 31 72 49 5 71 44 22 41 10 70 69 48 66 33 54 23 60 27 14 55 50 28 46 26 39 83 79 82 
51 37 72 25 39 44 64 1 24 28 17 12 15 2 80 63 69 22 16 3 4 77 53 26 33 5 68 29 43 18 6 61 66 7 59 74 21 49 30 23 8 9 14 79 57 10 11 62 40 13 50 54 19 75 52 20 56 42 46 27 70 31 48 32 78 34 47 35 0 71 38 76 41 45 55 58 60 65 73 67 81 82 83 84 36 
24 22 3 75 73 57 39 63 40 2 38 58 76 83 17 78 30 70 80 71 23 8 54 36 51 46 25 67 56 31 18 21 68 9 11 55 74 37 81 4 61 27 62 43 60 28 41 5 29 82 66 52 59 13 77 10 48 64 44 15 26 79 6 47 1 50 12 72 33 32 19 45 35 69 16 34 65 53 7 49 84 20 14 0 42 
