5 1 14 7 12 6 2 10 9 8 4 11 3 0 13 
10 8 7 4 3 0 9 11 2 13 1 5 12 6 14 
10 8 7 4 3 0 9 11 2 13 1 5 12 6 14 
10 8 7 4 3 0 9 11 2 13 1 5 12 6 14 
10 8 7 4 3 0 9 11 2 13 1 5 12 6 14 
10 8 7 4 3 0 9 11 2 13 1 5 12 6 14 
10 8 7 4 3 0 9 11 2 13 1 5 12 6 14 
10 8 7 4 3 0 9 11 2 13 1 5 12 6 14 
10 8 7 4 3 0 9 11 2 13 1 5 12 6 14 
10 8 7 4 3 0 9 11 2 13 1 5 12 6 14 
10 8 7 4 3 0 9 11 2 13 1 5 12 6 14 
10 8 7 4 3 0 9 11 2 13 1 5 12 6 14 
10 8 7 4 3 0 9 11 2 13 1 5 12 6 14 
10 8 7 4 3 0 9 11 2 13 1 5 12 6 14 
10 8 7 4 3 0 9 11 2 13 1 5 12 6 14 
10 8 7 4 3 0 9 11 2 13 1 5 12 6 14 
10 8 7 4 3 0 9 11 2 13 1 5 12 6 14 
8 5 14 13 1 4 9 6 11 12 7 10 3 2 0 
8 5 14 13 1 4 9 6 11 12 7 10 3 2 0 
8 5 14 13 1 4 9 6 11 12 7 10 3 2 0 
8 5 14 13 1 4 9 6 11 12 7 10 3 2 0 
8 5 14 13 1 4 9 6 11 12 7 10 3 2 0 
8 5 14 13 1 4 9 6 11 12 7 10 3 2 0 
8 5 14 13 1 4 9 6 11 12 7 10 3 2 0 
8 5 14 13 1 4 9 6 11 12 7 10 3 2 0 
8 5 14 13 1 4 9 6 11 12 7 10 3 2 0 
8 5 14 13 1 4 9 6 11 12 7 10 3 2 0 
8 5 14 13 1 4 9 6 11 12 7 10 3 2 0 
8 5 14 13 1 4 9 6 11 12 7 10 3 2 0 
8 5 14 13 1 4 9 6 11 12 7 10 3 2 0 
8 5 14 13 1 4 9 6 11 12 7 10 3 2 0 
8 5 14 13 1 4 9 6 11 12 7 10 3 2 0 
8 5 14 13 1 4 9 6 11 12 7 10 3 2 0 
8 5 14 13 1 4 9 6 11 12 7 10 3 2 0 
8 5 14 13 1 4 9 6 11 12 7 10 3 2 0 
8 5 14 13 1 4 9 6 11 12 7 10 3 2 0 
8 5 14 13 1 4 9 6 11 12 7 10 3 2 0 
8 5 14 13 1 4 9 6 11 12 7 10 3 2 0 
8 5 14 13 1 4 9 6 11 12 7 10 3 2 0 
8 5 14 13 1 4 9 6 11 12 7 10 3 2 0 
8 5 14 13 1 4 9 6 11 12 7 10 3 2 0 
8 5 14 13 1 4 9 6 11 12 7 10 3 2 0 
8 5 14 13 1 4 9 6 11 12 7 10 3 2 0 
8 5 14 13 1 4 9 6 11 12 7 10 3 2 0 
8 5 14 13 1 4 9 6 11 12 7 10 3 2 0 
8 5 14 13 1 4 9 6 11 12 7 10 3 2 0 
8 5 14 13 1 4 9 6 11 12 7 10 3 2 0 
8 5 14 13 1 4 9 6 11 12 7 10 3 2 0 
8 5 14 13 1 4 9 6 11 12 7 10 3 2 0 
8 5 14 13 1 4 9 6 11 12 7 10 3 2 0 
8 5 14 13 1 4 9 6 11 12 7 10 3 2 0 
6 2 12 0 13 9 5 1 7 3 8 4 10 11 14 
6 2 12 0 13 9 5 1 7 3 8 4 10 11 14 
6 2 12 0 13 9 5 1 7 3 8 4 10 11 14 
6 2 12 0 13 9 5 1 7 3 8 4 10 11 14 
6 2 12 0 13 9 5 1 7 3 8 4 10 11 14 
6 2 12 0 13 9 5 1 7 3 8 4 10 11 14 
6 2 12 0 13 9 5 1 7 3 8 4 10 11 14 
6 2 12 0 13 9 5 1 7 3 8 4 10 11 14 
6 2 12 0 13 9 5 1 7 3 8 4 10 11 14 
6 2 12 0 13 9 5 1 7 3 8 4 10 11 14 
6 2 12 0 13 9 5 1 7 3 8 4 10 11 14 
6 2 12 0 13 9 5 1 7 3 8 4 10 11 14 
6 2 12 0 13 9 5 1 7 3 8 4 10 11 14 
6 2 12 0 13 9 5 1 7 3 8 4 10 11 14 
6 2 12 0 13 9 5 1 7 3 8 4 10 11 14 
6 2 12 0 13 9 5 1 7 3 8 4 10 11 14 
6 2 12 0 13 9 5 1 7 3 8 4 10 11 14 
6 2 12 0 13 9 5 1 7 3 8 4 10 11 14 
6 2 12 0 13 9 5 1 7 3 8 4 10 11 14 
6 2 12 0 13 9 5 1 7 3 8 4 10 11 14 
6 2 12 0 13 9 5 1 7 3 8 4 10 11 14 
6 2 12 0 13 9 5 1 7 3 8 4 10 11 14 
6 2 12 0 13 9 5 1 7 3 8 4 10 11 14 
6 2 12 0 13 9 5 1 7 3 8 4 10 11 14 
6 2 12 0 13 9 5 1 7 3 8 4 10 11 14 
6 2 12 0 13 9 5 1 7 3 8 4 10 11 14 
6 2 12 0 13 9 5 1 7 3 8 4 10 11 14 
6 2 12 0 13 9 5 1 7 3 8 4 10 11 14 
6 2 12 0 13 9 5 1 7 3 8 4 10 11 14 
6 2 12 0 13 9 5 1 7 3 8 4 10 11 14 
6 2 12 0 13 9 5 1 7 3 8 4 10 11 14 
6 2 12 0 13 9 5 1 7 3 8 4 10 11 14 
6 2 12 0 13 9 5 1 7 3 8 4 10 11 14 
6 2 12 0 13 9 5 1 7 3 8 4 10 11 14 
6 2 12 0 13 9 5 1 7 3 8 4 10 11 14 
6 2 9 8 0 7 1 5 14 3 13 11 4 10 12 
6 7 5 9 0 11 12 13 14 1 3 8 2 4 10 
6 7 5 9 0 11 12 13 14 1 3 8 2 4 10 
6 7 5 9 0 11 12 13 14 1 3 8 2 4 10 
6 7 5 9 0 11 12 13 14 1 3 8 2 4 10 
6 7 5 9 0 11 12 13 14 1 3 8 2 4 10 
6 7 5 9 0 11 12 13 14 1 3 8 2 4 10 
6 7 5 9 0 11 12 13 14 1 3 8 2 4 10 
6 7 5 9 0 11 12 13 14 1 3 8 2 4 10 
6 7 5 9 0 11 12 13 14 1 3 8 2 4 10 
6 7 5 9 0 11 12 13 14 1 3 8 2 4 10 
6 7 5 9 0 11 12 13 14 1 3 8 2 4 10 
6 7 5 9 0 11 12 13 14 1 3 8 2 4 10 
6 7 5 9 0 11 12 13 14 1 3 8 2 4 10 
