12 4 9 48 49 21 83 79 81 19 61 26 70 13 62 14 63 84 20 37 47 36 78 39 30 1 74 67 87 72 29 75 73 31 44 60 80 53 28 59 17 45 3 86 35 76 54 33 68 55 56 58 38 34 18 41 10 2 23 24 8 42 40 0 89 6 77 11 51 88 57 69 46 7 43 25 64 50 71 27 32 15 66 82 52 22 65 85 16 5 
1 30 44 53 80 60 28 39 36 20 62 26 13 14 63 82 19 22 61 85 16 65 70 31 37 47 72 73 75 29 87 74 78 84 17 59 3 86 35 23 40 0 71 11 77 89 6 42 8 24 2 41 10 76 54 68 55 56 18 58 21 49 52 83 81 79 66 4 9 12 5 48 34 38 33 45 32 27 15 43 25 64 50 51 88 57 69 7 46 67 
47 37 20 84 44 53 80 60 28 59 17 32 3 35 86 23 2 10 8 24 54 76 49 21 48 9 34 38 58 18 56 55 68 33 41 40 0 71 77 11 51 50 88 57 43 25 64 27 15 30 1 74 67 87 78 39 36 31 14 63 26 13 62 65 16 85 70 22 61 19 81 82 79 66 5 12 4 52 83 45 42 6 89 69 7 46 29 75 72 73 
47 37 31 28 60 80 53 84 44 67 74 78 39 1 30 15 27 40 45 86 3 35 23 10 41 68 55 54 76 33 2 24 8 0 71 51 50 64 25 43 7 46 69 57 88 11 77 89 6 42 32 17 59 66 79 83 52 81 19 82 22 61 5 4 12 48 38 34 58 18 56 9 21 49 65 85 16 70 13 62 26 14 63 20 36 87 29 75 73 72 
7 46 1 30 15 71 0 40 51 11 77 89 6 42 8 24 2 10 41 33 68 54 76 52 81 83 21 49 48 79 66 17 59 28 60 80 53 44 84 20 47 37 31 62 26 13 14 63 22 61 19 82 70 65 85 16 5 12 4 9 38 58 34 18 56 55 35 3 86 23 45 32 27 64 50 88 57 69 43 25 67 87 72 73 75 29 74 78 36 39 
22 19 61 26 14 63 82 66 79 81 83 49 21 18 56 33 54 76 35 86 3 45 32 17 59 28 60 80 53 44 84 20 47 37 31 62 13 70 85 16 65 5 12 4 52 48 9 38 58 34 55 68 23 2 10 41 24 8 42 64 50 88 51 11 71 0 40 27 25 43 74 67 1 30 39 78 36 75 73 29 72 87 7 46 69 57 77 89 6 15 
52 48 38 21 49 83 79 12 4 81 19 82 63 14 31 37 20 84 53 80 59 17 27 32 86 3 35 28 60 44 39 78 74 1 30 15 67 87 29 72 73 75 36 47 62 26 13 70 65 16 85 61 22 5 9 34 58 56 18 55 54 76 33 68 41 10 2 24 8 42 0 40 64 50 51 71 11 77 88 69 7 46 43 25 57 89 6 45 23 66 
4 19 81 79 83 52 12 9 34 58 18 56 55 54 33 68 41 10 2 24 8 42 0 50 11 77 71 51 64 27 17 59 28 60 80 44 84 20 47 37 31 62 26 13 14 61 22 5 65 16 85 70 63 53 15 30 67 74 78 36 29 72 73 75 87 7 46 69 43 25 57 88 6 89 40 32 45 23 86 3 35 76 49 38 48 21 66 82 1 39 
31 20 14 26 63 61 22 19 4 12 5 82 80 60 28 15 30 1 39 78 74 67 87 72 73 47 37 84 44 53 66 79 81 83 52 48 21 49 33 54 76 35 3 86 23 45 32 40 42 6 89 77 11 51 50 88 57 43 25 46 7 69 64 27 17 59 71 0 24 8 2 10 41 68 55 56 18 38 58 34 9 65 85 16 70 13 62 36 29 75 
67 87 72 73 75 29 64 50 51 11 77 89 6 71 0 42 40 24 8 2 10 32 45 86 35 76 54 38 48 49 21 83 79 81 19 82 22 4 12 9 34 58 18 56 55 68 33 41 23 3 59 28 60 80 53 44 84 20 47 37 31 62 26 13 70 14 63 16 65 85 61 5 52 66 17 27 15 1 30 25 43 88 57 69 46 7 36 78 74 39 
77 11 51 50 64 25 43 57 88 69 7 46 67 74 78 36 87 29 73 72 75 37 47 20 84 14 63 70 13 26 62 31 1 30 15 27 40 42 8 24 2 10 41 68 33 54 76 3 86 45 32 17 59 28 60 80 53 44 39 79 83 81 82 66 49 21 38 58 34 48 9 12 4 22 19 61 85 16 65 5 52 18 56 55 35 23 0 71 89 6 
52 48 38 21 49 83 79 12 4 81 19 82 63 14 31 37 20 84 53 80 59 17 27 32 86 3 35 28 60 44 39 78 74 1 30 15 67 87 29 72 73 75 36 47 62 26 13 70 65 16 85 61 22 5 9 34 58 56 18 55 54 76 33 68 41 10 2 24 8 42 0 40 64 50 51 71 11 77 88 69 7 46 43 25 57 89 6 45 23 66 
65 85 16 13 62 26 44 80 60 28 59 17 32 45 8 24 86 3 35 76 54 33 23 2 10 41 68 55 18 56 58 38 48 9 34 49 21 52 79 66 83 12 81 19 61 22 4 5 82 53 84 20 47 37 31 36 72 73 75 29 87 7 46 67 69 43 25 64 50 51 88 57 11 77 89 6 0 71 42 40 27 15 30 1 74 78 39 63 14 70 
65 85 16 13 62 26 44 80 60 28 59 17 32 45 8 24 86 3 35 76 54 33 23 2 10 41 68 55 18 56 58 38 48 9 34 49 21 52 79 66 83 12 81 19 61 22 4 5 82 53 84 20 47 37 31 36 72 73 75 29 87 7 46 67 69 43 25 64 50 51 88 57 11 77 89 6 0 71 42 40 27 15 30 1 74 78 39 63 14 70 
10 24 8 42 0 71 51 11 77 89 6 43 25 64 50 88 57 69 46 7 1 30 15 59 28 60 80 53 44 78 39 84 20 31 37 47 72 29 75 73 87 74 67 36 62 14 63 79 82 81 52 83 21 49 54 76 33 68 55 56 18 58 38 48 34 9 12 4 5 16 85 26 13 70 65 61 22 19 66 86 3 23 45 32 40 27 17 35 41 2 
47 37 31 20 84 44 53 80 60 28 59 17 15 30 1 78 36 39 74 67 87 46 7 69 43 25 57 50 51 88 11 77 71 89 6 64 27 40 0 42 8 24 86 3 35 23 32 45 2 10 41 33 68 54 76 52 82 19 81 83 21 38 58 34 9 56 18 55 49 48 66 79 12 4 61 26 13 62 14 63 22 5 85 16 65 70 72 29 75 73 
88 50 51 25 43 57 64 27 40 32 59 17 28 60 80 79 81 83 52 12 4 19 22 61 14 63 84 20 36 78 74 67 87 1 30 15 39 44 53 82 66 3 86 45 10 2 41 68 55 54 33 35 23 76 21 49 38 18 56 58 34 48 9 5 65 85 16 70 13 26 62 31 37 47 73 72 29 75 7 46 69 11 77 71 89 6 24 8 42 0 
61 22 4 12 5 85 16 65 63 14 26 13 70 62 31 37 47 36 78 67 74 87 29 75 73 72 15 27 32 40 64 50 88 57 43 25 69 46 7 1 30 28 60 80 53 44 84 20 39 59 17 3 86 35 23 83 49 21 38 48 9 34 58 18 56 55 54 76 68 41 10 2 24 8 42 0 71 51 11 77 6 89 45 33 52 81 79 66 19 82 
60 80 53 44 39 1 30 15 59 28 64 27 40 0 71 51 50 43 57 88 11 77 89 6 42 8 24 2 10 35 3 45 32 86 23 41 33 68 55 56 18 38 21 49 48 9 12 4 19 22 61 63 14 84 20 36 72 73 75 29 46 7 69 25 74 87 67 78 47 37 31 62 13 26 70 65 85 16 5 83 81 79 66 82 52 34 58 76 54 17 
82 79 66 49 21 48 52 83 81 19 22 61 85 16 65 70 26 13 62 20 84 14 63 37 31 47 72 73 75 29 87 74 67 78 36 39 44 80 53 60 28 59 17 15 30 1 25 43 57 69 46 7 51 11 77 89 6 40 0 42 24 8 71 50 88 27 64 32 2 10 41 33 54 68 55 3 86 23 35 45 76 58 38 56 18 34 9 12 4 5 
22 19 61 26 14 63 82 66 79 81 83 49 21 18 56 33 54 76 35 86 3 45 32 17 59 28 60 80 53 44 84 20 47 37 31 62 13 70 85 16 65 5 12 4 52 48 9 38 58 34 55 68 23 2 10 41 24 8 42 64 50 88 51 11 71 0 40 27 25 43 74 67 1 30 39 78 36 75 73 29 72 87 7 46 69 57 77 89 6 15 
25 43 57 69 46 7 29 73 75 72 87 67 74 78 36 39 1 30 28 17 59 15 32 40 71 0 45 86 3 35 23 33 54 76 82 79 81 12 4 22 61 70 65 85 16 5 19 63 14 13 26 62 31 37 47 20 84 53 44 80 60 66 49 21 38 48 34 58 52 83 9 18 56 55 68 41 10 2 24 8 42 27 64 50 51 88 11 77 89 6 
75 29 72 73 36 47 84 20 37 31 14 26 13 62 61 82 81 79 66 59 17 86 3 35 76 54 68 33 55 18 56 58 34 38 21 49 83 52 48 9 12 4 19 22 70 85 16 65 5 63 53 80 60 44 39 78 67 74 1 30 15 27 89 6 71 11 77 50 88 51 57 43 25 64 40 0 32 45 42 8 24 2 10 41 23 28 7 46 69 87 
27 40 45 32 86 23 35 3 59 17 28 60 80 53 14 63 26 13 70 85 16 65 22 61 82 79 81 19 66 33 68 41 54 76 55 56 18 38 58 21 49 83 52 48 34 9 12 4 5 62 31 37 47 36 20 84 44 39 78 72 73 75 29 87 67 74 1 25 43 69 7 46 50 88 57 51 71 11 77 89 6 42 24 8 2 10 0 64 15 30 
1 25 64 27 40 0 42 8 24 2 10 45 86 3 35 76 54 33 68 55 56 18 58 38 21 49 83 81 19 22 61 13 26 63 14 84 20 37 36 67 74 78 39 44 60 80 53 82 79 66 23 32 17 59 28 15 50 51 71 6 89 77 11 88 57 69 7 46 43 30 87 72 73 75 29 47 31 62 70 85 16 65 5 12 4 52 9 48 34 41 
26 13 62 37 47 36 84 44 61 22 5 12 4 19 53 80 60 15 30 1 74 87 67 72 73 75 29 7 69 46 57 88 50 51 11 77 89 6 71 0 27 32 17 59 28 39 43 25 64 40 42 8 24 45 86 3 35 23 2 10 41 33 68 54 76 21 49 56 18 55 58 38 48 9 34 83 52 81 79 66 82 63 14 20 78 31 65 16 85 70 
60 28 39 53 63 61 22 19 79 81 82 52 83 21 49 38 56 18 58 34 48 9 4 12 5 65 16 85 70 13 14 62 26 31 37 47 20 84 44 80 72 87 74 67 1 30 43 25 50 51 11 77 89 6 71 0 42 8 24 32 40 27 64 88 57 69 46 7 29 75 73 36 78 15 59 17 35 23 3 86 45 2 10 41 55 68 33 54 76 66 
28 17 3 86 45 23 35 76 54 68 33 41 10 2 24 8 42 6 89 11 77 88 57 69 7 46 74 1 30 43 25 64 50 51 71 0 27 40 32 59 66 82 22 61 19 81 79 83 49 21 48 9 34 58 56 18 55 38 52 12 4 5 65 16 85 70 26 13 62 14 63 53 44 84 20 37 47 72 29 73 75 87 67 78 36 31 39 80 60 15 
78 39 84 20 47 37 31 14 63 26 13 62 70 65 16 85 5 22 4 12 34 9 48 21 49 83 52 19 61 38 58 56 18 55 68 33 41 10 2 23 86 35 3 17 59 28 60 80 53 44 74 67 87 72 73 29 75 1 30 25 43 69 57 88 11 77 89 6 71 51 50 64 27 15 40 0 42 8 24 32 45 76 54 66 79 81 82 7 46 36 
50 51 71 89 6 77 11 88 57 43 25 27 32 17 59 28 80 60 53 44 84 20 47 37 31 62 26 13 70 65 85 16 5 4 12 9 66 79 83 49 21 38 48 52 81 19 22 61 63 14 15 30 1 78 36 39 74 67 87 29 72 73 75 46 7 69 64 40 0 42 24 8 2 10 41 68 33 23 35 86 3 45 54 76 55 56 18 58 34 82 
51 88 57 43 25 27 64 50 15 30 1 67 74 78 36 47 37 31 20 84 44 53 80 60 28 17 59 3 86 35 55 68 33 54 76 49 21 48 34 9 12 4 19 79 66 82 63 14 26 13 62 70 65 85 16 5 22 61 81 83 52 38 58 18 56 23 45 32 0 40 42 8 24 10 2 41 39 87 72 73 75 29 7 46 69 77 11 71 89 6 
3 86 23 35 17 32 15 30 1 74 67 87 36 47 37 31 62 13 26 70 65 85 16 5 4 12 9 38 34 58 56 18 48 83 52 49 21 76 55 68 33 10 2 24 8 42 0 40 27 64 88 11 77 89 6 71 51 50 57 25 43 69 46 7 73 72 75 29 78 39 60 80 53 44 84 20 14 63 61 22 19 81 82 79 66 28 59 45 54 41 
85 16 65 70 61 22 4 19 81 79 66 28 60 80 44 53 84 14 63 26 13 62 31 37 47 20 36 78 74 67 87 72 73 75 29 46 7 69 43 57 88 51 11 77 89 6 71 0 40 32 17 59 3 86 23 35 76 54 33 68 41 2 10 55 56 18 58 34 9 12 5 48 83 49 21 38 52 82 15 30 1 39 25 64 27 50 42 8 24 45 
53 44 84 47 20 37 31 62 13 26 14 63 80 60 28 66 35 86 3 59 17 32 45 23 76 54 55 34 38 21 49 83 52 81 79 61 22 4 12 9 48 58 56 18 68 33 41 10 2 8 24 42 40 0 50 51 11 77 89 6 71 88 57 25 43 1 30 15 27 64 69 46 7 29 73 75 72 87 74 67 36 78 39 82 19 5 16 85 65 70 
70 26 13 62 14 63 65 85 16 5 22 19 4 12 81 83 52 9 48 34 38 58 56 18 21 49 79 66 80 59 60 53 44 84 20 37 31 47 73 72 75 29 87 67 74 1 30 25 43 64 50 51 11 77 0 40 32 86 3 35 23 2 10 41 68 55 33 76 54 8 24 45 42 71 89 6 88 57 69 7 46 78 36 39 15 27 17 28 82 61 
31 37 47 36 78 20 84 44 80 60 28 59 17 32 3 86 23 33 41 10 2 42 8 24 45 0 71 51 50 64 27 40 6 89 77 11 88 57 43 25 30 1 67 74 87 29 75 73 72 7 46 69 39 53 15 35 76 54 68 55 34 9 48 38 58 56 18 21 49 83 81 79 82 19 61 22 5 12 4 52 66 63 14 26 13 62 70 65 16 85 
51 50 64 25 30 1 74 78 39 36 47 37 31 20 80 60 53 44 84 63 19 81 79 66 82 4 12 52 83 49 21 48 38 58 56 18 55 68 41 2 10 23 86 3 35 76 54 33 34 9 5 22 61 65 85 16 70 26 13 62 14 72 73 75 29 87 67 7 46 69 43 57 11 77 89 6 71 0 42 15 28 59 17 27 40 32 45 24 8 88 
26 14 63 47 37 20 31 62 13 70 16 85 65 61 22 19 83 79 81 82 60 80 53 44 28 59 17 86 3 35 23 2 10 41 33 68 55 54 76 21 49 52 48 34 38 58 56 18 9 12 4 5 66 15 30 1 74 78 36 73 72 75 29 7 46 25 64 27 40 32 45 24 8 42 51 50 88 57 11 77 89 6 71 0 43 69 67 87 39 84 
86 3 17 59 66 79 83 52 12 4 5 22 61 70 65 16 85 26 62 13 63 14 20 47 37 84 44 36 78 74 1 30 15 25 43 46 7 69 57 88 51 50 64 27 40 0 71 11 77 89 6 42 8 24 54 76 35 23 45 2 10 41 33 68 55 18 56 58 38 48 34 9 21 49 81 82 19 28 60 39 67 87 72 73 75 29 31 80 53 32 
21 49 52 81 79 83 82 19 22 61 4 12 5 16 85 65 70 13 62 26 14 63 53 44 84 20 47 37 31 36 78 74 67 87 29 72 73 75 39 17 59 28 60 80 66 3 35 86 23 2 10 41 55 68 54 76 33 45 32 27 64 25 15 30 1 43 69 46 7 57 88 50 51 11 77 89 6 71 0 42 40 8 24 38 34 58 56 18 9 48 
46 7 69 57 88 50 51 64 27 40 0 71 11 77 89 6 32 17 15 30 1 74 67 87 72 29 75 73 20 44 39 78 36 47 37 31 84 53 80 60 82 66 79 81 83 9 12 4 19 22 5 61 63 14 26 13 62 70 65 16 85 34 38 58 56 18 55 68 33 54 76 23 35 86 3 45 42 8 24 2 10 41 49 21 52 48 59 28 25 43 
64 27 40 86 45 32 17 59 80 28 60 44 53 63 14 84 39 78 74 67 1 30 25 43 69 7 46 57 88 50 51 71 11 77 89 6 0 42 8 24 2 10 33 68 55 56 18 48 38 34 58 54 76 35 3 23 41 21 49 83 79 81 52 4 12 9 66 82 19 22 61 5 65 16 85 70 26 13 62 31 37 20 47 36 72 73 75 29 87 15 
81 83 52 4 12 5 9 19 61 22 85 16 65 70 13 62 31 37 47 36 78 74 67 1 30 15 27 64 25 43 69 57 88 50 51 11 77 89 6 71 0 40 8 24 86 3 23 35 76 54 33 41 10 2 45 32 17 59 28 60 80 53 44 39 84 20 14 63 26 73 75 29 72 87 46 7 42 68 55 58 34 38 21 49 48 56 18 79 66 82 
17 59 28 60 80 53 44 84 37 47 36 78 74 67 87 1 30 15 27 51 88 77 89 6 0 71 11 57 69 46 7 43 25 50 64 40 42 8 24 10 2 23 35 86 3 32 54 76 49 21 48 34 9 12 4 19 22 61 5 85 16 65 70 13 26 62 31 20 72 73 75 29 39 66 79 81 83 52 38 58 56 18 55 68 33 41 45 82 63 14 
52 12 4 19 82 66 59 17 86 3 35 76 54 68 33 55 56 18 48 9 34 38 58 21 49 83 79 81 22 61 63 14 26 13 62 31 37 20 84 44 53 80 60 28 39 78 74 67 87 72 73 75 29 7 69 57 88 50 51 71 11 77 89 6 0 27 40 42 8 24 45 23 41 10 2 32 15 30 1 47 36 46 43 25 64 5 65 16 85 70 
43 25 15 30 1 67 74 78 39 84 44 53 80 60 28 59 17 32 45 35 23 86 3 66 79 19 82 22 61 13 26 62 20 36 87 7 46 69 57 50 64 27 40 0 71 77 11 51 88 89 6 42 24 8 2 10 41 33 68 54 76 55 56 18 34 58 38 48 49 21 83 52 4 12 9 81 5 85 65 16 70 31 37 47 14 63 29 75 73 72 
10 2 3 86 45 23 35 76 54 68 33 41 24 42 0 40 32 17 59 28 60 80 53 44 84 20 37 47 36 78 39 74 67 1 30 43 25 50 51 88 71 64 27 15 66 49 21 38 58 56 18 55 48 34 9 5 4 12 52 83 79 81 19 22 61 63 26 14 62 13 70 65 85 16 82 31 72 73 75 29 87 7 46 69 57 77 11 89 6 8 
15 59 17 66 79 82 81 19 22 61 63 14 84 44 53 80 60 28 30 1 67 74 78 47 37 31 62 13 26 70 65 85 16 4 12 5 52 48 21 49 83 76 54 68 55 56 18 38 34 58 9 23 3 35 86 45 2 33 41 10 27 40 0 71 51 50 88 11 77 89 6 42 24 8 32 57 69 46 7 87 72 73 29 75 36 20 39 25 43 64 
13 26 62 31 37 47 72 73 75 29 87 67 74 78 39 59 17 32 86 35 54 76 68 55 56 58 38 21 49 83 52 48 34 9 4 12 5 81 79 82 53 80 60 44 84 20 36 1 30 25 43 69 7 46 57 88 51 11 71 0 64 50 77 89 6 42 8 24 45 40 27 15 28 66 3 23 2 10 41 33 18 22 61 63 14 19 65 16 85 70 
13 26 62 31 37 47 72 73 75 29 87 67 74 78 39 59 17 32 86 35 54 76 68 55 56 58 38 21 49 83 52 48 34 9 4 12 5 81 79 82 53 80 60 44 84 20 36 1 30 25 43 69 7 46 57 88 51 11 71 0 64 50 77 89 6 42 8 24 45 40 27 15 28 66 3 23 2 10 41 33 18 22 61 63 14 19 65 16 85 70 
12 4 19 81 83 49 21 38 48 34 58 56 18 55 54 76 35 86 3 23 33 68 41 2 10 24 8 42 45 32 40 27 0 6 89 77 11 51 50 64 43 57 25 1 30 15 60 80 44 84 20 47 37 14 63 36 78 67 74 39 53 82 79 66 59 28 17 88 71 69 7 46 87 72 73 75 29 31 62 26 13 70 65 16 85 22 61 52 9 5 
37 20 75 73 72 29 87 43 25 57 69 46 7 67 74 1 30 15 27 40 0 64 71 11 51 88 50 77 89 6 42 8 24 2 10 23 35 3 86 45 32 17 59 28 60 80 53 82 81 79 52 9 12 4 19 22 65 85 16 61 26 13 14 47 36 78 39 44 84 63 66 83 38 21 49 54 76 68 33 41 55 56 18 58 34 48 5 70 62 31 
16 85 65 70 13 26 14 63 62 31 37 47 20 84 39 44 80 53 19 22 4 12 9 34 48 55 56 18 58 38 21 49 83 52 81 79 82 66 59 17 86 45 32 11 77 89 6 64 27 40 51 50 57 69 43 25 15 42 0 71 88 46 7 67 74 78 36 72 73 75 29 87 1 30 28 60 3 35 54 76 33 68 41 10 8 24 2 23 5 61 
5 12 4 38 58 34 9 52 83 79 66 81 82 19 61 70 65 85 16 22 63 53 80 60 28 39 74 1 30 15 17 3 86 35 45 32 42 40 0 71 51 50 64 25 43 46 7 69 57 88 11 77 89 6 8 24 2 10 41 55 54 76 49 21 48 18 56 68 33 23 59 27 44 84 20 36 78 72 75 73 29 87 67 37 47 31 14 13 26 62 
36 78 74 67 1 30 43 25 64 50 51 77 89 6 3 86 59 28 60 80 53 44 84 20 47 37 31 62 13 26 14 63 39 72 73 75 29 87 46 7 69 57 88 11 71 0 40 27 15 17 32 2 10 24 8 42 45 23 33 41 68 55 54 76 21 38 48 9 34 18 56 58 49 52 12 4 22 61 19 82 81 79 83 66 35 5 16 85 65 70 
36 78 74 67 1 30 43 25 64 50 51 77 89 6 3 86 59 28 60 80 53 44 84 20 47 37 31 62 13 26 14 63 39 72 73 75 29 87 46 7 69 57 88 11 71 0 40 27 15 17 32 2 10 24 8 42 45 23 33 41 68 55 54 76 21 38 48 9 34 18 56 58 49 52 12 4 22 61 19 82 81 79 83 66 35 5 16 85 65 70 
89 6 77 71 11 51 50 43 25 30 1 67 74 78 47 37 31 13 26 14 63 61 22 4 12 48 52 9 34 38 21 49 83 79 66 82 53 80 60 28 59 17 32 40 0 42 45 86 3 23 35 54 76 55 68 33 2 10 41 56 18 58 81 19 5 85 16 65 70 62 20 84 39 44 15 27 64 88 57 69 7 46 87 72 73 75 29 36 24 8 
3 86 17 59 28 60 80 53 84 20 39 1 67 74 78 36 44 30 25 43 69 88 50 51 71 0 40 27 64 8 24 45 32 33 68 55 56 18 58 38 34 9 48 21 49 83 79 81 52 12 5 4 19 22 61 16 85 65 70 13 26 82 63 14 62 37 31 47 29 73 75 72 87 46 7 57 11 77 89 6 42 2 10 23 35 76 54 41 15 66 
63 14 13 62 26 19 83 52 81 79 66 80 60 39 30 15 43 25 64 71 0 51 11 77 89 6 42 8 24 10 2 23 86 3 32 17 59 28 53 44 84 20 37 47 36 78 74 67 1 87 29 72 73 75 7 46 69 57 88 50 27 40 33 54 76 35 45 41 68 55 56 18 58 34 48 38 21 49 82 61 22 4 9 12 5 16 85 65 70 31 
80 60 28 39 36 78 67 74 1 30 15 27 40 32 45 23 35 86 3 59 17 66 79 83 49 21 48 52 81 19 4 12 5 16 85 65 70 26 14 63 61 62 13 82 53 44 84 20 37 47 73 72 75 29 87 46 7 69 57 43 25 64 50 51 88 11 77 89 6 71 0 42 8 24 2 10 41 54 55 56 18 68 33 76 9 34 58 38 22 31 
42 8 24 59 28 60 80 53 44 36 78 74 67 1 30 39 15 64 50 88 11 77 89 6 0 71 51 57 69 46 7 87 29 75 73 72 47 37 31 62 26 13 70 65 85 16 5 22 61 82 79 81 52 48 21 49 38 58 34 18 56 55 68 33 41 10 2 45 86 3 35 54 76 9 12 4 19 66 17 32 27 40 43 25 20 84 14 63 83 23 
4 12 9 48 34 58 38 21 49 52 83 28 60 14 26 31 37 47 20 36 78 74 1 30 15 17 59 66 79 80 82 19 81 22 61 85 16 65 70 13 62 84 44 39 87 29 75 73 72 67 46 7 69 43 25 27 64 0 71 40 32 45 23 86 3 35 76 54 33 68 55 56 18 41 10 2 24 8 42 6 89 11 77 51 50 88 57 53 63 5 
59 17 28 60 80 53 44 84 47 37 20 69 7 46 74 67 87 29 30 1 72 73 75 31 62 26 13 70 65 85 16 5 4 12 83 81 79 49 21 48 38 34 58 56 18 55 68 54 76 41 33 10 2 24 8 45 32 3 86 35 23 40 0 71 51 11 77 89 6 42 27 64 50 88 57 43 25 15 39 78 36 14 63 61 22 19 52 9 82 66 
28 60 80 53 63 14 62 26 13 70 65 85 16 22 61 19 82 79 83 52 4 12 5 9 34 48 58 38 56 55 68 33 54 35 86 3 17 59 15 30 1 74 67 87 46 7 25 43 64 51 11 77 71 0 40 27 32 45 23 2 10 24 8 42 6 89 88 50 57 69 29 72 73 75 78 36 47 37 31 20 84 44 39 21 49 76 41 18 81 66 
7 46 69 25 64 50 88 57 43 30 1 87 74 78 36 20 47 37 31 62 13 26 63 14 84 44 53 28 39 80 60 82 66 79 85 16 65 70 19 22 61 4 12 5 9 52 81 83 49 21 38 58 34 48 18 56 55 68 33 54 76 35 23 86 3 17 15 27 40 0 71 51 11 77 89 6 24 8 42 45 2 10 41 32 59 67 72 73 75 29 
42 8 24 59 28 60 80 53 44 36 78 74 67 1 30 39 15 64 50 88 11 77 89 6 0 71 51 57 69 46 7 87 29 75 73 72 47 37 31 62 26 13 70 65 85 16 5 22 61 82 79 81 52 48 21 49 38 58 34 18 56 55 68 33 41 10 2 45 86 3 35 54 76 9 12 4 19 66 17 32 27 40 43 25 20 84 14 63 83 23 
84 20 47 37 31 62 13 26 63 14 53 80 60 28 59 17 10 2 23 86 3 35 76 54 55 18 56 58 38 21 49 83 52 82 81 79 66 0 64 50 51 11 77 6 89 71 40 27 25 43 57 88 69 7 46 30 1 74 39 36 78 67 87 72 29 75 73 70 65 85 16 61 22 4 19 5 12 9 34 48 68 33 41 45 24 8 42 32 15 44 
33 54 68 55 21 49 83 52 12 4 19 22 61 16 85 65 70 26 13 62 31 37 20 47 36 78 74 67 87 73 75 72 29 7 46 69 57 43 25 1 30 15 27 64 50 51 11 71 0 6 89 77 88 40 32 86 35 76 17 59 66 79 81 38 48 34 58 18 56 9 5 44 80 53 39 84 14 63 82 60 28 3 23 45 24 8 42 2 10 41 
13 26 62 31 37 47 72 73 75 29 87 67 74 78 39 59 17 32 86 35 54 76 68 55 56 58 38 21 49 83 52 48 34 9 4 12 5 81 79 82 53 80 60 44 84 20 36 1 30 25 43 69 7 46 57 88 51 11 71 0 64 50 77 89 6 42 8 24 45 40 27 15 28 66 3 23 2 10 41 33 18 22 61 63 14 19 65 16 85 70 
1 25 64 27 40 0 42 8 24 2 10 45 86 3 35 76 54 33 68 55 56 18 58 38 21 49 83 81 19 22 61 13 26 63 14 84 20 37 36 67 74 78 39 44 60 80 53 82 79 66 23 32 17 59 28 15 50 51 71 6 89 77 11 88 57 69 7 46 43 30 87 72 73 75 29 47 31 62 70 85 16 65 5 12 4 52 9 48 34 41 
47 37 20 84 44 53 80 60 28 59 17 15 40 27 50 51 88 43 25 64 0 71 77 11 89 6 42 8 24 10 2 41 33 68 54 76 21 49 83 52 4 12 48 38 58 18 56 55 34 9 5 22 65 16 85 70 26 13 14 31 62 63 79 81 19 61 82 66 30 1 67 74 78 36 39 86 3 35 23 45 32 57 69 7 46 87 72 73 75 29 
53 80 60 44 84 20 36 87 78 74 39 28 59 17 32 35 86 23 33 68 54 76 21 49 83 52 81 79 66 82 19 22 4 12 9 48 38 58 34 56 18 55 2 10 41 45 3 24 8 42 0 71 11 77 89 6 64 51 50 88 57 30 1 67 46 7 69 43 25 40 27 15 72 75 73 29 47 37 31 62 13 26 14 63 61 5 65 85 16 70 
44 53 80 60 28 59 17 32 86 3 35 23 2 10 41 33 68 55 56 18 58 34 9 48 52 4 12 5 81 49 21 38 76 54 45 24 8 42 40 64 50 51 11 77 89 6 71 0 27 15 30 1 74 67 78 36 47 20 84 39 37 31 62 26 13 70 16 65 85 66 79 83 22 19 82 61 63 14 43 25 69 46 7 57 88 29 87 72 73 75 
62 13 26 14 63 61 22 19 82 79 81 83 21 48 34 38 58 56 18 41 2 10 23 3 86 35 68 33 54 55 76 66 44 84 20 47 37 75 73 72 36 78 67 74 1 30 43 25 50 51 88 11 77 89 6 57 69 46 7 29 87 31 39 53 80 60 28 59 17 32 15 64 27 40 0 71 42 8 24 45 49 52 4 12 9 5 16 85 65 70 
63 14 26 13 70 62 31 37 47 20 84 80 53 39 44 60 28 17 59 30 1 74 67 78 36 72 73 75 29 87 7 46 69 43 25 57 88 51 50 64 27 40 32 45 35 3 86 23 2 10 24 8 6 89 77 11 71 0 42 15 82 66 79 81 83 21 49 52 4 12 5 18 56 76 54 68 33 41 55 38 58 34 48 9 19 22 61 65 16 85 
58 34 48 38 9 21 49 83 52 81 82 19 4 12 5 22 61 16 65 85 63 14 26 13 70 62 20 37 31 47 36 78 74 1 30 46 7 69 43 57 88 50 0 71 51 11 77 89 6 42 8 24 45 40 27 64 25 15 86 3 35 23 2 10 33 54 68 76 79 66 80 60 44 84 53 39 67 29 87 72 73 75 28 59 17 32 41 55 56 18 
26 13 62 31 37 47 36 78 74 1 30 25 43 64 27 40 32 50 88 51 11 77 6 89 71 0 42 8 24 2 45 86 23 35 3 17 59 60 80 44 84 20 53 82 79 81 19 14 63 61 65 16 85 4 12 9 48 34 58 18 56 55 68 33 10 41 54 76 21 49 83 52 38 22 5 66 28 15 57 69 46 7 87 67 72 73 75 29 39 70 
50 51 77 11 89 6 42 8 24 2 10 41 76 55 68 54 33 3 86 35 23 45 59 28 60 80 53 44 84 20 37 47 72 29 73 75 87 67 74 78 39 36 1 30 25 7 46 69 43 57 88 64 27 32 17 82 81 83 52 9 34 38 18 56 58 21 49 12 4 19 22 61 13 26 62 31 14 63 70 65 85 16 5 48 79 66 15 40 0 71 
78 36 20 37 47 31 14 63 26 13 61 22 5 4 12 52 83 49 21 38 58 56 18 34 9 48 81 79 66 59 17 15 30 1 74 67 87 46 7 69 57 43 25 88 50 51 11 77 89 6 71 0 40 27 64 32 45 24 8 42 86 3 35 23 33 54 76 55 68 41 10 2 28 60 80 53 44 84 39 72 29 73 75 62 70 65 85 16 19 82 
61 22 4 12 19 82 66 79 81 83 52 48 21 49 76 54 33 8 24 42 0 71 6 89 77 11 57 43 25 64 27 40 32 17 59 28 60 80 44 84 53 67 74 1 30 15 45 86 3 35 23 2 10 41 68 55 56 18 58 38 34 9 5 26 13 62 14 63 47 37 31 20 36 39 78 87 29 72 73 75 7 46 69 88 50 51 70 65 16 85 
26 13 62 31 37 47 20 84 44 53 80 60 39 78 74 67 87 29 75 73 72 36 15 27 64 11 51 50 88 57 46 7 69 25 43 1 30 28 59 17 35 76 54 55 68 33 10 2 45 23 86 3 32 42 0 40 77 71 89 6 24 8 41 18 56 58 34 48 52 83 79 81 19 4 82 66 49 21 38 9 12 5 22 61 63 14 65 16 85 70 
49 21 79 81 48 38 58 56 18 34 9 12 4 22 5 70 16 85 65 63 14 26 13 62 31 37 47 20 84 44 80 53 28 60 59 17 3 86 35 23 33 68 55 76 54 41 10 2 24 8 42 40 0 71 51 50 88 11 77 89 6 30 1 74 39 78 36 67 87 72 73 75 29 7 46 69 57 27 64 43 25 15 32 45 83 52 82 66 61 19 
15 30 1 67 74 78 39 36 84 44 53 80 60 28 59 17 45 24 8 27 64 51 50 88 11 77 89 6 57 43 25 46 69 7 87 29 72 73 75 37 47 20 14 63 61 19 81 79 66 82 83 48 38 34 58 56 18 55 68 54 76 35 3 86 23 10 2 41 33 49 21 52 9 12 4 5 22 85 16 65 70 13 26 62 31 71 0 42 40 32 
27 40 45 32 86 23 35 3 59 17 28 60 80 53 14 63 26 13 70 85 16 65 22 61 82 79 81 19 66 33 68 41 54 76 55 56 18 38 58 21 49 83 52 48 34 9 12 4 5 62 31 37 47 36 20 84 44 39 78 72 73 75 29 87 67 74 1 25 43 69 7 46 50 88 57 51 71 11 77 89 6 42 24 8 2 10 0 64 15 30 
0 71 51 88 50 64 30 15 67 74 1 28 59 17 25 43 57 69 46 7 87 29 75 73 72 78 36 47 37 20 84 44 39 80 60 53 63 14 26 13 62 31 70 65 85 16 61 22 9 34 58 18 56 49 21 38 48 83 52 81 19 12 4 5 79 82 66 86 3 35 23 2 10 76 54 33 68 55 41 24 8 42 40 27 32 45 77 11 89 6 
0 71 51 88 50 64 30 15 67 74 1 28 59 17 25 43 57 69 46 7 87 29 75 73 72 78 36 47 37 20 84 44 39 80 60 53 63 14 26 13 62 31 70 65 85 16 61 22 9 34 58 18 56 49 21 38 48 83 52 81 19 12 4 5 79 82 66 86 3 35 23 2 10 76 54 33 68 55 41 24 8 42 40 27 32 45 77 11 89 6 
63 14 13 26 62 31 37 47 36 78 74 67 84 44 80 60 28 59 66 79 81 19 82 52 83 49 21 58 38 48 9 34 76 33 68 54 55 56 18 3 86 35 23 2 45 32 17 15 64 25 43 57 69 46 7 87 29 75 73 72 20 53 39 1 30 27 40 0 42 51 50 88 11 71 77 89 6 8 24 10 41 4 12 5 85 16 65 61 22 70 
53 44 84 39 30 1 67 74 78 47 37 20 31 62 13 26 14 63 61 22 70 85 65 16 5 4 19 83 49 21 48 38 58 34 9 12 52 81 79 66 59 60 80 28 15 86 35 3 17 27 40 0 42 8 24 2 10 41 33 68 76 54 56 18 55 23 45 32 64 50 88 11 77 89 6 71 51 57 43 25 69 46 7 87 72 73 29 75 36 82 
66 79 19 22 61 5 65 16 85 70 13 26 62 31 37 47 29 72 75 73 87 67 74 1 30 39 44 53 80 60 28 59 76 54 68 33 86 35 23 45 32 42 6 89 77 11 88 71 0 40 27 64 25 43 69 46 7 51 50 57 24 8 10 2 41 55 18 56 58 38 21 49 83 52 48 12 4 81 82 63 14 84 20 36 78 15 17 3 34 9 
0 40 64 43 25 57 88 51 71 11 77 50 27 17 59 28 60 80 44 84 20 47 37 31 14 26 62 13 70 65 16 85 61 82 21 49 83 52 79 81 19 22 5 12 4 9 34 58 38 48 55 18 56 54 76 33 68 41 10 2 8 24 45 86 3 23 35 32 15 30 1 74 39 78 36 53 63 66 73 72 75 29 87 67 46 7 69 6 89 42 
76 54 68 33 41 10 2 23 86 3 59 17 32 40 27 64 0 42 8 24 45 35 49 21 48 38 58 34 52 81 79 83 66 80 82 19 60 1 74 67 78 39 84 14 26 13 62 31 37 47 20 36 72 73 75 29 87 46 7 69 25 43 57 88 51 50 11 77 89 6 71 15 30 28 44 53 63 65 16 85 70 22 61 4 12 5 9 56 18 55 
82 81 19 4 52 12 5 22 61 63 14 53 44 84 20 47 37 31 62 13 26 70 85 16 65 1 74 67 36 72 87 29 78 30 15 64 27 32 17 3 86 35 76 54 33 68 55 18 56 48 9 34 58 38 21 49 83 66 79 28 59 60 80 39 73 75 7 46 69 43 25 57 88 51 50 11 77 6 89 71 0 40 42 8 24 45 23 2 10 41 
52 4 5 12 9 34 58 38 48 83 66 79 82 14 84 20 36 78 74 67 39 44 80 60 28 59 17 32 27 40 0 42 8 24 2 10 41 68 33 54 76 35 86 3 45 23 56 18 55 21 49 81 19 22 61 70 65 85 16 13 62 31 37 47 1 30 25 43 57 88 51 11 77 89 6 71 50 64 15 69 46 7 87 72 73 75 29 53 63 26 
77 11 71 51 50 88 57 64 25 43 69 7 46 67 74 1 30 39 44 80 82 81 79 66 28 60 53 84 14 26 13 62 31 37 20 47 36 78 29 75 73 72 87 15 17 59 32 45 10 2 23 35 86 3 76 68 54 33 55 56 18 58 38 48 52 83 49 21 34 9 12 5 4 22 19 61 16 85 65 70 63 0 40 27 42 8 24 41 6 89 
41 10 2 86 3 35 76 54 33 68 55 58 18 56 38 48 34 9 52 83 79 19 22 4 12 5 81 82 53 60 80 44 84 20 37 47 36 39 78 74 67 87 72 73 29 75 7 46 69 57 88 50 64 51 71 11 77 89 6 0 42 8 24 32 45 40 27 15 1 30 43 25 28 59 17 66 61 65 16 85 70 62 13 26 63 14 31 49 21 23 
4 12 83 81 79 82 66 53 44 80 60 28 59 17 3 86 23 35 76 54 33 68 55 56 18 58 34 38 21 49 52 48 9 63 14 26 61 22 19 5 16 65 85 70 13 62 31 37 47 20 84 74 67 78 36 39 1 30 43 25 88 51 11 77 89 6 71 0 40 27 64 50 57 69 46 7 29 72 73 75 87 15 32 45 24 8 42 10 2 41 
62 31 37 47 20 29 75 73 72 87 67 25 43 57 69 7 46 30 1 78 36 39 60 80 53 84 44 28 59 17 15 27 40 32 86 3 35 23 24 8 10 41 33 68 55 56 18 58 34 48 21 49 38 83 12 4 81 79 66 82 19 22 61 63 14 26 13 70 16 85 65 5 9 52 76 54 2 45 42 0 71 51 50 88 11 77 89 6 64 74 
31 47 37 20 84 44 53 80 60 28 59 17 3 23 45 32 40 0 71 11 77 89 6 42 8 24 2 10 41 33 68 54 55 21 49 83 52 81 4 12 19 79 66 82 63 26 13 62 14 74 67 87 72 73 29 75 78 36 39 30 27 25 50 51 88 57 69 46 7 43 64 15 1 86 35 76 56 18 58 38 48 9 34 16 85 65 22 61 5 70 
48 38 58 34 9 12 4 52 83 49 21 76 3 86 35 33 55 68 54 56 18 45 23 2 10 41 40 0 71 51 50 64 25 43 69 46 7 57 88 11 77 89 6 42 8 24 27 32 17 59 28 60 44 84 20 37 47 36 78 1 74 67 87 73 72 29 75 31 62 26 13 70 63 14 53 80 39 30 15 66 79 81 82 19 22 61 65 85 16 5 
48 38 58 34 9 12 4 52 83 49 21 76 3 86 35 33 55 68 54 56 18 45 23 2 10 41 40 0 71 51 50 64 25 43 69 46 7 57 88 11 77 89 6 42 8 24 27 32 17 59 28 60 44 84 20 37 47 36 78 1 74 67 87 73 72 29 75 31 62 26 13 70 63 14 53 80 39 30 15 66 79 81 82 19 22 61 65 85 16 5 
