2 1 18 25 12 6 36 31 8 27 26 35 17 4 28 0 5 30 9 37 13 20 22 24 10 16 19 33 3 11 34 29 7 39 15 21 38 32 14 23 
14 23 15 25 10 9 30 32 6 4 5 27 2 18 36 8 38 26 28 33 29 31 20 16 13 11 3 34 37 12 19 1 35 17 24 39 21 7 0 22 
2 3 24 16 30 9 18 36 4 7 5 1 23 39 8 10 11 28 34 29 12 14 22 35 13 15 0 19 20 32 21 38 25 6 27 31 33 37 17 26 
4 7 28 15 14 34 29 8 25 36 32 17 11 3 10 23 21 18 12 31 6 19 30 20 9 27 26 22 0 33 16 13 35 2 1 39 5 24 37 38 
4 7 28 15 14 34 29 8 25 36 32 17 11 3 10 23 21 18 12 31 6 19 30 20 9 27 26 22 0 33 16 13 35 2 1 39 5 24 37 38 
18 25 12 36 33 8 11 26 2 39 23 34 30 16 37 4 28 5 17 27 35 21 22 19 3 7 20 32 14 38 29 9 6 1 0 24 15 10 13 31 
20 24 16 13 23 35 8 12 4 39 28 0 25 3 17 33 34 10 1 6 2 36 9 22 15 19 11 32 30 5 7 21 29 26 27 14 18 38 31 37 
14 32 12 38 37 39 35 1 34 10 5 28 8 11 25 36 31 2 20 22 24 21 30 29 27 7 15 13 26 3 16 23 19 33 17 18 6 4 0 9 
24 18 12 14 28 29 30 34 19 8 33 11 36 6 26 13 0 17 31 4 7 25 15 20 1 27 35 16 2 22 21 37 3 23 5 39 9 10 32 38 
2 6 38 14 17 3 27 22 33 30 4 7 5 23 29 13 8 11 16 9 10 37 34 19 28 12 15 24 18 31 20 32 21 25 26 35 36 39 0 1 
2 6 38 14 17 3 27 22 33 30 4 7 5 23 29 13 8 11 16 9 10 37 34 19 28 12 15 24 18 31 20 32 21 25 26 35 36 39 0 1 
22 21 30 1 19 3 34 29 16 38 14 37 4 12 11 35 9 32 5 18 6 23 0 27 36 31 8 25 20 10 13 2 33 17 7 26 28 15 24 39 
22 21 30 1 19 3 34 29 16 38 14 37 4 12 11 35 9 32 5 18 6 23 0 27 36 31 8 25 20 10 13 2 33 17 7 26 28 15 24 39 
12 29 27 6 4 32 2 14 25 15 31 8 30 35 3 37 9 20 19 24 23 16 10 5 13 22 21 7 18 39 11 28 33 38 34 17 0 26 1 36 
12 29 27 6 4 32 2 14 25 15 31 8 30 35 3 37 9 20 19 24 23 16 10 5 13 22 21 7 18 39 11 28 33 38 34 17 0 26 1 36 
2 13 7 22 8 27 28 4 24 39 17 9 33 11 20 36 31 6 26 30 3 15 16 14 5 35 25 38 21 12 10 32 18 1 0 29 34 19 23 37 
2 13 7 22 8 27 28 4 24 39 17 9 33 11 20 36 31 6 26 30 3 15 16 14 5 35 25 38 21 12 10 32 18 1 0 29 34 19 23 37 
2 25 19 5 21 20 12 31 24 37 15 22 13 0 38 35 30 16 4 7 6 39 1 27 9 33 29 34 18 10 11 3 17 26 8 28 32 14 23 36 
34 13 15 14 38 32 25 22 31 12 4 21 30 8 0 29 17 33 11 2 27 28 37 9 23 7 20 1 36 26 16 35 6 5 24 39 18 10 3 19 
23 24 1 14 39 9 22 32 38 33 29 5 19 37 34 11 36 30 21 12 4 2 35 6 31 17 3 26 28 13 10 27 25 7 20 16 18 15 8 0 
37 24 11 0 36 25 2 32 7 27 35 9 3 34 17 19 33 23 10 28 31 20 30 4 13 29 5 38 22 15 21 18 16 6 14 12 8 1 39 26 
0 5 20 21 32 1 15 7 31 17 14 24 2 30 9 11 29 4 12 19 3 39 27 34 25 33 6 18 22 23 8 13 10 16 37 26 28 36 35 38 
1 31 26 20 10 24 22 7 33 4 29 34 30 13 25 36 14 21 32 0 3 12 18 6 23 16 19 11 37 27 5 2 9 8 35 17 28 15 39 38 
1 31 26 20 10 24 22 7 33 4 29 34 30 13 25 36 14 21 32 0 3 12 18 6 23 16 19 11 37 27 5 2 9 8 35 17 28 15 39 38 
1 31 26 20 10 24 22 7 33 4 29 34 30 13 25 36 14 21 32 0 3 12 18 6 23 16 19 11 37 27 5 2 9 8 35 17 28 15 39 38 
24 28 12 0 14 10 38 22 1 2 33 9 25 32 21 7 3 5 35 19 13 29 30 37 4 26 11 8 6 31 20 18 15 23 16 39 17 27 34 36 
17 15 25 26 9 13 10 16 11 30 37 18 5 14 27 2 20 19 1 29 36 7 24 28 31 35 12 4 34 3 33 0 8 38 23 22 21 6 39 32 
17 15 25 26 9 13 10 16 11 30 37 18 5 14 27 2 20 19 1 29 36 7 24 28 31 35 12 4 34 3 33 0 8 38 23 22 21 6 39 32 
26 2 13 16 3 36 27 14 23 28 35 39 12 17 4 25 5 19 0 33 11 29 7 15 8 32 31 9 10 1 30 20 21 24 22 18 37 38 6 34 
26 2 13 16 3 36 27 14 23 28 35 39 12 17 4 25 5 19 0 33 11 29 7 15 8 32 31 9 10 1 30 20 21 24 22 18 37 38 6 34 
23 38 19 20 34 3 14 11 8 33 17 35 4 31 16 37 10 22 39 18 5 0 28 29 15 32 7 30 24 36 9 13 27 12 2 25 26 6 21 1 
23 38 19 20 34 3 14 11 8 33 17 35 4 31 16 37 10 22 39 18 5 0 28 29 15 32 7 30 24 36 9 13 27 12 2 25 26 6 21 1 
39 18 30 0 29 21 8 17 9 13 12 15 28 1 7 6 27 3 32 25 38 23 22 19 20 31 14 16 10 24 37 2 36 34 26 35 33 4 11 5 
22 18 2 28 34 19 13 37 7 3 16 14 15 5 30 23 10 33 17 6 4 8 31 32 21 36 29 20 25 35 9 12 38 24 0 26 27 1 11 39 
22 18 2 28 34 19 13 37 7 3 16 14 15 5 30 23 10 33 17 6 4 8 31 32 21 36 29 20 25 35 9 12 38 24 0 26 27 1 11 39 
32 23 0 26 36 18 25 12 1 9 4 20 35 21 15 19 13 16 2 34 28 3 33 11 5 8 31 37 29 6 14 27 7 24 22 30 10 39 17 38 
13 16 23 18 25 28 33 34 5 37 3 6 12 4 24 14 36 32 9 19 27 2 8 26 15 10 30 7 35 21 17 20 31 11 29 38 1 0 39 22 
0 15 36 32 35 17 27 26 1 6 25 8 12 9 22 18 14 24 23 16 2 34 33 19 3 13 29 5 31 7 4 30 10 20 28 11 21 39 37 38 
0 15 36 32 35 17 27 26 1 6 25 8 12 9 22 18 14 24 23 16 2 34 33 19 3 13 29 5 31 7 4 30 10 20 28 11 21 39 37 38 
25 1 27 29 2 35 30 15 32 13 34 3 12 26 4 17 5 10 23 33 11 16 6 21 24 31 28 7 8 14 22 9 18 20 19 0 37 38 39 36 
25 1 27 29 2 35 30 15 32 13 34 3 12 26 4 17 5 10 23 33 11 16 6 21 24 31 28 7 8 14 22 9 18 20 19 0 37 38 39 36 
2 33 7 26 29 9 38 23 21 39 3 30 18 24 10 27 4 35 36 22 5 13 16 34 6 8 0 19 12 32 14 37 15 1 20 25 28 31 11 17 
4 17 38 20 18 39 2 36 14 32 6 27 28 23 24 12 7 19 35 25 8 34 33 3 29 10 15 9 13 31 16 30 21 37 22 26 0 5 1 11 
4 17 38 20 18 39 2 36 14 32 6 27 28 23 24 12 7 19 35 25 8 34 33 3 29 10 15 9 13 31 16 30 21 37 22 26 0 5 1 11 
25 21 19 24 37 29 34 0 18 38 16 12 35 7 31 1 13 9 20 33 8 2 32 27 4 3 30 23 28 5 17 26 10 22 15 6 14 11 39 36 
25 21 19 24 37 29 34 0 18 38 16 12 35 7 31 1 13 9 20 33 8 2 32 27 4 3 30 23 28 5 17 26 10 22 15 6 14 11 39 36 
24 30 36 1 21 39 15 3 29 28 17 2 27 14 23 32 11 33 5 38 8 31 6 34 18 37 13 9 22 7 16 10 0 35 19 26 4 25 12 20 
17 7 1 2 29 32 14 35 12 0 11 27 21 38 13 5 4 16 33 26 36 6 20 28 24 22 39 23 8 25 31 34 9 37 10 18 15 19 30 3 
37 6 16 10 24 36 39 31 5 11 34 30 33 3 26 12 32 18 8 29 28 25 4 38 13 23 22 15 21 14 20 7 19 17 9 2 1 0 35 27 
37 6 16 10 24 36 39 31 5 11 34 30 33 3 26 12 32 18 8 29 28 25 4 38 13 23 22 15 21 14 20 7 19 17 9 2 1 0 35 27 
33 13 37 14 15 38 3 36 21 24 17 34 6 30 19 20 1 27 12 35 25 31 26 5 2 32 10 0 7 29 11 18 8 28 9 23 16 22 39 4 
7 35 24 14 8 2 34 33 19 15 10 5 32 38 30 3 13 11 29 28 17 9 20 27 39 21 25 23 22 18 31 36 37 4 1 12 26 6 16 0 
26 0 25 27 7 2 1 22 14 20 10 15 34 11 3 36 32 30 35 29 13 12 17 4 28 19 24 5 23 33 31 37 9 8 6 18 38 16 21 39 
26 0 25 27 7 2 1 22 14 20 10 15 34 11 3 36 32 30 35 29 13 12 17 4 28 19 24 5 23 33 31 37 9 8 6 18 38 16 21 39 
26 0 25 27 7 2 1 22 14 20 10 15 34 11 3 36 32 30 35 29 13 12 17 4 28 19 24 5 23 33 31 37 9 8 6 18 38 16 21 39 
16 9 24 38 13 25 29 3 31 39 7 11 0 19 34 10 1 28 26 2 33 8 27 18 21 17 4 32 5 15 30 20 6 12 14 23 22 35 36 37 
16 9 24 38 13 25 29 3 31 39 7 11 0 19 34 10 1 28 26 2 33 8 27 18 21 17 4 32 5 15 30 20 6 12 14 23 22 35 36 37 
7 18 1 38 13 36 2 4 29 0 24 26 17 6 28 8 39 21 25 22 15 5 30 9 20 11 34 16 37 12 32 14 35 27 33 19 31 23 10 3 
29 27 13 4 37 16 8 36 17 6 12 18 31 35 1 7 34 9 33 0 21 26 32 19 30 23 20 3 28 25 39 22 15 2 14 38 10 5 24 11 
29 27 13 4 37 16 8 36 17 6 12 18 31 35 1 7 34 9 33 0 21 26 32 19 30 23 20 3 28 25 39 22 15 2 14 38 10 5 24 11 
30 10 23 20 38 11 33 34 37 13 12 1 15 24 16 31 36 27 7 18 19 4 35 25 32 22 26 28 29 9 0 21 17 6 14 2 8 5 3 39 
30 10 23 20 38 11 33 34 37 13 12 1 15 24 16 31 36 27 7 18 19 4 35 25 32 22 26 28 29 9 0 21 17 6 14 2 8 5 3 39 
34 39 4 26 15 16 0 35 31 23 18 19 20 7 17 30 3 11 33 27 28 8 32 1 24 38 2 37 9 22 13 21 10 5 14 36 25 29 6 12 
18 15 20 13 34 3 7 0 4 12 27 39 17 6 5 19 32 35 1 10 37 38 28 21 9 14 30 11 25 2 33 23 22 26 8 31 29 16 24 36 
18 15 20 13 34 3 7 0 4 12 27 39 17 6 5 19 32 35 1 10 37 38 28 21 9 14 30 11 25 2 33 23 22 26 8 31 29 16 24 36 
19 4 8 35 22 5 24 20 34 36 26 25 14 13 28 21 32 15 7 6 39 12 1 3 30 11 33 16 27 18 38 2 17 29 9 37 31 10 23 0 
15 14 31 4 12 6 11 39 9 18 7 3 29 21 1 22 38 16 37 13 32 25 27 24 20 17 19 2 36 35 26 8 34 30 33 0 28 23 10 5 
33 2 8 13 32 21 39 35 29 28 27 26 36 24 18 16 23 20 9 15 22 10 19 38 14 12 31 3 7 25 5 4 1 30 37 17 6 34 11 0 
33 2 8 13 32 21 39 35 29 28 27 26 36 24 18 16 23 20 9 15 22 10 19 38 14 12 31 3 7 25 5 4 1 30 37 17 6 34 11 0 
12 31 25 15 13 2 20 10 17 9 19 8 27 34 5 23 24 37 38 18 28 7 30 39 32 33 3 11 0 35 6 16 22 14 1 26 4 21 29 36 
12 31 25 15 13 2 20 10 17 9 19 8 27 34 5 23 24 37 38 18 28 7 30 39 32 33 3 11 0 35 6 16 22 14 1 26 4 21 29 36 
26 36 22 2 15 18 24 16 11 17 35 28 3 34 33 25 4 29 23 5 10 7 32 8 27 31 6 30 9 13 21 20 12 14 19 1 38 39 0 37 
22 30 0 25 3 32 12 17 28 4 5 11 10 19 27 31 24 16 29 39 6 1 8 26 18 9 21 14 13 20 15 23 37 38 33 34 35 36 2 7 
16 15 14 22 12 31 4 27 21 1 8 34 19 33 3 10 0 36 23 26 35 30 28 9 2 18 38 7 5 39 25 17 6 32 11 20 13 24 29 37 
15 22 39 7 17 5 24 23 38 10 20 27 29 35 32 6 25 34 11 19 30 37 31 2 36 0 12 18 8 21 14 26 33 16 9 1 28 3 13 4 
15 22 39 7 17 5 24 23 38 10 20 27 29 35 32 6 25 34 11 19 30 37 31 2 36 0 12 18 8 21 14 26 33 16 9 1 28 3 13 4 
16 3 13 34 27 12 7 17 0 4 10 30 8 25 28 36 1 14 24 37 33 26 18 19 2 21 6 31 29 11 20 23 22 9 15 38 39 32 35 5 
32 27 12 8 0 31 28 1 20 16 17 9 30 14 23 21 2 10 3 15 29 33 4 22 5 37 24 7 6 11 19 13 18 39 25 35 26 34 36 38 
32 27 12 8 0 31 28 1 20 16 17 9 30 14 23 21 2 10 3 15 29 33 4 22 5 37 24 7 6 11 19 13 18 39 25 35 26 34 36 38 
35 17 3 18 12 0 26 32 14 25 7 5 11 4 29 34 21 39 28 27 31 8 23 10 30 15 20 13 38 16 22 6 19 1 37 2 36 33 24 9 
35 17 3 18 12 0 26 32 14 25 7 5 11 4 29 34 21 39 28 27 31 8 23 10 30 15 20 13 38 16 22 6 19 1 37 2 36 33 24 9 
20 13 32 6 4 12 23 21 36 14 15 2 35 7 0 19 9 18 31 25 1 28 11 5 34 30 33 3 22 26 8 27 29 24 38 10 16 37 17 39 
20 13 32 6 4 12 23 21 36 14 15 2 35 7 0 19 9 18 31 25 1 28 11 5 34 30 33 3 22 26 8 27 29 24 38 10 16 37 17 39 
34 14 30 12 19 37 17 5 6 15 24 8 36 39 1 27 9 16 10 23 33 22 38 32 11 3 29 2 20 21 28 35 25 18 31 7 4 26 13 0 
21 32 19 1 2 18 26 31 15 17 3 30 12 4 9 5 25 27 8 35 6 0 10 16 37 11 33 23 13 22 14 20 36 28 24 29 34 38 39 7 
13 11 29 25 33 3 20 36 26 8 31 10 23 30 16 38 6 37 12 32 22 15 21 0 9 19 5 35 17 27 7 4 28 18 39 24 2 34 14 1 
13 11 29 25 33 3 20 36 26 8 31 10 23 30 16 38 6 37 12 32 22 15 21 0 9 19 5 35 17 27 7 4 28 18 39 24 2 34 14 1 
17 12 35 23 37 19 5 29 31 36 34 11 22 20 39 15 10 18 24 3 32 27 30 7 16 28 4 38 25 2 21 14 1 9 13 8 6 0 33 26 
17 8 37 25 5 36 20 2 1 9 24 12 35 10 32 28 29 31 22 19 34 33 11 0 4 7 30 23 16 13 27 21 6 26 39 15 14 38 18 3 
24 14 32 6 9 28 0 39 20 22 18 13 35 26 21 38 11 7 17 33 5 25 16 1 2 37 30 4 29 36 15 34 3 19 12 31 8 27 10 23 
24 14 32 6 9 28 0 39 20 22 18 13 35 26 21 38 11 7 17 33 5 25 16 1 2 37 30 4 29 36 15 34 3 19 12 31 8 27 10 23 
16 35 0 4 19 2 29 10 1 38 23 20 13 26 14 11 30 21 34 5 33 3 37 18 6 8 27 28 17 31 25 36 7 12 32 15 9 24 22 39 
9 11 33 14 1 28 4 35 13 26 25 32 23 16 37 21 2 17 31 19 18 27 3 7 24 10 8 36 5 29 39 6 12 22 15 38 20 30 34 0 
9 11 33 14 1 28 4 35 13 26 25 32 23 16 37 21 2 17 31 19 18 27 3 7 24 10 8 36 5 29 39 6 12 22 15 38 20 30 34 0 
35 31 17 14 21 34 11 1 4 27 33 13 32 2 8 30 29 3 5 28 26 38 6 23 10 24 22 16 20 7 19 9 18 15 12 0 39 36 37 25 
1 35 39 7 27 2 38 3 21 36 4 11 5 14 31 25 6 26 8 9 10 37 19 34 12 13 15 28 16 17 18 32 20 22 23 24 29 30 33 0 
5 12 6 30 33 7 3 39 36 17 9 23 10 2 20 19 13 37 38 14 15 16 27 8 32 21 22 34 24 35 25 4 28 29 31 0 11 26 18 1 
5 12 6 30 33 7 3 39 36 17 9 23 10 2 20 19 13 37 38 14 15 16 27 8 32 21 22 34 24 35 25 4 28 29 31 0 11 26 18 1 
11 1 23 24 21 18 10 13 4 17 2 27 35 3 5 22 34 26 39 32 25 7 6 28 12 8 31 9 30 38 14 15 20 19 16 29 37 33 36 0 
11 1 23 24 21 18 10 13 4 17 2 27 35 3 5 22 34 26 39 32 25 7 6 28 12 8 31 9 30 38 14 15 20 19 16 29 37 33 36 0 
