30 38 9 12 6 21 10 32 31 13 7 25 15 39 37 8 16 23 19 36 4 33 35 22 11 1 2 17 34 18 29 28 14 27 24 20 0 3 26 5 
13 39 9 0 20 32 27 6 36 14 30 24 29 11 38 12 7 37 8 25 23 18 35 15 31 19 17 34 10 16 4 33 22 1 28 21 3 26 5 2 
8 14 32 18 4 3 9 6 13 20 38 22 35 33 0 24 28 29 10 21 17 26 11 16 25 37 31 1 15 19 36 23 2 27 34 30 5 12 7 39 
0 10 14 38 27 34 30 28 9 12 1 16 23 22 35 2 3 32 6 19 4 26 17 24 21 5 11 33 7 15 8 36 13 25 18 20 29 31 37 39 
10 28 8 9 34 23 38 12 14 24 0 1 11 5 25 19 32 36 37 15 21 18 29 35 26 2 17 4 22 33 3 16 13 39 6 7 30 20 27 31 
3 33 26 24 39 19 27 18 34 29 30 9 13 10 28 37 15 8 31 17 4 11 38 12 23 20 32 14 36 16 5 35 6 21 25 7 22 2 1 0 
26 35 27 30 22 21 12 4 2 11 20 24 18 34 10 1 16 8 7 15 14 19 9 33 5 3 0 32 38 25 31 28 17 6 37 23 36 29 13 39 
25 37 39 15 22 33 38 27 9 29 17 12 10 3 34 6 14 19 23 16 7 36 4 35 21 0 26 30 28 5 18 11 2 13 24 1 20 8 32 31 
7 15 23 35 39 2 29 6 10 0 24 18 33 26 3 28 38 17 11 5 16 8 37 21 20 9 30 4 36 22 31 34 32 13 27 14 25 19 12 1 
12 25 13 8 15 16 21 6 18 9 20 3 23 34 38 30 24 37 10 27 28 29 31 39 32 33 35 26 0 14 4 7 17 22 1 11 2 5 19 36 
11 23 22 4 8 26 12 1 5 2 3 39 15 16 19 35 33 21 6 18 28 9 24 29 13 7 30 34 31 10 14 37 25 0 20 27 38 32 36 17 
36 19 38 12 30 23 8 7 15 17 22 0 1 29 10 20 6 2 34 16 33 37 25 21 31 4 3 24 14 28 27 9 26 5 35 13 11 32 18 39 
10 2 18 26 3 13 11 7 25 15 30 23 17 33 4 35 5 1 32 36 22 37 8 21 9 19 31 12 14 27 0 20 24 29 28 6 38 39 16 34 
16 35 8 19 31 24 13 20 30 38 21 9 0 2 12 27 28 7 32 14 34 17 23 29 18 3 1 26 11 22 33 5 4 6 37 15 10 36 25 39 
34 6 7 15 21 11 16 8 2 1 33 23 4 18 13 10 32 9 19 25 31 20 0 35 12 29 14 27 28 30 24 3 22 26 5 39 37 17 36 38 
18 32 19 1 11 22 16 35 33 26 38 15 25 12 28 37 13 6 8 5 36 39 21 30 23 31 7 10 29 17 27 2 4 20 24 14 9 3 0 34 
18 32 19 1 11 22 16 35 33 26 38 15 25 12 28 37 13 6 8 5 36 39 21 30 23 31 7 10 29 17 27 2 4 20 24 14 9 3 0 34 
0 1 36 32 14 28 6 22 11 26 2 23 8 7 3 34 4 38 33 35 5 30 25 15 20 9 17 10 12 29 13 21 16 31 18 19 24 27 37 39 
4 38 29 32 5 26 33 9 35 3 7 13 34 8 37 39 10 27 28 18 11 19 12 23 25 14 24 31 15 21 16 17 20 6 30 36 0 2 1 22 
4 38 29 32 5 26 33 9 35 3 7 13 34 8 37 39 10 27 28 18 11 19 12 23 25 14 24 31 15 21 16 17 20 6 30 36 0 2 1 22 
27 12 29 38 3 2 16 8 15 5 36 17 33 6 39 13 7 25 31 20 18 21 9 32 28 34 24 37 10 22 26 11 14 4 23 19 35 0 30 1 
9 1 4 21 2 24 27 35 3 30 26 34 10 29 5 11 6 37 32 38 18 12 7 15 8 17 20 13 14 28 39 16 19 33 22 36 23 25 31 0 
11 22 23 27 31 17 5 3 25 7 30 33 35 26 34 1 6 24 8 16 20 4 19 13 10 18 32 29 12 14 2 0 28 21 37 15 39 9 38 36 
19 16 23 8 22 29 39 37 24 31 25 33 3 12 4 30 32 18 13 15 38 2 1 36 7 10 9 11 26 34 35 5 17 20 6 28 27 14 21 0 
19 16 23 8 22 29 39 37 24 31 25 33 3 12 4 30 32 18 13 15 38 2 1 36 7 10 9 11 26 34 35 5 17 20 6 28 27 14 21 0 
35 19 5 4 22 0 12 28 34 25 33 3 11 16 30 24 32 6 20 14 31 10 2 23 29 27 18 17 26 1 21 8 15 7 13 9 39 37 38 36 
33 18 9 3 24 21 28 26 11 27 4 36 37 31 7 13 15 25 39 34 22 16 5 12 20 6 32 14 30 38 8 10 1 23 19 29 2 0 35 17 
33 12 24 27 9 20 3 11 1 34 5 35 37 15 39 36 16 10 18 31 25 7 21 6 2 13 30 38 28 29 14 0 8 23 22 26 17 4 32 19 
33 12 24 27 9 20 3 11 1 34 5 35 37 15 39 36 16 10 18 31 25 7 21 6 2 13 30 38 28 29 14 0 8 23 22 26 17 4 32 19 
5 11 35 16 28 34 10 38 36 21 31 24 12 22 33 20 18 26 13 29 6 27 9 17 32 23 19 30 1 37 8 25 14 3 2 0 7 15 39 4 
26 0 34 36 19 17 38 10 12 22 7 2 4 1 3 33 30 32 37 18 14 27 5 35 24 16 9 6 23 31 25 8 15 20 11 21 29 13 28 39 
17 36 5 37 19 8 9 22 12 24 25 7 31 13 15 35 29 10 32 27 34 6 39 16 21 2 20 28 14 23 30 38 1 0 33 11 4 26 18 3 
17 36 5 37 19 8 9 22 12 24 25 7 31 13 15 35 29 10 32 27 34 6 39 16 21 2 20 28 14 23 30 38 1 0 33 11 4 26 18 3 
36 19 35 4 5 34 21 9 6 7 23 16 33 8 12 13 10 25 32 22 31 30 11 1 15 2 29 24 18 28 27 20 26 17 38 3 0 37 14 39 
4 26 38 5 6 22 35 33 34 21 7 29 16 8 18 9 10 37 13 36 11 32 12 28 27 14 31 39 15 20 17 19 23 25 24 30 0 2 1 3 
4 26 38 5 6 22 35 33 34 21 7 29 16 8 18 9 10 37 13 36 11 32 12 28 27 14 31 39 15 20 17 19 23 25 24 30 0 2 1 3 
32 10 23 25 31 37 6 18 29 3 28 20 5 27 14 2 26 17 33 8 22 7 21 13 19 16 11 36 12 24 4 1 0 35 38 30 9 34 15 39 
31 13 7 5 35 36 39 9 10 32 1 25 4 8 21 19 15 29 16 22 24 17 30 38 18 2 11 0 27 28 6 23 37 20 12 14 34 26 33 3 
16 28 14 32 0 24 31 29 1 6 9 38 2 15 22 26 3 7 8 4 35 33 5 23 10 20 11 13 12 19 34 17 18 21 25 30 27 36 37 39 
6 38 19 13 25 35 28 11 17 12 22 5 15 21 37 8 36 2 20 23 10 39 7 18 33 1 30 32 31 34 24 14 27 9 26 3 16 4 0 29 
23 22 33 4 35 3 34 21 9 25 16 8 5 19 14 38 12 20 36 18 6 28 30 29 15 37 7 27 24 31 10 13 39 11 1 26 32 2 17 0 
3 1 2 11 23 22 39 37 33 27 17 12 16 4 5 8 32 26 19 10 9 6 7 38 30 35 31 13 25 34 18 14 21 28 15 29 36 20 24 0 
38 32 14 20 28 19 25 39 6 3 10 27 24 37 8 4 22 35 16 18 34 29 13 9 12 21 7 17 2 36 31 33 26 15 5 23 11 30 0 1 
38 32 14 20 28 19 25 39 6 3 10 27 24 37 8 4 22 35 16 18 34 29 13 9 12 21 7 17 2 36 31 33 26 15 5 23 11 30 0 1 
4 9 32 34 10 22 15 11 5 8 21 31 19 27 14 17 36 35 16 7 6 26 23 30 12 39 37 25 28 29 13 38 18 24 2 33 0 20 1 3 
10 24 0 21 30 29 28 27 12 3 26 36 23 39 14 1 5 9 20 19 18 2 17 16 32 13 11 35 7 6 4 38 22 33 25 8 34 37 15 31 
20 32 31 24 30 35 0 14 23 4 12 29 21 27 26 34 6 18 3 33 1 19 17 2 10 28 8 15 13 9 5 11 36 22 38 7 16 37 25 39 
20 32 31 24 30 35 0 14 23 4 12 29 21 27 26 34 6 18 3 33 1 19 17 2 10 28 8 15 13 9 5 11 36 22 38 7 16 37 25 39 
33 23 19 18 5 9 37 35 11 0 30 36 2 21 34 6 27 12 14 16 26 1 13 32 24 22 4 31 17 28 10 25 7 8 39 29 15 38 20 3 
38 36 12 27 6 9 15 25 28 8 23 13 32 7 17 3 11 39 20 30 35 24 14 29 16 4 22 33 19 37 31 21 26 1 0 18 10 2 5 34 
8 22 19 13 14 33 2 34 0 3 26 11 1 32 16 7 4 39 30 5 21 38 28 10 6 17 9 29 12 25 36 23 15 18 20 35 24 27 31 37 
27 11 35 33 39 13 30 38 3 1 21 14 25 10 17 9 19 36 37 7 15 28 34 22 5 4 16 31 32 29 23 26 8 20 24 6 18 12 2 0 
27 11 35 33 39 13 30 38 3 1 21 14 25 10 17 9 19 36 37 7 15 28 34 22 5 4 16 31 32 29 23 26 8 20 24 6 18 12 2 0 
0 26 5 3 32 18 11 7 13 9 17 14 16 21 24 10 31 36 8 2 1 19 29 27 28 34 30 39 20 22 4 12 6 23 37 15 25 35 33 38 
0 26 5 3 32 18 11 7 13 9 17 14 16 21 24 10 31 36 8 2 1 19 29 27 28 34 30 39 20 22 4 12 6 23 37 15 25 35 33 38 
15 14 29 39 38 27 1 9 28 34 6 36 16 23 2 0 37 32 31 19 25 13 35 4 17 11 26 5 33 22 18 30 24 12 21 3 20 10 8 7 
3 24 35 4 26 20 34 7 14 10 31 0 17 36 37 38 18 25 9 21 6 29 12 28 27 19 32 30 39 13 8 16 11 22 33 15 23 5 2 1 
3 24 35 4 26 20 34 7 14 10 31 0 17 36 37 38 18 25 9 21 6 29 12 28 27 19 32 30 39 13 8 16 11 22 33 15 23 5 2 1 
10 17 26 23 11 5 9 29 24 20 14 2 38 16 28 27 18 3 0 37 22 12 30 21 6 33 36 8 35 1 4 13 19 34 32 7 31 25 15 39 
10 17 26 23 11 5 9 29 24 20 14 2 38 16 28 27 18 3 0 37 22 12 30 21 6 33 36 8 35 1 4 13 19 34 32 7 31 25 15 39 
0 3 26 19 23 30 18 21 32 17 28 24 6 33 4 35 12 14 10 22 1 11 7 39 25 15 13 8 34 29 2 16 5 36 27 9 20 38 31 37 
9 1 4 21 2 24 27 35 3 30 26 34 10 29 5 11 6 37 32 38 18 12 7 15 8 17 20 13 14 28 39 16 19 33 22 36 23 25 31 0 
25 1 2 10 29 23 20 38 12 21 34 18 17 9 3 33 4 15 19 28 11 5 22 0 30 32 39 7 8 36 26 35 13 37 14 6 24 27 31 16 
25 1 2 10 29 23 20 38 12 21 34 18 17 9 3 33 4 15 19 28 11 5 22 0 30 32 39 7 8 36 26 35 13 37 14 6 24 27 31 16 
21 15 25 23 9 12 7 37 5 3 30 22 36 14 26 1 35 2 34 33 4 11 20 18 16 19 32 8 31 29 6 0 28 27 24 13 17 10 39 38 
21 15 25 23 9 12 7 37 5 3 30 22 36 14 26 1 35 2 34 33 4 11 20 18 16 19 32 8 31 29 6 0 28 27 24 13 17 10 39 38 
4 8 30 9 19 28 34 13 25 33 5 1 36 38 29 7 10 21 18 20 11 22 37 26 12 14 31 23 15 39 16 32 17 6 27 35 0 3 2 24 
12 38 19 27 4 2 3 17 35 22 30 37 23 7 36 33 8 16 5 29 24 39 10 6 28 18 9 32 14 11 13 21 25 15 31 20 0 26 1 34 
24 32 12 17 18 28 2 20 0 29 6 7 36 25 30 33 26 21 31 15 8 23 38 4 1 11 34 14 13 19 16 37 3 22 35 39 5 10 9 27 
8 37 6 12 15 32 24 29 0 17 25 26 1 33 16 38 2 11 5 3 20 18 30 10 4 14 7 35 9 21 36 23 13 19 22 34 27 28 31 39 
11 5 3 8 15 1 17 9 35 33 19 23 25 31 10 28 21 38 12 18 26 6 29 30 32 34 2 16 39 20 4 13 22 7 37 14 36 27 24 0 
36 7 27 18 17 35 11 1 15 38 22 16 33 9 30 2 6 14 24 21 32 13 37 25 29 3 28 20 10 4 26 34 19 12 31 5 0 23 8 39 
36 7 27 18 17 35 11 1 15 38 22 16 33 9 30 2 6 14 24 21 32 13 37 25 29 3 28 20 10 4 26 34 19 12 31 5 0 23 8 39 
38 20 0 3 16 15 35 22 8 11 12 21 9 34 31 29 25 19 10 39 36 1 30 28 14 23 17 24 5 26 33 18 32 37 6 13 7 27 2 4 
8 23 21 9 32 10 4 20 12 39 37 0 14 17 34 24 28 7 30 2 18 3 26 13 25 36 27 31 15 19 35 5 1 11 33 29 6 22 16 38 
36 35 26 23 8 29 4 31 14 24 34 18 15 39 32 1 30 20 6 9 28 12 16 7 27 25 37 21 19 10 17 38 11 22 3 2 0 33 5 13 
30 19 4 16 11 12 29 27 28 33 13 24 14 31 7 6 38 36 0 20 21 8 23 17 15 32 34 18 37 1 2 5 35 22 26 3 25 10 9 39 
36 5 0 39 10 29 32 34 6 11 33 14 18 24 26 2 31 1 30 12 28 3 19 23 13 27 37 16 22 21 20 38 15 25 8 7 4 35 9 17 
36 5 0 39 10 29 32 34 6 11 33 14 18 24 26 2 31 1 30 12 28 3 19 23 13 27 37 16 22 21 20 38 15 25 8 7 4 35 9 17 
15 38 20 30 7 0 34 29 18 17 33 19 9 24 14 6 11 35 4 13 31 1 21 28 39 26 22 36 23 8 16 32 37 2 5 3 27 12 25 10 
15 37 18 24 30 16 13 0 29 12 21 19 23 10 36 6 27 28 20 32 33 38 14 31 9 1 3 34 7 2 22 4 39 8 25 5 35 11 26 17 
0 11 1 26 19 13 14 32 31 29 15 23 36 38 16 33 25 20 24 17 2 3 37 22 18 28 30 34 8 7 4 35 5 12 27 6 9 21 10 39 
33 30 3 4 11 16 29 0 22 10 6 14 21 28 27 38 17 9 23 13 31 7 24 20 2 12 39 18 35 1 19 5 15 37 32 34 25 8 36 26 
2 21 3 14 30 20 23 33 4 26 5 28 15 12 34 29 6 10 9 36 7 8 22 1 13 16 35 27 17 24 18 39 19 31 25 32 37 38 0 11 
36 35 26 4 9 29 7 23 15 10 34 19 17 12 33 1 32 28 38 8 30 14 18 13 27 25 37 22 21 31 16 39 6 20 3 2 0 24 5 11 
36 35 26 4 9 29 7 23 15 10 34 19 17 12 33 1 32 28 38 8 30 14 18 13 27 25 37 22 21 31 16 39 6 20 3 2 0 24 5 11 
33 22 17 13 14 38 20 27 1 16 18 29 6 21 11 24 2 34 23 37 28 36 30 0 4 35 10 26 5 3 12 19 8 32 9 31 15 25 39 7 
33 22 17 13 14 38 20 27 1 16 18 29 6 21 11 24 2 34 23 37 28 36 30 0 4 35 10 26 5 3 12 19 8 32 9 31 15 25 39 7 
5 1 2 13 29 19 15 22 37 25 34 6 3 26 4 11 24 27 12 7 16 8 21 32 36 31 9 10 14 28 30 38 33 17 18 0 23 35 39 20 
16 34 8 9 27 24 29 21 19 36 6 30 0 10 32 11 1 20 35 2 33 17 14 18 3 22 4 26 5 31 28 37 7 12 13 23 15 25 38 39 
6 36 25 19 29 23 7 16 8 26 35 5 20 27 34 10 22 3 28 30 12 11 17 14 15 33 0 32 4 13 31 39 37 1 18 9 24 38 2 21 
29 14 9 2 20 34 18 13 27 28 39 16 1 11 3 17 8 30 23 19 22 24 38 36 10 37 4 5 21 0 35 33 26 7 32 31 12 25 15 6 
29 14 9 2 20 34 18 13 27 28 39 16 1 11 3 17 8 30 23 19 22 24 38 36 10 37 4 5 21 0 35 33 26 7 32 31 12 25 15 6 
4 23 15 2 19 39 37 6 34 8 7 36 28 12 32 9 10 18 11 26 13 30 35 33 27 14 20 25 16 17 21 31 22 38 24 29 0 3 1 5 
10 6 7 23 34 35 11 22 24 17 0 21 3 5 13 33 31 32 36 18 20 14 28 19 4 1 9 26 27 30 2 16 15 25 8 12 38 29 37 39 
22 26 32 10 38 7 25 37 6 20 29 14 18 23 16 17 36 5 35 11 2 24 34 9 13 19 0 39 31 30 4 28 27 1 21 12 15 8 3 33 
22 26 32 10 38 7 25 37 6 20 29 14 18 23 16 17 36 5 35 11 2 24 34 9 13 19 0 39 31 30 4 28 27 1 21 12 15 8 3 33 
9 7 5 11 1 34 24 38 22 16 27 20 2 30 13 25 3 19 18 4 23 14 6 10 8 21 12 32 15 37 39 17 26 28 29 36 31 33 35 0 
13 29 24 3 1 33 30 12 37 23 17 8 31 27 21 38 19 15 39 10 25 6 2 18 34 35 16 5 4 36 11 7 26 0 14 28 20 22 32 9 
25 15 39 21 9 34 33 13 10 19 20 26 11 0 24 27 14 29 2 17 7 38 22 31 23 1 30 5 35 4 18 3 8 16 32 6 28 12 37 36 
