11 16 53 58 4 63 2 29 1 44 15 49 52 50 0 21 5 60 35 19 64 45 22 10 54 51 25 55 56 14 8 20 48 17 59 9 31 7 27 32 43 12 30 42 57 34 61 36 23 62 24 41 18 28 13 46 39 40 33 26 37 47 3 38 6 
33 39 41 28 1 19 23 20 25 55 4 38 61 58 17 10 45 8 9 31 5 24 53 32 42 63 56 3 0 54 36 62 11 15 59 43 44 46 12 50 22 18 57 40 52 60 7 37 51 26 14 21 34 30 16 49 27 48 35 2 47 29 6 13 64 
60 7 22 59 20 16 18 38 17 8 53 47 29 58 45 57 19 51 31 54 41 33 14 32 28 24 36 25 37 3 0 40 23 11 56 35 6 13 34 55 52 44 48 2 1 50 61 10 9 30 4 42 46 21 12 43 27 64 5 49 15 63 26 62 39 
13 34 5 8 53 58 25 33 54 39 21 49 1 17 42 57 16 24 30 47 35 44 7 9 10 56 45 18 12 11 63 31 60 2 20 51 0 19 38 37 50 48 29 26 22 46 36 23 62 4 41 28 3 40 55 27 52 14 61 64 43 15 59 32 6 
13 34 5 8 53 58 25 33 54 39 21 49 1 17 42 57 16 24 30 47 35 44 7 9 10 56 45 18 12 11 63 31 60 2 20 51 0 19 38 37 50 48 29 26 22 46 36 23 62 4 41 28 3 40 55 27 52 14 61 64 43 15 59 32 6 
10 38 1 52 2 28 22 58 33 35 18 24 23 62 42 47 19 51 5 8 15 56 49 3 9 12 21 20 0 6 36 61 14 17 44 57 53 7 48 60 32 40 26 46 11 29 39 13 59 31 50 16 55 25 37 43 27 54 30 34 4 45 63 64 41 
21 2 42 13 37 51 39 16 15 31 38 27 0 46 36 50 34 49 3 48 47 63 58 62 18 41 57 55 28 33 45 54 61 5 20 26 24 60 52 12 22 19 17 59 56 10 35 8 32 6 4 53 30 44 43 25 14 9 40 29 7 23 11 1 64 
9 53 42 2 29 48 54 55 58 22 64 36 52 60 19 5 16 26 46 47 18 43 35 28 23 6 59 17 11 57 63 0 62 37 4 30 39 41 12 50 10 49 32 25 61 13 34 44 1 15 56 24 38 33 51 20 27 21 45 8 40 3 31 7 14 
46 2 45 9 15 29 14 31 32 3 1 12 30 59 8 11 25 5 17 56 42 53 62 6 26 47 38 49 48 51 34 43 50 7 21 60 61 10 23 54 20 13 41 37 16 27 33 36 24 18 57 19 44 22 4 55 64 35 39 40 28 58 63 0 52 
46 2 45 9 15 29 14 31 32 3 1 12 30 59 8 11 25 5 17 56 42 53 62 6 26 47 38 49 48 51 34 43 50 7 21 60 61 10 23 54 20 13 41 37 16 27 33 36 24 18 57 19 44 22 4 55 64 35 39 40 28 58 63 0 52 
32 48 9 50 55 28 22 10 52 26 43 33 24 21 36 37 60 17 14 59 40 19 7 12 46 8 6 13 61 51 2 54 31 34 38 62 20 56 0 47 4 42 53 44 27 23 25 35 41 64 57 39 18 11 16 49 1 63 15 30 29 58 3 45 5 
13 18 23 62 38 36 21 55 16 57 28 47 50 14 39 43 7 45 0 64 4 2 24 33 46 54 1 27 44 37 53 25 22 34 60 8 48 51 29 31 17 20 63 5 3 42 56 11 52 9 15 35 6 58 12 30 32 19 10 49 59 40 26 61 41 
25 33 34 4 54 21 12 20 39 40 60 41 0 15 64 1 16 46 13 23 8 45 50 52 42 2 63 56 26 58 47 30 32 3 10 44 38 11 17 31 5 27 48 22 37 6 53 57 62 7 28 24 61 49 36 9 43 14 51 29 18 19 59 35 55 
56 14 5 11 7 30 47 45 43 63 36 60 1 37 40 21 8 20 9 17 59 62 22 41 19 12 31 0 4 29 51 61 42 32 25 55 27 58 53 13 44 38 28 57 16 23 2 50 54 52 46 49 18 10 48 34 33 39 35 15 6 26 64 3 24 
30 12 50 17 33 0 8 13 53 25 43 38 15 5 37 42 9 20 31 59 47 39 32 10 49 35 55 48 60 22 40 19 52 24 34 1 23 54 6 11 16 41 57 4 26 2 29 56 46 61 3 36 27 7 21 14 45 58 64 18 28 44 51 62 63 
55 19 2 53 35 38 34 10 37 60 23 33 28 4 25 32 12 49 50 17 29 47 14 40 61 58 48 20 13 18 57 5 42 41 44 8 21 56 3 7 0 31 43 27 9 54 51 45 15 16 26 52 22 64 62 36 11 30 24 63 1 59 46 39 6 
46 51 56 18 63 6 13 19 14 31 1 43 44 58 16 60 7 26 3 25 52 49 37 21 34 41 55 22 38 32 48 23 24 36 39 10 35 62 17 53 57 47 42 29 30 11 40 0 50 5 20 61 28 27 4 45 2 12 59 8 15 54 9 33 64 
36 10 20 8 57 50 21 49 7 31 48 13 16 14 47 6 44 17 62 58 1 43 5 63 18 41 23 45 28 24 52 38 37 25 19 35 34 61 27 29 12 32 54 26 60 15 30 42 4 51 2 59 55 56 46 39 3 11 53 40 9 33 22 0 64 
30 44 39 13 62 37 2 23 54 4 24 14 51 55 45 32 50 15 0 19 29 47 31 26 33 59 27 12 8 20 18 3 43 25 35 10 53 7 36 49 1 40 46 34 60 57 38 48 6 56 21 16 22 64 61 41 11 28 42 63 5 58 52 17 9 
0 5 59 56 35 1 36 55 50 41 18 58 48 2 20 14 46 47 17 3 42 9 4 57 32 31 6 44 63 24 28 62 29 12 49 7 45 22 52 8 27 34 10 19 51 11 30 43 61 23 13 39 15 16 37 21 38 53 26 25 33 40 54 60 64 
51 29 6 56 33 22 17 3 59 15 54 19 49 32 20 13 28 62 34 58 8 21 25 43 38 37 18 24 40 61 9 31 48 60 46 45 4 30 39 64 26 55 50 36 11 1 44 53 57 47 14 63 52 35 5 2 27 23 42 12 7 10 0 41 16 
51 29 6 56 33 22 17 3 59 15 54 19 49 32 20 13 28 62 34 58 8 21 25 43 38 37 18 24 40 61 9 31 48 60 46 45 4 30 39 64 26 55 50 36 11 1 44 53 57 47 14 63 52 35 5 2 27 23 42 12 7 10 0 41 16 
32 21 48 37 51 40 24 36 34 62 44 45 46 57 35 49 4 52 28 10 55 56 41 30 1 61 23 53 63 2 59 58 7 31 8 13 9 54 18 39 22 26 17 38 11 50 29 3 47 15 20 43 19 5 16 42 6 33 27 12 25 14 60 64 0 
56 54 62 46 37 6 24 55 58 50 7 47 5 34 21 60 22 9 19 51 10 11 1 29 4 14 48 53 57 15 25 35 16 42 32 17 44 40 36 12 59 20 41 23 61 26 43 27 2 30 31 18 28 39 45 49 52 63 33 0 8 38 3 13 64 
27 40 47 15 42 29 32 3 7 37 33 34 64 35 18 38 4 55 39 43 44 45 5 6 56 12 50 48 51 53 25 23 58 13 26 61 8 9 0 2 11 46 17 20 16 28 24 41 62 31 59 19 10 22 49 57 1 63 36 52 30 60 14 54 21 
27 40 47 15 42 29 32 3 7 37 33 34 64 35 18 38 4 55 39 43 44 45 5 6 56 12 50 48 51 53 25 23 58 13 26 61 8 9 0 2 11 46 17 20 16 28 24 41 62 31 59 19 10 22 49 57 1 63 36 52 30 60 14 54 21 
37 9 52 20 17 19 21 51 8 1 45 30 10 48 50 11 59 57 55 33 44 56 25 42 7 28 18 46 39 6 40 38 54 16 36 34 32 2 61 26 15 49 0 47 24 62 27 14 13 41 5 4 63 31 29 58 43 12 22 64 35 23 60 53 3 
45 57 36 54 42 0 58 61 1 10 59 2 22 38 23 37 19 31 25 30 3 43 64 53 62 4 12 5 63 6 28 34 15 48 44 7 52 20 8 18 17 9 60 26 47 11 13 14 21 40 16 46 39 24 49 27 29 32 35 33 41 50 51 55 56 
45 57 36 54 42 0 58 61 1 10 59 2 22 38 23 37 19 31 25 30 3 43 64 53 62 4 12 5 63 6 28 34 15 48 44 7 52 20 8 18 17 9 60 26 47 11 13 14 21 40 16 46 39 24 49 27 29 32 35 33 41 50 51 55 56 
2 41 63 52 40 56 4 20 55 45 35 62 29 32 9 15 24 53 12 44 10 47 38 61 49 50 42 48 57 23 18 37 16 13 33 43 31 22 60 3 26 36 19 25 59 30 28 58 14 21 17 54 5 8 64 6 46 0 39 34 11 1 27 7 51 
46 21 35 5 14 1 2 15 28 18 40 33 64 44 53 3 48 52 13 63 25 16 19 24 37 38 11 7 34 50 12 49 61 45 10 4 30 36 60 23 6 42 62 31 47 8 20 32 29 27 9 59 51 17 57 22 56 54 58 26 39 41 43 55 0 
3 48 60 12 22 46 45 30 63 26 62 57 17 4 56 40 37 39 28 1 18 44 27 55 38 34 23 25 19 54 42 53 61 24 15 21 59 50 49 6 13 11 2 29 47 8 58 41 36 64 51 32 9 31 43 10 16 52 7 5 33 35 14 20 0 
62 37 22 39 64 40 10 1 25 33 55 15 9 60 8 48 38 50 3 24 31 36 61 2 13 58 18 6 0 27 44 17 51 14 19 21 5 7 41 57 35 43 52 16 11 56 23 49 32 29 42 12 54 20 30 53 45 47 26 28 46 34 59 63 4 
53 26 39 4 63 41 33 43 28 11 57 2 1 18 37 23 22 36 64 21 55 40 5 59 7 30 24 47 62 6 9 25 51 52 12 17 20 29 8 42 49 10 48 15 56 60 31 13 46 44 35 50 3 16 32 58 19 27 38 34 54 45 61 0 14 
30 62 25 23 18 28 6 33 26 61 22 34 51 19 14 17 27 15 56 46 40 10 21 43 0 7 5 4 20 50 52 35 63 59 49 55 60 57 58 41 38 36 16 29 9 12 8 32 48 53 44 47 13 2 54 37 45 39 31 3 1 24 42 64 11 
44 32 59 48 34 24 63 31 9 8 21 57 62 53 11 29 1 0 13 58 54 14 35 52 26 39 28 46 55 19 50 45 60 2 27 47 4 17 43 40 64 3 49 20 38 12 25 37 30 5 36 33 18 6 51 22 16 7 15 10 61 23 41 42 56 
21 5 20 3 63 1 32 12 17 8 60 46 41 29 15 18 38 52 14 9 2 47 24 35 23 40 58 28 22 4 53 55 19 13 10 6 33 26 37 57 42 45 27 34 62 7 51 11 49 36 16 43 54 25 56 30 31 59 61 39 44 48 50 64 0 
5 7 11 41 4 34 62 30 28 37 8 0 32 24 43 27 52 12 50 35 1 58 42 49 46 53 29 44 59 31 57 60 54 14 16 2 61 9 3 45 51 19 64 40 23 26 18 6 48 22 10 17 33 38 36 13 15 56 25 20 21 55 39 47 63 
34 35 28 51 54 37 58 2 39 48 5 56 0 42 32 17 36 46 18 33 24 40 8 45 7 59 60 61 6 16 23 53 10 4 31 12 9 30 49 21 41 26 13 15 25 52 57 43 47 11 20 1 50 63 27 29 14 22 3 62 64 44 38 19 55 
52 43 29 56 15 50 40 33 27 49 36 32 0 48 12 20 9 14 62 64 3 63 39 44 55 41 38 10 54 18 35 19 61 21 45 30 4 28 5 26 46 24 60 59 17 16 22 37 42 47 6 2 1 58 57 34 11 23 8 53 25 51 31 13 7 
38 35 7 40 18 48 8 50 22 42 58 29 37 64 52 27 56 23 24 41 62 17 2 10 33 4 44 31 32 12 54 46 6 5 14 28 34 16 61 63 59 51 15 45 20 9 0 26 25 13 57 39 60 43 21 19 53 30 1 11 49 55 36 47 3 
12 54 17 9 5 41 37 33 40 45 38 8 14 31 57 10 60 51 63 47 11 29 62 56 55 59 36 23 64 42 2 18 20 39 19 15 0 24 21 61 22 34 28 58 48 50 46 25 30 13 27 43 53 3 52 35 44 26 6 4 16 7 32 49 1 
38 52 59 11 37 3 48 41 7 50 31 46 54 64 21 27 10 4 29 1 6 58 62 23 39 8 20 43 35 9 17 2 16 42 26 13 24 40 33 63 60 14 5 53 49 18 28 19 12 25 30 15 61 34 47 36 44 45 22 55 56 57 0 51 32 
14 29 63 4 49 5 45 10 26 16 12 22 55 51 43 44 7 38 21 25 52 32 53 62 34 6 1 39 42 30 36 0 61 58 11 13 20 31 41 37 24 15 50 60 59 17 9 57 2 48 23 56 8 28 54 33 47 35 46 40 64 3 19 18 27 
57 24 12 50 26 13 28 39 6 47 20 59 48 55 41 2 53 32 43 61 16 38 62 17 30 51 27 8 54 19 21 31 9 46 35 23 7 29 52 44 3 0 58 15 37 40 18 45 64 33 56 60 14 1 34 10 22 4 49 5 36 11 25 42 63 
31 59 12 10 33 6 52 15 0 32 34 58 30 23 8 48 7 57 4 13 36 42 24 21 5 46 37 1 47 56 51 17 35 55 25 18 29 63 53 45 28 50 19 14 41 22 2 49 27 44 38 62 26 40 20 54 16 11 61 3 39 60 9 43 64 
33 21 15 13 47 37 6 50 49 34 27 62 42 41 61 43 9 26 51 54 46 1 58 20 39 18 56 35 7 60 12 59 22 38 24 4 29 2 57 16 19 55 36 3 45 40 11 53 52 17 10 5 31 48 8 25 44 32 14 30 63 23 0 64 28 
19 28 49 43 8 64 15 31 12 23 47 36 5 25 54 11 37 16 13 18 45 59 44 6 40 33 56 21 58 22 38 10 35 57 24 63 61 46 2 50 26 30 32 52 9 62 39 41 20 48 60 14 27 55 29 53 3 7 42 51 34 17 4 1 0 
6 49 54 63 16 18 45 23 35 28 42 62 37 39 30 47 3 20 8 46 22 55 59 13 33 25 31 17 5 29 58 12 51 34 61 36 44 56 60 10 24 41 19 40 26 52 38 57 15 0 2 48 21 11 9 43 53 1 27 50 7 4 32 14 64 
6 49 54 63 16 18 45 23 35 28 42 62 37 39 30 47 3 20 8 46 22 55 59 13 33 25 31 17 5 29 58 12 51 34 61 36 44 56 60 10 24 41 19 40 26 52 38 57 15 0 2 48 21 11 9 43 53 1 27 50 7 4 32 14 64 
39 28 18 38 24 26 34 43 9 4 36 21 13 0 1 35 48 17 63 2 15 60 22 32 12 8 3 53 7 5 16 6 46 59 23 56 29 20 51 10 64 44 11 57 58 30 42 14 19 54 49 37 25 27 52 45 31 50 55 33 62 40 41 47 61 
8 54 7 56 3 16 64 51 59 25 33 30 10 27 49 31 55 47 11 57 63 22 14 45 35 38 6 29 1 17 9 4 15 21 42 36 18 13 26 48 19 32 52 50 40 20 62 37 5 41 61 24 34 46 39 28 60 0 44 23 58 2 53 12 43 
28 41 31 32 45 53 59 10 19 17 39 13 6 36 15 38 51 33 62 24 3 0 47 49 12 14 26 34 56 22 46 23 1 18 64 43 25 42 30 5 8 2 57 4 37 35 63 52 54 40 16 11 20 7 9 60 44 21 48 27 58 29 50 55 61 
49 32 43 20 33 25 59 45 55 0 15 51 19 44 22 16 17 1 52 48 35 56 23 2 31 39 62 13 11 42 27 36 6 3 46 57 26 4 38 28 40 5 34 50 7 14 41 24 9 8 54 10 61 12 30 47 60 18 21 29 64 37 53 58 63 
8 33 22 47 14 53 63 16 3 0 40 37 42 11 28 51 57 1 52 21 6 2 54 4 30 18 38 41 48 25 56 12 5 7 32 44 35 9 17 27 43 10 49 13 15 36 24 58 29 19 31 20 59 23 26 62 46 34 39 45 61 50 55 60 64 
30 45 18 19 59 0 47 3 35 6 49 43 15 7 36 1 44 20 17 9 2 61 63 31 25 37 53 54 14 4 50 24 39 28 41 5 11 16 29 21 8 42 23 58 60 10 48 12 51 56 13 33 34 22 55 26 27 52 57 32 38 40 46 62 64 
41 3 9 15 19 13 18 44 23 52 28 45 60 21 2 16 58 49 32 42 38 64 46 47 48 17 4 30 8 63 1 36 62 7 29 26 22 37 24 40 33 34 14 61 27 43 57 59 6 11 53 5 12 56 55 10 54 31 20 51 25 50 39 35 0 
40 34 58 63 43 53 47 62 23 46 15 2 36 16 59 35 54 3 38 51 25 32 7 19 18 13 22 6 28 4 0 57 50 8 61 42 60 30 9 33 14 10 44 17 45 31 20 11 52 12 27 1 21 26 39 5 37 41 24 49 29 56 64 48 55 
40 34 58 63 43 53 47 62 23 46 15 2 36 16 59 35 54 3 38 51 25 32 7 19 18 13 22 6 28 4 0 57 50 8 61 42 60 30 9 33 14 10 44 17 45 31 20 11 52 12 27 1 21 26 39 5 37 41 24 49 29 56 64 48 55 
50 26 22 36 41 10 5 63 32 58 29 4 57 62 6 39 28 14 23 46 56 19 8 35 40 16 61 48 7 42 27 9 51 53 3 21 60 49 12 59 15 30 25 43 1 34 33 17 18 45 47 38 55 54 13 0 31 20 11 52 2 44 37 24 64 
51 25 21 54 5 23 12 8 45 58 7 47 6 33 42 29 19 14 48 55 32 27 13 36 31 1 22 2 60 41 43 64 15 53 44 49 17 52 30 63 57 24 38 50 0 4 9 16 62 37 28 35 61 46 34 10 20 11 3 40 26 39 18 59 56 
13 34 49 5 21 58 10 57 64 38 27 35 36 16 55 54 32 22 19 20 53 1 31 7 8 52 44 63 15 50 61 47 42 2 11 46 45 12 4 30 43 41 39 3 18 40 62 33 29 6 28 24 0 26 14 25 23 17 59 60 51 37 56 48 9 
45 48 20 50 22 37 43 15 26 64 23 34 46 21 5 59 27 63 53 12 29 44 33 62 24 18 54 38 56 13 35 6 39 28 31 7 32 61 2 49 52 60 19 16 58 42 8 36 10 57 11 55 17 51 41 14 3 47 40 30 0 25 9 4 1 
45 48 20 50 22 37 43 15 26 64 23 34 46 21 5 59 27 63 53 12 29 44 33 62 24 18 54 38 56 13 35 6 39 28 31 7 32 61 2 49 52 60 19 16 58 42 8 36 10 57 11 55 17 51 41 14 3 47 40 30 0 25 9 4 1 
1 20 62 25 51 55 36 39 10 13 26 41 19 34 4 43 15 5 64 56 9 63 17 59 48 21 45 16 28 30 23 6 44 40 50 47 12 29 14 2 22 8 52 61 57 37 33 54 11 18 32 53 3 27 60 7 46 35 42 38 24 58 0 49 31 
13 16 1 2 57 47 45 37 35 19 5 25 33 51 53 30 11 43 32 20 42 6 15 3 54 40 24 58 63 36 17 48 52 29 4 28 10 39 50 34 62 21 41 9 7 14 49 8 27 64 60 12 0 46 26 31 22 61 23 38 56 59 44 55 18 
13 16 1 2 57 47 45 37 35 19 5 25 33 51 53 30 11 43 32 20 42 6 15 3 54 40 24 58 63 36 17 48 52 29 4 28 10 39 50 34 62 21 41 9 7 14 49 8 27 64 60 12 0 46 26 31 22 61 23 38 56 59 44 55 18 
2 53 0 12 26 15 3 57 48 34 28 23 61 37 24 43 30 50 46 40 39 1 64 4 51 19 25 9 17 5 16 38 6 45 27 32 54 7 49 11 22 41 20 8 10 52 29 13 18 35 60 14 33 21 31 44 36 58 42 47 59 55 56 62 63 
46 2 45 9 15 29 14 31 32 3 1 12 30 59 8 11 25 5 17 56 42 53 62 6 26 47 38 49 48 51 34 43 50 7 21 60 61 10 23 54 20 13 41 37 16 27 33 36 24 18 57 19 44 22 4 55 64 35 39 40 28 58 63 0 52 
46 2 45 9 15 29 14 31 32 3 1 12 30 59 8 11 25 5 17 56 42 53 62 6 26 47 38 49 48 51 34 43 50 7 21 60 61 10 23 54 20 13 41 37 16 27 33 36 24 18 57 19 44 22 4 55 64 35 39 40 28 58 63 0 52 
7 22 43 50 41 18 42 60 9 15 27 5 33 44 19 36 37 6 40 25 51 53 38 64 8 61 31 48 26 10 54 59 20 45 30 34 56 24 11 14 2 13 52 32 63 57 23 16 55 17 3 62 35 28 0 47 39 46 58 49 12 4 29 21 1 
39 41 6 0 1 27 29 55 59 56 51 9 35 2 7 32 46 33 12 58 36 3 18 14 53 42 4 57 15 45 64 38 5 21 8 52 44 48 20 10 63 11 49 13 25 23 47 28 22 37 43 31 16 17 19 40 60 24 62 26 61 30 34 50 54 
39 41 6 0 1 27 29 55 59 56 51 9 35 2 7 32 46 33 12 58 36 3 18 14 53 42 4 57 15 45 64 38 5 21 8 52 44 48 20 10 63 11 49 13 25 23 47 28 22 37 43 31 16 17 19 40 60 24 62 26 61 30 34 50 54 
2 49 0 30 32 14 39 29 43 1 40 46 61 35 22 5 19 3 38 7 44 52 50 4 58 55 25 63 34 6 16 36 45 31 60 24 59 8 21 11 12 9 15 37 10 48 62 13 18 17 56 20 27 23 64 33 26 28 41 42 53 47 51 54 57 
18 55 8 38 4 42 46 40 54 25 21 31 17 23 6 37 30 53 16 43 11 28 14 12 57 63 7 50 45 49 15 44 60 47 9 20 19 56 64 41 3 35 13 58 27 61 32 29 22 26 36 39 24 2 51 59 62 48 1 10 34 33 52 0 5 
6 45 61 27 44 60 52 30 53 59 51 35 38 36 32 43 48 58 28 63 56 25 24 55 39 54 46 37 2 50 49 14 3 16 42 47 64 40 8 10 18 34 57 4 31 29 17 26 22 23 21 20 12 19 5 15 13 11 9 7 1 0 62 33 41 
6 45 61 27 44 60 52 30 53 59 51 35 38 36 32 43 48 58 28 63 56 25 24 55 39 54 46 37 2 50 49 14 3 16 42 47 64 40 8 10 18 34 57 4 31 29 17 26 22 23 21 20 12 19 5 15 13 11 9 7 1 0 62 33 41 
61 63 52 48 16 47 53 19 55 40 33 17 25 26 30 44 3 62 54 38 20 60 56 11 4 8 34 46 45 59 51 12 58 57 28 27 32 15 31 43 21 50 10 49 22 9 29 42 18 41 1 36 35 39 37 14 24 23 6 13 2 7 5 0 64 
61 63 52 48 16 47 53 19 55 40 33 17 25 26 30 44 3 62 54 38 20 60 56 11 4 8 34 46 45 59 51 12 58 57 28 27 32 15 31 43 21 50 10 49 22 9 29 42 18 41 1 36 35 39 37 14 24 23 6 13 2 7 5 0 64 
15 47 25 51 8 33 0 14 45 44 1 9 31 4 26 41 24 43 38 39 22 35 23 42 20 55 28 37 13 11 19 46 2 34 49 3 32 29 17 7 18 27 12 5 21 54 10 50 16 63 6 60 40 57 30 36 61 62 56 48 52 59 53 58 64 
45 61 47 18 22 42 57 34 37 4 23 55 6 39 24 0 62 36 38 33 13 28 26 7 49 31 30 59 11 52 48 3 63 56 35 17 8 10 46 15 1 14 12 60 19 2 53 41 16 51 44 25 32 27 58 5 20 43 50 54 9 21 40 29 64 
51 8 57 61 32 17 56 58 1 53 13 52 10 16 9 60 49 48 30 39 2 0 14 47 7 27 40 34 46 45 15 42 38 20 59 31 50 41 37 25 55 35 19 3 33 54 5 28 23 26 6 24 64 21 4 43 12 11 63 44 22 18 36 29 62 
11 13 58 10 1 61 18 35 6 34 8 47 17 32 7 38 0 60 15 45 22 44 51 26 4 59 24 43 55 39 41 46 33 27 23 57 3 2 30 63 9 54 25 21 49 53 20 14 29 52 50 5 62 42 37 40 19 36 12 31 28 16 64 48 56 
7 32 15 3 41 52 31 56 10 9 17 29 13 11 22 12 49 64 35 6 48 38 26 57 43 16 37 50 4 45 19 61 47 63 5 39 46 21 58 23 24 62 18 1 44 28 33 25 55 60 8 36 40 59 2 51 34 54 0 53 27 42 30 20 14 
7 32 15 3 41 52 31 56 10 9 17 29 13 11 22 12 49 64 35 6 48 38 26 57 43 16 37 50 4 45 19 61 47 63 5 39 46 21 58 23 24 62 18 1 44 28 33 25 55 60 8 36 40 59 2 51 34 54 0 53 27 42 30 20 14 
30 20 0 39 7 1 59 48 22 34 49 23 35 6 13 2 50 52 44 54 3 61 55 4 57 32 47 29 15 5 8 51 37 41 16 9 31 10 45 18 11 38 42 60 12 14 64 17 40 26 19 21 33 24 56 25 27 53 28 36 43 46 58 62 63 
50 36 5 51 23 21 35 55 46 13 41 38 2 29 14 0 34 27 18 9 8 40 32 45 6 37 20 44 42 61 11 58 4 12 43 52 49 28 16 63 1 59 22 10 24 3 19 57 53 26 31 62 60 48 17 7 47 39 56 30 15 25 64 33 54 
43 25 14 37 35 58 13 53 50 57 63 5 29 20 51 3 45 55 52 7 31 12 60 49 1 48 26 39 11 9 47 16 36 46 8 44 34 42 15 38 6 41 18 24 40 33 21 19 27 32 30 28 17 23 62 10 56 2 0 64 59 22 61 54 4 
26 37 53 12 64 39 42 2 17 51 35 50 47 0 49 31 4 48 30 60 9 27 34 45 3 59 1 58 52 40 24 38 16 10 22 14 7 36 33 5 8 32 57 62 25 55 54 20 19 18 28 13 6 11 61 44 46 41 23 15 29 21 43 56 63 
16 2 57 50 28 49 59 26 11 39 36 55 31 52 30 45 34 44 1 47 3 63 27 53 42 38 21 14 0 17 10 15 62 6 35 33 56 13 46 40 24 23 29 61 41 18 32 37 22 7 5 25 12 60 58 48 8 19 64 51 9 43 20 4 54 
16 2 57 50 28 49 59 26 11 39 36 55 31 52 30 45 34 44 1 47 3 63 27 53 42 38 21 14 0 17 10 15 62 6 35 33 56 13 46 40 24 23 29 61 41 18 32 37 22 7 5 25 12 60 58 48 8 19 64 51 9 43 20 4 54 
9 8 41 40 21 27 44 57 20 37 59 14 56 61 36 30 4 32 48 39 55 22 6 26 47 38 13 29 24 18 5 60 53 15 12 52 49 7 31 58 64 0 16 46 54 11 63 42 45 28 34 17 43 1 25 23 19 2 50 3 62 10 33 35 51 
9 8 41 40 21 27 44 57 20 37 59 14 56 61 36 30 4 32 48 39 55 22 6 26 47 38 13 29 24 18 5 60 53 15 12 52 49 7 31 58 64 0 16 46 54 11 63 42 45 28 34 17 43 1 25 23 19 2 50 3 62 10 33 35 51 
30 9 31 1 57 6 42 45 23 2 8 37 10 24 44 21 59 56 4 53 32 12 43 48 11 41 29 3 63 54 28 33 15 20 5 17 27 7 14 50 47 52 46 22 35 25 13 51 62 40 34 16 36 39 49 55 19 18 26 64 0 58 61 60 38 
0 8 45 4 1 60 2 42 59 20 26 12 7 50 52 58 38 14 17 55 36 46 16 5 23 29 27 57 11 19 33 47 63 21 10 54 25 39 24 37 53 28 48 32 6 51 49 31 30 35 44 9 3 43 62 40 61 64 15 18 13 56 34 41 22 
43 31 9 35 30 3 4 41 62 26 40 55 56 53 49 16 48 19 0 64 24 15 18 13 32 38 51 60 28 47 42 8 1 63 6 10 17 54 44 39 33 37 61 27 23 11 57 29 20 59 12 45 21 14 2 25 5 58 34 46 50 52 7 36 22 
54 9 16 27 45 10 6 28 49 1 47 20 43 53 13 38 50 14 18 64 35 26 62 24 32 15 29 41 5 60 56 19 11 22 55 23 52 2 39 40 8 31 63 51 46 33 12 58 36 37 42 3 7 57 34 61 44 4 17 30 59 21 0 48 25 
19 51 12 26 1 59 38 0 29 32 30 58 33 8 41 34 46 23 53 36 57 4 43 17 9 56 11 44 54 55 35 61 47 31 49 50 2 63 45 14 64 40 5 7 27 39 16 37 48 10 25 60 21 22 13 20 18 15 52 3 62 28 6 24 42 
19 51 12 26 1 59 38 0 29 32 30 58 33 8 41 34 46 23 53 36 57 4 43 17 9 56 11 44 54 55 35 61 47 31 49 50 2 63 45 14 64 40 5 7 27 39 16 37 48 10 25 60 21 22 13 20 18 15 52 3 62 28 6 24 42 
58 61 28 45 50 29 21 4 35 32 3 34 24 41 1 11 27 40 49 53 42 55 15 44 16 47 30 18 26 54 56 33 51 60 20 63 7 0 5 13 19 10 38 43 22 25 46 37 6 57 62 2 31 17 14 59 9 39 8 52 48 12 36 23 64 
