3 2 8 0 6 7 1 4 5 9 
3 2 8 0 6 7 1 4 5 9 
3 2 8 0 6 7 1 4 5 9 
3 2 8 0 6 7 1 4 5 9 
3 2 8 0 6 7 1 4 5 9 
3 2 8 0 6 7 1 4 5 9 
3 2 8 0 6 7 1 4 5 9 
3 2 8 0 6 7 1 4 5 9 
3 2 8 0 6 7 1 4 5 9 
3 2 8 0 6 7 1 4 5 9 
3 2 8 0 6 7 1 4 5 9 
3 2 8 0 6 7 1 4 5 9 
3 2 8 0 6 7 1 4 5 9 
3 2 8 0 6 7 1 4 5 9 
9 5 4 1 7 0 6 8 2 3 
9 5 4 1 7 0 6 8 2 3 
9 5 4 1 7 0 6 8 2 3 
9 5 4 1 7 0 6 8 2 3 
9 5 4 1 7 0 6 8 2 3 
9 5 4 1 7 0 6 8 2 3 
9 5 4 1 7 0 6 8 2 3 
9 5 4 1 7 0 6 8 2 3 
9 5 4 1 7 0 6 8 2 3 
9 5 4 1 7 0 6 8 2 3 
9 5 4 1 7 0 6 8 2 3 
9 5 4 1 7 0 6 8 2 3 
9 5 4 1 7 0 6 8 2 3 
9 5 4 1 7 0 6 8 2 3 
9 5 4 1 7 0 6 8 2 3 
9 5 4 1 7 0 6 8 2 3 
9 5 4 1 7 0 6 8 2 3 
9 5 4 1 7 0 6 8 2 3 
9 5 4 1 7 0 6 8 2 3 
9 5 4 1 7 0 6 8 2 3 
9 5 4 1 7 0 6 8 2 3 
9 5 4 1 7 0 6 8 2 3 
9 5 4 1 7 0 6 8 2 3 
9 5 4 1 7 0 6 8 2 3 
9 5 4 1 7 0 6 8 2 3 
9 5 4 1 7 0 6 8 2 3 
9 5 4 1 7 0 6 8 2 3 
9 5 4 1 7 0 6 8 2 3 
9 5 4 1 7 0 6 8 2 3 
9 5 4 1 7 0 6 8 2 3 
9 5 4 1 7 0 6 8 2 3 
9 5 4 1 7 0 6 8 2 3 
9 5 4 1 7 0 6 8 2 3 
9 5 4 1 7 0 6 8 2 3 
9 5 4 1 7 0 6 8 2 3 
9 5 4 1 7 0 6 8 2 3 
9 5 4 1 7 0 6 8 2 3 
9 5 4 1 7 0 6 8 2 3 
9 5 4 1 7 0 6 8 2 3 
9 5 4 1 7 0 6 8 2 3 
9 5 4 1 7 0 6 8 2 3 
9 5 4 1 7 0 6 8 2 3 
9 5 4 1 7 0 6 8 2 3 
9 5 4 1 7 0 6 8 2 3 
9 5 4 1 7 0 6 8 2 3 
9 5 4 1 7 0 6 8 2 3 
9 5 4 1 7 0 6 8 2 3 
9 5 4 1 7 0 6 8 2 3 
9 5 4 1 7 0 6 8 2 3 
9 5 4 1 7 0 6 8 2 3 
9 5 4 1 7 0 6 8 2 3 
9 5 4 1 7 0 6 8 2 3 
9 5 4 1 7 0 6 8 2 3 
9 5 4 1 7 0 6 8 2 3 
9 5 4 1 7 0 6 8 2 3 
9 5 4 1 7 0 6 8 2 3 
9 5 4 1 7 0 6 8 2 3 
9 5 4 1 7 0 6 8 2 3 
9 5 4 1 7 0 6 8 2 3 
9 5 4 1 7 0 6 8 2 3 
9 5 4 1 7 0 6 8 2 3 
9 5 4 1 7 0 6 8 2 3 
9 5 4 1 7 0 6 8 2 3 
9 5 4 1 7 0 6 8 2 3 
9 5 4 1 7 0 6 8 2 3 
9 5 4 1 7 0 6 8 2 3 
9 5 4 1 7 0 6 8 2 3 
9 5 4 1 7 0 6 8 2 3 
9 5 4 1 7 0 6 8 2 3 
9 5 4 1 7 0 6 8 2 3 
9 5 4 1 7 0 6 8 2 3 
9 5 4 1 7 0 6 8 2 3 
9 5 4 1 7 0 6 8 2 3 
9 5 4 1 7 0 6 8 2 3 
9 5 4 1 7 0 6 8 2 3 
9 5 4 1 7 0 6 8 2 3 
9 5 4 1 7 0 6 8 2 3 
9 5 4 1 7 0 6 8 2 3 
9 5 4 1 7 0 6 8 2 3 
9 5 4 1 7 0 6 8 2 3 
9 5 4 1 7 0 6 8 2 3 
9 5 4 1 7 0 6 8 2 3 
9 5 4 1 7 0 6 8 2 3 
9 5 4 1 7 0 6 8 2 3 
9 5 4 1 7 0 6 8 2 3 
9 5 4 1 7 0 6 8 2 3 
