98 24 39 50 72 76 91 12 47 95 8 18 11 38 69 0 33 60 83 84 55 49 80 42 7 3 44 9 67 35 36 94 77 51 6 22 2 32 93 75 34 90 41 25 58 53 40 99 13 62 73 23 26 45 66 16 56 61 79 28 88 81 29 96 20 27 82 64 86 57 19 10 14 5 97 78 54 30 68 59 37 74 89 1 92 46 65 87 17 4 71 43 15 52 85 31 70 48 21 63 
46 37 66 8 74 96 44 20 59 31 52 70 81 24 95 29 25 35 72 11 6 79 19 18 48 63 38 42 67 17 55 49 40 33 4 26 65 1 86 88 82 30 43 64 45 54 15 98 85 89 93 28 51 91 13 2 62 92 57 41 12 47 90 75 23 3 78 10 21 69 60 80 83 36 68 87 97 32 14 5 34 77 58 56 39 7 71 22 94 50 73 9 84 16 76 27 61 53 0 99 
2 53 7 98 24 56 67 49 41 45 60 97 33 18 19 58 40 20 14 78 29 32 38 59 17 74 28 86 96 94 88 87 46 83 77 3 35 55 73 85 36 21 26 91 9 93 64 5 4 27 6 13 51 39 81 16 70 44 80 34 62 72 43 61 95 76 89 57 68 48 71 52 15 23 8 10 92 66 37 65 11 79 90 75 31 47 42 12 84 69 22 82 63 99 50 25 30 1 0 54 
62 22 88 16 48 29 39 20 10 73 26 91 27 68 78 92 69 54 31 83 77 24 65 56 59 47 11 80 32 58 2 13 40 3 36 84 74 95 82 66 37 33 0 85 52 42 75 49 50 89 19 76 98 72 17 45 46 53 34 60 55 25 14 21 64 5 86 70 41 63 81 1 7 44 4 51 97 38 6 90 12 43 23 67 96 57 15 8 94 9 30 71 93 35 87 61 79 28 18 99 
49 63 54 29 5 15 25 45 41 53 99 11 34 50 94 92 66 51 47 31 86 33 77 21 43 98 95 36 74 69 58 17 68 3 42 89 60 83 67 1 46 97 72 20 91 52 96 79 61 16 93 7 9 40 78 90 62 82 22 87 65 38 80 84 32 8 24 76 12 26 88 30 75 85 18 81 13 48 23 39 35 59 73 55 14 71 57 28 19 44 70 64 27 10 56 37 2 6 4 0 
1 53 59 48 51 12 17 15 45 66 71 35 47 29 89 50 2 44 36 42 3 83 40 11 70 4 38 99 34 25 5 94 67 69 30 56 81 75 22 60 6 68 49 90 7 80 18 74 14 20 8 24 9 41 93 46 96 82 10 78 13 86 37 79 76 16 31 64 62 55 19 92 21 39 32 23 26 88 95 27 28 73 61 63 33 43 52 72 54 91 57 97 58 65 77 84 85 87 98 0 
23 56 50 17 59 83 45 73 87 44 81 25 63 64 34 75 7 65 19 80 28 24 71 0 79 98 94 55 76 52 91 12 93 8 84 4 86 40 9 48 68 88 96 62 13 53 61 60 5 90 38 1 16 92 67 51 26 69 18 36 47 35 46 85 42 77 82 57 66 14 32 95 21 30 10 97 27 37 41 29 11 6 3 72 43 89 49 22 58 2 33 20 99 15 39 74 78 54 70 31 
11 77 66 59 44 37 7 98 55 56 33 16 49 42 3 80 94 13 73 50 15 91 31 85 72 82 48 69 93 46 71 36 21 40 64 79 17 92 43 34 52 26 63 97 89 30 20 61 99 95 18 27 86 9 6 67 96 4 83 39 24 60 41 0 81 45 38 25 29 88 2 23 76 53 90 47 74 14 87 68 54 78 62 75 57 5 51 84 32 70 8 22 19 12 10 28 65 35 58 1 
11 77 66 59 44 37 7 98 55 56 33 16 49 42 3 80 94 13 73 50 15 91 31 85 72 82 48 69 93 46 71 36 21 40 64 79 17 92 43 34 52 26 63 97 89 30 20 61 99 95 18 27 86 9 6 67 96 4 83 39 24 60 41 0 81 45 38 25 29 88 2 23 76 53 90 47 74 14 87 68 54 78 62 75 57 5 51 84 32 70 8 22 19 12 10 28 65 35 58 1 
5 53 75 57 89 79 72 70 46 71 26 37 97 81 92 82 86 54 8 38 6 32 1 64 45 69 49 51 85 67 60 27 77 56 23 58 28 84 9 73 35 20 66 61 83 44 12 33 2 31 11 43 80 41 99 50 95 88 68 15 13 3 98 7 63 24 48 52 62 17 90 34 55 21 4 19 47 96 91 39 22 94 30 14 29 74 18 10 16 78 59 87 65 40 25 0 42 76 93 36 
5 53 75 57 89 79 72 70 46 71 26 37 97 81 92 82 86 54 8 38 6 32 1 64 45 69 49 51 85 67 60 27 77 56 23 58 28 84 9 73 35 20 66 61 83 44 12 33 2 31 11 43 80 41 99 50 95 88 68 15 13 3 98 7 63 24 48 52 62 17 90 34 55 21 4 19 47 96 91 39 22 94 30 14 29 74 18 10 16 78 59 87 65 40 25 0 42 76 93 36 
1 97 46 70 72 48 8 84 57 73 55 41 96 29 40 34 53 7 16 39 25 44 33 69 87 68 93 6 95 67 43 42 94 50 92 2 59 32 77 58 28 62 45 47 81 76 61 9 3 91 4 89 36 15 17 14 90 83 11 27 54 71 74 85 88 82 86 80 18 38 63 98 51 20 5 10 78 24 75 19 12 35 66 65 26 31 22 13 64 60 21 56 52 37 49 23 30 0 99 79 
63 68 15 91 44 3 76 65 82 46 14 75 77 31 41 9 51 26 53 27 55 67 56 1 5 19 90 96 94 62 60 78 87 35 2 66 18 34 99 0 72 24 98 38 79 40 89 61 83 45 23 29 88 48 58 25 49 85 6 8 11 13 12 74 86 28 71 7 37 97 43 95 52 80 59 47 73 22 10 16 21 30 70 50 69 92 17 36 57 20 39 54 42 32 33 84 93 64 81 4 
46 15 14 64 20 81 88 27 30 77 6 8 33 84 47 61 52 12 29 66 85 49 24 93 53 31 91 44 60 69 80 3 51 50 74 45 79 68 37 71 9 23 22 0 78 48 42 89 35 1 96 28 39 76 59 13 63 94 2 57 70 43 4 86 18 65 5 54 62 87 21 55 56 97 75 92 82 16 19 7 34 10 38 11 26 58 17 67 73 41 90 95 36 25 32 72 98 40 83 99 
84 23 4 92 82 10 37 66 44 51 16 13 64 45 81 63 38 19 87 96 78 55 26 88 35 76 29 28 46 85 5 24 31 94 83 91 22 52 0 97 70 12 62 77 56 59 93 17 39 40 67 7 65 71 86 30 25 58 73 68 53 47 72 50 90 8 49 61 41 1 36 21 11 89 75 32 27 74 48 43 14 42 80 9 2 99 20 57 69 6 34 60 3 79 33 98 15 95 18 54 
86 27 77 54 94 58 53 40 44 75 37 61 93 42 96 16 6 95 85 87 29 14 35 32 21 48 24 7 23 62 8 64 73 63 90 83 39 43 11 52 9 66 17 31 65 28 34 80 59 69 74 55 89 5 92 79 84 91 12 71 57 72 41 47 45 13 38 81 78 19 15 26 18 67 4 46 76 88 68 22 25 99 0 98 51 33 36 20 50 49 60 1 10 97 2 30 70 3 56 82 
80 47 44 3 33 37 15 81 66 41 22 89 92 77 5 54 53 0 84 4 1 86 64 74 23 10 82 79 75 31 43 21 42 28 24 76 52 7 20 30 38 88 18 63 34 51 8 48 56 26 67 95 70 35 36 55 90 12 9 71 2 39 57 69 62 94 91 49 6 46 73 40 65 14 98 25 45 72 78 16 11 96 19 83 13 58 29 97 85 50 17 59 27 61 68 32 60 99 87 93 
46 37 66 8 74 96 44 20 59 31 52 70 81 24 95 29 25 35 72 11 6 79 19 18 48 63 38 42 67 17 55 49 40 33 4 26 65 1 86 88 82 30 43 64 45 54 15 98 85 89 93 28 51 91 13 2 62 92 57 41 12 47 90 75 23 3 78 10 21 69 60 80 83 36 68 87 97 32 14 5 34 77 58 56 39 7 71 22 94 50 73 9 84 16 76 27 61 53 0 99 
69 48 15 41 47 20 35 76 51 24 44 58 42 55 28 56 72 34 74 85 33 2 10 18 80 94 27 75 29 32 45 68 92 14 21 11 19 93 8 57 13 63 83 0 60 6 79 30 22 62 46 38 97 78 99 89 87 64 39 43 77 23 54 65 66 88 84 49 37 16 26 61 3 52 36 86 95 98 71 73 40 1 9 67 90 59 5 81 82 25 96 17 53 7 50 91 12 4 70 31 
45 83 91 95 37 5 41 80 73 13 60 88 6 98 64 68 70 84 24 63 7 18 31 8 9 93 20 25 51 72 10 65 16 28 75 40 11 34 74 14 46 47 50 78 12 15 1 32 54 87 92 82 77 85 52 27 19 38 49 56 21 66 22 42 2 26 36 58 29 57 90 97 30 3 99 81 61 0 39 94 43 44 17 67 53 76 55 96 23 62 69 33 79 86 35 4 59 71 89 48 
0 73 59 79 88 84 9 44 26 33 1 18 34 56 64 2 87 19 74 24 28 45 41 95 7 3 46 39 54 17 49 38 4 72 13 53 85 20 71 16 5 92 86 77 81 94 37 23 12 6 8 30 78 29 61 10 68 40 76 57 60 83 22 90 11 93 14 35 67 50 15 70 65 75 32 21 62 27 48 58 25 47 31 36 55 42 52 69 43 91 51 63 96 82 66 80 89 97 98 99 
91 18 95 32 65 74 99 56 71 85 88 41 7 66 68 45 57 28 84 0 36 13 33 63 93 86 79 46 83 14 69 26 9 16 75 2 47 15 37 22 82 31 52 55 40 94 49 3 51 44 80 90 27 98 42 76 12 38 20 70 73 62 87 59 67 35 17 50 97 64 60 5 78 1 6 54 53 92 24 30 43 72 34 25 96 23 58 8 19 61 10 4 89 29 48 21 81 11 77 39 
32 48 98 33 8 86 37 35 66 20 2 19 91 50 28 84 80 93 10 39 89 7 44 62 59 45 52 31 77 94 16 21 5 14 24 55 67 75 56 17 58 13 25 79 73 87 3 27 65 76 68 97 18 72 36 4 83 57 63 23 82 85 15 99 53 40 11 46 30 1 9 49 51 12 38 42 47 71 74 34 70 43 22 41 69 26 95 64 88 54 29 60 0 92 78 81 6 96 61 90 
63 40 46 65 19 83 66 29 91 10 14 82 57 52 47 98 35 84 41 15 3 12 64 95 77 18 68 32 93 1 5 54 24 22 11 38 33 53 96 45 74 2 31 73 7 37 27 89 50 97 28 90 44 34 80 30 17 94 75 85 8 26 60 42 86 9 55 23 67 88 51 62 13 58 87 59 78 69 36 49 16 6 76 92 21 81 25 72 61 70 39 48 43 56 4 79 99 20 71 0 
8 20 78 26 55 41 69 70 52 45 31 94 60 49 29 71 91 47 86 11 85 90 34 53 0 77 54 2 37 95 67 33 32 97 79 40 25 87 4 1 46 19 22 35 38 14 17 16 61 13 18 63 9 44 6 72 24 68 84 76 75 80 3 12 83 48 74 62 65 10 98 56 81 42 15 39 27 21 51 73 57 5 66 58 36 96 59 28 50 92 93 23 82 99 88 64 7 43 30 89 
16 1 52 83 42 18 53 58 27 57 51 60 67 38 41 48 79 11 37 72 74 12 98 2 22 23 89 80 91 24 54 3 35 46 56 17 68 4 87 61 29 82 64 30 14 5 59 66 47 15 34 6 90 7 63 8 33 92 65 85 44 97 45 78 84 9 76 10 31 75 62 25 36 13 96 73 77 19 69 20 93 94 55 43 50 21 71 95 39 26 81 28 0 40 88 49 32 86 70 99 
49 73 60 0 97 99 26 4 87 12 11 70 68 19 13 81 53 5 27 89 38 41 95 24 50 34 69 25 63 7 84 20 2 22 61 77 47 74 8 3 21 35 33 40 83 75 86 80 94 42 98 28 92 55 72 23 44 29 10 52 71 91 96 43 31 65 6 18 88 15 39 57 62 66 85 93 79 51 67 16 46 90 48 9 76 56 30 64 59 45 82 1 54 36 37 78 17 14 58 32 
30 21 64 18 19 70 50 24 39 32 36 83 10 78 47 11 6 0 12 17 67 84 88 99 62 44 57 86 93 46 31 82 15 38 81 63 77 75 87 59 51 37 13 49 61 20 25 23 29 56 66 28 42 98 76 71 22 92 8 16 33 73 26 4 90 60 40 69 58 74 1 35 27 53 65 14 89 54 52 41 68 48 85 79 5 2 55 7 80 97 3 45 43 96 9 34 94 72 91 95 
26 7 66 85 98 1 65 55 41 17 19 44 72 84 93 59 27 40 92 42 57 53 34 36 77 2 51 14 97 89 50 87 48 24 62 64 45 70 82 20 76 6 75 3 35 94 61 30 5 68 49 28 96 29 81 32 38 86 52 83 12 71 47 4 95 8 0 21 91 67 54 46 78 22 11 10 90 63 79 13 31 15 88 9 80 18 58 25 74 60 56 73 69 23 43 33 39 37 16 99 
26 55 51 89 18 80 8 48 64 46 39 37 11 17 20 1 94 85 54 78 83 45 38 59 52 70 93 82 24 84 50 15 27 57 81 88 28 60 21 98 7 0 74 2 91 36 67 97 58 33 49 4 35 16 29 77 23 41 87 5 68 75 3 86 53 9 61 66 62 43 22 56 79 32 14 10 76 63 44 73 31 6 12 19 30 65 72 42 71 99 90 13 40 34 25 69 95 47 92 96 
80 26 6 36 59 79 88 93 55 29 89 76 52 28 23 21 22 5 96 34 50 57 16 64 73 7 4 37 12 74 32 45 33 71 43 65 90 99 41 83 35 72 47 98 85 24 49 0 77 40 61 11 15 75 13 81 9 54 51 92 1 39 53 14 25 63 66 84 78 82 67 94 68 97 46 18 30 20 17 95 2 91 44 19 56 38 48 8 69 42 3 87 10 86 58 27 31 70 60 62 
11 77 26 36 20 50 64 98 3 67 35 46 51 43 99 1 81 53 59 16 66 10 93 41 34 83 86 33 92 85 15 71 52 4 65 30 28 7 48 5 56 75 68 82 21 39 24 18 91 2 25 57 44 29 9 74 97 96 62 17 32 88 73 72 87 37 6 38 61 94 8 31 47 55 80 49 79 14 95 22 60 45 76 12 23 13 84 69 63 90 19 54 42 70 27 40 89 58 78 0 
39 60 63 54 35 24 85 50 70 19 67 75 68 69 36 31 55 6 53 96 21 11 92 32 57 16 33 91 83 46 25 22 94 27 89 28 56 5 78 29 99 81 1 8 38 7 45 0 42 62 80 23 76 72 41 34 40 82 12 10 52 87 14 73 66 59 90 84 9 51 98 3 71 88 74 49 44 77 64 18 97 20 26 65 15 95 37 47 93 30 86 48 17 61 79 58 43 13 4 2 
64 61 26 50 54 99 0 39 83 90 36 31 30 65 46 15 48 81 52 18 5 19 6 80 75 87 27 85 72 9 77 11 70 44 42 7 33 97 12 63 8 49 47 68 23 74 32 29 10 66 34 58 13 1 73 84 69 95 96 3 17 20 55 59 51 60 43 91 71 24 21 93 45 67 22 62 25 38 37 94 28 98 89 86 35 40 88 41 53 76 56 82 57 79 78 92 2 14 4 16 
78 28 35 83 22 88 2 5 59 75 32 86 8 95 3 67 42 12 44 15 50 63 7 11 38 41 23 96 66 89 70 48 85 98 45 65 34 87 9 99 94 80 40 16 14 53 21 79 57 18 56 69 47 4 24 62 19 6 81 82 93 17 68 39 31 43 72 84 64 20 92 76 27 37 25 13 91 46 33 60 90 49 55 51 36 77 52 29 74 58 73 1 71 97 54 30 26 10 0 61 
27 0 85 7 42 35 21 48 87 76 31 72 63 32 9 62 34 80 16 68 10 33 91 73 67 39 93 82 89 22 41 50 53 81 51 24 11 45 17 30 49 84 52 94 99 40 55 75 83 29 57 69 79 37 70 59 18 12 64 25 13 78 28 88 74 77 2 1 19 38 96 97 98 3 60 6 58 44 47 23 36 66 54 5 46 90 95 20 15 4 71 8 92 86 56 43 65 14 61 26 
67 36 52 63 3 13 59 58 4 88 30 14 5 97 46 2 64 99 29 45 84 81 35 76 41 56 21 1 39 50 55 8 28 80 9 44 10 19 42 61 51 31 95 24 92 87 20 32 62 75 38 7 12 23 15 71 16 93 33 69 77 78 86 49 82 11 66 18 22 83 94 91 85 43 6 72 26 27 34 57 53 73 65 25 40 90 74 17 48 54 89 0 68 60 79 70 98 37 96 47 
63 23 46 39 36 24 73 61 19 67 26 97 78 11 55 3 72 37 17 42 4 81 79 59 31 52 54 75 86 51 5 95 6 57 34 50 7 94 41 60 38 14 20 44 8 47 12 16 18 48 30 93 82 53 49 65 66 10 45 40 9 69 76 2 80 15 21 85 22 90 88 56 25 29 35 71 68 92 1 91 28 33 58 32 43 83 62 84 99 13 70 87 74 77 98 89 96 64 27 0 
92 77 56 28 58 2 34 73 13 53 36 75 0 99 55 4 67 27 74 62 90 64 81 1 49 22 59 91 42 86 57 46 48 60 68 96 32 19 10 14 50 44 43 6 3 38 94 18 72 8 85 17 21 71 29 78 5 16 37 51 84 65 11 25 93 26 12 40 82 30 15 98 7 88 47 76 41 63 9 79 69 24 87 31 61 33 20 89 80 23 45 70 35 39 66 83 52 97 54 95 
93 18 9 85 71 25 58 80 19 55 69 67 33 61 20 87 10 74 44 53 65 46 64 66 82 23 13 96 59 21 32 92 5 11 78 54 52 14 24 76 50 51 40 77 68 31 88 4 43 81 90 16 39 15 36 38 70 37 22 95 30 29 62 28 26 73 7 57 8 47 3 94 41 79 99 83 91 75 34 45 63 12 49 27 35 6 84 98 86 60 17 0 72 42 56 89 2 1 97 48 
69 38 42 93 92 46 77 47 70 34 29 57 55 33 3 82 49 73 37 2 11 66 61 31 28 60 44 18 91 13 99 95 1 86 8 53 88 27 20 22 51 94 6 78 74 87 54 75 39 67 35 83 84 52 36 63 10 7 98 79 19 17 64 89 76 97 4 15 71 40 96 12 43 9 72 65 59 80 23 90 32 25 50 5 48 85 81 45 26 30 68 16 14 62 58 56 21 41 24 0 
41 95 44 77 1 64 88 98 52 84 32 85 18 45 62 7 2 24 69 16 3 4 20 66 80 25 89 48 68 74 5 71 83 28 93 39 51 35 47 50 6 94 21 11 8 15 30 19 33 79 82 90 9 75 13 67 43 36 10 49 12 42 63 78 46 14 72 91 17 97 22 54 23 58 59 70 26 31 86 27 29 40 81 56 34 37 38 0 55 76 57 73 60 61 65 87 92 96 99 53 
89 30 21 81 71 4 48 39 88 93 43 38 97 61 25 40 23 95 70 3 84 82 56 78 76 50 5 85 27 80 65 15 22 13 96 29 8 34 9 35 16 87 46 69 41 36 6 55 86 0 74 47 49 98 72 83 92 53 51 42 66 14 59 10 58 33 52 91 17 18 28 79 68 11 67 57 90 45 77 1 37 20 19 2 32 63 60 54 75 73 99 26 62 7 44 94 24 12 64 31 
26 48 6 34 90 96 60 9 24 76 63 50 16 99 44 61 74 93 75 89 7 65 70 87 41 32 46 97 51 1 10 98 47 11 21 83 33 30 14 49 42 86 52 91 12 66 36 40 58 29 55 13 79 19 53 23 31 85 54 57 15 43 88 95 3 18 0 45 72 27 82 94 22 73 17 4 67 92 68 84 35 77 8 2 39 71 56 37 25 38 69 28 80 81 59 20 64 78 5 62 
21 42 3 34 45 51 93 68 36 66 47 26 49 67 99 69 18 0 77 95 53 28 78 70 86 94 29 96 56 58 40 81 7 83 60 71 12 91 44 23 64 25 41 11 27 75 38 39 62 8 37 5 87 85 73 90 92 98 32 46 2 50 65 57 13 84 14 19 22 1 33 89 59 80 20 79 63 35 82 74 6 31 17 24 54 72 15 52 43 76 9 55 10 48 97 16 30 88 61 4 
67 3 44 53 79 60 32 31 99 86 63 25 4 58 7 15 19 28 38 40 36 54 52 49 24 62 17 14 5 18 85 72 94 89 6 82 71 92 98 26 47 69 88 0 77 84 9 64 75 27 37 90 56 66 97 29 10 13 41 73 68 1 50 39 12 65 87 16 42 96 91 76 51 20 48 70 21 95 22 74 35 2 30 78 61 81 11 8 43 45 80 46 55 33 59 57 93 23 83 34 
10 40 98 75 19 53 97 92 20 22 34 11 58 52 89 17 65 90 35 48 63 33 6 79 67 80 9 12 91 27 57 28 96 3 8 70 31 23 87 54 50 62 30 24 47 88 25 45 13 37 21 95 43 94 44 71 14 81 36 72 29 15 41 26 83 7 93 18 64 78 0 61 86 55 38 51 76 77 39 66 59 69 73 85 4 1 84 49 56 60 2 42 32 82 5 16 74 46 68 99 
86 26 43 91 52 37 89 78 14 38 28 5 30 6 85 71 17 32 80 99 81 0 95 90 97 15 42 72 36 51 75 20 13 62 41 93 73 55 19 10 46 21 59 31 70 49 50 67 44 84 68 83 3 76 27 57 58 66 29 60 63 92 96 77 64 48 22 74 45 25 87 9 39 98 79 33 4 53 11 56 18 88 34 47 7 65 1 61 12 24 54 94 16 2 35 23 69 82 8 40 
24 23 28 59 47 42 33 66 58 29 14 96 12 8 48 37 83 7 0 44 61 71 36 17 30 99 60 80 94 70 79 45 18 26 87 64 19 6 51 34 77 63 13 40 22 69 67 3 1 65 54 57 93 74 15 38 32 91 73 2 11 78 56 10 92 62 43 82 46 95 52 31 50 21 4 98 88 35 72 27 25 9 86 84 85 97 89 5 75 20 53 68 55 81 41 90 16 76 39 49 
23 11 61 43 50 14 36 2 22 45 93 7 66 18 47 82 73 13 12 39 81 25 99 87 69 33 63 44 68 59 4 95 77 24 19 60 76 62 54 10 40 34 79 57 56 65 53 72 98 31 46 20 97 75 38 88 26 89 37 17 58 96 30 16 29 5 52 35 51 3 84 55 8 6 94 91 92 83 49 80 15 71 67 0 90 48 27 86 85 1 32 28 78 42 74 64 70 41 21 9 
81 99 53 60 92 11 98 87 5 95 75 73 69 49 57 48 59 54 19 9 45 18 28 38 64 74 37 65 22 29 14 6 41 90 97 52 86 82 31 24 67 50 79 16 40 34 63 35 93 55 61 4 84 96 8 51 42 20 23 36 1 62 26 83 44 27 85 94 76 68 30 58 88 17 80 13 70 12 91 43 2 47 89 66 39 71 72 56 21 78 3 77 7 32 46 10 15 33 25 0 
82 93 72 43 76 7 48 9 2 70 3 44 30 99 22 21 4 86 32 68 54 78 35 50 36 45 19 65 5 56 6 8 55 94 41 83 18 10 17 1 12 47 58 53 13 74 14 92 60 39 71 57 63 98 15 16 67 49 20 69 23 79 80 42 24 25 0 88 40 37 27 97 28 29 11 52 33 34 51 38 46 73 59 26 87 62 64 31 75 84 77 81 85 89 90 91 95 96 61 66 
83 78 23 20 91 98 77 74 65 2 36 76 26 13 59 28 58 64 62 60 29 69 17 31 72 43 87 5 19 1 35 93 37 7 68 45 88 82 63 92 6 99 67 55 40 41 95 18 27 11 61 47 81 53 34 73 49 21 16 30 54 39 46 75 42 70 71 32 80 24 8 44 89 94 52 22 57 84 3 38 10 96 86 25 48 12 66 9 15 4 50 85 97 33 56 79 90 0 51 14 
6 13 2 57 33 76 31 50 3 95 74 46 89 72 69 79 36 47 0 93 58 90 77 28 19 10 1 75 42 85 24 67 98 12 21 35 49 51 25 86 14 82 60 59 54 5 91 11 65 32 17 8 64 62 9 48 81 41 73 4 23 56 40 7 88 52 97 39 96 45 27 26 18 83 38 34 37 20 68 61 44 84 78 94 92 53 22 70 63 16 71 43 87 30 15 55 80 29 66 99 
70 97 16 21 68 0 49 61 11 19 67 31 85 42 69 12 37 45 15 43 64 10 56 40 53 63 93 86 59 2 44 50 17 84 47 88 4 82 39 35 54 14 71 1 6 60 18 26 87 58 41 33 38 99 25 34 77 36 79 29 27 8 3 91 23 92 46 95 9 89 5 32 20 48 75 83 80 62 55 65 72 7 52 76 24 13 30 57 78 94 22 90 66 73 28 51 96 74 81 98 
27 83 68 36 45 65 87 19 11 43 41 90 30 84 49 13 79 58 93 67 32 9 16 77 56 70 10 88 25 31 97 50 94 40 73 78 15 71 28 42 7 80 23 74 18 51 1 29 75 92 54 37 91 66 21 82 59 98 55 81 61 26 6 20 48 95 85 44 33 57 14 47 35 2 52 4 76 46 17 12 38 24 3 72 69 60 89 0 63 53 86 8 39 64 22 62 99 34 96 5 
59 17 13 10 99 16 57 5 48 91 98 4 45 84 55 75 97 43 39 66 96 68 7 9 90 77 46 31 95 42 94 28 67 44 25 65 93 92 8 52 89 14 73 24 88 64 87 26 54 82 19 27 86 12 81 85 76 6 83 69 80 15 71 78 79 74 33 38 72 18 70 40 63 62 20 30 61 56 50 60 58 41 53 37 51 49 47 21 36 23 35 34 32 29 22 11 3 2 1 0 
24 65 2 95 67 31 15 91 5 3 72 71 74 1 78 61 21 48 59 36 82 16 38 13 63 66 51 28 90 69 60 8 32 54 98 85 0 56 88 47 10 93 49 20 30 19 52 70 53 77 44 7 35 33 12 43 46 58 40 25 73 81 27 6 86 29 68 97 4 83 18 11 64 14 22 99 79 34 94 84 37 57 62 26 9 42 39 41 55 92 75 23 17 76 89 96 45 80 50 87 
13 42 53 81 68 66 45 99 48 56 24 15 46 8 77 9 79 62 73 61 38 95 98 35 30 50 36 47 58 5 29 97 33 90 64 59 51 31 96 85 87 23 65 76 12 11 39 71 43 14 21 2 32 91 94 52 89 49 55 37 82 93 67 75 7 63 72 18 1 92 74 20 25 83 88 40 60 86 78 4 44 19 17 28 3 41 57 84 26 69 16 34 6 22 80 54 10 70 27 0 
77 48 87 1 46 38 65 0 23 32 64 11 43 28 59 70 71 74 20 26 97 82 5 19 51 37 6 15 33 91 84 34 86 14 25 67 73 93 53 18 96 21 92 36 55 68 42 57 58 10 56 78 95 30 47 27 85 12 40 45 94 7 99 8 62 66 72 49 41 2 89 81 4 79 16 13 88 90 63 69 80 98 22 35 75 61 9 29 60 39 54 31 52 17 50 44 24 3 83 76 
25 34 41 45 49 60 89 56 80 90 15 1 87 27 79 11 97 17 65 40 57 32 4 14 23 0 37 29 96 81 39 44 91 10 54 84 21 95 78 92 72 28 88 63 94 2 61 35 55 52 50 75 93 71 58 30 70 59 86 22 9 7 43 67 85 68 74 3 36 62 46 77 83 18 12 5 82 19 47 76 24 98 69 48 66 6 64 20 53 8 38 51 42 33 31 13 26 16 99 73 
91 83 55 93 23 32 62 27 19 21 11 81 45 48 87 25 99 44 9 78 88 50 73 6 40 56 47 69 65 8 59 95 79 20 26 70 85 31 92 71 15 18 67 86 98 7 17 34 12 72 77 10 46 29 41 28 89 68 97 22 74 51 76 94 33 13 57 49 63 80 36 38 96 37 16 58 90 66 61 84 42 52 43 4 30 60 82 35 75 24 1 3 64 54 53 2 39 14 5 0 
17 35 51 41 77 33 5 11 10 18 8 54 1 44 76 70 62 85 95 98 72 99 2 73 21 89 40 59 36 4 14 81 84 25 3 46 65 16 67 90 61 56 13 28 88 27 49 86 6 79 38 0 55 20 29 24 9 53 30 92 50 12 45 82 74 32 71 15 42 47 37 31 83 96 19 75 22 58 23 57 93 78 60 52 68 64 66 26 34 39 91 94 43 7 63 80 69 87 97 48 
96 40 53 29 28 80 91 62 90 86 82 46 95 4 31 27 60 18 50 70 94 54 34 93 0 59 66 22 6 79 92 84 83 49 56 58 89 42 88 65 20 39 7 26 87 85 8 24 47 75 81 5 51 73 72 61 78 52 16 2 77 63 1 30 12 76 67 17 74 71 38 13 69 14 10 68 19 45 64 36 57 3 23 41 55 11 48 21 33 44 43 35 37 32 98 15 9 97 25 99 
75 89 19 56 69 21 82 48 63 28 27 50 11 81 99 16 23 67 7 42 44 12 17 45 54 35 77 24 62 90 5 20 26 33 86 0 4 97 31 78 93 1 72 3 40 2 18 98 76 95 55 46 47 66 36 60 32 96 52 22 87 39 8 58 29 15 57 73 13 61 85 51 74 37 64 6 84 68 59 92 80 10 43 91 30 71 41 9 70 14 65 88 49 83 34 25 94 53 79 38 
26 7 82 93 36 74 65 75 2 4 19 95 22 53 51 14 13 41 46 87 83 61 23 96 20 1 10 47 50 91 94 38 89 67 60 28 55 80 15 52 76 39 78 90 18 92 31 66 77 54 48 62 69 30 5 34 40 3 25 86 64 42 35 16 98 85 79 21 8 29 57 59 37 63 68 6 44 11 84 49 32 73 97 70 12 9 72 27 88 58 56 81 24 43 71 17 45 33 0 99 
58 88 42 82 68 87 69 18 31 29 86 54 10 75 61 14 48 3 83 19 23 50 70 27 35 44 46 64 59 51 38 41 43 55 85 39 56 72 24 57 25 62 9 84 79 81 80 0 4 63 13 93 33 36 71 77 17 21 1 73 45 34 76 97 12 91 95 65 6 53 60 22 47 52 7 28 90 26 40 2 98 32 30 92 11 16 5 20 74 99 94 78 37 8 15 89 67 49 66 96 
9 31 77 78 71 15 83 76 40 51 43 5 97 52 94 45 37 28 11 25 87 88 26 23 46 12 54 95 30 16 29 86 6 38 96 57 61 19 67 32 14 10 79 62 7 41 47 98 48 75 20 59 50 68 82 89 92 85 73 21 69 55 84 0 58 53 13 91 17 34 33 60 18 74 80 36 90 63 81 49 39 66 4 24 27 64 35 65 72 70 99 8 44 56 22 93 2 1 42 3 
29 53 79 56 64 24 19 98 92 38 87 26 96 10 81 40 58 82 59 63 34 13 76 80 5 4 52 15 85 71 68 22 25 3 31 14 46 11 48 95 83 8 67 74 39 36 47 9 20 69 60 57 30 43 89 77 94 65 17 21 73 54 12 7 72 42 50 61 93 97 62 33 78 91 32 16 49 70 88 28 41 23 37 0 86 27 51 75 2 84 99 66 45 1 18 90 35 44 55 6 
3 54 52 22 37 41 67 56 83 80 60 40 87 15 63 88 26 38 33 30 4 34 77 11 24 73 58 21 50 39 32 46 64 1 85 55 6 75 29 76 43 47 81 71 95 98 99 18 12 9 7 5 78 31 68 19 74 25 61 79 10 57 53 14 97 70 17 66 13 69 89 49 91 96 28 16 48 35 45 8 23 0 94 44 36 72 84 65 93 90 42 92 51 27 86 62 82 59 20 2 
49 17 73 89 18 4 1 86 79 62 99 53 21 37 26 6 36 40 41 98 63 87 8 66 80 97 57 55 24 5 43 72 31 59 27 69 28 13 81 14 50 95 7 44 2 74 96 35 12 76 94 47 38 3 61 93 42 52 70 77 23 16 64 20 51 84 65 54 56 60 92 11 9 91 25 90 71 22 78 34 45 29 88 30 10 85 15 46 48 67 83 82 19 32 75 68 33 58 39 0 
51 41 73 71 48 21 32 75 7 1 46 91 72 52 44 74 86 20 54 27 37 69 67 10 81 33 16 26 31 80 2 82 40 55 63 3 78 85 60 59 17 98 24 5 28 79 43 39 56 92 4 47 99 66 14 94 42 93 68 8 83 34 57 30 64 6 87 22 49 18 36 58 61 90 9 11 97 29 89 38 62 13 25 70 96 77 12 15 95 76 19 53 88 23 84 35 65 50 45 0 
23 90 40 53 99 50 89 24 94 86 58 30 25 70 19 78 11 76 44 18 77 84 36 85 87 29 81 47 98 38 69 56 68 6 32 3 46 80 34 66 35 22 55 49 65 39 26 28 4 31 48 79 97 75 91 12 52 42 16 92 59 71 72 63 96 43 41 62 95 64 67 7 20 54 5 88 93 61 1 33 9 37 83 0 82 27 60 13 74 8 15 73 57 21 51 17 45 14 10 2 
27 42 57 98 36 7 38 71 94 76 85 35 20 48 80 90 99 25 56 82 81 77 18 51 8 2 24 58 79 13 39 60 63 96 61 23 52 65 4 54 75 66 69 41 44 93 73 37 84 45 47 10 70 72 89 64 31 50 97 11 59 30 14 40 55 78 17 16 5 6 49 32 95 43 67 3 33 86 88 92 22 26 19 46 12 9 91 28 87 68 62 34 21 83 74 15 53 29 1 0 
27 42 57 98 36 7 38 71 94 76 85 35 20 48 80 90 99 25 56 82 81 77 18 51 8 2 24 58 79 13 39 60 63 96 61 23 52 65 4 54 75 66 69 41 44 93 73 37 84 45 47 10 70 72 89 64 31 50 97 11 59 30 14 40 55 78 17 16 5 6 49 32 95 43 67 3 33 86 88 92 22 26 19 46 12 9 91 28 87 68 62 34 21 83 74 15 53 29 1 0 
10 5 16 73 41 33 49 99 52 47 58 9 44 50 13 84 19 46 35 66 89 37 88 67 39 51 95 98 20 14 0 32 3 45 63 85 64 24 55 12 83 77 23 22 28 8 93 69 81 4 26 34 80 94 1 17 87 30 42 72 76 75 79 91 43 2 11 25 29 97 68 54 59 86 62 48 61 6 74 70 56 60 82 18 38 36 7 31 27 65 15 78 92 21 57 40 90 96 53 71 
48 73 55 23 76 78 71 85 16 65 19 60 83 80 67 93 12 41 34 0 9 18 59 81 22 62 28 90 1 14 98 53 63 88 8 72 13 87 29 84 77 56 64 96 66 44 2 6 94 46 97 11 43 39 33 37 57 36 27 70 21 25 42 51 3 95 31 20 30 52 61 40 47 4 89 92 5 74 32 58 45 86 7 68 50 24 91 75 10 54 82 15 17 79 26 69 35 38 49 99 
96 53 79 66 70 31 6 86 34 16 28 40 22 2 93 49 10 61 83 21 46 25 3 84 17 95 63 24 62 82 52 47 37 59 32 67 7 13 33 15 94 43 4 89 69 58 81 72 55 80 92 57 41 12 73 56 44 88 19 68 91 5 30 26 23 1 75 64 14 60 90 9 36 71 11 87 85 42 98 39 77 54 45 38 27 76 51 18 74 97 50 99 35 8 29 20 0 78 48 65 
62 32 10 22 41 87 37 18 20 89 38 46 64 19 27 75 49 23 84 15 30 43 2 12 7 85 0 3 26 94 77 65 93 86 54 5 13 96 78 14 6 73 80 76 68 59 34 95 8 31 35 29 81 71 48 70 33 56 92 66 57 9 24 1 50 55 88 99 28 60 16 63 45 58 17 53 69 83 51 90 21 42 82 72 44 25 79 36 39 98 40 67 91 52 47 61 74 97 4 11 
24 65 2 95 67 31 15 91 5 3 72 71 74 1 78 61 21 48 59 36 82 16 38 13 63 66 51 28 90 69 60 8 32 54 98 85 0 56 88 47 10 93 49 20 30 19 52 70 53 77 44 7 35 33 12 43 46 58 40 25 73 81 27 6 86 29 68 97 4 83 18 11 64 14 22 99 79 34 94 84 37 57 62 26 9 42 39 41 55 92 75 23 17 76 89 96 45 80 50 87 
10 11 24 30 50 55 70 86 68 63 12 58 62 13 38 25 28 90 57 1 40 46 92 59 71 15 96 43 67 82 75 22 81 99 16 6 74 2 79 64 19 0 21 53 41 23 52 36 37 78 26 48 97 39 35 27 29 83 60 9 84 87 34 93 32 49 66 33 51 65 42 44 88 4 77 47 95 76 54 5 61 73 69 14 94 80 56 20 91 98 3 8 85 17 72 7 45 31 18 89 
24 23 28 59 47 42 33 66 58 29 14 96 12 8 48 37 83 7 0 44 61 71 36 17 30 99 60 80 94 70 79 45 18 26 87 64 19 6 51 34 77 63 13 40 22 69 67 3 1 65 54 57 93 74 15 38 32 91 73 2 11 78 56 10 92 62 43 82 46 95 52 31 50 21 4 98 88 35 72 27 25 9 86 84 85 97 89 5 75 20 53 68 55 81 41 90 16 76 39 49 
26 80 0 77 98 48 21 20 67 8 18 13 54 55 93 28 84 99 7 64 58 25 60 45 62 2 6 75 96 82 79 27 53 73 69 70 95 12 81 40 74 86 76 78 24 85 94 17 88 9 44 1 92 38 34 35 5 83 57 16 19 23 30 14 91 52 15 42 90 56 49 51 46 89 66 4 87 61 11 36 33 41 72 31 71 10 3 50 68 32 59 65 63 22 47 37 43 39 29 97 
56 75 36 40 96 48 0 33 44 57 64 58 61 63 59 95 9 80 72 3 94 35 66 11 12 77 85 90 25 26 49 22 93 89 13 17 42 45 51 46 92 68 37 14 67 76 4 24 43 91 10 74 88 1 84 23 19 18 21 41 87 30 27 70 55 5 86 29 83 6 82 79 32 8 98 31 78 69 39 47 73 50 15 71 65 62 53 97 54 60 38 16 34 7 28 20 2 99 52 81 
84 88 74 23 0 71 21 48 92 35 27 89 37 94 9 79 68 31 24 52 78 66 7 42 15 12 93 45 34 58 5 22 76 46 82 30 1 97 25 32 44 36 90 19 60 99 75 59 62 39 67 53 2 47 83 55 72 16 43 51 63 13 29 86 69 10 56 65 3 49 85 81 14 57 20 38 4 73 50 95 18 70 33 8 6 77 40 61 11 98 54 87 17 80 26 96 28 41 64 91 
96 40 53 29 28 80 91 62 90 86 82 46 95 4 31 27 60 18 50 70 94 54 34 93 0 59 66 22 6 79 92 84 83 49 56 58 89 42 88 65 20 39 7 26 87 85 8 24 47 75 81 5 51 73 72 61 78 52 16 2 77 63 1 30 12 76 67 17 74 71 38 13 69 14 10 68 19 45 64 36 57 3 23 41 55 11 48 21 33 44 43 35 37 32 98 15 9 97 25 99 
63 56 11 59 24 50 29 25 12 4 93 81 28 89 70 64 14 71 43 82 31 15 22 88 90 51 58 74 66 55 77 16 30 9 37 68 38 18 40 13 42 80 35 53 75 45 20 23 87 2 32 26 54 65 27 92 60 44 33 94 67 48 84 8 36 61 69 79 83 85 86 72 39 41 73 49 99 46 1 52 6 57 76 5 34 62 96 17 98 3 19 10 97 78 95 47 91 21 7 0 
75 89 19 56 69 21 82 48 63 28 27 50 11 81 99 16 23 67 7 42 44 12 17 45 54 35 77 24 62 90 5 20 26 33 86 0 4 97 31 78 93 1 72 3 40 2 18 98 76 95 55 46 47 66 36 60 32 96 52 22 87 39 8 58 29 15 57 73 13 61 85 51 74 37 64 6 84 68 59 92 80 10 43 91 30 71 41 9 70 14 65 88 49 83 34 25 94 53 79 38 
35 66 46 89 86 25 5 48 20 58 73 87 49 61 3 65 71 15 1 70 42 77 84 13 83 44 54 26 16 0 64 96 81 32 99 2 79 57 22 92 55 12 93 75 8 21 51 78 72 69 63 94 67 11 37 39 98 9 36 6 88 59 56 17 30 29 53 97 50 38 19 82 14 10 45 40 43 85 95 76 68 28 52 24 23 33 27 4 91 90 47 31 41 60 80 7 74 62 34 18 
98 44 93 0 27 51 58 47 32 39 9 96 75 33 79 38 61 10 81 87 71 4 78 26 14 30 17 48 37 56 12 77 73 88 66 35 91 13 69 29 63 52 1 53 90 60 83 62 19 99 95 85 49 15 64 18 45 55 20 59 41 57 23 28 74 21 43 31 84 40 22 2 82 68 36 94 6 25 3 46 92 65 50 97 70 54 67 80 8 5 86 89 16 11 34 72 42 76 7 24 
63 40 46 65 19 83 66 29 91 10 14 82 57 52 47 98 35 84 41 15 3 12 64 95 77 18 68 32 93 1 5 54 24 22 11 38 33 53 96 45 74 2 31 73 7 37 27 89 50 97 28 90 44 34 80 30 17 94 75 85 8 26 60 42 86 9 55 23 67 88 51 62 13 58 87 59 78 69 36 49 16 6 76 92 21 81 25 72 61 70 39 48 43 56 4 79 99 20 71 0 
24 12 76 15 39 89 74 97 82 20 93 26 13 81 28 57 69 95 54 47 4 77 23 86 9 34 2 11 19 98 6 46 50 91 22 66 58 62 45 0 42 30 31 52 8 65 29 44 85 36 55 59 78 53 70 88 32 56 43 14 10 51 25 5 40 17 96 48 18 92 83 63 21 61 75 99 64 37 68 87 27 49 73 90 33 71 35 41 1 7 67 60 79 80 3 94 16 38 72 84 
59 88 93 71 64 82 33 62 80 0 75 49 99 57 16 21 73 76 2 58 98 44 45 25 5 12 15 38 22 53 69 9 29 18 34 61 97 67 46 55 66 36 41 6 13 96 92 74 78 70 19 86 30 68 56 48 95 31 43 3 94 1 10 28 40 39 54 65 91 89 26 84 23 85 47 32 60 20 90 4 87 14 79 11 83 51 42 7 27 81 77 52 72 8 37 63 50 17 35 24 
13 40 93 30 35 42 56 84 63 77 3 34 19 97 39 91 24 76 10 70 44 17 73 37 75 85 82 16 79 20 90 81 89 68 55 26 50 31 71 72 52 4 96 0 87 48 6 49 9 53 25 86 64 8 23 7 41 74 51 22 83 46 54 62 59 80 78 15 2 47 12 95 67 14 27 57 36 45 88 1 65 5 28 61 18 32 60 43 94 66 33 38 21 11 92 98 58 29 99 69 
79 88 1 37 4 21 51 27 82 86 75 0 49 9 95 18 20 40 69 32 26 28 54 59 29 73 56 85 71 52 43 10 47 70 34 63 6 24 92 22 67 96 62 2 80 99 94 76 74 93 55 5 11 3 61 50 98 87 36 39 45 7 48 13 42 83 90 64 15 77 31 23 57 89 46 17 16 33 97 68 91 8 78 72 25 58 14 12 38 84 81 60 41 30 53 66 65 19 44 35 
40 76 98 71 74 0 62 13 30 44 33 39 73 23 77 6 15 22 91 38 52 5 86 97 1 21 82 32 66 75 57 72 84 83 60 58 12 19 20 63 2 64 89 3 69 37 53 90 79 78 81 96 46 27 54 59 42 45 26 85 4 65 7 55 31 16 61 28 25 41 8 80 47 14 51 67 9 29 95 56 10 11 87 36 50 17 94 24 18 93 34 49 35 92 43 48 68 70 88 99 
82 93 72 43 76 7 48 9 2 70 3 44 30 99 22 21 4 86 32 68 54 78 35 50 36 45 19 65 5 56 6 8 55 94 41 83 18 10 17 1 12 47 58 53 13 74 14 92 60 39 71 57 63 98 15 16 67 49 20 69 23 79 80 42 24 25 0 88 40 37 27 97 28 29 11 52 33 34 51 38 46 73 59 26 87 62 64 31 75 84 77 81 85 89 90 91 95 96 61 66 
10 5 16 73 41 33 49 99 52 47 58 9 44 50 13 84 19 46 35 66 89 37 88 67 39 51 95 98 20 14 0 32 3 45 63 85 64 24 55 12 83 77 23 22 28 8 93 69 81 4 26 34 80 94 1 17 87 30 42 72 76 75 79 91 43 2 11 25 29 97 68 54 59 86 62 48 61 6 74 70 56 60 82 18 38 36 7 31 27 65 15 78 92 21 57 40 90 96 53 71 
96 37 77 93 28 16 6 90 40 22 52 12 4 80 89 32 88 10 36 76 95 43 59 62 21 61 69 9 41 50 8 20 86 19 5 71 94 84 83 70 29 15 25 33 42 51 23 78 45 82 92 56 58 13 74 1 11 79 75 65 91 24 46 44 72 18 68 14 87 66 53 39 64 35 73 85 17 54 26 57 81 97 48 47 63 2 34 49 30 31 60 3 55 99 67 7 0 38 27 98 
12 77 51 83 29 65 88 20 26 8 25 90 86 79 23 66 74 40 85 95 14 82 43 54 32 48 78 17 4 61 33 1 58 28 15 71 45 37 81 21 91 92 19 72 62 56 41 76 11 75 24 2 57 70 50 47 69 44 52 68 30 94 60 59 7 63 13 31 96 55 80 36 22 89 27 42 9 3 46 5 67 34 18 39 93 53 73 84 35 99 10 49 64 6 97 38 0 87 16 98 
