34 31 21 12 35 82 58 1 50 80 43 15 40 44 33 52 27 13 71 69 9 78 70 5 3 4 59 63 29 84 19 81 36 37 48 24 47 45 28 23 7 73 22 51 75 67 61 20 57 18 10 49 32 16 76 39 25 53 74 8 46 17 11 68 30 55 41 14 38 42 6 60 77 26 56 62 64 79 0 83 2 66 54 72 65 
47 17 30 64 27 82 26 58 80 54 2 23 71 62 15 20 43 14 16 39 37 81 24 29 36 25 53 63 12 70 8 84 56 1 77 48 33 52 65 67 34 57 19 38 44 78 31 21 50 42 45 32 75 76 55 49 28 59 83 3 5 10 46 18 72 73 51 79 66 68 6 9 4 35 60 61 74 40 13 69 11 7 41 22 0 
1 47 3 53 74 8 54 31 6 70 52 67 51 83 81 56 78 22 62 7 49 71 32 64 73 61 57 21 60 68 35 23 11 4 2 79 19 37 34 30 28 45 50 12 18 15 63 48 43 82 26 41 13 59 42 40 44 58 46 9 76 80 69 16 17 25 24 77 5 33 10 29 20 75 38 65 72 66 39 55 14 36 27 0 84 
19 46 10 82 41 53 77 56 80 71 42 25 83 65 63 69 3 62 5 61 84 21 4 1 43 14 7 57 37 27 44 59 54 36 58 67 35 52 17 8 74 50 11 9 78 22 28 60 48 45 55 39 38 34 2 24 31 51 32 81 47 26 13 23 15 40 33 16 12 6 70 29 79 73 68 76 30 18 64 66 75 20 0 72 49 
49 51 72 73 2 79 52 3 24 16 48 78 58 4 29 77 57 83 31 55 68 13 37 34 5 20 56 50 21 75 66 6 65 7 47 74 61 41 44 39 53 36 59 15 62 71 8 27 70 9 69 82 25 23 67 33 18 63 10 11 60 12 1 0 35 54 64 19 81 43 84 40 22 26 14 38 30 32 28 45 80 46 76 17 42 
37 6 41 75 66 23 45 13 69 52 64 14 4 63 34 77 55 68 9 24 17 30 38 0 33 60 19 62 43 10 12 58 61 67 5 54 59 15 80 42 50 35 31 16 72 48 27 21 29 47 74 53 49 70 1 36 40 20 28 46 25 22 84 79 26 7 51 2 18 56 81 57 83 65 73 11 3 78 82 8 44 71 32 39 76 
63 9 35 70 59 78 3 61 2 57 52 24 5 68 34 28 16 38 15 75 25 36 43 21 10 49 65 8 26 17 23 6 14 12 30 47 71 22 54 72 7 37 29 31 62 77 48 44 56 58 66 80 69 74 45 11 19 39 13 27 83 42 53 60 46 67 79 18 73 51 20 64 40 81 4 33 41 1 50 76 82 32 0 84 55 
83 79 66 23 7 45 28 27 34 31 82 1 38 52 62 26 68 17 21 24 51 77 19 61 81 59 69 49 67 75 10 9 20 84 78 39 72 71 80 13 74 35 73 63 42 4 47 53 2 14 48 33 43 60 32 30 12 58 16 76 65 55 25 57 50 6 29 22 64 44 56 40 70 36 41 8 46 11 5 3 37 54 15 18 0 
77 62 53 36 29 44 46 8 54 83 18 40 67 2 7 75 58 31 3 33 63 56 25 51 66 4 76 20 24 50 59 5 81 55 41 72 71 42 11 39 6 48 32 37 78 9 17 82 84 10 65 64 68 23 19 12 38 21 13 28 60 14 1 26 80 16 74 22 49 57 27 45 61 30 43 34 35 47 79 52 69 70 73 0 15 
40 66 65 56 84 25 11 63 17 28 74 57 7 20 53 79 45 71 9 5 27 13 59 24 2 8 82 50 67 16 10 83 54 51 38 30 3 73 64 32 68 14 42 46 33 52 43 58 34 39 76 60 15 23 47 18 21 31 81 26 55 69 61 19 4 29 36 80 37 49 35 70 48 41 44 62 78 1 12 77 0 22 75 72 6 
38 42 70 15 44 78 62 45 6 35 77 8 76 49 57 16 37 25 84 21 34 31 56 32 51 74 79 13 19 63 43 65 7 67 61 72 9 71 82 14 40 28 20 83 27 66 2 69 12 10 30 52 46 60 64 58 26 36 41 48 55 54 23 68 81 47 53 11 5 33 29 80 3 22 39 17 50 1 75 73 24 4 59 18 0 
58 50 71 42 52 62 69 8 1 12 26 70 49 59 53 10 63 75 65 74 11 79 66 78 33 46 3 24 38 77 31 81 14 48 64 83 2 39 47 7 36 60 21 17 4 34 19 23 51 30 20 57 56 72 68 22 44 67 76 25 82 6 15 40 29 80 37 55 28 43 35 41 45 9 5 73 32 16 13 27 61 54 84 0 18 
6 2 83 54 28 8 65 17 20 78 63 52 15 73 25 22 11 9 36 50 1 12 61 57 19 41 21 31 51 48 32 45 40 29 44 13 79 71 37 18 58 76 75 4 30 16 39 74 27 67 47 23 14 26 38 80 59 5 84 56 34 62 43 69 7 42 68 53 46 49 72 10 3 33 64 70 82 77 35 55 24 66 81 0 60 
79 52 82 44 83 66 23 35 78 29 19 38 45 16 7 28 57 34 70 51 43 41 69 62 27 4 9 5 42 36 48 81 20 12 50 74 76 25 17 0 64 75 21 18 6 55 72 61 77 37 58 67 14 1 40 11 13 71 80 30 60 54 2 65 39 22 46 73 53 3 26 59 49 31 56 32 68 8 33 63 84 10 24 15 47 
70 60 12 29 19 43 68 65 20 27 51 25 37 0 22 75 14 47 45 24 80 76 26 46 56 1 72 81 36 50 62 30 6 11 61 35 17 44 10 23 2 79 59 40 63 3 52 57 54 4 67 8 49 71 7 5 78 18 64 33 74 9 48 77 82 13 32 15 28 53 16 39 66 21 69 31 34 38 73 41 42 55 58 83 84 
37 45 46 55 32 12 38 42 59 4 2 75 36 81 62 3 15 25 63 80 17 60 30 49 77 47 26 41 33 69 10 53 24 19 34 5 28 79 52 67 65 78 14 6 22 27 84 9 66 74 7 54 73 35 11 8 83 51 20 44 13 71 48 70 16 57 23 68 21 64 18 29 82 58 56 31 50 43 39 40 61 0 76 1 72 
21 63 25 75 61 48 81 40 20 10 12 80 18 16 14 6 15 50 13 31 68 62 56 60 76 38 37 41 45 7 51 53 17 66 67 64 58 27 35 69 79 83 54 36 65 8 84 23 74 30 9 4 47 34 33 73 77 19 11 42 39 49 43 78 82 24 44 59 5 71 55 28 72 2 57 32 29 52 70 3 1 26 46 0 22 
22 39 54 44 66 45 1 15 34 20 19 69 11 32 46 65 72 28 35 26 38 12 24 23 5 3 14 61 84 17 70 13 60 30 8 76 25 53 75 27 42 82 48 79 2 6 41 51 57 67 50 62 58 33 52 7 36 40 31 59 71 9 49 81 77 10 83 47 29 64 16 73 4 21 78 37 80 43 56 55 63 68 74 0 18 
58 81 36 20 14 8 39 55 59 53 26 74 46 37 27 47 2 30 77 10 83 32 79 64 31 11 40 49 44 35 12 21 60 42 70 82 43 13 78 3 48 16 54 75 41 17 23 22 66 73 5 63 19 67 45 24 6 72 51 80 76 28 4 33 68 34 52 65 29 50 56 62 71 57 61 69 18 0 15 9 38 1 84 7 25 
30 23 74 53 81 58 51 5 40 12 73 65 11 27 62 79 64 56 8 76 6 48 31 25 72 46 83 57 16 34 21 36 49 47 78 22 2 39 52 13 9 29 15 45 20 35 10 28 54 61 75 37 69 18 59 14 41 71 77 17 55 84 26 63 3 67 44 24 68 38 32 60 33 82 19 43 50 80 4 70 0 66 42 7 1 
17 20 62 84 36 7 30 42 38 50 44 81 70 8 9 58 47 65 25 72 49 29 82 48 37 10 40 54 66 73 31 11 1 18 59 64 71 13 4 69 15 23 75 39 83 16 79 12 77 21 32 45 56 60 6 24 22 57 27 41 46 28 55 51 78 33 19 35 0 52 53 34 76 63 2 68 74 80 61 5 26 67 14 43 3 
21 63 25 75 61 48 81 40 20 10 12 80 18 16 14 6 15 50 13 31 68 62 56 60 76 38 37 41 45 7 51 53 17 66 67 64 58 27 35 69 79 83 54 36 65 8 84 23 74 30 9 4 47 34 33 73 77 19 11 42 39 49 43 78 82 24 44 59 5 71 55 28 72 2 57 32 29 52 70 3 1 26 46 0 22 
23 0 46 63 13 9 69 40 39 36 38 17 11 59 37 34 24 54 16 32 31 58 29 71 78 72 44 22 79 1 20 19 62 64 8 14 12 50 3 43 6 55 10 2 51 27 82 76 45 41 74 25 68 30 57 61 56 4 49 47 35 5 77 18 7 53 73 70 48 65 28 15 81 21 42 83 60 26 33 52 80 66 67 75 84 
23 0 46 63 13 9 69 40 39 36 38 17 11 59 37 34 24 54 16 32 31 58 29 71 78 72 44 22 79 1 20 19 62 64 8 14 12 50 3 43 6 55 10 2 51 27 82 76 45 41 74 25 68 30 57 61 56 4 49 47 35 5 77 18 7 53 73 70 48 65 28 15 81 21 42 83 60 26 33 52 80 66 67 75 84 
61 39 55 3 22 76 41 56 12 75 7 27 51 46 32 14 71 34 8 44 68 74 53 16 11 73 67 78 70 58 18 31 15 84 43 50 5 66 82 21 37 23 81 79 4 62 26 60 48 6 28 64 0 57 30 54 63 33 65 83 19 45 36 38 72 40 35 10 47 25 24 69 80 13 1 9 29 77 49 42 17 59 2 52 20 
58 43 9 45 71 67 52 66 72 28 83 33 59 34 6 50 1 10 37 39 63 40 26 31 38 62 69 7 73 20 82 18 61 55 12 36 77 53 74 2 22 57 78 3 5 47 46 60 75 76 17 16 81 84 64 29 14 41 32 24 79 21 4 30 8 15 42 56 35 80 68 11 51 48 65 23 27 70 13 19 49 54 25 44 0 
7 54 81 20 56 18 49 5 51 73 36 9 21 23 27 82 24 53 19 46 75 44 71 80 47 26 35 6 12 40 2 84 15 10 68 14 48 34 58 37 38 30 65 28 45 42 11 66 17 52 78 22 3 1 77 60 25 76 83 29 33 64 67 59 55 72 41 79 39 4 13 69 43 50 16 63 74 8 61 70 32 31 62 57 0 
64 19 49 9 1 84 77 46 29 17 39 68 30 65 45 23 15 59 8 50 5 63 27 70 43 28 21 38 54 74 6 2 78 72 24 16 58 56 12 31 40 34 35 44 20 83 10 41 57 52 53 36 11 48 61 66 79 67 3 62 32 25 55 71 81 82 73 4 69 80 18 26 22 47 33 76 7 75 51 13 60 42 14 37 0 
45 26 21 34 81 10 75 73 29 15 5 52 55 60 42 49 9 78 40 33 71 35 6 57 27 70 67 59 19 39 22 80 18 68 16 51 46 47 43 12 7 54 65 56 69 20 64 30 13 32 8 76 72 74 24 58 31 83 77 48 11 2 28 14 23 44 63 66 53 50 25 82 4 3 37 0 61 36 79 38 1 62 84 17 41 
9 44 26 14 40 64 20 35 50 46 22 63 54 23 59 36 80 56 28 58 61 60 1 25 62 27 29 69 2 71 84 57 10 49 75 32 48 78 5 77 34 83 18 3 24 41 70 4 38 45 73 17 21 31 53 55 42 47 30 12 72 74 68 82 6 81 7 8 43 65 16 11 37 52 79 76 13 33 15 19 67 66 39 51 0 
47 9 4 13 27 20 79 44 65 1 82 46 74 39 15 48 17 19 68 5 69 64 70 40 59 81 36 77 56 14 72 80 37 23 50 78 51 55 28 61 76 42 38 16 22 32 0 3 7 75 8 33 11 49 83 71 63 29 67 41 66 30 43 12 34 62 6 60 57 10 58 52 2 54 25 53 45 21 26 35 31 24 18 84 73 
24 41 44 71 32 25 59 37 12 8 21 36 39 51 75 67 69 29 66 46 47 77 55 0 64 5 58 43 72 61 52 6 48 13 11 79 83 73 19 57 7 22 45 82 54 49 76 16 68 9 38 60 2 63 1 15 4 33 18 28 70 56 31 42 81 20 34 23 35 50 26 80 62 27 10 40 53 3 78 74 84 14 30 17 65 
64 0 18 75 72 67 66 79 77 69 78 22 65 27 24 15 54 81 5 56 74 57 49 45 43 31 51 17 61 1 7 60 8 32 44 73 41 2 53 6 39 11 46 3 62 47 71 52 37 50 29 80 33 35 19 68 34 4 40 63 59 9 13 20 10 23 30 28 76 12 55 14 48 16 38 42 82 21 25 26 84 36 58 70 83 
53 48 71 28 31 73 62 32 84 0 54 34 55 13 78 58 77 42 75 67 51 43 63 5 33 66 79 44 1 24 64 40 57 7 56 82 10 60 69 72 6 50 12 14 47 49 61 2 68 22 25 8 41 15 16 39 18 59 11 19 81 36 65 30 23 29 3 52 17 26 21 38 35 4 83 76 37 46 80 9 70 20 27 45 74 
42 76 69 33 18 28 26 22 75 40 82 3 9 34 77 57 55 72 41 71 60 13 70 6 80 37 62 23 81 27 2 66 5 74 64 79 44 46 21 84 48 59 63 56 58 49 36 73 7 52 20 51 50 19 11 68 38 45 43 61 67 8 83 31 30 16 54 25 24 39 53 14 32 10 4 47 0 17 65 29 15 78 1 35 12 
75 84 69 49 14 79 51 18 83 41 71 68 28 65 64 61 74 7 26 82 35 12 50 3 78 44 33 30 25 38 13 59 1 66 62 22 67 17 48 70 8 81 43 80 15 63 32 2 53 46 40 16 77 24 6 11 57 76 37 47 42 31 54 73 72 52 4 20 27 45 21 60 19 58 56 29 34 10 55 39 0 36 23 9 5 
63 33 13 59 70 55 80 9 58 40 72 1 39 24 41 38 48 34 54 25 65 6 16 42 69 47 74 53 23 7 68 62 77 14 19 21 31 36 10 76 4 44 0 71 32 28 20 84 3 52 82 75 56 15 81 11 27 18 45 35 50 78 61 83 49 57 79 12 60 26 17 30 64 66 73 22 29 46 51 37 43 5 2 67 8 
5 38 76 61 39 48 15 80 71 19 62 40 14 44 41 79 20 6 34 56 78 59 50 29 33 32 30 23 83 57 12 60 21 35 37 7 45 22 84 72 16 46 1 74 42 9 73 43 81 2 69 11 26 36 65 68 53 25 28 67 13 52 63 82 64 17 75 3 24 66 54 51 49 4 77 31 8 55 18 10 0 47 58 70 27 
5 38 76 61 39 48 15 80 71 19 62 40 14 44 41 79 20 6 34 56 78 59 50 29 33 32 30 23 83 57 12 60 21 35 37 7 45 22 84 72 16 46 1 74 42 9 73 43 81 2 69 11 26 36 65 68 53 25 28 67 13 52 63 82 64 17 75 3 24 66 54 51 49 4 77 31 8 55 18 10 0 47 58 70 27 
21 52 39 13 9 34 36 58 43 80 60 84 68 74 6 62 3 69 10 20 66 83 14 37 77 71 29 40 48 32 41 15 49 82 31 1 63 25 53 5 67 27 79 18 26 64 24 73 81 57 38 50 35 78 70 54 75 59 19 76 2 45 8 47 28 42 55 30 12 72 22 46 65 11 17 4 0 61 23 44 16 56 7 51 33 
70 83 41 74 79 10 73 4 21 29 78 69 63 64 6 46 72 2 33 61 37 32 51 52 1 15 24 40 12 39 47 34 57 49 28 31 58 17 13 71 77 56 7 82 62 20 9 55 60 48 14 5 45 68 25 27 84 80 66 16 65 35 50 26 76 38 23 18 8 53 54 75 22 67 44 0 36 19 59 43 3 42 30 11 81 
56 46 25 73 54 6 3 37 67 70 18 26 74 83 2 55 76 28 41 20 29 9 35 52 79 64 51 0 63 69 23 82 34 53 36 24 57 39 44 71 27 75 43 8 60 12 77 49 47 81 19 50 33 13 15 42 1 59 80 21 58 78 48 62 11 17 16 72 22 31 5 30 61 68 38 45 66 65 32 40 7 14 10 4 84 
74 20 71 14 31 26 64 42 30 41 34 15 62 67 22 44 28 52 13 51 84 76 25 39 83 61 17 36 23 73 77 2 75 16 40 5 49 10 29 0 57 35 56 46 32 55 82 80 33 50 81 9 8 65 72 43 68 59 4 38 11 24 1 63 79 18 70 7 37 48 78 45 69 54 27 21 12 3 66 47 60 6 58 19 53 
24 1 31 78 5 73 25 9 2 64 7 68 8 19 77 39 45 53 4 3 79 33 35 60 82 69 34 28 32 48 55 51 84 56 15 50 27 66 44 21 12 6 42 10 72 63 20 47 57 37 74 22 11 61 40 59 54 13 18 30 23 58 49 14 16 52 0 75 46 41 38 26 70 29 36 83 67 76 43 62 81 65 71 80 17 
72 65 64 51 5 38 47 24 48 22 18 21 33 6 53 45 32 27 8 14 82 30 35 31 1 26 12 9 3 62 42 11 41 81 69 37 50 13 17 7 68 71 4 57 29 80 59 56 54 19 10 63 40 67 70 58 23 39 25 79 73 28 16 55 15 78 20 44 43 49 34 75 77 60 0 76 66 74 46 84 52 36 83 61 2 
53 12 44 52 31 29 20 40 69 4 73 27 9 15 74 83 3 47 25 8 34 80 18 16 2 68 23 7 64 24 49 54 61 62 63 67 37 26 0 51 10 58 42 32 22 66 81 13 59 36 82 6 21 77 38 56 17 45 14 43 55 50 19 35 65 46 30 72 11 76 33 79 75 1 60 78 41 57 71 5 70 28 39 48 84 
22 39 54 44 66 45 1 15 34 20 19 69 11 32 46 65 72 28 35 26 38 12 24 23 5 3 14 61 84 17 70 13 60 30 8 76 25 53 75 27 42 82 48 79 2 6 41 51 57 67 50 62 58 33 52 7 36 40 31 59 71 9 49 81 77 10 83 47 29 64 16 73 4 21 78 37 80 43 56 55 63 68 74 0 18 
51 61 67 30 46 16 11 39 68 44 23 8 81 0 18 57 20 1 4 78 49 2 28 38 41 55 58 17 34 53 27 32 19 65 3 80 62 5 13 74 72 36 42 43 69 37 82 9 24 6 33 7 75 10 76 26 45 22 64 48 77 12 63 70 79 71 21 14 15 25 52 47 73 29 56 60 31 35 66 40 54 50 59 83 84 
49 30 65 73 82 14 76 38 62 78 9 26 17 6 81 52 75 83 59 43 60 56 66 51 57 72 41 0 71 37 19 32 10 15 23 53 74 46 58 69 36 22 16 54 50 25 79 67 44 8 18 80 4 31 27 63 1 5 70 29 28 20 55 45 34 48 47 21 77 68 39 7 61 33 12 24 42 64 11 2 84 35 3 13 40 
32 66 83 40 58 60 8 64 72 68 34 3 63 77 31 43 45 57 24 84 9 51 2 39 50 21 1 70 30 14 48 44 25 54 53 12 26 75 79 23 5 38 6 47 81 35 42 55 10 71 7 36 82 20 0 52 59 27 13 22 28 67 62 80 15 74 18 56 76 46 16 61 41 33 78 65 17 11 29 73 37 19 69 49 4 
42 74 24 40 29 39 46 73 3 36 77 37 6 47 17 20 34 31 80 32 2 70 13 69 16 56 0 64 79 67 72 4 54 65 44 27 18 63 19 10 71 51 41 61 83 81 58 75 76 5 38 57 59 50 49 15 33 48 7 45 55 35 14 11 30 78 62 8 28 23 43 21 12 9 26 68 22 66 53 25 60 52 82 84 1 
34 50 12 26 68 31 35 42 7 28 58 65 36 46 13 62 8 21 43 9 33 18 44 14 11 74 29 73 45 38 53 64 23 67 61 84 66 22 75 10 40 59 71 15 55 69 82 56 41 1 32 48 17 37 24 60 57 76 27 39 83 51 19 20 25 49 16 2 0 79 30 63 80 4 72 81 5 70 3 47 78 52 54 77 6 
83 43 32 49 55 67 74 38 78 27 64 7 17 8 68 51 9 19 35 62 82 60 56 50 61 58 2 13 70 22 54 36 46 16 81 52 75 47 20 11 80 44 59 1 12 41 79 57 15 18 23 33 37 34 24 31 26 45 77 30 25 21 28 10 3 6 48 42 76 84 72 4 71 63 40 29 69 73 5 14 65 66 39 53 0 
2 28 81 71 82 49 46 48 43 69 63 76 44 16 1 31 47 22 36 80 39 38 8 26 23 37 13 27 9 84 78 77 55 30 60 11 34 24 12 70 75 40 72 56 58 14 10 57 66 33 64 50 74 83 53 68 51 79 65 52 17 41 45 62 15 19 18 61 4 73 54 67 21 6 35 32 29 59 42 7 5 25 0 20 3 
11 14 49 1 83 2 3 42 69 56 21 60 53 31 45 51 32 59 81 10 17 25 47 20 65 4 79 66 74 63 78 38 34 61 44 71 23 5 67 43 29 55 77 26 6 7 82 27 35 58 16 30 19 48 39 8 46 41 80 37 62 9 13 33 64 12 57 40 70 15 18 84 75 22 68 24 73 28 76 36 50 52 54 72 0 
48 60 11 80 5 3 68 44 50 42 10 51 72 70 1 6 35 38 28 30 37 69 81 74 55 31 43 46 26 7 34 12 56 23 22 61 8 65 41 58 47 49 57 32 78 9 4 2 18 63 15 82 66 54 67 73 14 17 21 53 29 40 25 13 77 20 16 36 79 27 62 33 24 84 19 52 71 59 64 83 75 76 45 39 0 
21 81 17 34 14 18 73 8 29 25 12 59 28 42 3 80 56 5 50 2 33 66 79 76 43 78 27 57 35 40 70 23 63 13 64 61 19 55 6 83 75 47 53 74 65 36 16 45 31 72 71 9 4 44 67 69 26 68 41 24 38 30 82 7 60 58 1 54 20 0 52 51 48 49 15 46 39 10 37 32 22 11 84 62 77 
65 71 70 69 80 50 4 35 37 54 79 0 81 64 16 1 10 19 58 56 77 5 62 33 21 15 57 75 43 60 48 31 61 49 45 29 32 55 47 51 76 6 42 52 46 18 74 23 2 41 3 28 27 9 73 25 68 38 72 22 67 30 20 11 26 40 59 14 82 12 63 7 53 83 17 8 39 34 13 78 24 66 44 36 84 
27 60 62 32 2 72 25 65 81 55 36 12 84 13 71 20 49 34 57 38 8 24 51 53 16 68 17 47 46 4 10 45 61 11 76 14 31 66 26 78 3 18 0 40 69 59 44 33 29 30 48 74 79 54 22 52 9 7 6 35 37 50 75 39 77 41 67 63 58 19 15 23 64 83 70 73 21 42 43 82 28 80 56 5 1 
27 60 62 32 2 72 25 65 81 55 36 12 84 13 71 20 49 34 57 38 8 24 51 53 16 68 17 47 46 4 10 45 61 11 76 14 31 66 26 78 3 18 0 40 69 59 44 33 29 30 48 74 79 54 22 52 9 7 6 35 37 50 75 39 77 41 67 63 58 19 15 23 64 83 70 73 21 42 43 82 28 80 56 5 1 
64 56 14 35 66 25 31 15 40 8 84 60 42 9 83 18 67 79 53 2 20 11 48 37 21 63 5 76 13 0 41 17 12 69 78 45 19 23 38 58 82 50 1 33 72 54 34 26 43 27 44 75 6 29 73 49 70 3 32 55 81 36 30 10 62 24 51 52 71 57 80 4 16 65 28 47 77 7 22 59 74 39 68 46 61 
17 30 37 48 38 82 73 31 1 33 3 35 71 63 59 69 13 21 65 28 55 41 10 18 26 24 62 68 46 47 16 57 81 50 27 49 2 54 84 19 34 4 72 61 8 79 66 67 70 40 52 42 58 78 29 44 43 5 20 9 7 15 45 6 36 77 53 83 0 75 14 12 25 51 22 74 80 60 23 76 39 32 64 56 11 
43 9 44 32 13 36 34 38 45 66 20 40 5 70 11 28 35 12 33 21 51 24 49 78 3 55 48 10 0 17 77 67 18 61 19 76 80 63 75 56 6 73 68 23 65 72 74 46 81 52 57 25 39 47 64 7 22 29 41 26 62 31 14 60 42 59 1 15 54 4 27 71 58 82 37 30 50 8 53 79 83 16 2 84 69 
75 11 33 22 65 58 78 70 64 38 39 67 35 84 25 28 68 7 21 5 0 51 72 43 76 48 36 60 50 56 8 53 49 62 69 55 16 34 12 59 66 45 18 19 40 27 54 81 44 83 57 13 9 15 1 14 37 30 24 42 31 82 32 17 47 73 77 80 26 29 20 71 2 79 41 46 74 63 23 61 3 52 10 6 4 
65 42 41 38 76 53 47 24 0 7 17 16 8 23 56 1 48 20 61 2 69 28 3 25 6 49 30 46 13 70 4 35 67 83 81 72 31 37 39 71 5 51 54 9 80 27 59 19 40 52 10 44 11 60 50 12 84 57 66 79 62 73 55 14 15 45 33 18 77 26 21 22 78 63 29 32 34 58 36 43 64 75 68 74 82 
72 56 3 47 52 77 1 10 45 59 53 11 35 37 62 50 60 6 81 25 64 30 19 34 82 43 70 76 20 0 66 79 46 14 63 33 44 15 61 40 58 32 36 24 9 71 17 28 18 78 16 8 54 68 74 5 69 2 75 27 80 29 7 83 51 48 57 65 22 39 13 4 49 55 73 23 41 12 21 38 42 26 84 31 67 
63 44 60 83 41 28 67 59 9 38 24 58 77 80 26 70 15 13 30 23 54 36 31 35 42 8 64 48 21 69 82 18 22 4 50 81 40 76 7 25 46 39 66 2 79 57 34 78 32 73 53 20 51 72 68 14 5 47 43 10 75 65 49 74 3 27 71 56 52 55 29 6 16 45 62 61 19 17 11 12 37 0 84 1 33 
47 65 18 62 16 77 73 17 46 39 76 54 0 20 22 28 68 81 66 11 53 74 56 43 8 72 84 31 82 10 45 25 5 27 23 69 2 67 19 57 13 59 9 42 38 64 35 80 29 37 51 75 26 60 6 58 61 24 48 49 52 50 32 34 3 44 79 78 63 33 30 40 12 15 83 7 70 1 14 55 36 4 41 21 71 
51 75 68 48 35 6 24 41 27 33 81 58 49 73 83 55 12 40 74 16 65 7 70 10 72 34 46 54 15 67 53 11 39 61 25 79 52 64 31 60 43 21 45 63 9 8 84 66 23 57 20 0 30 14 19 77 26 50 22 37 76 44 36 56 38 17 47 29 1 28 71 13 82 4 18 62 80 69 42 5 3 59 78 2 32 
3 73 28 52 69 9 68 51 56 62 36 31 30 57 16 72 54 23 20 22 64 10 41 81 27 70 44 40 25 21 29 15 79 80 4 12 14 46 45 43 5 78 1 63 19 18 26 48 67 35 60 55 50 24 77 58 84 49 38 75 32 0 83 71 37 34 82 59 8 42 11 7 65 2 61 74 33 6 39 13 66 17 47 53 76 
59 29 19 17 14 33 61 11 8 74 84 77 34 5 24 39 2 36 37 55 35 63 69 25 66 45 16 7 13 49 32 68 28 64 15 83 1 54 30 51 31 80 27 62 43 67 23 65 73 10 75 60 21 42 50 82 12 3 48 44 81 20 6 76 41 47 46 26 53 72 79 4 71 40 58 78 52 56 9 70 57 18 38 22 0 
14 31 42 57 12 59 67 13 9 83 45 47 30 36 80 54 33 18 0 56 84 7 41 46 2 76 8 50 58 48 17 22 64 66 79 25 39 11 61 6 74 81 24 63 28 32 27 78 5 71 23 38 26 19 3 70 15 10 49 51 55 34 21 77 44 68 75 62 72 37 53 16 82 43 69 35 29 65 20 1 73 52 4 40 60 
8 50 49 28 42 58 79 39 22 65 48 38 11 15 17 77 31 32 75 57 83 51 67 62 82 16 34 10 26 30 68 19 24 61 43 73 7 66 47 45 21 40 52 9 59 25 81 41 80 27 70 63 18 5 36 35 20 69 44 33 64 53 2 84 14 56 0 71 37 13 76 46 74 3 78 12 29 55 1 6 60 23 54 72 4 
41 25 24 21 10 1 30 68 53 44 71 60 8 2 50 15 59 54 29 18 81 67 64 3 27 4 84 56 57 39 74 61 58 16 13 22 80 5 78 43 6 32 23 51 46 7 49 83 36 9 34 26 40 52 11 12 35 77 42 38 48 14 0 66 31 19 82 20 62 28 33 75 72 37 47 45 55 63 73 65 69 70 76 79 17 
54 14 33 6 38 59 57 48 55 83 31 26 75 73 0 17 80 67 5 47 58 28 45 74 21 19 22 46 25 20 77 11 65 32 36 7 27 69 81 78 84 70 62 29 10 34 9 79 52 60 37 49 12 56 63 40 4 42 23 61 13 50 71 64 51 53 76 30 8 24 82 1 35 15 41 39 72 66 2 18 68 43 44 3 16 
12 30 66 61 34 40 55 31 41 78 53 32 65 5 52 71 43 35 63 60 54 73 69 64 20 19 10 37 77 42 75 6 14 46 47 82 11 7 83 62 57 44 33 56 27 80 59 70 67 8 45 74 24 48 28 36 81 1 13 4 76 16 29 9 23 72 49 18 51 21 3 2 22 38 25 68 50 58 15 84 26 17 79 39 0 
55 38 41 26 23 75 16 43 51 48 21 6 49 15 32 11 30 53 39 74 34 73 81 9 61 71 29 13 36 62 70 80 82 63 64 31 14 67 84 0 7 65 56 77 50 59 83 5 12 28 22 8 57 54 20 52 27 33 72 40 68 45 1 44 69 37 17 66 18 25 24 60 79 4 3 2 47 76 42 35 10 58 78 19 46 
52 4 15 79 39 34 22 64 20 13 44 25 10 76 24 42 5 67 32 55 46 23 65 71 81 74 48 14 49 51 9 17 30 57 1 26 21 35 31 7 73 80 56 8 75 69 45 33 53 68 82 47 18 43 59 63 29 11 37 19 50 62 12 77 16 60 61 54 2 0 41 36 58 38 72 27 6 3 78 83 66 28 70 40 84 
77 30 78 59 24 65 72 0 40 46 47 7 8 9 29 3 42 34 6 63 69 20 70 57 54 60 49 23 64 44 56 36 33 41 15 75 26 53 73 17 82 50 48 62 31 43 1 11 14 16 5 71 38 37 28 35 55 10 81 2 67 22 45 19 51 13 25 39 66 83 79 18 4 61 52 27 76 80 32 12 68 74 21 58 84 
10 54 66 70 61 46 79 36 26 73 5 30 20 6 76 31 60 77 50 58 43 37 41 21 72 7 84 34 12 81 38 8 52 15 71 9 55 49 25 48 11 47 40 22 57 13 78 63 64 14 62 68 32 80 42 16 74 75 17 27 18 19 4 3 45 28 39 29 56 69 33 67 59 35 23 51 53 65 44 83 0 2 82 24 1 
64 23 2 51 62 41 42 12 73 26 68 37 55 27 32 10 63 59 39 84 30 52 29 72 54 83 57 36 31 33 82 6 21 15 78 13 50 43 76 48 20 81 56 45 11 80 18 49 74 53 16 25 79 9 58 77 71 66 7 28 22 75 5 70 3 69 14 19 60 35 67 44 61 65 47 46 24 40 4 38 34 17 8 1 0 
14 60 67 61 65 20 53 72 10 42 68 64 40 38 77 73 57 34 74 84 46 41 19 25 2 83 75 18 27 4 82 50 59 56 21 12 36 55 39 45 81 80 26 29 31 33 51 1 43 79 52 71 78 6 48 76 30 7 16 32 22 28 9 70 62 69 3 66 54 11 63 13 0 58 49 47 44 17 23 37 35 24 15 8 5 
75 36 7 27 39 0 12 1 26 56 19 23 64 2 49 63 61 33 29 3 4 25 53 28 74 5 68 66 76 16 6 59 24 8 46 72 10 9 37 14 11 13 84 78 58 15 17 40 51 18 48 69 20 54 55 21 50 42 44 22 67 30 34 31 77 32 65 35 60 38 41 73 43 45 47 52 57 62 71 70 79 80 81 82 83 
71 35 32 47 8 33 65 39 48 3 81 45 53 84 2 24 36 5 4 69 79 83 49 61 63 16 28 31 60 12 50 56 1 58 30 37 51 82 64 54 44 62 0 73 11 68 76 10 9 80 43 14 46 78 29 25 67 20 22 26 72 77 19 34 55 41 15 75 17 74 57 38 52 70 59 7 66 42 6 40 18 27 23 21 13 
51 75 68 48 35 6 24 41 27 33 81 58 49 73 83 55 12 40 74 16 65 7 70 10 72 34 46 54 15 67 53 11 39 61 25 79 52 64 31 60 43 21 45 63 9 8 84 66 23 57 20 0 30 14 19 77 26 50 22 37 76 44 36 56 38 17 47 29 1 28 71 13 82 4 18 62 80 69 42 5 3 59 78 2 32 
40 27 55 53 73 36 14 63 69 29 68 20 67 59 71 65 38 25 70 62 5 3 8 31 41 19 52 56 39 42 61 21 77 48 9 58 76 4 12 60 26 13 22 51 18 80 37 64 44 33 47 57 45 6 74 35 24 84 46 11 30 7 34 23 17 78 43 81 28 10 0 83 49 16 72 54 75 32 82 50 1 79 2 66 15 
52 78 74 17 84 59 25 11 7 45 36 24 23 20 63 8 44 1 56 39 50 34 49 10 57 27 5 76 65 75 13 83 79 61 58 14 62 71 29 66 32 53 19 70 35 37 3 67 82 12 40 2 55 33 81 30 42 26 72 47 38 16 80 4 9 6 48 28 15 69 64 54 21 43 18 22 60 68 41 77 31 46 73 51 0 
68 80 47 58 10 3 56 1 48 18 83 16 28 24 41 30 46 65 22 72 70 26 51 76 19 61 7 54 50 78 49 59 67 39 55 35 77 31 79 66 44 15 53 74 27 5 2 32 25 40 57 37 60 43 69 29 14 73 21 4 82 64 42 34 63 9 71 6 0 13 81 45 11 38 8 23 17 36 33 20 75 84 52 62 12 
19 84 54 46 83 40 20 44 13 3 51 35 78 82 56 81 76 23 50 42 68 70 80 15 75 79 45 73 57 77 30 74 52 18 2 27 8 34 72 29 71 60 4 69 7 67 5 9 61 66 65 37 6 48 28 64 59 63 62 33 43 58 47 31 55 53 11 49 10 22 41 39 12 38 14 36 32 26 25 24 21 17 16 1 0 
68 19 47 72 29 3 13 66 44 12 33 57 7 24 38 42 21 65 63 9 64 27 28 35 60 62 16 37 77 31 30 1 76 58 56 5 74 39 70 78 52 14 80 41 55 6 49 23 26 48 83 45 17 53 69 36 73 59 2 25 10 75 61 22 82 11 50 4 0 20 81 40 67 51 54 32 15 43 79 18 71 84 34 46 8 
50 40 35 10 59 0 20 18 83 28 30 7 23 76 22 52 13 24 26 82 72 46 31 11 32 61 1 49 67 64 37 48 15 33 34 2 42 38 12 21 25 53 17 81 29 3 51 65 16 73 14 56 80 4 41 45 6 57 8 68 5 70 58 79 78 9 44 63 84 19 69 75 43 54 74 27 39 36 71 66 47 55 62 60 77 
55 72 0 50 24 16 23 59 17 53 25 41 11 30 77 19 81 69 47 76 52 63 67 22 10 48 71 27 70 21 26 37 62 43 64 79 36 84 7 34 6 31 46 58 13 33 32 15 82 56 39 54 68 40 45 8 51 44 75 2 73 83 66 57 20 61 29 12 9 80 18 3 4 78 35 42 49 74 5 65 1 60 38 28 14 
55 72 0 50 24 16 23 59 17 53 25 41 11 30 77 19 81 69 47 76 52 63 67 22 10 48 71 27 70 21 26 37 62 43 64 79 36 84 7 34 6 31 46 58 13 33 32 15 82 56 39 54 68 40 45 8 51 44 75 2 73 83 66 57 20 61 29 12 9 80 18 3 4 78 35 42 49 74 5 65 1 60 38 28 14 
48 84 79 83 51 3 5 82 59 60 25 68 8 67 27 16 18 38 46 14 49 66 54 33 50 31 11 63 24 40 52 35 77 81 21 37 71 61 70 65 39 17 42 80 78 4 76 30 47 45 23 73 20 43 62 57 29 75 64 74 69 22 34 26 72 6 56 10 53 7 28 58 55 44 0 12 19 13 41 36 15 32 9 2 1 
34 10 17 8 68 79 7 4 3 2 9 51 69 18 55 33 1 46 41 76 12 21 22 73 67 52 84 44 61 23 28 24 47 54 60 13 80 26 53 48 39 32 63 27 20 75 14 6 19 36 65 0 71 38 64 25 83 42 43 29 30 50 11 66 57 72 16 59 5 70 40 77 45 81 37 56 31 49 62 78 82 58 35 15 74 
13 60 42 38 72 46 27 18 66 39 8 22 58 71 35 3 63 59 9 78 55 56 81 32 21 31 77 82 50 4 74 64 33 69 79 51 48 16 36 45 40 24 1 29 76 6 34 80 43 53 7 26 67 23 68 62 75 10 41 52 19 30 12 57 70 11 73 17 61 49 37 14 20 84 25 15 47 28 44 83 54 65 5 2 0 
4 28 55 31 64 20 61 63 77 12 10 47 58 60 23 84 3 70 43 5 56 6 11 16 9 54 76 57 44 40 25 51 1 50 36 19 37 8 74 13 48 14 32 65 68 42 41 29 17 39 83 62 15 18 33 34 38 82 26 24 46 21 22 27 49 81 69 78 35 30 71 80 53 45 52 79 72 59 75 66 73 67 0 7 2 
14 60 67 61 65 20 53 72 10 42 68 64 40 38 77 73 57 34 74 84 46 41 19 25 2 83 75 18 27 4 82 50 59 56 21 12 36 55 39 45 81 80 26 29 31 33 51 1 43 79 52 71 78 6 48 76 30 7 16 32 22 28 9 70 62 69 3 66 54 11 63 13 0 58 49 47 44 17 23 37 35 24 15 8 5 
58 45 10 42 31 57 16 29 74 51 37 21 77 24 63 3 14 53 7 44 71 28 4 32 72 49 48 59 69 70 52 5 41 1 39 61 40 35 43 68 8 67 13 9 0 27 65 19 50 56 12 22 2 66 73 17 30 62 18 11 36 82 55 54 23 76 38 25 47 34 26 33 15 81 6 64 75 80 78 79 83 46 20 84 60 
23 12 58 63 19 73 79 20 83 66 70 0 11 42 21 82 56 48 15 52 26 29 72 18 46 67 7 54 4 22 81 32 59 71 9 62 53 61 3 5 36 39 8 30 41 60 40 49 1 2 80 24 31 55 43 51 33 38 65 68 45 44 13 78 50 34 16 6 35 27 25 77 47 10 76 75 14 64 74 17 69 28 37 57 84 
