48 41 31 43 50 69 67 12 49 30 7 63 20 6 57 51 23 47 29 28 42 45 53 60 32 66 21 26 17 22 11 46 1 54 14 0 55 13 3 68 37 61 39 35 58 10 24 8 4 40 5 44 19 16 64 52 2 56 62 15 33 59 25 34 18 36 9 38 27 65 
20 19 30 4 62 65 52 38 15 45 47 29 32 64 59 31 18 50 9 39 56 16 23 3 66 40 57 51 55 21 0 61 25 58 28 37 54 48 33 26 14 67 44 36 12 41 43 60 35 34 1 49 68 27 2 42 13 24 10 8 5 63 6 69 46 7 11 22 17 53 
49 12 38 59 28 42 35 0 56 63 10 14 34 1 62 64 13 33 19 5 16 60 48 17 53 18 8 32 39 68 21 2 40 41 23 30 7 58 4 46 26 3 55 29 44 31 36 47 22 6 45 9 51 24 15 57 52 11 66 50 69 20 27 25 61 67 43 37 65 54 
49 12 38 59 28 42 35 0 56 63 10 14 34 1 62 64 13 33 19 5 16 60 48 17 53 18 8 32 39 68 21 2 40 41 23 30 7 58 4 46 26 3 55 29 44 31 36 47 22 6 45 9 51 24 15 57 52 11 66 50 69 20 27 25 61 67 43 37 65 54 
56 24 47 10 32 12 34 0 66 17 7 54 33 52 19 53 46 15 68 18 8 31 44 63 38 58 48 35 1 25 11 43 6 21 39 45 27 65 67 61 14 62 36 23 64 16 20 3 29 2 28 22 4 55 60 40 5 59 42 51 49 9 57 13 26 37 50 30 41 69 
14 13 26 40 10 44 19 33 64 32 4 36 2 22 0 69 41 55 1 12 24 61 28 58 56 34 52 7 49 48 45 25 31 43 59 29 53 20 38 62 9 6 3 8 5 47 54 46 37 27 18 66 50 35 11 23 15 16 42 68 51 21 17 30 65 67 39 60 57 63 
24 49 52 25 26 47 41 3 64 18 63 34 13 7 48 31 39 43 22 46 33 4 9 27 2 62 5 54 42 14 28 36 12 69 60 53 35 56 15 59 58 29 21 8 51 68 17 6 10 16 55 30 50 67 32 44 57 23 38 11 37 20 65 40 0 66 45 1 19 61 
33 25 47 14 46 68 9 67 5 10 17 39 27 18 43 56 34 40 52 38 31 26 37 6 42 66 32 41 29 58 60 65 20 4 51 64 19 16 15 8 30 54 11 63 28 62 1 3 69 59 48 49 23 45 36 57 21 55 2 61 13 50 7 44 12 35 22 24 53 0 
17 10 12 16 41 2 28 59 8 35 9 15 54 48 42 50 11 1 25 43 67 20 14 52 55 18 30 32 57 63 19 53 69 34 21 38 27 6 56 23 24 40 5 29 47 65 31 39 58 44 33 68 36 51 37 45 7 4 60 26 62 64 66 22 3 46 61 13 49 0 
3 23 1 65 34 68 11 57 69 67 16 7 29 18 24 64 53 2 48 4 35 37 39 43 66 62 15 12 50 31 55 61 25 63 45 8 5 59 21 60 30 49 40 38 27 56 6 58 26 32 42 44 20 9 36 52 14 51 10 47 19 46 13 28 17 41 22 33 54 0 
5 62 22 26 28 44 58 68 64 20 30 9 6 55 7 34 54 15 1 8 24 40 53 57 25 41 42 21 35 29 11 2 51 19 50 13 47 59 48 63 61 14 16 43 3 45 38 49 12 67 23 33 32 18 31 56 36 4 10 37 52 66 60 65 17 0 39 46 69 27 
36 30 4 55 13 50 22 17 60 35 43 49 46 3 45 1 31 65 26 28 66 32 54 61 44 9 18 57 62 67 63 56 37 24 41 2 8 21 40 47 12 19 16 64 52 58 29 15 34 48 53 7 20 11 14 27 39 38 0 6 51 59 33 10 5 25 23 42 68 69 
30 65 68 64 4 52 15 62 37 61 11 10 7 38 36 20 5 56 67 66 41 58 63 50 25 55 35 33 23 24 47 60 18 19 40 53 59 6 27 3 21 13 2 12 57 16 54 46 14 45 32 42 17 51 49 39 8 48 44 26 0 29 43 22 34 1 31 28 9 69 
16 56 25 14 43 18 62 65 12 46 20 64 32 55 21 66 4 6 24 9 38 44 58 23 49 48 63 42 28 11 30 31 13 50 5 35 52 15 54 29 39 67 40 7 45 1 51 27 60 57 59 26 10 33 36 2 8 19 34 53 47 37 0 22 68 17 3 61 41 69 
25 58 28 30 3 39 48 19 69 0 17 43 23 66 13 34 37 51 49 38 52 35 41 5 15 1 7 59 65 55 62 16 64 33 53 47 56 8 22 68 31 44 24 2 21 27 10 36 11 61 54 60 32 42 46 4 57 45 14 18 29 6 26 50 40 9 67 12 63 20 
30 9 44 68 13 17 11 10 45 25 37 64 4 24 2 58 49 19 3 59 56 5 62 28 50 0 54 52 48 38 21 31 35 60 36 63 18 27 23 16 1 14 8 33 12 47 57 39 43 40 42 69 6 41 53 7 22 26 51 20 15 29 46 55 32 34 66 61 65 67 
47 24 67 44 28 45 62 59 52 66 65 56 11 22 37 31 32 1 36 64 49 6 12 27 2 40 8 51 54 3 26 7 38 9 18 23 63 57 53 34 61 21 14 0 13 35 29 5 19 43 60 15 41 58 42 55 25 17 50 33 48 4 16 68 39 30 20 10 69 46 
48 34 43 61 22 3 59 37 26 63 68 41 65 54 7 39 42 45 55 29 20 47 27 16 51 67 30 28 56 2 66 21 11 64 62 18 12 40 44 50 60 53 9 13 33 38 58 23 0 32 57 17 52 19 14 49 15 6 46 1 36 35 31 69 24 10 8 5 4 25 
22 45 18 54 21 17 60 56 10 9 2 15 24 29 32 55 66 27 42 49 61 23 57 13 68 48 67 12 11 0 39 34 38 43 30 46 37 44 51 20 4 40 59 63 7 50 36 65 64 25 5 3 53 6 28 14 41 26 16 62 19 47 58 8 33 35 52 69 1 31 
66 46 36 45 41 1 33 58 25 3 18 62 6 7 30 65 21 55 53 26 37 23 22 27 0 28 64 57 15 34 31 4 10 42 38 63 8 16 2 56 44 13 61 48 43 9 51 5 60 39 59 19 68 14 11 17 52 20 35 50 49 67 12 40 54 29 24 47 32 69 
66 46 36 45 41 1 33 58 25 3 18 62 6 7 30 65 21 55 53 26 37 23 22 27 0 28 64 57 15 34 31 4 10 42 38 63 8 16 2 56 44 13 61 48 43 9 51 5 60 39 59 19 68 14 11 17 52 20 35 50 49 67 12 40 54 29 24 47 32 69 
14 35 4 16 50 38 58 55 54 31 5 59 30 68 34 28 51 40 10 6 63 11 7 49 52 8 39 21 46 37 9 64 67 3 13 27 15 29 45 42 17 65 0 36 24 57 19 41 12 26 22 66 23 25 32 33 1 56 44 20 48 53 60 2 62 69 18 47 43 61 
32 18 6 43 33 62 15 45 51 27 50 53 48 3 59 67 63 24 22 8 58 14 41 35 26 17 47 34 29 49 38 30 40 13 61 66 9 65 25 23 21 20 46 56 52 44 10 57 16 64 2 5 42 19 68 55 11 28 36 54 4 12 60 37 0 31 39 1 7 69 
62 15 27 37 0 46 3 54 57 60 48 47 14 11 41 28 64 51 56 12 18 69 25 1 58 20 34 8 10 36 5 7 52 19 61 53 50 2 9 42 31 32 22 59 43 35 55 44 4 24 16 38 49 39 17 66 30 23 40 6 26 33 29 68 13 63 65 21 45 67 
24 29 40 51 68 36 50 10 65 69 38 62 2 47 45 11 33 19 44 5 48 63 66 46 37 25 64 6 15 26 21 58 3 41 17 49 8 61 28 57 9 4 23 1 22 30 60 16 59 34 52 12 39 18 56 20 53 42 55 54 27 7 43 31 35 67 14 13 0 32 
14 33 2 61 66 21 16 40 7 11 19 69 17 15 23 41 10 51 8 3 50 27 28 25 53 68 35 55 30 18 32 59 57 42 52 34 4 63 37 13 39 36 44 24 20 31 48 38 62 54 56 46 29 5 65 67 0 43 9 49 26 64 58 1 22 60 45 47 6 12 
12 67 41 50 31 34 21 37 22 6 14 62 32 46 15 66 55 33 44 7 17 18 54 63 29 65 10 4 23 48 24 9 68 0 49 27 13 61 45 47 30 60 35 40 16 38 39 59 25 43 51 64 19 20 8 57 58 28 1 53 5 52 36 56 2 26 3 11 42 69 
48 7 27 50 49 30 37 38 33 52 68 62 46 26 41 14 43 51 2 60 55 59 45 12 40 67 3 54 57 8 24 44 10 17 66 21 53 22 4 69 64 20 13 16 5 32 28 19 6 39 63 23 61 34 9 58 29 11 56 15 47 42 18 65 35 31 25 1 0 36 
43 23 65 30 62 8 38 9 26 32 27 34 47 16 55 61 46 5 64 40 59 51 50 66 31 11 20 18 48 13 3 14 60 58 69 15 56 52 4 45 49 19 35 21 54 42 28 0 41 24 7 53 68 39 10 33 2 37 67 22 17 63 25 6 57 36 44 29 12 1 
43 23 65 48 42 13 11 32 9 38 27 8 31 50 56 10 62 5 54 40 33 21 17 29 37 61 30 66 51 28 3 49 36 57 19 15 63 16 24 20 58 64 41 53 35 68 26 0 60 22 6 1 46 52 47 39 4 2 69 55 18 14 34 12 67 45 59 44 25 7 
25 14 53 10 69 17 22 12 49 63 41 65 29 50 13 11 60 30 21 26 62 55 48 34 56 32 68 4 18 6 59 2 5 16 27 47 38 67 42 31 9 54 33 51 40 57 35 43 66 36 46 7 39 0 15 23 58 8 64 61 28 19 24 44 52 1 45 37 20 3 
39 11 14 66 5 17 46 13 20 9 36 2 48 45 33 63 40 62 1 65 42 67 58 16 21 47 8 15 24 55 22 29 64 56 54 7 30 12 26 37 69 25 60 4 3 19 51 38 27 43 35 59 49 53 41 68 52 6 31 32 61 18 10 44 57 50 23 34 28 0 
34 21 52 40 51 42 31 6 30 45 64 5 2 33 9 7 57 14 37 48 8 41 47 15 68 38 44 3 13 65 25 0 19 16 18 69 36 35 66 62 58 10 22 46 1 20 26 63 23 28 55 39 29 67 60 50 32 4 49 27 43 56 59 61 11 54 24 12 17 53 
9 58 65 49 3 31 25 34 15 22 46 12 4 8 32 20 30 50 5 19 44 64 59 69 18 61 6 67 17 55 68 7 45 36 10 24 57 11 51 35 27 13 56 53 14 21 43 39 16 38 66 29 23 52 40 47 48 26 28 33 63 37 62 2 42 60 54 0 41 1 
9 58 65 49 3 31 25 34 15 22 46 12 4 8 32 20 30 50 5 19 44 64 59 69 18 61 6 67 17 55 68 7 45 36 10 24 57 11 51 35 27 13 56 53 14 21 43 39 16 38 66 29 23 52 40 47 48 26 28 33 63 37 62 2 42 60 54 0 41 1 
28 45 39 35 60 18 10 63 22 13 46 49 64 2 53 29 3 16 25 54 11 21 40 5 68 59 55 36 24 26 33 8 4 61 6 57 12 50 27 47 20 58 38 7 51 30 9 67 42 48 66 14 15 23 44 41 0 34 19 17 65 32 37 1 52 62 56 69 31 43 
63 41 42 29 36 68 25 14 13 20 61 38 11 57 60 16 5 45 50 55 3 0 59 62 64 33 21 32 54 12 53 19 17 44 8 52 15 4 51 30 49 27 48 10 31 7 47 58 39 43 40 28 22 26 37 35 34 67 23 6 18 56 2 1 69 65 24 66 46 9 
63 41 42 29 36 68 25 14 13 20 61 38 11 57 60 16 5 45 50 55 3 0 59 62 64 33 21 32 54 12 53 19 17 44 8 52 15 4 51 30 49 27 48 10 31 7 47 58 39 43 40 28 22 26 37 35 34 67 23 6 18 56 2 1 69 65 24 66 46 9 
67 36 5 17 60 45 1 21 9 23 66 10 58 54 32 3 14 28 41 53 65 27 48 59 20 42 22 61 64 8 31 6 15 38 19 63 12 50 2 24 62 47 57 29 11 56 33 40 43 55 52 26 35 18 4 51 49 16 46 13 44 0 25 39 37 34 30 7 69 68 
9 30 59 19 44 42 46 2 17 34 35 49 32 13 11 25 40 5 20 36 14 3 63 6 51 52 67 69 41 37 18 53 23 29 60 21 54 16 24 39 68 65 26 4 43 28 56 15 62 7 38 48 50 27 47 66 55 0 31 58 64 10 8 22 61 57 12 45 33 1 
23 67 48 19 41 25 3 57 33 46 4 52 47 29 64 35 17 34 30 42 5 44 6 20 66 54 62 21 13 59 7 65 10 49 28 45 26 12 8 68 9 27 58 39 61 11 14 60 53 32 15 22 56 51 16 18 43 55 24 38 31 50 36 2 40 63 69 0 37 1 
23 67 48 19 41 25 3 57 33 46 4 52 47 29 64 35 17 34 30 42 5 44 6 20 66 54 62 21 13 59 7 65 10 49 28 45 26 12 8 68 9 27 58 39 61 11 14 60 53 32 15 22 56 51 16 18 43 55 24 38 31 50 36 2 40 63 69 0 37 1 
33 45 11 24 69 19 60 5 34 32 27 54 66 9 58 53 29 3 42 15 61 56 35 36 30 38 68 37 7 40 43 8 50 41 47 65 18 67 49 63 51 59 39 55 10 44 64 57 62 12 4 20 14 26 21 23 16 17 52 48 6 25 46 28 31 13 22 2 1 0 
23 30 51 67 62 45 17 25 20 33 61 26 64 42 9 59 29 21 19 44 34 53 22 63 43 36 57 69 37 54 55 24 65 49 5 40 18 50 31 38 48 56 11 58 35 66 39 7 32 2 28 52 8 60 1 15 27 10 13 12 6 41 3 14 68 46 4 47 16 0 
62 54 0 39 19 18 48 30 61 53 13 41 64 58 24 8 23 40 5 1 17 31 20 36 12 45 66 34 10 50 25 56 21 22 2 57 3 43 32 55 33 60 51 47 11 37 38 27 65 16 46 42 4 6 63 67 29 26 7 52 15 9 49 69 14 44 28 35 59 68 
2 52 66 61 43 28 5 56 20 59 14 29 24 40 54 51 8 45 53 38 30 32 50 4 41 67 27 69 47 23 17 46 21 64 42 3 62 15 9 36 25 48 35 12 34 63 31 11 65 22 39 55 16 57 10 58 6 1 0 60 18 44 33 19 7 37 13 26 49 68 
13 48 65 62 18 45 3 69 4 17 28 51 29 2 35 37 46 9 58 40 20 30 53 68 1 14 61 52 67 27 7 32 39 12 66 25 57 36 8 10 54 55 64 22 43 34 31 5 50 63 15 11 60 44 19 38 59 23 56 33 21 49 24 47 42 26 41 16 6 0 
57 63 19 23 31 29 69 33 40 28 54 26 53 2 16 8 61 59 37 3 39 11 68 64 56 4 12 5 47 43 14 25 41 17 22 46 42 62 67 9 38 36 35 51 1 7 66 49 21 27 24 10 48 13 65 15 6 18 60 50 52 30 58 20 55 34 45 44 32 0 
65 36 48 55 27 5 3 11 49 39 18 14 4 24 64 8 37 34 44 43 35 23 6 21 22 0 50 15 19 60 63 38 69 67 54 59 29 57 9 30 40 10 58 1 17 2 16 46 26 41 56 68 42 53 20 7 51 32 28 45 47 12 33 31 61 13 66 25 62 52 
5 25 33 9 23 50 13 61 14 28 19 39 20 16 29 12 60 54 31 67 24 6 44 66 1 0 69 49 56 46 62 11 57 2 52 15 64 43 30 32 38 40 48 47 53 41 8 4 68 37 55 42 34 59 45 3 22 27 18 65 35 7 26 58 36 10 63 17 51 21 
5 25 33 9 23 50 13 61 14 28 19 39 20 16 29 12 60 54 31 67 24 6 44 66 1 0 69 49 56 46 62 11 57 2 52 15 64 43 30 32 38 40 48 47 53 41 8 4 68 37 55 42 34 59 45 3 22 27 18 65 35 7 26 58 36 10 63 17 51 21 
12 69 31 17 35 61 63 5 11 32 2 15 47 7 36 43 44 45 25 65 48 67 38 29 33 52 16 6 46 66 3 10 49 59 26 23 60 68 55 21 4 22 62 14 50 20 8 64 34 19 9 27 54 53 41 13 57 30 18 58 24 40 28 51 37 39 42 56 0 1 
10 8 4 37 66 13 61 43 52 2 25 55 28 7 32 51 3 60 48 53 41 24 15 46 16 33 65 12 64 35 0 42 45 19 39 22 11 63 56 34 49 57 62 6 27 18 26 29 59 58 1 21 14 23 40 31 54 67 47 44 5 20 9 38 36 17 30 69 50 68 
21 49 48 69 22 65 19 0 4 29 59 30 68 46 42 26 11 56 45 39 2 38 6 28 37 57 67 50 33 20 16 14 3 66 53 41 25 44 40 8 52 64 15 23 24 5 10 9 63 1 43 12 36 58 18 34 47 55 27 62 13 7 35 17 54 32 61 31 60 51 
21 49 48 69 22 65 19 0 4 29 59 30 68 46 42 26 11 56 45 39 2 38 6 28 37 57 67 50 33 20 16 14 3 66 53 41 25 44 40 8 52 64 15 23 24 5 10 9 63 1 43 12 36 58 18 34 47 55 27 62 13 7 35 17 54 32 61 31 60 51 
24 5 38 36 48 64 61 42 21 30 52 51 25 69 28 56 22 3 26 2 7 65 12 35 44 46 0 6 63 49 41 34 32 9 40 53 8 20 57 47 31 58 62 54 55 13 18 15 1 60 16 68 11 14 37 67 45 33 43 4 27 19 10 39 29 66 17 59 23 50 
13 22 9 59 17 57 67 6 14 10 40 38 48 28 19 62 66 39 1 15 4 24 65 41 34 52 58 64 45 54 25 47 36 68 61 26 18 31 60 23 5 27 33 56 2 8 55 63 44 20 43 7 51 35 50 12 69 3 46 29 21 42 37 53 30 32 11 0 49 16 
36 55 39 38 30 50 22 64 29 47 6 31 9 60 25 53 14 0 63 27 20 33 8 7 13 37 51 19 62 66 11 59 18 65 57 2 10 67 46 61 16 23 52 34 49 43 17 26 28 48 21 41 45 12 32 35 44 42 40 58 54 5 68 3 1 15 56 4 24 69 
42 8 39 3 48 2 4 63 34 1 6 61 37 11 54 29 7 69 9 53 59 16 10 58 19 12 38 56 27 22 13 14 47 57 15 24 20 32 17 68 18 5 44 23 25 52 26 40 0 55 30 36 31 41 33 35 21 45 46 28 50 51 60 43 64 65 66 67 49 62 
30 61 26 66 63 42 68 9 21 36 34 50 35 13 38 5 0 53 18 12 28 3 46 55 22 1 60 17 51 11 54 48 24 27 39 62 56 58 67 43 2 6 8 4 40 57 20 44 49 31 33 45 7 37 65 10 16 15 41 32 14 19 64 29 23 25 59 47 52 69 
30 61 26 66 63 42 68 9 21 36 34 50 35 13 38 5 0 53 18 12 28 3 46 55 22 1 60 17 51 11 54 48 24 27 39 62 56 58 67 43 2 6 8 4 40 57 20 44 49 31 33 45 7 37 65 10 16 15 41 32 14 19 64 29 23 25 59 47 52 69 
33 63 56 15 62 35 65 27 67 34 24 40 11 59 21 58 69 3 8 49 55 66 14 60 52 10 22 19 6 54 4 36 50 43 68 61 38 46 48 53 42 20 37 64 13 39 25 32 31 9 5 30 57 12 41 26 17 28 51 16 7 47 18 44 45 23 29 2 1 0 
7 15 33 35 12 47 22 63 58 36 55 51 23 40 44 27 13 61 3 19 67 20 52 68 56 2 17 62 57 42 45 49 24 18 21 10 65 26 39 43 37 46 11 29 5 64 31 41 32 50 16 53 38 60 6 4 30 9 69 0 54 14 28 1 66 34 59 48 25 8 
51 16 3 57 1 39 26 19 67 20 37 17 7 10 32 2 36 49 34 54 31 14 12 56 62 28 42 23 64 24 58 21 13 52 15 40 6 4 55 66 5 22 61 68 63 59 29 47 8 50 43 33 35 18 41 9 48 60 45 11 25 65 69 30 27 38 53 44 46 0 
17 8 57 21 50 19 3 22 41 42 56 46 1 69 5 61 25 33 59 52 26 44 51 23 47 28 6 36 30 27 49 32 68 34 67 35 43 24 7 10 40 2 11 53 54 55 31 18 12 63 20 66 65 14 13 9 16 37 64 29 58 62 38 39 60 15 48 45 4 0 
17 8 57 21 50 19 3 22 41 42 56 46 1 69 5 61 25 33 59 52 26 44 51 23 47 28 6 36 30 27 49 32 68 34 67 35 43 24 7 10 40 2 11 53 54 55 31 18 12 63 20 66 65 14 13 9 16 37 64 29 58 62 38 39 60 15 48 45 4 0 
29 64 3 17 16 33 48 63 38 56 45 62 65 50 52 5 25 66 4 6 69 58 36 9 24 57 22 32 23 2 34 8 42 20 10 55 11 35 27 7 26 59 41 53 13 68 14 49 46 47 67 18 15 19 44 40 1 28 30 37 61 31 39 12 51 60 54 0 43 21 
48 34 4 41 36 8 51 44 50 18 67 60 9 7 66 59 3 35 43 54 12 65 64 61 63 19 33 30 62 16 58 53 39 27 32 57 10 5 24 23 56 15 55 6 20 21 52 49 11 47 46 22 13 25 45 42 40 29 38 14 37 17 31 28 26 2 1 0 69 68 
38 6 37 54 0 68 14 27 3 8 57 60 40 30 65 43 31 53 32 49 23 64 17 13 10 51 1 61 41 18 48 44 45 67 46 7 5 2 26 11 42 15 62 63 66 50 33 21 4 19 29 24 28 16 56 22 55 59 9 12 58 47 36 35 20 52 25 34 39 69 
38 6 37 54 0 68 14 27 3 8 57 60 40 30 65 43 31 53 32 49 23 64 17 13 10 51 1 61 41 18 48 44 45 67 46 7 5 2 26 11 42 15 62 63 66 50 33 21 4 19 29 24 28 16 56 22 55 59 9 12 58 47 36 35 20 52 25 34 39 69 
0 54 25 29 21 39 13 41 68 52 23 55 14 65 35 26 58 30 64 56 27 60 63 46 43 50 28 1 18 5 34 62 61 37 11 2 47 40 20 67 44 22 3 42 57 51 53 15 66 36 4 48 19 17 45 12 6 38 33 59 7 69 24 8 16 9 10 49 31 32 
43 66 54 35 17 29 40 8 19 67 61 52 36 57 33 32 45 63 53 2 44 18 6 68 25 11 24 50 47 51 20 3 14 37 30 13 39 34 9 41 58 4 1 22 46 23 15 62 59 27 49 31 69 7 21 42 5 12 38 55 26 65 56 10 64 48 16 60 28 0 
17 66 13 40 5 51 10 21 8 41 23 55 28 42 24 36 48 57 30 65 9 15 61 6 32 29 7 27 34 16 37 18 31 50 43 44 33 11 22 19 52 59 53 25 63 20 58 64 12 62 67 49 69 54 39 2 4 46 35 38 56 68 1 26 60 14 3 47 45 0 
20 8 38 36 42 27 31 69 6 66 23 29 54 55 24 5 58 52 15 2 44 68 63 0 13 53 26 41 34 45 35 67 11 65 16 40 4 12 60 17 48 37 50 46 30 14 59 22 51 64 1 21 32 9 56 25 33 62 47 28 3 61 39 57 18 7 10 49 19 43 
33 25 47 14 46 68 9 67 5 10 17 39 27 18 43 56 34 40 52 38 31 26 37 6 42 66 32 41 29 58 60 65 20 4 51 64 19 16 15 8 30 54 11 63 28 62 1 3 69 59 48 49 23 45 36 57 21 55 2 61 13 50 7 44 12 35 22 24 53 0 
2 10 66 35 63 29 31 56 7 4 16 45 62 17 54 36 53 67 51 40 58 13 19 9 47 65 25 55 46 14 22 44 23 38 43 3 61 57 60 12 27 50 34 33 32 42 28 21 49 24 39 41 15 59 52 64 5 1 0 26 11 48 30 18 6 37 8 20 68 69 
37 26 57 36 56 40 28 49 35 65 54 4 58 15 64 51 19 52 12 48 47 2 14 66 5 24 45 33 34 16 44 18 62 50 69 3 39 38 60 6 31 41 59 32 22 25 23 8 21 7 20 55 68 11 46 9 43 63 67 53 30 61 13 10 42 17 29 27 1 0 
5 62 22 26 28 44 58 68 64 20 30 9 6 55 7 34 54 15 1 8 24 40 53 57 25 41 42 21 35 29 11 2 51 19 50 13 47 59 48 63 61 14 16 43 3 45 38 49 12 67 23 33 32 18 31 56 36 4 10 37 52 66 60 65 17 0 39 46 69 27 
18 10 8 54 37 21 19 4 15 52 35 41 29 23 44 32 31 69 61 38 67 5 25 47 14 22 20 55 6 16 13 59 36 24 7 45 26 1 46 39 66 58 11 62 53 65 50 34 43 12 33 63 17 42 0 64 28 40 30 3 60 49 2 56 57 51 9 48 27 68 
30 65 68 64 4 52 15 62 37 61 11 10 7 38 36 20 5 56 67 66 41 58 63 50 25 55 35 33 23 24 47 60 18 19 40 53 59 6 27 3 21 13 2 12 57 16 54 46 14 45 32 42 17 51 49 39 8 48 44 26 0 29 43 22 34 1 31 28 9 69 
61 11 3 43 44 33 21 6 69 52 14 68 35 60 24 51 29 23 41 27 30 57 50 40 15 64 28 42 7 12 18 8 58 2 47 54 5 19 45 67 26 0 49 62 16 59 34 36 63 17 38 46 20 10 13 55 31 32 66 53 4 39 25 56 65 9 48 37 22 1 
3 56 44 16 14 47 57 34 4 67 50 59 53 12 5 19 64 25 58 60 31 6 28 1 17 23 54 7 49 32 9 11 52 40 63 10 24 33 42 13 36 41 15 62 46 68 55 29 39 35 18 38 51 37 20 66 21 26 45 8 27 43 30 48 2 65 69 22 61 0 
3 56 44 16 14 47 57 34 4 67 50 59 53 12 5 19 64 25 58 60 31 6 28 1 17 23 54 7 49 32 9 11 52 40 63 10 24 33 42 13 36 41 15 62 46 68 55 29 39 35 18 38 51 37 20 66 21 26 45 8 27 43 30 48 2 65 69 22 61 0 
12 19 24 20 21 62 6 39 36 10 51 38 25 32 68 8 34 7 28 56 60 30 9 23 33 66 35 22 18 47 45 41 50 61 11 27 52 44 13 69 31 49 65 63 53 48 14 57 58 40 2 15 17 16 29 59 64 26 42 46 3 54 55 43 0 5 37 1 4 67 
50 31 52 44 56 60 18 23 26 29 10 24 43 58 64 37 27 12 57 19 28 1 49 48 9 65 46 13 36 6 16 32 14 68 42 33 35 41 40 59 20 11 61 62 45 55 22 17 21 2 38 30 7 69 4 53 47 8 66 54 0 34 15 5 63 3 51 39 25 67 
54 16 68 14 61 51 40 21 6 48 38 4 56 57 67 18 12 15 13 66 60 35 31 1 26 30 24 43 65 69 25 19 11 28 22 41 63 50 9 10 7 44 62 32 33 52 59 46 42 58 45 27 36 55 20 8 53 47 49 5 23 2 39 37 34 64 17 3 0 29 
2 66 19 22 53 25 26 28 3 59 4 46 40 51 38 21 65 49 31 48 32 63 56 5 64 47 10 24 6 15 39 62 41 43 27 7 36 35 52 8 9 12 11 61 60 67 42 57 18 13 14 17 55 1 33 20 23 54 29 45 30 50 68 34 37 44 58 69 0 16 
2 66 19 22 53 25 26 28 3 59 4 46 40 51 38 21 65 49 31 48 32 63 56 5 64 47 10 24 6 15 39 62 41 43 27 7 36 35 52 8 9 12 11 61 60 67 42 57 18 13 14 17 55 1 33 20 23 54 29 45 30 50 68 34 37 44 58 69 0 16 
18 29 58 51 48 63 25 27 52 6 33 42 38 8 40 15 20 44 45 30 68 13 60 46 41 67 35 47 4 61 11 31 50 57 24 32 43 21 55 26 66 3 7 37 12 65 49 10 2 14 23 22 64 17 36 62 16 34 19 5 59 56 0 53 54 39 1 28 9 69 
63 50 56 49 69 8 64 36 53 13 25 17 20 60 41 52 42 3 62 47 29 0 15 59 37 11 68 27 55 32 5 14 54 45 67 48 35 66 51 31 43 30 12 18 46 61 23 7 65 34 6 33 58 10 38 24 22 28 57 44 9 40 16 1 39 21 26 19 4 2 
68 35 30 2 15 47 59 6 43 49 44 66 27 13 67 4 40 48 38 63 65 55 53 45 17 31 20 62 37 24 64 25 52 61 21 60 56 22 39 10 12 51 58 8 7 57 32 28 34 11 54 29 42 41 16 23 50 9 3 14 46 26 36 33 5 19 18 69 0 1 
68 35 30 2 15 47 59 6 43 49 44 66 27 13 67 4 40 48 38 63 65 55 53 45 17 31 20 62 37 24 64 25 52 61 21 60 56 22 39 10 12 51 58 8 7 57 32 28 34 11 54 29 42 41 16 23 50 9 3 14 46 26 36 33 5 19 18 69 0 1 
57 20 24 16 11 13 32 35 67 37 55 7 17 39 54 29 14 60 69 33 8 10 19 38 65 2 22 27 50 25 49 68 53 59 23 45 47 26 61 63 41 31 40 28 66 12 34 58 36 18 15 43 46 9 51 3 1 64 62 0 48 6 30 5 56 42 52 44 21 4 
53 69 68 10 36 8 25 58 23 5 28 44 47 50 48 16 21 43 63 67 17 14 33 31 66 11 55 40 18 15 39 12 3 9 65 37 64 2 51 46 54 26 29 42 57 34 62 61 35 30 6 7 60 59 24 32 49 38 56 4 19 52 45 22 41 20 27 13 1 0 
63 36 31 12 48 8 39 47 52 29 3 30 28 11 45 27 44 64 65 67 59 25 4 2 19 53 37 68 34 69 6 38 16 40 24 56 61 21 7 32 9 58 17 15 55 50 10 42 1 0 18 41 60 57 20 22 43 49 23 13 33 54 35 5 51 62 66 14 46 26 
28 60 8 40 9 10 23 63 48 30 11 54 56 15 36 12 2 33 14 16 43 13 34 27 58 62 18 39 26 46 52 19 59 38 44 61 20 21 49 29 22 47 0 4 31 6 66 50 35 55 37 51 5 42 24 53 1 64 65 67 68 17 41 3 32 57 7 69 25 45 
58 8 45 7 60 56 34 2 25 37 11 63 22 50 20 30 27 12 54 62 52 3 46 53 14 61 19 6 4 40 17 29 42 0 41 48 24 51 1 55 23 44 39 59 36 35 26 28 43 10 32 15 13 57 5 49 18 16 66 21 68 33 9 47 64 67 31 69 38 65 
53 17 34 9 57 8 59 60 26 1 63 48 2 19 67 68 43 7 29 69 56 6 11 22 28 15 18 35 23 36 27 16 61 37 39 41 66 45 47 51 52 3 62 21 54 46 13 49 30 33 42 50 65 64 14 31 44 32 20 55 10 58 25 24 40 12 4 38 5 0 
63 18 26 41 48 40 9 0 39 3 38 33 56 43 62 28 59 68 31 57 29 37 12 60 64 23 2 49 32 53 55 17 61 13 15 52 47 21 16 7 6 36 51 45 69 66 22 50 4 1 42 46 27 25 34 11 30 67 54 8 19 5 14 10 44 58 24 20 65 35 
44 56 8 30 62 64 21 17 20 29 4 15 28 47 55 18 23 0 32 38 37 54 6 53 50 57 60 7 27 31 9 13 39 43 35 19 16 59 48 45 10 61 42 46 63 69 11 26 49 58 12 68 66 33 14 22 3 40 25 24 36 65 41 5 52 67 1 34 2 51 
