71 54 87 6 1 61 59 57 77 9 83 86 93 53 13 33 60 45 14 50 55 18 12 43 76 32 81 24 94 63 79 34 31 36 91 47 7 2 99 40 64 4 88 58 96 74 38 0 78 84 68 49 23 80 92 42 35 89 27 46 15 25 52 41 5 73 65 98 82 11 20 17 28 56 37 95 44 75 90 30 72 67 19 51 70 3 66 21 26 16 97 22 29 48 8 62 39 69 10 85 
14 55 70 97 68 15 67 72 81 75 57 78 10 96 27 65 60 42 45 21 39 26 51 71 17 49 54 77 23 35 82 76 59 9 86 40 48 89 4 28 92 19 41 56 43 99 30 46 84 85 22 33 32 31 62 12 16 58 24 98 88 3 36 7 52 61 18 69 2 8 87 93 94 66 63 50 79 13 38 53 74 80 0 37 6 64 91 20 44 95 29 1 25 83 5 90 47 11 34 73 
56 73 63 93 48 46 26 54 24 69 38 33 83 47 40 11 59 16 91 20 18 52 45 6 9 7 39 29 0 85 10 37 49 53 12 65 80 50 34 32 70 95 78 57 89 13 35 90 75 92 14 27 1 64 61 84 71 87 17 82 42 97 22 77 2 21 86 23 58 68 25 51 76 72 41 28 3 5 36 43 94 60 4 79 8 62 66 96 15 74 81 19 30 99 31 55 44 67 88 98 
42 99 45 11 27 23 39 25 57 26 71 60 10 8 95 90 2 38 7 58 55 32 81 85 31 22 21 56 41 19 3 76 46 75 53 96 47 73 88 83 4 44 15 74 5 64 84 68 20 54 87 92 59 78 12 37 28 93 6 17 9 65 63 49 77 13 80 98 82 70 14 34 16 66 43 69 18 30 51 24 29 35 61 67 79 33 36 91 40 97 48 94 50 52 62 72 86 89 0 1 
26 4 48 79 23 17 20 27 73 67 86 97 80 37 11 19 56 30 76 5 8 98 46 6 71 1 74 34 36 21 66 63 77 33 9 40 88 10 43 49 82 54 3 35 87 53 13 64 69 39 58 95 51 44 50 75 62 25 14 59 18 92 47 55 70 32 57 15 83 84 61 7 78 22 38 2 96 93 28 29 42 91 31 99 52 12 45 81 90 60 72 65 89 68 85 16 41 24 0 94 
0 58 35 15 76 6 23 85 19 32 37 70 29 81 1 2 60 53 98 93 51 50 86 18 34 3 48 21 69 36 31 62 4 56 42 67 68 80 27 26 5 46 75 47 90 71 92 84 79 7 8 73 54 44 39 72 59 9 17 97 10 77 65 95 38 61 11 82 28 55 12 43 83 88 57 13 14 78 22 40 16 41 87 20 64 24 63 30 25 49 33 74 45 99 52 66 89 91 94 96 
31 72 58 73 75 16 62 99 53 23 80 96 81 85 38 83 84 78 13 60 89 59 40 92 41 68 33 54 98 17 1 6 4 64 8 93 11 14 97 5 21 9 71 55 28 30 95 65 61 37 52 19 45 26 12 51 57 79 67 32 76 88 90 70 94 2 10 20 25 91 36 47 46 87 34 24 86 22 27 42 49 74 82 15 43 63 3 56 77 39 7 69 66 18 50 29 48 44 35 0 
18 40 21 51 32 8 86 54 11 6 57 71 7 97 80 52 9 93 53 82 98 91 10 12 62 27 42 39 44 89 69 48 37 60 13 88 96 75 76 43 29 46 45 49 14 56 23 66 15 20 35 41 68 74 24 3 17 65 19 1 95 25 30 84 85 47 79 26 94 63 67 90 28 55 31 77 33 58 34 36 92 59 73 64 87 5 50 61 70 72 83 16 81 99 0 38 22 2 4 78 
6 88 27 26 94 54 56 86 89 66 7 90 12 97 21 32 63 75 64 96 33 67 58 69 91 8 25 37 53 2 38 49 39 68 80 93 85 47 77 35 10 59 42 84 43 31 41 16 40 15 11 52 83 9 76 14 22 45 28 30 70 20 82 57 17 74 78 62 81 60 18 95 98 87 73 19 65 48 36 50 23 61 24 46 55 29 92 71 34 99 44 51 3 72 0 4 13 1 5 79 
55 58 53 26 15 37 3 46 34 5 85 16 91 80 68 83 47 7 82 17 21 36 90 62 48 41 10 87 57 67 35 78 28 92 88 45 73 63 18 6 25 0 22 97 71 65 74 23 84 70 11 9 33 8 69 66 81 38 96 60 40 77 95 20 12 72 52 75 44 32 50 39 42 49 64 19 61 30 59 94 86 93 13 4 99 1 79 29 27 24 54 43 98 56 51 2 89 14 76 31 
77 27 52 98 9 44 90 83 26 10 31 17 57 14 69 39 11 85 99 76 70 1 13 23 80 38 95 3 16 79 54 67 71 28 43 36 63 18 75 55 94 35 68 73 19 49 20 21 22 34 58 4 25 86 59 62 8 45 30 97 48 32 65 92 33 5 51 87 40 60 91 47 41 42 46 6 53 7 29 64 89 24 72 93 74 84 78 81 82 50 66 0 12 37 61 56 15 2 96 88 
77 27 52 98 9 44 90 83 26 10 31 17 57 14 69 39 11 85 99 76 70 1 13 23 80 38 95 3 16 79 54 67 71 28 43 36 63 18 75 55 94 35 68 73 19 49 20 21 22 34 58 4 25 86 59 62 8 45 30 97 48 32 65 92 33 5 51 87 40 60 91 47 41 42 46 6 53 7 29 64 89 24 72 93 74 84 78 81 82 50 66 0 12 37 61 56 15 2 96 88 
57 33 67 62 9 2 59 45 1 66 97 20 38 81 29 70 12 60 41 65 75 5 56 55 27 80 82 71 44 89 50 32 87 73 47 46 64 85 16 92 96 40 17 31 14 36 95 61 88 10 13 28 19 18 3 94 77 54 23 83 42 15 53 52 93 6 72 0 30 37 91 39 34 90 76 25 43 7 58 49 86 11 84 35 68 79 69 48 78 4 74 63 21 24 51 26 22 8 99 98 
13 19 59 54 61 78 68 65 93 79 70 52 84 75 57 92 64 66 80 20 91 87 48 32 97 82 86 83 9 17 50 45 89 99 69 85 81 42 35 34 41 73 49 95 1 24 72 44 76 37 16 10 12 26 74 29 53 15 27 46 71 7 94 60 18 14 63 39 62 96 4 22 2 51 56 36 28 55 23 58 43 88 31 38 33 6 3 30 77 47 11 0 8 21 67 90 25 5 98 40 
25 41 28 71 77 90 3 72 27 92 95 91 81 29 73 74 14 34 55 24 32 40 42 80 10 35 47 0 66 97 78 37 96 79 9 7 15 20 8 2 48 68 49 53 70 69 89 5 13 60 52 57 54 11 58 88 64 50 31 18 63 84 23 93 38 59 94 21 30 17 85 86 45 82 19 1 6 16 43 65 36 56 76 87 61 67 99 39 12 62 46 44 22 98 26 4 51 75 83 33 
44 6 39 41 88 58 46 91 0 73 26 30 32 94 24 28 29 25 47 66 5 68 85 20 19 93 98 49 82 18 37 1 40 55 10 22 36 48 43 76 51 92 89 96 90 71 52 53 77 54 84 75 72 86 2 57 63 50 60 80 9 67 34 97 64 65 69 13 59 70 79 78 83 87 33 61 27 3 15 11 14 81 21 31 16 45 62 7 4 42 35 74 38 23 8 99 12 17 56 95 
17 32 79 24 52 82 89 20 18 40 74 84 9 19 16 97 59 57 37 71 23 68 78 54 1 91 30 46 67 15 8 60 96 3 48 36 77 80 33 42 63 76 81 2 90 73 55 61 14 58 34 53 4 83 38 47 22 35 13 72 44 62 5 64 39 25 95 98 51 66 26 56 86 11 31 75 6 87 43 29 93 7 85 92 10 49 50 70 12 94 69 41 21 0 28 65 45 88 99 27 
17 32 79 24 52 82 89 20 18 40 74 84 9 19 16 97 59 57 37 71 23 68 78 54 1 91 30 46 67 15 8 60 96 3 48 36 77 80 33 42 63 76 81 2 90 73 55 61 14 58 34 53 4 83 38 47 22 35 13 72 44 62 5 64 39 25 95 98 51 66 26 56 86 11 31 75 6 87 43 29 93 7 85 92 10 49 50 70 12 94 69 41 21 0 28 65 45 88 99 27 
98 4 15 46 24 87 0 51 60 92 65 47 79 76 40 73 83 2 95 81 44 54 71 90 31 97 58 23 28 91 36 41 64 99 7 85 30 72 68 66 94 34 57 11 20 82 67 17 10 86 93 25 39 1 16 27 53 77 59 84 89 42 56 19 50 70 29 9 61 38 88 22 43 37 14 80 78 26 12 32 75 33 13 62 35 74 3 48 69 21 63 45 55 5 52 49 18 8 6 96 
37 10 55 66 26 29 93 91 75 97 41 53 73 65 60 89 27 43 35 1 71 87 61 39 84 47 68 52 2 83 96 63 12 90 59 95 32 70 30 3 56 54 44 79 36 50 4 17 94 81 72 8 45 82 40 78 34 18 51 74 28 19 67 24 5 92 20 22 77 69 15 0 88 7 86 42 9 6 99 21 80 38 13 49 57 46 76 64 14 98 58 16 23 48 25 33 31 62 85 11 
56 73 63 93 48 46 26 54 24 69 38 33 83 47 40 11 59 16 91 20 18 52 45 6 9 7 39 29 0 85 10 37 49 53 12 65 80 50 34 32 70 95 78 57 89 13 35 90 75 92 14 27 1 64 61 84 71 87 17 82 42 97 22 77 2 21 86 23 58 68 25 51 76 72 41 28 3 5 36 43 94 60 4 79 8 62 66 96 15 74 81 19 30 99 31 55 44 67 88 98 
64 97 34 78 37 29 85 39 40 46 24 67 59 12 54 15 58 48 77 52 4 88 71 53 65 50 2 27 86 45 47 55 74 68 41 87 6 9 61 95 33 11 19 89 31 30 81 13 57 96 23 73 79 72 82 49 16 5 14 51 8 36 25 3 75 99 42 93 17 20 84 43 76 62 7 63 56 66 32 26 21 69 35 92 22 80 44 10 0 91 60 90 70 98 1 94 18 28 38 83 
49 84 47 57 29 19 37 83 79 5 32 63 70 46 53 59 6 71 9 45 35 38 7 82 77 99 56 75 39 41 24 74 73 34 22 68 44 80 20 65 50 33 76 67 8 78 16 1 11 64 98 96 60 85 55 62 30 3 13 17 86 14 51 12 90 54 42 52 94 43 97 31 18 36 21 95 23 15 88 26 58 0 72 92 89 93 28 40 48 66 91 10 69 81 87 61 4 27 25 2 
83 40 80 61 82 93 9 29 46 63 14 78 7 35 11 17 95 77 24 28 76 88 25 65 42 74 58 91 43 41 32 60 68 79 8 90 70 94 97 18 66 23 50 51 37 30 89 87 33 20 59 55 57 13 96 22 10 16 85 45 53 47 75 15 84 62 34 12 44 92 38 2 73 72 67 26 21 86 27 69 4 54 64 71 99 81 48 31 39 49 5 19 98 3 1 52 56 6 36 0 
66 67 70 18 94 11 28 39 85 51 74 34 76 90 33 29 62 96 56 69 30 37 78 42 38 88 31 59 92 2 35 10 40 20 0 27 45 16 60 72 8 15 41 55 50 19 61 75 71 14 32 46 91 58 79 49 53 80 23 12 73 57 86 81 89 82 83 1 87 9 17 65 98 6 25 63 77 36 3 52 24 54 68 47 64 26 97 48 43 4 84 21 13 95 5 22 93 7 44 99 
11 78 32 75 61 17 67 63 12 3 46 99 14 65 4 95 71 77 34 94 16 8 39 86 47 19 92 98 81 55 43 20 68 2 22 28 90 91 93 60 23 84 45 57 6 25 42 5 9 88 29 62 30 38 31 87 33 10 49 69 36 74 89 82 59 83 41 37 79 85 40 96 13 73 15 50 51 52 53 72 54 76 24 66 58 64 18 21 97 0 7 48 35 44 80 26 70 56 27 1 
6 88 27 26 94 54 56 86 89 66 7 90 12 97 21 32 63 75 64 96 33 67 58 69 91 8 25 37 53 2 38 49 39 68 80 93 85 47 77 35 10 59 42 84 43 31 41 16 40 15 11 52 83 9 76 14 22 45 28 30 70 20 82 57 17 74 78 62 81 60 18 95 98 87 73 19 65 48 36 50 23 61 24 46 55 29 92 71 34 99 44 51 3 72 0 4 13 1 5 79 
6 88 27 26 94 54 56 86 89 66 7 90 12 97 21 32 63 75 64 96 33 67 58 69 91 8 25 37 53 2 38 49 39 68 80 93 85 47 77 35 10 59 42 84 43 31 41 16 40 15 11 52 83 9 76 14 22 45 28 30 70 20 82 57 17 74 78 62 81 60 18 95 98 87 73 19 65 48 36 50 23 61 24 46 55 29 92 71 34 99 44 51 3 72 0 4 13 1 5 79 
31 49 42 67 54 32 53 0 28 85 22 59 70 52 55 96 30 84 86 36 65 66 81 62 38 7 2 97 5 87 58 37 72 75 19 15 80 77 46 88 89 4 76 18 44 43 8 95 20 57 61 83 9 6 56 41 29 10 68 71 25 63 90 3 13 21 39 47 64 1 78 51 99 16 40 26 17 24 79 34 69 74 23 92 27 48 98 93 33 45 12 50 60 94 73 14 91 11 82 35 
52 91 44 71 75 37 53 47 28 16 81 83 25 6 51 86 87 48 57 41 92 90 54 2 72 32 12 18 0 96 4 73 8 66 35 64 62 15 23 88 21 9 13 34 31 5 69 85 36 45 7 94 56 11 65 63 59 3 77 20 82 17 50 33 1 19 26 79 39 58 49 30 70 43 76 22 10 40 27 67 80 99 14 46 74 95 38 55 24 60 61 29 42 84 68 93 78 89 97 98 
52 91 44 71 75 37 53 47 28 16 81 83 25 6 51 86 87 48 57 41 92 90 54 2 72 32 12 18 0 96 4 73 8 66 35 64 62 15 23 88 21 9 13 34 31 5 69 85 36 45 7 94 56 11 65 63 59 3 77 20 82 17 50 33 1 19 26 79 39 58 49 30 70 43 76 22 10 40 27 67 80 99 14 46 74 95 38 55 24 60 61 29 42 84 68 93 78 89 97 98 
59 50 35 48 23 25 73 68 33 46 67 82 43 24 54 60 40 21 11 65 51 56 36 34 62 84 77 12 29 30 76 8 18 72 22 47 91 17 55 38 99 20 42 5 9 80 49 1 4 74 16 83 58 52 79 32 94 3 90 28 98 85 13 53 71 44 57 64 86 0 97 88 26 92 10 39 96 37 81 70 95 19 27 89 45 93 61 14 87 63 78 41 75 2 69 66 31 15 7 6 
85 93 79 36 42 77 38 40 33 23 71 15 92 41 29 82 75 90 7 57 28 14 27 50 51 48 39 55 91 95 94 78 73 6 87 12 62 2 10 9 8 64 60 99 18 26 84 86 96 3 66 58 80 70 65 43 76 54 47 17 56 52 98 69 72 81 44 67 21 19 13 20 30 63 88 32 59 34 53 4 22 97 46 5 45 25 61 74 31 24 37 11 1 35 89 0 49 83 68 16 
36 8 21 45 72 39 40 47 26 78 29 91 61 63 76 67 22 97 31 18 48 23 74 55 50 12 73 65 62 44 6 71 86 85 10 89 56 99 14 64 94 20 38 28 34 79 83 9 4 7 75 42 43 81 53 58 16 51 49 68 93 37 96 33 17 13 69 24 5 32 90 87 77 60 11 46 88 1 35 98 82 92 41 25 19 70 52 27 66 80 57 95 30 84 3 2 0 59 15 54 
0 88 65 48 62 52 96 13 82 54 67 56 86 47 9 94 39 18 32 84 74 45 28 55 15 1 41 77 83 58 71 38 17 43 81 76 95 22 19 34 2 66 26 21 64 16 79 98 44 24 3 31 27 92 68 35 73 14 89 69 50 60 30 90 63 40 33 61 91 36 4 53 23 57 97 5 49 25 46 78 6 72 29 80 85 7 59 93 8 99 10 70 42 12 11 20 37 51 75 87 
20 19 98 97 16 33 27 13 74 75 10 41 8 17 32 51 52 38 94 69 0 25 24 30 89 92 46 73 87 78 59 36 61 35 80 84 26 34 70 72 65 60 71 86 67 53 49 79 28 81 40 96 29 48 45 14 11 56 95 90 1 42 77 82 68 7 12 55 47 39 23 44 43 3 63 85 64 99 22 91 2 57 54 21 4 66 88 15 31 76 5 9 6 83 62 18 37 58 50 93 
19 41 51 98 58 35 88 29 52 30 56 28 7 97 91 85 8 36 26 63 49 86 83 9 18 24 31 79 45 50 71 1 37 53 11 82 39 77 95 5 33 76 48 64 13 59 92 46 25 78 40 0 15 75 3 12 20 87 21 65 99 72 44 62 89 43 69 22 73 93 66 94 23 80 57 70 27 4 34 38 96 74 67 32 47 16 55 10 61 68 90 42 84 2 14 81 60 17 54 6 
51 99 86 69 60 36 48 29 7 9 79 89 47 22 42 24 84 58 17 98 13 82 61 55 72 33 25 23 49 96 1 76 80 74 97 31 91 11 44 70 16 78 83 28 71 37 95 52 88 66 2 65 19 0 14 54 94 81 62 34 26 18 41 46 93 4 57 92 75 87 32 59 43 90 67 5 38 21 85 30 45 73 77 12 53 56 6 40 68 64 8 63 20 10 50 15 39 35 27 3 
17 54 24 65 56 44 71 87 97 79 18 42 60 92 21 36 77 83 52 8 45 10 75 11 81 23 61 4 73 15 51 30 72 74 84 9 86 67 80 53 28 59 91 37 63 76 58 96 55 50 29 39 6 33 95 32 16 40 48 5 94 46 62 19 41 2 38 66 69 57 49 85 25 22 20 78 13 93 34 3 90 14 99 89 27 7 68 47 35 88 70 98 43 12 82 26 1 64 31 0 
47 55 79 21 91 2 88 4 30 84 31 76 99 35 5 15 73 9 58 13 11 62 66 29 78 96 37 42 87 7 14 43 93 71 34 22 40 0 8 95 50 51 3 44 19 63 24 12 98 32 92 61 81 75 60 64 97 16 53 23 26 39 59 70 77 27 85 67 72 17 89 6 36 45 94 83 57 25 90 1 46 20 54 69 49 80 52 86 33 82 65 10 74 18 48 41 68 28 56 38 
27 20 49 13 25 18 93 37 54 5 56 78 38 2 16 30 61 59 65 73 9 14 7 98 76 3 63 35 70 12 72 74 60 96 84 89 40 79 1 17 82 81 52 33 87 77 51 32 58 11 53 97 46 88 4 8 69 34 21 26 24 22 48 28 42 44 23 68 83 6 66 15 80 19 39 29 99 10 57 45 55 94 75 47 64 36 62 67 95 91 86 41 92 85 90 43 71 50 31 0 
85 58 62 78 75 30 48 89 79 56 95 10 26 91 5 81 69 16 92 55 29 13 84 57 61 12 3 7 66 22 8 6 76 24 39 27 64 63 83 9 42 37 38 88 54 45 94 97 74 35 68 23 49 0 53 90 51 15 43 82 60 71 28 11 34 18 52 77 31 67 87 72 19 86 47 36 2 20 17 98 32 59 73 14 50 70 40 21 4 41 65 46 25 96 33 1 80 93 99 44 
76 30 92 68 0 80 91 35 63 21 72 52 9 41 59 36 56 89 43 47 18 50 94 53 1 69 82 81 65 44 8 87 70 10 40 71 2 77 5 14 58 83 60 3 88 74 23 11 34 97 48 85 4 84 28 42 20 24 17 93 38 86 6 61 32 22 45 96 7 15 27 31 73 51 78 13 12 64 46 37 90 16 67 95 19 54 55 62 25 79 66 39 26 99 29 49 33 57 75 98 
16 62 78 99 66 52 93 10 50 22 18 70 82 76 42 89 90 53 84 38 19 25 57 6 40 21 7 92 24 55 8 36 12 34 45 72 0 58 17 80 30 64 68 27 87 11 65 98 41 49 33 59 35 88 3 39 69 91 81 73 43 15 85 14 47 20 28 86 1 37 60 32 75 29 79 67 71 5 31 63 94 74 96 48 2 9 51 56 44 61 77 95 4 97 54 23 13 46 26 83 
24 12 60 82 38 52 39 29 0 3 94 73 15 11 14 71 87 65 64 59 6 2 72 33 91 35 22 98 20 57 66 1 17 4 26 85 10 51 95 67 45 54 70 55 81 63 90 5 53 84 47 25 78 79 7 89 32 30 75 34 18 43 83 42 40 31 28 46 19 93 86 41 62 80 13 99 56 8 61 49 27 69 76 50 36 74 21 23 9 37 68 58 88 48 16 97 44 77 92 96 
33 60 31 26 44 8 97 39 32 67 24 19 92 43 45 71 18 47 58 85 91 7 77 78 86 10 48 16 59 51 3 42 64 29 90 54 13 95 61 75 88 99 62 12 28 84 74 38 65 80 66 57 83 94 55 41 81 76 30 5 79 40 68 89 9 4 17 72 22 11 70 20 52 46 23 27 69 21 63 87 53 35 15 36 50 49 6 56 34 25 14 82 1 73 98 93 2 96 37 0 
82 91 85 64 42 63 32 34 61 45 79 55 2 7 70 36 49 88 18 67 51 72 52 41 83 76 12 47 22 74 58 15 98 30 31 65 66 0 4 73 71 92 10 38 78 5 1 50 86 26 60 75 93 62 23 54 8 35 3 37 11 14 68 27 48 21 97 81 29 13 43 24 56 6 77 33 89 57 17 9 20 40 16 96 84 94 19 44 69 39 46 25 59 28 53 90 95 80 87 99 
98 16 89 7 11 97 29 22 63 13 96 31 91 69 30 36 55 72 79 95 70 90 94 74 93 92 9 67 44 17 25 78 84 51 23 88 58 38 73 37 87 5 49 86 28 60 85 57 83 46 82 65 15 45 20 81 71 43 4 50 35 80 77 14 76 40 62 34 21 48 75 3 52 68 66 64 26 33 53 8 61 59 56 39 32 54 10 47 42 18 41 27 2 19 24 12 6 1 0 99 
32 89 53 76 79 74 0 33 35 71 57 82 48 29 98 65 60 56 45 97 13 23 49 86 94 8 28 51 70 30 73 80 55 25 27 39 15 84 1 10 88 16 46 61 93 38 96 85 72 75 59 5 52 2 66 14 3 95 21 99 26 6 87 62 41 43 18 64 36 4 69 92 81 90 44 22 17 37 7 47 58 77 83 31 67 40 63 11 24 9 20 78 50 42 68 34 12 54 19 91 
96 63 4 57 87 95 41 64 94 86 37 11 56 60 48 39 71 28 12 43 44 68 52 97 92 24 21 36 49 26 67 61 51 40 42 19 81 23 98 55 62 14 90 20 5 76 70 16 29 74 89 6 77 83 88 78 13 1 35 22 85 7 84 46 0 31 8 91 59 93 18 79 15 33 58 75 47 73 32 80 69 66 2 10 27 38 30 25 3 72 54 9 53 65 17 45 34 50 82 99 
47 62 56 50 19 12 73 53 51 22 7 68 95 72 78 36 66 92 15 52 85 8 9 6 40 30 63 79 60 46 37 1 24 38 94 13 83 57 82 34 14 97 4 58 48 31 84 59 17 98 93 16 41 43 2 21 89 55 32 33 74 23 86 26 25 80 49 88 67 65 27 10 99 69 29 90 77 3 76 64 39 70 42 91 18 45 96 54 61 44 75 81 20 87 5 28 71 11 35 0 
32 41 44 75 67 55 82 1 92 53 23 80 45 5 8 79 33 84 47 71 38 88 13 10 68 11 98 66 56 17 60 90 24 50 61 96 0 77 49 29 87 28 7 93 2 16 12 18 70 35 64 86 36 62 83 48 94 19 65 95 76 26 37 97 14 22 46 25 3 6 73 21 4 30 51 40 72 69 85 42 59 78 31 99 9 54 15 81 43 63 34 57 20 27 89 58 39 74 52 91 
59 50 19 99 11 78 29 15 22 75 66 55 94 40 73 16 56 63 14 30 76 13 38 82 72 81 34 93 84 47 26 95 44 67 24 43 12 5 71 89 98 64 57 28 33 69 41 46 3 25 17 39 21 60 45 32 90 51 7 35 53 80 49 74 68 58 92 52 27 42 97 9 77 87 4 31 48 86 83 10 96 88 18 79 62 91 20 6 85 37 70 36 8 61 65 54 23 2 1 0 
59 50 19 99 11 78 29 15 22 75 66 55 94 40 73 16 56 63 14 30 76 13 38 82 72 81 34 93 84 47 26 95 44 67 24 43 12 5 71 89 98 64 57 28 33 69 41 46 3 25 17 39 21 60 45 32 90 51 7 35 53 80 49 74 68 58 92 52 27 42 97 9 77 87 4 31 48 86 83 10 96 88 18 79 62 91 20 6 85 37 70 36 8 61 65 54 23 2 1 0 
69 94 5 61 97 40 49 31 79 98 42 56 6 20 45 81 37 93 47 80 33 76 78 7 1 90 91 22 27 21 26 39 2 92 43 36 95 17 99 38 14 73 75 65 10 85 67 30 66 34 41 11 88 0 58 83 13 86 71 89 63 55 4 77 53 51 8 72 84 96 25 54 18 44 35 64 74 16 23 52 46 9 19 12 70 59 32 82 62 48 87 28 57 60 29 68 15 3 50 24 
58 65 59 84 22 24 14 25 2 49 33 17 98 23 29 71 72 48 66 70 47 82 91 10 55 79 60 93 63 62 85 35 87 77 97 26 32 53 34 27 96 69 81 5 46 95 44 8 31 11 13 16 43 30 3 64 94 51 39 21 92 78 7 18 36 68 74 90 67 73 89 56 4 1 61 37 88 9 86 75 83 19 45 40 38 80 12 41 76 57 54 6 52 20 50 42 28 15 0 99 
26 66 12 78 2 81 82 75 65 14 60 87 11 62 5 71 32 24 19 69 85 74 47 68 48 35 3 70 4 42 38 93 17 13 50 83 53 77 61 57 41 97 98 63 43 34 6 29 76 90 49 23 7 58 33 25 22 10 64 37 72 99 0 9 15 84 36 96 16 39 91 94 92 18 51 8 21 73 52 31 44 1 28 67 30 86 89 95 40 88 56 45 46 79 54 27 59 80 20 55 
51 88 7 60 28 27 8 56 95 92 57 41 48 31 94 1 75 3 38 10 16 43 62 29 12 71 81 42 73 34 32 25 55 19 36 11 93 70 84 77 86 97 49 79 64 39 63 50 35 33 2 15 61 17 90 14 99 87 53 76 24 18 21 66 46 67 4 69 85 68 74 96 23 22 78 5 13 82 98 0 54 44 83 9 65 45 52 47 30 91 20 72 40 6 59 37 89 26 80 58 
77 34 48 22 26 7 18 36 76 39 8 5 1 57 45 3 75 29 21 49 74 25 12 19 65 73 72 67 41 55 71 70 85 32 2 14 93 98 54 79 63 15 35 16 62 28 17 78 68 44 59 97 56 42 53 20 4 89 51 43 50 24 27 47 84 40 69 6 90 0 33 81 30 38 46 11 10 9 23 96 94 64 66 37 86 82 61 87 31 52 92 95 58 91 60 83 80 88 99 13 
77 34 48 22 26 7 18 36 76 39 8 5 1 57 45 3 75 29 21 49 74 25 12 19 65 73 72 67 41 55 71 70 85 32 2 14 93 98 54 79 63 15 35 16 62 28 17 78 68 44 59 97 56 42 53 20 4 89 51 43 50 24 27 47 84 40 69 6 90 0 33 81 30 38 46 11 10 9 23 96 94 64 66 37 86 82 61 87 31 52 92 95 58 91 60 83 80 88 99 13 
17 9 91 54 60 49 55 3 36 14 31 29 11 59 37 27 43 32 20 24 76 44 71 98 12 63 87 4 15 61 73 52 7 48 18 23 92 88 5 97 95 66 39 21 67 80 84 65 51 79 38 83 22 8 75 64 26 72 82 41 46 34 28 77 30 42 13 35 86 6 94 70 19 74 99 69 47 53 50 62 90 56 57 25 68 89 33 96 81 85 58 0 2 78 40 16 10 1 93 45 
71 62 13 59 48 37 95 99 41 28 79 21 7 98 75 35 97 0 96 74 38 16 66 80 69 91 31 12 94 90 54 85 43 34 42 2 22 93 92 78 17 57 89 26 88 83 56 39 47 23 36 20 87 77 72 51 10 46 86 84 64 27 33 58 82 9 73 68 32 81 24 76 70 15 3 61 67 50 18 65 40 60 63 52 55 44 53 4 49 25 5 45 30 29 19 6 14 11 8 1 
95 20 46 75 61 15 16 14 52 58 73 53 86 99 80 88 68 78 93 33 92 41 81 36 18 25 1 54 12 56 63 66 8 0 79 2 91 57 70 62 50 76 98 90 6 32 45 24 71 77 87 89 22 29 4 39 64 49 35 84 83 55 31 5 27 26 19 51 82 40 13 97 10 9 44 72 42 7 38 74 67 69 48 34 60 28 21 3 96 85 43 23 37 47 94 11 65 59 30 17 
83 67 25 17 33 13 91 7 60 29 15 89 28 57 12 86 79 73 87 49 77 58 34 88 65 75 3 43 42 48 74 80 54 52 1 56 99 6 11 47 70 69 85 22 66 38 23 92 98 39 62 45 61 81 18 26 46 21 55 72 51 63 30 5 93 41 10 2 97 20 37 71 35 44 96 27 24 36 4 16 14 78 82 32 95 90 76 94 53 8 31 50 84 59 9 64 68 19 40 0 
19 98 20 62 45 52 55 39 37 53 88 92 84 1 28 59 22 60 49 97 74 94 91 96 12 24 79 15 58 57 26 81 18 78 43 48 13 95 61 87 30 35 2 82 32 11 44 65 86 93 34 36 83 6 71 70 67 51 40 0 42 80 23 64 14 50 38 90 27 10 66 4 69 89 75 72 73 41 29 85 99 46 21 76 54 9 17 47 33 68 77 56 8 31 5 63 25 7 16 3 
65 26 71 95 5 42 10 6 54 38 40 77 44 59 12 14 51 47 22 69 7 90 63 66 29 88 84 96 75 87 79 35 91 99 86 92 8 98 9 16 11 32 36 2 25 30 97 56 43 81 31 45 15 21 4 74 80 24 94 48 18 27 58 64 52 60 76 73 19 20 23 70 50 93 78 57 28 13 67 89 34 3 85 55 39 41 83 61 46 37 53 82 62 72 68 0 17 49 33 1 
33 60 31 26 44 8 97 39 32 67 24 19 92 43 45 71 18 47 58 85 91 7 77 78 86 10 48 16 59 51 3 42 64 29 90 54 13 95 61 75 88 99 62 12 28 84 74 38 65 80 66 57 83 94 55 41 81 76 30 5 79 40 68 89 9 4 17 72 22 11 70 20 52 46 23 27 69 21 63 87 53 35 15 36 50 49 6 56 34 25 14 82 1 73 98 93 2 96 37 0 
24 42 25 82 20 68 79 63 0 57 15 92 59 83 35 40 96 10 47 51 5 71 33 69 86 99 97 11 93 13 34 32 1 61 14 60 80 91 45 22 73 67 72 44 90 31 26 21 2 37 50 52 43 58 3 30 18 75 89 94 9 66 70 95 85 64 4 27 56 87 46 41 81 49 6 98 77 7 36 76 19 38 74 8 28 88 62 12 55 65 39 53 48 29 23 84 16 78 17 54 
40 12 92 63 13 32 16 62 75 60 34 9 15 74 23 0 58 49 35 84 78 1 55 46 91 22 81 24 19 54 31 69 2 94 21 87 25 79 45 38 3 39 65 57 42 86 27 56 36 4 85 89 29 37 53 72 30 50 14 71 61 8 88 67 43 68 5 47 48 95 6 20 82 59 76 73 64 99 66 28 7 77 83 10 93 11 51 33 17 26 18 70 90 98 41 44 52 80 96 97 
40 12 92 63 13 32 16 62 75 60 34 9 15 74 23 0 58 49 35 84 78 1 55 46 91 22 81 24 19 54 31 69 2 94 21 87 25 79 45 38 3 39 65 57 42 86 27 56 36 4 85 89 29 37 53 72 30 50 14 71 61 8 88 67 43 68 5 47 48 95 6 20 82 59 76 73 64 99 66 28 7 77 83 10 93 11 51 33 17 26 18 70 90 98 41 44 52 80 96 97 
25 17 27 2 69 29 81 46 67 44 40 9 20 74 30 38 65 24 13 49 85 94 86 54 35 70 51 96 22 21 39 59 16 19 31 0 58 88 72 14 7 97 62 80 50 92 68 53 28 93 55 56 37 64 34 82 42 60 23 26 73 76 75 98 47 78 36 52 3 32 10 8 91 33 61 1 83 77 87 57 15 41 99 84 5 43 89 4 48 66 63 95 11 71 90 6 18 79 45 12 
32 89 53 76 79 74 0 33 35 71 57 82 48 29 98 65 60 56 45 97 13 23 49 86 94 8 28 51 70 30 73 80 55 25 27 39 15 84 1 10 88 16 46 61 93 38 96 85 72 75 59 5 52 2 66 14 3 95 21 99 26 6 87 62 41 43 18 64 36 4 69 92 81 90 44 22 17 37 7 47 58 77 83 31 67 40 63 11 24 9 20 78 50 42 68 34 12 54 19 91 
23 13 45 88 58 14 74 18 99 55 15 9 90 31 44 3 53 16 25 32 34 86 51 76 69 97 39 92 46 82 63 33 4 1 22 96 84 38 75 24 71 36 48 26 29 27 91 40 20 73 54 87 11 56 98 35 79 83 2 49 62 94 41 70 81 19 7 47 68 59 50 85 60 78 42 93 21 95 61 5 10 66 67 12 43 80 6 77 57 17 30 52 89 8 28 65 72 37 64 0 
55 12 93 19 90 95 5 88 17 53 81 1 28 8 32 26 74 35 15 30 69 51 97 72 92 42 78 83 54 37 49 22 4 16 67 18 85 38 84 0 29 65 61 59 13 80 43 98 46 7 11 86 77 14 39 66 56 60 50 31 41 94 87 62 9 2 20 44 73 71 52 25 33 79 91 24 64 68 6 3 76 75 27 34 48 10 58 89 40 23 63 47 99 21 70 36 96 45 82 57 
46 10 6 60 49 23 14 52 78 70 53 21 64 76 94 19 40 69 62 71 57 61 12 99 2 63 24 3 67 82 9 1 79 22 18 55 77 90 80 33 83 59 13 73 15 38 48 39 26 34 95 16 97 30 51 4 29 89 86 28 20 35 7 47 37 27 56 42 54 65 68 31 32 5 50 92 96 8 66 81 43 17 75 98 91 11 58 87 88 93 72 25 84 85 45 36 44 41 0 74 
94 29 98 25 64 4 84 12 67 30 81 43 70 91 20 79 32 88 60 77 16 39 34 51 54 57 83 11 50 92 74 89 23 90 95 55 42 69 62 8 19 38 35 37 97 48 66 72 45 63 85 96 21 61 26 56 31 33 53 15 24 65 5 68 2 47 46 86 93 22 40 75 87 27 0 73 49 59 78 10 58 9 6 3 82 99 76 1 14 44 28 17 71 52 18 80 36 41 7 13 
68 98 64 25 29 45 91 61 59 31 97 95 20 70 78 84 74 39 41 73 32 2 17 82 28 54 11 35 71 23 9 13 83 16 96 4 92 65 90 38 47 55 52 75 60 94 57 34 26 42 33 24 56 81 15 93 44 53 49 86 67 36 62 18 40 12 66 89 85 80 88 5 19 14 51 69 7 37 87 1 30 21 79 22 72 77 48 8 27 76 63 58 43 3 50 46 0 10 6 99 
68 98 64 25 29 45 91 61 59 31 97 95 20 70 78 84 74 39 41 73 32 2 17 82 28 54 11 35 71 23 9 13 83 16 96 4 92 65 90 38 47 55 52 75 60 94 57 34 26 42 33 24 56 81 15 93 44 53 49 86 67 36 62 18 40 12 66 89 85 80 88 5 19 14 51 69 7 37 87 1 30 21 79 22 72 77 48 8 27 76 63 58 43 3 50 46 0 10 6 99 
91 87 1 90 52 42 99 66 32 46 56 39 48 28 85 7 17 34 15 19 65 3 88 58 5 86 20 64 72 89 2 77 35 6 33 83 78 25 4 69 82 75 47 10 74 40 29 23 81 14 80 8 12 98 63 21 97 70 41 37 31 73 13 44 50 9 67 61 59 11 71 95 54 55 62 60 22 38 96 76 51 24 92 36 26 45 16 43 30 94 18 79 53 27 68 49 93 0 84 57 
86 18 29 15 81 54 8 94 55 62 40 0 71 35 68 78 49 93 88 43 57 69 36 9 92 46 77 23 74 80 79 34 98 26 24 85 19 1 90 44 10 52 50 89 22 95 63 83 53 27 66 51 59 13 6 75 37 31 2 72 14 73 84 48 42 58 97 45 33 76 16 4 41 28 12 39 21 17 87 3 32 67 5 96 91 47 7 38 61 65 64 11 82 20 25 56 70 30 60 99 
86 18 29 15 81 54 8 94 55 62 40 0 71 35 68 78 49 93 88 43 57 69 36 9 92 46 77 23 74 80 79 34 98 26 24 85 19 1 90 44 10 52 50 89 22 95 63 83 53 27 66 51 59 13 6 75 37 31 2 72 14 73 84 48 42 58 97 45 33 76 16 4 41 28 12 39 21 17 87 3 32 67 5 96 91 47 7 38 61 65 64 11 82 20 25 56 70 30 60 99 
56 67 12 35 38 86 10 17 79 52 74 68 49 33 37 85 14 94 11 3 46 71 78 43 30 7 54 72 19 6 40 4 31 84 0 36 61 23 80 26 64 27 58 48 24 22 63 32 18 8 16 39 87 29 69 59 1 88 44 41 96 66 76 5 50 89 73 2 21 62 34 13 60 25 53 47 77 28 9 83 95 55 91 45 57 75 98 90 15 20 92 70 82 97 42 65 51 81 93 99 
19 47 5 34 21 22 69 89 23 31 24 74 43 92 25 87 26 79 51 1 28 56 15 90 30 32 85 62 33 67 35 36 41 72 16 64 82 38 84 0 40 17 46 44 45 54 3 77 80 83 49 9 52 42 55 57 88 58 59 98 60 29 63 76 65 66 75 37 70 73 71 86 78 4 48 93 94 95 50 97 99 2 7 14 11 13 20 6 61 12 96 10 39 81 18 91 68 27 53 8 
65 21 73 74 97 51 3 84 23 61 83 27 24 19 10 64 68 53 46 4 56 67 76 54 92 18 25 95 31 12 22 34 35 59 36 7 47 91 79 42 78 86 82 17 50 15 5 38 9 44 33 49 96 6 52 71 55 26 40 98 13 57 87 48 66 43 70 72 93 58 45 69 1 11 20 75 90 94 99 77 28 62 14 29 85 0 8 39 81 89 41 32 63 16 60 2 37 30 88 80 
65 21 73 74 97 51 3 84 23 61 83 27 24 19 10 64 68 53 46 4 56 67 76 54 92 18 25 95 31 12 22 34 35 59 36 7 47 91 79 42 78 86 82 17 50 15 5 38 9 44 33 49 96 6 52 71 55 26 40 98 13 57 87 48 66 43 70 72 93 58 45 69 1 11 20 75 90 94 99 77 28 62 14 29 85 0 8 39 81 89 41 32 63 16 60 2 37 30 88 80 
16 13 88 35 67 28 92 75 44 18 84 5 29 91 46 55 20 82 52 4 22 85 23 2 83 25 0 66 58 37 27 61 19 79 71 31 53 95 12 74 33 15 89 11 38 86 8 99 40 93 41 73 42 80 87 65 56 90 43 3 47 48 68 1 14 51 39 49 6 32 62 76 63 21 69 70 72 78 10 81 94 36 26 64 7 17 30 45 54 34 77 59 9 57 97 50 24 96 60 98 
93 17 3 9 6 82 45 14 30 52 61 59 71 44 56 4 23 68 33 46 70 1 92 25 31 91 50 90 76 18 7 5 58 88 29 89 12 34 22 86 87 40 20 8 80 55 67 43 85 42 84 11 16 94 60 26 47 15 49 66 38 81 63 98 53 13 19 62 27 41 78 37 72 36 77 75 28 10 83 95 69 21 99 32 48 64 35 57 54 73 39 97 74 51 96 65 2 79 24 0 
52 48 26 95 12 97 32 77 78 73 13 58 4 89 9 33 16 22 41 3 18 65 56 37 24 40 39 53 19 45 20 5 70 36 79 69 74 23 17 38 27 59 44 96 28 75 63 11 42 62 2 64 31 76 67 34 8 25 46 87 47 7 57 84 50 51 43 66 55 49 61 86 68 10 83 6 80 15 29 85 88 94 90 81 92 93 98 21 0 54 30 60 72 91 1 71 14 35 82 99 
70 17 33 63 78 74 88 96 27 72 89 8 54 51 31 45 87 97 76 19 11 56 2 48 92 25 91 93 35 59 82 36 7 0 71 22 15 81 94 28 79 65 30 52 32 86 75 55 4 42 39 61 49 68 50 73 12 60 69 46 20 5 84 83 64 62 14 41 24 90 57 47 53 44 6 80 9 13 23 40 38 67 34 26 66 21 18 10 16 77 1 99 37 85 43 3 95 98 29 58 
15 14 21 31 51 95 90 70 77 66 5 71 53 57 1 19 56 83 80 48 20 29 44 62 94 87 13 84 33 36 7 3 25 12 73 55 75 9 6 89 60 17 40 30 86 47 78 93 67 63 34 41 99 81 52 11 8 2 22 61 42 92 88 35 65 23 46 45 50 16 26 76 72 58 38 68 98 10 24 32 82 79 37 96 97 39 43 69 91 27 54 59 85 64 74 0 49 28 18 4 
56 70 82 17 75 37 92 38 16 19 6 41 91 76 73 59 28 30 2 8 69 22 42 4 50 10 96 54 35 80 95 58 0 34 57 87 14 43 62 48 64 74 15 66 45 68 12 51 9 1 20 71 53 88 36 21 86 52 63 7 44 84 98 93 72 90 3 18 29 25 27 33 89 31 24 39 5 79 77 26 85 97 47 11 61 55 81 46 13 49 78 83 23 65 32 60 40 67 94 99 
72 67 98 60 16 81 37 39 8 44 24 13 64 22 35 56 49 95 6 28 42 84 53 15 27 31 80 52 59 69 17 47 94 50 55 41 78 68 7 48 89 65 86 1 75 20 38 70 82 23 43 97 30 79 12 51 25 74 96 10 85 2 57 61 9 33 91 3 54 19 77 71 40 88 58 92 66 29 46 93 62 4 18 83 0 36 90 11 32 14 26 63 5 87 76 45 21 73 34 99 
88 49 38 94 28 45 37 10 82 3 65 14 69 32 12 34 63 24 27 84 39 86 20 53 33 17 89 93 5 72 57 9 46 74 25 4 96 54 18 55 51 99 52 77 92 70 75 56 30 59 78 79 60 76 64 23 35 19 21 50 71 41 66 80 7 6 87 44 91 29 97 98 83 42 58 43 11 22 68 40 31 15 13 67 81 90 62 8 26 47 85 36 48 16 73 61 0 2 1 95 
55 66 69 48 61 40 33 11 95 82 73 98 46 8 89 63 13 57 18 44 93 54 41 37 78 5 87 75 15 49 31 59 81 76 99 50 91 16 17 19 56 0 64 3 22 21 24 30 70 77 9 36 26 72 90 43 97 80 27 35 86 88 52 71 28 67 58 96 83 29 10 23 38 39 32 12 47 79 94 51 68 4 60 14 65 25 84 62 92 85 34 6 20 45 74 1 53 42 7 2 
76 43 51 32 67 91 22 85 16 8 18 0 38 64 5 9 78 20 77 88 24 40 47 58 65 2 33 17 27 14 56 29 63 79 19 39 55 73 83 97 31 57 49 21 13 45 36 99 15 84 60 3 42 54 44 46 81 10 66 62 50 93 30 71 53 4 25 37 1 72 70 95 35 75 41 7 86 87 61 11 92 69 96 48 6 23 80 82 52 98 74 90 12 28 89 34 26 68 59 94 
31 36 97 45 74 80 86 78 46 11 77 70 90 41 20 40 12 0 96 99 87 19 14 58 25 71 98 50 95 83 15 28 27 93 52 16 8 79 64 68 18 92 13 61 63 76 94 9 23 3 56 88 44 65 85 51 69 38 26 84 66 29 43 91 89 30 48 4 21 35 34 32 39 82 42 17 81 72 54 49 53 1 75 6 37 60 62 67 73 7 5 59 57 33 55 10 47 24 22 2 
68 44 70 46 8 29 38 31 88 83 9 91 0 85 82 51 79 36 76 89 11 81 75 41 34 93 50 37 12 20 98 16 87 52 63 32 13 42 97 45 14 90 25 77 66 58 74 94 62 48 28 33 15 71 67 17 1 61 57 54 19 56 72 3 22 96 73 27 23 95 24 53 40 60 35 69 26 47 2 18 43 55 49 64 59 65 92 84 78 4 86 99 5 39 10 30 6 80 7 21 
99 75 86 10 90 40 47 72 62 45 41 66 32 68 3 93 17 92 73 67 46 44 87 81 49 27 98 71 51 12 35 50 14 82 11 5 31 89 9 36 61 80 53 64 23 16 4 42 83 88 97 69 77 95 24 79 59 6 29 39 96 65 1 94 8 74 26 22 58 20 28 7 52 15 57 91 55 48 34 63 85 2 19 56 37 54 13 30 25 78 84 33 76 18 43 70 60 0 38 21 
2 64 13 28 94 24 67 34 11 90 80 38 84 49 78 85 62 43 12 66 52 14 39 25 30 37 27 57 23 87 17 51 59 99 47 26 92 86 50 16 72 74 73 4 46 96 0 42 60 41 5 22 89 33 20 65 71 61 31 21 6 81 63 56 54 36 9 95 83 98 44 48 93 1 15 8 77 53 40 69 10 19 3 35 76 88 91 45 68 79 29 7 55 82 18 70 75 32 58 97 
14 85 88 49 19 72 24 27 84 63 94 79 20 3 32 23 38 74 7 81 44 53 8 66 65 52 5 71 93 41 61 13 2 50 30 33 31 51 42 68 92 91 57 21 4 56 25 62 12 76 34 80 40 48 75 90 43 64 77 15 89 16 35 10 87 28 6 59 60 83 86 11 9 47 29 67 82 45 96 46 73 69 70 17 18 58 22 54 55 95 37 36 26 39 0 99 97 1 78 98 
