63 64 14 15 45 50 24 72 23 1 49 33 37 51 60 26 54 3 74 71 62 53 76 44 11 2 4 78 36 10 73 38 17 13 55 66 29 77 32 7 46 69 40 16 67 68 25 52 48 27 58 18 22 42 6 35 9 65 20 75 19 79 12 31 43 28 41 30 21 39 61 57 47 34 8 0 5 59 56 70 
22 43 33 23 78 66 67 59 14 62 25 69 77 70 50 37 64 58 19 35 2 44 5 21 30 31 74 65 8 48 16 71 57 79 55 51 36 32 11 45 40 61 75 47 24 42 73 17 49 38 3 7 56 63 12 28 39 34 0 20 6 72 54 68 18 9 41 27 10 1 15 52 60 13 29 46 53 76 4 26 
58 57 74 60 46 3 0 5 45 16 67 22 27 29 43 40 53 66 63 1 24 51 6 37 7 9 36 17 73 64 47 75 71 79 31 56 25 2 55 68 34 69 18 4 15 50 49 12 28 42 48 11 13 76 62 19 61 65 44 33 77 32 26 23 52 20 14 41 39 30 72 59 21 35 8 70 54 10 38 78 
5 39 47 75 6 0 74 72 50 14 73 52 29 46 45 56 65 12 62 70 58 11 2 32 51 71 16 53 67 63 35 42 30 41 79 1 26 57 18 38 10 15 13 68 22 66 55 19 48 40 34 4 25 27 60 3 76 78 59 31 21 23 37 36 24 7 54 43 64 44 33 8 61 20 49 9 28 17 77 69 
77 25 68 71 66 53 26 12 40 19 31 56 43 39 29 2 36 70 79 21 49 55 1 63 16 67 27 44 61 57 41 52 17 0 6 65 45 38 22 75 74 54 51 48 4 60 8 59 73 78 14 5 32 47 35 9 34 11 13 46 69 28 7 18 64 33 76 15 10 24 58 20 50 72 23 37 30 42 62 3 
74 37 10 12 65 21 14 57 39 34 4 48 18 49 28 62 54 32 7 6 47 52 31 64 26 68 78 9 17 51 72 20 19 55 71 61 41 59 5 1 70 24 50 29 77 11 36 56 27 16 13 66 53 76 35 63 38 60 0 22 58 25 75 69 44 23 30 67 73 2 40 46 15 43 45 79 33 8 3 42 
45 42 57 18 52 41 24 1 14 66 29 75 34 74 8 68 77 5 58 54 32 69 40 67 76 55 43 30 39 71 20 36 17 37 70 65 49 79 44 26 7 25 16 48 22 56 63 11 72 28 61 3 64 9 6 46 35 59 19 12 15 47 53 51 62 38 60 10 2 33 27 23 50 31 4 0 21 73 78 13 
5 6 11 53 40 0 31 74 51 56 19 20 45 15 49 44 68 47 57 50 63 75 39 25 38 73 36 12 14 4 41 71 33 30 26 1 32 2 29 17 13 23 79 64 24 43 9 21 61 35 54 8 7 3 46 10 76 65 69 66 34 78 55 27 42 16 22 67 70 59 58 18 62 37 60 28 52 48 77 72 
70 23 37 24 74 32 46 71 33 63 34 49 73 47 12 10 66 38 30 53 40 48 14 72 42 64 15 44 11 69 50 9 6 51 76 55 60 59 56 8 58 77 65 5 62 67 57 21 41 61 0 25 3 27 22 16 18 68 35 28 31 45 43 39 19 1 7 75 29 4 2 26 78 20 13 17 54 36 52 79 
68 65 46 4 21 14 35 22 32 7 23 55 19 41 5 44 6 61 45 73 39 2 66 1 10 72 70 40 33 28 62 54 11 26 0 53 13 17 15 63 59 24 49 75 67 47 42 16 18 8 78 52 25 60 69 48 27 3 30 31 43 12 57 79 36 76 37 56 38 50 74 20 58 64 71 51 9 34 29 77 
3 16 25 0 27 58 40 78 13 11 72 22 61 4 17 33 65 71 55 62 34 12 8 37 51 49 20 75 39 30 6 41 60 67 32 69 23 45 68 64 7 48 50 77 26 63 42 28 47 31 59 14 19 36 74 9 43 57 44 54 10 18 53 1 21 52 46 73 79 2 29 24 38 5 76 66 70 56 35 15 
57 7 26 5 65 72 50 27 29 17 54 64 6 41 60 15 12 78 21 75 48 53 44 4 46 38 36 74 37 33 25 56 42 31 14 11 9 68 39 35 34 58 52 20 62 24 10 45 22 47 18 8 16 77 79 63 1 40 23 73 70 19 43 30 59 51 32 76 2 55 67 69 3 66 13 49 28 61 71 0 
15 35 20 9 26 11 32 47 38 34 75 12 29 52 42 59 79 73 70 8 72 63 1 5 36 30 21 57 31 64 56 61 51 66 55 71 53 14 69 3 27 40 46 58 68 67 48 77 78 50 60 2 54 25 44 22 17 24 23 49 45 10 43 18 76 39 37 19 33 65 16 13 74 6 4 0 62 28 41 7 
73 69 70 14 9 65 1 48 61 59 72 52 6 46 4 50 13 27 25 43 41 21 24 15 71 5 33 54 29 62 22 68 17 36 44 7 47 18 40 16 67 63 23 2 51 66 12 10 31 55 11 53 64 74 56 39 34 8 20 0 58 42 28 35 57 30 49 37 77 32 38 45 19 3 76 78 60 26 79 75 
14 27 62 40 32 9 0 5 8 69 30 20 24 10 74 46 42 35 51 75 72 13 15 47 57 71 11 29 55 33 58 76 52 26 66 44 68 25 48 79 28 43 63 1 16 56 41 65 77 12 61 21 31 18 23 36 19 54 60 6 59 49 34 3 73 50 64 45 38 37 22 67 70 17 2 78 39 4 7 53 
57 77 55 1 38 23 16 50 54 15 66 2 17 59 3 51 32 29 6 45 49 65 44 53 4 20 46 36 43 22 76 35 41 26 5 40 7 21 8 67 37 34 79 33 30 61 31 9 70 12 24 14 10 19 18 74 11 13 25 27 73 78 68 69 60 56 28 47 39 42 71 62 48 52 58 64 63 72 75 0 
55 70 79 5 3 68 51 66 25 46 7 11 32 8 9 33 30 10 59 0 48 53 35 60 69 13 62 2 78 71 26 64 39 58 50 15 45 36 16 40 29 77 12 27 52 18 65 19 57 38 20 67 54 42 76 44 75 24 21 22 61 14 28 47 37 31 34 74 73 41 43 49 72 56 63 1 23 17 6 4 
30 45 39 69 31 70 6 72 15 76 11 66 17 32 53 29 78 74 68 46 62 44 77 13 51 0 71 33 55 20 59 24 21 27 58 7 38 49 67 22 56 79 57 9 26 18 34 23 73 60 47 65 19 61 35 41 40 37 1 54 28 42 52 63 64 10 43 75 4 2 3 25 48 14 12 5 36 50 8 16 
50 44 60 49 14 10 13 26 38 77 23 4 2 31 6 58 25 46 34 68 16 65 19 74 52 24 78 41 9 33 18 48 61 47 7 51 54 71 67 17 22 40 32 29 76 53 3 11 55 66 30 37 20 75 21 39 42 12 15 62 56 69 73 5 8 63 43 45 72 35 0 70 28 79 59 1 57 36 27 64 
40 28 4 25 76 74 39 12 70 15 11 51 30 6 57 38 10 16 78 13 55 29 71 49 36 53 18 26 5 14 37 73 66 42 41 21 48 22 23 79 0 8 69 77 62 31 59 35 24 72 33 63 65 34 9 61 54 67 3 45 1 60 47 43 46 56 58 20 27 17 2 19 7 52 68 32 44 64 50 75 
72 78 64 41 45 7 15 24 44 13 70 35 9 19 62 16 69 18 26 77 67 47 74 34 65 75 31 3 20 39 51 8 61 33 12 40 14 50 60 71 58 49 10 29 5 57 22 46 56 43 55 68 53 63 30 21 48 25 27 42 38 17 6 36 37 32 28 79 11 66 2 52 0 76 59 23 1 54 4 73 
24 1 72 59 26 37 15 2 19 33 74 67 52 29 56 54 10 55 0 22 7 58 68 62 13 38 78 69 66 17 50 4 65 31 23 60 43 75 41 49 45 63 46 28 34 70 20 30 16 3 11 51 25 77 53 32 48 40 8 6 18 27 76 47 42 21 57 36 35 12 44 73 5 14 71 79 9 61 39 64 
66 49 38 21 31 44 36 59 56 33 65 43 50 32 37 64 63 14 19 76 29 13 0 12 61 27 18 17 60 9 25 48 3 4 71 75 20 34 28 7 55 79 68 74 35 51 16 78 46 47 70 1 41 42 39 54 6 57 30 58 22 52 69 26 8 67 2 77 11 73 45 40 15 5 24 23 62 72 10 53 
1 70 14 32 48 18 79 73 28 8 58 69 61 63 23 33 21 20 41 53 2 56 45 10 13 60 65 26 22 34 67 74 3 6 30 35 76 46 71 43 4 29 16 78 54 39 47 49 42 0 7 15 31 52 44 57 9 59 72 64 11 36 37 17 12 19 62 5 25 68 27 75 38 50 40 51 55 66 77 24 
14 64 12 35 78 73 66 36 32 11 60 3 41 48 0 79 76 17 44 50 70 19 38 51 75 61 42 22 56 1 68 74 46 7 40 65 33 49 21 57 25 23 72 52 62 34 2 4 71 9 58 77 67 10 29 53 18 13 5 39 47 63 43 6 59 31 55 69 27 8 26 24 45 37 15 54 28 16 20 30 
52 67 22 64 8 72 9 19 57 43 71 75 69 11 46 27 25 41 35 49 68 58 40 62 26 7 48 23 76 65 63 6 4 74 30 13 73 79 56 5 21 39 16 17 34 55 54 15 45 70 51 3 50 20 61 44 12 59 60 37 36 29 77 32 14 31 28 47 18 42 2 66 33 78 38 10 0 24 1 53 
76 33 61 48 4 70 64 68 65 72 27 42 69 3 40 23 52 38 60 32 45 15 24 56 14 50 59 63 10 12 22 51 18 16 28 8 67 0 25 57 75 41 7 47 53 58 62 6 30 44 17 54 34 39 21 49 36 66 46 37 74 11 20 35 73 26 78 43 1 13 55 71 29 77 2 9 5 19 31 79 
15 44 61 45 79 21 62 4 78 75 17 24 46 1 77 26 38 10 51 8 48 52 16 76 23 14 54 73 11 7 69 2 74 35 70 59 72 3 53 37 31 40 71 41 68 32 13 67 66 22 18 30 42 27 25 58 65 60 64 29 50 63 57 19 56 20 5 36 55 49 33 47 43 6 39 0 34 28 12 9 
15 70 28 16 25 0 27 26 46 57 18 22 58 29 19 52 42 74 40 7 21 47 65 62 23 24 36 49 45 53 43 73 30 34 75 59 31 51 32 77 33 61 54 55 4 37 20 39 79 76 41 48 44 67 2 1 60 68 63 64 66 9 8 69 78 3 6 10 13 17 38 14 72 11 50 5 71 12 56 35 
47 27 28 57 71 44 39 41 43 59 54 67 70 22 21 31 60 12 79 23 34 73 11 66 65 45 26 49 37 64 19 38 17 13 14 16 78 76 61 40 7 53 58 0 4 25 56 50 33 77 72 24 51 62 2 48 42 30 75 35 15 32 6 29 74 63 10 3 9 69 52 18 68 46 20 8 55 1 36 5 
29 77 21 61 9 10 57 8 76 53 67 58 1 40 19 42 36 31 66 46 13 47 45 14 65 5 75 68 32 27 16 18 74 3 11 44 69 64 6 20 56 43 24 37 73 54 2 38 72 51 26 15 50 71 62 30 70 22 52 12 35 39 63 4 60 48 23 49 59 28 79 41 34 25 33 78 7 0 55 17 
44 40 70 24 59 14 63 61 48 18 27 66 22 73 2 35 34 20 68 47 57 62 33 79 75 31 9 56 21 29 17 12 74 54 13 78 42 3 71 10 6 55 38 45 16 52 46 4 69 51 36 72 65 23 43 39 64 28 5 60 11 77 30 8 53 76 49 15 41 7 26 67 32 25 19 58 0 50 1 37 
51 23 42 0 55 12 6 43 39 27 25 14 63 59 15 53 67 46 4 70 17 38 65 47 52 18 28 34 24 30 19 1 64 60 21 50 22 73 72 79 26 5 33 10 78 54 44 32 56 8 36 49 20 61 57 40 41 45 48 68 58 69 77 2 11 71 35 9 76 3 13 75 31 7 74 29 66 62 37 16 
54 45 14 23 70 15 76 44 41 72 73 57 25 48 52 16 27 35 42 60 17 51 62 66 29 64 26 32 18 5 20 71 63 55 4 49 37 50 10 78 24 28 59 74 2 67 46 21 53 6 34 38 65 58 36 39 40 8 0 22 61 31 7 13 30 79 47 3 11 1 43 19 75 12 56 77 68 69 9 33 
61 39 21 59 38 54 65 30 77 63 1 50 62 66 70 23 33 16 27 34 25 76 79 20 41 67 46 11 29 53 2 35 74 4 78 9 19 68 26 51 42 43 75 45 71 3 40 55 69 52 48 73 5 13 57 6 60 72 32 44 7 64 49 10 47 18 8 31 37 14 12 36 28 15 24 17 22 0 58 56 
15 23 20 9 75 59 51 1 62 54 74 56 79 33 37 53 18 45 46 63 72 11 26 71 31 28 2 60 29 24 7 70 49 65 5 17 55 4 69 3 34 40 68 22 42 67 78 76 36 14 61 47 58 6 50 16 25 12 35 57 52 48 8 77 73 41 39 30 38 64 27 10 66 19 13 0 44 32 43 21 
55 70 79 5 3 68 51 66 25 46 7 11 32 8 9 33 30 10 59 0 48 53 35 60 69 13 62 2 78 71 26 64 39 58 50 15 45 36 16 40 29 77 12 27 52 18 65 19 57 38 20 67 54 42 76 44 75 24 21 22 61 14 28 47 37 31 34 74 73 41 43 49 72 56 63 1 23 17 6 4 
76 62 24 14 75 6 4 34 66 19 63 15 39 36 45 13 55 53 2 23 49 26 68 22 42 54 37 51 38 25 9 27 20 41 21 10 70 69 0 47 74 56 73 8 58 50 78 7 32 5 18 59 1 72 77 29 44 46 57 3 65 64 31 71 60 33 11 67 12 30 48 52 40 16 17 35 28 43 61 79 
59 3 28 30 24 26 79 64 56 61 54 53 8 22 46 16 35 52 74 7 50 21 73 60 47 57 19 0 40 37 78 58 42 4 41 39 71 36 34 5 33 62 48 77 27 25 13 12 69 68 18 67 15 44 2 76 10 9 65 1 75 20 66 32 51 45 38 11 23 49 72 55 29 6 43 70 63 14 31 17 
40 28 4 25 76 74 39 12 70 15 11 51 30 6 57 38 10 16 78 13 55 29 71 49 36 53 18 26 5 14 37 73 66 42 41 21 48 22 23 79 0 8 69 77 62 31 59 35 24 72 33 63 65 34 9 61 54 67 3 45 1 60 47 43 46 56 58 20 27 17 2 19 7 52 68 32 44 64 50 75 
2 24 38 14 29 77 69 52 47 57 71 7 54 70 28 76 41 8 3 48 56 65 36 62 45 4 33 6 17 20 35 58 30 39 12 75 5 55 15 9 10 74 59 61 19 64 31 60 11 13 37 79 23 72 34 68 53 25 16 27 18 42 40 63 21 67 44 66 46 22 26 51 32 78 0 49 50 1 43 73 
57 7 26 5 65 72 50 27 29 17 54 64 6 41 60 15 12 78 21 75 48 53 44 4 46 38 36 74 37 33 25 56 42 31 14 11 9 68 39 35 34 58 52 20 62 24 10 45 22 47 18 8 16 77 79 63 1 40 23 73 70 19 43 30 59 51 32 76 2 55 67 69 3 66 13 49 28 61 71 0 
5 29 37 33 57 39 61 59 6 16 52 34 35 72 66 44 24 76 25 40 7 50 17 75 65 27 8 11 14 48 58 53 9 73 51 10 19 38 32 2 13 74 36 45 15 26 70 55 60 62 18 42 54 20 30 41 21 23 46 71 22 69 28 67 31 43 4 68 49 78 56 63 64 12 79 0 3 77 47 1 
33 1 79 56 14 57 48 73 19 47 37 59 67 8 78 44 21 31 28 45 70 12 11 43 49 63 24 62 36 34 4 41 26 65 50 13 38 54 7 16 69 77 25 17 39 75 55 76 40 60 61 20 9 51 74 5 53 10 72 18 46 52 71 23 2 32 27 68 29 66 15 64 3 42 58 30 6 35 22 0 
52 67 22 64 8 72 9 19 57 43 71 75 69 11 46 27 25 41 35 49 68 58 40 62 26 7 48 23 76 65 63 6 4 74 30 13 73 79 56 5 21 39 16 17 34 55 54 15 45 70 51 3 50 20 61 44 12 59 60 37 36 29 77 32 14 31 28 47 18 42 2 66 33 78 38 10 0 24 1 53 
52 67 22 64 8 72 9 19 57 43 71 75 69 11 46 27 25 41 35 49 68 58 40 62 26 7 48 23 76 65 63 6 4 74 30 13 73 79 56 5 21 39 16 17 34 55 54 15 45 70 51 3 50 20 61 44 12 59 60 37 36 29 77 32 14 31 28 47 18 42 2 66 33 78 38 10 0 24 1 53 
53 59 49 74 77 13 32 27 67 30 47 60 18 25 58 26 5 54 62 63 15 72 23 20 40 52 36 70 76 48 16 69 57 79 43 75 6 78 1 37 21 14 68 61 45 11 34 33 8 38 29 46 2 71 65 35 39 12 10 3 50 64 24 0 22 66 7 55 9 41 28 56 44 17 19 51 31 42 73 4 
67 18 32 2 34 8 48 6 23 24 45 72 57 5 17 71 4 50 22 61 12 29 77 46 74 3 33 42 52 25 14 41 37 43 30 68 65 63 73 39 56 64 66 13 44 7 31 35 10 47 20 76 69 58 16 26 62 54 51 60 27 53 1 70 15 38 55 28 49 11 75 9 36 21 19 59 79 40 78 0 
78 34 39 42 22 57 52 68 69 7 77 9 58 4 74 45 35 30 67 32 49 71 0 55 76 23 12 13 56 79 41 38 20 61 14 15 29 73 47 21 72 75 43 19 53 66 31 63 65 50 16 1 64 18 28 6 40 25 59 11 62 8 33 70 54 36 51 60 5 37 46 48 27 26 10 24 17 44 2 3 
62 10 78 51 73 54 59 45 23 36 24 56 38 64 31 43 34 25 40 52 26 76 35 14 28 19 4 60 77 53 2 61 75 58 42 33 8 57 39 13 44 74 68 32 47 48 0 69 72 3 55 79 63 9 70 6 67 11 17 5 12 46 18 1 66 29 37 65 50 27 16 22 49 15 41 21 30 20 7 71 
21 57 42 51 5 61 31 35 6 26 24 39 7 62 8 53 69 18 75 20 56 10 29 9 34 27 40 71 66 11 52 48 12 19 17 76 13 23 70 63 46 2 15 67 16 54 22 25 59 73 38 58 65 74 47 30 28 41 32 60 1 36 37 43 44 72 50 4 49 55 3 68 77 0 79 33 45 78 64 14 
52 67 22 64 8 72 9 19 57 43 71 75 69 11 46 27 25 41 35 49 68 58 40 62 26 7 48 23 76 65 63 6 4 74 30 13 73 79 56 5 21 39 16 17 34 55 54 15 45 70 51 3 50 20 61 44 12 59 60 37 36 29 77 32 14 31 28 47 18 42 2 66 33 78 38 10 0 24 1 53 
51 23 42 0 55 12 6 43 39 27 25 14 63 59 15 53 67 46 4 70 17 38 65 47 52 18 28 34 24 30 19 1 64 60 21 50 22 73 72 79 26 5 33 10 78 54 44 32 56 8 36 49 20 61 57 40 41 45 48 68 58 69 77 2 11 71 35 9 76 3 13 75 31 7 74 29 66 62 37 16 
34 20 31 36 10 59 22 8 21 70 63 3 47 56 0 6 26 71 66 11 74 77 7 67 40 62 52 32 46 35 9 65 30 12 48 18 43 42 25 13 72 61 24 49 44 50 14 1 53 55 69 16 78 29 17 19 64 15 2 54 60 45 4 33 27 58 76 38 51 5 41 23 39 75 28 79 68 37 57 73 
15 23 20 9 75 59 51 1 62 54 74 56 79 33 37 53 18 45 46 63 72 11 26 71 31 28 2 60 29 24 7 70 49 65 5 17 55 4 69 3 34 40 68 22 42 67 78 76 36 14 61 47 58 6 50 16 25 12 35 57 52 48 8 77 73 41 39 30 38 64 27 10 66 19 13 0 44 32 43 21 
55 70 79 5 3 68 51 66 25 46 7 11 32 8 9 33 30 10 59 0 48 53 35 60 69 13 62 2 78 71 26 64 39 58 50 15 45 36 16 40 29 77 12 27 52 18 65 19 57 38 20 67 54 42 76 44 75 24 21 22 61 14 28 47 37 31 34 74 73 41 43 49 72 56 63 1 23 17 6 4 
55 2 36 14 12 6 35 52 27 54 65 42 75 31 44 45 50 56 19 72 47 64 59 15 79 49 7 77 53 40 8 21 34 5 63 10 67 46 78 38 26 71 22 68 48 39 69 3 17 32 13 29 76 16 25 18 74 41 51 73 60 37 20 58 28 23 70 57 66 4 30 33 62 61 43 0 24 11 9 1 
59 3 28 30 24 26 79 64 56 61 54 53 8 22 46 16 35 52 74 7 50 21 73 60 47 57 19 0 40 37 78 58 42 4 41 39 71 36 34 5 33 62 48 77 27 25 13 12 69 68 18 67 15 44 2 76 10 9 65 1 75 20 66 32 51 45 38 11 23 49 72 55 29 6 43 70 63 14 31 17 
77 29 60 14 59 49 9 69 5 74 8 27 21 23 56 10 55 19 71 58 25 42 34 52 32 68 36 67 48 26 76 44 46 38 39 57 43 33 66 20 75 37 35 13 6 12 41 30 28 64 50 65 62 72 15 73 7 0 4 53 70 1 18 2 63 16 45 47 31 22 61 51 54 3 79 24 17 78 40 11 
28 52 39 45 12 8 60 74 22 31 9 14 49 51 40 48 58 36 16 67 10 50 15 72 55 65 2 26 20 37 13 53 76 56 63 70 61 41 17 38 59 79 24 33 43 18 7 78 29 30 21 27 23 3 44 32 71 46 42 34 35 64 4 25 69 57 62 77 66 75 68 5 19 1 11 54 0 73 6 47 
67 8 42 47 36 18 3 29 13 16 22 40 54 46 30 2 66 52 59 17 65 33 1 53 6 21 20 58 27 45 32 44 64 50 15 5 49 48 37 76 62 7 77 10 28 43 25 68 57 35 56 4 12 39 61 70 41 34 9 74 31 75 63 55 19 14 24 23 79 11 72 38 60 69 78 51 73 71 26 0 
52 67 22 64 8 72 9 19 57 43 71 75 69 11 46 27 25 41 35 49 68 58 40 62 26 7 48 23 76 65 63 6 4 74 30 13 73 79 56 5 21 39 16 17 34 55 54 15 45 70 51 3 50 20 61 44 12 59 60 37 36 29 77 32 14 31 28 47 18 42 2 66 33 78 38 10 0 24 1 53 
3 42 20 45 41 14 57 48 75 56 72 1 18 64 36 71 5 62 27 0 58 69 7 4 50 78 44 65 29 77 22 2 32 67 8 25 54 38 16 37 11 40 9 33 70 63 35 76 13 53 34 15 24 19 60 47 66 10 39 30 21 12 61 74 26 73 49 46 52 68 28 43 31 6 23 59 79 51 55 17 
51 22 42 25 41 45 1 32 67 70 35 65 47 69 40 52 63 76 2 4 14 19 20 28 6 68 9 48 24 10 66 17 59 34 58 75 62 29 33 61 21 5 3 7 54 74 15 11 50 8 37 46 16 26 55 57 43 39 56 73 49 12 30 31 23 72 27 18 79 36 13 64 53 60 78 38 77 71 44 0 
53 24 34 18 48 68 58 27 22 61 62 47 23 14 64 40 5 50 20 79 43 1 32 66 76 26 57 39 51 31 16 41 35 59 30 4 55 21 75 7 25 71 11 37 49 44 54 45 9 46 6 70 74 33 15 42 73 69 17 72 56 19 8 12 28 10 67 52 65 60 13 29 63 38 36 77 2 0 78 3 
67 60 1 42 66 8 25 31 21 9 33 13 10 73 26 37 4 71 65 36 12 64 20 40 44 77 55 50 45 14 15 35 34 57 59 69 38 54 24 6 56 2 53 51 46 68 18 48 7 58 22 39 79 29 3 27 72 41 75 52 28 23 5 43 17 49 78 11 62 70 63 16 32 76 19 47 74 30 61 0 
67 8 42 47 36 18 3 29 13 16 22 40 54 46 30 2 66 52 59 17 65 33 1 53 6 21 20 58 27 45 32 44 64 50 15 5 49 48 37 76 62 7 77 10 28 43 25 68 57 35 56 4 12 39 61 70 41 34 9 74 31 75 63 55 19 14 24 23 79 11 72 38 60 69 78 51 73 71 26 0 
79 62 1 43 20 5 9 77 10 15 56 70 29 21 39 19 41 11 75 35 28 18 2 32 13 17 14 49 48 65 52 16 57 74 33 63 59 30 22 53 78 3 45 24 25 40 60 73 76 69 51 4 27 31 6 23 37 58 44 38 72 0 46 42 71 34 54 8 61 67 68 64 66 7 26 55 50 36 47 12 
11 52 73 76 36 43 37 40 65 34 32 68 12 45 31 6 30 75 70 50 14 10 63 49 3 74 7 59 26 18 64 17 20 8 24 72 15 54 35 56 23 66 77 78 48 67 25 62 60 55 27 44 4 13 53 46 33 41 21 61 39 69 16 47 51 57 5 28 79 38 1 29 19 22 71 2 58 42 9 0 
64 62 34 11 0 52 18 22 72 73 5 37 1 9 29 44 60 58 30 41 7 39 21 28 49 67 45 15 14 56 42 68 27 70 16 36 2 40 10 26 54 75 3 43 66 13 4 59 48 63 19 47 20 8 33 79 61 35 6 25 31 12 57 17 23 50 51 71 53 24 65 38 32 76 77 78 46 69 55 74 
27 47 40 61 3 13 8 7 58 0 44 43 79 68 5 65 54 66 15 50 35 30 78 6 73 69 48 67 57 49 56 72 38 59 21 75 9 20 18 2 51 1 12 22 33 11 77 16 31 28 71 76 62 24 39 37 17 45 19 36 32 23 64 74 53 60 46 4 26 29 55 52 34 25 42 41 70 10 63 14 
20 79 10 36 43 27 59 8 4 5 25 39 58 55 44 14 48 18 52 9 57 11 26 62 32 69 64 63 56 49 0 78 7 77 17 72 24 19 67 34 41 23 3 40 13 50 37 2 16 29 35 53 66 46 38 1 22 42 60 65 6 21 31 74 33 70 51 73 45 15 12 61 68 76 71 28 30 54 47 75 
52 48 22 35 0 40 49 56 30 28 72 55 59 14 41 25 67 71 54 12 70 51 3 24 27 16 42 74 76 46 17 79 6 75 1 64 20 15 63 66 23 43 2 13 61 60 33 5 47 31 58 8 57 7 69 37 18 4 44 50 45 9 39 73 26 36 34 65 29 11 21 19 62 78 68 38 10 53 32 77 
24 72 49 23 76 26 47 6 0 27 52 17 5 3 16 13 54 14 66 34 37 67 42 25 29 55 32 4 75 39 44 63 45 56 69 18 22 79 60 74 50 19 71 12 1 28 10 36 30 57 65 78 48 58 68 77 2 51 41 35 15 62 7 21 43 53 11 61 8 20 40 9 31 46 33 73 38 59 64 70 
77 29 60 14 59 49 9 69 5 74 8 27 21 23 56 10 55 19 71 58 25 42 34 52 32 68 36 67 48 26 76 44 46 38 39 57 43 33 66 20 75 37 35 13 6 12 41 30 28 64 50 65 62 72 15 73 7 0 4 53 70 1 18 2 63 16 45 47 31 22 61 51 54 3 79 24 17 78 40 11 
51 62 7 30 75 17 40 53 74 65 1 35 31 56 9 57 43 26 34 67 41 6 33 73 61 76 18 14 11 16 66 13 32 4 54 55 15 23 2 60 25 20 71 0 70 5 64 24 12 72 8 69 46 44 29 50 63 37 36 10 48 59 58 47 22 19 21 49 52 68 27 42 39 28 38 45 79 77 78 3 
50 46 4 7 40 60 51 28 37 75 22 78 55 69 32 35 20 43 49 14 12 61 72 25 48 73 21 41 45 71 47 39 58 57 77 36 8 9 65 27 16 5 0 18 76 44 26 67 42 15 24 64 13 53 10 17 33 74 23 56 38 1 70 62 6 59 31 29 68 52 2 66 19 79 54 3 34 30 11 63 
13 46 26 69 22 62 9 16 42 72 3 31 54 4 67 48 18 14 66 76 20 12 77 56 63 47 30 41 38 44 53 37 23 28 45 52 61 32 60 74 24 51 40 15 1 6 27 58 34 57 35 75 50 64 79 19 39 5 36 33 59 7 2 65 71 73 11 78 8 0 25 17 55 43 21 68 29 49 70 10 
55 70 79 5 3 68 51 66 25 46 7 11 32 8 9 33 30 10 59 0 48 53 35 60 69 13 62 2 78 71 26 64 39 58 50 15 45 36 16 40 29 77 12 27 52 18 65 19 57 38 20 67 54 42 76 44 75 24 21 22 61 14 28 47 37 31 34 74 73 41 43 49 72 56 63 1 23 17 6 4 
15 35 20 9 26 11 32 47 38 34 75 12 29 52 42 59 79 73 70 8 72 63 1 5 36 30 21 57 31 64 56 61 51 66 55 71 53 14 69 3 27 40 46 58 68 67 48 77 78 50 60 2 54 25 44 22 17 24 23 49 45 10 43 18 76 39 37 19 33 65 16 13 74 6 4 0 62 28 41 7 
51 26 9 37 33 6 8 11 32 29 25 13 3 42 71 76 48 0 35 77 68 62 73 19 53 66 16 67 55 5 50 24 7 45 20 64 63 14 43 52 27 22 69 18 60 49 10 59 12 61 57 72 28 34 36 23 15 40 54 1 47 58 44 21 30 41 56 74 31 17 4 2 65 38 75 46 79 39 78 70 
48 75 0 65 62 67 52 11 51 72 30 39 35 40 33 15 59 24 73 78 61 6 3 5 1 14 70 28 2 25 58 36 4 76 60 10 19 56 7 79 21 8 46 32 31 64 74 69 42 57 45 13 9 55 12 43 16 47 34 17 38 23 54 71 18 27 20 22 26 66 68 44 29 37 41 63 49 50 53 77 
19 7 12 31 59 64 30 18 67 14 56 22 8 16 25 35 28 21 47 68 79 65 37 27 52 58 5 78 17 66 13 10 60 3 38 33 73 9 70 75 43 29 42 57 51 39 20 46 50 2 77 63 24 15 41 36 45 62 69 54 76 72 23 34 6 74 44 61 71 40 55 32 11 0 53 49 48 26 4 1 
33 1 79 56 14 57 48 73 19 47 37 59 67 8 78 44 21 31 28 45 70 12 11 43 49 63 24 62 36 34 4 41 26 65 50 13 38 54 7 16 69 77 25 17 39 75 55 76 40 60 61 20 9 51 74 5 53 10 72 18 46 52 71 23 2 32 27 68 29 66 15 64 3 42 58 30 6 35 22 0 
67 8 42 47 36 18 3 29 13 16 22 40 54 46 30 2 66 52 59 17 65 33 1 53 6 21 20 58 27 45 32 44 64 50 15 5 49 48 37 76 62 7 77 10 28 43 25 68 57 35 56 4 12 39 61 70 41 34 9 74 31 75 63 55 19 14 24 23 79 11 72 38 60 69 78 51 73 71 26 0 
63 25 52 7 33 36 56 79 16 4 72 55 78 77 60 44 18 50 49 54 3 76 24 15 10 27 46 39 75 48 51 21 23 31 41 61 11 2 38 57 43 22 67 29 32 66 74 40 34 19 6 58 14 13 73 26 53 5 28 0 12 62 69 71 70 17 42 68 20 47 30 59 65 1 37 45 64 8 35 9 
63 25 52 7 33 36 56 79 16 4 72 55 78 77 60 44 18 50 49 54 3 76 24 15 10 27 46 39 75 48 51 21 23 31 41 61 11 2 38 57 43 22 67 29 32 66 74 40 34 19 6 58 14 13 73 26 53 5 28 0 12 62 69 71 70 17 42 68 20 47 30 59 65 1 37 45 64 8 35 9 
74 69 14 41 56 79 23 49 28 50 61 57 42 78 73 15 10 31 60 5 18 22 53 46 35 39 65 7 20 59 36 6 43 8 4 77 32 71 48 13 67 27 33 47 58 40 9 70 24 44 34 26 75 52 38 76 2 12 64 17 55 66 29 16 51 72 63 1 11 45 25 68 19 54 21 62 30 37 0 3 
24 63 66 34 29 4 44 49 72 14 61 75 41 65 25 79 28 21 40 58 5 38 8 39 56 64 69 68 16 27 6 18 67 32 31 35 0 76 77 10 48 51 55 7 59 43 3 52 57 2 13 19 36 54 37 15 53 70 1 74 20 42 46 12 45 23 73 78 26 9 33 17 11 62 60 71 22 47 30 50 
78 34 39 42 22 57 52 68 69 7 77 9 58 4 74 45 35 30 67 32 49 71 0 55 76 23 12 13 56 79 41 38 20 61 14 15 29 73 47 21 72 75 43 19 53 66 31 63 65 50 16 1 64 18 28 6 40 25 59 11 62 8 33 70 54 36 51 60 5 37 46 48 27 26 10 24 17 44 2 3 
4 78 43 20 9 11 67 74 65 34 60 76 73 41 35 33 45 40 17 29 30 21 70 38 15 26 37 10 24 51 56 6 61 22 39 48 13 49 23 59 5 3 18 58 57 50 72 75 8 42 66 64 32 71 52 27 44 69 25 47 12 31 19 63 14 54 77 7 0 62 36 55 46 68 1 79 2 16 28 53 
20 42 0 44 56 1 23 67 68 54 24 46 66 19 36 2 7 10 49 71 3 72 14 48 31 45 63 11 4 62 5 47 61 13 32 30 21 40 17 51 43 6 35 53 60 55 59 77 16 22 8 29 69 52 9 12 50 70 37 33 15 74 38 34 28 18 58 25 26 76 27 75 65 79 39 41 57 64 73 78 
56 2 41 70 50 17 5 68 72 39 52 48 71 11 38 1 12 59 24 27 22 54 69 15 45 3 42 77 62 66 26 76 64 9 33 4 23 49 10 13 34 6 28 16 63 31 61 7 29 51 46 60 19 8 47 57 58 75 43 21 73 40 44 37 36 14 30 18 35 20 67 25 0 74 78 53 32 65 55 79 
78 2 29 56 52 62 46 59 77 21 76 58 67 9 12 33 36 75 0 16 74 54 14 41 73 60 72 38 4 11 15 63 71 32 10 70 20 5 69 55 68 48 25 18 66 65 45 24 64 1 61 27 57 53 7 26 51 22 34 50 49 39 47 28 44 43 42 8 40 79 35 31 30 23 19 17 13 6 3 37 
4 53 25 36 68 58 65 38 67 69 37 71 30 0 14 28 6 9 74 63 32 60 7 61 27 48 35 31 40 73 8 54 57 79 21 43 19 11 13 62 10 49 52 47 51 78 66 24 12 64 59 15 50 75 76 16 34 42 39 20 17 26 23 46 18 45 33 72 1 3 41 56 44 77 2 70 5 22 29 55 
45 33 1 27 22 11 17 34 69 62 6 31 64 4 48 52 58 78 65 42 35 57 79 55 8 21 66 41 2 29 56 19 23 70 44 46 71 9 37 30 12 3 49 36 60 14 50 13 38 53 73 77 16 51 5 32 47 10 63 75 24 15 39 18 72 61 28 7 20 43 59 74 67 68 25 0 40 54 76 26 
13 46 26 69 22 62 9 16 42 72 3 31 54 4 67 48 18 14 66 76 20 12 77 56 63 47 30 41 38 44 53 37 23 28 45 52 61 32 60 74 24 51 40 15 1 6 27 58 34 57 35 75 50 64 79 19 39 5 36 33 59 7 2 65 71 73 11 78 8 0 25 17 55 43 21 68 29 49 70 10 
75 10 26 74 57 58 27 29 20 41 73 24 7 14 72 33 53 47 40 42 71 4 46 78 69 68 52 19 79 9 6 25 66 48 77 16 64 15 63 51 62 44 32 49 36 61 12 60 22 0 59 8 56 28 76 13 54 70 45 43 39 65 2 23 37 35 34 67 30 21 18 3 17 11 5 1 55 38 50 31 
32 27 68 52 24 77 2 11 0 35 26 1 31 21 9 39 62 49 43 53 17 48 18 38 13 29 59 12 66 44 41 55 3 51 4 57 60 10 73 74 69 61 54 7 5 56 64 20 42 79 34 36 25 30 47 75 6 8 28 67 58 23 14 45 15 72 63 19 16 65 37 22 33 46 40 71 50 70 76 78 
78 64 8 26 6 41 58 27 69 34 20 35 42 32 16 10 40 68 25 67 52 75 57 61 65 3 63 49 50 23 59 28 19 31 9 13 24 36 62 33 77 14 11 43 56 45 0 38 76 53 18 39 54 51 21 46 48 15 60 44 74 17 30 1 73 47 12 66 5 22 72 79 70 37 7 55 29 71 2 4 
