10 12 24 15 22 4 2 20 1 11 16 19 3 6 5 13 0 23 7 14 17 21 18 9 8 
24 8 21 17 9 4 13 19 12 0 23 14 11 16 7 6 15 1 3 10 22 2 20 5 18 
24 8 21 17 9 4 13 19 12 0 23 14 11 16 7 6 15 1 3 10 22 2 20 5 18 
24 8 21 17 9 4 13 19 12 0 23 14 11 16 7 6 15 1 3 10 22 2 20 5 18 
24 8 21 17 9 4 13 19 12 0 23 14 11 16 7 6 15 1 3 10 22 2 20 5 18 
24 8 21 17 9 4 13 19 12 0 23 14 11 16 7 6 15 1 3 10 22 2 20 5 18 
24 8 21 17 9 4 13 19 12 0 23 14 11 16 7 6 15 1 3 10 22 2 20 5 18 
24 8 21 17 9 4 13 19 12 0 23 14 11 16 7 6 15 1 3 10 22 2 20 5 18 
24 8 21 17 9 4 13 19 12 0 23 14 11 16 7 6 15 1 3 10 22 2 20 5 18 
24 8 21 17 9 4 13 19 12 0 23 14 11 16 7 6 15 1 3 10 22 2 20 5 18 
24 8 21 17 9 4 13 19 12 0 23 14 11 16 7 6 15 1 3 10 22 2 20 5 18 
6 2 4 9 12 10 15 14 3 19 21 17 0 7 18 20 24 8 5 13 11 22 23 1 16 
7 6 1 13 9 3 5 19 12 23 21 14 0 16 24 8 11 20 22 2 15 17 4 10 18 
7 6 1 13 9 3 5 19 12 23 21 14 0 16 24 8 11 20 22 2 15 17 4 10 18 
7 6 1 13 9 3 5 19 12 23 21 14 0 16 24 8 11 20 22 2 15 17 4 10 18 
7 6 1 13 9 3 5 19 12 23 21 14 0 16 24 8 11 20 22 2 15 17 4 10 18 
7 6 1 13 9 3 5 19 12 23 21 14 0 16 24 8 11 20 22 2 15 17 4 10 18 
7 6 1 13 9 3 5 19 12 23 21 14 0 16 24 8 11 20 22 2 15 17 4 10 18 
7 6 1 13 9 3 5 19 12 23 21 14 0 16 24 8 11 20 22 2 15 17 4 10 18 
7 6 1 13 9 3 5 19 12 23 21 14 0 16 24 8 11 20 22 2 15 17 4 10 18 
7 6 1 13 9 3 5 19 12 23 21 14 0 16 24 8 11 20 22 2 15 17 4 10 18 
7 6 1 13 9 3 5 19 12 23 21 14 0 16 24 8 11 20 22 2 15 17 4 10 18 
16 18 6 17 9 1 10 7 23 2 20 3 24 12 11 4 15 5 8 22 13 14 21 19 0 
16 18 6 17 9 1 10 7 23 2 20 3 24 12 11 4 15 5 8 22 13 14 21 19 0 
16 18 6 17 9 1 10 7 23 2 20 3 24 12 11 4 15 5 8 22 13 14 21 19 0 
16 18 6 17 9 1 10 7 23 2 20 3 24 12 11 4 15 5 8 22 13 14 21 19 0 
16 18 6 17 9 1 10 7 23 2 20 3 24 12 11 4 15 5 8 22 13 14 21 19 0 
16 18 6 17 9 1 10 7 23 2 20 3 24 12 11 4 15 5 8 22 13 14 21 19 0 
16 18 6 17 9 1 10 7 23 2 20 3 24 12 11 4 15 5 8 22 13 14 21 19 0 
0 18 4 7 21 8 1 10 3 5 13 11 24 15 16 17 19 6 14 23 2 12 22 20 9 
0 18 4 7 21 8 1 10 3 5 13 11 24 15 16 17 19 6 14 23 2 12 22 20 9 
0 18 4 7 21 8 1 10 3 5 13 11 24 15 16 17 19 6 14 23 2 12 22 20 9 
0 18 4 7 21 8 1 10 3 5 13 11 24 15 16 17 19 6 14 23 2 12 22 20 9 
0 18 4 7 21 8 1 10 3 5 13 11 24 15 16 17 19 6 14 23 2 12 22 20 9 
0 18 4 7 21 8 1 10 3 5 13 11 24 15 16 17 19 6 14 23 2 12 22 20 9 
0 18 4 7 21 8 1 10 3 5 13 11 24 15 16 17 19 6 14 23 2 12 22 20 9 
0 18 4 7 21 8 1 10 3 5 13 11 24 15 16 17 19 6 14 23 2 12 22 20 9 
0 18 4 7 21 8 1 10 3 5 13 11 24 15 16 17 19 6 14 23 2 12 22 20 9 
0 18 4 7 21 8 1 10 3 5 13 11 24 15 16 17 19 6 14 23 2 12 22 20 9 
7 14 22 12 16 21 8 18 4 20 10 24 11 1 0 17 9 15 23 3 6 5 13 19 2 
7 14 22 12 16 21 8 18 4 20 10 24 11 1 0 17 9 15 23 3 6 5 13 19 2 
7 14 22 12 16 21 8 18 4 20 10 24 11 1 0 17 9 15 23 3 6 5 13 19 2 
7 14 22 12 16 21 8 18 4 20 10 24 11 1 0 17 9 15 23 3 6 5 13 19 2 
7 14 22 12 16 21 8 18 4 20 10 24 11 1 0 17 9 15 23 3 6 5 13 19 2 
7 14 22 12 16 21 8 18 4 20 10 24 11 1 0 17 9 15 23 3 6 5 13 19 2 
7 14 22 12 16 21 8 18 4 20 10 24 11 1 0 17 9 15 23 3 6 5 13 19 2 
7 14 22 12 16 21 8 18 4 20 10 24 11 1 0 17 9 15 23 3 6 5 13 19 2 
7 14 22 12 16 21 8 18 4 20 10 24 11 1 0 17 9 15 23 3 6 5 13 19 2 
7 14 22 12 16 21 8 18 4 20 10 24 11 1 0 17 9 15 23 3 6 5 13 19 2 
0 22 12 4 21 7 17 20 24 18 1 16 15 14 6 10 13 11 9 8 2 5 3 23 19 
0 22 12 4 21 7 17 20 24 18 1 16 15 14 6 10 13 11 9 8 2 5 3 23 19 
0 22 12 4 21 7 17 20 24 18 1 16 15 14 6 10 13 11 9 8 2 5 3 23 19 
0 22 12 4 21 7 17 20 24 18 1 16 15 14 6 10 13 11 9 8 2 5 3 23 19 
0 22 12 4 21 7 17 20 24 18 1 16 15 14 6 10 13 11 9 8 2 5 3 23 19 
24 4 17 13 19 5 10 22 3 7 8 2 20 11 1 14 21 15 9 18 23 0 12 6 16 
8 23 0 7 10 22 9 21 18 11 20 1 4 19 14 17 16 15 2 13 12 6 5 3 24 
8 23 0 7 10 22 9 21 18 11 20 1 4 19 14 17 16 15 2 13 12 6 5 3 24 
8 23 0 7 10 22 9 21 18 11 20 1 4 19 14 17 16 15 2 13 12 6 5 3 24 
8 23 0 7 10 22 9 21 18 11 20 1 4 19 14 17 16 15 2 13 12 6 5 3 24 
8 23 0 7 10 22 9 21 18 11 20 1 4 19 14 17 16 15 2 13 12 6 5 3 24 
8 23 0 7 10 22 9 21 18 11 20 1 4 19 14 17 16 15 2 13 12 6 5 3 24 
8 23 0 7 10 22 9 21 18 11 20 1 4 19 14 17 16 15 2 13 12 6 5 3 24 
8 23 0 7 10 22 9 21 18 11 20 1 4 19 14 17 16 15 2 13 12 6 5 3 24 
8 23 0 7 10 22 9 21 18 11 20 1 4 19 14 17 16 15 2 13 12 6 5 3 24 
24 7 5 11 1 23 4 18 16 22 8 2 9 15 20 21 12 19 3 6 17 14 10 13 0 
24 7 5 11 1 23 4 18 16 22 8 2 9 15 20 21 12 19 3 6 17 14 10 13 0 
24 7 5 11 1 23 4 18 16 22 8 2 9 15 20 21 12 19 3 6 17 14 10 13 0 
24 7 5 11 1 23 4 18 16 22 8 2 9 15 20 21 12 19 3 6 17 14 10 13 0 
24 7 5 11 1 23 4 18 16 22 8 2 9 15 20 21 12 19 3 6 17 14 10 13 0 
24 7 5 11 1 23 4 18 16 22 8 2 9 15 20 21 12 19 3 6 17 14 10 13 0 
24 7 5 11 1 23 4 18 16 22 8 2 9 15 20 21 12 19 3 6 17 14 10 13 0 
24 7 5 11 1 23 4 18 16 22 8 2 9 15 20 21 12 19 3 6 17 14 10 13 0 
24 7 5 11 1 23 4 18 16 22 8 2 9 15 20 21 12 19 3 6 17 14 10 13 0 
11 1 3 5 20 2 14 12 10 4 6 19 13 7 15 8 23 9 17 16 18 21 22 24 0 
11 1 3 5 20 2 14 12 10 4 6 19 13 7 15 8 23 9 17 16 18 21 22 24 0 
11 1 3 5 20 2 14 12 10 4 6 19 13 7 15 8 23 9 17 16 18 21 22 24 0 
11 1 3 5 20 2 14 12 10 4 6 19 13 7 15 8 23 9 17 16 18 21 22 24 0 
11 1 3 5 20 2 14 12 10 4 6 19 13 7 15 8 23 9 17 16 18 21 22 24 0 
11 1 3 5 20 2 14 12 10 4 6 19 13 7 15 8 23 9 17 16 18 21 22 24 0 
11 1 3 5 20 2 14 12 10 4 6 19 13 7 15 8 23 9 17 16 18 21 22 24 0 
11 1 3 5 20 2 14 12 10 4 6 19 13 7 15 8 23 9 17 16 18 21 22 24 0 
11 1 3 5 20 2 14 12 10 4 6 19 13 7 15 8 23 9 17 16 18 21 22 24 0 
14 24 2 19 6 23 4 15 22 21 20 8 18 17 10 16 3 13 11 12 9 7 5 1 0 
14 24 2 19 6 23 4 15 22 21 20 8 18 17 10 16 3 13 11 12 9 7 5 1 0 
14 24 2 19 6 23 4 15 22 21 20 8 18 17 10 16 3 13 11 12 9 7 5 1 0 
14 24 2 19 6 23 4 15 22 21 20 8 18 17 10 16 3 13 11 12 9 7 5 1 0 
14 24 2 19 6 23 4 15 22 21 20 8 18 17 10 16 3 13 11 12 9 7 5 1 0 
14 24 2 19 6 23 4 15 22 21 20 8 18 17 10 16 3 13 11 12 9 7 5 1 0 
14 24 2 19 6 23 4 15 22 21 20 8 18 17 10 16 3 13 11 12 9 7 5 1 0 
14 24 2 19 6 23 4 15 22 21 20 8 18 17 10 16 3 13 11 12 9 7 5 1 0 
14 24 2 19 6 23 4 15 22 21 20 8 18 17 10 16 3 13 11 12 9 7 5 1 0 
23 22 24 16 1 20 13 5 21 8 18 11 14 17 7 15 6 12 2 10 9 4 3 0 19 
23 22 24 16 1 20 13 5 21 8 18 11 14 17 7 15 6 12 2 10 9 4 3 0 19 
23 22 24 16 1 20 13 5 21 8 18 11 14 17 7 15 6 12 2 10 9 4 3 0 19 
23 22 24 16 1 20 13 5 21 8 18 11 14 17 7 15 6 12 2 10 9 4 3 0 19 
23 22 24 16 1 20 13 5 21 8 18 11 14 17 7 15 6 12 2 10 9 4 3 0 19 
23 22 24 16 1 20 13 5 21 8 18 11 14 17 7 15 6 12 2 10 9 4 3 0 19 
23 22 24 16 1 20 13 5 21 8 18 11 14 17 7 15 6 12 2 10 9 4 3 0 19 
23 22 24 16 1 20 13 5 21 8 18 11 14 17 7 15 6 12 2 10 9 4 3 0 19 
2 16 11 22 14 8 21 20 6 24 18 7 5 4 17 15 13 23 12 9 3 19 0 10 1 
