71 65 57 11 26 50 30 49 58 6 16 72 22 31 40 68 63 44 89 88 14 19 9 90 35 78 39 92 18 67 2 38 53 86 51 73 60 82 0 36 45 20 24 76 46 61 32 27 33 94 66 28 17 56 1 75 47 5 29 62 15 91 37 25 85 79 10 13 8 54 74 87 42 48 41 21 4 7 77 59 12 43 52 93 69 23 64 3 81 84 70 55 80 83 34 
7 25 50 53 86 13 83 93 59 43 74 61 2 5 16 28 14 38 92 34 72 63 88 40 21 18 39 70 42 62 26 57 19 76 23 68 78 89 75 91 69 20 32 52 58 56 47 9 46 6 27 90 85 29 8 51 73 65 30 80 33 44 22 12 54 37 82 87 41 10 24 17 11 84 60 3 45 67 94 36 77 79 31 49 71 4 35 66 64 0 48 55 1 15 81 
0 60 28 45 2 17 58 39 14 84 19 20 59 73 63 90 10 35 72 26 78 34 87 68 22 23 92 24 46 82 57 88 25 43 1 29 55 69 3 75 62 91 16 50 32 67 44 53 27 89 36 77 71 37 48 83 65 47 64 38 40 41 74 81 85 42 30 51 86 5 21 8 80 54 66 70 4 79 93 52 6 9 11 15 13 49 61 31 12 56 7 94 18 76 33 
90 86 1 65 94 72 14 67 8 10 39 84 17 0 11 48 41 77 27 63 33 66 55 23 47 29 88 73 82 92 36 35 51 49 87 60 37 57 83 78 30 56 70 19 3 2 24 76 75 34 50 42 16 74 4 5 59 32 40 44 54 52 91 69 7 26 21 68 22 45 6 64 80 89 58 9 71 85 13 43 61 31 93 25 79 12 62 15 81 46 18 20 38 28 53 
90 52 93 53 20 73 36 89 48 78 70 84 12 26 68 22 56 54 75 62 45 61 63 66 94 23 69 60 57 47 24 4 42 91 50 58 29 76 85 27 65 46 37 28 44 77 7 5 8 10 41 86 59 79 40 34 13 25 21 33 49 31 14 6 88 19 55 72 16 80 51 9 17 82 64 0 74 87 81 15 43 32 38 18 67 1 83 35 92 39 2 3 30 11 71 
16 45 22 69 91 6 65 37 13 76 57 75 12 60 19 32 3 59 55 70 8 28 61 54 26 90 92 47 74 18 88 63 36 81 1 10 79 23 89 20 2 73 0 42 4 17 29 84 87 44 21 72 53 52 33 64 30 43 51 24 85 5 40 38 68 27 48 41 62 83 31 78 86 56 14 35 82 39 7 67 49 77 71 50 11 66 80 25 46 9 34 93 15 58 94 
82 6 44 17 49 24 92 35 58 65 80 4 33 45 26 39 79 57 40 56 68 61 42 53 72 41 19 5 3 14 11 51 8 21 73 86 75 88 43 59 60 36 83 32 9 2 23 31 15 37 54 76 34 12 91 81 20 18 28 13 90 16 46 0 52 77 84 25 85 74 10 69 70 55 29 66 47 30 38 1 64 50 71 62 94 27 67 7 87 89 63 22 78 48 93 
82 6 44 17 49 24 92 35 58 65 80 4 33 45 26 39 79 57 40 56 68 61 42 53 72 41 19 5 3 14 11 51 8 21 73 86 75 88 43 59 60 36 83 32 9 2 23 31 15 37 54 76 34 12 91 81 20 18 28 13 90 16 46 0 52 77 84 25 85 74 10 69 70 55 29 66 47 30 38 1 64 50 71 62 94 27 67 7 87 89 63 22 78 48 93 
84 54 33 66 49 24 80 69 92 18 71 52 32 55 46 26 94 58 21 8 47 11 88 30 28 44 22 89 82 61 10 81 6 2 14 39 53 42 45 79 15 74 41 87 59 25 9 50 13 37 57 43 38 12 17 65 23 20 31 72 93 85 29 75 3 77 86 68 60 78 56 0 73 90 27 16 40 35 70 51 63 36 67 1 83 34 64 4 91 5 76 7 19 48 62 
36 89 6 70 43 38 67 60 79 52 1 54 13 41 42 68 75 65 39 45 24 0 9 2 5 12 64 77 15 21 62 61 44 14 33 59 28 26 69 86 4 72 3 55 35 91 74 50 87 48 82 27 17 19 88 40 37 93 7 8 23 57 46 30 25 29 58 80 47 16 85 10 94 66 34 83 90 11 20 63 53 56 31 18 32 78 22 49 92 51 73 71 76 81 84 
16 75 1 30 79 49 19 65 87 3 52 45 47 8 66 91 85 13 7 23 40 18 86 38 5 37 42 21 27 28 58 90 33 55 34 29 84 81 31 22 35 57 36 70 88 11 68 61 60 63 2 43 6 93 15 83 26 50 41 76 73 44 54 82 4 59 72 48 9 46 24 17 25 77 92 78 80 62 69 71 10 89 67 32 51 56 12 53 74 64 14 0 39 20 94 
53 45 10 70 3 15 62 56 50 58 41 34 26 76 16 52 79 69 91 19 17 71 84 89 57 4 93 77 74 9 5 20 44 63 22 67 23 30 55 6 33 27 29 7 11 32 80 87 92 46 35 18 24 73 54 8 43 42 48 85 12 65 28 39 38 51 66 13 60 14 64 83 90 37 59 21 82 78 31 75 88 25 36 68 72 40 49 47 61 1 86 94 2 81 0 
7 76 73 60 3 59 23 78 51 94 2 5 91 38 66 11 71 6 46 13 35 53 82 50 27 25 49 29 15 41 64 84 8 65 17 44 80 33 77 55 47 9 45 10 70 56 79 83 58 28 26 62 93 12 81 20 14 22 18 16 52 61 86 72 36 89 67 19 21 24 4 68 57 34 31 42 43 32 30 63 88 39 40 48 74 87 54 92 69 75 37 90 0 85 1 
19 22 69 39 27 84 52 62 90 78 65 28 10 75 49 57 85 30 55 71 81 72 92 31 23 48 46 33 25 14 94 45 36 5 11 77 66 87 29 41 40 74 42 44 47 73 26 1 38 79 68 18 60 56 54 13 61 43 51 67 6 76 24 2 9 63 86 89 53 93 37 3 58 50 12 32 0 21 35 7 17 83 91 8 16 88 80 15 64 20 82 34 59 70 4 
93 29 25 35 28 13 44 33 71 50 56 14 92 42 79 64 81 1 76 20 91 80 15 17 59 18 11 89 88 8 74 75 22 40 45 23 85 57 90 24 34 26 63 2 58 47 41 70 60 67 30 62 0 32 82 36 4 48 68 38 39 86 16 65 77 46 12 51 52 5 87 54 43 27 66 69 84 72 78 19 83 94 6 7 53 21 37 55 73 9 49 10 31 61 3 
80 75 24 86 34 47 65 15 29 3 17 85 10 94 43 64 76 40 32 28 74 87 20 82 58 6 81 21 36 22 31 57 79 84 26 23 77 46 67 73 25 12 14 9 35 63 42 72 55 71 0 38 5 70 93 41 83 54 69 62 11 45 48 18 68 50 91 59 30 19 39 56 53 61 51 78 8 44 90 33 1 27 52 13 37 60 2 92 88 49 4 89 7 66 16 
62 57 82 71 69 47 16 26 5 49 64 59 84 34 88 19 23 48 30 6 60 70 25 87 32 92 31 79 27 67 2 1 15 76 7 29 37 10 11 45 83 85 44 75 43 91 61 36 20 51 4 55 8 28 74 42 9 17 50 80 90 66 41 3 58 56 21 89 73 54 86 68 0 18 52 81 33 63 38 13 22 78 24 46 39 77 35 14 72 94 53 40 93 65 12 
45 59 81 60 47 40 18 68 42 0 32 53 14 85 15 84 4 57 23 33 90 71 28 29 79 82 78 41 37 58 26 56 6 74 46 13 2 67 11 80 70 72 94 87 22 36 49 43 20 24 88 38 1 9 73 69 17 64 48 61 66 89 19 16 52 31 35 63 50 77 83 92 44 76 10 39 27 12 75 30 62 21 54 91 55 3 34 86 51 65 5 25 8 7 93 
44 19 59 17 91 73 50 48 63 85 47 51 8 87 70 81 60 10 54 29 28 1 20 92 57 79 86 83 11 64 13 31 35 88 41 14 49 94 7 74 56 55 72 16 43 93 39 36 33 30 46 2 75 5 77 67 22 62 3 84 65 71 27 58 78 24 90 45 18 26 89 76 61 4 12 37 25 69 42 23 52 15 66 68 6 82 40 38 32 34 80 9 0 53 21 
4 69 53 39 6 36 61 64 18 8 62 93 30 35 74 42 13 86 58 52 5 17 38 47 28 77 85 78 3 84 66 50 92 80 34 54 45 24 9 44 23 63 81 31 71 10 37 70 43 82 73 26 14 91 68 83 75 11 27 90 49 55 67 2 59 15 48 89 21 60 16 33 57 56 88 65 19 87 12 7 25 79 32 76 22 40 72 20 51 46 94 29 1 0 41 
68 33 55 59 89 34 24 62 28 3 72 65 58 10 60 87 16 40 73 61 41 54 20 43 94 56 80 37 19 83 46 85 18 31 86 49 52 39 47 1 17 91 5 64 21 67 12 14 71 23 75 27 6 35 22 81 82 29 15 90 25 79 70 76 69 7 92 2 84 30 36 42 48 53 66 57 50 78 63 44 9 4 45 77 11 26 74 8 13 51 88 32 0 93 38 
21 38 81 75 15 1 85 28 8 4 32 2 79 62 25 3 80 83 47 30 23 66 84 5 7 6 12 19 26 44 63 35 9 37 68 10 64 20 71 11 67 45 14 78 87 82 41 13 76 58 16 57 22 17 43 18 73 59 50 24 27 46 86 60 61 29 42 31 77 69 72 33 40 39 34 36 49 48 74 51 52 53 55 54 70 56 65 88 89 90 91 92 93 94 0 
15 5 71 65 56 47 80 45 89 25 33 85 52 8 41 90 34 18 67 19 20 63 21 37 87 6 86 66 23 31 24 14 81 10 54 28 64 42 29 38 16 13 94 35 60 36 7 59 9 46 0 93 58 77 22 83 48 49 40 75 12 50 70 43 27 61 79 73 39 68 69 4 78 92 57 76 82 51 74 62 1 30 11 26 91 53 2 44 84 55 3 88 17 72 32 
81 58 63 10 71 27 52 72 60 87 33 28 79 15 8 31 90 83 40 76 68 6 47 34 26 36 77 18 54 62 21 61 39 0 82 42 74 93 7 44 17 13 30 78 24 11 41 53 22 20 57 50 84 64 35 66 73 59 12 70 75 38 29 25 1 89 92 91 23 55 16 4 46 2 32 43 37 51 86 67 80 88 14 9 3 65 94 45 69 48 19 56 85 5 49 
42 13 72 45 64 7 83 77 39 15 48 22 56 43 62 8 12 76 5 30 50 68 38 10 59 67 61 86 63 74 31 85 93 57 25 11 49 60 4 82 44 40 71 66 41 75 47 16 24 91 17 55 27 36 89 18 53 58 32 19 29 79 46 78 21 20 26 73 92 33 51 23 88 9 90 34 6 37 54 52 65 28 81 70 35 84 87 94 69 1 3 80 2 14 0 
46 22 68 60 36 38 52 50 34 89 27 48 92 20 65 6 61 59 42 58 69 56 80 74 12 78 14 32 17 31 90 7 0 5 45 10 77 8 47 25 83 1 79 41 19 54 62 15 49 28 82 4 86 2 53 21 29 26 24 63 70 81 75 23 16 33 18 64 3 88 11 40 67 30 9 51 66 13 73 57 71 35 87 76 43 85 37 93 39 44 72 91 55 84 94 
46 22 68 60 36 38 52 50 34 89 27 48 92 20 65 6 61 59 42 58 69 56 80 74 12 78 14 32 17 31 90 7 0 5 45 10 77 8 47 25 83 1 79 41 19 54 62 15 49 28 82 4 86 2 53 21 29 26 24 63 70 81 75 23 16 33 18 64 3 88 11 40 67 30 9 51 66 13 73 57 71 35 87 76 43 85 37 93 39 44 72 91 55 84 94 
53 6 71 31 65 83 19 33 34 74 70 7 32 0 50 46 68 44 52 42 62 63 28 9 12 69 41 67 78 43 30 29 10 60 85 25 87 51 22 11 15 80 4 20 24 93 94 14 16 66 76 72 55 17 1 91 89 86 36 21 40 39 88 64 26 58 3 27 57 47 90 35 38 48 37 84 79 45 75 49 13 56 81 59 77 82 61 73 92 2 23 18 5 8 54 
25 0 1 61 73 2 94 63 52 15 19 9 31 76 44 60 64 38 86 10 40 67 88 26 85 29 18 92 12 53 46 5 43 3 66 50 72 80 14 58 45 68 51 56 30 59 27 36 4 28 6 35 33 20 65 32 81 21 42 57 70 91 13 11 7 8 77 37 48 24 39 83 71 78 47 69 49 16 90 23 17 74 55 79 54 22 34 75 93 41 62 87 82 84 89 
50 47 58 84 64 69 30 46 8 90 11 5 76 16 2 54 48 41 17 87 82 43 83 36 6 9 51 86 92 32 53 67 71 35 40 10 27 62 81 12 77 52 33 19 80 26 55 60 0 73 39 3 88 15 29 18 89 75 93 72 20 70 63 37 74 21 25 22 7 38 59 24 56 4 31 34 66 65 61 85 42 44 78 45 13 57 23 79 91 94 1 28 68 49 14 
33 47 1 40 90 93 38 7 21 0 92 66 26 6 31 91 45 44 86 18 73 76 19 89 79 75 81 88 8 41 13 64 25 51 58 87 53 72 82 49 46 85 34 59 84 14 28 83 94 68 78 11 2 32 10 77 69 30 54 74 55 71 63 35 4 70 50 9 67 23 24 65 48 20 57 62 52 61 60 56 43 12 36 42 27 39 37 29 15 22 17 16 5 3 80 
9 86 72 34 47 30 56 83 88 81 59 18 2 38 87 79 70 85 77 11 69 23 0 37 61 76 73 48 28 15 26 75 53 13 82 43 57 84 71 67 66 80 5 78 32 16 91 8 64 55 50 60 58 31 65 52 68 19 39 63 46 6 24 45 21 94 54 41 51 49 22 12 29 35 89 27 33 42 7 17 93 10 36 25 1 92 14 62 40 90 74 4 44 20 3 
10 25 64 89 45 53 35 6 78 82 56 57 72 29 91 83 88 66 59 12 61 0 24 18 20 68 23 70 71 73 41 8 76 1 85 79 93 62 43 34 86 87 50 47 94 2 27 67 40 77 11 14 58 17 51 63 36 22 3 33 38 42 46 16 4 60 39 75 81 15 5 52 69 28 32 48 49 80 92 30 26 54 21 13 55 7 65 84 19 37 9 74 90 31 44 
28 57 10 87 37 30 3 58 83 75 43 32 51 89 44 33 39 24 78 35 15 72 34 40 92 41 84 5 71 74 68 90 45 13 4 48 62 25 50 52 12 17 6 88 8 73 46 60 19 80 63 18 59 66 82 67 54 70 47 77 79 9 53 86 23 93 55 0 27 81 38 14 61 26 22 31 42 56 16 76 91 1 65 21 69 85 7 36 2 64 49 11 29 20 94 
79 48 39 20 60 57 47 29 80 83 49 38 2 78 73 52 90 19 62 74 10 45 77 43 24 88 92 59 81 7 63 89 50 11 56 32 91 18 4 58 66 61 25 76 41 64 34 17 1 35 15 55 69 84 54 8 36 46 3 0 82 26 16 86 23 72 40 27 30 68 31 44 87 21 70 13 12 5 65 75 53 51 33 6 67 37 9 71 22 14 94 28 42 85 93 
90 59 76 39 61 15 46 28 75 3 38 4 21 92 50 88 67 40 47 87 18 9 71 66 5 60 53 48 42 35 27 16 34 20 62 24 86 17 57 6 10 30 56 13 37 32 69 63 26 83 36 68 7 8 91 84 81 82 22 45 31 1 79 43 51 55 44 12 65 29 72 14 77 25 19 80 78 89 2 73 0 41 64 49 58 70 85 52 54 74 11 94 23 93 33 
87 58 62 52 25 22 57 30 31 70 92 4 69 71 5 14 28 79 47 85 65 17 66 6 13 43 74 67 60 39 18 41 7 46 90 83 45 44 82 8 29 9 2 24 59 3 78 55 26 16 50 64 42 12 49 34 72 81 37 15 91 40 86 88 94 73 93 19 20 48 10 23 33 35 27 63 61 32 80 76 53 36 89 38 56 11 54 68 75 77 21 0 51 1 84 
5 92 13 83 40 78 17 45 77 46 76 51 58 43 3 75 1 62 64 8 0 94 6 73 74 59 20 71 56 90 34 26 9 65 16 69 89 67 37 29 49 10 47 42 66 44 31 63 88 72 57 87 91 11 86 52 25 15 93 48 24 41 82 38 30 36 35 54 12 85 2 28 50 80 18 22 23 19 14 7 4 33 84 70 68 55 39 27 60 61 21 53 32 81 79 
74 55 35 76 68 29 1 48 82 36 78 18 2 11 77 84 52 63 54 21 17 70 87 38 86 80 65 3 27 32 20 31 57 51 44 45 73 72 25 79 58 15 41 4 64 75 59 9 14 53 61 5 81 37 22 69 33 42 46 88 66 6 67 60 12 94 47 50 30 7 49 19 16 8 90 40 92 62 10 28 93 24 13 43 23 91 34 83 56 89 85 26 71 39 0 
39 51 63 20 11 4 74 48 28 36 62 5 16 60 71 6 12 93 17 29 7 27 61 8 86 9 65 34 18 40 43 10 13 54 81 14 47 90 1 19 80 21 53 55 76 22 82 23 15 52 25 0 78 30 38 31 92 66 59 32 33 70 75 35 94 37 87 41 42 89 44 45 85 2 49 50 24 57 56 64 67 68 88 69 3 73 77 79 83 84 91 26 58 46 72 
24 36 56 51 38 9 60 18 74 14 50 67 52 45 86 61 46 92 64 5 29 87 53 11 66 37 3 85 35 58 75 23 55 32 1 15 63 68 40 2 73 82 17 91 48 94 41 70 76 7 20 33 27 31 90 21 88 12 79 25 80 77 16 49 71 28 26 4 65 84 93 39 10 72 62 43 22 47 57 6 59 8 81 78 44 89 0 19 30 54 83 34 13 69 42 
8 0 54 87 74 61 92 38 9 75 31 71 69 83 5 80 94 66 42 12 70 34 26 6 21 14 84 40 45 82 85 51 32 77 57 43 39 56 73 58 4 10 13 55 49 18 67 11 1 79 28 78 52 47 68 63 41 22 72 16 24 86 65 17 60 91 25 29 19 27 35 20 62 59 3 44 46 30 76 33 90 53 48 36 23 89 50 64 7 88 81 2 37 15 93 
21 39 73 70 64 91 5 68 9 76 13 24 25 43 49 66 8 78 27 51 53 48 20 42 36 7 94 40 18 31 57 37 65 63 1 89 30 14 3 84 58 28 50 72 22 34 83 16 81 52 88 46 60 47 86 38 61 4 2 87 17 80 62 75 29 85 26 71 54 35 67 32 93 90 92 74 10 69 55 41 59 23 77 45 79 33 19 0 82 12 11 6 56 15 44 
0 52 75 84 55 58 5 70 73 88 17 28 36 48 42 29 37 2 40 72 13 78 31 3 27 35 82 68 33 63 60 87 69 16 54 41 59 14 30 45 18 67 44 4 93 71 91 50 9 77 21 47 83 57 7 62 6 49 61 8 76 39 25 81 32 86 24 90 34 10 43 11 56 94 20 23 1 15 89 65 74 80 19 22 92 53 26 38 66 46 12 64 79 85 51 
5 4 0 41 26 34 68 3 10 17 59 38 56 11 29 64 63 48 6 81 1 55 44 89 18 46 25 75 13 40 21 8 53 2 66 57 49 19 50 12 72 88 27 30 73 7 70 45 20 85 76 15 37 79 28 36 92 71 22 86 87 58 78 16 9 14 39 31 83 54 23 82 74 33 61 65 47 80 94 35 24 43 90 67 51 32 62 60 69 42 52 91 77 84 93 
91 51 3 77 86 22 80 29 84 4 56 31 18 87 36 13 5 68 35 20 47 12 61 6 90 57 10 71 48 41 46 42 73 7 33 81 8 79 27 50 30 9 26 62 0 25 59 60 15 66 52 65 14 69 83 34 49 43 28 16 23 58 85 88 17 74 72 94 19 32 53 21 39 38 44 67 82 24 1 76 55 93 54 40 64 11 63 70 92 75 37 89 2 78 45 
52 11 69 48 51 7 93 3 37 91 85 9 59 40 81 31 2 61 19 88 28 79 46 57 32 12 1 63 72 36 90 65 14 10 73 16 74 13 86 58 80 75 25 42 78 89 27 83 23 4 20 8 87 22 76 60 30 77 62 24 26 34 67 39 18 33 21 38 55 84 82 68 5 17 44 45 66 47 53 64 49 50 71 54 29 70 92 35 0 15 43 94 41 56 6 
52 11 69 48 51 7 93 3 37 91 85 9 59 40 81 31 2 61 19 88 28 79 46 57 32 12 1 63 72 36 90 65 14 10 73 16 74 13 86 58 80 75 25 42 78 89 27 83 23 4 20 8 87 22 76 60 30 77 62 24 26 34 67 39 18 33 21 38 55 84 82 68 5 17 44 45 66 47 53 64 49 50 71 54 29 70 92 35 0 15 43 94 41 56 6 
55 60 8 7 84 5 54 90 35 85 56 67 82 32 17 41 51 48 21 70 64 58 39 78 63 61 74 94 80 22 19 75 89 52 0 47 66 4 26 6 87 71 31 25 93 42 40 68 20 13 11 83 73 34 62 81 3 37 18 53 27 92 44 49 23 14 10 12 46 57 1 43 30 77 79 72 88 28 91 16 33 24 15 86 50 45 59 36 38 76 2 69 65 29 9 
43 76 40 21 48 13 87 54 10 12 88 82 69 92 4 85 29 24 47 6 72 77 44 63 90 3 93 81 22 66 80 15 45 16 31 23 32 61 68 30 62 53 94 78 18 58 5 49 55 39 27 9 26 70 86 74 42 11 59 35 7 73 46 28 33 41 36 60 14 71 34 1 89 20 52 65 25 75 57 56 84 17 50 2 51 37 64 8 67 19 83 38 79 91 0 
42 7 36 74 20 51 79 86 64 65 52 53 19 85 43 8 87 88 82 27 38 37 55 61 26 63 2 67 0 48 45 31 72 54 44 76 40 3 33 81 5 17 80 30 91 13 34 47 14 57 6 77 32 12 75 18 83 60 84 25 29 39 9 70 15 59 4 69 46 73 24 94 11 62 23 41 22 68 89 50 16 49 58 93 21 78 28 92 71 90 35 66 56 10 1 
63 31 67 58 83 23 71 51 30 21 13 75 81 28 47 39 80 64 17 32 88 7 66 53 2 33 14 18 65 6 79 1 38 5 76 87 59 48 74 16 68 73 42 3 91 85 44 35 60 24 49 11 46 54 57 84 34 62 19 12 69 37 15 4 10 82 0 40 55 9 78 77 50 27 22 72 41 36 90 20 61 86 25 52 56 43 89 26 45 94 92 29 93 70 8 
45 82 0 84 71 16 89 19 39 38 33 77 74 64 37 28 29 85 7 56 75 73 43 44 35 72 14 17 60 55 46 11 8 50 34 70 80 10 78 67 90 57 69 26 53 63 9 18 66 76 27 32 83 58 31 54 79 13 51 92 48 25 12 22 1 47 21 42 20 65 40 36 59 87 23 15 41 91 86 61 2 94 24 81 52 49 68 4 93 30 3 6 5 88 62 
25 18 78 8 43 11 46 32 36 50 29 49 35 38 68 74 0 54 79 59 72 17 94 39 9 58 45 12 41 44 64 90 27 21 76 67 2 4 48 22 88 56 5 80 53 63 37 62 34 16 23 70 93 91 75 52 3 15 40 82 14 26 85 86 51 31 7 55 6 65 24 20 47 33 89 1 57 71 66 83 77 87 13 42 69 10 28 73 84 81 19 30 61 60 92 
44 19 59 17 91 73 50 48 63 85 47 51 8 87 70 81 60 10 54 29 28 1 20 92 57 79 86 83 11 64 13 31 35 88 41 14 49 94 7 74 56 55 72 16 43 93 39 36 33 30 46 2 75 5 77 67 22 62 3 84 65 71 27 58 78 24 90 45 18 26 89 76 61 4 12 37 25 69 42 23 52 15 66 68 6 82 40 38 32 34 80 9 0 53 21 
93 75 19 38 77 45 46 39 83 89 73 26 56 84 7 61 44 71 4 20 70 94 28 79 85 66 48 21 2 51 65 52 33 25 5 17 86 74 91 88 78 11 92 14 57 55 8 64 49 68 87 69 76 42 60 24 40 32 90 53 35 34 9 12 47 30 50 80 16 23 22 41 54 59 10 58 81 27 0 18 72 63 43 3 29 15 67 37 36 6 62 13 31 82 1 
29 76 16 1 37 84 74 10 63 26 71 15 79 52 70 57 24 90 25 38 23 85 55 34 6 94 2 19 12 47 51 73 53 72 65 80 77 45 17 67 14 11 66 40 28 39 64 3 58 4 78 22 50 33 9 30 88 81 75 62 93 41 91 48 46 59 0 43 27 83 69 7 8 42 60 44 54 35 86 13 31 92 61 18 87 89 68 20 82 21 56 32 36 49 5 
90 1 41 10 33 89 18 78 22 25 42 82 45 66 88 30 76 38 91 43 86 65 29 62 12 59 73 2 58 9 7 60 48 15 17 40 35 32 85 28 70 84 55 8 3 83 6 52 4 23 81 64 50 71 39 61 75 80 44 34 26 5 21 31 36 79 67 57 77 19 74 11 47 37 53 24 72 69 13 56 68 20 49 14 87 54 51 16 63 27 0 92 93 94 46 
39 61 44 46 18 35 34 50 45 73 9 4 32 64 93 55 30 86 13 24 66 90 11 71 14 5 92 83 12 33 67 20 41 21 91 6 60 69 1 8 78 89 23 80 79 49 52 57 28 88 72 0 48 15 29 16 76 54 84 43 17 74 63 38 40 19 42 22 87 68 94 25 82 2 27 31 7 81 58 70 37 47 53 51 3 59 77 62 65 75 85 10 36 26 56 
21 48 24 84 35 44 94 13 74 69 17 5 38 73 80 71 72 68 85 26 66 53 36 6 65 83 46 43 86 49 62 91 7 31 0 60 55 59 3 10 79 70 22 56 93 52 58 50 1 75 88 25 37 12 42 41 40 47 15 14 76 92 8 87 64 29 28 18 45 23 20 19 54 61 27 4 11 33 90 81 77 34 57 39 16 9 67 78 82 89 30 32 63 51 2 
1 81 49 80 83 7 66 16 24 57 13 35 91 20 50 8 36 79 71 72 85 31 47 9 11 25 15 88 68 53 2 58 76 73 90 12 70 82 61 46 59 69 30 27 86 32 33 14 63 62 17 34 22 65 40 18 64 48 56 19 43 84 5 23 52 26 75 4 54 51 67 29 41 74 42 37 3 39 78 44 45 10 6 77 38 89 92 93 28 0 55 87 21 60 94 
6 49 65 75 69 37 3 52 89 63 18 27 66 53 11 20 2 82 74 55 64 7 33 0 51 91 8 25 21 72 4 76 70 47 58 57 90 86 14 40 43 62 9 78 60 45 88 1 10 50 80 16 34 54 19 38 71 23 17 5 87 44 42 48 13 29 83 85 35 59 15 12 28 31 30 84 41 22 94 24 61 79 32 26 67 77 36 39 73 46 68 56 81 92 93 
30 64 16 43 80 58 18 36 57 19 69 13 40 51 10 79 61 46 71 63 11 25 0 2 44 78 90 14 24 83 75 50 86 73 20 39 38 37 85 70 1 66 28 68 84 65 35 4 32 89 22 74 41 29 6 59 93 27 52 5 55 26 67 7 53 87 81 47 34 45 42 8 82 54 62 21 60 9 56 12 77 94 91 15 3 49 23 31 92 33 17 72 76 88 48 
33 92 3 73 74 4 86 21 20 58 64 17 43 41 67 51 87 54 10 89 40 94 0 6 82 57 65 12 38 90 81 37 83 7 13 8 79 72 52 69 18 9 77 34 45 60 66 49 88 47 11 36 25 31 78 14 22 80 93 15 27 26 84 71 16 19 56 50 23 63 35 24 5 76 62 29 68 30 46 61 32 2 53 42 75 44 48 55 28 70 85 91 1 59 39 
94 77 16 72 41 20 44 3 37 71 27 22 12 4 65 70 8 1 59 93 62 84 10 29 47 30 38 13 23 42 25 88 34 75 46 35 81 9 64 39 28 2 33 56 17 92 31 86 66 57 50 7 55 52 11 54 5 91 78 60 61 24 79 83 53 68 19 73 6 14 90 80 18 26 87 89 85 15 48 67 40 45 21 63 43 82 32 51 74 36 76 69 49 58 0 
33 85 20 89 51 40 90 45 44 49 35 14 24 54 32 70 31 76 55 15 50 66 36 2 86 38 21 72 0 27 34 65 84 28 23 63 39 16 19 75 93 4 6 17 94 74 29 58 78 82 80 91 3 37 8 48 60 42 41 7 77 53 62 26 67 22 47 57 9 46 61 10 79 88 69 87 71 11 92 59 52 1 73 13 81 68 18 25 5 43 64 56 83 12 30 
49 21 19 70 77 52 56 45 20 60 89 34 68 90 88 22 76 87 10 12 4 39 53 86 55 79 93 14 51 61 44 73 41 27 16 29 32 30 81 3 94 83 28 82 48 54 31 36 40 42 6 92 17 67 78 43 75 23 72 74 62 24 18 57 58 59 63 5 71 69 8 66 85 91 33 84 37 47 38 7 11 9 46 35 80 65 15 13 25 1 64 50 2 26 0 
27 20 37 87 41 2 48 26 66 86 18 91 79 93 3 39 42 49 30 10 77 44 14 73 0 70 55 1 16 6 22 29 61 9 67 56 75 53 17 46 7 8 68 31 38 32 65 71 50 83 11 59 82 89 92 78 94 24 81 54 47 4 13 52 21 15 12 84 23 57 58 40 69 25 80 63 45 28 5 19 35 76 90 72 36 43 51 33 64 62 74 34 88 60 85 
57 94 21 40 51 61 15 29 23 53 54 73 19 7 3 81 87 91 62 25 52 59 63 4 46 10 55 69 78 37 90 76 31 32 48 41 43 33 0 65 45 6 75 39 60 28 58 8 93 83 22 66 11 47 16 71 88 44 18 9 20 36 82 67 72 86 74 24 12 85 68 13 70 26 1 35 2 27 80 30 84 50 79 34 49 77 38 42 5 64 56 92 14 89 17 
29 37 1 5 75 6 27 58 90 17 12 73 40 62 69 53 89 71 11 60 63 44 54 7 79 87 8 84 43 76 28 41 33 49 52 9 51 38 19 65 32 10 61 64 83 46 86 56 77 13 14 21 31 50 25 15 48 26 92 16 82 78 59 88 2 20 81 34 22 30 94 23 24 45 3 36 67 39 68 80 42 70 57 47 85 55 66 72 4 91 93 0 35 18 74 
1 35 6 87 16 60 7 37 88 83 52 64 86 24 34 20 46 18 28 27 91 15 61 74 79 75 53 17 30 48 2 50 84 57 71 90 76 38 33 0 40 5 23 72 56 89 67 63 68 78 22 66 70 31 44 39 32 49 26 54 58 29 94 3 12 82 73 4 10 51 81 36 62 43 65 80 9 13 69 8 77 11 19 59 93 47 25 14 21 45 42 41 92 55 85 
36 43 65 73 64 70 50 6 61 2 28 8 33 63 4 10 91 45 11 93 12 17 74 41 67 13 35 39 44 14 56 59 78 52 37 15 85 49 66 16 18 57 46 23 22 19 76 20 88 55 51 21 3 25 38 26 90 92 32 83 27 80 29 30 1 34 94 40 9 58 47 48 5 54 60 62 87 79 72 68 69 71 84 75 77 81 31 86 89 0 24 53 7 42 82 
36 43 65 73 64 70 50 6 61 2 28 8 33 63 4 10 91 45 11 93 12 17 74 41 67 13 35 39 44 14 56 59 78 52 37 15 85 49 66 16 18 57 46 23 22 19 76 20 88 55 51 21 3 25 38 26 90 92 32 83 27 80 29 30 1 34 94 40 9 58 47 48 5 54 60 62 87 79 72 68 69 71 84 75 77 81 31 86 89 0 24 53 7 42 82 
2 17 48 69 57 87 46 20 90 62 30 93 67 61 1 4 3 35 50 6 47 60 22 15 41 19 64 16 28 63 7 54 33 76 49 38 56 42 74 45 13 55 88 8 24 27 73 77 36 44 83 40 31 92 32 9 78 10 26 34 43 37 23 11 66 81 85 91 5 14 65 58 86 82 89 18 21 70 71 25 59 84 29 80 72 39 12 52 79 75 53 68 51 0 94 
49 52 85 17 10 63 33 48 53 19 89 20 82 54 5 81 50 28 58 64 16 8 21 6 94 79 26 66 67 35 73 56 90 32 80 43 75 76 15 74 57 7 1 91 23 71 70 11 9 37 31 2 40 41 13 69 59 30 24 18 68 38 72 22 65 93 60 55 25 87 47 27 78 3 84 44 51 34 62 36 92 14 83 42 4 88 46 61 39 86 77 12 45 29 0 
89 72 88 6 27 25 23 7 20 77 70 60 85 75 48 16 87 0 73 86 32 33 68 9 41 69 10 43 18 11 56 93 50 83 34 82 90 30 80 92 61 65 78 44 51 40 67 53 45 12 46 13 55 24 54 29 1 76 58 15 47 81 17 91 66 64 49 84 38 2 94 21 22 26 42 59 57 28 63 74 37 71 3 35 36 19 52 62 39 4 79 14 5 8 31 
62 82 40 56 81 7 60 53 70 88 8 46 2 18 49 79 33 16 35 54 10 47 90 58 25 77 75 11 63 12 76 50 66 15 65 13 87 55 72 73 14 78 89 68 17 19 29 36 67 22 20 21 84 1 37 61 32 9 0 27 59 28 30 6 39 34 31 57 69 51 41 86 44 42 4 45 38 52 64 24 74 5 3 85 91 92 93 48 26 43 80 94 71 83 23 
82 85 23 65 19 34 69 39 42 32 70 77 9 11 5 61 93 40 57 54 79 58 30 90 50 15 55 37 22 18 47 28 6 84 25 52 29 66 75 17 83 59 91 60 16 21 49 41 76 36 71 80 67 56 14 26 81 8 20 88 33 78 43 62 72 2 27 44 10 13 48 87 74 63 12 53 31 86 64 7 3 92 45 68 24 4 51 46 89 35 38 0 94 1 73 
75 85 51 55 84 62 70 89 24 45 36 18 6 49 7 59 19 50 74 22 17 78 1 56 25 82 73 27 2 88 80 71 92 31 26 44 35 39 30 32 9 11 67 77 37 76 48 38 72 14 33 86 3 43 8 23 10 53 63 16 68 57 83 58 64 0 87 61 21 60 54 79 34 69 91 42 94 28 5 13 4 40 29 52 47 12 81 41 66 15 20 90 46 65 93 
75 85 51 55 84 62 70 89 24 45 36 18 6 49 7 59 19 50 74 22 17 78 1 56 25 82 73 27 2 88 80 71 92 31 26 44 35 39 30 32 9 11 67 77 37 76 48 38 72 14 33 86 3 43 8 23 10 53 63 16 68 57 83 58 64 0 87 61 21 60 54 79 34 69 91 42 94 28 5 13 4 40 29 52 47 12 81 41 66 15 20 90 46 65 93 
27 88 91 74 46 80 47 1 94 20 72 18 52 62 26 19 53 85 55 79 21 66 13 51 40 23 68 43 38 32 45 24 89 39 16 28 8 93 10 31 17 44 22 82 92 35 84 36 77 59 67 2 48 41 33 49 76 69 42 7 56 90 65 57 81 58 87 60 75 64 61 63 6 3 73 78 25 12 86 4 9 14 34 30 5 70 50 11 37 83 29 15 71 54 0 
22 75 17 42 31 66 79 73 74 62 29 8 40 27 85 13 55 84 69 76 39 83 18 56 52 28 21 60 38 2 61 43 10 77 82 49 51 14 68 59 3 81 53 26 88 58 25 91 48 87 33 46 30 12 54 23 71 50 70 15 63 20 4 90 45 5 34 24 65 64 19 89 78 6 36 57 9 41 67 86 7 47 16 80 11 32 94 44 1 37 72 0 93 35 92 
69 31 4 28 86 20 23 77 70 94 82 21 60 66 22 46 51 52 6 39 5 3 42 74 62 27 8 35 11 73 9 14 34 57 61 36 33 63 55 84 88 38 93 80 76 54 24 15 65 56 43 59 92 44 41 91 10 79 7 49 50 68 45 18 13 67 19 72 75 64 16 29 17 26 89 90 58 1 37 47 30 40 32 78 53 87 2 85 81 12 83 71 25 48 0 
60 88 70 79 50 15 29 35 89 22 72 63 45 62 26 77 75 76 24 48 74 32 81 40 52 16 71 92 61 42 68 43 17 7 41 67 46 31 3 1 0 91 85 64 90 58 4 57 82 55 25 66 37 27 23 53 51 8 69 87 33 86 2 6 18 39 78 9 84 34 30 28 21 47 65 14 12 83 80 10 5 13 93 59 11 49 56 20 36 54 19 44 38 94 73 
60 88 70 79 50 15 29 35 89 22 72 63 45 62 26 77 75 76 24 48 74 32 81 40 52 16 71 92 61 42 68 43 17 7 41 67 46 31 3 1 0 91 85 64 90 58 4 57 82 55 25 66 37 27 23 53 51 8 69 87 33 86 2 6 18 39 78 9 84 34 30 28 21 47 65 14 12 83 80 10 5 13 93 59 11 49 56 20 36 54 19 44 38 94 73 
40 8 72 6 76 12 88 17 16 93 83 64 27 0 35 38 41 57 71 3 69 28 9 61 67 44 74 82 66 85 30 46 54 14 50 19 68 70 63 49 42 48 75 87 13 55 89 92 18 11 23 31 91 34 1 73 21 5 52 29 81 62 77 90 25 33 43 7 4 78 24 86 32 58 65 47 15 53 39 84 59 20 51 80 26 2 22 79 37 60 10 56 45 36 94 
73 31 45 84 5 56 42 26 71 81 30 6 46 1 63 39 89 8 59 92 86 44 77 21 17 47 50 64 72 67 24 2 37 19 93 83 85 12 57 54 7 94 9 13 23 79 75 34 61 69 18 52 65 14 3 78 16 88 90 41 87 32 38 4 40 68 27 22 91 25 62 60 49 15 29 58 76 82 53 10 48 35 36 43 28 33 80 11 70 74 55 20 66 51 0 
42 7 44 22 31 92 78 1 24 83 3 65 75 41 81 67 16 5 2 76 36 12 14 48 45 79 32 73 69 63 60 59 25 19 6 91 47 37 71 4 26 30 56 55 70 53 8 21 18 50 90 9 77 39 86 46 13 62 27 89 64 57 38 33 40 88 74 10 58 17 15 49 93 11 80 85 29 84 23 61 82 20 35 72 28 68 66 34 43 54 52 51 0 94 87 
31 70 7 24 83 34 0 17 33 18 80 90 76 57 48 85 55 2 46 40 60 59 88 41 73 68 63 5 89 51 3 81 87 12 30 47 58 94 49 36 42 21 82 45 67 35 6 14 43 50 66 27 28 84 16 74 4 77 20 79 39 10 13 69 23 8 93 75 52 9 78 29 1 64 71 54 61 65 22 38 15 62 19 56 37 25 53 92 32 26 44 91 72 86 11 
74 40 32 18 4 48 78 11 50 25 94 84 83 88 20 41 6 67 39 92 36 23 16 35 2 7 59 70 28 51 8 3 80 54 89 26 38 72 31 34 93 76 60 57 91 10 63 5 79 43 90 22 52 69 77 75 44 86 46 64 13 45 87 9 1 47 53 61 58 17 19 14 71 42 55 66 82 33 85 15 81 27 29 21 73 37 68 24 56 30 65 49 62 0 12 
4 36 40 94 2 63 45 60 16 13 83 27 5 91 29 93 20 52 56 31 58 70 92 32 87 12 90 34 65 17 77 69 37 10 82 89 81 67 39 41 73 42 55 24 44 33 26 88 68 86 23 19 21 51 80 85 3 54 43 59 18 62 28 47 14 84 48 74 75 50 66 79 78 35 6 76 9 15 25 72 71 49 7 64 0 61 38 57 11 53 46 30 22 8 1 
59 61 76 26 54 79 13 10 12 85 83 84 52 8 65 39 89 18 38 2 55 91 37 3 93 6 35 11 34 47 23 29 20 22 74 27 68 67 4 36 94 5 60 31 48 82 42 7 32 58 66 25 75 73 21 81 43 9 87 14 17 28 92 57 46 51 45 69 15 62 77 16 24 53 63 72 19 30 49 33 90 44 1 41 88 64 50 56 78 70 86 71 80 0 40 
90 88 73 48 76 10 75 37 64 91 11 4 67 51 52 69 32 25 29 62 30 44 8 36 42 82 33 60 13 84 50 40 70 63 3 61 9 53 87 6 41 81 54 89 18 0 21 56 83 5 22 78 86 14 16 46 55 34 94 72 66 26 71 80 28 27 12 17 65 79 1 20 15 58 24 2 74 49 57 77 59 35 68 38 31 7 23 47 85 92 19 39 45 43 93 
44 27 49 78 48 63 32 86 8 42 51 12 74 85 25 46 18 72 58 80 75 62 15 29 10 54 38 36 13 53 89 60 47 73 68 94 81 59 71 65 34 33 77 7 84 14 76 39 50 56 22 79 90 19 69 93 37 55 21 52 4 70 2 16 40 92 20 28 83 17 26 91 11 45 41 88 23 9 57 31 87 66 35 82 3 67 30 64 24 61 43 6 5 1 0 
61 30 11 6 46 28 47 38 22 50 42 60 41 77 66 81 62 71 1 54 53 43 17 33 70 51 37 3 91 84 85 4 13 68 27 40 24 32 39 88 2 52 94 59 7 29 26 8 69 15 64 79 93 19 58 72 45 12 89 75 5 10 74 14 36 86 73 80 92 20 63 16 31 56 44 34 23 55 18 21 82 67 48 25 9 78 90 49 35 65 57 83 87 0 76 
22 86 18 41 30 29 93 44 72 39 75 70 13 49 54 7 59 17 35 3 56 78 34 84 43 9 57 94 89 58 2 81 0 74 36 45 32 63 6 14 28 80 31 26 65 37 25 79 77 83 60 87 73 48 1 16 40 10 61 69 20 92 19 67 53 88 24 23 64 52 66 55 68 76 4 33 12 47 91 42 82 46 11 21 51 71 5 90 8 50 38 85 15 62 27 
72 82 13 64 1 39 32 77 80 88 46 48 94 57 41 54 87 2 86 18 83 62 9 69 84 73 50 78 89 63 33 61 3 19 26 11 30 23 52 24 43 60 12 45 42 29 4 59 68 34 76 55 79 5 21 16 6 37 36 51 65 71 44 40 35 20 53 56 28 7 74 25 81 17 8 38 90 10 58 93 49 14 15 70 66 85 22 92 27 31 67 91 47 75 0 
72 82 13 64 1 39 32 77 80 88 46 48 94 57 41 54 87 2 86 18 83 62 9 69 84 73 50 78 89 63 33 61 3 19 26 11 30 23 52 24 43 60 12 45 42 29 4 59 68 34 76 55 79 5 21 16 6 37 36 51 65 71 44 40 35 20 53 56 28 7 74 25 81 17 8 38 90 10 58 93 49 14 15 70 66 85 22 92 27 31 67 91 47 75 0 
50 85 77 32 79 10 64 91 39 90 0 84 17 75 61 68 57 93 72 14 46 42 22 34 51 25 73 1 43 55 70 62 82 19 71 58 13 11 47 30 66 44 21 38 60 78 33 52 76 63 16 88 87 74 53 36 92 23 94 65 40 2 12 27 31 24 18 59 4 86 48 8 29 80 49 3 54 41 5 69 56 28 83 20 45 6 9 37 89 67 7 15 35 26 81 
31 58 76 48 59 42 10 65 47 56 81 37 16 3 36 63 61 20 88 38 30 1 14 80 32 27 69 5 84 87 83 6 22 68 53 18 92 25 85 60 45 9 90 77 39 2 79 70 21 4 89 34 19 75 11 29 46 74 7 62 55 13 73 15 43 41 52 28 24 67 8 51 12 72 71 57 66 35 26 33 86 54 44 94 49 17 78 50 0 93 40 91 82 64 23 
