4 3 2 6 5 1 0 7 
7 1 2 5 6 3 4 0 
7 1 2 5 6 3 4 0 
7 1 2 5 6 3 4 0 
7 1 2 5 6 3 4 0 
7 1 2 5 6 3 4 0 
7 1 2 5 6 3 4 0 
0 1 6 5 2 4 3 7 
0 1 6 5 2 4 3 7 
0 1 6 5 2 4 3 7 
0 1 6 5 2 4 3 7 
0 1 6 5 2 4 3 7 
0 1 6 5 2 4 3 7 
0 1 6 5 2 4 3 7 
0 1 6 5 2 4 3 7 
0 1 6 5 2 4 3 7 
0 1 6 5 2 4 3 7 
0 1 6 5 2 4 3 7 
0 1 6 5 2 4 3 7 
0 1 6 5 2 4 3 7 
0 1 6 5 2 4 3 7 
0 1 6 5 2 4 3 7 
0 1 6 5 2 4 3 7 
0 1 6 5 2 4 3 7 
0 1 6 5 2 4 3 7 
0 1 6 5 2 4 3 7 
0 1 6 5 2 4 3 7 
0 1 6 5 2 4 3 7 
0 1 6 5 2 4 3 7 
0 1 6 5 2 4 3 7 
0 1 6 5 2 4 3 7 
0 1 6 5 2 4 3 7 
0 1 6 5 2 4 3 7 
0 1 6 5 2 4 3 7 
0 1 6 5 2 4 3 7 
0 1 6 5 2 4 3 7 
0 1 6 5 2 4 3 7 
0 1 6 5 2 4 3 7 
0 1 6 5 2 4 3 7 
0 1 6 5 2 4 3 7 
0 1 6 5 2 4 3 7 
0 1 6 5 2 4 3 7 
0 1 6 5 2 4 3 7 
0 1 6 5 2 4 3 7 
0 1 6 5 2 4 3 7 
0 1 6 5 2 4 3 7 
0 1 6 5 2 4 3 7 
0 1 6 5 2 4 3 7 
0 1 6 5 2 4 3 7 
0 1 6 5 2 4 3 7 
0 1 6 5 2 4 3 7 
0 1 6 5 2 4 3 7 
0 1 6 5 2 4 3 7 
0 1 6 5 2 4 3 7 
0 1 6 5 2 4 3 7 
0 1 6 5 2 4 3 7 
0 1 6 5 2 4 3 7 
0 1 6 5 2 4 3 7 
0 1 6 5 2 4 3 7 
0 1 6 5 2 4 3 7 
0 1 6 5 2 4 3 7 
0 1 6 5 2 4 3 7 
0 1 6 5 2 4 3 7 
0 1 6 5 2 4 3 7 
0 1 6 5 2 4 3 7 
0 1 6 5 2 4 3 7 
0 1 6 5 2 4 3 7 
0 1 6 5 2 4 3 7 
0 1 6 5 2 4 3 7 
0 1 6 5 2 4 3 7 
0 1 6 5 2 4 3 7 
0 1 6 5 2 4 3 7 
0 1 6 5 2 4 3 7 
0 1 6 5 2 4 3 7 
0 1 6 5 2 4 3 7 
0 1 6 5 2 4 3 7 
0 1 6 5 2 4 3 7 
0 1 6 5 2 4 3 7 
0 1 6 5 2 4 3 7 
0 1 6 5 2 4 3 7 
0 1 6 5 2 4 3 7 
0 1 6 5 2 4 3 7 
0 1 6 5 2 4 3 7 
0 1 6 5 2 4 3 7 
0 1 6 5 2 4 3 7 
0 1 6 5 2 4 3 7 
0 1 6 5 2 4 3 7 
0 1 6 5 2 4 3 7 
0 1 6 5 2 4 3 7 
0 1 6 5 2 4 3 7 
0 1 6 5 2 4 3 7 
0 1 6 5 2 4 3 7 
0 1 6 5 2 4 3 7 
0 1 6 5 2 4 3 7 
0 1 6 5 2 4 3 7 
0 1 6 5 2 4 3 7 
0 1 6 5 2 4 3 7 
0 1 6 5 2 4 3 7 
0 1 6 5 2 4 3 7 
0 1 6 5 2 4 3 7 
