25 60 72 55 59 89 74 53 35 52 41 51 18 67 7 19 31 79 36 88 0 16 46 10 45 30 14 66 23 65 22 40 75 80 77 42 47 13 48 38 2 20 28 86 83 56 73 21 27 33 9 64 4 61 87 69 70 1 54 44 76 68 39 81 15 32 49 58 24 3 11 85 34 12 17 5 82 84 50 43 37 26 62 29 71 57 63 6 78 8 
66 77 34 0 40 49 19 43 37 23 29 5 1 80 48 81 15 62 84 56 60 20 63 64 16 36 83 55 75 25 9 87 2 3 31 6 79 51 46 24 32 50 78 86 72 42 69 76 38 71 57 4 7 28 73 27 33 35 70 59 17 8 58 68 10 54 67 53 45 85 22 11 61 65 47 30 21 12 44 14 74 39 26 82 13 41 88 18 52 89 
14 65 39 83 56 30 67 89 34 5 60 22 2 32 64 72 54 79 17 59 43 51 61 15 49 76 8 57 13 20 23 74 35 53 9 82 50 37 3 48 66 11 75 52 33 27 81 24 42 73 29 4 40 21 38 88 31 12 18 36 47 77 19 16 6 45 68 80 71 87 69 84 70 62 28 86 41 7 10 46 44 58 78 85 25 63 26 55 0 1 
49 32 3 55 54 30 20 0 11 6 69 84 59 57 80 24 85 16 83 64 26 56 82 50 35 68 15 58 31 43 28 22 38 14 34 23 53 33 44 81 39 66 79 60 87 7 5 17 45 19 47 25 73 77 76 51 75 70 29 63 61 72 62 9 86 67 71 78 8 88 89 37 46 42 41 12 18 52 36 10 74 21 13 48 2 65 40 4 27 1 
89 71 51 41 55 34 63 14 44 69 66 21 53 85 70 31 35 36 42 80 76 22 65 19 37 46 59 18 30 40 88 39 62 2 4 48 58 60 82 24 50 56 13 5 84 87 10 16 29 0 43 15 52 77 86 64 38 78 25 73 83 27 7 20 72 9 33 75 23 68 81 6 79 1 54 74 12 47 67 45 61 57 17 26 49 32 28 11 8 3 
7 44 71 69 40 50 1 51 25 28 42 2 45 43 61 65 36 84 78 74 75 88 16 13 32 53 8 62 55 72 56 80 14 79 41 77 35 20 63 21 47 12 68 81 34 11 49 85 3 48 86 87 23 70 58 52 27 64 10 17 19 26 4 83 33 6 46 82 15 5 73 54 31 66 29 38 9 76 18 30 60 67 57 22 24 39 37 59 89 0 
5 72 87 63 18 62 69 29 74 35 6 78 7 36 21 79 70 86 8 85 82 15 13 11 53 9 32 37 3 81 12 24 51 31 58 49 14 47 16 48 33 67 17 20 28 19 84 43 55 60 22 23 46 59 25 77 38 34 65 4 27 26 44 39 40 66 41 57 83 2 45 88 50 64 52 54 73 56 61 76 68 71 75 10 89 0 30 80 42 1 
2 14 22 77 39 41 73 17 26 24 13 31 72 88 0 43 76 51 28 9 18 69 32 44 33 86 63 67 6 21 53 49 29 62 20 71 38 61 65 40 59 8 84 36 60 4 47 80 57 52 27 56 1 68 54 34 58 64 35 11 7 55 45 79 37 23 83 25 87 16 70 3 12 19 81 15 85 78 74 82 30 42 50 75 46 48 5 89 10 66 
29 22 69 17 5 53 26 55 50 43 68 59 19 28 42 15 6 10 14 40 12 44 24 47 36 4 46 2 65 77 89 9 33 63 84 62 23 51 79 64 75 73 25 58 61 66 49 11 54 8 45 39 86 16 32 30 48 74 82 27 88 60 80 37 70 56 38 20 1 7 87 81 67 83 71 85 52 21 78 3 76 18 34 31 72 57 41 35 13 0 
85 41 52 10 7 69 72 22 60 25 84 34 21 20 24 49 75 48 83 31 33 8 43 35 9 64 15 4 73 16 82 29 62 36 18 67 81 32 39 57 28 5 80 13 14 79 17 19 58 42 78 51 53 63 77 66 87 23 38 55 74 37 44 71 65 54 70 26 27 6 68 0 61 86 56 50 76 40 46 47 30 12 11 59 2 1 89 45 88 3 
36 60 78 81 86 85 0 76 50 77 84 88 79 22 69 55 3 29 41 72 65 83 80 89 63 53 51 1 59 82 43 23 25 61 35 27 21 67 28 44 38 2 16 5 33 64 56 73 4 13 71 66 48 8 6 45 70 46 26 39 15 52 7 49 58 10 34 74 31 9 62 24 11 57 54 30 12 40 14 87 42 17 37 18 19 32 20 47 68 75 
63 69 47 52 79 72 27 2 20 10 71 41 51 82 64 4 60 49 80 23 16 8 67 53 5 83 65 36 50 17 6 59 81 55 89 7 18 11 33 0 12 62 31 13 57 38 14 73 58 42 48 22 40 35 75 34 45 15 44 25 19 77 88 32 74 21 66 29 24 37 26 86 56 1 87 30 85 54 39 43 46 3 84 78 68 70 76 9 61 28 
88 54 59 46 40 87 22 61 18 7 20 85 60 41 2 33 73 79 42 77 10 25 86 83 75 16 26 58 57 1 84 55 68 62 76 5 50 3 39 82 45 35 63 53 78 81 24 74 37 31 32 23 6 49 80 15 72 64 43 27 71 44 65 14 0 11 30 67 48 8 70 12 69 66 13 56 36 4 52 21 51 47 19 17 38 34 29 28 9 89 
88 89 58 68 65 71 10 2 16 66 62 4 80 5 3 49 79 9 41 21 47 46 43 59 78 26 17 74 51 69 86 24 55 60 18 7 53 83 31 56 32 30 20 84 28 85 29 40 22 34 39 72 6 70 82 11 0 64 33 15 81 35 37 25 61 63 42 52 54 44 77 12 76 1 50 75 57 27 73 19 67 48 14 36 45 38 23 13 8 87 
34 55 4 73 23 31 82 5 47 9 6 60 54 58 12 62 77 85 66 36 43 84 17 40 7 81 8 49 22 0 11 50 24 74 35 13 61 86 38 80 45 65 14 57 37 70 15 48 75 2 18 25 27 67 44 89 33 19 20 51 21 46 71 30 76 88 26 72 28 63 29 52 83 68 32 39 53 59 41 42 56 79 64 87 69 78 1 10 3 16 
83 69 33 73 42 45 29 24 7 53 37 68 12 25 5 48 80 79 82 40 56 64 11 14 16 88 23 43 62 17 78 51 20 6 1 57 77 72 63 46 26 81 32 59 52 75 66 87 58 13 71 22 9 65 70 19 27 31 44 35 67 38 2 61 36 47 60 10 41 30 55 18 54 49 3 50 4 86 34 0 28 21 15 39 89 84 74 85 76 8 
83 69 33 73 42 45 29 24 7 53 37 68 12 25 5 48 80 79 82 40 56 64 11 14 16 88 23 43 62 17 78 51 20 6 1 57 77 72 63 46 26 81 32 59 52 75 66 87 58 13 71 22 9 65 70 19 27 31 44 35 67 38 2 61 36 47 60 10 41 30 55 18 54 49 3 50 4 86 34 0 28 21 15 39 89 84 74 85 76 8 
65 87 61 50 39 52 82 28 1 62 6 12 54 32 81 77 47 48 34 18 43 89 41 79 21 83 72 76 44 29 7 31 27 75 30 80 46 8 35 88 22 63 9 33 86 38 26 74 69 2 11 16 68 10 67 0 85 49 57 5 17 60 64 13 70 53 20 84 59 55 23 51 45 78 24 25 40 56 36 42 37 14 66 3 73 4 19 71 58 15 
52 17 25 82 61 18 69 84 22 88 79 13 19 65 74 7 73 46 21 9 31 62 0 83 59 55 11 58 47 40 77 49 76 10 14 3 87 63 30 56 53 38 72 12 45 16 44 33 43 41 71 35 64 60 36 54 1 32 24 6 70 68 27 86 51 26 66 8 5 4 57 37 85 2 48 42 67 28 34 23 29 81 15 39 80 75 20 78 50 89 
62 5 45 6 38 19 23 82 41 30 60 53 67 66 63 76 2 47 55 39 81 32 0 49 61 22 75 89 27 12 48 70 52 20 31 35 43 51 8 28 18 88 37 44 57 33 1 79 46 83 24 40 29 7 16 74 3 34 68 69 10 15 73 87 14 56 80 13 4 86 64 72 50 9 26 21 58 42 77 11 36 85 65 84 54 59 17 78 25 71 
57 71 55 36 44 54 15 62 89 74 7 37 59 24 12 86 3 0 48 28 75 39 46 50 43 17 79 82 64 58 35 53 10 45 22 32 68 30 88 27 84 2 73 56 13 21 20 1 33 87 16 29 26 8 9 65 5 4 70 42 81 31 60 49 85 78 63 34 51 69 38 61 18 11 47 77 14 83 25 6 72 41 80 23 66 52 76 19 67 40 
80 12 29 61 52 64 21 7 9 31 24 11 18 6 17 79 19 87 57 43 32 16 81 75 69 56 51 89 59 85 34 70 46 77 35 82 42 73 66 44 68 23 37 25 63 67 53 10 40 14 45 30 27 28 15 54 72 48 4 26 62 1 71 88 49 55 78 39 20 86 0 58 38 47 13 33 41 3 74 60 2 84 50 83 22 5 8 76 36 65 
80 12 29 61 52 64 21 7 9 31 24 11 18 6 17 79 19 87 57 43 32 16 81 75 69 56 51 89 59 85 34 70 46 77 35 82 42 73 66 44 68 23 37 25 63 67 53 10 40 14 45 30 27 28 15 54 72 48 4 26 62 1 71 88 49 55 78 39 20 86 0 58 38 47 13 33 41 3 74 60 2 84 50 83 22 5 8 76 36 65 
37 58 85 41 3 55 60 53 30 72 28 50 78 7 31 81 76 24 21 74 34 84 45 73 83 2 59 77 52 49 10 32 15 69 40 23 62 29 20 1 27 64 82 14 80 70 79 6 25 61 56 63 57 54 42 67 4 75 22 17 16 35 89 33 46 51 68 66 65 43 18 26 5 8 48 38 88 11 44 39 71 9 19 87 12 36 86 13 47 0 
14 39 0 71 49 31 9 4 30 58 74 57 45 26 24 89 36 77 42 27 83 73 16 65 61 88 67 70 51 33 64 25 13 32 11 75 84 52 19 50 43 12 60 2 20 29 1 7 21 62 56 87 48 72 81 78 35 34 46 15 44 37 23 80 47 86 28 41 3 40 17 6 76 68 5 85 59 82 63 8 53 55 10 22 54 79 18 69 38 66 
63 32 44 50 29 3 28 41 30 62 4 2 34 89 35 43 88 65 36 22 16 76 6 15 31 75 54 45 81 39 7 21 33 51 52 73 53 66 55 8 67 87 9 70 20 40 86 64 60 61 10 69 71 85 72 26 11 57 12 77 13 58 84 0 5 27 18 47 83 25 19 46 49 23 24 37 82 14 42 80 48 1 59 79 68 74 78 17 56 38 
19 66 36 7 14 48 60 58 17 63 23 69 79 15 12 26 1 6 29 70 89 2 40 42 22 77 52 81 75 10 33 28 13 80 47 44 3 76 32 24 41 45 43 85 4 49 73 34 35 39 54 68 30 5 57 88 74 46 11 64 62 25 87 8 59 72 78 9 56 61 86 53 16 55 21 31 84 20 65 27 83 18 50 82 37 71 67 38 51 0 
27 7 75 38 56 50 10 36 25 81 19 66 3 61 69 87 33 41 12 0 49 42 18 60 72 59 47 14 31 71 86 73 11 1 17 15 78 82 52 54 85 55 63 70 16 51 58 23 22 46 37 6 44 68 26 5 35 53 4 67 84 28 32 65 13 83 39 30 34 45 80 2 57 77 9 79 64 24 76 62 74 8 21 40 48 43 29 20 89 88 
11 0 27 83 62 34 82 60 49 22 46 35 41 16 20 69 75 76 81 32 26 6 87 70 63 85 55 78 58 12 57 39 77 24 74 53 73 42 13 21 51 36 72 5 8 19 48 31 71 7 2 84 40 56 67 50 86 33 23 30 29 65 64 61 25 15 59 14 9 54 3 88 47 79 44 66 38 52 28 17 4 18 10 1 89 43 45 80 68 37 
53 74 37 61 7 50 70 30 20 89 14 59 12 43 21 9 56 49 68 63 29 85 86 88 79 84 17 60 18 73 77 80 1 26 54 75 87 8 57 24 51 3 46 10 35 16 71 15 44 39 31 27 40 22 42 62 81 67 34 36 66 2 28 83 38 25 13 72 58 5 55 78 82 65 64 41 47 69 23 19 11 76 45 6 52 33 4 48 32 0 
80 19 16 52 79 78 22 14 12 59 0 20 77 34 62 76 9 24 10 41 30 27 37 44 55 75 26 89 1 84 35 53 74 25 73 7 47 48 32 70 69 72 60 64 82 66 33 65 42 23 2 63 36 17 18 51 61 11 46 3 58 68 67 88 50 49 29 71 57 87 4 56 38 31 5 28 40 15 81 43 6 86 8 85 39 13 21 83 45 54 
77 59 45 35 19 12 5 6 83 56 87 16 48 15 68 39 58 13 7 10 63 36 41 27 33 2 67 9 70 78 29 89 55 62 11 24 43 34 74 53 18 40 60 81 4 69 1 46 20 79 85 8 50 30 22 38 80 66 44 49 57 25 23 82 61 31 26 17 3 37 84 0 47 73 76 28 52 32 64 21 75 71 72 86 88 51 42 65 54 14 
77 30 1 6 72 76 19 40 73 46 63 82 89 51 20 55 88 24 49 36 21 64 27 60 31 14 11 84 75 53 25 37 7 28 29 17 68 15 45 67 85 81 74 8 52 61 2 54 38 57 39 87 41 86 10 43 56 62 22 65 47 12 50 42 83 78 59 9 3 70 71 79 18 16 35 5 23 80 33 4 58 44 13 34 69 32 26 66 48 0 
71 43 21 36 66 76 56 78 52 80 22 47 38 34 37 86 73 33 64 54 11 8 48 44 89 84 50 74 7 16 60 30 53 18 85 28 24 23 12 32 39 15 5 1 63 57 45 42 20 14 55 82 79 62 41 26 4 88 10 19 35 17 81 65 31 75 13 40 87 58 2 69 83 9 29 68 70 61 46 77 3 72 51 49 67 6 25 59 27 0 
49 85 78 10 59 89 26 72 9 34 76 15 62 13 75 40 30 27 17 51 50 56 43 8 74 39 53 4 45 86 71 81 60 69 84 67 46 66 42 23 14 83 64 73 82 5 58 24 44 18 57 31 55 52 25 6 88 48 11 0 47 28 79 12 7 32 38 77 36 19 35 33 65 87 21 20 68 16 2 1 80 41 61 54 22 70 29 37 63 3 
71 76 25 69 44 53 68 74 21 89 1 16 6 65 82 63 15 0 23 47 62 43 24 3 61 41 27 60 17 31 59 2 58 81 14 56 88 85 10 33 52 7 35 29 72 50 49 4 48 45 8 18 78 36 42 40 51 38 55 32 34 30 28 87 19 22 75 64 12 11 9 73 86 5 20 79 70 54 57 39 26 84 37 66 83 46 67 80 77 13 
51 47 48 30 71 81 15 68 56 77 80 70 49 38 24 79 29 63 16 75 1 4 78 64 5 9 11 22 58 74 76 85 2 61 25 54 26 52 33 72 69 3 67 66 8 14 10 44 34 23 65 18 50 60 37 6 62 13 27 35 59 7 45 46 82 55 53 19 20 83 42 28 87 40 39 36 12 43 31 32 17 86 89 21 73 41 88 0 84 57 
74 56 52 80 40 34 20 35 53 21 4 37 2 49 10 17 24 58 27 7 47 86 0 68 13 77 75 31 1 26 69 28 78 15 39 38 42 33 57 36 29 46 48 8 85 65 18 87 54 16 11 6 25 60 63 89 3 32 67 5 59 71 73 76 14 62 82 81 44 88 23 50 19 9 43 84 55 30 70 72 51 41 64 83 45 79 12 66 22 61 
51 88 3 40 14 49 68 83 48 66 57 69 35 16 26 24 34 27 64 5 28 70 84 59 4 63 6 60 82 53 77 13 58 67 52 55 47 44 11 20 36 79 7 41 10 15 8 30 45 12 29 80 61 75 38 56 81 9 17 78 71 32 23 22 31 85 18 25 19 0 62 37 86 73 33 46 54 65 39 42 2 76 50 1 74 43 89 21 87 72 
23 29 43 62 50 78 17 56 25 26 38 2 89 63 6 82 88 46 52 71 4 34 8 81 57 53 69 84 18 80 76 11 1 10 30 15 40 0 45 13 75 22 36 60 9 49 85 14 41 55 73 87 19 86 20 12 24 32 54 44 68 5 61 74 83 65 64 21 72 67 51 31 33 35 7 48 28 79 42 66 37 58 16 47 77 59 27 70 39 3 
6 0 80 23 16 45 84 29 60 48 8 40 76 2 33 27 61 3 11 17 51 12 78 52 21 4 14 30 88 55 15 85 77 71 41 5 70 81 32 47 83 57 19 46 20 22 69 37 75 36 24 65 64 35 25 7 67 43 28 87 31 68 73 56 54 79 34 38 58 66 39 44 42 50 49 53 63 9 62 10 74 82 86 13 1 26 72 18 59 89 
5 1 11 86 20 59 45 44 18 17 31 2 51 27 13 79 52 74 55 33 72 43 30 40 75 23 14 63 64 7 9 69 42 78 68 36 71 49 76 67 28 38 82 60 19 10 22 39 89 35 58 4 25 6 16 57 62 61 32 37 21 84 50 54 65 66 77 41 46 88 24 48 26 15 70 34 87 8 53 83 56 73 3 85 81 0 29 80 47 12 
87 25 56 74 5 13 80 43 72 86 51 38 78 36 30 31 21 65 17 59 60 39 83 11 45 22 19 48 46 85 40 88 66 41 73 32 82 24 70 15 49 47 23 79 8 81 16 6 67 55 10 64 61 42 33 27 75 0 37 1 77 44 58 76 54 4 53 20 35 52 26 29 71 63 89 68 14 12 9 2 62 57 84 50 28 18 69 3 34 7 
78 83 38 33 56 8 84 63 58 75 41 6 74 82 61 20 46 4 9 24 12 50 54 0 81 71 30 22 37 15 28 69 7 87 36 62 68 76 25 72 32 79 13 66 31 60 77 21 73 27 88 53 39 5 16 19 23 67 55 70 48 11 64 45 44 57 18 52 59 51 86 80 26 35 29 10 43 2 42 40 85 49 65 3 1 47 34 14 17 89 
32 8 52 12 47 40 16 17 72 86 2 56 38 34 53 41 3 30 66 44 59 65 75 76 70 45 49 20 18 13 4 62 67 36 73 27 85 22 10 37 61 55 5 89 50 69 14 1 31 57 7 80 15 9 42 25 63 54 11 43 19 46 60 83 28 33 21 6 39 78 24 35 82 29 26 48 0 74 58 79 64 81 68 23 77 84 87 88 51 71 
79 74 65 68 76 59 78 72 89 62 49 15 26 10 9 22 5 66 31 60 75 81 32 30 53 88 21 70 55 82 67 40 12 39 24 87 8 19 41 42 33 63 1 45 27 61 38 56 58 86 16 50 17 7 54 52 64 23 43 29 48 20 47 14 85 71 2 51 84 35 34 36 25 37 3 13 11 83 4 80 77 69 6 44 18 73 28 46 57 0 
79 74 65 68 76 59 78 72 89 62 49 15 26 10 9 22 5 66 31 60 75 81 32 30 53 88 21 70 55 82 67 40 12 39 24 87 8 19 41 42 33 63 1 45 27 61 38 56 58 86 16 50 17 7 54 52 64 23 43 29 48 20 47 14 85 71 2 51 84 35 34 36 25 37 3 13 11 83 4 80 77 69 6 44 18 73 28 46 57 0 
5 55 81 15 56 79 37 89 17 85 18 33 21 42 51 61 38 2 29 82 46 19 9 76 49 43 45 22 63 87 54 60 68 7 11 59 36 62 74 72 41 77 88 64 70 8 69 20 73 28 30 34 10 75 52 0 16 4 86 27 14 44 25 78 57 1 84 50 48 58 66 24 26 35 83 31 40 23 80 12 47 53 71 3 67 6 65 39 32 13 
1 87 56 17 29 28 21 8 2 44 38 50 53 41 60 39 24 10 72 37 80 31 62 6 77 79 47 27 9 70 51 4 73 48 78 19 65 35 76 81 58 22 61 5 89 3 25 59 43 7 71 14 26 52 54 69 30 66 88 16 11 55 67 36 64 23 33 86 46 84 49 42 12 57 85 13 34 32 68 0 18 20 83 75 40 45 82 63 74 15 
1 87 56 17 29 28 21 8 2 44 38 50 53 41 60 39 24 10 72 37 80 31 62 6 77 79 47 27 9 70 51 4 73 48 78 19 65 35 76 81 58 22 61 5 89 3 25 59 43 7 71 14 26 52 54 69 30 66 88 16 11 55 67 36 64 23 33 86 46 84 49 42 12 57 85 13 34 32 68 0 18 20 83 75 40 45 82 63 74 15 
2 14 22 77 39 41 73 17 26 24 13 31 72 88 0 43 76 51 28 9 18 69 32 44 33 86 63 67 6 21 53 49 29 62 20 71 38 61 65 40 59 8 84 36 60 4 47 80 57 52 27 56 1 68 54 34 58 64 35 11 7 55 45 79 37 23 83 25 87 16 70 3 12 19 81 15 85 78 74 82 30 42 50 75 46 48 5 89 10 66 
27 38 3 39 1 77 81 46 73 30 31 48 47 57 42 69 11 86 33 28 62 29 74 37 5 72 84 78 50 76 40 63 10 87 24 75 44 23 65 34 12 59 52 21 2 55 7 4 70 58 61 0 85 19 67 26 54 13 80 9 83 20 60 6 45 25 16 14 18 56 41 82 51 32 68 79 36 8 35 43 71 15 53 88 64 49 89 17 66 22 
54 63 88 80 57 67 55 29 16 47 60 45 76 87 10 42 52 49 68 19 70 44 34 7 56 17 6 78 0 77 82 41 27 74 86 13 26 51 22 48 23 20 9 73 31 15 85 28 25 36 33 64 21 18 46 53 81 24 11 1 72 65 84 61 43 50 14 66 83 40 62 38 2 71 32 58 79 4 37 75 30 3 69 59 5 89 35 8 12 39 
8 50 58 77 33 9 61 48 2 29 55 5 86 67 6 82 62 23 13 43 37 81 14 44 76 68 45 51 59 11 16 20 27 38 0 40 47 12 85 19 35 42 66 1 34 22 30 73 36 7 25 84 17 46 28 78 31 71 3 41 39 64 4 89 80 72 52 70 60 69 53 24 56 57 10 65 15 79 75 21 87 88 18 26 54 74 32 83 49 63 
26 60 57 30 6 54 35 78 69 39 17 66 37 80 32 29 88 67 9 19 59 21 0 7 77 10 24 76 1 16 85 13 2 74 52 4 20 86 56 38 49 72 62 11 81 51 31 18 70 47 42 75 65 87 25 34 3 63 46 5 82 8 23 40 33 14 44 71 55 53 79 48 45 12 15 73 41 58 68 27 64 89 22 61 43 36 28 84 50 83 
21 9 71 35 33 76 74 49 66 3 24 81 39 82 29 25 40 13 27 72 54 32 51 38 4 64 7 69 83 79 31 30 53 10 19 60 5 6 59 8 44 78 45 22 1 48 57 68 62 47 52 84 63 80 55 16 12 14 18 75 67 17 43 15 34 86 87 2 23 37 11 42 28 36 50 58 89 65 77 41 20 56 73 88 61 26 46 0 85 70 
75 28 38 21 64 69 48 47 77 32 5 14 45 70 79 17 12 34 26 54 59 19 87 8 22 0 7 4 46 2 71 50 37 49 76 29 9 18 30 86 35 84 44 63 36 65 80 42 10 66 15 1 68 33 58 31 85 52 20 88 55 72 60 13 53 61 82 62 67 16 25 41 23 81 39 3 27 6 78 51 57 43 74 56 73 11 40 24 89 83 
75 28 38 21 64 69 48 47 77 32 5 14 45 70 79 17 12 34 26 54 59 19 87 8 22 0 7 4 46 2 71 50 37 49 76 29 9 18 30 86 35 84 44 63 36 65 80 42 10 66 15 1 68 33 58 31 85 52 20 88 55 72 60 13 53 61 82 62 67 16 25 41 23 81 39 3 27 6 78 51 57 43 74 56 73 11 40 24 89 83 
80 19 16 52 79 78 22 14 12 59 0 20 77 34 62 76 9 24 10 41 30 27 37 44 55 75 26 89 1 84 35 53 74 25 73 7 47 48 32 70 69 72 60 64 82 66 33 65 42 23 2 63 36 17 18 51 61 11 46 3 58 68 67 88 50 49 29 71 57 87 4 56 38 31 5 28 40 15 81 43 6 86 8 85 39 13 21 83 45 54 
13 2 67 57 45 15 1 69 87 84 37 40 29 51 86 70 82 35 60 25 54 59 17 76 56 49 43 28 42 64 18 34 85 22 3 72 80 0 41 21 61 78 5 12 46 26 44 4 7 83 74 58 81 75 31 20 33 27 8 6 47 79 10 71 89 32 11 9 88 16 62 68 63 65 19 73 23 77 24 66 38 48 30 36 39 53 50 52 55 14 
47 40 53 59 89 71 23 87 88 20 74 27 5 58 26 18 16 3 13 14 49 33 86 9 42 78 51 2 64 12 70 63 43 37 81 11 77 80 54 85 31 30 65 84 44 4 17 83 48 82 57 10 52 35 28 6 79 72 8 36 50 75 67 61 21 56 38 0 29 15 34 24 60 76 22 19 62 41 73 55 66 25 39 32 69 45 68 46 7 1 
4 13 80 88 66 26 49 42 7 55 61 36 53 78 83 58 37 27 25 57 5 17 76 43 46 82 52 6 87 70 48 65 86 19 72 51 32 31 77 11 39 59 35 67 69 8 68 38 9 14 28 16 75 79 50 10 62 1 20 85 15 84 54 71 63 89 74 40 34 18 47 45 21 29 24 22 23 44 73 2 33 41 64 56 60 81 12 3 0 30 
22 69 37 29 25 2 57 76 49 14 13 45 19 4 0 10 7 18 8 74 70 75 52 53 82 61 64 46 28 20 81 30 47 35 86 79 67 36 32 39 60 48 56 1 66 44 78 54 23 9 31 41 3 15 16 55 11 77 42 59 73 89 84 50 63 27 21 40 68 51 65 5 26 17 83 58 80 33 38 34 24 71 72 62 87 43 6 85 12 88 
22 30 27 31 0 77 75 86 73 36 48 83 71 81 24 44 53 37 69 8 54 21 50 28 5 15 60 68 25 67 34 84 43 35 65 59 6 26 64 7 18 12 17 49 85 46 56 1 62 61 4 58 52 16 57 19 11 13 38 63 76 89 45 14 42 47 40 80 20 33 9 23 32 39 74 66 2 88 82 51 29 70 41 3 79 72 78 55 10 87 
87 53 13 40 26 76 9 32 59 37 86 17 18 2 46 85 31 1 84 78 49 0 29 89 74 5 82 69 7 21 81 52 60 30 58 6 55 63 68 38 80 42 79 56 43 77 24 48 19 25 75 34 88 57 72 8 50 62 71 11 70 27 23 16 45 67 66 3 44 35 65 83 61 15 54 51 39 12 47 14 41 36 33 20 28 22 10 4 73 64 
44 32 66 29 20 14 86 83 36 8 72 71 51 37 13 89 17 9 10 58 33 38 64 56 27 62 23 25 2 43 69 67 0 80 42 16 15 68 78 28 48 59 61 57 52 88 41 45 82 74 53 7 26 34 19 65 39 55 47 4 46 1 81 24 73 87 30 11 84 76 18 60 40 77 3 85 63 31 54 75 22 79 5 35 21 70 6 50 12 49 
31 59 61 47 71 70 7 82 48 85 12 84 40 80 13 53 10 67 83 29 25 74 19 33 49 15 58 68 69 17 43 37 24 77 54 39 81 76 16 88 34 22 78 64 62 55 26 44 8 4 21 87 23 18 73 50 36 5 30 51 1 52 20 72 38 75 65 42 57 27 45 46 63 86 56 2 32 79 35 11 3 28 14 0 9 41 89 60 66 6 
23 29 43 62 50 78 17 56 25 26 38 2 89 63 6 82 88 46 52 71 4 34 8 81 57 53 69 84 18 80 76 11 1 10 30 15 40 0 45 13 75 22 36 60 9 49 85 14 41 55 73 87 19 86 20 12 24 32 54 44 68 5 61 74 83 65 64 21 72 67 51 31 33 35 7 48 28 79 42 66 37 58 16 47 77 59 27 70 39 3 
85 79 55 81 62 61 70 56 29 84 15 26 68 11 89 82 59 30 36 38 28 10 52 33 73 45 64 4 49 12 80 42 27 54 60 0 78 5 57 74 77 7 50 51 63 76 19 32 44 58 24 41 88 31 72 53 17 47 34 13 71 65 22 69 20 67 16 25 37 8 66 87 46 35 86 40 48 39 21 1 18 14 83 23 3 2 75 9 43 6 
85 79 55 81 62 61 70 56 29 84 15 26 68 11 89 82 59 30 36 38 28 10 52 33 73 45 64 4 49 12 80 42 27 54 60 0 78 5 57 74 77 7 50 51 63 76 19 32 44 58 24 41 88 31 72 53 17 47 34 13 71 65 22 69 20 67 16 25 37 8 66 87 46 35 86 40 48 39 21 1 18 14 83 23 3 2 75 9 43 6 
19 66 36 7 14 48 60 58 17 63 23 69 79 15 12 26 1 6 29 70 89 2 40 42 22 77 52 81 75 10 33 28 13 80 47 44 3 76 32 24 41 45 43 85 4 49 73 34 35 39 54 68 30 5 57 88 74 46 11 64 62 25 87 8 59 72 78 9 56 61 86 53 16 55 21 31 84 20 65 27 83 18 50 82 37 71 67 38 51 0 
60 47 20 78 21 80 12 16 4 67 25 57 7 88 0 22 9 65 75 87 51 14 35 32 58 63 73 46 72 36 1 76 70 2 24 37 13 45 55 43 74 11 68 28 62 33 42 44 29 10 50 18 3 23 66 19 71 34 61 59 5 56 48 30 31 69 53 41 86 64 6 8 40 52 38 15 85 77 17 84 26 82 79 83 27 39 49 54 81 89 
52 9 23 33 64 50 24 27 28 17 26 20 30 31 76 32 8 71 88 83 35 62 44 29 37 38 6 66 78 36 41 5 2 72 45 46 25 56 48 19 51 82 53 74 0 13 57 43 59 63 60 61 68 15 87 67 84 69 12 70 75 4 79 54 81 85 86 1 3 10 14 22 80 65 39 42 49 58 77 7 18 73 55 16 47 34 40 21 11 89 
75 20 72 0 53 74 41 83 27 52 61 49 36 69 59 71 63 2 45 55 29 70 22 78 33 24 51 54 30 13 18 28 43 84 64 7 34 19 10 66 65 77 79 12 58 57 48 14 87 47 31 81 25 37 5 67 44 80 15 68 39 1 32 76 17 35 56 23 11 86 73 60 8 6 40 3 85 46 21 42 50 26 89 62 38 4 88 9 82 16 
87 61 59 51 80 27 28 57 79 6 30 54 37 55 31 86 1 39 65 13 34 74 35 26 18 9 83 8 40 11 44 38 78 46 47 64 58 68 12 49 85 75 50 25 19 84 24 71 60 70 62 76 63 2 32 69 72 33 77 67 82 53 89 14 16 73 5 29 45 17 21 23 66 42 48 56 88 22 7 15 43 41 10 81 20 4 52 0 36 3 
19 64 54 20 49 36 53 6 18 82 78 75 77 47 33 4 71 69 44 26 62 9 23 83 41 74 7 39 25 10 73 0 31 16 37 15 35 67 72 60 55 52 70 17 13 42 22 8 21 45 68 66 79 57 2 40 50 88 14 56 61 63 80 65 48 12 46 29 34 30 43 58 3 1 32 28 76 24 11 87 89 27 84 5 51 86 59 81 85 38 
37 14 79 85 45 65 13 87 31 80 86 8 49 62 60 77 52 64 42 23 32 7 57 30 73 21 84 75 34 20 53 35 81 50 17 33 27 25 26 48 28 89 18 5 10 71 67 0 29 63 82 6 40 16 2 69 38 59 78 70 19 72 44 58 55 56 46 22 43 54 76 68 3 51 74 36 88 12 4 1 61 11 47 83 15 39 24 41 66 9 
33 1 24 0 26 43 45 2 67 50 73 64 47 80 22 21 4 71 19 10 70 77 75 82 60 18 65 87 7 5 9 13 48 3 62 40 31 52 69 39 81 74 32 54 27 66 49 51 86 38 55 6 44 11 37 53 59 34 42 15 16 8 41 61 57 78 68 46 14 85 23 12 84 29 89 28 79 17 35 25 56 76 88 63 58 72 83 20 36 30 
33 1 24 0 26 43 45 2 67 50 73 64 47 80 22 21 4 71 19 10 70 77 75 82 60 18 65 87 7 5 9 13 48 3 62 40 31 52 69 39 81 74 32 54 27 66 49 51 86 38 55 6 44 11 37 53 59 34 42 15 16 8 41 61 57 78 68 46 14 85 23 12 84 29 89 28 79 17 35 25 56 76 88 63 58 72 83 20 36 30 
24 32 78 28 33 4 13 31 51 27 5 53 21 66 15 84 88 54 75 49 70 74 6 80 72 60 71 45 50 82 36 1 87 18 19 89 40 20 73 38 77 85 62 17 61 44 59 57 23 7 9 41 29 83 56 46 10 55 52 12 68 81 35 76 58 64 37 34 30 43 11 48 22 14 16 63 79 26 0 86 39 65 42 67 2 69 3 8 25 47 
24 32 78 28 33 4 13 31 51 27 5 53 21 66 15 84 88 54 75 49 70 74 6 80 72 60 71 45 50 82 36 1 87 18 19 89 40 20 73 38 77 85 62 17 61 44 59 57 23 7 9 41 29 83 56 46 10 55 52 12 68 81 35 76 58 64 37 34 30 43 11 48 22 14 16 63 79 26 0 86 39 65 42 67 2 69 3 8 25 47 
43 18 63 32 3 36 27 28 6 79 15 14 40 50 78 37 39 55 77 58 70 5 47 69 85 24 19 38 20 23 21 8 54 75 87 51 73 64 9 31 4 62 29 53 59 88 41 7 60 12 34 76 68 74 66 48 89 81 35 42 44 2 83 56 16 11 52 17 72 22 65 45 33 86 80 82 67 26 1 49 25 71 57 46 10 61 13 30 84 0 
31 81 7 63 45 27 20 76 39 14 36 79 8 49 89 1 19 60 41 2 78 3 58 70 12 65 88 56 66 77 46 34 6 57 74 84 23 68 15 73 4 47 54 28 5 61 18 0 42 80 69 22 87 37 75 62 26 24 86 40 10 16 55 44 30 11 33 13 38 83 52 85 64 50 82 17 35 51 53 59 21 43 72 67 25 29 71 32 48 9 
0 16 44 35 7 65 59 63 33 21 12 56 23 88 61 38 10 2 26 47 54 34 39 81 62 8 41 79 6 55 49 32 9 22 48 37 31 11 40 19 67 87 82 89 53 1 85 17 29 72 27 51 36 24 58 15 75 30 77 14 3 20 84 70 71 28 74 5 83 64 57 68 4 60 69 13 80 46 52 78 18 25 45 76 42 43 73 50 66 86 
16 69 76 20 24 23 75 41 70 29 74 3 18 73 33 1 62 79 44 26 71 68 50 45 67 21 27 9 13 61 66 32 80 10 64 63 88 0 77 7 47 14 58 46 57 35 56 43 55 49 54 36 60 34 87 51 8 48 42 25 40 65 38 86 53 4 30 28 22 19 17 37 85 12 6 5 2 39 84 82 78 83 31 11 81 52 72 59 15 89 
7 63 28 33 20 41 85 32 21 40 31 35 14 18 8 9 64 89 57 2 52 77 4 48 70 74 17 26 71 30 12 3 54 15 83 50 16 38 72 68 19 5 82 62 73 23 59 46 81 47 65 37 24 39 25 6 11 55 44 58 34 10 80 42 60 43 79 61 29 78 49 51 53 22 76 66 75 0 69 56 86 87 36 27 13 67 88 45 84 1 
7 63 28 33 20 41 85 32 21 40 31 35 14 18 8 9 64 89 57 2 52 77 4 48 70 74 17 26 71 30 12 3 54 15 83 50 16 38 72 68 19 5 82 62 73 23 59 46 81 47 65 37 24 39 25 6 11 55 44 58 34 10 80 42 60 43 79 61 29 78 49 51 53 22 76 66 75 0 69 56 86 87 36 27 13 67 88 45 84 1 
58 49 42 61 38 23 76 8 34 45 67 3 12 51 75 53 65 43 74 21 33 88 7 47 87 29 14 71 84 9 86 0 1 68 66 85 63 69 18 70 30 25 19 2 83 27 82 78 55 62 37 22 52 35 50 72 15 81 26 77 80 4 40 39 31 57 32 79 73 20 64 16 13 28 48 60 5 56 59 54 46 24 11 6 44 41 36 17 10 89 
1 56 14 27 65 49 79 25 39 62 70 44 50 28 69 36 42 80 46 63 37 15 35 57 16 81 87 11 38 19 2 18 41 30 75 77 3 71 29 84 58 85 22 52 23 4 26 43 68 78 51 8 48 88 5 82 74 33 83 73 6 72 54 7 59 20 47 53 55 34 9 0 12 66 76 13 24 32 17 31 21 40 67 61 45 60 64 86 89 10 
60 74 50 48 38 15 19 73 26 36 57 46 12 45 84 55 10 6 54 3 79 21 88 52 8 34 27 86 35 1 47 66 76 81 29 82 11 63 67 25 37 71 32 40 75 28 13 80 41 56 20 24 77 22 14 65 87 16 53 69 0 61 59 18 43 72 68 58 23 83 42 62 30 85 5 2 31 89 44 49 4 64 17 51 7 9 70 33 39 78 
79 57 70 65 83 14 13 80 19 28 33 10 55 81 66 56 53 25 75 32 89 27 86 7 35 64 60 45 88 87 69 41 48 24 17 20 39 30 82 50 85 71 18 21 84 61 44 68 22 34 58 12 40 15 54 78 74 59 29 77 46 6 36 73 67 76 37 72 3 42 23 0 16 52 51 8 63 47 2 9 62 43 31 49 4 38 5 11 26 1 
43 77 1 54 18 51 79 87 60 8 82 71 68 49 15 16 36 42 30 86 4 74 85 25 2 64 56 72 65 75 20 47 33 21 27 37 11 29 14 55 24 6 48 73 67 88 3 38 63 32 76 50 31 78 59 9 83 5 26 45 40 69 53 22 34 46 7 52 10 44 62 66 35 81 57 84 17 61 12 13 28 80 19 41 23 70 39 58 89 0 
43 77 1 54 18 51 79 87 60 8 82 71 68 49 15 16 36 42 30 86 4 74 85 25 2 64 56 72 65 75 20 47 33 21 27 37 11 29 14 55 24 6 48 73 67 88 3 38 63 32 76 50 31 78 59 9 83 5 26 45 40 69 53 22 34 46 7 52 10 44 62 66 35 81 57 84 17 61 12 13 28 80 19 41 23 70 39 58 89 0 
45 33 63 24 37 15 75 8 61 51 52 73 17 6 74 36 28 14 58 29 72 60 67 26 54 20 87 40 23 22 70 34 84 68 18 83 78 50 71 25 5 9 86 56 89 0 38 76 55 31 10 39 53 57 19 48 42 12 82 47 44 79 41 64 49 11 81 88 66 16 13 7 43 80 69 1 85 4 62 35 32 2 59 77 30 3 27 21 65 46 
63 69 47 52 79 72 27 2 20 10 71 41 51 82 64 4 60 49 80 23 16 8 67 53 5 83 65 36 50 17 6 59 81 55 89 7 18 11 33 0 12 62 31 13 57 38 14 73 58 42 48 22 40 35 75 34 45 15 44 25 19 77 88 32 74 21 66 29 24 37 26 86 56 1 87 30 85 54 39 43 46 3 84 78 68 70 76 9 61 28 
45 80 9 81 49 26 73 67 20 39 28 12 32 23 87 17 37 62 10 83 70 44 34 19 11 57 79 41 63 15 68 29 76 86 64 33 13 42 1 74 27 7 18 14 65 0 24 6 59 50 58 66 85 72 30 53 69 31 75 40 48 60 46 35 3 55 38 47 43 22 21 84 54 52 61 2 89 5 78 82 51 4 16 88 56 8 36 25 77 71 
44 30 8 40 6 11 50 60 57 89 27 64 52 35 38 55 36 88 10 37 61 2 80 13 14 66 15 68 9 29 71 54 63 51 25 32 46 0 79 48 82 19 18 70 4 87 21 17 5 26 62 20 78 76 28 33 74 31 34 23 53 42 65 86 72 75 41 7 45 12 24 73 56 59 58 85 16 47 77 81 43 84 1 39 49 83 3 69 22 67 
44 30 8 40 6 11 50 60 57 89 27 64 52 35 38 55 36 88 10 37 61 2 80 13 14 66 15 68 9 29 71 54 63 51 25 32 46 0 79 48 82 19 18 70 4 87 21 17 5 26 62 20 78 76 28 33 74 31 34 23 53 42 65 86 72 75 41 7 45 12 24 73 56 59 58 85 16 47 77 81 43 84 1 39 49 83 3 69 22 67 
50 24 68 48 2 47 40 33 17 26 59 89 9 78 45 79 57 46 64 86 12 39 82 62 60 83 22 84 10 76 72 7 27 56 15 0 81 5 55 20 70 53 4 67 61 13 41 6 80 34 25 21 1 29 37 31 74 35 52 28 65 58 36 77 30 54 11 42 3 75 49 8 73 66 18 38 71 63 19 14 16 69 43 51 44 23 87 88 32 85 
30 23 82 44 79 0 1 59 60 5 46 80 55 17 63 36 37 22 62 35 2 75 3 50 51 49 81 29 76 32 4 26 68 54 6 42 53 28 86 7 58 78 45 27 70 65 74 71 8 25 9 20 38 77 33 10 11 15 72 66 12 47 13 19 85 31 14 56 67 16 18 83 69 21 57 24 34 84 39 48 40 61 41 43 52 64 73 87 88 89 
