6 42 8 23 2 10 35 3 32 45 24 0 40 27 15 1 30 39 44 28 17 33 41 18 38 21 49 48 34 9 12 4 19 22 5 16 13 26 14 37 47 20 31 36 29 7 46 43 25 11 
2 8 24 45 32 40 27 17 3 35 23 10 41 33 18 48 21 49 38 34 9 12 4 19 22 5 16 13 26 14 20 36 37 31 44 39 47 29 7 46 1 30 15 28 25 43 11 6 0 42 
11 6 0 40 32 27 17 15 30 1 46 7 43 25 36 39 20 44 28 3 35 23 2 10 24 8 42 45 33 41 18 38 49 21 48 34 9 12 4 19 22 5 16 13 26 14 31 37 47 29 
35 28 44 36 39 30 1 25 43 7 46 29 47 37 20 31 14 26 13 16 5 12 4 19 22 49 21 38 48 9 34 18 41 33 23 3 17 15 32 45 2 10 24 8 42 40 27 0 6 11 
29 14 26 13 16 5 22 19 4 12 9 48 38 21 49 34 18 3 35 17 28 27 40 0 32 45 23 33 41 10 2 24 8 42 6 11 15 39 31 37 36 47 20 44 30 1 25 43 46 7 
8 24 42 0 40 27 32 17 45 23 35 3 2 10 33 41 18 9 34 21 49 38 48 12 4 19 22 5 16 13 26 14 37 20 47 7 46 43 25 15 28 1 30 39 44 36 31 29 11 6 
15 27 40 0 32 45 23 2 10 41 33 8 24 42 49 21 38 34 18 9 48 12 4 22 19 5 16 13 26 14 31 37 20 47 36 39 44 28 17 3 35 6 11 43 25 30 1 46 7 29 
41 33 35 3 17 28 15 30 1 43 25 46 7 29 36 39 44 26 13 31 47 37 20 14 16 5 22 19 4 12 9 48 21 38 34 18 49 23 45 10 2 24 8 42 40 27 0 11 6 32 
3 35 23 45 2 10 41 33 18 21 49 38 48 9 34 12 4 19 22 5 16 14 26 13 31 37 47 20 36 39 44 28 1 30 17 15 27 32 42 40 0 25 43 7 46 29 11 6 8 24 
18 34 9 12 5 16 19 22 4 48 38 21 49 3 35 23 33 41 10 2 45 32 28 15 30 1 39 36 44 14 26 13 31 37 20 47 29 7 46 43 25 27 40 0 42 8 24 6 11 17 
10 2 23 35 49 21 38 48 34 9 12 4 19 22 5 16 26 13 14 31 37 47 20 39 1 30 28 36 44 7 46 29 43 25 27 40 32 45 24 8 42 0 6 11 15 17 3 33 41 18 
5 4 12 9 49 21 38 48 34 18 24 8 45 32 27 40 0 42 3 17 28 15 30 1 39 44 20 31 37 47 36 29 7 46 25 43 11 6 2 10 41 33 23 35 19 22 13 26 14 16 
7 46 30 15 32 45 24 8 42 6 11 0 40 27 17 23 2 10 41 33 35 3 28 44 1 25 43 39 36 47 37 31 14 26 13 12 4 5 22 19 49 21 48 38 18 34 9 16 20 29 
7 29 47 20 36 37 31 14 26 13 16 5 12 4 22 19 9 38 21 49 48 34 18 41 33 2 10 23 35 3 17 28 39 44 25 43 30 15 27 40 32 45 24 8 42 0 6 11 46 1 
7 29 47 20 36 37 31 14 26 13 16 5 12 4 22 19 9 38 21 49 48 34 18 41 33 2 10 23 35 3 17 28 39 44 25 43 30 15 27 40 32 45 24 8 42 0 6 11 46 1 
44 39 36 20 47 37 31 13 26 14 22 19 4 12 9 38 48 34 21 49 33 23 35 3 32 45 17 28 15 30 1 25 43 46 7 29 40 27 0 11 6 42 24 8 2 10 41 18 5 16 
7 46 15 27 40 0 42 3 32 45 33 10 2 23 35 17 28 39 30 1 43 25 11 6 8 24 41 18 34 48 21 49 38 9 22 19 4 12 5 16 26 13 14 20 47 37 31 36 44 29 
27 40 0 42 8 24 2 10 41 33 45 23 35 3 17 28 39 44 36 47 37 31 20 14 26 13 16 5 22 19 4 12 9 48 38 34 18 49 21 32 15 30 1 25 43 46 7 29 11 6 
49 21 38 34 48 9 4 12 19 22 5 16 13 26 14 44 39 1 30 25 43 7 46 29 36 47 37 31 20 28 15 17 32 45 23 3 35 33 41 2 10 8 24 0 27 40 42 11 6 18 
22 19 4 12 5 9 48 21 49 38 18 34 3 35 23 45 2 10 27 0 40 11 6 42 8 24 41 33 32 15 17 28 44 39 1 30 25 43 46 7 29 36 47 37 20 31 14 26 13 16 
7 46 43 25 30 1 36 47 37 20 44 39 28 15 32 27 40 45 3 35 23 33 41 10 2 24 8 42 0 11 6 17 38 48 9 18 34 21 49 4 12 19 22 5 16 13 26 31 14 29 
37 47 20 36 28 32 3 35 23 45 8 24 2 10 41 33 49 21 38 18 34 48 9 12 4 19 22 5 16 13 26 14 44 39 1 30 15 17 27 40 42 0 11 6 46 7 43 25 29 31 
7 46 1 30 15 17 3 35 23 2 10 33 41 18 34 9 38 21 49 48 32 45 8 24 42 40 27 0 6 11 43 25 29 37 31 47 36 20 14 19 22 4 12 5 16 26 13 44 39 28 
45 32 0 40 27 15 30 1 25 43 46 7 29 47 37 31 26 13 14 44 39 28 17 3 41 33 2 24 8 10 23 35 49 21 38 34 18 48 9 12 4 19 22 5 16 36 20 11 6 42 
33 41 10 2 24 8 23 35 3 45 32 17 15 30 1 39 20 31 37 47 36 29 7 46 43 25 27 40 0 42 6 11 28 44 14 26 13 19 22 5 12 4 49 21 48 34 38 18 9 16 
13 26 14 31 37 47 20 36 29 7 46 25 43 11 6 0 40 42 8 24 45 17 3 35 32 27 15 30 1 39 44 28 4 12 9 34 38 48 49 21 33 23 2 10 41 18 22 19 5 16 
13 26 14 31 37 47 20 36 29 7 46 25 43 11 6 0 40 42 8 24 45 17 3 35 32 27 15 30 1 39 44 28 4 12 9 34 38 48 49 21 33 23 2 10 41 18 22 19 5 16 
49 21 48 18 38 34 9 12 4 22 19 5 16 15 28 39 36 47 37 14 13 26 31 20 44 1 30 25 43 29 7 46 27 40 0 11 6 42 8 24 10 41 33 35 3 17 32 45 2 23 
43 1 30 28 17 27 40 42 24 8 2 23 35 3 32 45 10 33 41 18 38 21 49 48 34 9 4 12 5 19 22 16 13 26 14 37 31 20 47 29 36 44 39 15 7 46 25 11 0 6 
48 21 49 18 34 9 12 4 19 5 16 22 14 26 13 31 20 44 36 37 47 29 7 46 43 25 30 1 39 28 15 17 3 35 23 33 24 8 2 10 45 32 40 0 42 6 11 27 41 38 
48 21 49 18 34 9 12 4 19 5 16 22 14 26 13 31 20 44 36 37 47 29 7 46 43 25 30 1 39 28 15 17 3 35 23 33 24 8 2 10 45 32 40 0 42 6 11 27 41 38 
8 0 40 27 15 43 25 1 46 7 29 36 20 47 37 31 14 26 13 16 12 4 19 22 5 9 38 18 34 48 49 21 33 10 2 45 23 35 32 17 3 28 44 39 30 11 6 42 24 41 
0 27 25 43 46 7 29 1 30 39 44 20 37 47 36 31 14 26 13 16 22 19 4 12 5 9 34 48 49 21 38 18 33 41 10 2 23 35 3 28 15 17 32 45 40 8 24 6 42 11 
38 21 49 48 34 9 12 4 19 22 5 16 13 26 31 20 14 44 36 47 37 30 1 17 3 35 23 45 33 10 2 24 8 42 6 11 25 43 46 7 29 39 15 28 27 32 40 0 41 18 
11 6 0 40 32 27 17 15 30 1 46 7 43 25 36 39 20 44 28 3 35 23 2 10 24 8 42 45 33 41 18 38 49 21 48 34 9 12 4 19 22 5 16 13 26 14 31 37 47 29 
34 38 49 21 48 9 12 4 5 22 19 28 40 42 0 27 15 30 1 39 44 17 3 35 23 45 32 8 24 2 10 41 33 6 11 43 25 46 7 29 47 36 20 37 31 14 26 13 16 18 
4 12 48 38 21 49 35 3 45 17 28 15 30 1 39 44 14 26 13 47 20 37 31 36 29 7 46 43 25 27 40 0 11 6 42 8 24 10 2 23 33 41 32 18 34 9 22 19 5 16 
46 7 1 43 25 27 40 42 8 24 2 10 45 23 35 3 32 17 15 30 28 44 39 36 47 31 37 20 14 26 13 16 4 19 22 5 12 48 21 49 9 34 38 18 41 33 0 11 6 29 
48 38 34 9 12 4 5 22 19 26 13 31 37 47 20 39 44 36 29 7 46 43 25 1 30 15 28 32 45 3 35 23 2 10 33 41 18 21 49 40 0 42 24 8 6 11 27 17 14 16 
27 40 32 23 45 3 35 33 2 10 41 18 38 21 49 9 48 34 12 4 22 19 5 16 26 13 14 20 47 37 31 36 39 44 28 15 17 8 24 42 0 6 11 25 43 30 1 7 46 29 
27 40 32 23 45 3 35 33 2 10 41 18 38 21 49 9 48 34 12 4 22 19 5 16 26 13 14 20 47 37 31 36 39 44 28 15 17 8 24 42 0 6 11 25 43 30 1 7 46 29 
38 21 49 3 35 23 45 40 27 15 17 32 42 0 43 25 30 1 28 14 26 13 31 37 47 36 20 44 39 29 46 7 11 6 8 24 10 2 33 41 18 34 9 12 4 5 16 22 19 48 
11 27 40 0 35 3 23 45 32 17 39 1 30 44 20 47 37 31 26 13 14 36 29 46 7 43 25 15 28 38 34 9 12 4 19 22 16 5 48 21 49 18 41 33 2 10 24 8 42 6 
11 6 42 0 27 40 32 45 2 10 23 35 3 33 41 18 34 38 21 49 48 9 19 22 4 12 5 16 26 13 14 44 39 17 15 30 1 46 7 43 25 29 36 47 37 31 20 28 8 24 
26 13 14 20 37 47 36 39 1 30 15 17 3 35 23 2 10 24 8 42 40 27 32 45 33 41 18 38 21 49 19 22 5 12 4 9 34 48 44 28 0 6 11 25 43 46 7 29 31 16 
47 37 31 14 20 36 39 45 2 10 24 8 42 40 27 25 43 46 7 29 1 30 28 15 17 32 0 6 11 3 35 23 33 41 18 48 38 21 49 34 9 12 4 16 5 19 22 26 13 44 
15 30 1 43 25 28 17 32 3 35 23 10 2 45 40 27 0 42 8 24 41 33 18 48 38 21 49 34 9 12 4 19 22 5 16 13 26 14 44 20 47 37 31 36 39 7 46 29 6 11 
47 37 20 36 39 30 1 43 25 27 40 0 42 8 24 23 45 32 17 3 35 33 10 2 41 18 34 9 48 49 21 38 12 4 5 16 22 19 31 13 26 14 44 15 28 6 11 46 7 29 
47 37 20 36 39 30 1 43 25 27 40 0 42 8 24 23 45 32 17 3 35 33 10 2 41 18 34 9 48 49 21 38 12 4 5 16 22 19 31 13 26 14 44 15 28 6 11 46 7 29 
44 39 1 30 15 17 28 19 22 4 5 12 9 34 38 21 49 48 18 33 41 10 2 24 8 45 23 35 3 32 27 40 42 0 6 11 43 25 46 7 29 36 20 47 37 31 26 13 14 16 
27 40 0 42 8 24 2 10 33 41 18 21 48 49 38 34 9 12 22 4 19 5 16 26 13 14 20 47 37 31 36 39 1 30 15 17 32 45 23 35 3 28 44 25 43 46 7 29 11 6 
32 42 0 40 27 15 28 17 3 45 23 35 21 49 38 48 34 9 12 4 19 22 5 16 37 47 36 26 13 14 31 20 44 39 1 30 25 43 46 7 29 11 6 24 8 10 2 33 41 18 
9 48 49 21 38 34 18 10 2 23 45 32 15 27 40 0 42 24 8 41 33 35 3 17 28 30 25 43 46 7 29 20 36 47 37 31 14 26 13 16 5 4 12 22 19 44 39 1 11 6 
38 21 49 48 34 9 12 4 22 19 5 16 31 26 13 14 37 47 36 20 44 39 1 30 15 25 43 7 46 29 40 42 8 24 2 10 33 23 45 32 35 3 28 17 27 0 11 6 41 18 
27 30 1 15 45 3 35 2 23 24 8 10 41 33 18 21 49 48 38 34 9 12 4 22 19 5 16 13 26 14 47 37 31 20 44 39 36 29 25 43 46 7 28 17 32 40 0 42 6 11 
32 17 3 35 23 2 10 8 24 41 33 49 21 18 38 48 9 34 12 5 22 16 4 19 44 39 36 47 37 20 31 26 13 14 28 15 40 0 42 6 11 25 43 46 7 29 1 30 27 45 
49 21 38 48 34 9 12 4 22 19 5 16 13 26 14 20 44 39 1 30 28 17 32 45 24 8 10 2 23 35 3 40 27 0 42 6 11 25 43 46 7 29 37 31 47 36 15 33 41 18 
3 32 45 10 8 24 2 35 23 41 33 18 38 21 49 48 34 9 12 4 19 22 5 16 13 26 14 20 37 31 47 39 30 1 15 17 43 25 0 40 27 42 11 6 46 7 29 36 44 28 
27 40 0 42 17 3 35 23 2 24 8 32 30 1 15 25 43 46 7 29 47 37 31 20 36 39 44 14 26 13 16 5 22 19 4 12 38 21 49 48 9 34 18 33 41 10 45 28 11 6 
42 0 40 27 25 30 1 15 39 44 13 26 14 20 37 36 47 31 29 7 46 43 11 6 8 24 2 10 41 33 23 45 32 17 3 35 49 21 48 38 34 18 9 12 4 22 19 5 16 28 
42 0 40 27 25 30 1 15 39 44 13 26 14 20 37 36 47 31 29 7 46 43 11 6 8 24 2 10 41 33 23 45 32 17 3 35 49 21 48 38 34 18 9 12 4 22 19 5 16 28 
36 47 37 31 20 14 26 13 19 4 12 34 48 49 21 38 35 3 17 32 40 27 15 28 39 30 1 7 46 43 25 0 11 6 8 24 42 45 23 2 10 41 33 18 9 5 16 22 44 29 
29 46 7 1 30 43 25 15 28 32 45 2 23 35 3 17 40 0 6 11 27 42 8 24 10 33 41 18 9 34 38 21 49 48 5 12 4 19 22 16 13 26 14 44 36 31 37 20 47 39 
42 0 40 27 28 30 15 17 3 35 23 10 2 24 8 41 33 45 32 49 21 48 34 38 18 9 12 4 5 19 22 16 13 26 14 44 20 31 37 47 36 39 1 25 43 46 7 29 11 6 
23 2 10 41 33 49 21 48 34 9 12 4 19 22 5 16 13 26 14 37 47 36 20 31 29 7 46 43 25 27 40 32 45 3 35 17 15 44 28 39 1 30 11 6 42 0 24 8 18 38 
44 20 47 37 31 14 26 13 19 22 4 12 5 16 32 24 8 42 40 27 0 6 11 25 43 1 30 15 17 3 35 23 33 21 49 38 48 9 34 18 41 10 2 45 7 46 29 36 39 28 
29 46 7 30 25 43 15 28 39 44 20 36 47 37 31 14 26 13 16 22 19 4 5 12 9 48 34 18 38 21 49 3 35 23 24 8 41 2 10 33 45 32 17 27 40 42 0 6 11 1 
11 6 0 40 32 27 17 15 30 1 46 7 43 25 36 39 20 44 28 3 35 23 2 10 24 8 42 45 33 41 18 38 49 21 48 34 9 12 4 19 22 5 16 13 26 14 31 37 47 29 
34 48 9 12 4 22 19 5 21 49 38 18 33 41 10 2 23 35 3 17 28 1 30 44 39 15 27 40 0 32 45 24 8 42 6 11 43 25 46 7 29 36 47 20 37 31 14 26 13 16 
21 49 48 38 34 9 5 12 4 22 19 3 35 23 10 2 24 8 45 27 40 15 30 1 39 36 20 44 28 17 32 0 42 6 11 43 25 46 7 29 47 37 31 14 26 13 16 18 41 33 
1 30 43 25 27 40 32 45 23 35 3 49 21 48 34 9 12 4 19 22 5 16 13 26 14 31 37 20 36 46 7 29 47 39 15 17 28 44 38 18 33 41 10 2 24 8 42 0 11 6 
38 21 49 48 34 9 12 4 19 22 5 16 26 13 14 31 37 20 47 36 39 1 30 15 28 17 3 35 23 2 10 24 8 42 40 27 32 45 0 6 11 43 25 7 46 29 44 33 41 18 
2 10 24 8 42 0 40 27 32 45 23 33 35 3 17 15 30 1 39 44 20 36 47 37 31 14 26 13 16 4 12 19 22 5 9 48 38 21 49 34 18 41 28 25 43 46 7 29 11 6 
25 43 30 1 7 46 3 35 23 45 8 24 2 10 33 41 18 38 21 49 48 34 9 12 5 4 22 19 16 13 26 14 31 37 47 36 20 44 39 28 15 27 40 17 32 42 0 11 6 29 
9 5 4 12 34 38 48 21 49 23 35 3 17 28 15 30 1 39 36 47 37 31 14 26 13 16 22 19 44 20 29 7 46 43 25 27 45 32 40 0 11 6 42 8 24 10 41 2 33 18 
9 5 4 12 34 38 48 21 49 23 35 3 17 28 15 30 1 39 36 47 37 31 14 26 13 16 22 19 44 20 29 7 46 43 25 27 45 32 40 0 11 6 42 8 24 10 41 2 33 18 
6 42 40 0 8 24 45 32 17 3 35 23 2 10 33 41 38 34 9 48 49 21 18 12 4 5 22 19 16 13 26 20 36 47 37 31 14 44 39 1 30 15 27 25 43 46 7 29 28 11 
16 5 4 12 19 9 34 38 21 49 48 18 41 10 2 24 8 42 40 0 32 45 27 15 30 1 36 47 37 31 20 44 39 28 17 3 35 23 33 6 11 43 25 46 7 29 14 26 13 22 
11 25 43 46 7 29 30 1 44 28 17 3 32 45 23 35 33 10 2 24 8 0 40 27 15 39 36 20 37 47 31 14 26 13 16 5 4 12 9 34 48 38 21 49 19 22 18 41 6 42 
7 29 47 20 36 37 31 14 26 13 16 5 12 4 22 19 9 38 21 49 48 34 18 41 33 2 10 23 35 3 17 28 39 44 25 43 30 15 27 40 32 45 24 8 42 0 6 11 46 1 
11 0 42 8 24 23 45 32 17 15 28 27 3 35 33 2 10 41 18 34 9 48 49 21 38 4 12 19 22 5 16 13 26 14 31 37 47 20 36 39 44 29 46 7 43 25 1 30 40 6 
41 33 35 3 17 28 15 30 1 43 25 46 7 29 36 39 44 26 13 31 47 37 20 14 16 5 22 19 4 12 9 48 21 38 34 18 49 23 45 10 2 24 8 42 40 27 0 11 6 32 
44 39 1 30 15 17 28 19 22 4 5 12 9 34 38 21 49 48 18 33 41 10 2 24 8 45 23 35 3 32 27 40 42 0 6 11 43 25 46 7 29 36 20 47 37 31 26 13 14 16 
16 22 4 12 9 48 34 18 38 21 49 45 3 35 23 33 41 10 2 24 8 42 0 40 27 32 17 28 44 39 11 6 25 43 30 1 15 46 7 29 36 47 37 31 20 14 26 13 19 5 
17 32 45 23 35 3 27 40 0 42 24 8 6 11 43 25 1 30 31 37 47 20 44 28 15 46 7 29 36 39 14 26 13 4 12 5 22 19 16 9 48 21 49 34 38 18 41 33 10 2 
5 4 12 9 49 21 38 48 34 18 24 8 45 32 27 40 0 42 3 17 28 15 30 1 39 44 20 31 37 47 36 29 7 46 25 43 11 6 2 10 41 33 23 35 19 22 13 26 14 16 
42 0 40 27 15 1 39 36 47 37 31 20 44 30 28 17 3 35 23 45 32 24 8 2 10 41 33 21 49 48 34 9 22 4 12 38 18 19 5 16 26 13 14 29 7 46 25 43 11 6 
44 20 36 30 1 39 15 17 35 3 45 32 27 40 0 42 8 24 33 2 10 41 21 49 48 34 18 38 9 4 12 5 22 19 16 13 26 14 31 37 47 29 7 46 43 25 11 6 23 28 
46 7 1 39 36 47 20 37 31 14 26 13 16 5 22 19 4 12 9 48 21 49 38 34 18 33 35 3 17 15 25 43 40 0 11 6 42 8 24 23 45 32 30 27 2 10 41 28 44 29 
45 24 8 0 40 42 32 15 28 1 30 25 43 46 7 29 36 20 14 26 13 31 37 47 39 44 19 22 4 16 5 12 9 34 48 38 18 33 41 10 2 23 3 17 27 11 6 35 49 21 
45 24 8 0 40 42 32 15 28 1 30 25 43 46 7 29 36 20 14 26 13 31 37 47 39 44 19 22 4 16 5 12 9 34 48 38 18 33 41 10 2 23 3 17 27 11 6 35 49 21 
9 12 4 19 22 5 48 21 49 38 34 18 35 3 32 45 0 40 27 30 1 46 7 29 39 44 28 15 17 23 2 10 41 33 24 8 42 6 11 25 43 47 37 31 20 36 14 26 13 16 
40 27 15 30 25 43 1 17 42 24 8 6 45 32 3 35 23 2 10 41 33 18 48 34 38 21 49 9 12 4 22 19 5 16 13 26 14 20 37 47 31 36 29 7 46 39 44 28 11 0 
40 27 15 30 25 43 1 17 42 24 8 6 45 32 3 35 23 2 10 41 33 18 48 34 38 21 49 9 12 4 22 19 5 16 13 26 14 20 37 47 31 36 29 7 46 39 44 28 11 0 
12 4 5 16 13 37 47 31 20 14 26 19 22 21 48 38 9 34 49 41 10 2 24 8 45 32 27 40 0 42 6 11 1 30 25 43 7 46 29 36 39 44 28 15 17 35 23 3 33 18 
42 0 40 27 17 28 15 30 1 25 43 46 7 29 36 20 47 37 31 14 26 13 44 39 45 23 35 49 21 38 48 34 9 12 5 4 19 22 16 18 10 2 41 33 3 32 24 8 6 11 
45 23 35 3 17 28 32 40 0 25 43 11 27 15 30 1 39 44 36 47 37 31 20 29 46 7 14 26 13 16 22 4 12 19 5 9 34 49 21 38 48 18 41 33 2 10 24 8 42 6 
33 41 10 2 35 23 45 32 3 17 15 28 39 1 30 27 40 0 42 24 8 6 11 43 25 46 7 29 31 37 20 14 26 13 36 47 44 16 5 19 22 4 12 9 34 38 48 21 49 18 
18 34 48 38 21 49 9 12 4 19 22 5 16 26 13 14 37 47 31 20 39 36 1 30 25 43 46 7 29 44 28 15 17 3 35 23 45 24 8 10 2 32 40 27 42 0 11 6 41 33 
18 34 48 38 21 49 9 12 4 19 22 5 16 26 13 14 37 47 31 20 39 36 1 30 25 43 46 7 29 44 28 15 17 3 35 23 45 24 8 10 2 32 40 27 42 0 11 6 41 33 
