20 69 10 22 36 46 0 45 42 58 40 39 21 55 51 1 30 71 6 31 5 25 50 11 32 53 64 15 62 70 52 56 18 12 61 59 23 35 19 37 14 26 33 4 27 24 63 67 17 49 44 8 47 2 74 43 48 60 34 9 29 3 41 13 57 28 38 16 72 68 73 65 7 54 66 
70 53 54 13 37 26 52 5 60 34 40 72 4 48 17 30 58 51 68 71 24 16 15 11 32 66 69 20 1 6 64 18 44 43 31 9 42 63 33 27 55 10 73 65 23 59 29 62 36 22 56 39 7 28 12 19 50 49 21 61 46 57 45 2 67 35 25 41 38 3 0 14 47 74 8 
3 14 37 23 64 26 4 51 46 39 68 72 35 1 19 43 66 69 40 50 45 55 59 63 65 6 13 71 29 7 8 54 0 18 16 27 15 25 31 47 52 28 2 70 9 12 61 32 38 57 17 67 20 42 36 53 48 21 56 62 22 49 34 60 5 30 33 58 24 44 73 11 10 74 41 
63 59 42 66 45 44 18 24 64 72 73 33 39 7 17 3 11 61 12 21 10 37 4 19 9 25 48 28 32 68 34 36 23 30 31 50 52 16 51 58 15 55 70 74 14 5 54 43 0 38 46 53 62 67 56 8 35 40 26 71 13 2 65 22 57 27 1 69 20 47 49 60 6 41 29 
63 59 42 66 45 44 18 24 64 72 73 33 39 7 17 3 11 61 12 21 10 37 4 19 9 25 48 28 32 68 34 36 23 30 31 50 52 16 51 58 15 55 70 74 14 5 54 43 0 38 46 53 62 67 56 8 35 40 26 71 13 2 65 22 57 27 1 69 20 47 49 60 6 41 29 
36 58 61 3 14 54 45 74 16 71 40 39 33 70 1 63 62 9 32 67 52 26 66 29 46 15 53 5 13 28 34 30 48 17 44 20 69 51 38 6 31 73 65 7 64 49 18 57 55 60 24 8 56 59 23 35 22 10 72 11 25 42 47 12 43 2 21 27 19 41 4 68 0 50 37 
24 63 15 62 70 14 51 60 39 53 61 48 46 6 2 29 40 25 45 35 5 9 34 41 58 33 11 19 12 3 43 8 73 0 26 13 32 72 55 54 31 52 37 28 18 66 57 1 21 10 74 44 16 22 4 27 69 38 36 65 56 7 23 17 49 50 67 59 20 30 71 42 47 64 68 
62 48 73 57 58 42 60 12 54 8 34 0 67 55 69 36 9 61 65 1 71 4 52 40 37 18 47 44 38 16 5 15 26 24 30 59 63 22 21 39 14 27 19 2 43 7 50 3 11 25 41 31 35 32 56 51 53 13 66 6 20 10 46 68 70 28 29 17 23 49 64 33 74 45 72 
62 48 73 57 58 42 60 12 54 8 34 0 67 55 69 36 9 61 65 1 71 4 52 40 37 18 47 44 38 16 5 15 26 24 30 59 63 22 21 39 14 27 19 2 43 7 50 3 11 25 41 31 35 32 56 51 53 13 66 6 20 10 46 68 70 28 29 17 23 49 64 33 74 45 72 
48 50 72 9 63 14 68 61 15 3 54 29 32 13 38 41 35 26 11 56 4 39 23 16 8 37 10 19 62 31 34 47 49 53 59 66 20 21 27 22 33 57 5 65 30 6 60 43 0 36 73 40 64 12 25 55 45 46 28 52 17 74 67 69 18 24 1 7 71 51 58 42 2 70 44 
53 7 57 62 21 68 15 42 32 39 26 50 16 43 8 29 34 49 47 48 17 31 10 35 5 3 46 19 4 65 41 64 70 66 22 6 51 72 14 54 61 12 2 28 13 60 25 24 69 71 11 38 52 45 56 18 67 27 30 58 40 37 63 74 9 23 44 33 0 73 55 59 36 20 1 
74 72 31 8 71 4 41 64 68 28 11 62 59 50 47 52 17 45 46 38 5 33 26 67 35 32 23 12 48 60 73 6 22 55 25 42 65 0 69 15 9 54 56 51 27 30 19 10 70 58 66 20 40 13 36 14 1 34 39 37 63 18 49 44 21 24 61 2 43 16 57 3 53 7 29 
74 72 31 8 71 4 41 64 68 28 11 62 59 50 47 52 17 45 46 38 5 33 26 67 35 32 23 12 48 60 73 6 22 55 25 42 65 0 69 15 9 54 56 51 27 30 19 10 70 58 66 20 40 13 36 14 1 34 39 37 63 18 49 44 21 24 61 2 43 16 57 3 53 7 29 
71 39 68 17 26 33 51 5 35 54 7 66 20 30 69 50 74 9 38 22 48 47 2 63 8 31 25 62 56 1 43 42 67 28 13 3 60 57 6 36 65 14 32 58 59 24 18 45 21 53 64 49 4 12 61 10 40 73 23 41 52 16 34 29 19 11 72 15 44 70 27 37 55 46 0 
21 8 10 27 74 60 24 23 34 68 38 30 51 54 66 45 44 43 20 0 19 59 7 64 4 70 22 39 46 72 11 29 65 1 42 32 36 37 15 53 49 48 62 57 28 13 12 2 47 56 67 3 71 55 5 61 73 25 16 35 31 6 33 9 41 52 58 14 17 18 40 26 50 63 69 
34 48 29 52 42 41 1 51 19 35 59 49 5 74 18 63 8 71 61 31 12 43 4 70 39 14 17 38 13 2 9 21 25 50 55 22 24 58 26 32 10 30 72 27 73 54 67 66 11 65 33 3 6 40 20 45 44 60 56 47 23 64 62 7 68 69 36 15 46 16 57 28 37 53 0 
3 41 68 25 49 52 62 47 55 45 4 10 8 6 13 61 57 73 28 65 72 11 40 23 37 39 51 34 50 56 54 30 27 12 19 16 5 2 9 53 31 24 22 21 15 48 71 60 20 46 14 0 42 70 32 36 17 35 59 44 26 43 29 1 69 67 64 7 74 18 63 33 38 58 66 
50 68 70 74 33 36 49 67 37 23 20 73 40 72 35 42 69 39 38 7 58 46 65 8 34 29 25 71 32 1 55 30 13 59 12 21 31 18 57 66 0 60 48 64 63 9 6 15 17 16 2 62 4 5 47 52 45 61 44 56 22 27 28 54 10 26 53 51 3 43 11 41 24 19 14 
37 53 0 55 1 4 28 19 69 7 16 8 23 50 6 66 62 56 35 60 49 25 39 20 27 21 30 10 70 5 15 12 38 36 73 31 52 17 41 43 9 45 14 18 33 63 46 54 57 44 47 22 11 26 67 59 34 72 74 29 48 13 71 40 42 24 65 58 32 64 51 2 61 3 68 
37 53 0 55 1 4 28 19 69 7 16 8 23 50 6 66 62 56 35 60 49 25 39 20 27 21 30 10 70 5 15 12 38 36 73 31 52 17 41 43 9 45 14 18 33 63 46 54 57 44 47 22 11 26 67 59 34 72 74 29 48 13 71 40 42 24 65 58 32 64 51 2 61 3 68 
11 52 33 68 49 65 60 35 19 45 64 1 55 26 74 48 70 4 63 40 53 36 20 22 73 14 37 24 6 51 16 69 42 8 15 2 31 59 28 58 54 72 17 3 50 27 9 13 7 46 34 56 32 66 21 5 44 43 71 10 57 29 25 38 61 12 23 18 62 67 30 39 47 41 0 
59 49 32 74 70 9 5 51 8 45 67 26 52 61 69 73 31 39 63 27 22 20 30 10 66 13 14 36 60 6 72 33 58 40 1 71 37 55 21 68 17 25 16 48 44 65 7 54 42 18 24 64 12 56 3 62 41 57 46 28 53 35 29 50 38 47 43 34 4 23 19 15 11 2 0 
7 26 21 46 3 19 52 49 33 37 57 4 64 54 34 10 25 61 11 5 60 63 27 70 66 13 17 32 42 40 14 55 65 56 62 48 69 15 47 16 36 22 73 6 30 20 43 8 45 67 24 59 0 35 39 29 31 38 50 12 44 18 58 53 72 68 71 23 28 2 41 74 9 51 1 
53 28 71 58 70 61 59 0 3 69 10 27 4 18 21 12 16 73 22 25 30 33 23 13 32 45 66 14 7 20 63 67 19 5 47 24 26 38 56 46 51 1 65 55 40 31 72 44 54 34 9 36 41 62 8 39 57 11 2 48 49 17 52 60 50 68 29 6 37 42 64 15 74 35 43 
53 28 71 58 70 61 59 0 3 69 10 27 4 18 21 12 16 73 22 25 30 33 23 13 32 45 66 14 7 20 63 67 19 5 47 24 26 38 56 46 51 1 65 55 40 31 72 44 54 34 9 36 41 62 8 39 57 11 2 48 49 17 52 60 50 68 29 6 37 42 64 15 74 35 43 
69 10 13 44 59 57 3 54 66 68 27 67 37 12 45 65 71 61 58 31 63 51 6 73 41 60 42 56 43 33 30 55 5 18 9 53 36 17 19 11 34 28 52 50 21 49 46 72 29 70 40 39 4 38 25 35 23 15 74 26 24 62 48 16 14 8 32 2 47 0 64 20 1 7 22 
50 21 61 68 35 70 27 72 7 65 28 1 3 71 8 9 44 66 55 14 22 40 56 36 20 38 4 29 57 6 34 62 53 42 41 47 74 48 39 59 63 67 52 2 64 13 54 19 10 73 0 45 15 43 12 23 25 37 58 11 26 46 69 30 24 32 17 16 31 60 5 33 51 49 18 
72 59 11 52 61 38 47 60 34 9 14 13 62 5 26 33 66 58 30 69 54 71 8 74 28 68 2 40 16 73 65 46 23 17 67 44 21 7 41 29 3 43 20 25 12 63 45 55 57 70 53 6 64 27 31 22 18 50 15 42 49 37 56 10 48 36 35 19 4 32 24 51 0 39 1 
73 28 37 29 26 52 34 49 27 22 24 35 66 57 58 36 70 62 7 21 45 11 19 53 12 72 63 43 74 9 46 0 44 60 16 51 15 50 56 59 23 17 47 67 32 69 41 48 18 20 68 5 14 1 40 30 25 39 42 61 65 13 55 8 2 64 4 33 71 38 31 3 10 6 54 
73 28 37 29 26 52 34 49 27 22 24 35 66 57 58 36 70 62 7 21 45 11 19 53 12 72 63 43 74 9 46 0 44 60 16 51 15 50 56 59 23 17 47 67 32 69 41 48 18 20 68 5 14 1 40 30 25 39 42 61 65 13 55 8 2 64 4 33 71 38 31 3 10 6 54 
73 45 20 69 44 46 65 28 56 68 3 38 24 23 5 53 29 52 60 57 35 15 37 4 13 33 1 30 40 22 19 67 50 2 43 8 32 58 16 66 17 62 64 9 51 34 31 42 39 10 72 61 49 59 6 12 27 55 47 14 71 7 21 48 41 25 36 26 11 18 70 74 54 63 0 
16 52 49 13 30 11 58 50 29 28 1 55 5 20 27 2 17 74 66 71 48 43 54 3 41 63 70 22 64 45 51 39 68 40 53 35 4 21 26 25 23 24 60 33 37 6 73 67 10 7 47 42 18 12 15 8 56 61 57 65 9 62 14 19 34 31 44 59 46 32 36 38 69 72 0 
16 52 49 13 30 11 58 50 29 28 1 55 5 20 27 2 17 74 66 71 48 43 54 3 41 63 70 22 64 45 51 39 68 40 53 35 4 21 26 25 23 24 60 33 37 6 73 67 10 7 47 42 18 12 15 8 56 61 57 65 9 62 14 19 34 31 44 59 46 32 36 38 69 72 0 
5 43 7 2 26 45 20 69 35 24 59 22 57 68 54 63 1 53 49 34 28 4 37 73 16 46 40 6 42 66 32 72 17 48 61 18 21 0 12 9 14 64 50 44 62 52 33 71 10 70 19 11 56 67 25 38 3 15 51 23 31 65 60 27 58 8 30 36 55 39 13 47 74 29 41 
5 43 7 2 26 45 20 69 35 24 59 22 57 68 54 63 1 53 49 34 28 4 37 73 16 46 40 6 42 66 32 72 17 48 61 18 21 0 12 9 14 64 50 44 62 52 33 71 10 70 19 11 56 67 25 38 3 15 51 23 31 65 60 27 58 8 30 36 55 39 13 47 74 29 41 
15 64 46 22 54 5 13 63 19 26 18 62 14 17 21 57 16 61 41 6 12 55 29 60 8 30 51 37 42 59 50 38 73 65 66 7 32 25 52 44 9 49 47 48 33 36 45 10 34 43 53 71 35 74 39 11 40 3 24 23 0 28 4 69 72 56 27 67 68 31 1 20 2 70 58 
0 61 37 19 2 44 59 69 7 62 64 68 63 71 18 35 4 12 52 33 15 1 65 56 66 3 47 60 14 17 5 23 34 26 45 24 10 13 48 40 20 58 49 57 70 6 28 73 8 43 9 53 31 38 42 39 25 11 51 50 16 72 29 41 74 21 22 32 55 27 30 54 36 46 67 
28 0 16 43 3 21 61 33 31 67 22 49 6 26 20 39 69 50 47 45 5 34 7 65 44 46 62 64 24 55 19 63 30 9 14 15 60 71 1 11 41 66 57 23 52 73 18 12 59 53 10 51 35 48 17 36 68 25 54 38 72 27 32 29 13 70 40 2 56 58 42 4 37 8 74 
35 12 33 21 10 34 74 50 63 16 29 53 2 64 5 26 14 31 45 60 38 28 3 19 67 17 41 70 32 42 39 62 1 6 36 46 73 65 24 48 66 22 37 27 55 54 58 47 57 30 23 68 72 49 7 0 52 9 44 59 18 11 71 51 15 4 20 43 25 40 8 13 69 56 61 
35 12 33 21 10 34 74 50 63 16 29 53 2 64 5 26 14 31 45 60 38 28 3 19 67 17 41 70 32 42 39 62 1 6 36 46 73 65 24 48 66 22 37 27 55 54 58 47 57 30 23 68 72 49 7 0 52 9 44 59 18 11 71 51 15 4 20 43 25 40 8 13 69 56 61 
1 49 31 73 14 7 2 60 5 46 10 45 41 57 50 59 35 70 32 11 69 23 6 13 55 39 30 36 68 40 26 29 18 63 44 15 38 16 24 72 17 51 20 19 43 48 66 21 53 22 3 71 4 64 54 28 33 67 12 37 8 47 52 65 58 56 62 61 74 34 9 27 25 0 42 
49 67 70 53 42 57 73 0 31 29 25 69 72 38 12 5 37 40 39 15 52 71 21 32 48 33 60 43 64 68 54 44 66 65 6 7 63 18 51 24 30 1 58 59 8 10 9 26 62 61 74 13 55 17 50 14 35 47 2 41 19 46 45 20 27 22 36 23 34 28 56 3 11 4 16 
28 74 68 32 40 66 61 27 37 19 31 54 57 55 36 51 23 33 72 7 9 15 11 20 13 3 53 48 0 59 22 35 39 12 30 46 58 38 73 65 62 60 43 29 41 25 70 14 34 45 5 17 44 67 18 6 69 52 47 71 63 24 4 42 50 10 21 64 1 8 49 56 16 26 2 
28 74 68 32 40 66 61 27 37 19 31 54 57 55 36 51 23 33 72 7 9 15 11 20 13 3 53 48 0 59 22 35 39 12 30 46 58 38 73 65 62 60 43 29 41 25 70 14 34 45 5 17 44 67 18 6 69 52 47 71 63 24 4 42 50 10 21 64 1 8 49 56 16 26 2 
68 70 15 30 19 56 38 9 64 20 3 16 13 28 53 66 29 6 41 72 40 43 50 44 37 63 36 47 45 58 62 25 60 17 55 22 54 57 67 59 32 12 33 24 48 52 7 71 2 5 49 11 34 61 31 42 27 39 26 69 23 65 8 18 35 10 4 51 46 74 21 1 73 14 0 
35 40 53 68 4 26 45 36 3 74 12 1 15 71 2 9 52 73 58 33 17 19 20 69 72 51 39 28 42 64 32 37 18 22 46 49 47 54 6 61 56 70 67 5 63 13 66 60 27 59 25 44 50 65 30 14 21 38 62 7 23 48 43 24 57 29 10 8 34 55 0 16 41 31 11 
26 0 31 15 24 30 22 73 13 46 70 47 6 5 44 36 27 67 50 72 21 19 4 37 52 42 62 60 48 34 68 64 9 49 41 11 66 32 1 29 57 71 12 16 10 63 58 69 39 59 3 43 61 53 18 23 56 54 65 25 45 55 38 8 28 35 33 51 40 14 7 20 74 2 17 
16 31 70 42 33 39 69 35 6 30 28 65 24 56 17 19 37 64 11 9 7 57 72 0 73 25 2 61 14 34 52 49 43 44 8 32 26 21 62 10 3 71 63 55 41 46 54 22 40 1 51 53 60 20 5 66 45 18 68 38 12 48 4 29 50 58 36 13 23 67 27 15 59 47 74 
70 53 54 13 37 26 52 5 60 34 40 72 4 48 17 30 58 51 68 71 24 16 15 11 32 66 69 20 1 6 64 18 44 43 31 9 42 63 33 27 55 10 73 65 23 59 29 62 36 22 56 39 7 28 12 19 50 49 21 61 46 57 45 2 67 35 25 41 38 3 0 14 47 74 8 
35 37 60 32 20 10 12 14 24 46 65 57 71 38 43 25 16 31 63 33 5 70 19 23 47 13 28 53 11 58 6 30 42 69 18 0 59 56 74 67 22 29 8 44 73 51 62 64 61 45 27 21 39 52 55 1 36 54 49 2 17 50 9 48 34 3 41 4 40 26 7 15 72 66 68 
1 3 32 61 39 60 24 34 54 25 48 50 59 26 36 58 19 40 31 57 13 6 67 4 18 42 68 15 55 37 52 38 30 51 8 49 62 11 5 46 45 71 53 21 63 35 2 33 12 9 7 29 74 0 27 23 28 20 69 64 14 10 22 72 16 65 47 43 17 70 44 66 56 41 73 
4 13 27 18 36 39 35 5 51 20 64 49 43 60 44 6 42 50 70 66 68 73 31 38 7 8 62 61 37 14 56 25 9 59 3 46 54 26 23 32 74 11 34 19 45 12 21 57 71 2 16 53 29 58 48 17 63 69 22 40 24 33 10 30 47 41 67 0 72 55 65 1 28 15 52 
52 70 45 69 61 48 73 23 39 67 44 47 42 9 26 7 72 21 46 22 19 15 51 3 58 36 71 64 33 30 32 63 8 29 53 49 25 74 60 59 17 41 57 16 13 11 40 43 28 4 2 56 66 54 65 18 68 37 14 35 24 12 6 34 31 50 20 10 55 1 27 62 5 38 0 
52 70 45 69 61 48 73 23 39 67 44 47 42 9 26 7 72 21 46 22 19 15 51 3 58 36 71 64 33 30 32 63 8 29 53 49 25 74 60 59 17 41 57 16 13 11 40 43 28 4 2 56 66 54 65 18 68 37 14 35 24 12 6 34 31 50 20 10 55 1 27 62 5 38 0 
62 27 22 68 35 50 74 5 19 6 54 57 55 69 3 21 10 36 61 43 37 15 11 31 8 56 9 29 47 73 2 13 7 16 42 38 23 25 59 64 32 17 18 46 66 48 71 20 39 63 41 53 72 24 26 65 40 49 28 1 12 34 52 44 45 60 14 4 67 70 33 30 58 51 0 
48 19 64 53 5 68 55 45 10 30 32 22 50 25 74 3 65 71 41 44 51 42 23 18 12 34 31 4 59 8 57 46 67 36 2 7 28 66 38 29 61 17 62 43 52 9 70 16 15 40 72 11 20 21 0 14 58 63 39 24 26 47 13 33 49 35 60 37 1 56 69 73 6 54 27 
13 10 37 18 15 8 64 33 23 35 52 58 53 71 57 36 63 30 1 11 41 48 34 5 44 60 32 25 28 20 73 50 61 42 45 14 6 43 21 38 17 67 68 40 69 72 62 19 16 7 46 54 39 22 2 29 3 70 55 0 66 49 26 27 51 65 59 4 12 56 47 9 31 24 74 
22 17 13 46 59 30 14 66 3 37 33 24 43 56 4 9 11 44 6 40 61 12 62 42 39 72 32 31 63 23 15 55 67 26 20 53 1 50 38 18 64 58 73 48 35 19 5 74 25 2 69 60 47 34 51 28 16 36 45 10 49 71 7 54 68 57 65 27 70 8 29 52 21 41 0 
7 45 30 73 65 55 23 33 4 18 14 17 62 49 38 28 37 19 26 53 40 22 72 57 16 50 39 71 61 35 9 66 43 13 3 44 51 0 12 70 36 67 34 31 21 58 41 25 48 32 15 69 74 56 29 5 1 64 59 63 27 52 68 54 20 8 47 46 11 42 10 24 6 2 60 
7 31 13 73 62 14 72 71 0 33 53 18 70 60 56 27 37 36 32 69 22 68 54 46 67 44 16 66 51 65 9 8 47 64 28 38 58 10 52 63 21 61 50 25 41 43 74 57 55 15 12 49 48 11 45 3 19 42 40 39 23 35 26 34 20 4 30 29 24 17 5 6 2 1 59 
66 45 61 15 20 1 62 34 17 31 65 64 18 59 13 63 53 27 21 22 24 72 0 58 71 56 10 55 41 16 8 44 74 29 25 52 51 32 12 35 3 69 57 48 43 47 49 37 68 40 39 38 28 9 50 33 60 67 54 19 14 4 11 7 30 5 46 73 6 36 23 70 2 42 26 
10 42 20 39 7 70 54 50 23 22 30 35 46 26 4 33 73 1 48 53 43 56 51 36 41 58 3 18 59 6 16 71 65 67 28 11 49 29 9 2 66 25 45 69 55 63 5 24 31 74 32 40 13 64 60 17 61 8 47 62 44 38 72 12 52 27 14 37 19 15 0 34 57 68 21 
10 42 20 39 7 70 54 50 23 22 30 35 46 26 4 33 73 1 48 53 43 56 51 36 41 58 3 18 59 6 16 71 65 67 28 11 49 29 9 2 66 25 45 69 55 63 5 24 31 74 32 40 13 64 60 17 61 8 47 62 44 38 72 12 52 27 14 37 19 15 0 34 57 68 21 
43 36 32 22 33 63 23 60 30 67 50 24 70 10 0 73 49 18 12 41 4 56 59 44 54 26 35 34 68 37 17 20 27 28 11 72 6 16 74 48 52 46 58 53 19 69 40 3 38 8 57 66 71 45 55 64 29 9 7 21 62 5 15 61 14 51 31 47 13 42 39 25 2 1 65 
0 45 10 7 38 44 43 57 39 69 1 64 37 41 46 34 74 28 29 72 8 31 50 35 52 2 71 12 67 23 22 63 47 19 5 58 3 51 16 15 14 36 62 55 11 4 65 70 66 6 9 25 54 56 42 33 24 27 73 30 13 61 17 48 40 18 59 60 53 20 21 49 26 32 68 
0 45 10 7 38 44 43 57 39 69 1 64 37 41 46 34 74 28 29 72 8 31 50 35 52 2 71 12 67 23 22 63 47 19 5 58 3 51 16 15 14 36 62 55 11 4 65 70 66 6 9 25 54 56 42 33 24 27 73 30 13 61 17 48 40 18 59 60 53 20 21 49 26 32 68 
73 59 16 44 24 56 17 11 19 55 72 60 30 7 39 52 58 41 54 13 49 8 9 18 40 34 48 29 57 66 71 43 2 42 53 4 70 10 38 15 35 25 33 46 20 31 6 28 22 36 69 64 61 14 12 5 26 37 62 21 68 65 67 47 32 23 63 27 50 1 51 74 3 45 0 
35 64 44 11 15 49 65 70 5 13 29 3 46 61 17 43 9 33 18 4 0 21 36 74 47 55 20 57 38 25 37 23 63 32 59 68 73 24 53 26 22 66 28 7 51 12 67 8 39 72 34 41 48 42 60 56 45 50 54 10 19 14 71 69 1 31 16 30 40 62 2 58 52 27 6 
35 64 44 11 15 49 65 70 5 13 29 3 46 61 17 43 9 33 18 4 0 21 36 74 47 55 20 57 38 25 37 23 63 32 59 68 73 24 53 26 22 66 28 7 51 12 67 8 39 72 34 41 48 42 60 56 45 50 54 10 19 14 71 69 1 31 16 30 40 62 2 58 52 27 6 
66 69 0 19 32 28 49 20 42 21 64 68 62 1 53 8 63 55 27 35 71 24 18 43 26 23 15 65 39 37 58 31 22 16 34 50 57 4 61 40 54 41 44 60 2 11 38 73 48 9 47 56 74 59 33 13 6 3 7 46 29 70 17 36 51 45 5 14 67 10 25 52 12 30 72 
10 22 16 28 2 60 57 6 29 9 33 23 44 35 19 37 27 25 64 58 56 63 1 41 38 54 34 3 65 50 46 52 68 21 8 49 51 59 43 55 42 12 15 40 69 70 45 31 47 74 24 4 17 20 53 14 32 30 18 5 66 73 72 7 61 39 67 11 71 13 0 36 48 62 26 
73 36 18 23 61 8 66 33 9 58 39 26 27 55 21 72 59 6 1 31 12 5 19 67 22 71 38 40 51 62 24 50 43 42 49 70 13 41 74 46 15 64 44 52 32 68 11 56 7 54 65 63 37 20 2 60 3 16 48 28 57 34 30 53 45 47 17 35 4 29 25 14 10 0 69 
73 36 18 23 61 8 66 33 9 58 39 26 27 55 21 72 59 6 1 31 12 5 19 67 22 71 38 40 51 62 24 50 43 42 49 70 13 41 74 46 15 64 44 52 32 68 11 56 7 54 65 63 37 20 2 60 3 16 48 28 57 34 30 53 45 47 17 35 4 29 25 14 10 0 69 
56 29 9 5 66 44 48 68 61 52 7 16 47 17 60 50 63 41 46 18 45 30 42 67 65 39 26 38 34 28 71 36 70 74 37 31 58 25 55 6 10 57 22 21 23 19 11 32 64 53 12 8 72 3 73 1 0 20 43 59 51 69 27 24 14 4 40 49 62 54 13 15 35 33 2 
1 51 28 23 73 17 38 3 29 60 8 27 69 54 41 58 26 72 45 40 56 55 2 10 30 39 14 35 53 59 50 49 62 24 64 11 34 68 21 44 32 5 43 52 25 37 71 6 33 15 4 70 36 20 63 18 65 13 9 31 7 16 47 67 61 48 42 66 19 57 12 46 22 0 74 
26 37 34 8 71 60 61 35 67 21 52 65 41 2 1 70 47 48 64 0 40 58 30 25 45 36 28 12 24 15 44 32 57 20 51 27 39 18 74 13 49 72 46 56 5 66 17 3 50 59 6 22 31 69 53 62 42 23 68 29 54 4 33 43 63 19 73 7 9 14 11 10 55 16 38 
26 37 34 8 71 60 61 35 67 21 52 65 41 2 1 70 47 48 64 0 40 58 30 25 45 36 28 12 24 15 44 32 57 20 51 27 39 18 74 13 49 72 46 56 5 66 17 3 50 59 6 22 31 69 53 62 42 23 68 29 54 4 33 43 63 19 73 7 9 14 11 10 55 16 38 
12 46 2 60 29 40 30 55 5 72 15 1 37 51 7 71 57 38 27 14 70 54 16 36 23 58 47 52 18 44 21 69 73 17 26 33 24 43 13 48 4 35 67 3 28 66 0 31 41 74 42 32 11 64 39 63 9 19 65 8 61 53 68 56 50 49 22 10 25 45 34 20 6 62 59 
56 61 36 8 25 17 19 23 57 38 71 9 52 0 10 70 18 51 6 26 32 63 40 69 31 11 39 14 45 66 46 55 29 3 27 34 68 49 48 16 37 47 74 20 1 65 30 44 53 64 15 24 59 35 5 62 21 41 12 43 60 7 58 54 73 42 72 2 22 28 13 4 67 33 50 
56 61 36 8 25 17 19 23 57 38 71 9 52 0 10 70 18 51 6 26 32 63 40 69 31 11 39 14 45 66 46 55 29 3 27 34 68 49 48 16 37 47 74 20 1 65 30 44 53 64 15 24 59 35 5 62 21 41 12 43 60 7 58 54 73 42 72 2 22 28 13 4 67 33 50 
48 52 2 72 29 67 61 39 58 10 42 23 49 8 53 38 45 66 44 25 73 18 28 33 4 32 64 30 55 15 56 13 1 36 21 22 20 35 27 70 62 6 17 51 14 7 60 59 43 74 69 65 34 26 0 47 68 57 11 19 12 40 71 50 54 16 41 37 3 31 46 9 5 63 24 
67 57 52 63 34 60 62 25 17 61 40 72 47 9 16 43 18 45 27 36 28 32 58 51 33 21 68 14 20 55 7 54 64 1 41 71 73 4 37 48 42 50 44 69 13 11 15 2 70 26 46 31 30 29 3 65 8 23 35 59 24 5 66 6 0 53 56 39 12 19 38 22 49 74 10 
34 70 73 19 58 30 46 28 18 42 62 40 1 45 15 23 0 66 16 57 6 52 4 24 14 13 56 33 39 71 35 27 68 3 43 38 55 26 65 44 63 60 9 8 17 50 59 41 29 48 25 64 69 51 5 74 49 7 37 12 21 10 20 53 32 72 11 36 22 31 67 61 47 54 2 
26 46 22 11 62 55 2 43 3 7 54 51 4 68 21 16 73 57 20 69 25 65 27 12 9 1 38 23 56 42 24 48 50 41 0 29 40 67 18 31 37 14 15 34 63 35 45 66 60 28 6 44 10 30 13 53 64 58 33 61 70 52 47 74 36 8 19 39 32 72 17 71 59 49 5 
61 74 59 37 44 21 1 67 29 69 34 32 31 10 24 2 41 71 42 26 8 3 16 9 17 19 48 23 35 4 5 38 53 15 72 47 62 63 73 6 50 58 64 66 25 7 65 54 11 20 39 45 12 56 30 13 51 14 49 60 18 43 36 22 52 27 28 57 0 40 46 55 68 70 33 
7 48 54 20 17 72 60 56 25 41 13 3 55 33 11 9 52 43 34 16 51 1 64 74 49 12 70 30 59 18 63 27 35 44 58 47 45 46 21 37 69 32 6 5 67 19 10 29 2 73 24 62 31 53 15 28 26 4 0 23 42 66 71 50 38 61 14 39 57 22 40 68 36 65 8 
6 43 17 32 1 40 27 21 65 14 50 64 69 54 44 8 26 22 53 31 2 18 46 4 30 11 3 13 47 45 39 62 19 68 55 15 35 48 12 67 5 49 34 59 37 23 52 66 38 9 25 28 7 57 63 33 10 61 16 42 51 60 24 58 20 71 41 73 29 0 56 72 36 70 74 
0 8 17 60 47 70 52 2 44 31 35 58 36 19 61 56 63 12 21 13 7 54 72 26 28 39 25 51 20 42 50 9 67 16 66 46 59 30 14 43 68 3 64 38 34 37 23 24 33 53 1 29 6 18 41 22 69 11 5 10 4 62 45 71 49 55 40 27 48 65 15 57 32 74 73 
31 71 69 28 36 59 58 20 11 10 64 70 33 37 4 19 52 30 1 40 27 42 44 6 55 9 0 47 29 54 3 57 23 51 5 68 13 43 67 61 46 45 22 66 74 38 62 2 8 16 21 17 34 39 26 63 12 49 18 60 14 7 35 41 73 53 24 50 15 65 32 25 56 48 72 
54 42 3 31 62 69 58 68 28 25 38 7 67 61 44 66 73 46 0 26 30 39 33 48 64 6 41 10 43 13 63 4 24 60 17 22 37 1 12 59 57 56 51 15 49 55 20 53 9 21 14 19 29 8 52 50 2 47 45 32 40 36 65 34 16 27 23 72 11 5 74 70 18 35 71 
35 25 54 30 20 15 5 64 61 68 6 72 36 56 22 7 16 44 74 40 21 42 33 8 37 53 47 48 12 9 34 65 69 52 57 10 11 73 50 60 29 49 59 67 32 13 4 1 3 19 31 23 24 55 38 26 71 46 28 63 27 2 41 43 39 51 17 62 14 70 0 45 66 58 18 
54 61 69 30 63 35 6 53 67 45 4 73 55 44 10 66 3 57 42 9 14 18 5 40 47 8 74 43 13 15 64 71 27 16 28 26 56 70 41 59 72 32 21 65 22 51 37 17 31 11 12 23 24 62 25 49 60 46 68 52 36 29 19 34 50 20 7 48 58 0 39 33 1 2 38 
26 10 20 15 73 30 8 6 45 39 55 28 5 44 58 35 56 38 7 72 31 21 4 67 37 43 19 62 13 16 69 22 63 50 60 12 42 51 24 33 59 14 74 53 3 66 71 68 40 54 1 46 27 34 18 25 23 61 32 36 57 65 47 9 70 48 41 52 49 11 2 29 64 0 17 
26 10 20 15 73 30 8 6 45 39 55 28 5 44 58 35 56 38 7 72 31 21 4 67 37 43 19 62 13 16 69 22 63 50 60 12 42 51 24 33 59 14 74 53 3 66 71 68 40 54 1 46 27 34 18 25 23 61 32 36 57 65 47 9 70 48 41 52 49 11 2 29 64 0 17 
34 41 25 36 42 37 1 73 62 11 16 43 44 23 29 47 69 63 12 49 74 71 58 18 70 51 17 53 50 33 56 13 68 59 9 61 2 19 5 67 72 65 21 4 40 8 45 15 64 32 26 28 3 31 46 52 35 60 57 7 20 27 6 55 66 24 48 14 54 38 39 22 10 0 30 
6 46 13 17 23 56 43 39 18 53 66 47 62 65 33 64 28 50 10 30 1 21 58 63 26 45 57 61 59 68 8 36 69 14 67 52 51 15 12 29 32 2 25 16 49 48 24 70 38 42 11 41 54 3 31 37 34 72 4 27 22 55 19 9 5 7 71 74 35 44 20 73 0 60 40 
37 53 0 55 1 4 28 19 69 7 16 8 23 50 6 66 62 56 35 60 49 25 39 20 27 21 30 10 70 5 15 12 38 36 73 31 52 17 41 43 9 45 14 18 33 63 46 54 57 44 47 22 11 26 67 59 34 72 74 29 48 13 71 40 42 24 65 58 32 64 51 2 61 3 68 
24 64 43 47 65 30 21 5 38 31 34 6 45 9 2 13 20 58 35 42 69 40 12 48 60 74 67 32 28 36 15 8 51 26 16 57 4 11 56 22 66 14 63 17 23 29 46 1 0 18 73 70 71 27 55 44 33 50 37 39 54 7 25 62 52 72 3 59 19 53 68 41 10 61 49 
24 40 17 9 11 64 69 58 30 10 74 56 52 19 73 12 18 1 20 27 14 15 3 41 54 72 32 51 29 34 21 22 36 5 49 25 33 63 4 28 57 47 31 46 44 35 2 55 38 71 70 39 61 42 8 45 59 48 7 6 60 23 68 65 66 67 0 16 43 50 62 26 13 53 37 
12 62 74 16 23 7 31 60 67 18 48 45 50 5 44 34 32 25 43 9 53 21 27 3 35 58 0 64 33 47 71 26 15 40 1 14 8 68 54 37 19 52 39 20 13 70 56 24 49 10 42 57 17 61 2 36 65 69 28 41 66 46 22 29 38 63 59 73 4 51 30 72 6 55 11 
