10 50 42 48 85 22 49 33 72 18 6 60 40 79 28 30 81 93 37 47 69 29 11 8 64 51 36 27 58 63 4 34 75 91 71 92 70 66 88 89 90 15 24 20 94 23 25 39 26 55 17 77 82 7 87 3 43 16 45 84 68 78 0 56 76 73 67 59 14 86 53 12 41 62 80 57 35 1 9 83 46 65 44 5 21 19 61 31 32 2 74 52 38 54 13 
67 37 51 29 92 81 49 74 70 89 33 58 90 30 66 91 5 24 27 35 40 28 9 6 11 88 42 68 76 64 87 86 46 23 45 21 60 10 48 85 78 7 18 84 56 13 72 54 71 55 62 47 80 19 61 83 44 65 53 8 82 32 31 79 43 39 15 77 12 75 17 14 20 3 41 73 38 22 93 63 2 59 57 26 16 52 36 50 34 94 4 1 69 25 0 
71 47 84 48 5 32 46 3 6 30 49 22 42 39 7 15 55 40 63 90 41 72 54 89 88 82 1 12 0 36 51 87 64 78 10 53 23 59 86 31 66 58 18 61 16 65 25 85 2 8 70 13 67 44 79 28 77 83 38 81 73 21 74 80 57 9 19 62 20 26 29 76 11 24 93 52 69 68 37 60 14 35 43 56 33 17 50 45 92 27 34 94 75 91 4 
69 14 75 37 16 4 3 53 74 8 40 73 65 72 18 30 43 35 21 17 47 24 55 57 68 89 20 0 6 9 83 41 38 67 48 10 82 64 56 19 11 78 85 54 66 70 88 84 31 79 12 13 23 51 50 60 76 33 44 15 87 1 25 80 39 26 36 34 58 7 46 77 62 28 5 32 81 42 2 63 49 86 29 59 61 71 90 22 45 93 94 27 91 52 92 
69 14 75 37 16 4 3 53 74 8 40 73 65 72 18 30 43 35 21 17 47 24 55 57 68 89 20 0 6 9 83 41 38 67 48 10 82 64 56 19 11 78 85 54 66 70 88 84 31 79 12 13 23 51 50 60 76 33 44 15 87 1 25 80 39 26 36 34 58 7 46 77 62 28 5 32 81 42 2 63 49 86 29 59 61 71 90 22 45 93 94 27 91 52 92 
18 21 72 30 66 31 38 22 55 79 44 33 11 69 56 35 32 93 53 73 37 13 50 40 28 42 43 4 34 92 91 47 48 9 0 52 65 29 68 57 90 83 85 46 6 60 12 62 41 64 67 45 70 74 27 76 89 39 20 80 81 7 88 84 16 87 61 1 63 86 8 14 17 82 24 26 94 51 15 71 77 2 75 23 59 58 5 36 3 54 49 10 25 19 78 
0 7 59 5 15 34 12 25 23 63 58 17 77 91 57 73 22 18 93 1 42 13 81 21 72 55 41 29 9 65 43 69 26 46 66 2 3 37 4 31 45 87 71 32 68 62 47 33 19 14 75 52 36 39 89 56 40 6 30 49 24 61 44 53 86 8 78 60 84 64 28 70 27 92 76 10 11 82 94 83 16 88 90 20 80 35 51 67 79 38 48 50 54 74 85 
45 35 65 15 84 48 67 51 86 90 55 3 29 89 40 17 4 19 5 10 0 62 28 82 46 63 23 94 66 7 25 26 71 2 52 30 8 80 76 56 44 20 24 34 68 53 77 36 74 37 1 12 87 13 85 42 43 22 33 75 38 93 14 57 9 59 72 18 47 64 6 70 73 27 31 81 50 60 92 91 11 39 32 49 54 69 16 88 61 78 21 83 41 79 58 
56 7 24 84 31 75 69 14 94 51 85 33 90 3 71 70 72 35 66 44 49 13 81 65 46 1 45 32 73 48 21 40 11 34 36 63 76 93 92 47 79 58 68 50 12 78 23 54 10 67 52 22 6 61 5 42 74 91 25 38 2 64 8 87 62 28 89 4 26 16 57 19 43 55 30 9 88 86 39 80 60 15 20 37 18 17 83 59 27 82 29 41 77 53 0 
53 67 47 73 48 8 7 36 22 16 10 31 50 75 64 23 1 12 18 45 88 19 60 38 54 93 69 62 86 82 13 77 40 27 34 63 20 35 90 46 42 51 84 66 14 33 39 3 43 57 17 79 30 68 56 49 21 89 29 76 92 24 72 59 55 25 74 91 94 26 71 4 2 58 15 85 80 41 44 6 61 83 65 9 5 81 87 28 70 32 52 37 78 0 11 
79 65 13 67 52 50 20 84 59 39 9 41 21 27 58 34 0 31 56 53 66 8 89 17 7 14 29 15 18 82 94 91 87 24 62 77 70 90 38 63 75 85 86 44 76 93 68 25 35 37 5 69 78 80 47 60 51 4 16 32 23 26 57 83 40 54 81 28 72 92 88 43 64 36 55 30 6 49 42 71 11 46 74 2 1 73 22 45 12 10 61 19 33 48 3 
66 46 14 64 8 59 85 6 13 2 91 56 37 77 67 53 4 12 62 83 72 54 57 47 23 45 87 39 69 74 29 93 40 21 92 36 32 65 79 33 10 3 20 61 88 15 52 27 94 31 24 16 5 22 60 18 26 75 25 7 1 84 51 89 48 81 42 76 11 38 34 63 71 35 44 41 55 17 80 86 73 58 68 19 50 70 28 82 9 43 30 78 90 0 49 
43 26 47 35 9 83 6 48 44 12 62 34 20 80 92 70 91 59 11 77 41 57 28 56 8 79 78 2 16 63 71 64 76 22 5 30 53 18 40 3 93 45 42 39 69 17 61 86 54 73 72 90 23 67 60 37 21 58 15 14 66 4 29 32 49 65 33 7 88 85 31 81 50 89 38 87 24 27 10 68 19 13 75 52 84 82 55 25 36 0 74 51 1 46 94 
19 22 33 60 69 84 8 14 74 67 83 42 2 76 59 35 79 16 3 71 61 28 66 82 73 12 46 81 0 21 54 92 26 47 48 78 62 15 32 58 40 43 88 24 75 94 41 25 39 20 70 29 38 87 53 65 30 49 52 64 17 63 34 90 1 56 23 27 91 45 93 50 37 55 77 31 4 18 13 85 10 68 5 7 11 89 80 57 36 9 86 44 51 72 6 
29 94 14 1 50 63 76 6 65 43 17 7 36 79 28 37 9 59 8 40 21 81 45 10 5 31 69 91 26 12 55 49 13 73 85 52 72 2 54 16 87 46 44 42 32 78 27 64 93 3 35 19 88 20 67 74 25 77 66 22 58 89 23 86 51 92 4 30 82 75 57 33 11 38 39 56 61 41 83 80 90 47 62 48 53 84 60 68 70 71 34 15 24 18 0 
50 10 81 68 5 74 54 12 28 42 62 93 77 15 92 58 18 85 65 60 47 34 16 43 23 53 59 51 56 13 6 2 91 75 7 20 30 88 49 41 21 90 83 33 8 76 48 69 24 39 55 25 84 89 29 26 73 32 71 87 11 9 35 3 57 37 80 86 82 64 52 38 78 40 79 44 61 72 17 4 63 70 27 67 94 0 46 19 45 36 1 31 22 14 66 
38 0 16 69 77 83 65 41 55 7 21 75 4 67 9 93 81 72 46 47 5 20 87 11 59 51 91 27 22 86 14 25 37 70 52 31 2 39 1 64 66 15 23 62 36 56 61 60 3 44 76 85 18 54 42 92 50 6 35 24 13 57 82 45 49 68 79 33 28 32 17 30 89 78 19 90 8 43 12 88 34 74 71 58 53 84 73 80 40 10 63 48 26 29 94 
29 94 14 1 50 63 76 6 65 43 17 7 36 79 28 37 9 59 8 40 21 81 45 10 5 31 69 91 26 12 55 49 13 73 85 52 72 2 54 16 87 46 44 42 32 78 27 64 93 3 35 19 88 20 67 74 25 77 66 22 58 89 23 86 51 92 4 30 82 75 57 33 11 38 39 56 61 41 83 80 90 47 62 48 53 84 60 68 70 71 34 15 24 18 0 
84 25 8 16 43 94 2 85 13 38 51 55 70 46 41 48 74 65 83 32 35 59 1 93 29 24 54 37 60 52 19 33 40 64 11 92 23 17 12 80 45 67 87 53 81 58 77 44 50 27 91 75 72 7 89 90 28 66 15 88 47 71 4 63 20 86 30 61 21 3 10 82 57 49 18 79 34 78 42 31 76 22 5 73 9 69 68 62 39 56 36 26 14 6 0 
44 6 15 45 80 48 21 64 59 27 62 72 10 12 41 40 70 63 87 7 36 31 49 34 29 51 91 78 50 19 35 25 94 20 67 22 85 42 76 60 23 11 74 92 38 4 26 2 13 88 93 33 57 53 24 82 30 14 68 73 90 58 46 56 47 52 81 16 28 86 8 3 79 66 89 69 32 43 9 5 84 54 77 17 37 55 83 18 75 39 71 61 65 0 1 
57 87 0 49 21 13 80 69 24 20 14 55 41 38 36 86 63 89 26 1 92 12 46 65 11 83 67 18 7 61 10 39 74 2 42 25 30 82 3 81 73 54 45 40 28 48 70 52 79 6 31 50 44 17 77 78 85 4 32 35 75 37 29 72 5 51 71 68 16 84 91 8 19 93 34 60 9 64 66 56 88 47 58 15 90 27 43 22 94 23 59 33 53 62 76 
88 80 75 0 92 81 72 13 84 11 26 64 16 18 67 78 10 43 82 17 76 5 51 74 24 28 1 54 83 21 36 71 91 61 38 69 56 33 22 7 41 12 65 60 14 68 90 63 58 2 62 30 27 42 35 59 89 32 9 55 47 20 39 53 44 52 70 15 25 40 49 48 3 57 87 37 73 31 34 23 19 45 86 4 8 93 79 66 77 6 85 29 46 50 94 
37 57 79 30 29 34 64 50 66 74 76 55 40 47 59 75 92 84 69 18 36 78 39 14 94 24 71 67 19 2 58 91 73 65 35 3 1 45 93 31 5 87 88 72 90 52 81 21 13 53 60 6 43 15 4 46 63 38 51 27 54 33 8 86 41 9 7 77 82 49 22 48 23 11 28 12 89 70 85 80 16 44 20 17 25 26 61 68 10 42 56 62 83 0 32 
82 55 84 53 37 7 29 88 78 20 46 41 25 70 17 67 16 45 47 31 49 92 36 32 40 54 8 34 63 58 59 11 22 80 14 64 93 23 43 12 69 77 1 72 50 74 28 52 13 10 15 85 44 87 51 39 91 66 89 68 3 73 6 26 62 21 56 30 61 38 48 2 27 76 81 86 24 35 57 65 42 75 90 4 19 79 83 5 18 9 60 33 71 94 0 
24 23 59 11 87 73 34 47 46 39 44 30 55 1 28 21 42 72 94 57 10 33 76 69 16 93 80 56 61 29 66 4 8 88 37 64 6 20 43 50 92 89 7 60 75 17 91 5 49 25 53 90 78 63 2 45 41 14 68 38 86 15 65 12 81 31 48 85 82 19 35 13 52 84 27 83 26 74 32 18 62 79 40 22 77 71 58 36 70 51 67 54 0 9 3 
25 56 67 42 81 36 31 5 35 88 57 87 53 77 9 52 66 94 60 28 6 7 71 70 11 46 55 44 29 8 37 69 51 3 62 12 90 4 76 34 14 64 43 47 93 15 58 61 19 85 78 16 82 80 59 17 92 63 18 40 0 91 21 38 13 23 20 74 32 89 26 27 75 30 68 33 41 86 84 73 39 49 83 45 48 50 79 54 1 72 2 22 65 24 10 
91 75 0 52 49 22 39 42 50 85 12 30 37 38 78 84 2 11 8 20 66 18 35 56 40 60 72 16 83 59 90 61 73 47 48 81 92 71 24 94 9 67 43 63 82 3 13 76 54 10 41 86 70 57 74 68 21 31 28 6 17 29 19 25 1 65 53 93 44 33 5 62 26 79 32 55 80 15 64 45 36 89 69 23 51 7 34 88 87 46 14 77 4 58 27 
26 8 48 42 85 17 24 0 62 1 3 7 43 78 83 68 51 22 16 81 77 44 87 25 41 64 57 73 29 34 27 38 40 72 30 28 61 49 12 59 19 33 6 36 4 75 92 84 18 88 45 2 5 14 66 52 53 71 89 54 37 60 70 79 55 58 91 15 65 67 46 74 80 9 21 86 35 93 11 50 13 32 31 47 10 76 90 20 69 82 39 23 63 56 94 
37 14 36 39 47 2 72 79 12 44 65 9 62 16 68 87 29 70 61 73 22 48 54 77 35 28 84 56 23 75 24 34 45 5 50 53 33 69 94 11 27 3 83 7 46 85 88 17 30 78 4 63 89 19 31 80 43 51 93 57 60 15 52 74 10 6 40 26 8 20 71 41 64 32 49 67 92 13 42 59 18 76 38 82 66 21 25 0 55 81 86 1 91 58 90 
9 50 69 20 56 84 87 63 70 66 64 76 60 10 57 22 1 2 6 55 82 53 51 52 85 46 26 83 25 47 19 45 35 8 61 30 65 58 41 17 7 40 93 44 42 78 21 34 4 37 77 31 38 67 18 48 3 24 23 16 13 80 14 12 28 74 32 54 92 5 72 88 89 75 29 94 59 43 62 27 36 86 11 73 49 91 81 39 71 15 90 79 33 68 0 
16 32 29 82 84 64 36 24 23 28 79 38 90 70 71 39 20 81 55 45 17 30 8 7 22 47 12 3 94 1 62 26 78 91 89 52 60 83 31 54 2 13 72 34 68 76 49 61 63 67 37 50 56 73 44 75 66 88 53 14 86 6 4 42 87 5 69 11 25 51 58 27 41 9 46 57 85 35 18 93 10 21 19 65 15 33 80 92 48 40 43 77 59 74 0 
4 62 42 47 67 94 55 18 28 40 44 87 31 60 39 59 64 12 33 78 76 13 90 21 88 68 93 6 25 23 35 24 53 65 81 46 43 89 36 82 69 58 32 70 7 14 80 29 22 92 91 34 77 74 16 15 20 54 26 48 38 8 51 52 27 86 83 71 17 41 30 66 85 72 57 37 5 84 10 1 79 49 73 19 50 75 63 2 0 61 56 9 45 11 3 
31 12 86 13 62 6 21 53 73 22 52 29 50 56 72 19 76 89 74 15 84 88 80 33 68 91 16 17 42 66 64 0 37 35 5 57 69 11 24 43 46 9 94 39 26 34 4 1 30 32 18 10 49 61 20 48 83 41 82 70 87 44 54 2 75 27 38 85 28 78 65 3 59 25 23 81 67 47 77 7 55 79 60 8 51 71 90 14 58 36 45 40 63 92 93 
71 47 84 48 5 32 46 3 6 30 49 22 42 39 7 15 55 40 63 90 41 72 54 89 88 82 1 12 0 36 51 87 64 78 10 53 23 59 86 31 66 58 18 61 16 65 25 85 2 8 70 13 67 44 79 28 77 83 38 81 73 21 74 80 57 9 19 62 20 26 29 76 11 24 93 52 69 68 37 60 14 35 43 56 33 17 50 45 92 27 34 94 75 91 4 
50 10 81 68 5 74 54 12 28 42 62 93 77 15 92 58 18 85 65 60 47 34 16 43 23 53 59 51 56 13 6 2 91 75 7 20 30 88 49 41 21 90 83 33 8 76 48 69 24 39 55 25 84 89 29 26 73 32 71 87 11 9 35 3 57 37 80 86 82 64 52 38 78 40 79 44 61 72 17 4 63 70 27 67 94 0 46 19 45 36 1 31 22 14 66 
56 38 34 6 76 81 84 23 41 35 1 66 65 72 68 8 67 54 52 21 79 15 83 28 9 22 73 26 69 32 64 10 90 50 29 75 48 13 60 49 18 5 42 88 2 71 89 44 80 14 62 46 74 36 47 16 19 45 31 59 43 55 70 17 7 57 27 4 20 86 51 93 30 0 85 37 94 25 11 53 12 33 77 91 3 78 61 87 40 82 39 63 58 24 92 
55 2 4 52 39 65 82 28 43 24 51 34 54 8 63 13 29 31 48 93 61 69 90 58 25 41 37 87 64 73 76 66 79 49 70 44 71 14 59 3 21 38 75 92 85 32 74 84 5 9 26 53 45 68 12 19 57 91 27 15 83 80 36 22 7 0 33 10 88 89 77 67 17 18 42 47 86 30 60 56 1 16 81 46 35 6 72 23 40 11 20 78 50 62 94 
1 6 54 13 4 66 87 47 51 94 20 36 29 82 81 61 88 67 14 48 39 75 28 57 83 41 45 93 69 60 22 26 77 31 35 49 50 24 2 7 37 76 86 8 30 62 33 40 11 21 38 92 91 71 70 23 43 3 59 17 84 90 27 58 65 5 56 12 63 15 25 78 52 89 46 55 9 42 85 18 10 32 34 72 80 16 74 53 64 19 44 79 68 73 0 
32 81 68 8 9 24 84 52 50 31 19 73 57 87 26 39 91 42 17 41 28 16 0 56 15 34 47 1 55 6 72 53 37 62 61 85 67 78 22 13 69 43 75 14 66 45 88 33 71 18 49 7 65 54 82 80 89 83 35 10 60 2 12 3 23 76 59 30 86 36 92 64 38 21 5 63 74 27 4 11 51 70 77 44 46 29 58 20 40 93 79 25 90 48 94 
73 50 11 4 23 41 60 53 16 19 67 65 76 91 25 57 71 9 87 21 10 2 14 77 28 40 70 36 39 42 13 51 86 66 24 15 17 30 62 0 85 43 18 22 81 26 84 68 6 8 83 12 46 44 90 32 33 52 5 61 80 74 79 1 47 37 56 3 78 45 48 49 31 34 75 58 92 27 59 7 69 20 82 88 55 93 38 29 35 64 89 54 94 63 72 
8 85 52 82 72 49 12 46 92 50 30 0 18 93 44 33 37 22 1 11 5 28 21 19 65 42 79 43 32 2 31 23 39 38 56 78 29 54 57 59 66 24 27 84 87 62 83 25 76 73 7 3 10 4 91 70 53 26 61 41 80 81 6 47 68 64 89 9 51 71 16 58 55 13 14 48 60 75 74 86 34 15 45 17 20 90 63 69 35 36 88 40 67 77 94 
68 77 55 72 18 29 38 6 57 42 65 51 92 13 22 93 43 85 47 35 54 2 83 61 56 23 1 81 26 39 25 19 71 36 12 91 75 86 80 76 46 79 31 30 10 33 49 90 59 48 60 9 84 7 24 89 70 69 4 21 45 64 78 37 67 88 66 52 58 53 62 87 3 16 14 82 40 34 27 74 73 15 20 63 32 50 5 44 28 41 17 11 8 0 94 
76 11 36 59 80 12 83 88 75 92 84 44 23 54 13 1 25 15 58 69 16 49 26 86 94 53 17 35 93 81 18 28 32 52 85 63 42 21 62 67 43 19 2 66 10 24 30 38 27 29 31 78 89 91 14 3 37 51 5 73 20 70 72 55 8 45 48 50 46 47 56 71 57 68 90 4 0 64 41 7 77 87 79 39 34 9 33 22 82 74 40 60 65 61 6 
26 5 65 22 19 55 85 37 0 58 91 92 69 63 71 47 35 70 13 54 64 83 76 41 57 14 28 17 20 46 44 36 90 2 31 33 15 50 78 43 18 61 75 8 59 3 67 21 10 48 12 79 24 89 38 4 51 25 80 88 34 42 1 81 7 73 6 87 30 29 11 52 93 60 84 16 49 82 74 62 45 77 40 72 9 27 68 32 66 56 39 53 23 94 86 
87 53 51 75 89 59 86 49 36 83 32 63 52 29 31 67 80 37 88 58 47 23 21 73 22 76 33 66 85 34 7 57 84 74 27 92 0 9 44 2 42 5 78 56 20 26 54 14 11 55 19 10 72 35 68 40 81 24 61 50 62 39 79 17 64 91 15 3 8 25 69 38 13 18 71 90 48 12 93 46 77 4 45 70 41 65 28 6 16 60 43 30 1 94 82 
49 82 67 86 0 40 62 32 52 85 76 70 37 6 65 44 93 45 50 13 27 53 25 51 33 68 83 46 29 11 58 59 26 55 14 64 91 24 47 9 15 4 80 74 31 94 81 77 69 75 84 61 72 38 8 92 1 21 10 7 35 3 23 20 17 34 63 28 16 54 90 60 57 41 2 89 56 19 12 43 71 48 5 36 87 88 39 79 18 66 78 73 22 42 30 
49 82 67 86 0 40 62 32 52 85 76 70 37 6 65 44 93 45 50 13 27 53 25 51 33 68 83 46 29 11 58 59 26 55 14 64 91 24 47 9 15 4 80 74 31 94 81 77 69 75 84 61 72 38 8 92 1 21 10 7 35 3 23 20 17 34 63 28 16 54 90 60 57 41 2 89 56 19 12 43 71 48 5 36 87 88 39 79 18 66 78 73 22 42 30 
91 75 0 52 49 22 39 42 50 85 12 30 37 38 78 84 2 11 8 20 66 18 35 56 40 60 72 16 83 59 90 61 73 47 48 81 92 71 24 94 9 67 43 63 82 3 13 76 54 10 41 86 70 57 74 68 21 31 28 6 17 29 19 25 1 65 53 93 44 33 5 62 26 79 32 55 80 15 64 45 36 89 69 23 51 7 34 88 87 46 14 77 4 58 27 
75 92 61 43 2 26 84 54 52 91 27 88 66 36 38 40 10 80 62 94 68 23 57 53 14 86 56 79 0 9 20 73 22 93 44 83 81 74 55 82 63 11 19 25 41 7 50 33 87 85 46 13 78 72 67 71 58 90 39 15 69 51 16 42 89 64 47 60 17 34 8 59 70 21 48 45 77 24 29 5 35 32 4 31 37 28 65 12 6 3 1 76 30 49 18 
55 83 74 50 28 41 78 10 14 24 62 80 5 73 16 59 42 34 26 93 89 15 12 76 64 0 6 53 19 18 27 52 75 66 51 20 2 70 92 71 22 69 21 4 9 43 68 67 77 11 87 31 48 61 54 32 72 91 36 57 1 17 37 8 40 39 47 56 49 13 85 45 29 58 38 63 90 30 33 23 82 3 35 88 94 7 65 46 25 84 44 81 79 60 86 
2 6 42 62 14 40 18 39 53 57 26 23 17 4 27 82 80 34 86 75 31 10 59 29 28 68 20 60 35 21 19 5 38 15 55 12 90 41 73 45 3 47 89 94 51 91 70 48 11 36 81 78 16 54 8 71 67 63 25 61 44 22 50 9 43 33 72 77 79 93 87 83 64 65 88 37 7 1 46 30 58 52 92 69 24 76 13 56 84 32 66 85 49 74 0 
45 76 25 59 71 90 13 18 10 41 46 69 21 85 4 78 57 66 75 54 49 42 43 64 16 6 47 82 2 89 81 26 60 35 22 37 56 65 11 55 88 52 68 50 77 27 8 1 58 23 87 33 84 38 74 61 32 15 93 30 12 67 83 44 79 80 28 14 9 7 53 3 40 73 92 24 34 70 31 5 63 36 20 17 62 51 48 19 91 29 0 72 86 94 39 
66 68 6 28 39 86 75 58 51 29 27 57 2 13 33 85 94 77 53 59 44 91 19 82 9 69 36 60 5 46 16 81 14 55 4 80 18 32 17 41 22 49 70 23 20 25 37 79 45 62 78 26 64 21 31 76 63 24 90 73 47 30 0 72 12 71 65 87 1 43 48 61 11 52 42 56 50 54 67 38 35 84 92 10 3 8 7 93 40 83 34 89 15 88 74 
5 66 46 70 9 80 11 18 73 33 45 19 32 3 16 67 40 28 22 57 0 12 29 56 74 25 36 39 10 27 90 63 88 75 61 30 41 65 48 31 34 77 37 89 13 54 78 83 44 51 69 38 71 42 6 47 59 14 20 7 53 79 55 23 58 62 26 68 52 87 1 81 93 82 84 85 21 15 43 50 2 8 76 35 60 72 49 94 17 86 4 92 24 91 64 
16 32 29 82 84 64 36 24 23 28 79 38 90 70 71 39 20 81 55 45 17 30 8 7 22 47 12 3 94 1 62 26 78 91 89 52 60 83 31 54 2 13 72 34 68 76 49 61 63 67 37 50 56 73 44 75 66 88 53 14 86 6 4 42 87 5 69 11 25 51 58 27 41 9 46 57 85 35 18 93 10 21 19 65 15 33 80 92 48 40 43 77 59 74 0 
71 47 84 48 5 32 46 3 6 30 49 22 42 39 7 15 55 40 63 90 41 72 54 89 88 82 1 12 0 36 51 87 64 78 10 53 23 59 86 31 66 58 18 61 16 65 25 85 2 8 70 13 67 44 79 28 77 83 38 81 73 21 74 80 57 9 19 62 20 26 29 76 11 24 93 52 69 68 37 60 14 35 43 56 33 17 50 45 92 27 34 94 75 91 4 
3 80 64 20 10 36 69 90 30 1 59 57 81 21 18 51 2 13 89 6 44 62 72 68 63 33 56 28 83 54 73 88 77 4 29 8 23 45 9 87 48 31 75 65 67 60 53 49 66 38 74 86 5 22 39 12 25 14 32 42 70 52 19 85 7 16 93 82 50 37 35 17 84 78 43 24 26 91 15 71 34 61 76 40 55 41 79 46 27 58 92 94 0 47 11 
37 75 17 29 71 2 58 0 76 64 57 79 82 68 4 87 25 84 40 67 78 11 48 72 38 16 8 70 66 59 55 53 69 74 46 44 24 15 94 62 33 5 52 27 61 21 92 14 49 51 6 1 32 56 41 83 77 39 20 47 30 45 28 22 54 9 34 42 10 73 50 31 19 3 26 81 93 13 12 65 23 90 36 86 7 43 60 18 89 80 85 35 91 63 88 
33 37 62 83 51 18 77 8 89 74 14 0 31 65 73 10 57 44 79 64 81 80 7 1 29 39 78 91 60 42 32 35 2 93 28 72 46 86 53 3 16 61 68 63 52 70 49 43 71 67 30 17 50 4 27 20 90 34 59 5 82 87 88 66 92 47 69 6 24 26 41 9 40 25 11 38 75 12 76 48 21 13 84 15 58 85 19 22 23 36 56 45 54 55 94 
73 50 11 4 23 41 60 53 16 19 67 65 76 91 25 57 71 9 87 21 10 2 14 77 28 40 70 36 39 42 13 51 86 66 24 15 17 30 62 0 85 43 18 22 81 26 84 68 6 8 83 12 46 44 90 32 33 52 5 61 80 74 79 1 47 37 56 3 78 45 48 49 31 34 75 58 92 27 59 7 69 20 82 88 55 93 38 29 35 64 89 54 94 63 72 
8 85 52 82 72 49 12 46 92 50 30 0 18 93 44 33 37 22 1 11 5 28 21 19 65 42 79 43 32 2 31 23 39 38 56 78 29 54 57 59 66 24 27 84 87 62 83 25 76 73 7 3 10 4 91 70 53 26 61 41 80 81 6 47 68 64 89 9 51 71 16 58 55 13 14 48 60 75 74 86 34 15 45 17 20 90 63 69 35 36 88 40 67 77 94 
50 22 7 87 60 42 29 21 71 27 68 74 59 46 14 73 35 86 80 13 32 31 70 4 91 66 84 83 88 93 6 61 33 54 19 58 94 9 48 56 34 67 3 78 77 0 64 49 40 76 82 38 45 43 92 39 69 23 53 10 30 65 89 25 16 24 15 20 44 62 1 12 57 85 5 2 55 26 51 75 63 47 36 28 81 8 41 52 17 79 11 18 72 37 90 
86 74 34 4 38 49 33 17 87 58 91 71 48 93 73 18 69 11 85 57 55 14 62 82 25 45 5 89 60 22 50 68 1 47 78 24 9 80 16 13 29 20 75 64 27 88 66 32 52 7 2 37 23 51 92 40 28 30 36 76 3 83 46 53 10 56 70 31 41 42 81 65 15 72 6 79 54 59 77 0 12 61 84 35 43 63 19 8 26 90 39 21 67 44 94 
68 77 55 72 18 29 38 6 57 42 65 51 92 13 22 93 43 85 47 35 54 2 83 61 56 23 1 81 26 39 25 19 71 36 12 91 75 86 80 76 46 79 31 30 10 33 49 90 59 48 60 9 84 7 24 89 70 69 4 21 45 64 78 37 67 88 66 52 58 53 62 87 3 16 14 82 40 34 27 74 73 15 20 63 32 50 5 44 28 41 17 11 8 0 94 
89 26 47 14 84 67 27 23 57 0 21 53 20 88 35 65 25 18 12 87 45 59 8 63 92 5 52 3 75 36 44 10 72 73 16 56 49 85 28 79 77 50 61 78 37 66 62 41 51 30 39 46 1 9 83 33 40 82 17 29 11 6 70 22 55 15 81 69 4 68 42 93 64 2 31 76 74 58 19 43 34 38 32 91 7 60 24 90 80 86 94 54 48 13 71 
76 11 36 59 80 12 83 88 75 92 84 44 23 54 13 1 25 15 58 69 16 49 26 86 94 53 17 35 93 81 18 28 32 52 85 63 42 21 62 67 43 19 2 66 10 24 30 38 27 29 31 78 89 91 14 3 37 51 5 73 20 70 72 55 8 45 48 50 46 47 56 71 57 68 90 4 0 64 41 7 77 87 79 39 34 9 33 22 82 74 40 60 65 61 6 
26 5 65 22 19 55 85 37 0 58 91 92 69 63 71 47 35 70 13 54 64 83 76 41 57 14 28 17 20 46 44 36 90 2 31 33 15 50 78 43 18 61 75 8 59 3 67 21 10 48 12 79 24 89 38 4 51 25 80 88 34 42 1 81 7 73 6 87 30 29 11 52 93 60 84 16 49 82 74 62 45 77 40 72 9 27 68 32 66 56 39 53 23 94 86 
44 46 8 52 42 94 90 91 58 59 4 45 24 65 19 81 33 50 51 29 93 11 31 71 36 92 34 26 12 62 78 6 89 61 76 43 17 84 72 20 30 27 32 74 69 88 38 7 86 3 87 82 18 85 28 64 2 57 21 47 83 55 16 13 23 80 70 41 56 53 79 14 9 73 77 39 25 75 15 35 68 67 5 40 60 66 63 48 54 49 37 1 22 10 0 
91 67 57 85 63 21 34 76 50 30 6 29 80 12 3 38 68 92 33 18 83 79 69 49 87 53 81 28 56 37 48 43 71 88 51 77 11 25 20 94 23 4 15 41 9 74 39 27 42 73 45 59 62 60 19 72 89 32 64 5 13 61 78 93 75 55 52 90 7 82 46 44 40 14 17 36 66 8 24 86 26 84 58 10 31 1 22 70 65 35 2 54 0 47 16 
8 72 31 55 83 35 30 37 79 1 60 11 6 65 19 42 26 36 57 84 81 67 91 45 39 29 44 75 70 49 78 73 77 94 25 51 92 66 41 13 54 21 76 2 63 20 15 62 47 12 69 71 3 18 32 85 61 64 33 89 56 48 0 46 93 9 40 24 52 5 50 28 23 53 38 74 34 87 10 7 17 80 14 86 4 43 82 22 58 68 88 27 16 90 59 
20 27 50 40 56 0 41 57 59 33 85 76 67 71 10 61 26 1 21 75 58 74 25 23 93 13 19 83 47 8 2 5 70 78 84 48 45 37 66 17 89 64 11 49 44 38 7 36 55 82 3 16 72 60 46 29 4 54 53 52 31 79 22 12 65 6 86 39 35 9 88 81 73 32 24 63 15 14 62 30 18 90 28 77 80 34 42 68 87 43 51 92 69 91 94 
20 15 19 13 33 80 87 25 36 94 57 65 40 1 48 6 91 4 55 2 0 22 32 34 59 26 54 51 56 37 82 62 86 76 69 73 38 5 68 50 18 72 12 58 66 47 7 44 31 29 71 49 93 39 8 16 11 9 43 67 52 92 74 23 64 60 10 14 53 24 3 88 75 90 79 35 21 30 89 45 17 28 46 83 85 70 61 78 41 77 27 63 42 84 81 
20 15 19 13 33 80 87 25 36 94 57 65 40 1 48 6 91 4 55 2 0 22 32 34 59 26 54 51 56 37 82 62 86 76 69 73 38 5 68 50 18 72 12 58 66 47 7 44 31 29 71 49 93 39 8 16 11 9 43 67 52 92 74 23 64 60 10 14 53 24 3 88 75 90 79 35 21 30 89 45 17 28 46 83 85 70 61 78 41 77 27 63 42 84 81 
46 41 68 1 39 55 82 62 49 44 22 52 30 23 83 2 33 65 28 84 47 63 66 42 21 40 31 26 69 86 77 3 35 57 89 29 67 76 45 20 81 18 50 48 36 14 91 71 87 4 10 24 93 7 54 5 27 73 19 90 85 60 72 6 12 70 56 59 53 94 37 32 8 61 13 9 43 80 17 11 51 25 92 78 16 15 75 34 64 74 38 58 0 88 79 
85 72 41 63 2 21 56 45 65 93 60 3 11 22 67 58 68 4 13 83 62 51 52 5 12 39 87 50 73 29 24 28 6 18 9 81 61 48 80 7 36 8 42 10 76 0 64 15 54 37 46 92 91 16 44 31 17 77 25 19 86 26 69 59 38 74 14 23 27 30 1 33 79 90 34 66 57 35 47 40 55 43 49 53 89 20 71 75 78 82 32 88 94 70 84 
56 18 35 27 47 16 55 14 19 89 20 68 59 93 41 57 78 85 72 23 1 46 77 92 0 24 67 70 45 83 43 66 25 51 71 74 81 26 60 48 61 54 33 30 28 44 58 91 32 50 29 21 84 34 90 8 76 39 94 87 37 38 69 31 5 49 52 4 12 65 3 86 9 63 75 15 88 80 82 73 6 10 22 64 13 42 62 53 11 40 7 36 17 2 79 
85 90 86 1 51 89 66 46 8 29 22 2 92 54 45 53 75 42 3 13 69 9 59 19 82 23 4 52 47 5 73 91 34 36 15 40 84 16 49 55 77 26 94 67 68 12 80 28 81 6 79 7 60 10 21 20 88 31 24 39 44 17 11 83 70 74 33 14 56 48 32 61 18 25 27 41 62 72 37 78 65 30 87 35 38 63 58 71 43 50 0 64 76 93 57 
74 38 22 10 5 68 71 29 48 91 33 93 45 40 12 42 52 85 31 92 44 17 67 13 73 75 14 63 20 4 64 53 28 35 57 56 27 23 90 47 6 18 82 36 86 66 24 70 79 19 43 59 87 89 78 80 72 88 32 21 50 30 7 2 62 9 49 84 37 61 34 41 46 11 83 65 81 54 60 3 16 77 26 76 25 39 1 15 69 58 94 51 8 0 55 
59 51 20 94 39 30 82 60 65 66 93 67 78 33 42 44 17 92 80 72 73 18 90 56 87 76 91 89 69 11 88 74 47 68 41 86 12 1 3 43 63 15 70 85 84 13 16 35 6 83 49 22 28 31 57 81 79 38 32 23 52 77 24 53 46 75 2 7 27 71 25 64 62 34 54 61 5 37 58 21 55 9 50 48 0 45 10 40 19 36 29 26 14 8 4 
37 75 17 29 71 2 58 0 76 64 57 79 82 68 4 87 25 84 40 67 78 11 48 72 38 16 8 70 66 59 55 53 69 74 46 44 24 15 94 62 33 5 52 27 61 21 92 14 49 51 6 1 32 56 41 83 77 39 20 47 30 45 28 22 54 9 34 42 10 73 50 31 19 3 26 81 93 13 12 65 23 90 36 86 7 43 60 18 89 80 85 35 91 63 88 
80 74 83 0 52 62 39 21 4 68 38 82 78 51 17 24 23 14 11 6 41 87 40 79 16 44 1 72 55 61 36 8 77 76 63 2 42 54 70 75 33 73 30 25 34 58 31 71 56 3 32 47 46 69 13 50 28 12 86 66 90 53 26 15 64 5 18 60 59 48 22 57 7 93 45 9 29 43 19 37 10 35 94 20 91 27 88 84 67 49 65 81 85 89 92 
59 4 89 19 58 26 86 41 30 11 5 49 67 29 18 17 80 39 63 2 71 78 60 9 33 22 28 55 83 88 7 93 65 85 75 84 52 92 36 24 81 70 74 50 38 8 51 56 10 37 47 79 21 0 54 34 72 6 61 16 42 14 77 91 73 69 90 44 46 15 20 27 68 64 1 62 13 35 31 87 53 3 40 48 45 43 76 82 12 23 94 57 25 32 66 
42 19 68 67 27 92 74 31 88 61 46 36 41 94 70 90 55 45 48 76 89 24 10 87 77 59 53 29 62 71 73 35 43 49 52 86 2 28 65 6 9 54 0 18 79 85 8 84 32 33 83 57 22 69 93 81 1 47 50 80 21 60 38 78 11 75 63 13 15 34 72 66 58 17 37 64 12 56 25 51 44 16 3 40 30 39 26 23 82 14 7 5 4 91 20 
77 72 32 47 60 65 18 40 41 16 64 2 62 34 52 25 53 38 19 76 61 29 63 85 15 3 31 8 73 56 48 33 71 50 90 4 91 67 30 51 45 82 12 10 43 42 66 81 54 0 35 87 28 6 78 57 84 49 69 75 7 17 14 74 5 11 27 13 70 24 92 59 1 83 21 22 20 55 44 46 26 36 79 37 80 39 94 89 58 68 86 88 93 9 23 
84 39 25 17 9 53 7 71 51 90 49 42 18 19 60 11 72 76 81 82 26 23 6 65 4 14 57 87 58 63 15 16 89 40 0 78 32 33 77 21 94 86 22 24 28 43 27 54 79 41 8 50 85 83 38 30 59 68 47 37 31 74 35 34 75 64 61 36 80 44 70 2 69 93 67 46 45 66 55 52 12 62 73 3 92 91 20 5 13 10 88 29 48 56 1 
47 93 70 92 57 42 35 44 18 64 75 46 4 20 60 2 58 34 52 83 14 71 86 54 80 55 26 69 79 59 22 3 63 53 40 67 13 27 12 74 76 37 85 49 61 19 68 30 91 90 88 89 25 0 33 6 72 65 36 11 16 39 23 7 21 38 56 45 84 10 43 77 87 82 1 9 41 29 94 15 73 5 31 50 78 24 62 28 8 17 51 66 32 48 81 
47 93 70 92 57 42 35 44 18 64 75 46 4 20 60 2 58 34 52 83 14 71 86 54 80 55 26 69 79 59 22 3 63 53 40 67 13 27 12 74 76 37 85 49 61 19 68 30 91 90 88 89 25 0 33 6 72 65 36 11 16 39 23 7 21 38 56 45 84 10 43 77 87 82 1 9 41 29 94 15 73 5 31 50 78 24 62 28 8 17 51 66 32 48 81 
53 8 24 46 44 40 42 75 21 54 72 65 33 60 45 83 12 85 41 91 87 26 47 23 11 36 63 15 69 2 4 79 86 82 17 13 31 34 90 51 22 68 9 30 58 37 14 48 18 93 80 57 5 35 25 71 74 88 61 56 77 32 3 64 73 27 67 0 43 62 76 84 92 7 59 38 78 10 66 20 50 1 28 70 19 89 29 52 6 49 81 16 94 39 55 
8 11 91 24 13 42 68 38 78 41 76 84 3 25 26 69 48 61 83 57 30 70 20 2 63 27 94 49 40 81 92 60 16 88 32 58 4 67 14 33 43 36 74 90 31 89 50 52 18 46 79 72 77 66 44 37 21 15 45 5 53 0 65 28 85 22 47 62 73 87 86 7 93 51 39 80 29 9 1 56 54 19 75 12 10 71 23 34 59 35 64 55 82 6 17 
38 7 64 72 10 88 12 49 33 19 30 76 50 78 18 6 62 67 56 28 46 71 80 8 3 91 58 37 25 20 61 35 40 45 57 11 16 53 4 70 1 81 93 5 23 74 13 21 73 89 22 79 42 59 63 24 43 60 48 26 87 82 39 69 90 27 2 41 55 14 51 32 85 65 17 36 29 47 68 52 54 84 15 75 9 83 86 92 44 0 34 77 31 66 94 
2 34 59 51 23 62 72 14 40 53 47 67 55 26 24 92 63 10 74 27 91 58 80 28 18 79 4 36 75 84 32 43 87 88 61 90 39 9 33 48 3 37 66 15 78 89 13 86 65 6 22 29 8 38 54 85 20 52 19 57 64 71 70 83 77 82 17 1 69 31 81 76 11 46 56 73 7 16 42 68 60 5 49 50 21 45 30 44 12 41 35 25 0 94 93 
2 34 59 51 23 62 72 14 40 53 47 67 55 26 24 92 63 10 74 27 91 58 80 28 18 79 4 36 75 84 32 43 87 88 61 90 39 9 33 48 3 37 66 15 78 89 13 86 65 6 22 29 8 38 54 85 20 52 19 57 64 71 70 83 77 82 17 1 69 31 81 76 11 46 56 73 7 16 42 68 60 5 49 50 21 45 30 44 12 41 35 25 0 94 93 
78 42 0 35 51 52 53 76 63 56 14 7 17 39 89 93 1 60 61 4 6 13 87 40 80 67 79 41 11 70 71 92 72 2 19 29 25 46 34 15 84 85 49 38 57 54 50 62 86 69 9 55 20 18 81 91 24 8 26 77 33 83 43 90 3 58 94 23 68 74 16 28 44 22 31 82 12 64 66 75 27 37 59 45 32 73 30 65 88 5 47 36 10 21 48 
85 33 48 49 42 36 40 73 71 92 25 94 70 81 17 39 4 51 41 59 22 12 72 46 83 75 63 82 74 28 18 24 93 67 55 53 32 8 78 43 77 23 26 20 10 87 19 65 62 1 69 47 89 91 61 80 3 15 27 90 50 60 57 45 37 9 14 88 54 44 68 31 2 5 86 64 34 84 30 11 21 79 7 76 6 38 66 29 58 56 0 52 35 16 13 
85 33 48 49 42 36 40 73 71 92 25 94 70 81 17 39 4 51 41 59 22 12 72 46 83 75 63 82 74 28 18 24 93 67 55 53 32 8 78 43 77 23 26 20 10 87 19 65 62 1 69 47 89 91 61 80 3 15 27 90 50 60 57 45 37 9 14 88 54 44 68 31 2 5 86 64 34 84 30 11 21 79 7 76 6 38 66 29 58 56 0 52 35 16 13 
45 72 6 59 86 79 93 68 53 26 16 36 19 29 13 31 84 83 65 55 18 10 49 75 27 5 78 67 42 32 44 12 20 58 23 73 69 87 76 54 15 66 47 33 28 30 7 17 51 24 64 48 60 81 61 62 80 11 22 56 8 41 70 34 14 50 85 9 43 74 63 38 46 94 57 21 37 3 91 71 0 39 35 89 92 52 25 2 88 77 1 40 4 90 82 
85 90 86 1 51 89 66 46 8 29 22 2 92 54 45 53 75 42 3 13 69 9 59 19 82 23 4 52 47 5 73 91 34 36 15 40 84 16 49 55 77 26 94 67 68 12 80 28 81 6 79 7 60 10 21 20 88 31 24 39 44 17 11 83 70 74 33 14 56 48 32 61 18 25 27 41 62 72 37 78 65 30 87 35 38 63 58 71 43 50 0 64 76 93 57 
85 90 86 1 51 89 66 46 8 29 22 2 92 54 45 53 75 42 3 13 69 9 59 19 82 23 4 52 47 5 73 91 34 36 15 40 84 16 49 55 77 26 94 67 68 12 80 28 81 6 79 7 60 10 21 20 88 31 24 39 44 17 11 83 70 74 33 14 56 48 32 61 18 25 27 41 62 72 37 78 65 30 87 35 38 63 58 71 43 50 0 64 76 93 57 
33 94 86 17 39 76 32 73 75 11 58 42 13 82 44 62 27 46 70 40 72 22 85 49 10 29 55 74 63 34 92 5 54 31 8 19 77 66 88 60 3 64 43 67 30 59 87 71 93 26 52 48 18 83 65 23 90 80 38 1 53 45 68 9 61 28 25 20 24 36 16 50 78 6 79 56 69 2 7 21 89 51 84 4 15 35 12 57 37 14 81 41 47 91 0 
62 42 6 56 93 13 88 28 23 90 79 60 41 77 86 48 16 29 32 75 52 74 36 85 87 14 70 50 19 66 51 11 17 7 45 65 30 81 38 43 63 83 12 92 35 76 33 80 82 10 22 54 84 24 58 2 55 57 53 72 26 5 39 25 15 37 68 91 69 89 59 64 21 8 46 3 20 61 18 49 73 78 71 34 27 4 31 9 67 0 44 47 1 40 94 
