12 11 22 21 4 20 8 19 16 15 9 13 17 6 7 1 2 10 14 18 5 0 24 3 23 
13 23 3 11 12 22 15 21 16 20 19 14 5 18 24 10 9 8 4 7 6 2 1 0 17 
13 23 3 11 12 22 15 21 16 20 19 14 5 18 24 10 9 8 4 7 6 2 1 0 17 
13 23 3 11 12 22 15 21 16 20 19 14 5 18 24 10 9 8 4 7 6 2 1 0 17 
13 23 3 11 12 22 15 21 16 20 19 14 5 18 24 10 9 8 4 7 6 2 1 0 17 
13 23 3 11 12 22 15 21 16 20 19 14 5 18 24 10 9 8 4 7 6 2 1 0 17 
4 19 24 7 3 17 9 0 6 5 16 20 15 13 14 11 1 10 18 2 23 21 8 12 22 
4 19 24 7 3 17 9 0 6 5 16 20 15 13 14 11 1 10 18 2 23 21 8 12 22 
4 19 24 7 3 17 9 0 6 5 16 20 15 13 14 11 1 10 18 2 23 21 8 12 22 
4 19 24 7 3 17 9 0 6 5 16 20 15 13 14 11 1 10 18 2 23 21 8 12 22 
13 21 22 17 19 8 4 10 24 16 11 15 7 14 6 20 23 5 3 2 12 0 18 1 9 
13 21 22 17 19 8 4 10 24 16 11 15 7 14 6 20 23 5 3 2 12 0 18 1 9 
13 21 22 17 19 8 4 10 24 16 11 15 7 14 6 20 23 5 3 2 12 0 18 1 9 
13 21 22 17 19 8 4 10 24 16 11 15 7 14 6 20 23 5 3 2 12 0 18 1 9 
9 5 21 3 2 13 15 17 7 10 24 18 11 12 6 23 4 19 8 22 20 1 16 14 0 
11 2 21 16 9 7 13 20 8 3 19 15 0 5 10 18 17 6 4 14 12 23 24 1 22 
11 2 21 16 9 7 13 20 8 3 19 15 0 5 10 18 17 6 4 14 12 23 24 1 22 
11 2 21 16 9 7 13 20 8 3 19 15 0 5 10 18 17 6 4 14 12 23 24 1 22 
11 2 21 16 9 7 13 20 8 3 19 15 0 5 10 18 17 6 4 14 12 23 24 1 22 
3 13 21 14 18 9 19 16 15 20 4 11 23 0 2 22 7 10 5 1 17 6 8 12 24 
3 13 21 14 18 9 19 16 15 20 4 11 23 0 2 22 7 10 5 1 17 6 8 12 24 
3 13 21 14 18 9 19 16 15 20 4 11 23 0 2 22 7 10 5 1 17 6 8 12 24 
3 13 21 14 18 9 19 16 15 20 4 11 23 0 2 22 7 10 5 1 17 6 8 12 24 
3 13 21 14 18 9 19 16 15 20 4 11 23 0 2 22 7 10 5 1 17 6 8 12 24 
3 13 21 14 18 9 19 16 15 20 4 11 23 0 2 22 7 10 5 1 17 6 8 12 24 
19 16 8 2 5 6 12 15 20 13 7 9 4 11 3 17 1 0 22 23 24 10 18 14 21 
19 16 8 2 5 6 12 15 20 13 7 9 4 11 3 17 1 0 22 23 24 10 18 14 21 
19 16 8 2 5 6 12 15 20 13 7 9 4 11 3 17 1 0 22 23 24 10 18 14 21 
19 16 8 2 5 6 12 15 20 13 7 9 4 11 3 17 1 0 22 23 24 10 18 14 21 
19 16 8 2 5 6 12 15 20 13 7 9 4 11 3 17 1 0 22 23 24 10 18 14 21 
1 8 22 11 13 15 23 18 14 9 2 5 10 17 21 3 12 24 7 4 6 20 16 19 0 
1 8 22 11 13 15 23 18 14 9 2 5 10 17 21 3 12 24 7 4 6 20 16 19 0 
1 8 22 11 13 15 23 18 14 9 2 5 10 17 21 3 12 24 7 4 6 20 16 19 0 
1 8 22 11 13 15 23 18 14 9 2 5 10 17 21 3 12 24 7 4 6 20 16 19 0 
7 4 8 9 20 16 10 15 22 19 12 2 21 6 14 3 1 17 11 23 13 0 18 5 24 
7 4 8 9 20 16 10 15 22 19 12 2 21 6 14 3 1 17 11 23 13 0 18 5 24 
2 11 12 5 14 3 13 17 1 19 15 21 0 23 9 7 6 10 18 22 16 20 8 4 24 
19 8 13 21 24 4 1 11 23 12 22 9 2 16 15 7 20 0 18 6 17 3 14 5 10 
15 2 13 17 24 11 8 20 4 16 7 10 21 3 6 0 18 9 23 12 1 19 22 5 14 
15 2 13 17 24 11 8 20 4 16 7 10 21 3 6 0 18 9 23 12 1 19 22 5 14 
15 2 13 17 24 11 8 20 4 16 7 10 21 3 6 0 18 9 23 12 1 19 22 5 14 
15 2 13 17 24 11 8 20 4 16 7 10 21 3 6 0 18 9 23 12 1 19 22 5 14 
15 2 13 17 24 11 8 20 4 16 7 10 21 3 6 0 18 9 23 12 1 19 22 5 14 
15 2 13 17 24 11 8 20 4 16 7 10 21 3 6 0 18 9 23 12 1 19 22 5 14 
18 16 14 21 19 8 11 23 3 0 22 4 6 9 15 20 17 1 7 13 12 2 10 5 24 
18 16 14 21 19 8 11 23 3 0 22 4 6 9 15 20 17 1 7 13 12 2 10 5 24 
18 16 14 21 19 8 11 23 3 0 22 4 6 9 15 20 17 1 7 13 12 2 10 5 24 
18 16 14 21 19 8 11 23 3 0 22 4 6 9 15 20 17 1 7 13 12 2 10 5 24 
1 4 21 11 22 14 5 6 20 7 12 19 10 8 23 2 13 15 17 16 3 24 0 18 9 
1 4 21 11 22 14 5 6 20 7 12 19 10 8 23 2 13 15 17 16 3 24 0 18 9 
1 4 21 11 22 14 5 6 20 7 12 19 10 8 23 2 13 15 17 16 3 24 0 18 9 
1 4 21 11 22 14 5 6 20 7 12 19 10 8 23 2 13 15 17 16 3 24 0 18 9 
24 1 13 10 5 12 16 9 14 17 6 21 7 2 22 23 19 3 15 4 20 8 11 18 0 
24 1 13 10 5 12 16 9 14 17 6 21 7 2 22 23 19 3 15 4 20 8 11 18 0 
24 1 13 10 5 12 16 9 14 17 6 21 7 2 22 23 19 3 15 4 20 8 11 18 0 
24 1 13 10 5 12 16 9 14 17 6 21 7 2 22 23 19 3 15 4 20 8 11 18 0 
24 1 13 10 5 12 16 9 14 17 6 21 7 2 22 23 19 3 15 4 20 8 11 18 0 
12 3 16 4 22 9 13 21 14 18 20 19 0 6 7 17 15 8 11 10 5 24 1 23 2 
12 3 16 4 22 9 13 21 14 18 20 19 0 6 7 17 15 8 11 10 5 24 1 23 2 
12 3 16 4 22 9 13 21 14 18 20 19 0 6 7 17 15 8 11 10 5 24 1 23 2 
18 5 14 10 9 17 4 24 6 8 15 1 7 13 22 11 23 19 2 21 16 3 20 12 0 
18 5 14 10 9 17 4 24 6 8 15 1 7 13 22 11 23 19 2 21 16 3 20 12 0 
18 5 14 10 9 17 4 24 6 8 15 1 7 13 22 11 23 19 2 21 16 3 20 12 0 
18 5 14 10 9 17 4 24 6 8 15 1 7 13 22 11 23 19 2 21 16 3 20 12 0 
18 5 14 10 9 17 4 24 6 8 15 1 7 13 22 11 23 19 2 21 16 3 20 12 0 
12 21 17 0 9 15 8 3 6 20 4 16 23 18 1 7 10 14 5 13 19 2 24 11 22 
12 21 17 0 9 15 8 3 6 20 4 16 23 18 1 7 10 14 5 13 19 2 24 11 22 
12 21 17 0 9 15 8 3 6 20 4 16 23 18 1 7 10 14 5 13 19 2 24 11 22 
12 21 17 0 9 15 8 3 6 20 4 16 23 18 1 7 10 14 5 13 19 2 24 11 22 
13 16 6 24 3 4 14 21 19 10 5 7 20 8 23 9 17 22 11 12 15 18 0 2 1 
13 16 6 24 3 4 14 21 19 10 5 7 20 8 23 9 17 22 11 12 15 18 0 2 1 
13 16 6 24 3 4 14 21 19 10 5 7 20 8 23 9 17 22 11 12 15 18 0 2 1 
18 23 3 15 11 22 14 5 6 9 21 17 12 20 4 19 8 16 7 13 10 2 1 0 24 
18 23 3 15 11 22 14 5 6 9 21 17 12 20 4 19 8 16 7 13 10 2 1 0 24 
18 23 3 15 11 22 14 5 6 9 21 17 12 20 4 19 8 16 7 13 10 2 1 0 24 
18 23 3 15 11 22 14 5 6 9 21 17 12 20 4 19 8 16 7 13 10 2 1 0 24 
14 17 12 21 23 4 20 11 18 0 6 22 24 7 13 8 2 1 16 15 19 3 9 5 10 
14 17 12 21 23 4 20 11 18 0 6 22 24 7 13 8 2 1 16 15 19 3 9 5 10 
14 17 12 21 23 4 20 11 18 0 6 22 24 7 13 8 2 1 16 15 19 3 9 5 10 
14 17 12 21 23 4 20 11 18 0 6 22 24 7 13 8 2 1 16 15 19 3 9 5 10 
14 17 12 21 23 4 20 11 18 0 6 22 24 7 13 8 2 1 16 15 19 3 9 5 10 
21 22 19 15 16 1 11 10 5 7 9 2 12 20 8 3 0 18 6 17 13 14 4 24 23 
21 22 19 15 16 1 11 10 5 7 9 2 12 20 8 3 0 18 6 17 13 14 4 24 23 
21 22 19 15 16 1 11 10 5 7 9 2 12 20 8 3 0 18 6 17 13 14 4 24 23 
21 22 19 15 16 1 11 10 5 7 9 2 12 20 8 3 0 18 6 17 13 14 4 24 23 
8 2 13 10 11 23 7 14 24 17 15 16 19 3 20 21 22 4 1 6 12 9 18 0 5 
8 2 13 10 11 23 7 14 24 17 15 16 19 3 20 21 22 4 1 6 12 9 18 0 5 
8 2 13 10 11 23 7 14 24 17 15 16 19 3 20 21 22 4 1 6 12 9 18 0 5 
8 2 13 10 11 23 7 14 24 17 15 16 19 3 20 21 22 4 1 6 12 9 18 0 5 
4 20 17 8 9 24 14 18 10 3 6 13 22 15 16 23 7 5 0 2 21 19 11 12 1 
4 20 17 8 9 24 14 18 10 3 6 13 22 15 16 23 7 5 0 2 21 19 11 12 1 
4 20 17 8 9 24 14 18 10 3 6 13 22 15 16 23 7 5 0 2 21 19 11 12 1 
20 16 12 10 7 0 18 5 23 1 17 2 3 11 24 4 14 6 8 21 9 13 19 15 22 
20 16 12 10 7 0 18 5 23 1 17 2 3 11 24 4 14 6 8 21 9 13 19 15 22 
20 16 12 10 7 0 18 5 23 1 17 2 3 11 24 4 14 6 8 21 9 13 19 15 22 
20 16 12 10 7 0 18 5 23 1 17 2 3 11 24 4 14 6 8 21 9 13 19 15 22 
20 16 12 10 7 0 18 5 23 1 17 2 3 11 24 4 14 6 8 21 9 13 19 15 22 
11 4 2 3 23 20 19 22 6 17 1 21 14 9 7 15 18 12 16 13 5 0 10 8 24 
11 4 2 3 23 20 19 22 6 17 1 21 14 9 7 15 18 12 16 13 5 0 10 8 24 
11 4 2 3 23 20 19 22 6 17 1 21 14 9 7 15 18 12 16 13 5 0 10 8 24 
