19 18 48 24 16 53 6 54 47 70 28 61 63 38 50 56 58 65 62 9 41 34 66 72 69 57 35 22 39 0 36 45 17 10 43 21 59 64 55 15 44 4 74 33 73 5 2 7 13 12 1 29 71 23 25 46 40 11 52 20 32 42 60 8 26 30 49 3 31 14 51 37 27 67 68 
32 47 4 40 53 34 35 43 24 59 56 65 12 5 7 2 9 0 41 64 25 29 42 52 60 50 27 63 58 54 6 14 13 62 36 44 18 21 20 8 72 15 45 57 16 10 1 55 67 30 28 49 37 26 48 17 51 19 31 39 22 38 69 23 68 33 46 73 70 61 66 71 74 3 11 
4 53 9 36 6 27 73 72 59 32 40 41 62 65 28 43 16 5 71 14 52 47 34 49 70 7 17 54 67 69 55 11 8 20 33 61 63 68 26 66 45 64 56 2 46 12 13 24 21 23 15 31 60 22 37 48 58 57 51 3 19 42 38 50 30 25 44 10 29 39 74 18 1 0 35 
62 21 46 36 1 18 49 48 16 47 72 4 22 35 74 59 53 58 63 5 70 24 42 31 37 55 68 52 20 30 26 29 45 27 17 51 41 12 40 73 33 13 11 6 69 43 39 7 54 66 32 28 67 64 60 15 25 71 34 8 3 10 57 65 50 44 61 14 19 56 9 38 23 2 0 
11 64 43 68 34 12 35 67 42 66 33 9 14 58 60 50 48 36 27 30 32 40 73 5 63 16 49 62 55 13 18 61 52 19 46 1 7 44 53 59 22 57 56 20 38 24 0 71 4 15 29 51 26 47 37 3 17 45 41 39 69 70 23 25 21 6 10 8 65 74 28 31 72 54 2 
6 30 20 60 47 1 0 38 32 66 25 58 69 31 10 27 14 54 42 3 64 33 29 35 51 49 4 55 53 40 37 21 70 24 34 5 45 19 63 48 7 74 59 43 65 56 26 8 62 67 16 23 2 46 57 11 44 15 73 12 36 13 52 68 18 17 39 22 28 61 41 50 9 72 71 
56 58 50 54 45 21 59 17 28 52 23 64 39 5 7 49 74 29 20 27 47 22 30 32 24 46 67 6 11 10 43 42 38 66 41 37 13 34 44 35 53 36 26 60 8 19 68 63 55 69 12 9 16 3 61 1 72 73 0 25 62 40 51 31 15 4 71 57 2 70 18 33 65 48 14 
23 0 21 35 8 20 44 33 24 65 22 41 42 54 10 11 45 16 55 48 34 19 43 67 15 73 5 56 39 64 40 25 31 61 28 13 7 1 2 70 49 66 58 3 32 27 38 14 51 60 72 30 57 50 47 36 4 68 59 6 52 26 37 63 12 71 53 9 62 29 69 17 74 18 46 
70 49 30 44 37 5 60 65 31 8 52 13 73 39 20 68 16 22 28 25 55 59 21 27 38 67 29 66 4 12 43 10 61 35 23 64 40 3 24 14 9 56 17 33 2 63 48 53 47 57 62 58 32 19 72 51 7 34 41 50 46 18 36 45 54 26 71 11 69 1 0 74 15 42 6 
9 13 51 6 28 38 11 18 47 69 24 29 7 8 49 68 56 63 64 10 67 58 27 12 72 50 33 14 3 53 41 65 42 16 30 31 17 23 32 19 74 37 61 54 20 60 48 21 44 22 35 25 39 59 26 57 45 34 70 36 52 40 43 46 15 5 66 71 73 0 62 4 1 2 55 
45 74 24 53 50 26 41 69 1 36 21 60 71 43 46 16 20 38 70 12 0 47 25 9 17 66 15 5 6 63 29 22 64 68 73 61 58 65 72 31 49 56 2 39 13 34 7 30 18 23 55 10 51 37 59 52 57 54 42 11 3 48 33 19 4 35 44 28 40 32 8 67 14 62 27 
36 5 69 34 2 1 9 43 59 65 25 3 20 4 49 29 45 8 61 6 64 24 73 33 11 21 67 53 19 50 15 28 56 32 71 7 44 18 16 70 10 14 57 12 13 55 23 17 48 63 41 39 35 52 60 22 40 68 30 26 46 27 58 66 37 31 62 38 42 54 47 51 0 74 72 
0 1 62 69 25 2 15 55 49 35 52 40 26 24 23 39 29 46 16 59 43 17 27 9 53 3 67 32 36 20 56 57 74 4 6 21 13 31 5 66 7 44 71 11 54 8 22 47 42 30 10 64 50 38 12 51 61 63 73 19 14 18 48 58 68 28 41 37 33 34 45 70 60 65 72 
0 1 62 69 25 2 15 55 49 35 52 40 26 24 23 39 29 46 16 59 43 17 27 9 53 3 67 32 36 20 56 57 74 4 6 21 13 31 5 66 7 44 71 11 54 8 22 47 42 30 10 64 50 38 12 51 61 63 73 19 14 18 48 58 68 28 41 37 33 34 45 70 60 65 72 
68 38 25 46 10 8 67 71 55 70 31 50 9 47 21 11 19 2 45 49 26 61 73 39 66 27 63 65 58 23 13 64 32 14 28 51 3 33 1 17 18 62 60 30 22 20 5 29 48 6 54 59 52 57 35 36 69 37 53 44 40 41 7 43 42 72 74 16 4 15 34 0 56 12 24 
24 27 26 63 32 14 41 50 57 0 69 61 49 5 43 30 33 51 11 38 62 34 44 25 40 36 18 59 19 64 42 1 29 2 16 8 68 58 55 53 28 20 3 52 10 67 22 4 72 65 74 39 46 6 7 17 45 31 54 21 56 9 48 12 13 47 70 60 15 23 73 35 37 66 71 
5 35 36 33 14 0 65 38 37 40 28 27 17 39 48 24 74 49 25 1 13 70 11 19 53 51 2 15 71 61 9 58 44 29 21 3 73 46 68 66 4 69 72 56 63 50 16 6 60 34 20 30 45 41 54 7 10 59 64 42 26 8 67 52 62 12 43 18 22 32 23 31 57 47 55 
28 14 37 61 50 73 53 49 30 23 72 39 46 21 26 71 48 64 52 32 42 25 33 70 66 38 5 54 19 40 15 34 55 69 2 27 68 3 20 44 67 17 47 4 45 65 56 63 58 62 7 18 8 0 60 59 9 12 41 10 57 51 43 36 1 35 22 13 31 29 24 16 11 6 74 
41 42 43 62 51 44 14 40 30 48 49 20 52 72 69 11 0 16 46 33 58 28 53 19 6 64 74 56 61 60 68 26 18 73 4 17 3 67 8 39 12 10 22 38 66 27 32 71 59 36 45 29 37 63 70 31 55 13 15 7 50 65 5 57 35 2 25 23 54 47 9 34 24 21 1 
55 59 21 61 42 10 7 2 43 52 18 39 36 63 41 13 57 69 1 15 48 6 50 4 29 46 8 56 14 51 70 5 37 23 44 24 60 38 45 49 25 9 31 11 54 28 67 30 17 12 22 35 32 16 53 58 3 27 20 26 68 71 33 73 34 0 64 47 65 72 19 66 62 40 74 
55 59 21 61 42 10 7 2 43 52 18 39 36 63 41 13 57 69 1 15 48 6 50 4 29 46 8 56 14 51 70 5 37 23 44 24 60 38 45 49 25 9 31 11 54 28 67 30 17 12 22 35 32 16 53 58 3 27 20 26 68 71 33 73 34 0 64 47 65 72 19 66 62 40 74 
7 38 28 14 26 8 46 64 5 70 66 61 57 51 41 45 65 56 23 27 21 17 42 6 59 11 33 58 20 30 37 31 19 12 53 72 62 39 0 29 15 52 68 49 32 16 44 60 36 10 22 47 63 67 24 71 1 54 25 18 40 43 34 3 50 69 35 55 2 9 48 13 73 74 4 
57 64 19 46 66 38 9 58 61 49 67 14 10 35 22 72 56 71 40 45 15 11 59 5 50 8 68 70 39 16 41 1 31 18 69 65 30 60 47 20 3 36 26 28 0 63 62 24 25 13 23 55 32 4 34 54 51 37 7 53 52 43 27 48 6 44 2 42 21 33 29 17 12 74 73 
36 7 42 22 41 1 69 72 52 71 47 43 66 37 9 25 55 58 62 34 54 51 49 59 70 14 38 27 3 23 30 68 67 20 61 32 21 53 11 39 2 65 64 10 5 46 33 4 28 40 26 63 50 60 45 6 29 13 57 17 19 8 15 56 48 12 24 44 16 35 18 31 0 74 73 
7 39 25 36 56 13 45 73 9 12 16 2 72 46 53 29 5 65 61 35 44 71 41 55 70 48 27 52 10 64 14 19 18 69 1 4 49 21 3 68 30 67 26 8 20 57 54 66 63 34 24 33 51 37 62 11 32 60 59 15 38 58 74 47 50 17 42 22 40 31 23 28 6 0 43 
19 17 3 34 63 32 18 37 56 50 28 27 26 36 33 23 20 47 8 21 74 48 69 13 51 31 10 9 41 66 5 73 52 1 62 72 70 14 40 64 60 67 24 54 61 45 7 42 11 35 57 22 53 71 2 68 29 49 58 30 15 4 59 43 65 55 25 46 6 12 44 39 16 38 0 
44 49 71 38 9 15 74 41 66 69 50 16 64 23 40 17 39 46 31 18 36 26 52 24 57 65 62 19 58 32 47 27 35 20 54 21 5 53 13 2 29 6 68 33 51 34 11 42 60 56 61 43 73 63 45 48 12 3 8 70 72 0 22 7 37 25 10 59 1 28 67 30 55 4 14 
62 23 25 43 64 17 21 9 55 5 33 40 71 27 61 20 65 22 44 24 38 6 63 1 41 56 70 29 73 69 51 8 60 31 13 34 28 26 48 10 39 16 11 2 53 47 49 50 14 3 42 58 68 18 66 67 52 19 37 4 12 30 7 45 46 59 54 15 36 74 35 32 72 57 0 
59 22 4 46 31 58 74 35 5 29 34 14 32 56 63 54 50 68 70 15 6 11 25 23 47 51 28 69 38 37 73 7 16 45 62 8 55 66 42 17 40 71 57 24 33 30 60 26 18 44 20 64 72 9 12 10 53 36 65 49 67 52 3 41 19 21 61 27 43 2 48 0 39 1 13 
2 47 51 39 67 66 21 59 31 9 25 73 23 24 74 3 64 62 58 8 70 28 46 32 29 4 11 20 69 35 5 50 65 37 63 41 61 52 16 6 54 42 17 71 44 7 49 15 53 57 10 38 60 26 72 12 33 13 18 56 14 34 45 19 48 22 27 55 68 30 36 40 43 0 1 
7 44 33 1 71 40 18 24 46 29 51 20 47 15 3 50 67 14 65 12 64 28 43 42 6 11 59 2 58 66 62 41 0 69 34 32 31 23 16 5 9 53 60 45 36 22 35 27 57 13 26 8 61 19 68 72 52 10 30 17 49 56 37 21 39 70 25 38 54 48 63 55 73 74 4 
70 32 53 47 60 20 42 50 24 44 33 64 66 28 1 11 6 71 43 8 55 63 58 39 68 26 27 31 54 65 14 25 15 59 37 52 5 69 62 17 38 21 12 48 61 19 67 10 46 7 56 73 45 51 35 29 49 30 40 16 36 18 9 72 34 0 3 57 74 23 2 22 13 4 41 
28 52 33 13 32 58 1 34 62 56 63 64 5 42 31 16 14 66 24 72 50 69 73 2 67 6 46 54 57 3 21 10 68 41 43 23 4 37 27 26 39 61 36 48 11 30 51 70 59 7 12 40 8 19 18 49 0 55 53 25 71 60 15 17 38 29 44 47 45 20 65 22 35 74 9 
5 52 68 67 30 6 66 53 50 65 61 19 54 39 38 7 8 20 26 43 21 40 24 42 47 9 62 27 72 63 32 60 28 10 13 46 56 1 29 59 12 34 58 37 11 15 41 16 3 14 22 57 55 51 23 25 2 49 73 4 35 36 31 45 44 64 18 17 71 74 0 48 70 69 33 
36 25 67 41 4 22 10 35 38 11 60 8 27 56 37 65 2 12 69 13 46 55 43 74 71 18 14 61 26 17 39 53 47 40 0 59 24 29 52 6 49 70 21 19 34 57 20 23 42 73 33 51 31 32 1 50 62 9 66 44 30 48 72 15 64 5 28 68 3 54 16 63 7 58 45 
9 14 37 72 67 52 48 62 5 71 74 59 46 49 54 11 42 38 28 25 23 19 61 33 7 13 31 32 68 73 39 66 6 35 63 51 20 8 24 65 27 47 64 44 22 17 4 55 40 70 21 58 69 56 0 29 15 53 18 16 41 34 60 45 43 57 30 26 1 12 50 3 2 36 10 
61 68 21 44 18 1 50 65 11 8 58 24 51 4 2 39 73 66 72 55 69 12 60 74 34 17 3 30 63 36 27 14 48 5 64 23 45 33 56 16 6 52 20 42 10 7 54 40 26 71 35 57 0 29 13 43 67 32 38 22 15 19 70 47 49 25 59 37 28 31 41 62 46 53 9 
46 56 53 1 68 32 42 14 12 35 19 67 11 22 4 2 45 15 31 26 47 55 27 44 21 36 52 41 24 30 3 17 38 62 74 5 37 8 48 6 70 34 72 63 50 7 28 57 33 13 66 9 61 40 49 10 20 16 65 58 18 29 39 23 71 25 43 51 60 54 59 64 69 73 0 
46 56 53 1 68 32 42 14 12 35 19 67 11 22 4 2 45 15 31 26 47 55 27 44 21 36 52 41 24 30 3 17 38 62 74 5 37 8 48 6 70 34 72 63 50 7 28 57 33 13 66 9 61 40 49 10 20 16 65 58 18 29 39 23 71 25 43 51 60 54 59 64 69 73 0 
73 30 27 36 62 41 13 28 26 53 67 19 61 4 10 72 32 54 5 14 18 71 68 8 60 70 38 50 52 56 69 2 9 20 37 34 39 7 58 66 6 51 29 43 12 65 33 24 64 17 63 31 44 3 40 59 16 57 42 11 55 47 25 49 15 48 46 21 23 45 35 22 1 0 74 
22 0 5 73 18 36 54 51 72 32 31 16 30 17 12 29 21 10 68 62 26 71 45 23 66 38 50 70 41 44 9 8 52 6 53 43 2 33 1 69 65 28 61 37 39 57 20 49 67 42 63 64 11 19 14 7 56 60 48 59 34 24 4 58 40 15 55 47 35 46 25 27 13 3 74 
21 16 13 12 0 41 60 29 40 44 7 35 69 22 11 49 46 38 1 53 54 68 63 48 34 71 32 19 17 14 37 64 52 66 8 70 10 2 33 27 4 57 9 67 43 23 74 26 59 24 62 42 30 51 56 61 3 50 31 58 28 45 36 5 20 55 25 47 15 6 39 18 65 72 73 
33 24 65 18 56 8 13 39 21 22 9 51 45 27 25 26 36 20 55 69 29 0 52 53 1 12 30 68 60 19 37 38 31 67 14 42 47 46 57 43 15 2 49 28 59 54 48 66 3 23 32 64 44 71 62 73 5 4 6 58 16 50 61 40 63 72 7 17 11 10 70 41 34 35 74 
51 32 67 0 50 60 22 26 46 55 53 57 1 41 62 42 14 8 23 2 35 49 9 29 36 39 58 3 73 72 63 10 44 4 20 30 66 34 68 5 45 54 31 37 15 17 18 6 27 64 11 7 71 21 12 65 74 13 40 16 43 19 52 24 47 59 25 28 33 38 56 48 61 69 70 
18 35 7 39 63 20 21 4 12 0 68 71 25 44 37 60 49 62 5 8 47 52 45 48 31 28 72 19 67 30 32 1 33 36 29 56 13 50 70 2 42 11 3 66 14 53 55 16 27 23 59 43 64 6 69 38 17 9 26 61 24 40 51 10 15 73 22 57 58 34 65 41 46 54 74 
70 49 30 44 37 5 60 65 31 8 52 13 73 39 20 68 16 22 28 25 55 59 21 27 38 67 29 66 4 12 43 10 61 35 23 64 40 3 24 14 9 56 17 33 2 63 48 53 47 57 62 58 32 19 72 51 7 34 41 50 46 18 36 45 54 26 71 11 69 1 0 74 15 42 6 
49 55 67 28 40 35 73 33 24 22 4 5 65 39 21 6 53 23 64 27 60 63 30 7 72 37 61 8 11 71 32 0 1 58 62 12 13 56 38 54 74 69 46 14 3 16 45 50 48 17 70 18 66 2 43 20 42 41 59 25 26 34 29 31 9 44 15 51 68 52 57 10 36 19 47 
21 70 50 34 13 55 9 63 6 31 19 58 61 3 27 28 30 42 20 12 24 72 71 44 8 36 2 53 57 16 11 10 51 22 15 1 7 39 67 69 41 54 64 45 14 56 5 33 68 18 65 37 38 26 43 4 62 66 35 17 46 52 29 60 47 23 59 25 40 49 32 48 0 74 73 
20 7 71 5 31 6 8 63 74 9 37 18 10 53 52 11 57 1 41 13 14 59 73 29 38 67 33 47 49 15 16 17 70 19 44 21 39 60 24 22 23 55 25 40 36 26 2 28 50 58 65 30 32 34 35 42 54 43 46 68 45 48 27 56 61 62 64 66 69 72 0 4 51 12 3 
40 39 14 13 19 70 37 67 3 16 48 34 69 57 4 31 50 59 56 49 46 42 52 1 15 23 25 21 10 20 68 26 60 66 54 8 2 11 6 32 65 62 33 72 41 63 43 27 12 5 47 44 36 51 61 22 24 58 45 71 53 38 7 9 18 35 30 64 28 17 0 55 73 74 29 
43 56 66 70 20 67 38 69 1 14 42 22 57 10 41 52 12 74 17 46 18 19 59 73 64 61 49 28 40 55 21 54 16 8 4 5 45 27 34 63 58 62 29 37 23 31 72 13 33 71 48 51 36 35 15 6 47 50 44 7 65 26 68 30 3 11 25 24 0 9 53 60 32 39 2 
66 50 8 31 21 71 29 51 24 68 53 43 3 28 15 7 42 23 67 52 20 41 74 64 16 25 27 9 73 5 37 62 61 44 30 11 60 59 26 58 65 22 56 12 54 13 45 32 4 55 46 17 10 49 6 33 48 47 57 34 35 63 38 36 19 40 14 70 18 0 2 69 1 39 72 
25 58 50 57 41 5 39 20 45 56 0 66 22 15 70 69 53 74 49 62 7 2 36 54 27 34 9 12 37 61 17 44 72 31 42 26 23 40 38 35 10 46 32 59 28 65 73 51 3 30 1 18 48 14 68 60 8 6 13 33 55 24 4 52 43 47 16 71 64 19 11 67 29 63 21 
0 30 19 72 48 59 7 15 47 58 69 34 8 26 73 55 23 12 1 20 54 70 31 33 44 39 10 68 60 46 25 50 49 45 13 9 40 37 62 67 41 27 38 66 52 32 18 29 65 61 2 64 16 21 17 14 3 63 56 57 4 74 42 51 36 28 43 35 71 22 5 11 6 53 24 
33 5 69 28 67 14 30 40 64 51 66 3 32 26 59 4 70 8 65 37 31 60 11 25 24 49 43 6 27 46 34 42 47 52 71 7 13 22 12 57 29 1 35 10 58 15 18 74 54 56 23 16 19 2 38 20 61 48 9 36 39 73 50 41 17 45 0 55 72 62 63 68 21 53 44 
22 30 60 7 69 29 53 56 49 47 46 16 39 17 52 8 0 40 21 74 43 34 71 4 51 70 19 48 50 5 12 73 38 24 62 13 31 67 59 14 58 35 23 33 36 15 3 72 66 9 64 25 10 68 44 27 61 28 1 65 37 63 18 42 57 45 54 55 41 6 20 32 11 26 2 
22 30 60 7 69 29 53 56 49 47 46 16 39 17 52 8 0 40 21 74 43 34 71 4 51 70 19 48 50 5 12 73 38 24 62 13 31 67 59 14 58 35 23 33 36 15 3 72 66 9 64 25 10 68 44 27 61 28 1 65 37 63 18 42 57 45 54 55 41 6 20 32 11 26 2 
51 15 23 54 20 11 17 32 27 3 66 35 72 56 59 64 55 67 24 13 47 21 12 62 40 1 71 42 68 26 8 5 34 70 6 25 57 74 33 36 28 58 7 61 38 49 52 30 43 46 2 10 48 14 65 41 73 60 39 45 22 53 18 16 19 4 50 31 44 37 9 69 0 63 29 
7 23 10 55 37 67 38 71 6 19 39 15 43 30 11 65 56 36 29 27 41 73 28 49 18 51 54 46 25 59 9 26 61 63 58 20 35 45 47 32 62 69 33 21 60 53 74 50 70 8 13 4 31 52 42 40 3 68 57 48 17 16 22 12 24 2 66 34 72 44 5 0 14 1 64 
59 60 47 68 20 63 17 1 61 57 69 19 42 49 64 33 46 66 40 21 10 13 25 44 50 11 43 26 48 27 45 12 0 30 3 16 37 72 41 62 53 4 39 35 28 74 56 38 24 15 23 55 58 29 67 31 70 36 5 6 73 9 34 22 65 71 8 7 32 54 52 14 51 18 2 
47 45 34 23 65 51 43 7 56 38 41 33 5 74 26 60 71 61 39 63 2 55 29 14 59 70 58 73 35 66 48 53 19 8 24 11 17 21 13 44 22 12 3 72 69 37 42 49 31 27 64 68 52 32 10 18 46 15 25 67 4 20 57 62 6 40 30 54 36 50 9 28 16 1 0 
54 10 57 43 28 69 25 55 48 0 68 67 17 31 4 66 23 1 9 65 59 11 21 64 46 7 35 63 62 38 39 36 50 61 29 60 58 13 19 14 56 33 2 53 70 51 3 49 18 47 15 45 6 5 44 42 26 27 74 40 37 34 32 30 8 24 71 20 16 12 73 52 22 41 72 
44 49 71 38 9 15 74 41 66 69 50 16 64 23 40 17 39 46 31 18 36 26 52 24 57 65 62 19 58 32 47 27 35 20 54 21 5 53 13 2 29 6 68 33 51 34 11 42 60 56 61 43 73 63 45 48 12 3 8 70 72 0 22 7 37 25 10 59 1 28 67 30 55 4 14 
24 22 5 63 25 48 23 21 11 20 27 45 62 71 0 34 19 10 65 59 42 58 66 47 4 38 37 56 2 73 41 69 8 53 17 9 14 28 49 52 26 46 43 12 68 61 29 44 40 16 74 36 70 60 32 13 39 30 7 18 54 6 50 1 57 35 64 51 31 3 72 15 33 55 67 
60 62 4 52 15 47 38 33 12 44 18 51 28 58 36 19 57 16 31 3 70 46 10 23 72 54 48 41 2 22 26 68 8 6 20 67 32 11 53 35 25 71 14 30 43 42 39 7 21 55 37 9 56 65 13 64 27 69 66 59 0 24 17 34 50 49 63 40 45 61 1 74 5 73 29 
60 62 4 52 15 47 38 33 12 44 18 51 28 58 36 19 57 16 31 3 70 46 10 23 72 54 48 41 2 22 26 68 8 6 20 67 32 11 53 35 25 71 14 30 43 42 39 7 21 55 37 9 56 65 13 64 27 69 66 59 0 24 17 34 50 49 63 40 45 61 1 74 5 73 29 
2 3 48 22 21 36 10 71 20 32 28 45 14 30 11 44 15 25 27 6 56 4 40 70 69 5 35 39 74 17 7 12 26 61 73 33 66 68 8 50 65 63 58 16 54 9 47 19 13 62 18 60 38 29 49 52 67 23 57 34 24 41 55 53 42 31 37 51 59 43 46 0 72 1 64 
15 70 28 65 34 38 55 20 67 37 62 35 0 43 61 17 54 74 7 9 1 39 72 5 51 23 31 24 16 10 2 22 41 44 26 32 8 53 66 58 3 47 4 73 14 45 71 25 6 18 50 52 27 46 11 60 33 48 19 69 12 49 30 36 13 57 21 68 29 59 40 64 42 63 56 
1 67 54 73 45 17 72 49 64 63 56 40 18 52 10 55 14 33 12 37 46 43 57 51 68 32 3 29 47 71 23 21 19 26 20 8 44 16 60 70 31 25 58 9 35 38 74 4 15 34 2 66 65 42 53 22 36 62 48 24 5 7 69 59 13 39 50 41 11 30 6 28 27 0 61 
58 74 64 43 67 3 65 69 25 8 63 21 57 73 26 49 6 61 1 5 24 12 62 29 66 45 68 30 41 22 71 13 32 50 33 7 36 2 72 16 10 55 18 42 70 34 51 11 20 48 27 53 44 23 37 14 4 35 52 17 59 19 39 46 47 28 56 31 38 9 54 60 15 40 0 
12 2 44 0 16 4 63 50 59 17 5 23 14 8 19 22 38 53 24 29 25 1 72 46 45 27 20 3 62 60 51 31 39 58 9 66 36 33 10 6 13 35 41 49 21 43 37 56 7 18 54 11 55 61 48 65 67 15 64 26 71 32 34 28 40 47 30 42 68 52 70 57 69 73 74 
9 70 51 16 1 53 30 18 64 4 24 38 50 65 71 47 52 68 44 10 20 22 63 28 23 13 55 26 8 43 40 5 17 39 58 74 12 35 66 33 32 36 6 73 56 25 61 19 45 57 29 48 11 7 0 72 67 60 62 69 41 34 31 15 21 59 46 54 2 37 49 42 3 27 14 
41 63 38 32 68 37 14 17 27 8 6 40 60 34 72 70 46 22 44 10 56 69 39 48 74 21 11 51 28 20 66 12 3 15 67 30 59 61 50 64 1 33 18 0 65 58 45 23 57 16 47 25 43 26 29 55 52 54 73 2 49 35 24 42 53 31 19 4 7 13 9 5 71 36 62 
41 63 38 32 68 37 14 17 27 8 6 40 60 34 72 70 46 22 44 10 56 69 39 48 74 21 11 51 28 20 66 12 3 15 67 30 59 61 50 64 1 33 18 0 65 58 45 23 57 16 47 25 43 26 29 55 52 54 73 2 49 35 24 42 53 31 19 4 7 13 9 5 71 36 62 
53 43 74 23 31 24 5 44 46 61 67 64 26 16 10 29 68 37 20 32 72 33 21 27 6 3 49 39 9 8 42 56 48 45 47 50 63 34 12 54 55 11 51 59 35 62 0 66 69 57 7 73 15 25 4 14 70 19 22 36 40 52 30 71 60 17 38 65 13 58 28 41 18 2 1 
54 17 41 72 9 10 43 59 14 51 23 63 61 38 26 11 13 74 67 48 45 21 32 65 52 40 44 30 25 64 36 1 56 15 6 55 8 27 34 70 19 42 28 50 3 22 73 24 46 58 7 68 53 2 33 35 57 66 5 20 47 49 31 62 4 71 39 37 16 29 69 12 0 60 18 
39 37 57 53 27 19 25 7 55 23 29 12 42 43 48 51 35 34 41 22 74 71 47 13 33 62 15 45 69 1 40 73 36 61 16 31 50 17 0 28 46 10 56 21 4 20 70 59 67 30 49 6 3 72 52 68 44 64 24 58 38 14 65 9 66 63 32 11 54 18 60 26 2 8 5 
20 19 64 43 67 27 57 23 55 46 34 1 38 70 21 6 39 74 42 32 41 7 25 24 58 68 60 26 59 10 8 71 54 16 40 48 31 22 37 9 53 49 14 2 65 12 73 66 13 50 61 51 18 63 35 15 47 17 11 3 30 62 29 36 56 44 45 4 52 72 0 28 69 33 5 
20 19 64 43 67 27 57 23 55 46 34 1 38 70 21 6 39 74 42 32 41 7 25 24 58 68 60 26 59 10 8 71 54 16 40 48 31 22 37 9 53 49 14 2 65 12 73 66 13 50 61 51 18 63 35 15 47 17 11 3 30 62 29 36 56 44 45 4 52 72 0 28 69 33 5 
73 5 2 39 50 57 6 59 20 23 55 26 54 71 4 17 24 52 1 70 13 49 32 15 31 37 9 61 42 45 47 69 68 43 36 25 41 3 12 7 40 46 48 56 67 30 29 66 27 22 72 38 14 64 16 53 8 10 18 33 65 62 58 11 60 28 19 51 44 21 63 34 35 74 0 
31 20 74 36 40 6 45 15 24 60 37 51 42 64 27 58 10 2 13 48 57 49 22 26 47 8 19 16 53 68 29 55 7 65 61 50 63 18 39 72 11 32 43 23 54 38 3 14 21 59 17 34 66 30 52 25 44 71 69 46 1 33 28 70 62 41 67 5 73 35 4 12 9 0 56 
19 27 53 42 26 59 70 48 65 10 28 37 47 11 12 4 41 56 58 54 74 5 2 34 16 67 30 24 61 31 7 55 64 72 68 43 71 44 49 8 36 20 21 0 23 13 35 33 14 69 57 50 60 32 66 15 18 17 45 1 25 63 62 29 73 38 39 3 51 46 52 6 22 9 40 
18 35 7 39 63 20 21 4 12 0 68 71 25 44 37 60 49 62 5 8 47 52 45 48 31 28 72 19 67 30 32 1 33 36 29 56 13 50 70 2 42 11 3 66 14 53 55 16 27 23 59 43 64 6 69 38 17 9 26 61 24 40 51 10 15 73 22 57 58 34 65 41 46 54 74 
18 35 7 39 63 20 21 4 12 0 68 71 25 44 37 60 49 62 5 8 47 52 45 48 31 28 72 19 67 30 32 1 33 36 29 56 13 50 70 2 42 11 3 66 14 53 55 16 27 23 59 43 64 6 69 38 17 9 26 61 24 40 51 10 15 73 22 57 58 34 65 41 46 54 74 
33 6 39 7 40 30 3 21 41 0 28 10 54 52 22 25 32 55 11 20 50 63 38 16 31 14 13 12 1 51 62 46 15 2 5 73 71 23 24 26 66 49 4 29 37 58 42 53 57 44 36 34 18 8 9 72 47 48 19 59 43 17 69 64 27 70 67 68 35 45 65 61 56 60 74 
64 71 31 47 39 46 4 55 43 73 5 42 41 22 34 40 27 10 23 38 12 65 19 48 21 18 2 35 24 7 33 72 26 30 3 29 9 0 68 25 20 50 70 15 57 13 32 8 60 16 54 69 17 67 61 58 1 52 74 44 36 14 45 63 62 49 11 59 37 56 66 51 28 6 53 
73 50 36 4 33 52 14 26 10 54 9 16 18 72 58 37 65 69 29 27 19 56 15 11 8 71 23 45 66 59 24 42 30 61 21 51 64 43 28 5 32 53 34 31 70 68 62 48 38 17 67 6 41 2 46 25 7 13 39 57 63 35 47 20 3 60 40 44 74 49 22 0 12 1 55 
41 34 73 8 67 17 57 0 24 16 48 29 53 3 66 70 25 15 43 22 50 11 55 40 27 26 68 12 33 51 45 62 4 5 13 35 6 64 71 20 38 1 37 59 9 65 36 47 28 10 54 31 30 56 14 63 58 42 2 46 61 19 21 60 32 52 74 7 39 44 23 18 72 49 69 
40 39 14 13 19 70 37 67 3 16 48 34 69 57 4 31 50 59 56 49 46 42 52 1 15 23 25 21 10 20 68 26 60 66 54 8 2 11 6 32 65 62 33 72 41 63 43 27 12 5 47 44 36 51 61 22 24 58 45 71 53 38 7 9 18 35 30 64 28 17 0 55 73 74 29 
56 58 50 54 45 21 59 17 28 52 23 64 39 5 7 49 74 29 20 27 47 22 30 32 24 46 67 6 11 10 43 42 38 66 41 37 13 34 44 35 53 36 26 60 8 19 68 63 55 69 12 9 16 3 61 1 72 73 0 25 62 40 51 31 15 4 71 57 2 70 18 33 65 48 14 
61 60 25 16 15 6 53 9 45 59 58 20 40 65 24 21 28 51 17 67 55 46 10 18 37 54 32 27 14 43 30 11 23 66 29 35 50 69 48 36 7 13 47 41 57 42 31 63 12 38 34 62 3 26 56 71 64 73 33 0 2 39 74 19 68 49 70 1 72 44 5 4 22 8 52 
2 1 74 67 61 19 26 29 6 73 4 65 45 13 9 24 53 25 64 27 44 17 47 58 14 41 38 63 51 37 5 36 18 33 23 35 7 62 3 60 42 56 72 57 22 46 48 49 31 43 10 55 0 71 66 68 40 39 30 34 12 16 15 32 70 54 20 11 50 69 28 21 59 52 8 
24 8 28 51 61 15 46 67 70 60 10 37 25 71 59 30 3 43 16 0 74 65 49 68 13 35 11 1 29 66 62 52 7 2 33 44 20 26 19 31 36 56 48 4 64 57 17 5 55 63 73 6 54 38 9 22 45 47 40 12 42 14 53 18 72 34 32 21 23 27 69 39 41 50 58 
33 5 69 28 67 14 30 40 64 51 66 3 32 26 59 4 70 8 65 37 31 60 11 25 24 49 43 6 27 46 34 42 47 52 71 7 13 22 12 57 29 1 35 10 58 15 18 74 54 56 23 16 19 2 38 20 61 48 9 36 39 73 50 41 17 45 0 55 72 62 63 68 21 53 44 
57 70 0 40 14 72 51 33 74 17 64 73 44 42 20 31 21 30 10 52 49 54 19 43 68 8 26 23 56 38 16 25 71 66 13 9 35 15 62 4 65 63 34 69 11 60 58 28 32 7 22 46 3 48 59 27 37 6 55 67 50 47 24 12 29 45 18 61 39 36 5 53 1 41 2 
33 40 67 34 72 3 31 6 21 71 55 19 28 30 32 44 27 20 63 22 10 49 26 12 59 52 14 54 48 9 58 70 43 4 25 64 16 60 2 69 7 13 68 42 61 8 46 47 18 35 29 37 24 66 11 53 45 65 23 1 17 36 57 62 56 38 51 5 41 50 73 15 0 74 39 
33 40 67 34 72 3 31 6 21 71 55 19 28 30 32 44 27 20 63 22 10 49 26 12 59 52 14 54 48 9 58 70 43 4 25 64 16 60 2 69 7 13 68 42 61 8 46 47 18 35 29 37 24 66 11 53 45 65 23 1 17 36 57 62 56 38 51 5 41 50 73 15 0 74 39 
15 38 56 72 54 26 3 10 25 71 18 44 70 16 39 57 5 29 66 69 41 21 13 59 12 24 31 35 17 4 30 68 28 67 0 9 36 33 1 65 53 23 64 14 42 46 55 63 47 48 49 62 8 61 60 20 50 58 37 22 2 52 11 51 45 34 43 40 32 27 6 19 7 74 73 
10 5 57 33 20 49 51 35 50 70 34 45 37 56 14 69 73 39 4 41 67 42 17 62 44 53 59 9 16 31 66 65 19 54 24 25 6 43 8 64 21 71 61 13 29 60 2 7 12 47 28 23 0 58 36 55 18 52 68 30 46 15 26 40 38 32 27 74 22 3 1 72 48 63 11 
10 5 57 33 20 49 51 35 50 70 34 45 37 56 14 69 73 39 4 41 67 42 17 62 44 53 59 9 16 31 66 65 19 54 24 25 6 43 8 64 21 71 61 13 29 60 2 7 12 47 28 23 0 58 36 55 18 52 68 30 46 15 26 40 38 32 27 74 22 3 1 72 48 63 11 
