13 4 8 15 2 1 18 12 17 9 11 19 10 5 16 0 7 3 6 14 
17 11 12 16 9 2 1 10 7 6 15 4 3 5 19 13 8 18 14 0 
17 11 12 16 9 2 1 10 7 6 15 4 3 5 19 13 8 18 14 0 
17 11 12 16 9 2 1 10 7 6 15 4 3 5 19 13 8 18 14 0 
17 11 12 16 9 2 1 10 7 6 15 4 3 5 19 13 8 18 14 0 
17 11 12 16 9 2 1 10 7 6 15 4 3 5 19 13 8 18 14 0 
5 16 3 0 12 1 4 6 17 15 11 9 7 8 14 2 13 10 19 18 
10 14 2 8 13 6 9 16 3 5 0 7 11 19 12 1 17 18 4 15 
10 14 2 8 13 6 9 16 3 5 0 7 11 19 12 1 17 18 4 15 
17 18 11 2 6 3 13 7 9 4 15 5 14 8 19 10 1 16 12 0 
17 18 11 2 6 3 13 7 9 4 15 5 14 8 19 10 1 16 12 0 
17 18 11 2 6 3 13 7 9 4 15 5 14 8 19 10 1 16 12 0 
17 18 11 2 6 3 13 7 9 4 15 5 14 8 19 10 1 16 12 0 
4 15 16 3 0 19 5 12 13 1 9 11 2 8 10 18 6 17 7 14 
4 15 16 3 0 19 5 12 13 1 9 11 2 8 10 18 6 17 7 14 
4 15 16 3 0 19 5 12 13 1 9 11 2 8 10 18 6 17 7 14 
4 15 16 3 0 19 5 12 13 1 9 11 2 8 10 18 6 17 7 14 
4 15 16 3 0 19 5 12 13 1 9 11 2 8 10 18 6 17 7 14 
4 15 16 3 0 19 5 12 13 1 9 11 2 8 10 18 6 17 7 14 
4 15 16 3 0 19 5 12 13 1 9 11 2 8 10 18 6 17 7 14 
4 15 16 3 0 19 5 12 13 1 9 11 2 8 10 18 6 17 7 14 
4 15 16 3 0 19 5 12 13 1 9 11 2 8 10 18 6 17 7 14 
4 15 16 3 0 19 5 12 13 1 9 11 2 8 10 18 6 17 7 14 
4 15 16 3 0 19 5 12 13 1 9 11 2 8 10 18 6 17 7 14 
4 15 16 3 0 19 5 12 13 1 9 11 2 8 10 18 6 17 7 14 
4 15 16 3 0 19 5 12 13 1 9 11 2 8 10 18 6 17 7 14 
17 2 1 9 7 11 14 5 3 16 15 4 13 8 6 12 10 18 19 0 
17 2 1 9 7 11 14 5 3 16 15 4 13 8 6 12 10 18 19 0 
17 2 1 9 7 11 14 5 3 16 15 4 13 8 6 12 10 18 19 0 
17 2 1 9 7 11 14 5 3 16 15 4 13 8 6 12 10 18 19 0 
17 2 1 9 7 11 14 5 3 16 15 4 13 8 6 12 10 18 19 0 
17 2 1 9 7 11 14 5 3 16 15 4 13 8 6 12 10 18 19 0 
17 2 1 9 7 11 14 5 3 16 15 4 13 8 6 12 10 18 19 0 
17 2 1 9 7 11 14 5 3 16 15 4 13 8 6 12 10 18 19 0 
17 2 1 9 7 11 14 5 3 16 15 4 13 8 6 12 10 18 19 0 
17 2 1 9 7 11 14 5 3 16 15 4 13 8 6 12 10 18 19 0 
17 2 1 9 7 11 14 5 3 16 15 4 13 8 6 12 10 18 19 0 
17 2 1 9 7 11 14 5 3 16 15 4 13 8 6 12 10 18 19 0 
17 2 1 9 7 11 14 5 3 16 15 4 13 8 6 12 10 18 19 0 
17 2 1 9 7 11 14 5 3 16 15 4 13 8 6 12 10 18 19 0 
17 2 1 9 7 11 14 5 3 16 15 4 13 8 6 12 10 18 19 0 
17 2 1 9 7 11 14 5 3 16 15 4 13 8 6 12 10 18 19 0 
17 2 1 9 7 11 14 5 3 16 15 4 13 8 6 12 10 18 19 0 
17 2 1 9 7 11 14 5 3 16 15 4 13 8 6 12 10 18 19 0 
0 3 8 11 12 1 2 19 4 15 5 16 6 7 9 10 13 14 17 18 
0 3 8 11 12 1 2 19 4 15 5 16 6 7 9 10 13 14 17 18 
0 3 8 11 12 1 2 19 4 15 5 16 6 7 9 10 13 14 17 18 
0 3 8 11 12 1 2 19 4 15 5 16 6 7 9 10 13 14 17 18 
7 1 6 0 5 4 13 19 18 10 15 12 9 2 17 11 16 14 8 3 
3 14 6 16 19 10 9 15 18 8 4 11 17 0 13 7 12 5 2 1 
3 14 6 16 19 10 9 15 18 8 4 11 17 0 13 7 12 5 2 1 
3 14 6 16 19 10 9 15 18 8 4 11 17 0 13 7 12 5 2 1 
3 14 6 16 19 10 9 15 18 8 4 11 17 0 13 7 12 5 2 1 
3 14 6 16 19 10 9 15 18 8 4 11 17 0 13 7 12 5 2 1 
3 14 6 16 19 10 9 15 18 8 4 11 17 0 13 7 12 5 2 1 
3 14 6 16 19 10 9 15 18 8 4 11 17 0 13 7 12 5 2 1 
3 14 6 16 19 10 9 15 18 8 4 11 17 0 13 7 12 5 2 1 
3 14 6 16 19 10 9 15 18 8 4 11 17 0 13 7 12 5 2 1 
3 14 6 16 19 10 9 15 18 8 4 11 17 0 13 7 12 5 2 1 
3 14 6 16 19 10 9 15 18 8 4 11 17 0 13 7 12 5 2 1 
3 14 6 16 19 10 9 15 18 8 4 11 17 0 13 7 12 5 2 1 
3 14 6 16 19 10 9 15 18 8 4 11 17 0 13 7 12 5 2 1 
4 0 16 3 11 19 9 5 14 17 8 12 1 18 7 15 2 13 6 10 
4 0 16 3 11 19 9 5 14 17 8 12 1 18 7 15 2 13 6 10 
4 0 16 3 11 19 9 5 14 17 8 12 1 18 7 15 2 13 6 10 
4 0 16 3 11 19 9 5 14 17 8 12 1 18 7 15 2 13 6 10 
4 0 16 3 11 19 9 5 14 17 8 12 1 18 7 15 2 13 6 10 
4 0 16 3 11 19 9 5 14 17 8 12 1 18 7 15 2 13 6 10 
4 0 16 3 11 19 9 5 14 17 8 12 1 18 7 15 2 13 6 10 
4 0 16 3 11 19 9 5 14 17 8 12 1 18 7 15 2 13 6 10 
4 0 16 3 11 19 9 5 14 17 8 12 1 18 7 15 2 13 6 10 
4 0 16 3 11 19 9 5 14 17 8 12 1 18 7 15 2 13 6 10 
4 0 16 3 11 19 9 5 14 17 8 12 1 18 7 15 2 13 6 10 
4 0 16 3 11 19 9 5 14 17 8 12 1 18 7 15 2 13 6 10 
4 0 16 3 11 19 9 5 14 17 8 12 1 18 7 15 2 13 6 10 
4 0 16 3 11 19 9 5 14 17 8 12 1 18 7 15 2 13 6 10 
4 0 16 3 11 19 9 5 14 17 8 12 1 18 7 15 2 13 6 10 
4 0 16 3 11 19 9 5 14 17 8 12 1 18 7 15 2 13 6 10 
8 15 13 4 16 3 11 17 0 18 14 6 9 2 1 12 5 7 10 19 
8 15 13 4 16 3 11 17 0 18 14 6 9 2 1 12 5 7 10 19 
8 15 13 4 16 3 11 17 0 18 14 6 9 2 1 12 5 7 10 19 
8 15 13 4 16 3 11 17 0 18 14 6 9 2 1 12 5 7 10 19 
8 15 13 4 16 3 11 17 0 18 14 6 9 2 1 12 5 7 10 19 
8 15 13 4 16 3 11 17 0 18 14 6 9 2 1 12 5 7 10 19 
8 15 13 4 16 3 11 17 0 18 14 6 9 2 1 12 5 7 10 19 
8 15 13 4 16 3 11 17 0 18 14 6 9 2 1 12 5 7 10 19 
8 15 13 4 16 3 11 17 0 18 14 6 9 2 1 12 5 7 10 19 
8 15 13 4 16 3 11 17 0 18 14 6 9 2 1 12 5 7 10 19 
8 15 13 4 16 3 11 17 0 18 14 6 9 2 1 12 5 7 10 19 
8 15 13 4 16 3 11 17 0 18 14 6 9 2 1 12 5 7 10 19 
8 15 13 4 16 3 11 17 0 18 14 6 9 2 1 12 5 7 10 19 
8 15 13 4 16 3 11 17 0 18 14 6 9 2 1 12 5 7 10 19 
8 15 13 4 16 3 11 17 0 18 14 6 9 2 1 12 5 7 10 19 
8 15 13 4 16 3 11 17 0 18 14 6 9 2 1 12 5 7 10 19 
8 15 13 4 16 3 11 17 0 18 14 6 9 2 1 12 5 7 10 19 
14 19 17 16 6 4 5 3 15 13 8 12 11 9 10 18 2 1 0 7 
14 19 17 16 6 4 5 3 15 13 8 12 11 9 10 18 2 1 0 7 
14 19 17 16 6 4 5 3 15 13 8 12 11 9 10 18 2 1 0 7 
14 19 17 16 6 4 5 3 15 13 8 12 11 9 10 18 2 1 0 7 
14 19 17 16 6 4 5 3 15 13 8 12 11 9 10 18 2 1 0 7 
