1 67 74 78 30 15 43 25 64 27 40 32 23 86 3 35 76 54 33 68 55 56 18 38 48 9 12 4 5 22 19 81 83 79 66 17 59 28 60 80 53 14 63 61 85 16 65 70 26 13 62 31 37 47 20 84 44 39 87 73 75 29 72 46 7 69 88 50 51 11 77 89 6 71 0 42 45 10 2 24 8 41 58 34 21 49 52 82 36 57 
1 67 74 78 30 15 43 25 64 27 40 32 23 86 3 35 76 54 33 68 55 56 18 38 48 9 12 4 5 22 19 81 83 79 66 17 59 28 60 80 53 14 63 61 85 16 65 70 26 13 62 31 37 47 20 84 44 39 87 73 75 29 72 46 7 69 88 50 51 11 77 89 6 71 0 42 45 10 2 24 8 41 58 34 21 49 52 82 36 57 
47 37 20 84 36 78 74 67 87 72 75 73 29 30 1 39 44 80 53 60 59 17 32 27 40 42 8 24 2 10 41 33 68 55 56 18 58 38 21 49 52 4 12 9 34 48 83 81 19 22 5 16 85 65 61 70 13 26 14 63 82 79 66 28 15 50 51 11 88 57 69 7 46 25 43 64 71 0 77 89 6 45 86 3 35 23 76 54 31 62 
26 13 62 37 31 20 36 78 74 1 30 15 17 59 28 60 80 53 44 84 14 63 61 22 4 12 52 58 38 9 48 34 56 18 55 68 33 54 76 2 10 24 8 42 50 51 11 77 89 6 71 0 40 27 64 88 57 69 7 46 67 87 29 72 73 75 43 25 3 86 45 32 23 35 41 21 49 83 81 19 82 79 66 39 47 5 16 85 65 70 
86 3 35 76 54 68 33 41 10 2 21 49 83 81 19 61 22 4 12 5 52 48 55 56 18 38 58 34 9 65 16 85 70 26 13 62 31 37 47 20 36 78 46 7 69 43 25 64 51 11 77 71 0 40 27 6 89 24 8 32 45 17 59 28 60 80 53 44 84 14 63 82 79 66 15 30 1 74 67 87 72 73 75 29 39 57 88 50 42 23 
58 18 56 55 68 54 76 33 23 35 3 86 17 59 28 14 63 26 62 13 70 85 16 65 4 22 19 81 83 52 48 38 21 49 34 9 12 82 79 66 60 80 53 44 84 20 39 36 78 74 67 1 30 15 64 50 51 11 89 6 77 71 40 0 42 8 24 2 10 41 45 32 27 25 43 46 7 87 69 57 88 29 73 72 75 47 37 31 61 5 
86 3 17 59 66 79 83 52 12 4 5 22 61 70 65 16 85 26 62 13 63 14 20 47 37 84 44 36 78 74 1 30 15 25 43 46 7 69 57 88 51 50 64 27 40 0 71 11 77 89 6 42 8 24 54 76 35 23 45 2 10 41 33 68 55 18 56 58 38 48 34 9 21 49 81 82 19 28 60 39 67 87 72 73 75 29 31 80 53 32 
76 35 23 86 3 17 59 28 60 80 44 53 84 20 47 37 31 62 26 13 70 85 16 65 22 19 83 81 79 66 30 1 74 67 87 72 73 75 29 14 63 61 12 4 5 9 52 48 21 49 38 34 58 56 18 55 33 68 54 41 10 2 45 32 27 64 43 25 46 7 69 57 11 88 51 50 40 42 8 24 0 71 77 89 6 15 39 78 36 82 
80 53 84 20 37 36 47 31 62 13 26 14 63 70 85 65 16 5 12 4 22 61 81 19 82 79 66 83 38 48 52 9 34 58 56 18 68 55 41 33 23 86 3 35 54 49 21 76 10 2 45 32 28 60 44 39 78 74 1 30 15 67 87 72 73 75 29 46 7 69 43 25 88 50 51 11 77 89 6 71 0 40 27 59 17 64 57 42 8 24 
59 28 60 80 53 44 84 20 47 37 31 62 13 26 70 85 16 65 5 4 12 9 34 21 49 83 48 38 58 56 18 55 54 76 35 86 3 17 30 67 74 78 36 39 1 25 43 69 7 46 87 29 72 73 75 57 88 50 64 27 40 0 71 6 89 77 11 51 42 8 24 45 23 32 2 10 68 33 41 14 63 19 22 61 79 81 52 82 66 15 
82 81 79 66 44 84 63 26 13 62 31 37 47 36 78 74 39 80 60 28 59 17 3 35 86 45 2 10 33 68 55 54 76 21 49 83 12 4 19 48 52 5 9 34 58 38 56 18 41 23 27 0 71 51 50 64 25 43 7 46 69 57 88 11 77 89 6 8 24 42 40 32 15 30 1 67 87 72 29 73 75 20 14 53 85 16 65 61 22 70 
32 45 86 3 35 76 54 68 33 10 2 23 59 28 60 80 53 44 84 20 47 37 31 74 67 87 78 36 72 73 75 29 39 30 15 64 50 51 88 11 77 71 0 40 27 43 1 46 7 69 57 25 17 49 21 83 52 63 14 13 26 62 70 85 16 65 61 22 19 81 79 66 82 4 12 5 9 48 38 34 56 18 58 55 41 24 8 42 6 89 
37 47 20 84 44 39 78 36 72 73 75 29 87 67 74 1 30 15 17 3 35 86 23 45 27 40 42 0 71 77 89 6 11 51 50 88 57 69 7 46 25 43 64 32 24 8 10 2 33 68 55 38 49 21 83 79 82 66 80 53 60 28 59 76 54 41 56 18 58 34 48 12 4 81 52 9 22 61 65 85 16 5 70 26 13 62 31 63 14 19 
37 47 20 84 44 39 78 36 72 73 75 29 87 67 74 1 30 15 17 3 35 86 23 45 27 40 42 0 71 77 89 6 11 51 50 88 57 69 7 46 25 43 64 32 24 8 10 2 33 68 55 38 49 21 83 79 82 66 80 53 60 28 59 76 54 41 56 18 58 34 48 12 4 81 52 9 22 61 65 85 16 5 70 26 13 62 31 63 14 19 
81 79 83 49 21 38 58 56 18 55 54 76 35 23 86 3 17 59 28 80 60 44 84 20 31 47 37 62 13 26 14 63 53 39 78 74 67 69 43 25 7 46 1 30 15 64 27 32 45 40 0 71 50 88 51 11 77 89 6 42 8 24 2 10 41 33 68 9 34 48 52 12 4 5 16 85 65 22 61 70 19 82 66 36 72 73 75 29 87 57 
18 58 38 21 49 83 79 81 52 12 4 19 22 61 63 14 20 47 36 78 72 73 75 29 87 67 1 30 86 3 35 76 54 68 33 55 56 48 34 9 5 65 85 16 53 80 60 28 59 17 45 15 27 64 50 11 51 88 57 7 46 69 25 43 74 39 44 84 31 37 62 13 26 70 82 66 32 40 0 71 77 89 6 42 8 24 10 2 23 41 
18 58 38 21 49 83 79 81 52 12 4 19 22 61 63 14 20 47 36 78 72 73 75 29 87 67 1 30 86 3 35 76 54 68 33 55 56 48 34 9 5 65 85 16 53 80 60 28 59 17 45 15 27 64 50 11 51 88 57 7 46 69 25 43 74 39 44 84 31 37 62 13 26 70 82 66 32 40 0 71 77 89 6 42 8 24 10 2 23 41 
20 37 47 36 78 74 67 87 72 73 75 29 46 7 51 71 0 40 32 27 50 64 25 43 69 57 88 11 77 89 6 42 24 8 2 10 23 45 86 35 3 17 59 66 79 81 82 53 80 60 28 15 30 1 39 44 84 14 63 62 26 13 70 16 85 65 5 4 12 52 83 49 21 38 56 18 58 34 9 48 54 68 55 76 33 41 19 22 61 31 
20 37 47 36 78 74 67 87 72 73 75 29 46 7 51 71 0 40 32 27 50 64 25 43 69 57 88 11 77 89 6 42 24 8 2 10 23 45 86 35 3 17 59 66 79 81 82 53 80 60 28 15 30 1 39 44 84 14 63 62 26 13 70 16 85 65 5 4 12 52 83 49 21 38 56 18 58 34 9 48 54 68 55 76 33 41 19 22 61 31 
86 3 17 59 15 30 1 74 67 87 29 75 73 72 47 37 80 44 84 53 14 63 13 26 62 31 20 78 36 39 60 28 66 82 81 79 52 83 49 21 38 58 34 9 12 4 19 22 61 85 16 65 70 5 48 56 18 55 68 33 54 76 35 23 2 10 8 24 45 32 27 40 0 71 51 50 88 57 69 7 46 25 43 64 11 89 6 77 42 41 
12 4 22 19 81 83 52 38 21 49 58 34 48 9 18 56 55 68 76 54 33 23 86 35 3 59 28 60 80 53 44 84 20 47 37 31 62 13 26 63 14 39 36 78 74 67 87 7 46 69 57 88 50 51 11 77 71 0 40 27 64 43 25 15 30 1 72 73 75 29 32 45 10 2 24 8 42 6 89 41 17 66 79 82 61 65 16 85 70 5 
31 37 47 78 36 67 74 1 30 28 59 17 15 32 40 0 71 50 51 11 77 89 6 42 8 24 10 2 23 86 3 35 54 76 49 21 38 48 58 34 56 18 55 68 33 41 45 27 64 57 88 43 25 46 7 69 29 75 73 72 87 44 20 84 14 63 26 13 70 85 65 16 5 83 81 82 66 79 19 22 61 4 12 9 52 53 80 60 39 62 
31 37 47 78 36 67 74 1 30 28 59 17 15 32 40 0 71 50 51 11 77 89 6 42 8 24 10 2 23 86 3 35 54 76 49 21 38 48 58 34 56 18 55 68 33 41 45 27 64 57 88 43 25 46 7 69 29 75 73 72 87 44 20 84 14 63 26 13 70 85 65 16 5 83 81 82 66 79 19 22 61 4 12 9 52 53 80 60 39 62 
0 11 77 71 51 50 88 64 27 40 32 45 86 23 35 3 59 17 15 28 60 78 74 67 87 7 46 69 43 25 57 42 8 24 2 10 41 68 33 54 76 55 56 18 58 34 38 21 49 83 52 81 4 12 5 22 61 26 13 63 14 62 31 37 47 36 20 84 44 80 53 82 19 79 66 48 9 16 65 85 70 72 73 75 29 30 1 39 6 89 
12 22 61 19 81 48 38 58 34 9 4 5 85 65 16 70 82 79 66 28 60 44 84 20 53 80 63 14 26 62 13 31 37 47 36 78 74 1 30 15 17 59 3 35 23 49 21 52 83 54 68 33 41 10 2 24 8 42 0 40 27 64 50 51 11 71 77 89 6 88 25 43 57 69 46 7 87 67 72 29 75 73 39 86 45 32 55 56 18 76 
50 64 25 43 69 7 46 67 74 1 30 15 60 28 59 17 3 86 23 35 76 54 68 55 18 56 58 38 21 49 48 34 9 12 4 5 22 61 63 14 26 13 62 31 20 84 36 47 37 70 85 16 65 81 79 19 82 80 53 44 39 78 87 72 29 75 73 57 51 11 71 0 40 27 45 32 24 8 42 2 10 41 33 52 83 66 77 89 6 88 
15 59 17 32 45 41 68 54 76 33 10 2 24 8 42 40 27 64 50 51 88 11 77 71 89 6 0 25 43 57 69 7 46 67 78 74 1 30 39 60 80 53 44 84 20 47 37 31 62 26 70 61 22 19 4 12 5 9 58 34 38 21 49 83 79 81 52 48 18 56 55 3 86 23 35 28 82 66 63 14 13 65 85 16 36 72 73 75 29 87 
66 79 82 53 80 60 28 15 17 59 30 1 74 67 87 75 73 47 37 31 84 20 63 14 26 13 62 70 83 52 21 48 34 9 12 4 19 81 22 61 65 85 16 5 76 35 86 3 23 45 32 27 40 0 71 51 50 64 25 43 57 88 11 77 89 6 42 8 24 2 10 41 68 33 54 55 56 18 58 38 49 44 39 78 36 72 29 7 46 69 
8 24 45 23 86 35 3 76 54 68 33 41 55 56 18 58 38 21 49 83 81 19 22 61 28 60 44 53 80 39 30 78 74 87 67 25 57 88 50 64 27 40 0 71 51 11 77 89 6 42 32 17 59 15 1 43 69 46 7 29 75 73 72 37 47 36 20 84 14 63 26 13 62 31 70 65 16 85 5 4 12 9 48 34 52 79 66 82 10 2 
61 22 19 4 52 48 21 49 38 58 18 56 34 9 76 68 54 33 2 10 23 35 86 3 66 79 83 81 82 60 53 80 44 84 20 47 36 78 39 1 67 74 87 72 73 75 29 7 46 69 43 25 64 27 40 42 24 8 0 71 11 77 6 89 51 50 88 57 30 15 28 17 59 32 45 41 55 12 5 16 65 85 70 63 26 13 62 31 37 14 
25 64 15 27 40 0 50 51 11 77 89 6 71 43 46 69 7 87 72 73 75 29 47 37 31 62 13 26 63 14 20 44 53 80 60 28 59 17 3 86 35 76 54 55 56 18 58 38 48 21 49 83 81 79 66 22 61 19 12 4 52 9 34 5 70 85 16 65 82 84 36 78 74 67 30 1 39 32 45 23 2 10 41 33 68 8 24 42 88 57 
57 43 25 64 50 51 11 77 89 6 71 0 40 27 32 45 86 35 23 2 10 24 8 42 15 17 59 28 60 30 1 74 67 78 36 87 73 72 29 75 47 37 84 80 53 44 39 20 31 14 63 26 13 62 70 65 85 16 61 22 19 82 81 79 66 3 76 54 33 68 55 18 56 58 34 21 49 83 52 4 12 5 9 48 38 41 88 69 46 7 
17 32 23 35 3 86 54 76 21 58 34 48 9 12 5 81 79 66 59 28 60 1 74 67 46 7 69 57 88 50 51 11 77 89 6 71 0 40 42 24 8 45 2 10 33 55 68 41 56 18 52 83 49 38 19 82 80 53 44 84 20 36 78 72 87 29 75 73 47 37 31 62 13 26 14 63 61 22 70 16 65 85 4 39 30 15 43 25 64 27 
74 1 39 78 36 20 47 73 72 75 29 67 87 46 7 69 57 43 25 30 15 52 83 79 81 19 82 61 22 4 12 9 34 49 21 38 58 56 18 33 54 76 35 3 86 23 45 2 10 41 68 55 48 5 65 85 16 70 13 26 63 14 84 44 80 53 60 28 59 17 32 0 71 51 50 88 11 77 89 6 42 8 24 64 27 40 66 62 31 37 
46 7 29 75 37 47 31 20 84 44 80 53 60 28 3 86 23 35 10 2 41 68 33 54 55 38 58 18 56 76 66 81 52 83 49 21 48 34 9 12 19 22 61 63 14 62 13 26 70 65 85 16 5 4 79 82 17 59 15 64 50 51 88 11 77 6 89 0 71 27 40 42 24 8 32 45 25 43 57 69 1 30 39 74 78 36 72 73 87 67 
7 46 69 74 78 36 20 84 53 44 80 60 28 59 17 86 3 35 23 2 10 54 76 49 21 48 52 83 81 79 66 82 22 19 5 12 4 61 62 26 14 31 37 47 72 73 75 29 87 67 1 43 25 27 40 0 71 11 77 89 6 42 8 24 45 32 15 30 39 63 13 70 65 85 16 9 34 38 58 56 18 55 68 33 41 51 88 50 64 57 
21 49 83 4 12 52 81 19 22 61 5 9 34 48 38 58 18 56 76 54 68 55 33 45 86 23 3 35 2 10 41 24 8 42 0 40 27 15 30 1 74 67 87 72 29 75 73 36 39 78 46 7 69 57 88 50 51 11 77 89 6 71 64 25 43 28 60 80 53 44 84 20 47 37 31 62 13 26 70 65 85 16 66 79 82 63 14 59 17 32 
19 4 12 5 9 34 38 58 56 18 68 33 54 76 49 21 48 52 83 79 66 81 82 17 59 3 35 23 86 45 32 27 64 50 51 88 69 43 25 57 46 7 1 30 67 74 78 36 37 31 62 13 70 26 14 63 44 80 53 84 20 47 87 72 73 75 29 39 60 28 15 40 71 0 42 11 77 89 6 8 24 2 10 41 55 22 61 65 85 16 
3 86 23 35 76 54 68 55 56 18 58 34 9 52 5 12 4 19 22 61 16 85 65 70 13 26 63 14 62 31 37 47 36 78 39 44 80 53 60 28 59 0 40 32 45 10 2 24 8 42 6 89 77 11 51 88 57 69 7 46 87 67 74 1 30 15 17 82 79 81 48 83 49 21 38 33 41 66 84 20 73 75 72 29 25 43 50 64 27 71 
61 22 81 79 19 12 4 5 65 16 85 70 13 26 62 14 20 84 44 53 80 60 28 3 86 35 23 45 32 42 8 24 2 10 41 33 68 55 54 76 66 59 17 15 64 51 50 88 57 43 25 7 46 69 6 89 77 11 71 0 40 27 30 1 74 39 78 36 72 47 37 31 73 75 29 87 67 58 38 48 52 83 49 21 9 34 18 56 82 63 
69 46 7 78 74 67 87 29 72 73 37 47 20 84 80 53 60 44 39 30 1 43 25 57 88 51 50 11 77 89 6 71 0 40 32 17 59 28 15 64 42 24 8 2 10 41 45 23 35 3 86 76 33 68 54 55 56 18 58 34 38 48 9 12 4 81 79 83 49 21 52 19 61 22 5 16 85 65 70 13 26 14 31 62 63 82 66 27 36 75 
63 62 70 13 26 14 84 44 60 80 53 66 81 35 86 3 23 33 68 55 54 76 21 49 48 34 38 58 56 18 9 12 4 5 52 83 79 82 19 22 61 16 85 65 31 37 47 36 39 1 30 28 59 17 15 32 45 10 41 2 24 8 42 0 40 27 64 51 11 77 57 88 50 71 89 6 46 7 69 43 25 67 74 78 87 72 73 75 29 20 
63 62 70 13 26 14 84 44 60 80 53 66 81 35 86 3 23 33 68 55 54 76 21 49 48 34 38 58 56 18 9 12 4 5 52 83 79 82 19 22 61 16 85 65 31 37 47 36 39 1 30 28 59 17 15 32 45 10 41 2 24 8 42 0 40 27 64 51 11 77 57 88 50 71 89 6 46 7 69 43 25 67 74 78 87 72 73 75 29 20 
21 49 54 76 35 86 3 17 59 28 1 30 46 7 69 57 88 50 51 11 77 89 6 42 40 0 27 32 45 23 33 10 2 8 24 41 68 55 56 18 58 38 48 12 9 34 4 19 81 79 83 52 82 53 44 84 20 36 78 74 67 87 72 73 75 29 47 37 31 62 26 13 70 65 85 16 5 22 61 63 14 80 60 39 15 64 25 43 71 66 
3 86 32 2 10 41 33 68 54 55 56 18 38 58 34 48 9 21 49 66 79 81 82 19 22 5 12 4 52 83 76 35 17 59 28 60 80 53 44 39 1 74 78 36 47 37 72 73 75 29 87 67 7 46 69 43 25 57 88 51 11 77 71 0 40 42 24 8 45 23 30 15 27 64 50 89 6 84 20 31 62 13 26 14 63 70 16 85 65 61 
49 83 79 81 82 53 80 60 28 59 3 86 35 68 54 33 76 55 56 18 58 38 34 48 9 5 19 4 12 22 61 65 16 85 70 63 14 26 13 62 31 37 47 36 78 39 74 67 1 30 15 71 0 64 50 51 11 77 89 6 42 40 27 32 17 66 44 84 20 72 87 29 73 75 69 46 7 43 25 88 57 24 8 2 10 41 23 45 52 21 
40 51 50 64 27 59 17 2 10 41 33 68 55 54 76 35 3 86 23 32 45 8 24 42 0 71 89 6 77 11 88 57 69 46 7 67 74 78 36 72 73 75 29 87 1 43 25 30 15 28 60 80 53 44 84 20 47 37 31 62 13 26 63 14 82 19 61 22 12 4 5 9 52 83 81 66 79 21 49 48 38 58 34 56 18 16 85 65 70 39 
84 44 80 60 28 59 17 32 86 3 54 68 33 23 2 10 41 55 76 38 48 9 34 58 56 18 49 21 52 83 81 19 4 12 5 65 16 85 61 22 70 13 26 63 14 62 31 37 47 36 78 74 67 87 69 30 1 25 43 57 88 50 51 11 89 71 77 6 0 40 42 24 8 45 35 66 79 82 53 39 20 73 72 29 75 7 46 27 64 15 
84 44 80 60 28 59 17 32 86 3 54 68 33 23 2 10 41 55 76 38 48 9 34 58 56 18 49 21 52 83 81 19 4 12 5 65 16 85 61 22 70 13 26 63 14 62 31 37 47 36 78 74 67 87 69 30 1 25 43 57 88 50 51 11 89 71 77 6 0 40 42 24 8 45 35 66 79 82 53 39 20 73 72 29 75 7 46 27 64 15 
76 54 68 33 23 35 3 45 32 17 59 28 60 80 44 84 20 37 31 62 26 13 70 65 85 16 5 12 19 81 52 4 22 61 53 63 14 66 79 83 49 21 48 38 58 56 18 34 9 55 41 2 10 24 8 42 88 25 1 74 78 36 72 29 75 73 67 87 46 7 69 43 57 50 64 51 11 77 6 89 71 0 40 27 15 30 39 47 82 86 
56 18 38 49 21 48 52 12 4 22 19 81 83 79 66 28 59 17 3 86 35 76 54 68 33 2 10 32 45 24 8 42 0 40 27 64 50 88 57 69 43 25 30 1 74 67 87 29 72 73 75 47 37 31 62 26 13 16 65 85 70 14 63 36 78 7 46 11 77 89 6 71 51 15 60 80 53 44 84 20 39 82 61 5 9 34 58 55 41 23 
61 22 19 4 52 49 21 38 58 34 48 9 12 81 79 66 28 60 80 53 44 84 63 14 26 13 62 31 37 47 20 36 78 74 67 87 29 75 73 72 39 59 25 15 30 1 43 69 7 46 57 88 50 51 11 77 89 6 42 0 71 64 27 40 32 17 35 86 3 54 76 56 18 55 68 33 41 2 10 8 24 45 23 82 83 5 16 85 65 70 
48 21 49 55 56 18 58 34 38 83 52 12 4 19 81 79 66 28 59 17 3 35 23 86 32 45 2 10 33 76 54 68 41 24 8 42 0 71 51 50 64 25 43 69 46 7 30 57 88 11 77 89 6 40 27 15 39 1 74 67 29 75 73 72 37 47 36 78 87 31 62 13 26 63 14 20 84 44 53 80 60 82 61 22 5 65 85 16 70 9 
79 83 52 81 12 9 48 38 58 56 18 21 49 76 35 86 3 17 59 28 60 80 53 63 14 62 13 26 31 37 47 78 1 74 67 39 44 84 36 20 72 29 75 73 87 46 7 69 57 50 64 43 25 30 15 27 40 32 45 23 41 8 24 42 71 0 89 77 11 88 51 6 2 10 33 68 55 54 34 5 4 19 22 61 70 85 16 65 82 66 
53 80 60 28 66 79 82 81 83 52 48 9 5 12 4 19 22 61 26 63 14 44 84 20 37 47 72 73 75 29 87 39 36 78 74 43 64 27 0 71 77 11 51 88 50 25 30 1 67 46 7 69 57 15 40 42 6 89 8 24 2 10 41 33 55 54 76 23 35 86 3 17 59 32 45 68 49 21 38 34 58 56 18 65 16 85 70 13 62 31 
65 85 16 13 26 62 31 37 47 20 84 44 80 60 28 17 59 3 86 23 35 76 54 55 68 33 41 10 2 8 24 42 40 27 64 51 11 77 50 88 57 43 25 30 1 74 67 87 46 69 7 29 75 73 72 36 78 39 14 63 61 22 19 4 12 5 9 48 49 21 38 56 18 58 34 83 79 66 82 53 32 15 0 71 89 6 45 52 81 70 
7 46 43 57 88 50 51 0 71 77 11 89 6 25 30 1 78 74 67 87 72 73 29 75 37 47 31 62 13 26 61 22 4 19 52 83 48 38 76 54 55 56 18 49 21 82 79 81 66 63 14 53 44 80 60 28 17 59 15 27 40 64 42 24 8 45 32 86 3 35 23 2 10 41 33 68 58 34 9 12 5 85 65 16 70 20 84 39 36 69 
6 89 77 11 51 71 0 40 64 50 43 25 57 88 69 46 7 74 78 36 47 37 20 84 44 53 80 82 79 83 49 21 38 58 56 18 55 68 33 54 3 86 41 10 24 8 2 45 23 76 35 66 19 22 61 14 62 63 26 13 70 65 85 16 5 12 4 48 9 34 52 81 59 17 32 27 15 30 1 67 87 72 73 75 29 31 39 60 28 42 
22 61 63 26 13 70 62 31 37 47 36 78 39 28 80 60 30 15 59 17 3 86 35 23 24 8 42 0 71 11 77 89 6 40 27 64 43 25 1 74 67 87 72 73 75 29 7 46 69 57 88 51 50 66 82 79 81 19 12 4 21 49 83 52 48 38 58 34 9 56 18 55 54 76 33 68 41 10 2 45 32 84 44 20 53 14 65 16 85 5 
86 3 35 76 54 68 33 41 10 2 21 49 83 81 19 61 22 4 12 5 52 48 55 56 18 38 58 34 9 65 16 85 70 26 13 62 31 37 47 20 36 78 46 7 69 43 25 64 51 11 77 71 0 40 27 6 89 24 8 32 45 17 59 28 60 80 53 44 84 14 63 82 79 66 15 30 1 74 67 87 72 73 75 29 39 57 88 50 42 23 
39 47 20 84 1 74 67 78 87 72 73 75 29 30 15 27 64 50 51 11 77 71 0 40 32 45 23 86 35 76 54 55 56 18 38 34 9 12 5 4 81 79 83 49 21 48 52 58 68 33 41 10 2 8 24 42 89 6 57 88 46 7 69 25 43 36 37 31 62 13 26 63 53 60 80 44 28 59 17 3 66 82 61 22 19 65 85 16 70 14 
46 69 43 25 88 51 50 64 0 71 40 27 32 45 86 23 35 3 17 59 28 60 80 82 66 79 81 83 4 19 22 61 63 14 26 13 62 31 37 47 20 39 74 78 67 1 30 15 57 11 77 89 6 42 8 24 2 10 41 33 68 55 54 76 38 52 9 34 48 49 21 56 18 58 12 5 65 85 16 70 53 44 84 36 72 29 75 73 87 7 
24 8 42 89 6 77 11 51 71 0 40 64 50 88 57 69 46 7 78 74 67 87 29 75 73 72 47 37 20 36 31 84 44 80 60 28 59 17 3 35 86 45 2 10 41 68 33 54 76 58 56 18 55 21 49 83 81 19 79 82 53 1 39 63 14 62 26 13 70 85 16 65 34 38 48 9 4 12 22 61 5 52 66 15 30 25 43 27 32 23 
75 73 72 87 7 46 69 57 88 50 51 71 0 6 89 77 11 80 60 17 59 28 15 43 25 30 1 74 67 36 78 39 44 53 84 20 47 37 31 62 13 26 14 63 61 22 4 12 9 52 81 83 48 38 58 34 18 56 55 54 33 68 41 10 2 23 32 40 27 64 3 35 86 45 24 8 42 76 49 21 79 82 66 19 5 65 85 16 70 29 
40 0 71 77 11 51 50 88 57 43 25 69 7 46 30 1 74 67 87 72 73 75 29 47 37 20 84 78 39 60 80 53 82 79 81 52 21 49 48 4 12 9 58 38 34 18 56 55 54 76 3 86 35 23 2 10 33 68 41 24 8 42 6 89 64 27 15 17 59 28 44 63 61 19 22 5 16 65 85 70 13 26 14 62 36 31 83 66 45 32 
19 81 52 83 49 21 38 48 9 12 4 5 22 61 65 16 85 70 26 62 14 63 13 31 37 47 36 78 74 67 1 30 15 28 59 17 32 45 86 3 23 35 76 54 33 68 55 56 18 58 34 79 82 53 44 84 20 46 7 69 57 50 64 25 43 88 51 11 77 89 6 71 0 42 8 24 2 10 41 40 27 39 87 29 72 73 75 80 60 66 
61 22 19 4 52 48 21 49 38 58 18 56 34 9 76 68 54 33 2 10 23 35 86 3 66 79 83 81 82 60 53 80 44 84 20 47 36 78 39 1 67 74 87 72 73 75 29 7 46 69 43 25 64 27 40 42 24 8 0 71 11 77 6 89 51 50 88 57 30 15 28 17 59 32 45 41 55 12 5 16 65 85 70 63 26 13 62 31 37 14 
28 60 53 80 44 78 74 67 87 75 73 84 20 37 47 31 14 26 13 62 70 65 85 16 5 61 22 19 79 81 52 83 49 21 38 58 56 18 55 68 54 33 76 35 23 3 86 45 32 40 42 0 71 51 50 88 57 43 25 69 46 7 29 72 36 39 1 30 15 64 27 17 59 66 82 63 4 12 9 48 34 2 10 41 24 8 6 89 77 11 
28 60 53 80 44 78 74 67 87 75 73 84 20 37 47 31 14 26 13 62 70 65 85 16 5 61 22 19 79 81 52 83 49 21 38 58 56 18 55 68 54 33 76 35 23 3 86 45 32 40 42 0 71 51 50 88 57 43 25 69 46 7 29 72 36 39 1 30 15 64 27 17 59 66 82 63 4 12 9 48 34 2 10 41 24 8 6 89 77 11 
37 47 20 84 39 74 67 87 29 75 73 72 78 36 44 53 80 60 28 59 17 3 23 86 15 30 1 69 7 46 43 25 64 50 51 88 27 40 32 45 33 54 76 35 68 55 56 18 58 34 48 38 21 49 79 66 81 52 9 12 4 22 61 19 82 63 14 31 26 13 62 70 85 65 16 5 83 41 10 2 24 8 42 0 71 77 11 6 89 57 
30 1 74 67 78 36 47 37 20 84 44 53 80 60 28 59 17 86 45 32 40 0 64 25 43 50 88 57 69 7 46 87 29 72 73 75 31 26 13 62 63 14 82 79 83 49 21 38 34 9 12 52 4 19 22 61 70 85 16 65 5 48 81 66 15 27 3 35 23 2 10 56 18 58 55 68 54 76 33 41 24 8 42 71 51 11 77 89 6 39 
15 27 0 40 42 8 24 32 45 2 10 41 33 54 68 55 56 18 48 9 34 58 38 21 49 83 52 76 35 3 86 23 59 28 60 80 53 44 84 20 37 47 78 74 67 1 30 25 64 50 51 71 77 89 6 11 88 57 69 43 46 7 29 72 36 73 75 87 39 66 82 81 61 22 12 4 5 19 63 62 13 26 14 31 70 65 16 85 79 17 
65 85 16 13 26 62 31 37 47 20 84 44 80 60 28 17 59 3 86 23 35 76 54 55 68 33 41 10 2 8 24 42 40 27 64 51 11 77 50 88 57 43 25 30 1 74 67 87 46 69 7 29 75 73 72 36 78 39 14 63 61 22 19 4 12 5 9 48 49 21 38 56 18 58 34 83 79 66 82 53 32 15 0 71 89 6 45 52 81 70 
31 37 47 20 14 53 60 80 44 84 63 17 59 28 66 79 82 19 22 5 12 4 81 52 83 49 21 48 38 58 18 56 55 68 33 54 76 35 3 86 32 15 30 1 74 67 87 46 7 69 57 43 25 50 64 27 40 0 71 51 88 11 77 89 6 42 8 24 10 2 45 23 41 34 9 61 70 26 62 13 16 85 65 72 73 75 29 39 78 36 
67 87 29 75 73 36 78 74 1 30 60 80 53 44 84 20 31 37 47 72 39 79 81 83 49 21 54 76 33 68 55 56 18 58 38 48 52 9 34 41 10 2 24 8 42 0 40 64 50 51 71 11 77 89 6 88 57 69 43 25 27 15 17 59 32 86 3 35 23 45 28 66 82 4 12 5 19 22 61 65 16 85 70 14 63 26 13 62 46 7 
23 2 10 45 40 32 17 59 35 3 86 79 81 82 19 22 61 26 13 62 31 37 47 84 20 63 14 66 76 54 68 33 55 56 18 38 58 9 48 34 21 49 83 52 4 12 5 65 16 85 70 53 80 60 28 15 27 64 89 6 11 77 50 88 57 69 7 46 87 72 73 75 29 78 36 67 74 30 1 39 44 25 43 51 71 0 42 8 24 41 
14 26 13 62 31 47 37 20 84 44 53 80 60 28 59 17 3 86 35 23 54 68 55 56 18 58 34 9 48 38 21 49 83 52 4 12 81 79 82 66 19 22 61 85 65 16 5 76 33 41 10 2 8 24 40 27 15 30 1 74 78 36 39 67 87 29 72 73 75 7 46 69 43 25 88 50 51 11 77 89 6 71 0 57 64 42 32 45 63 70 
14 26 13 62 31 47 37 20 84 44 53 80 60 28 59 17 3 86 35 23 54 68 55 56 18 58 34 9 48 38 21 49 83 52 4 12 81 79 82 66 19 22 61 85 65 16 5 76 33 41 10 2 8 24 40 27 15 30 1 74 78 36 39 67 87 29 72 73 75 7 46 69 43 25 88 50 51 11 77 89 6 71 0 57 64 42 32 45 63 70 
83 49 48 38 58 34 5 4 12 52 81 79 66 28 59 17 3 86 35 76 68 55 56 18 54 33 2 10 23 45 32 40 27 15 30 1 74 67 87 78 84 44 53 80 60 39 14 63 22 61 70 13 26 62 31 37 47 36 20 29 75 73 72 46 7 69 25 43 57 88 51 50 64 77 11 89 6 0 71 42 24 8 41 21 9 19 82 16 85 65 
81 52 9 48 83 79 49 21 38 58 56 18 55 54 68 33 41 10 2 24 8 42 0 40 27 64 50 51 11 71 77 89 6 69 46 7 57 88 25 43 1 30 15 59 17 32 45 23 86 3 35 76 28 60 80 53 44 84 47 37 31 36 78 74 67 87 29 73 75 72 20 63 14 26 13 62 61 22 19 4 12 5 65 85 16 70 82 66 39 34 
24 8 42 40 0 71 77 11 51 50 88 25 43 57 69 46 7 39 60 80 53 84 44 47 37 31 26 13 62 14 63 20 36 78 74 67 87 72 73 75 29 1 30 15 28 59 3 86 35 23 45 76 54 33 68 55 56 18 21 49 38 58 34 48 9 12 4 81 83 52 19 61 22 65 16 85 5 70 82 79 66 17 32 27 64 6 89 10 2 41 
0 27 40 42 32 17 3 86 35 23 41 33 68 54 76 21 49 83 52 81 4 12 5 65 16 85 70 13 63 14 26 62 31 37 47 20 84 53 80 60 28 15 30 1 67 46 69 43 25 57 88 51 11 77 89 6 71 50 64 45 38 58 56 18 55 48 34 9 22 19 61 82 66 79 44 39 78 36 72 73 75 29 87 74 7 59 2 10 24 8 
49 21 38 9 52 12 5 4 22 61 82 19 81 79 66 60 80 53 44 84 20 36 78 39 74 72 73 75 29 67 87 43 25 27 50 51 11 77 89 6 0 71 88 57 69 7 46 1 30 15 64 24 8 42 40 32 45 86 35 3 76 54 68 33 48 34 58 18 56 55 41 10 2 23 17 59 28 62 31 37 47 63 14 26 13 70 65 16 85 83 
50 40 0 42 8 24 10 2 23 3 86 45 32 27 64 51 88 57 43 69 46 7 67 74 78 36 20 84 44 80 53 63 62 14 31 37 47 39 1 30 15 17 59 60 28 82 66 79 83 52 48 38 21 49 55 68 33 54 76 35 41 56 18 58 34 9 12 4 19 81 22 61 5 85 16 65 70 26 13 73 72 87 29 75 71 77 11 89 6 25 
62 13 26 63 53 80 60 28 59 17 30 1 74 67 87 29 75 73 72 36 47 37 20 84 14 31 39 78 44 15 25 43 57 69 7 46 64 51 50 88 11 77 6 89 71 0 40 27 32 3 86 35 23 54 76 41 10 2 45 42 24 8 33 68 55 56 18 58 38 21 49 48 34 9 12 52 66 79 81 82 19 4 5 16 85 65 61 22 83 70 
62 13 26 63 53 80 60 28 59 17 30 1 74 67 87 29 75 73 72 36 47 37 20 84 14 31 39 78 44 15 25 43 57 69 7 46 64 51 50 88 11 77 6 89 71 0 40 27 32 3 86 35 23 54 76 41 10 2 45 42 24 8 33 68 55 56 18 58 38 21 49 48 34 9 12 52 66 79 81 82 19 4 5 16 85 65 61 22 83 70 
3 86 35 23 33 68 54 76 21 49 83 79 81 52 4 12 5 65 16 85 70 61 22 19 82 66 59 28 60 80 53 44 39 87 78 74 67 1 30 43 25 69 46 7 57 88 50 64 27 40 32 17 15 0 71 77 11 51 89 6 42 8 24 45 2 10 41 55 56 18 58 38 34 48 9 84 20 14 63 26 13 62 37 31 47 36 75 72 73 29 
3 86 35 23 33 68 54 76 21 49 83 79 81 52 4 12 5 65 16 85 70 61 22 19 82 66 59 28 60 80 53 44 39 87 78 74 67 1 30 43 25 69 46 7 57 88 50 64 27 40 32 17 15 0 71 77 11 51 89 6 42 8 24 45 2 10 41 55 56 18 58 38 34 48 9 84 20 14 63 26 13 62 37 31 47 36 75 72 73 29 
22 4 12 9 48 38 58 34 52 83 49 21 35 3 86 23 45 32 40 0 71 77 11 51 50 88 57 43 25 64 27 15 30 1 74 67 87 29 72 73 44 84 20 36 37 47 78 39 53 80 60 28 59 17 82 81 79 66 54 76 68 33 55 56 18 41 10 2 24 8 42 89 6 7 46 69 75 14 63 26 13 62 31 70 65 16 85 5 19 61 
82 79 83 81 52 12 4 19 22 61 63 14 20 84 44 80 53 66 60 28 17 3 35 76 49 21 48 34 38 58 56 18 55 68 33 41 2 10 45 32 27 40 64 50 51 11 77 89 6 8 24 42 0 71 88 57 69 43 25 15 30 1 74 67 87 29 72 73 75 7 46 36 78 47 37 31 62 13 26 70 65 16 85 5 9 54 23 86 59 39 
85 16 65 19 79 81 22 5 4 12 38 34 58 18 56 21 49 83 52 48 9 61 82 53 44 84 20 37 47 36 72 73 75 29 87 67 74 78 39 80 60 59 17 32 3 86 35 76 54 33 68 55 41 10 2 24 8 42 0 40 27 64 50 51 71 6 89 77 11 88 57 69 46 7 30 25 43 1 28 23 45 15 66 14 63 26 62 13 70 31 
10 2 23 40 86 3 35 33 54 76 55 56 18 58 38 21 49 83 52 48 34 9 5 12 4 81 79 66 82 19 61 22 65 16 85 70 26 13 62 14 63 53 44 80 60 28 59 17 15 43 57 88 50 64 11 77 89 6 71 51 27 32 45 24 8 42 0 39 78 74 67 87 7 46 69 1 30 25 29 75 73 72 36 47 37 31 20 84 68 41 
56 18 58 38 21 49 52 83 81 19 4 12 5 22 61 16 65 85 70 13 26 62 31 37 47 36 39 84 63 14 20 53 44 80 60 28 59 17 3 86 35 23 68 54 76 33 48 34 9 79 66 82 78 74 1 67 87 29 75 73 72 7 46 69 43 25 64 50 51 11 77 89 6 24 8 71 0 40 32 45 15 30 27 57 88 42 2 10 41 55 
85 16 65 70 13 26 14 63 80 60 28 59 66 79 81 52 83 49 21 38 9 48 34 58 56 18 55 54 33 68 41 10 2 24 8 45 86 3 35 76 23 17 32 27 50 88 57 25 43 64 51 71 0 42 40 89 6 77 11 69 46 7 29 75 72 73 47 36 78 39 84 20 37 31 62 61 22 4 19 82 53 44 30 1 74 67 87 15 12 5 
85 16 65 70 13 26 14 63 80 60 28 59 66 79 81 52 83 49 21 38 9 48 34 58 56 18 55 54 33 68 41 10 2 24 8 45 86 3 35 76 23 17 32 27 50 88 57 25 43 64 51 71 0 42 40 89 6 77 11 69 46 7 29 75 72 73 47 36 78 39 84 20 37 31 62 61 22 4 19 82 53 44 30 1 74 67 87 15 12 5 
17 59 28 60 80 53 44 84 20 31 37 47 36 78 29 87 67 74 1 39 30 15 27 64 50 25 43 69 46 7 57 88 51 11 77 89 6 0 40 42 8 24 45 86 3 35 76 54 68 33 41 2 10 23 66 79 81 82 72 73 75 14 26 62 13 70 65 16 85 61 22 4 12 52 83 38 58 56 55 18 21 49 48 34 9 5 19 63 71 32 
60 80 53 44 84 20 37 47 39 78 36 72 73 75 29 87 67 74 1 30 15 25 64 27 32 45 89 6 77 11 51 50 88 57 43 46 7 69 66 79 81 83 52 4 12 5 62 13 26 70 65 85 16 61 63 14 31 82 19 22 49 21 38 48 9 34 58 56 18 55 76 54 33 68 41 10 24 8 42 0 71 40 17 59 3 86 23 2 35 28 
36 78 74 67 1 30 39 80 53 44 84 62 31 37 47 20 63 26 13 14 61 22 12 4 19 81 79 83 49 21 35 86 3 59 17 32 45 28 60 15 11 51 50 88 57 69 7 46 43 25 64 27 40 42 0 71 77 89 6 24 8 10 2 23 41 55 68 33 54 76 38 56 18 58 34 48 9 52 5 85 16 65 70 82 66 72 73 75 29 87 
49 83 52 81 86 35 23 45 24 8 42 40 27 15 25 88 50 51 11 77 89 6 71 0 64 43 57 69 46 7 87 39 78 36 14 63 20 84 44 60 59 17 3 79 66 80 53 82 19 4 12 5 85 65 16 70 13 26 62 31 37 47 72 73 75 29 67 74 1 30 28 32 2 10 41 68 33 54 76 55 56 18 21 38 48 9 34 58 22 61 
8 24 2 10 41 33 68 54 55 56 18 58 34 21 49 83 52 4 81 19 22 61 63 14 20 84 44 53 80 60 28 59 35 3 86 23 45 32 40 27 46 7 69 43 25 64 50 51 88 57 11 77 89 6 71 0 42 17 15 30 1 74 67 87 72 73 75 29 82 79 66 36 78 39 47 37 31 13 26 62 70 65 85 16 5 12 9 38 48 76 
