20 18 6 54 29 26 21 42 33 51 1 13 11 23 25 46 3 14 28 12 58 44 45 22 38 5 50 36 0 7 9 30 40 15 4 49 8 37 55 39 47 35 48 16 59 32 17 10 34 41 24 27 52 2 56 53 57 31 19 43 
30 37 12 0 20 6 54 10 32 16 1 42 25 4 56 43 52 53 27 41 17 2 3 46 50 44 23 49 8 45 5 28 38 48 7 9 47 55 39 57 29 11 35 36 15 13 22 14 33 31 18 26 24 51 19 21 58 34 40 59 
3 35 24 32 34 48 4 21 17 33 28 5 19 18 16 6 59 56 7 41 39 26 20 0 9 10 51 44 58 57 11 49 12 13 40 54 42 37 55 14 15 38 22 43 53 23 25 8 29 52 30 31 50 36 45 46 47 1 27 2 
25 12 51 4 36 28 42 11 1 2 55 49 32 13 54 16 35 50 27 59 38 3 37 9 5 14 6 46 47 40 52 41 17 23 7 48 8 45 18 57 21 20 10 15 34 43 29 19 22 30 39 24 26 56 31 0 44 53 58 33 
43 12 59 35 32 19 7 34 17 48 27 11 40 22 20 57 8 53 45 24 36 44 23 4 10 3 42 14 58 5 29 56 6 18 38 54 21 41 25 31 9 50 28 26 55 51 13 2 39 46 16 49 52 30 1 37 47 15 33 0 
56 36 34 52 24 21 48 1 22 59 54 37 9 40 16 32 43 4 53 17 23 29 15 28 11 51 27 58 12 42 49 7 47 35 44 46 14 31 20 45 41 30 18 57 19 38 33 13 26 55 10 50 0 6 5 3 2 39 8 25 
32 40 46 2 34 3 10 59 15 35 16 6 12 22 49 25 36 47 48 38 51 58 4 20 14 55 23 5 44 56 7 30 11 21 29 31 24 39 8 37 42 9 28 50 33 13 19 57 45 17 18 54 0 43 27 41 1 53 26 52 
32 40 46 2 34 3 10 59 15 35 16 6 12 22 49 25 36 47 48 38 51 58 4 20 14 55 23 5 44 56 7 30 11 21 29 31 24 39 8 37 42 9 28 50 33 13 19 57 45 17 18 54 0 43 27 41 1 53 26 52 
51 25 36 0 29 17 38 41 21 44 50 59 32 9 4 8 37 54 39 55 15 10 28 6 24 12 34 49 52 57 42 13 58 14 43 33 5 7 18 20 31 1 48 11 45 26 56 27 19 30 3 46 23 53 35 16 47 2 40 22 
44 19 31 5 9 49 36 43 14 21 54 18 10 33 32 20 0 51 12 27 39 59 40 8 55 50 1 23 16 3 30 4 24 15 35 48 26 6 2 34 22 28 53 7 42 58 45 57 46 11 37 41 13 25 38 56 17 52 29 47 
52 27 10 26 31 51 17 39 13 19 28 0 5 53 41 9 49 4 42 46 20 38 11 12 30 15 33 48 7 59 45 23 1 37 32 56 14 22 43 24 40 21 57 58 16 34 2 55 25 18 8 50 36 3 47 35 6 44 29 54 
35 47 51 36 45 20 53 44 49 2 27 9 41 46 22 24 39 26 38 1 55 21 57 48 14 19 30 32 31 6 8 40 28 43 34 0 18 54 16 15 50 56 29 5 10 13 4 17 59 52 25 11 23 7 58 3 42 37 33 12 
55 49 31 13 33 38 34 24 50 7 28 39 40 59 36 53 46 8 5 48 32 54 58 1 44 9 21 29 15 41 10 42 11 20 18 22 43 37 19 12 14 57 30 52 26 16 17 45 23 51 25 3 2 47 56 0 6 35 27 4 
17 48 24 21 32 25 40 4 14 46 8 54 6 39 15 26 47 51 42 52 57 37 1 58 28 35 34 18 38 36 30 49 2 13 27 12 10 29 31 20 55 3 59 11 19 7 5 0 41 9 50 56 44 22 53 33 23 45 43 16 
51 41 15 40 36 45 57 22 29 0 2 52 5 26 10 9 27 43 31 6 18 44 3 12 28 38 33 56 37 23 47 32 16 55 4 7 13 21 54 1 39 11 53 8 20 34 42 17 25 50 19 49 35 14 48 30 59 24 58 46 
17 21 18 5 1 3 29 54 8 49 35 2 25 13 50 44 22 28 43 26 31 10 11 4 14 42 19 7 6 40 41 45 9 56 23 15 51 46 39 33 57 27 30 36 12 20 16 38 47 32 55 52 24 34 59 48 37 58 53 0 
9 8 17 6 41 12 45 49 38 54 24 29 57 52 42 51 13 3 15 27 43 50 36 30 33 16 20 18 56 31 19 32 21 26 11 47 55 25 23 28 34 10 4 44 53 39 40 35 48 58 59 5 22 2 14 46 1 0 37 7 
30 24 20 36 10 34 0 27 3 8 1 6 54 35 2 4 45 55 39 43 18 26 25 51 33 19 14 57 22 53 5 46 28 7 12 9 49 11 32 17 41 50 13 37 47 15 52 23 42 56 16 21 38 44 29 31 58 40 48 59 
28 56 43 25 12 41 17 54 55 49 20 5 4 59 21 57 22 0 53 44 38 32 9 26 27 52 42 29 7 11 51 24 23 35 47 39 8 37 40 50 16 14 48 30 10 46 45 33 13 18 36 34 15 31 19 6 1 3 2 58 
15 46 40 48 11 22 51 32 55 37 41 4 3 44 17 0 42 31 57 43 53 28 10 21 45 38 59 14 30 33 25 18 20 36 50 19 6 29 23 54 47 13 26 58 7 1 49 34 9 52 24 2 16 35 27 5 56 8 39 12 
54 24 45 57 31 19 26 28 18 23 4 2 8 55 13 35 42 47 43 38 20 29 25 10 9 15 6 56 12 0 50 36 5 53 44 14 21 33 30 34 48 52 22 16 32 41 7 37 40 51 27 49 58 11 1 59 39 3 17 46 
54 24 45 57 31 19 26 28 18 23 4 2 8 55 13 35 42 47 43 38 20 29 25 10 9 15 6 56 12 0 50 36 5 53 44 14 21 33 30 34 48 52 22 16 32 41 7 37 40 51 27 49 58 11 1 59 39 3 17 46 
43 30 27 52 23 31 41 19 55 4 51 45 37 13 17 36 54 56 50 14 32 49 12 5 28 38 34 48 59 53 20 57 42 15 40 33 9 26 39 35 3 22 1 8 58 46 24 21 18 16 7 2 47 10 6 29 44 11 25 0 
9 38 1 32 49 16 30 0 53 54 46 45 25 56 34 12 33 57 5 20 42 10 18 4 17 41 22 7 13 43 23 3 39 2 48 36 55 15 14 19 31 40 35 47 26 44 21 29 52 24 59 6 50 28 37 58 11 8 51 27 
19 44 34 26 29 20 36 31 47 13 9 35 55 59 49 4 24 27 16 45 28 17 41 6 53 58 21 37 51 1 39 7 57 8 30 18 48 38 52 33 56 12 42 43 32 10 54 0 23 40 50 14 11 46 3 25 22 5 15 2 
56 53 38 39 55 6 2 33 0 44 54 20 24 47 13 15 36 7 52 42 51 35 1 29 30 50 9 27 34 59 48 17 46 5 3 45 43 22 16 41 40 4 11 18 19 37 32 8 31 26 28 14 25 23 21 12 10 58 49 57 
40 30 6 20 44 27 4 41 52 36 0 58 19 18 32 54 49 47 57 9 1 46 2 31 10 12 25 45 3 56 22 15 28 13 42 5 39 8 38 55 7 11 23 51 14 43 53 29 26 24 16 35 17 50 48 21 33 37 34 59 
40 30 6 20 44 27 4 41 52 36 0 58 19 18 32 54 49 47 57 9 1 46 2 31 10 12 25 45 3 56 22 15 28 13 42 5 39 8 38 55 7 11 23 51 14 43 53 29 26 24 16 35 17 50 48 21 33 37 34 59 
52 12 58 35 33 13 50 16 37 46 14 29 20 36 8 49 17 44 4 55 47 27 54 5 43 56 9 1 28 39 41 57 7 38 15 25 34 21 30 10 32 48 26 19 0 24 18 31 22 3 11 6 2 51 53 42 23 45 40 59 
32 49 8 24 26 57 9 52 28 31 25 12 10 22 33 21 11 37 55 16 48 17 4 56 14 35 46 15 45 3 2 20 53 23 58 51 27 59 29 44 39 7 34 38 36 5 43 50 41 42 6 54 0 19 18 30 1 47 13 40 
55 54 49 4 20 16 28 15 23 14 42 25 53 10 52 34 21 26 30 8 51 32 38 56 9 6 24 5 22 57 47 41 40 58 43 19 45 44 36 50 37 7 17 39 33 31 12 18 29 11 27 48 3 46 1 0 59 13 35 2 
48 11 45 19 56 52 20 59 31 27 57 18 13 36 0 24 5 53 34 43 40 22 28 29 1 6 42 26 51 39 35 30 50 38 4 55 23 2 10 9 21 58 3 25 46 14 44 12 7 32 49 8 37 33 15 47 16 17 41 54 
35 39 15 37 43 0 53 32 8 13 55 48 27 30 23 25 14 3 17 4 24 34 57 46 19 45 20 21 47 59 9 33 26 49 12 51 58 50 29 31 42 52 36 38 16 10 44 22 56 1 18 6 54 28 41 2 40 11 7 5 
12 1 20 48 47 25 21 31 29 0 40 38 15 7 4 39 2 17 46 11 23 42 45 57 3 8 5 6 55 14 32 43 37 49 58 24 34 13 9 33 44 28 10 16 53 54 22 56 18 19 30 26 50 36 27 51 35 41 52 59 
15 1 43 7 30 18 19 29 24 27 55 8 37 26 36 21 22 32 44 5 54 10 45 20 31 40 42 33 53 48 34 23 59 38 49 51 4 3 46 13 50 14 56 11 41 0 58 25 12 17 35 47 16 57 28 2 52 6 39 9 
17 12 7 44 57 2 21 53 22 32 45 24 6 19 30 26 18 36 15 1 56 31 5 34 35 55 16 4 11 23 41 20 54 43 46 37 13 58 40 38 51 9 59 33 25 8 49 27 29 10 48 52 42 39 50 14 3 47 28 0 
17 12 7 44 57 2 21 53 22 32 45 24 6 19 30 26 18 36 15 1 56 31 5 34 35 55 16 4 11 23 41 20 54 43 46 37 13 58 40 38 51 9 59 33 25 8 49 27 29 10 48 52 42 39 50 14 3 47 28 0 
23 15 49 37 55 13 26 4 32 24 52 38 44 33 43 29 48 42 30 57 3 18 56 6 36 39 5 2 34 17 47 35 51 53 1 41 21 20 28 8 10 54 14 11 12 31 45 7 59 16 22 40 25 19 58 46 50 27 9 0 
29 21 55 8 44 4 52 33 28 13 47 16 51 31 36 39 50 17 59 32 11 58 41 12 46 57 18 43 14 10 56 45 24 38 54 26 35 5 34 53 20 19 27 30 23 49 48 42 7 6 40 2 1 37 25 22 3 15 9 0 
5 59 22 31 1 7 34 36 29 24 8 19 23 46 37 28 9 0 45 40 42 58 49 14 51 26 6 12 3 13 16 48 4 11 57 20 47 15 25 33 27 41 44 18 10 35 17 56 39 43 50 30 21 32 55 2 52 54 53 38 
53 19 50 21 9 14 39 20 5 10 52 2 51 16 4 13 24 7 36 48 49 11 1 47 32 41 44 6 46 57 43 38 25 23 17 42 40 12 34 8 37 3 59 30 33 31 45 27 28 18 26 58 15 29 56 54 22 55 35 0 
5 38 51 15 53 11 13 7 12 10 22 52 25 40 50 29 31 19 49 4 39 56 54 21 46 0 43 59 32 45 9 37 42 24 20 34 41 36 58 33 14 44 28 23 2 17 27 47 18 57 26 6 3 1 55 8 30 48 35 16 
25 26 29 31 41 5 55 39 1 12 32 47 16 37 9 54 7 44 53 58 8 2 17 33 22 51 48 28 56 18 49 57 19 45 3 0 34 20 14 43 15 30 42 36 50 38 35 6 10 24 27 23 46 13 11 4 40 52 59 21 
24 18 30 3 32 21 36 49 39 47 42 25 13 58 28 53 9 43 0 38 6 10 35 52 19 23 41 56 54 29 48 59 1 7 14 20 31 57 17 2 12 11 44 22 46 37 4 33 5 50 27 26 40 8 15 55 16 34 45 51 
24 18 30 3 32 21 36 49 39 47 42 25 13 58 28 53 9 43 0 38 6 10 35 52 19 23 41 56 54 29 48 59 1 7 14 20 31 57 17 2 12 11 44 22 46 37 4 33 5 50 27 26 40 8 15 55 16 34 45 51 
11 58 9 49 3 50 38 44 22 43 25 36 14 12 4 34 48 16 26 27 18 52 15 30 59 54 37 2 51 13 23 20 6 21 45 53 31 7 39 47 33 29 57 10 41 42 8 28 56 5 1 55 24 32 46 17 40 35 19 0 
20 58 51 42 8 48 55 47 4 41 12 18 10 28 31 6 17 11 14 38 0 29 36 22 54 27 7 44 19 3 43 46 23 53 13 30 25 2 37 32 1 16 52 24 39 33 45 26 50 9 5 49 15 34 40 21 35 59 56 57 
20 58 51 42 8 48 55 47 4 41 12 18 10 28 31 6 17 11 14 38 0 29 36 22 54 27 7 44 19 3 43 46 23 53 13 30 25 2 37 32 1 16 52 24 39 33 45 26 50 9 5 49 15 34 40 21 35 59 56 57 
23 7 45 40 47 58 59 18 26 12 38 1 14 49 17 10 42 15 41 3 5 35 31 56 57 16 22 36 24 32 48 29 33 55 52 19 27 34 21 20 6 0 54 43 44 30 4 50 53 46 11 51 13 8 39 28 37 25 9 2 
53 48 57 47 41 51 35 5 26 6 15 31 20 40 28 10 50 0 59 7 46 58 14 16 27 22 9 44 2 12 43 54 29 19 56 32 38 1 37 55 34 24 52 17 4 30 49 45 21 18 13 42 8 39 36 25 11 33 23 3 
8 4 0 53 51 26 36 21 6 25 58 42 12 22 40 32 17 47 30 29 13 28 19 59 54 23 38 44 46 11 15 1 45 10 9 56 24 20 37 57 31 41 49 7 34 35 27 16 48 3 52 39 2 55 18 43 5 50 14 33 
8 4 0 53 51 26 36 21 6 25 58 42 12 22 40 32 17 47 30 29 13 28 19 59 54 23 38 44 46 11 15 1 45 10 9 56 24 20 37 57 31 41 49 7 34 35 27 16 48 3 52 39 2 55 18 43 5 50 14 33 
32 52 2 15 56 24 48 27 22 35 26 4 55 28 25 20 0 7 54 19 17 36 23 14 12 37 29 21 31 9 5 6 53 44 49 57 50 51 1 46 40 43 33 42 45 10 41 34 39 3 13 59 30 18 16 38 8 58 11 47 
33 47 59 40 56 3 28 17 42 20 51 5 55 1 6 24 34 16 54 57 19 36 2 4 15 31 7 10 52 38 11 58 49 0 27 43 48 13 14 46 37 9 30 12 45 22 44 50 39 23 25 8 35 32 29 41 21 18 53 26 
24 21 34 26 31 19 6 53 47 10 54 36 45 15 50 32 9 20 0 7 5 43 40 8 42 27 49 57 11 59 48 4 1 17 35 46 30 39 23 2 16 22 28 38 18 44 3 13 12 55 37 52 41 14 25 58 29 33 51 56 
24 21 34 26 31 19 6 53 47 10 54 36 45 15 50 32 9 20 0 7 5 43 40 8 42 27 49 57 11 59 48 4 1 17 35 46 30 39 23 2 16 22 28 38 18 44 3 13 12 55 37 52 41 14 25 58 29 33 51 56 
58 40 38 42 45 23 35 16 6 21 57 25 11 59 12 55 46 3 37 47 26 28 2 56 53 44 4 1 48 32 52 17 27 14 13 51 22 24 31 18 50 7 49 8 34 43 0 29 41 9 39 36 15 5 33 30 20 19 10 54 
52 27 41 48 37 39 22 9 17 55 2 44 33 15 5 29 6 7 32 35 19 25 13 51 8 42 23 10 26 45 49 24 18 54 40 3 12 14 16 1 46 34 21 53 56 36 43 20 30 31 11 47 50 4 58 38 0 57 28 59 
55 2 4 33 59 48 21 29 31 1 8 10 12 23 42 16 35 30 20 37 25 3 51 49 36 39 5 6 17 50 53 11 58 44 7 18 24 27 9 43 47 41 13 14 34 46 57 15 40 19 38 22 56 54 26 0 52 32 45 28 
35 20 11 15 12 40 41 43 47 2 55 23 14 46 6 49 50 18 17 7 54 38 53 19 59 39 31 3 24 52 9 26 27 21 32 48 29 10 36 33 45 44 58 4 37 16 51 0 57 8 28 56 22 30 42 1 34 25 13 5 
9 18 49 35 57 15 37 59 38 0 58 46 25 47 39 29 31 50 54 16 41 48 51 14 53 5 24 4 8 23 17 33 52 11 13 56 44 20 6 43 26 36 42 1 19 30 40 27 34 10 55 28 22 21 12 45 3 2 32 7 
45 49 11 28 1 22 43 31 57 41 40 53 10 36 27 38 12 6 20 8 37 56 44 18 33 24 32 15 50 17 29 21 2 26 55 23 19 0 30 48 13 34 7 5 46 3 9 54 52 58 39 25 14 16 47 4 42 35 59 51 
57 45 56 9 14 50 55 51 39 20 7 38 25 58 28 53 31 16 35 13 52 33 11 3 49 42 1 5 36 41 48 47 23 46 21 15 44 0 8 18 43 26 40 4 19 37 59 34 30 12 29 27 24 54 17 10 6 2 32 22 
57 45 56 9 14 50 55 51 39 20 7 38 25 58 28 53 31 16 35 13 52 33 11 3 49 42 1 5 36 41 48 47 23 46 21 15 44 0 8 18 43 26 40 4 19 37 59 34 30 12 29 27 24 54 17 10 6 2 32 22 
31 20 51 52 59 38 33 27 24 28 1 42 8 32 4 43 5 9 18 7 48 16 19 47 54 12 45 46 41 17 2 40 58 11 55 3 22 13 14 37 35 36 49 29 26 6 57 50 34 21 10 30 56 53 15 23 44 25 39 0 
31 19 26 43 42 28 49 51 20 39 1 5 9 29 50 21 18 30 37 2 48 32 35 15 11 17 34 7 47 27 3 56 24 41 52 4 16 44 46 12 38 8 25 0 36 10 57 40 53 23 13 58 59 45 14 22 55 33 54 6 
31 19 26 43 42 28 49 51 20 39 1 5 9 29 50 21 18 30 37 2 48 32 35 15 11 17 34 7 47 27 3 56 24 41 52 4 16 44 46 12 38 8 25 0 36 10 57 40 53 23 13 58 59 45 14 22 55 33 54 6 
0 7 30 11 1 24 16 54 26 38 14 45 33 12 29 43 31 32 2 47 3 53 48 51 21 4 56 19 18 36 5 59 6 34 49 27 8 55 57 9 10 37 42 46 35 13 15 40 17 52 20 28 22 23 25 39 41 44 50 58 
7 30 59 4 50 40 9 2 49 11 44 48 37 45 38 12 21 34 26 32 13 6 36 31 15 22 16 8 58 42 18 57 43 19 41 28 20 24 47 55 23 10 27 29 56 33 17 14 46 25 52 53 54 39 1 5 51 3 35 0 
0 59 17 53 22 1 40 48 6 26 47 41 15 30 32 2 3 35 11 25 33 49 52 23 4 37 10 5 27 34 7 39 46 21 14 43 36 9 8 24 12 51 13 28 55 16 42 31 18 19 20 29 54 58 38 44 45 50 56 57 
0 59 17 53 22 1 40 48 6 26 47 41 15 30 32 2 3 35 11 25 33 49 52 23 4 37 10 5 27 34 7 39 46 21 14 43 36 9 8 24 12 51 13 28 55 16 42 31 18 19 20 29 54 58 38 44 45 50 56 57 
6 27 40 3 42 23 14 17 50 8 45 22 38 37 21 30 13 0 36 34 10 5 41 52 54 56 12 43 58 20 15 24 26 31 44 29 16 48 32 7 19 9 49 28 57 33 51 11 39 59 46 18 53 25 1 4 47 2 35 55 
52 0 13 58 1 40 31 57 15 29 16 2 22 18 7 49 8 48 41 32 47 38 56 45 44 12 17 9 3 34 43 26 4 6 30 33 42 19 20 25 39 55 36 28 5 35 10 59 24 27 21 14 11 23 53 50 37 51 46 54 
52 0 13 58 1 40 31 57 15 29 16 2 22 18 7 49 8 48 41 32 47 38 56 45 44 12 17 9 3 34 43 26 4 6 30 33 42 19 20 25 39 55 36 28 5 35 10 59 24 27 21 14 11 23 53 50 37 51 46 54 
21 41 45 28 5 34 37 13 53 20 38 23 57 7 51 8 12 46 48 39 30 9 43 29 56 44 1 16 55 25 40 26 10 14 47 15 54 36 22 32 2 24 52 3 50 19 18 31 49 58 4 35 33 42 17 6 11 0 59 27 
21 41 45 28 5 34 37 13 53 20 38 23 57 7 51 8 12 46 48 39 30 9 43 29 56 44 1 16 55 25 40 26 10 14 47 15 54 36 22 32 2 24 52 3 50 19 18 31 49 58 4 35 33 42 17 6 11 0 59 27 
45 21 49 18 17 28 24 6 20 43 16 11 42 0 7 41 36 33 4 55 39 50 59 34 35 15 32 5 2 48 30 40 38 52 44 31 22 12 9 10 19 58 13 8 3 1 26 29 54 27 47 37 23 51 53 14 46 25 57 56 
45 21 49 18 17 28 24 6 20 43 16 11 42 0 7 41 36 33 4 55 39 50 59 34 35 15 32 5 2 48 30 40 38 52 44 31 22 12 9 10 19 58 13 8 3 1 26 29 54 27 47 37 23 51 53 14 46 25 57 56 
31 19 26 43 42 28 49 51 20 39 1 5 9 29 50 21 18 30 37 2 48 32 35 15 11 17 34 7 47 27 3 56 24 41 52 4 16 44 46 12 38 8 25 0 36 10 57 40 53 23 13 58 59 45 14 22 55 33 54 6 
22 33 0 40 50 18 45 20 7 34 52 48 27 35 3 29 9 13 6 38 36 30 28 11 42 57 53 54 43 17 46 1 39 25 14 44 58 5 16 12 8 59 19 41 24 31 21 32 55 37 10 26 51 47 49 15 23 4 2 56 
41 57 46 14 26 17 38 50 28 55 1 37 51 43 20 32 6 7 15 49 2 59 52 48 25 18 22 9 16 4 24 34 54 19 58 3 40 42 12 31 5 44 56 39 30 36 45 53 21 23 8 47 10 29 35 11 13 33 27 0 
55 47 31 54 27 32 19 33 53 20 28 13 22 11 12 10 26 40 17 16 52 51 50 4 35 37 36 38 3 49 48 2 59 42 45 0 44 24 56 30 41 39 5 7 9 34 58 25 23 43 18 6 15 57 8 1 46 21 29 14 
50 57 26 20 6 48 47 37 29 12 46 40 45 19 0 44 43 11 27 18 42 36 30 59 39 31 52 35 34 15 33 55 8 28 1 25 24 2 23 58 21 4 17 41 14 13 22 3 9 7 5 56 53 54 32 10 49 51 16 38 
59 10 1 40 8 12 27 47 54 18 24 28 31 6 42 20 44 51 50 5 58 14 32 38 37 23 55 35 13 33 57 2 16 49 46 43 56 19 22 36 53 0 15 45 25 52 26 30 48 39 41 17 34 3 29 21 11 9 7 4 
5 32 59 6 56 27 51 40 46 7 29 21 36 19 22 26 35 25 14 4 9 2 11 18 50 45 12 31 55 37 13 58 53 44 38 0 16 47 10 34 20 23 42 24 52 28 49 8 33 17 41 15 48 43 57 1 30 54 39 3 
32 3 27 38 0 52 49 55 1 47 25 42 11 4 13 23 50 19 21 26 48 40 28 41 14 12 44 29 16 24 6 57 2 39 5 56 22 30 43 45 36 54 31 20 34 9 7 8 51 18 17 59 10 15 37 46 33 58 35 53 
19 7 41 39 55 59 8 9 49 32 34 45 23 46 16 44 58 2 52 26 27 5 57 21 12 15 20 18 4 14 38 25 50 17 40 10 48 35 56 43 54 53 24 33 6 13 36 22 31 51 47 37 11 3 1 42 30 28 29 0 
31 18 28 16 55 6 36 1 4 2 50 5 26 48 14 43 54 20 53 46 19 27 57 45 51 29 3 49 9 42 7 58 44 12 11 37 41 24 40 39 32 52 35 8 15 10 34 21 33 30 13 25 23 22 17 38 59 47 56 0 
31 18 28 16 55 6 36 1 4 2 50 5 26 48 14 43 54 20 53 46 19 27 57 45 51 29 3 49 9 42 7 58 44 12 11 37 41 24 40 39 32 52 35 8 15 10 34 21 33 30 13 25 23 22 17 38 59 47 56 0 
1 3 13 37 2 41 17 31 57 18 4 12 5 16 23 45 38 19 6 32 7 24 30 10 29 8 34 51 42 50 9 33 11 40 56 14 15 46 22 20 21 54 52 53 25 26 27 55 28 39 35 47 36 43 44 48 49 58 59 0 
5 31 14 28 49 17 59 38 47 16 30 11 37 13 44 48 52 39 23 0 7 3 12 41 29 20 56 50 55 54 9 26 35 58 33 1 15 25 42 46 18 22 57 45 43 19 8 6 27 24 34 53 36 21 51 2 10 40 32 4 
43 44 11 23 25 26 7 38 28 4 53 19 9 41 10 58 33 39 54 48 34 15 3 5 14 42 37 1 17 52 29 24 51 18 56 46 20 21 2 49 12 13 31 22 35 57 45 50 36 6 27 55 59 16 8 40 47 30 32 0 
17 38 36 53 44 51 18 46 57 19 20 40 21 54 26 22 32 47 59 42 23 31 48 34 24 43 25 14 28 52 29 6 15 35 55 37 39 56 3 58 45 16 50 0 2 5 49 30 10 8 27 41 4 33 13 9 7 12 11 1 
16 55 47 58 54 17 42 21 18 57 30 10 4 38 19 40 23 39 12 13 52 26 56 8 5 50 53 29 6 36 32 34 48 27 35 1 9 37 44 25 46 51 11 49 14 2 41 15 22 28 33 24 31 20 45 3 0 43 7 59 
16 55 47 58 54 17 42 21 18 57 30 10 4 38 19 40 23 39 12 13 52 26 56 8 5 50 53 29 6 36 32 34 48 27 35 1 9 37 44 25 46 51 11 49 14 2 41 15 22 28 33 24 31 20 45 3 0 43 7 59 
24 55 37 28 51 14 6 54 27 32 41 33 29 44 56 30 48 35 7 2 36 38 11 47 40 59 15 4 45 34 49 12 42 10 57 18 0 50 26 16 9 21 19 31 23 39 20 53 1 13 22 46 3 58 5 52 8 17 25 43 
59 10 1 40 8 12 27 47 54 18 24 28 31 6 42 20 44 51 50 5 58 14 32 38 37 23 55 35 13 33 57 2 16 49 46 43 56 19 22 36 53 0 15 45 25 52 26 30 48 39 41 17 34 3 29 21 11 9 7 4 
19 47 17 21 42 4 55 35 59 26 10 23 39 31 28 5 20 58 37 24 57 40 30 2 51 7 9 8 32 3 43 38 25 50 56 18 15 53 44 12 54 0 45 16 52 14 46 49 33 22 48 27 41 29 6 36 34 11 13 1 
31 57 38 7 46 1 41 16 18 44 25 35 23 33 4 2 32 47 3 28 17 48 12 42 34 5 9 6 11 8 10 24 40 29 45 55 53 15 13 14 43 30 19 22 26 20 21 36 52 27 37 39 51 49 50 54 59 56 58 0 
31 57 38 7 46 1 41 16 18 44 25 35 23 33 4 2 32 47 3 28 17 48 12 42 34 5 9 6 11 8 10 24 40 29 45 55 53 15 13 14 43 30 19 22 26 20 21 36 52 27 37 39 51 49 50 54 59 56 58 0 
