5 0 18 10 2 19 3 4 16 13 7 11 9 15 8 17 12 1 14 6 
14 17 8 3 12 19 2 6 4 0 10 18 7 9 11 16 13 15 1 5 
14 17 8 3 12 19 2 6 4 0 10 18 7 9 11 16 13 15 1 5 
14 17 8 3 12 19 2 6 4 0 10 18 7 9 11 16 13 15 1 5 
14 17 8 3 12 19 2 6 4 0 10 18 7 9 11 16 13 15 1 5 
14 17 8 3 12 19 2 6 4 0 10 18 7 9 11 16 13 15 1 5 
14 17 8 3 12 19 2 6 4 0 10 18 7 9 11 16 13 15 1 5 
14 17 8 3 12 19 2 6 4 0 10 18 7 9 11 16 13 15 1 5 
14 17 8 3 12 19 2 6 4 0 10 18 7 9 11 16 13 15 1 5 
14 17 8 3 12 19 2 6 4 0 10 18 7 9 11 16 13 15 1 5 
14 17 8 3 12 19 2 6 4 0 10 18 7 9 11 16 13 15 1 5 
14 17 8 3 12 19 2 6 4 0 10 18 7 9 11 16 13 15 1 5 
14 17 8 3 12 19 2 6 4 0 10 18 7 9 11 16 13 15 1 5 
14 17 8 3 12 19 2 6 4 0 10 18 7 9 11 16 13 15 1 5 
5 11 10 14 12 0 9 1 17 4 13 2 6 3 16 7 15 8 19 18 
5 11 10 14 12 0 9 1 17 4 13 2 6 3 16 7 15 8 19 18 
5 11 10 14 12 0 9 1 17 4 13 2 6 3 16 7 15 8 19 18 
5 11 10 14 12 0 9 1 17 4 13 2 6 3 16 7 15 8 19 18 
5 11 10 14 12 0 9 1 17 4 13 2 6 3 16 7 15 8 19 18 
5 11 10 14 12 0 9 1 17 4 13 2 6 3 16 7 15 8 19 18 
5 11 10 14 12 0 9 1 17 4 13 2 6 3 16 7 15 8 19 18 
5 11 10 14 12 0 9 1 17 4 13 2 6 3 16 7 15 8 19 18 
5 11 10 14 12 0 9 1 17 4 13 2 6 3 16 7 15 8 19 18 
5 11 10 14 12 0 9 1 17 4 13 2 6 3 16 7 15 8 19 18 
5 11 10 14 12 0 9 1 17 4 13 2 6 3 16 7 15 8 19 18 
5 11 10 14 12 0 9 1 17 4 13 2 6 3 16 7 15 8 19 18 
5 11 10 14 12 0 9 1 17 4 13 2 6 3 16 7 15 8 19 18 
5 11 10 14 12 0 9 1 17 4 13 2 6 3 16 7 15 8 19 18 
5 11 10 14 12 0 9 1 17 4 13 2 6 3 16 7 15 8 19 18 
5 11 10 14 12 0 9 1 17 4 13 2 6 3 16 7 15 8 19 18 
5 11 10 14 12 0 9 1 17 4 13 2 6 3 16 7 15 8 19 18 
5 11 10 14 12 0 9 1 17 4 13 2 6 3 16 7 15 8 19 18 
13 14 1 0 17 18 3 19 4 6 8 5 12 7 9 15 10 11 16 2 
13 14 1 0 17 18 3 19 4 6 8 5 12 7 9 15 10 11 16 2 
13 14 1 0 17 18 3 19 4 6 8 5 12 7 9 15 10 11 16 2 
13 14 1 0 17 18 3 19 4 6 8 5 12 7 9 15 10 11 16 2 
13 14 1 0 17 18 3 19 4 6 8 5 12 7 9 15 10 11 16 2 
13 14 1 0 17 18 3 19 4 6 8 5 12 7 9 15 10 11 16 2 
13 14 1 0 17 18 3 19 4 6 8 5 12 7 9 15 10 11 16 2 
13 14 1 0 17 18 3 19 4 6 8 5 12 7 9 15 10 11 16 2 
13 14 1 0 17 18 3 19 4 6 8 5 12 7 9 15 10 11 16 2 
13 14 1 0 17 18 3 19 4 6 8 5 12 7 9 15 10 11 16 2 
13 14 1 0 17 18 3 19 4 6 8 5 12 7 9 15 10 11 16 2 
13 14 1 0 17 18 3 19 4 6 8 5 12 7 9 15 10 11 16 2 
13 14 1 0 17 18 3 19 4 6 8 5 12 7 9 15 10 11 16 2 
13 14 1 0 17 18 3 19 4 6 8 5 12 7 9 15 10 11 16 2 
13 14 1 0 17 18 3 19 4 6 8 5 12 7 9 15 10 11 16 2 
13 14 1 0 17 18 3 19 4 6 8 5 12 7 9 15 10 11 16 2 
13 14 1 0 17 18 3 19 4 6 8 5 12 7 9 15 10 11 16 2 
17 3 4 16 11 15 14 0 13 19 10 6 2 9 8 7 5 1 18 12 
17 3 4 16 11 15 14 0 13 19 10 6 2 9 8 7 5 1 18 12 
17 3 4 16 11 15 14 0 13 19 10 6 2 9 8 7 5 1 18 12 
17 3 4 16 11 15 14 0 13 19 10 6 2 9 8 7 5 1 18 12 
17 3 4 16 11 15 14 0 13 19 10 6 2 9 8 7 5 1 18 12 
17 3 4 16 11 15 14 0 13 19 10 6 2 9 8 7 5 1 18 12 
17 3 4 16 11 15 14 0 13 19 10 6 2 9 8 7 5 1 18 12 
17 3 4 16 11 15 14 0 13 19 10 6 2 9 8 7 5 1 18 12 
17 3 4 16 11 15 14 0 13 19 10 6 2 9 8 7 5 1 18 12 
17 3 4 16 11 15 14 0 13 19 10 6 2 9 8 7 5 1 18 12 
17 3 4 16 11 15 14 0 13 19 10 6 2 9 8 7 5 1 18 12 
17 3 4 16 11 15 14 0 13 19 10 6 2 9 8 7 5 1 18 12 
17 3 4 16 11 15 14 0 13 19 10 6 2 9 8 7 5 1 18 12 
17 3 4 16 11 15 14 0 13 19 10 6 2 9 8 7 5 1 18 12 
17 3 4 16 11 15 14 0 13 19 10 6 2 9 8 7 5 1 18 12 
17 3 4 16 11 15 14 0 13 19 10 6 2 9 8 7 5 1 18 12 
17 3 4 16 11 15 14 0 13 19 10 6 2 9 8 7 5 1 18 12 
17 3 4 16 11 15 14 0 13 19 10 6 2 9 8 7 5 1 18 12 
17 3 4 16 11 15 14 0 13 19 10 6 2 9 8 7 5 1 18 12 
11 16 7 13 19 1 12 15 9 17 2 14 18 4 3 5 10 6 8 0 
11 16 7 13 19 1 12 15 9 17 2 14 18 4 3 5 10 6 8 0 
11 16 7 13 19 1 12 15 9 17 2 14 18 4 3 5 10 6 8 0 
11 16 7 13 19 1 12 15 9 17 2 14 18 4 3 5 10 6 8 0 
11 16 7 13 19 1 12 15 9 17 2 14 18 4 3 5 10 6 8 0 
11 16 7 13 19 1 12 15 9 17 2 14 18 4 3 5 10 6 8 0 
11 16 7 13 19 1 12 15 9 17 2 14 18 4 3 5 10 6 8 0 
11 16 7 13 19 1 12 15 9 17 2 14 18 4 3 5 10 6 8 0 
11 16 7 13 19 1 12 15 9 17 2 14 18 4 3 5 10 6 8 0 
11 16 7 13 19 1 12 15 9 17 2 14 18 4 3 5 10 6 8 0 
11 16 7 13 19 1 12 15 9 17 2 14 18 4 3 5 10 6 8 0 
11 16 7 13 19 1 12 15 9 17 2 14 18 4 3 5 10 6 8 0 
11 16 7 13 19 1 12 15 9 17 2 14 18 4 3 5 10 6 8 0 
11 16 7 13 19 1 12 15 9 17 2 14 18 4 3 5 10 6 8 0 
11 16 7 13 19 1 12 15 9 17 2 14 18 4 3 5 10 6 8 0 
11 16 7 13 19 1 12 15 9 17 2 14 18 4 3 5 10 6 8 0 
11 16 7 13 19 1 12 15 9 17 2 14 18 4 3 5 10 6 8 0 
11 16 7 13 19 1 12 15 9 17 2 14 18 4 3 5 10 6 8 0 
7 4 11 2 19 16 15 6 5 1 14 0 18 12 10 9 17 3 13 8 
7 4 11 2 19 16 15 6 5 1 14 0 18 12 10 9 17 3 13 8 
7 4 11 2 19 16 15 6 5 1 14 0 18 12 10 9 17 3 13 8 
7 4 11 2 19 16 15 6 5 1 14 0 18 12 10 9 17 3 13 8 
7 4 11 2 19 16 15 6 5 1 14 0 18 12 10 9 17 3 13 8 
9 2 11 7 1 14 5 6 17 0 19 3 8 13 15 18 10 4 16 12 
9 2 11 7 1 14 5 6 17 0 19 3 8 13 15 18 10 4 16 12 
9 2 11 7 1 14 5 6 17 0 19 3 8 13 15 18 10 4 16 12 
9 2 11 7 1 14 5 6 17 0 19 3 8 13 15 18 10 4 16 12 
9 2 11 7 1 14 5 6 17 0 19 3 8 13 15 18 10 4 16 12 
9 2 11 7 1 14 5 6 17 0 19 3 8 13 15 18 10 4 16 12 
9 2 11 7 1 14 5 6 17 0 19 3 8 13 15 18 10 4 16 12 
9 2 11 7 1 14 5 6 17 0 19 3 8 13 15 18 10 4 16 12 
9 2 11 7 1 14 5 6 17 0 19 3 8 13 15 18 10 4 16 12 
