9 35 29 32 6 33 45 15 26 16 14 21 41 4 13 24 31 27 17 8 20 37 5 44 7 39 19 22 30 0 25 36 1 3 2 43 34 28 23 46 38 12 11 42 49 48 47 40 18 10 
28 47 37 10 19 36 4 15 22 39 34 40 41 29 31 23 7 20 5 43 27 46 6 45 8 3 24 38 11 44 17 26 14 16 12 9 18 21 0 30 48 35 32 33 1 42 2 13 25 49 
47 7 1 15 16 9 18 40 10 3 25 21 49 27 36 12 8 24 2 43 17 42 38 32 29 45 4 31 33 20 44 48 22 14 5 28 30 0 11 19 39 41 13 6 26 35 34 37 46 23 
8 45 17 24 9 15 20 18 22 30 10 25 21 3 5 37 29 31 32 46 48 47 33 6 35 14 38 16 40 41 19 39 7 49 0 43 4 12 23 27 42 26 1 13 36 34 2 28 11 44 
21 14 16 34 39 41 11 25 26 35 40 47 46 30 36 27 28 0 49 29 32 48 8 24 43 38 20 17 15 1 19 42 13 6 45 10 18 33 5 2 4 3 44 7 23 12 37 9 31 22 
3 10 13 2 49 42 31 11 28 37 5 20 29 1 18 35 9 12 44 41 39 27 43 6 4 14 25 48 17 8 16 15 34 23 38 32 36 7 47 26 22 21 30 24 46 40 45 33 19 0 
3 10 13 2 49 42 31 11 28 37 5 20 29 1 18 35 9 12 44 41 39 27 43 6 4 14 25 48 17 8 16 15 34 23 38 32 36 7 47 26 22 21 30 24 46 40 45 33 19 0 
26 9 36 3 29 35 7 11 20 32 34 14 46 13 31 23 12 44 2 18 28 27 4 43 21 1 24 8 17 42 19 45 15 33 6 5 16 47 48 38 39 30 22 25 41 10 40 37 0 49 
18 9 48 46 2 15 12 49 21 1 45 6 36 17 31 33 35 16 24 20 44 25 4 40 8 37 43 5 26 38 42 23 11 22 41 39 7 14 34 47 30 19 29 10 28 27 13 3 0 32 
18 9 48 46 2 15 12 49 21 1 45 6 36 17 31 33 35 16 24 20 44 25 4 40 8 37 43 5 26 38 42 23 11 22 41 39 7 14 34 47 30 19 29 10 28 27 13 3 0 32 
15 40 43 48 49 36 22 39 11 2 29 31 8 44 21 33 47 46 34 28 6 10 41 25 19 24 30 45 42 17 7 13 38 37 18 9 27 0 14 35 16 32 3 20 26 1 5 23 12 4 
4 27 25 36 42 44 17 1 14 26 31 0 16 47 18 29 45 40 37 3 39 2 21 38 5 10 6 33 35 28 12 32 34 43 22 24 48 7 8 20 19 15 9 46 11 49 13 23 30 41 
40 18 12 31 0 34 5 44 22 10 26 13 46 9 19 37 39 24 20 7 1 16 8 6 45 33 29 2 15 47 3 42 36 30 41 4 23 38 11 27 14 28 35 43 17 21 25 32 48 49 
20 18 28 48 47 38 14 11 37 3 12 26 32 46 35 34 0 21 15 27 33 16 31 30 41 42 4 45 25 22 19 8 17 1 36 10 9 29 6 13 2 49 23 40 24 5 43 44 7 39 
42 3 9 33 30 2 37 34 46 48 39 4 14 29 25 22 41 49 12 40 5 47 38 18 6 28 16 11 21 36 26 23 7 31 20 8 35 10 32 45 13 15 0 24 19 27 1 44 17 43 
14 49 17 31 39 4 0 36 41 20 29 2 5 13 8 48 46 33 1 34 10 3 37 12 27 28 35 26 6 32 16 11 19 45 7 22 25 15 24 9 38 40 18 47 43 44 21 30 23 42 
18 13 0 9 1 23 46 49 8 39 12 5 22 10 2 25 6 32 3 16 35 37 40 36 33 41 4 7 44 21 27 42 11 17 14 24 30 26 15 43 47 19 20 48 28 38 29 31 34 45 
49 11 9 21 1 43 37 12 46 6 14 18 35 27 30 5 40 0 39 42 17 44 45 23 48 47 19 3 25 36 22 20 8 29 28 31 34 41 32 2 38 13 7 24 16 33 10 4 26 15 
39 4 6 31 3 33 8 41 15 23 37 12 49 47 40 7 5 11 13 14 48 20 44 24 38 28 16 9 18 29 26 46 32 10 21 45 36 30 22 25 43 2 34 27 42 35 1 19 17 0 
39 4 6 31 3 33 8 41 15 23 37 12 49 47 40 7 5 11 13 14 48 20 44 24 38 28 16 9 18 29 26 46 32 10 21 45 36 30 22 25 43 2 34 27 42 35 1 19 17 0 
47 2 49 42 12 34 21 28 26 17 8 30 4 35 32 3 43 13 23 31 27 46 40 22 44 41 48 18 38 5 14 7 11 33 45 6 25 36 39 24 20 16 37 9 29 10 19 15 1 0 
47 2 49 42 12 34 21 28 26 17 8 30 4 35 32 3 43 13 23 31 27 46 40 22 44 41 48 18 38 5 14 7 11 33 45 6 25 36 39 24 20 16 37 9 29 10 19 15 1 0 
33 34 23 12 45 8 49 26 5 11 29 18 46 28 48 44 20 47 35 9 37 14 31 27 1 15 43 38 42 7 4 39 41 36 17 21 13 2 40 32 10 30 25 22 24 16 19 6 3 0 
33 34 23 12 45 8 49 26 5 11 29 18 46 28 48 44 20 47 35 9 37 14 31 27 1 15 43 38 42 7 4 39 41 36 17 21 13 2 40 32 10 30 25 22 24 16 19 6 3 0 
4 22 9 35 5 33 15 27 18 16 32 43 2 34 29 21 14 39 41 1 25 24 0 7 13 11 23 12 37 42 17 8 10 40 36 49 3 31 45 19 30 26 6 20 44 48 28 47 38 46 
36 21 29 33 23 16 12 28 35 40 46 48 10 41 19 27 6 1 17 24 26 13 0 32 47 20 7 49 30 14 42 25 44 11 38 3 2 43 15 5 34 39 22 4 37 9 8 31 18 45 
35 31 43 23 26 5 38 2 19 6 32 21 4 45 9 15 33 17 41 16 10 36 30 27 37 20 40 3 25 46 12 8 14 13 34 22 11 24 29 0 42 44 7 39 49 1 28 48 47 18 
35 31 43 23 26 5 38 2 19 6 32 21 4 45 9 15 33 17 41 16 10 36 30 27 37 20 40 3 25 46 12 8 14 13 34 22 11 24 29 0 42 44 7 39 49 1 28 48 47 18 
38 13 25 14 8 37 19 3 7 49 11 22 31 2 35 21 29 43 40 4 32 36 39 12 5 27 0 20 42 17 24 10 23 6 33 16 30 15 1 41 47 45 9 48 18 44 26 28 34 46 
22 49 31 11 39 13 6 18 7 34 28 40 37 8 43 38 12 9 47 1 21 25 14 24 5 45 16 30 17 19 3 29 36 27 46 42 23 15 32 33 4 20 44 48 0 26 35 2 10 41 
45 35 29 5 47 38 22 31 41 10 6 14 7 16 24 0 26 49 44 8 11 18 37 32 21 40 12 43 48 30 13 15 46 1 36 19 25 39 20 42 23 34 27 2 33 3 9 28 17 4 
37 11 5 43 19 2 33 32 14 13 47 29 18 44 40 46 26 42 30 1 25 48 41 17 39 21 8 34 12 23 38 28 24 4 10 6 36 35 16 27 31 7 22 20 49 9 3 45 15 0 
19 21 35 33 23 44 28 34 31 29 9 3 42 5 27 49 36 4 1 40 14 24 20 41 7 39 16 47 8 13 22 32 10 17 2 37 48 12 43 15 46 18 6 45 26 38 11 0 30 25 
22 30 23 2 46 25 39 31 26 15 28 37 3 16 33 34 0 4 10 47 40 9 42 43 6 45 48 38 21 5 8 11 14 1 20 27 32 13 44 12 18 29 41 17 36 24 35 19 7 49 
22 28 2 12 5 37 44 38 24 36 3 26 30 4 19 41 43 9 29 23 6 35 13 27 42 47 7 11 39 49 8 14 40 32 10 15 21 31 16 25 17 34 18 48 20 33 45 46 0 1 
14 34 42 11 18 38 19 46 48 31 28 1 0 49 22 26 25 23 37 5 7 8 21 32 29 30 36 39 40 45 9 2 44 4 20 13 43 6 16 24 17 41 3 35 33 47 10 15 12 27 
46 29 37 15 10 6 9 38 43 28 45 33 32 7 31 1 22 47 5 11 13 19 17 44 26 41 24 21 18 36 40 16 14 49 8 23 30 2 0 39 34 35 25 4 3 20 12 27 42 48 
24 18 26 14 34 28 8 6 22 12 33 25 0 41 37 5 27 47 40 9 43 49 7 30 36 48 1 16 19 44 11 2 20 46 29 32 15 21 3 39 23 38 4 35 10 45 13 17 31 42 
24 18 26 14 34 28 8 6 22 12 33 25 0 41 37 5 27 47 40 9 43 49 7 30 36 48 1 16 19 44 11 2 20 46 29 32 15 21 3 39 23 38 4 35 10 45 13 17 31 42 
25 21 49 23 7 39 12 38 42 31 17 13 5 18 48 0 8 19 47 40 9 33 14 46 24 1 45 16 28 34 36 11 44 15 43 20 27 37 41 2 26 35 32 3 30 4 29 22 10 6 
48 34 43 9 0 36 7 30 8 44 22 4 26 37 11 19 14 12 41 17 31 49 13 45 29 46 35 1 16 18 42 3 21 25 32 10 24 15 28 33 40 38 6 47 2 27 23 5 20 39 
49 37 46 22 39 9 31 41 10 45 33 27 42 8 12 13 1 25 44 23 15 36 16 17 20 48 40 28 11 19 21 34 24 2 38 29 30 43 32 18 47 0 14 5 7 35 4 3 26 6 
49 37 46 22 39 9 31 41 10 45 33 27 42 8 12 13 1 25 44 23 15 36 16 17 20 48 40 28 11 19 21 34 24 2 38 29 30 43 32 18 47 0 14 5 7 35 4 3 26 6 
15 23 31 1 21 40 43 18 35 37 6 42 47 25 22 19 16 39 17 41 7 2 3 13 36 30 10 45 33 20 11 46 49 34 38 12 4 26 24 14 28 48 29 5 44 0 9 32 27 8 
32 11 23 14 18 42 44 4 5 9 29 19 26 10 16 47 35 27 8 7 39 2 36 1 0 21 48 38 40 15 12 49 31 22 25 30 20 3 45 33 17 13 43 37 41 28 34 24 6 46 
7 5 11 42 22 15 26 34 40 23 21 16 1 3 32 19 43 35 41 13 47 9 10 39 49 17 24 44 48 29 38 2 8 30 28 37 18 46 33 45 27 12 4 31 20 14 6 0 36 25 
19 13 37 11 26 33 7 44 49 28 23 9 43 40 15 48 32 42 27 21 47 35 46 31 36 30 16 0 10 45 41 25 20 8 4 39 38 18 34 17 29 3 6 24 22 14 12 5 2 1 
39 42 35 29 3 49 20 34 48 38 21 12 43 18 47 46 10 9 4 23 45 27 44 13 17 25 19 5 37 41 40 30 36 16 6 33 32 28 31 22 26 24 7 15 14 11 8 2 1 0 
39 42 35 29 3 49 20 34 48 38 21 12 43 18 47 46 10 9 4 23 45 27 44 13 17 25 19 5 37 41 40 30 36 16 6 33 32 28 31 22 26 24 7 15 14 11 8 2 1 0 
43 36 25 10 40 48 31 11 1 15 41 47 35 26 32 9 20 8 14 45 21 29 2 13 22 37 3 30 17 4 34 27 19 46 28 44 5 42 6 33 16 39 7 12 18 38 23 24 49 0 
11 31 24 21 3 30 45 28 27 47 39 19 17 4 49 22 1 26 10 6 18 16 42 48 35 23 46 7 38 5 32 40 44 2 20 36 33 13 43 25 8 41 37 12 34 9 29 15 14 0 
49 6 3 8 40 27 39 43 31 11 23 9 20 36 21 48 47 34 4 24 15 18 46 12 35 45 5 29 28 14 44 37 38 42 7 25 41 17 10 2 33 26 16 32 19 30 22 0 13 1 
40 25 24 41 4 16 13 26 21 22 0 19 1 38 35 37 33 17 11 44 2 10 8 47 6 32 3 14 31 46 5 7 27 23 34 9 28 18 12 20 15 45 29 43 30 36 39 42 48 49 
40 25 24 41 4 16 13 26 21 22 0 19 1 38 35 37 33 17 11 44 2 10 8 47 6 32 3 14 31 46 5 7 27 23 34 9 28 18 12 20 15 45 29 43 30 36 39 42 48 49 
42 28 10 35 34 23 6 36 32 29 2 31 37 3 27 11 17 45 15 5 40 18 24 8 22 39 20 19 13 16 4 25 12 44 41 30 0 49 47 33 9 26 14 1 46 38 43 21 7 48 
42 28 10 35 34 23 6 36 32 29 2 31 37 3 27 11 17 45 15 5 40 18 24 8 22 39 20 19 13 16 4 25 12 44 41 30 0 49 47 33 9 26 14 1 46 38 43 21 7 48 
4 41 42 19 36 21 13 26 48 28 30 32 39 24 38 23 14 1 10 15 6 35 20 17 25 7 37 27 31 47 8 33 29 43 18 9 46 49 11 2 16 3 0 44 40 45 5 22 12 34 
14 35 15 10 21 17 44 18 26 45 19 34 28 42 20 49 2 6 47 24 25 22 8 30 0 32 33 40 38 48 36 3 39 5 43 46 13 1 9 23 16 29 37 41 11 31 12 27 4 7 
14 35 15 10 21 17 44 18 26 45 19 34 28 42 20 49 2 6 47 24 25 22 8 30 0 32 33 40 38 48 36 3 39 5 43 46 13 1 9 23 16 29 37 41 11 31 12 27 4 7 
33 49 36 40 39 42 44 38 48 10 3 25 6 16 14 18 9 24 4 23 35 26 47 2 43 15 21 29 34 46 7 12 28 19 8 27 45 32 41 20 11 5 17 37 31 22 30 13 1 0 
46 28 20 49 2 29 26 45 15 30 43 9 19 32 10 31 42 3 6 33 41 22 0 48 14 39 38 5 7 34 37 40 18 35 12 27 1 24 25 11 23 47 17 4 16 13 8 44 21 36 
5 11 21 3 16 30 41 31 38 15 45 33 42 49 9 14 13 22 4 8 43 23 6 47 48 12 37 28 29 25 36 32 19 26 7 35 10 46 27 2 24 40 18 20 1 0 44 34 39 17 
40 20 42 41 6 45 9 28 38 23 0 24 1 43 7 29 36 27 13 2 17 15 35 10 14 32 34 16 21 33 3 4 18 31 30 44 25 26 19 47 5 37 8 49 46 11 12 39 22 48 
9 48 32 13 7 38 14 31 23 41 49 27 40 6 10 26 24 34 21 4 33 22 36 29 16 17 12 15 28 46 47 35 18 0 45 8 19 39 30 1 44 42 43 25 3 37 20 5 11 2 
9 44 3 0 42 43 34 6 19 13 25 14 29 28 5 41 16 17 7 24 20 46 31 39 21 22 8 37 26 38 49 4 11 32 12 35 2 40 18 47 48 23 27 10 33 45 36 1 30 15 
9 44 3 0 42 43 34 6 19 13 25 14 29 28 5 41 16 17 7 24 20 46 31 39 21 22 8 37 26 38 49 4 11 32 12 35 2 40 18 47 48 23 27 10 33 45 36 1 30 15 
3 26 16 17 18 38 28 40 47 11 30 7 39 0 22 27 42 19 49 41 5 12 21 45 35 6 32 33 2 44 9 25 43 29 48 10 36 20 13 4 15 34 46 24 23 31 37 1 14 8 
48 23 8 3 45 41 10 31 2 7 13 37 42 20 28 33 6 15 16 38 17 22 30 39 32 47 18 43 19 4 24 35 5 12 27 29 9 14 40 44 46 11 0 25 26 36 1 49 21 34 
48 23 8 3 45 41 10 31 2 7 13 37 42 20 28 33 6 15 16 38 17 22 30 39 32 47 18 43 19 4 24 35 5 12 27 29 9 14 40 44 46 11 0 25 26 36 1 49 21 34 
35 26 17 49 27 39 1 22 6 10 32 34 37 31 21 7 13 38 2 45 9 29 11 33 24 19 41 4 3 15 16 25 48 30 5 20 23 0 36 12 42 47 14 44 46 8 28 43 40 18 
11 41 22 20 32 6 10 35 40 15 27 16 43 34 47 37 26 12 31 24 36 29 5 46 49 18 44 8 17 25 1 30 42 3 13 19 14 48 38 39 2 28 23 33 9 4 7 0 45 21 
39 30 15 4 38 44 17 8 11 37 49 7 6 43 3 16 22 25 48 21 18 1 41 26 35 29 32 27 34 20 47 12 9 40 46 28 31 19 10 14 45 13 42 5 24 36 33 0 23 2 
39 30 15 4 38 44 17 8 11 37 49 7 6 43 3 16 22 25 48 21 18 1 41 26 35 29 32 27 34 20 47 12 9 40 46 28 31 19 10 14 45 13 42 5 24 36 33 0 23 2 
31 6 14 39 19 1 34 43 16 36 26 32 33 20 2 9 47 11 46 23 3 4 25 38 49 13 28 40 17 30 5 18 7 44 42 8 48 45 10 29 12 15 35 41 21 22 24 27 37 0 
12 27 28 8 30 19 2 33 34 47 3 15 37 24 39 17 31 4 43 45 5 48 46 29 44 21 6 9 7 14 10 22 25 13 36 11 42 41 16 18 20 49 23 38 26 32 35 40 0 1 
39 4 16 38 45 26 40 48 46 44 49 10 6 30 19 5 21 33 22 13 14 20 18 9 17 29 32 37 28 42 47 8 36 41 43 24 31 25 3 2 35 23 34 12 11 27 15 0 7 1 
34 18 12 13 0 44 37 29 22 39 5 11 32 4 19 7 48 33 45 36 41 6 9 40 43 20 25 1 24 46 14 16 31 47 35 27 15 30 2 49 21 17 26 28 3 42 8 10 23 38 
9 26 31 8 37 49 33 28 13 1 38 11 30 36 22 5 44 45 46 47 48 25 41 24 35 15 7 18 14 21 19 6 43 32 39 42 29 20 12 23 40 34 16 10 27 17 2 4 3 0 
48 34 28 21 2 14 0 22 41 25 36 44 42 40 6 17 19 32 45 27 47 9 33 20 12 46 7 4 1 30 18 35 11 39 37 43 16 26 13 3 38 23 24 49 29 15 5 10 8 31 
46 5 13 8 39 7 20 24 16 28 45 35 44 37 32 36 22 41 17 9 10 14 23 47 27 42 25 29 34 26 40 38 11 49 31 12 43 1 0 18 21 30 15 33 2 4 3 6 19 48 
26 1 36 10 31 2 13 12 28 47 34 41 21 3 16 4 48 18 6 33 29 22 42 38 37 5 23 14 25 7 19 45 32 46 9 8 35 24 44 49 30 11 17 15 40 20 39 27 0 43 
26 1 36 10 31 2 13 12 28 47 34 41 21 3 16 4 48 18 6 33 29 22 42 38 37 5 23 14 25 7 19 45 32 46 9 8 35 24 44 49 30 11 17 15 40 20 39 27 0 43 
29 26 23 35 49 14 48 38 5 21 47 46 12 44 30 24 6 45 9 34 43 0 31 8 42 7 41 40 39 11 37 20 13 15 18 36 16 33 32 28 27 17 25 19 22 10 4 3 2 1 
29 26 23 35 49 14 48 38 5 21 47 46 12 44 30 24 6 45 9 34 43 0 31 8 42 7 41 40 39 11 37 20 13 15 18 36 16 33 32 28 27 17 25 19 22 10 4 3 2 1 
8 30 38 18 26 37 42 7 44 19 34 25 14 43 32 10 13 3 5 45 29 16 15 11 20 21 28 1 36 40 23 35 17 33 9 6 39 41 0 22 48 46 27 4 2 47 12 24 31 49 
8 30 38 18 26 37 42 7 44 19 34 25 14 43 32 10 13 3 5 45 29 16 15 11 20 21 28 1 36 40 23 35 17 33 9 6 39 41 0 22 48 46 27 4 2 47 12 24 31 49 
24 20 16 21 12 23 34 28 42 44 31 1 33 2 40 49 13 43 25 10 6 7 37 3 29 48 35 26 14 32 9 15 30 36 0 17 22 5 19 39 27 8 4 47 45 46 11 38 18 41 
24 20 16 21 12 23 34 28 42 44 31 1 33 2 40 49 13 43 25 10 6 7 37 3 29 48 35 26 14 32 9 15 30 36 0 17 22 5 19 39 27 8 4 47 45 46 11 38 18 41 
2 34 31 24 5 47 3 9 16 7 29 28 18 49 11 20 40 38 23 10 22 4 46 44 17 6 15 13 8 35 12 37 26 33 45 42 43 32 27 14 19 39 41 36 0 25 30 1 21 48 
32 8 36 22 38 42 19 16 26 9 2 13 46 11 15 33 45 10 3 37 39 1 41 34 21 17 24 27 44 4 6 43 29 40 7 25 30 47 48 28 12 5 18 14 35 23 31 20 0 49 
47 12 49 13 5 35 30 1 7 22 10 44 42 39 31 18 2 9 48 17 28 23 34 11 20 43 46 14 15 16 24 37 19 3 45 6 26 36 41 27 33 29 40 32 38 8 25 21 4 0 
38 37 46 1 15 9 14 2 4 32 35 33 41 28 12 31 5 36 20 39 16 21 27 49 0 25 44 29 24 7 19 30 22 8 43 26 10 3 42 11 47 48 23 17 18 40 6 45 13 34 
38 37 46 1 15 9 14 2 4 32 35 33 41 28 12 31 5 36 20 39 16 21 27 49 0 25 44 29 24 7 19 30 22 8 43 26 10 3 42 11 47 48 23 17 18 40 6 45 13 34 
4 34 2 16 48 17 22 37 31 41 43 3 42 5 20 27 26 45 28 35 21 36 47 40 6 9 7 46 38 12 30 29 33 1 10 49 39 11 13 24 18 23 14 32 15 44 19 25 0 8 
37 44 42 13 49 18 9 48 32 12 21 35 45 16 23 29 28 27 38 47 24 30 1 26 4 19 34 46 14 11 40 39 43 6 20 3 2 8 17 36 31 41 5 7 33 15 10 25 22 0 
43 4 3 26 23 5 22 41 47 48 6 31 42 11 7 27 10 45 8 18 9 30 21 25 24 37 12 46 40 39 13 35 14 17 15 16 38 44 19 34 20 28 29 33 32 36 49 0 2 1 
12 40 31 28 23 47 38 33 19 22 26 3 43 42 7 46 20 15 18 8 17 37 32 45 29 21 9 49 25 41 2 34 11 48 39 35 6 5 16 1 10 30 36 24 0 14 27 4 13 44 
24 0 23 16 26 21 32 14 36 1 18 45 48 7 13 22 25 6 38 28 8 41 30 3 17 49 46 47 10 19 37 43 31 40 15 11 2 34 42 20 27 5 39 4 35 44 29 12 9 33 
24 0 23 16 26 21 32 14 36 1 18 45 48 7 13 22 25 6 38 28 8 41 30 3 17 49 46 47 10 19 37 43 31 40 15 11 2 34 42 20 27 5 39 4 35 44 29 12 9 33 
33 15 16 24 17 21 23 3 19 29 32 35 14 6 41 10 47 46 49 25 4 31 28 0 22 13 37 38 44 39 7 36 26 43 48 8 2 42 11 34 12 1 45 9 27 30 40 5 20 18 
