23 35 3 17 32 40 0 42 24 8 10 2 33 41 18 38 21 34 9 12 4 19 22 5 16 13 26 14 20 37 31 36 39 44 28 15 30 1 43 25 7 29 11 6 27 
25 43 1 30 39 28 17 32 40 42 0 27 11 6 8 24 2 10 3 35 23 33 41 18 21 38 34 9 12 4 19 22 5 16 26 13 14 31 37 20 36 29 7 15 44 
25 43 1 30 39 28 17 32 40 42 0 27 11 6 8 24 2 10 3 35 23 33 41 18 21 38 34 9 12 4 19 22 5 16 26 13 14 31 37 20 36 29 7 15 44 
13 26 14 39 44 20 37 31 36 29 7 43 25 30 1 15 28 17 32 27 40 0 11 6 42 8 24 2 10 23 35 3 12 4 19 22 16 5 21 38 34 9 18 33 41 
6 11 25 43 27 40 0 42 8 24 2 10 41 33 23 35 3 32 17 15 30 1 39 44 20 37 31 14 26 13 16 12 4 22 19 21 38 34 9 5 18 28 36 29 7 
25 43 11 6 42 0 40 3 35 23 2 10 24 8 41 33 18 21 38 34 9 12 4 19 22 5 16 14 26 13 37 31 20 36 44 28 17 32 15 30 1 39 7 29 27 
39 1 30 25 43 15 17 3 35 23 33 41 18 38 21 34 9 12 4 19 22 5 16 14 13 26 31 37 20 36 44 28 32 27 40 0 42 8 24 2 10 6 11 7 29 
6 24 8 42 40 27 32 17 3 35 23 33 41 10 2 18 21 38 34 9 12 4 19 22 5 16 13 26 14 20 37 31 39 44 1 30 25 43 7 29 36 28 15 11 0 
4 12 9 34 38 18 21 3 35 33 41 10 2 23 32 27 40 0 42 24 8 6 11 43 25 15 30 1 39 44 37 31 20 36 7 29 17 28 14 26 13 5 16 22 19 
35 3 17 27 40 0 42 8 24 10 2 23 33 41 18 34 38 21 9 12 4 19 22 5 16 26 13 14 20 37 31 36 39 1 30 25 43 7 29 15 28 44 32 11 6 
36 39 1 30 25 43 15 28 17 3 35 23 33 41 10 2 24 8 42 40 27 0 11 6 32 31 37 20 44 19 22 5 12 4 9 21 38 18 34 16 13 26 14 7 29 
43 25 30 1 36 37 31 20 15 27 32 35 23 2 10 41 33 18 38 21 34 9 12 4 19 22 5 16 26 13 14 44 39 28 17 3 24 8 42 40 0 11 6 7 29 
5 12 4 22 19 9 34 38 21 33 35 3 15 27 40 0 42 6 11 8 24 2 18 23 10 41 17 32 28 44 39 30 1 25 43 7 29 36 20 37 31 14 26 13 16 
19 4 12 9 34 21 38 18 41 33 23 35 3 17 28 44 39 36 1 30 15 27 40 32 42 8 24 2 10 0 6 11 25 43 7 29 20 31 37 14 26 13 22 5 16 
10 2 23 35 3 32 17 40 27 25 43 1 30 15 28 44 39 36 20 37 31 14 26 13 16 5 12 4 22 19 9 34 38 21 18 41 33 24 8 42 0 6 11 7 29 
0 40 42 8 24 10 2 23 32 17 15 28 30 1 36 44 39 25 43 7 29 20 37 31 26 13 14 16 5 19 22 4 12 9 34 21 38 18 41 33 3 35 27 11 6 
24 8 42 40 27 15 17 28 39 30 1 25 43 7 29 31 37 20 36 44 14 26 13 16 4 12 19 22 5 21 38 34 9 18 33 23 35 3 2 10 41 32 0 6 11 
10 2 23 41 33 35 3 32 40 27 42 0 6 11 25 15 30 1 39 44 28 17 21 38 34 18 9 12 4 5 19 22 16 14 26 13 20 37 31 36 29 7 43 24 8 
40 0 42 8 24 2 10 41 33 18 38 21 34 9 12 4 19 22 5 16 26 13 31 37 20 44 39 28 30 25 43 1 15 27 32 3 35 23 6 11 7 29 36 14 17 
10 2 24 8 42 0 40 27 15 28 17 3 35 33 41 18 38 21 34 9 12 4 22 19 5 16 26 13 31 37 20 36 39 44 14 30 1 11 25 43 7 29 6 32 23 
18 38 21 34 9 12 4 19 22 5 16 13 26 14 31 37 36 20 44 39 40 27 15 30 1 25 43 7 29 28 17 32 23 35 3 33 10 2 24 8 42 0 11 6 41 
18 38 21 34 9 12 4 19 22 5 16 13 26 14 31 37 36 20 44 39 40 27 15 30 1 25 43 7 29 28 17 32 23 35 3 33 10 2 24 8 42 0 11 6 41 
13 26 14 31 37 20 39 44 28 17 15 25 43 27 40 30 1 36 29 7 11 6 8 24 0 42 32 2 10 41 33 23 35 3 38 21 18 34 9 12 4 19 22 5 16 
38 21 34 9 12 4 5 22 19 16 26 13 44 39 1 30 15 27 40 0 11 6 23 35 3 17 28 20 37 14 31 36 29 7 43 25 32 42 24 8 2 10 41 33 18 
39 44 28 17 3 35 23 8 24 2 10 41 33 18 38 21 34 9 12 4 19 22 5 16 13 26 14 37 31 20 36 29 1 30 15 27 32 40 42 0 43 25 7 6 11 
38 21 35 23 33 41 2 10 24 8 42 0 40 27 15 30 1 44 39 20 36 37 31 26 13 14 28 3 17 32 6 11 43 25 7 29 19 22 4 9 12 5 16 34 18 
42 0 40 27 15 43 25 1 30 39 36 20 44 17 28 3 35 23 2 10 41 33 18 34 38 21 9 4 12 22 19 5 16 26 14 13 31 37 29 7 6 11 32 24 8 
1 30 15 27 40 42 0 11 6 8 24 2 10 41 33 23 35 3 17 32 28 44 39 20 37 31 14 26 13 16 34 9 5 12 4 22 19 21 38 18 25 43 7 29 36 
11 6 8 24 2 10 41 33 23 38 21 18 34 9 12 4 19 22 5 16 14 26 13 31 20 36 37 29 7 1 30 15 28 39 44 42 0 40 27 32 17 3 35 25 43 
39 44 14 26 13 31 37 20 36 29 7 43 25 1 30 15 28 17 3 35 23 33 2 10 8 24 42 40 0 27 32 11 6 41 38 21 18 34 9 12 4 19 22 5 16 
33 41 10 2 23 35 3 17 28 44 39 36 20 37 31 26 13 14 29 1 30 25 43 7 15 27 32 40 42 0 11 6 8 24 18 38 34 9 4 12 5 16 22 19 21 
33 41 10 2 23 35 3 17 28 44 39 36 20 37 31 26 13 14 29 1 30 25 43 7 15 27 32 40 42 0 11 6 8 24 18 38 34 9 4 12 5 16 22 19 21 
10 2 33 23 35 3 17 40 27 43 7 1 30 25 15 28 44 39 29 36 20 31 37 14 26 13 16 5 19 22 4 12 9 34 38 21 18 41 24 8 42 0 11 6 32 
10 2 33 23 35 3 17 40 27 43 7 1 30 25 15 28 44 39 29 36 20 31 37 14 26 13 16 5 19 22 4 12 9 34 38 21 18 41 24 8 42 0 11 6 32 
19 4 12 9 34 38 21 41 33 35 3 17 32 40 0 27 30 1 39 36 20 37 31 13 26 14 44 28 15 25 43 7 29 11 6 8 42 24 2 10 23 18 5 22 16 
29 36 20 37 31 14 26 13 16 5 22 19 4 12 9 34 38 21 33 23 35 3 17 32 40 0 42 8 24 10 2 41 18 15 28 30 1 43 25 6 11 27 39 44 7 
27 40 23 33 35 3 17 32 42 8 24 2 10 41 34 38 21 18 9 12 4 19 22 5 16 13 26 14 37 31 20 15 25 43 7 29 36 44 39 1 30 28 11 6 0 
27 40 23 33 35 3 17 32 42 8 24 2 10 41 34 38 21 18 9 12 4 19 22 5 16 13 26 14 37 31 20 15 25 43 7 29 36 44 39 1 30 28 11 6 0 
44 39 1 30 17 27 40 32 2 23 35 3 28 15 43 25 7 29 20 36 37 31 14 26 13 16 22 5 12 4 19 9 38 34 21 18 33 41 10 24 8 42 0 11 6 
42 0 40 27 25 43 7 29 36 44 39 30 1 28 17 15 32 3 35 23 33 41 2 10 8 24 21 38 18 34 9 12 4 22 19 5 16 13 26 14 20 37 31 11 6 
30 1 15 32 17 3 35 23 2 10 41 33 38 21 18 34 9 12 4 22 19 5 16 13 26 14 31 37 20 36 39 43 25 27 0 24 8 42 40 6 11 7 29 28 44 
20 44 39 36 37 31 14 26 13 19 22 5 16 4 12 9 34 38 21 18 41 33 23 35 3 30 1 43 25 15 28 17 32 27 40 42 0 6 8 24 2 10 11 7 29 
42 0 40 27 15 25 43 7 29 36 39 37 31 14 20 44 26 13 16 22 19 4 12 5 38 21 34 9 18 33 41 10 2 23 3 35 32 17 28 30 1 11 6 24 8 
33 2 10 41 23 35 3 17 28 15 30 1 39 44 20 37 31 13 26 19 22 4 12 5 16 14 36 29 7 43 25 0 42 24 8 32 27 40 11 6 21 38 34 9 18 
20 36 14 26 13 31 37 44 39 25 43 30 1 15 28 17 27 40 32 3 35 23 33 38 34 9 12 4 5 16 22 19 21 18 41 10 2 24 8 42 0 11 6 7 29 
20 36 14 26 13 31 37 44 39 25 43 30 1 15 28 17 27 40 32 3 35 23 33 38 34 9 12 4 5 16 22 19 21 18 41 10 2 24 8 42 0 11 6 7 29 
38 21 18 34 9 22 19 4 12 5 16 13 26 14 31 37 20 44 1 30 15 0 42 40 32 17 28 39 36 29 43 25 27 7 11 6 8 24 2 33 41 10 23 35 3 
7 36 39 1 30 15 17 3 35 23 2 24 8 42 0 40 27 28 14 31 37 20 44 26 13 16 22 19 4 12 5 9 34 21 38 18 33 41 10 32 11 6 43 25 29 
19 12 9 34 38 21 5 4 22 13 26 14 44 39 1 30 15 28 17 32 27 40 0 42 24 8 6 11 25 43 7 29 37 31 36 20 3 35 23 2 10 33 41 18 16 
19 12 9 34 38 21 5 4 22 13 26 14 44 39 1 30 15 28 17 32 27 40 0 42 24 8 6 11 25 43 7 29 37 31 36 20 3 35 23 2 10 33 41 18 16 
16 5 22 4 12 9 34 21 38 18 3 35 23 2 10 33 41 17 28 44 39 1 30 15 27 40 0 32 24 8 42 6 11 25 43 7 29 36 20 37 31 14 26 13 19 
16 5 22 4 12 9 34 21 38 18 3 35 23 2 10 33 41 17 28 44 39 1 30 15 27 40 0 32 24 8 42 6 11 25 43 7 29 36 20 37 31 14 26 13 19 
34 9 12 4 19 22 5 16 13 26 14 31 37 29 7 43 25 11 0 42 6 8 24 2 10 33 23 3 35 17 32 40 27 15 30 1 39 36 20 44 28 21 38 18 41 
43 25 32 17 27 40 0 42 24 8 2 10 41 33 23 3 35 18 38 21 34 9 12 4 5 22 19 16 26 13 14 31 37 20 44 39 1 30 15 28 36 29 7 11 6 
11 43 25 1 30 15 17 32 27 40 0 42 8 24 2 10 33 41 18 38 21 9 34 4 19 5 12 22 16 13 26 14 20 37 31 36 39 44 28 3 35 23 29 7 6 
15 30 1 39 44 28 17 32 3 35 10 2 24 8 42 0 40 27 25 43 7 29 37 31 20 36 14 26 13 16 5 22 19 4 12 9 34 38 21 18 41 33 23 11 6 
15 30 1 39 44 28 17 32 3 35 10 2 24 8 42 0 40 27 25 43 7 29 37 31 20 36 14 26 13 16 5 22 19 4 12 9 34 38 21 18 41 33 23 11 6 
17 3 35 23 2 10 33 21 38 34 9 12 4 19 22 5 16 13 26 14 31 37 20 36 44 39 28 30 1 29 7 43 25 40 0 11 6 42 8 24 32 27 15 18 41 
28 17 15 30 1 43 25 27 40 32 42 8 24 2 10 41 33 23 35 21 38 34 18 9 12 4 22 19 5 16 13 26 14 36 39 44 20 37 31 7 29 11 6 0 3 
12 4 9 34 38 21 18 41 33 2 10 23 35 3 17 28 44 14 20 37 31 26 13 39 1 30 15 27 32 40 0 42 8 24 6 11 43 25 7 29 36 19 22 5 16 
12 4 9 34 38 21 18 41 33 2 10 23 35 3 17 28 44 14 20 37 31 26 13 39 1 30 15 27 32 40 0 42 8 24 6 11 43 25 7 29 36 19 22 5 16 
28 15 1 30 43 25 27 40 0 42 8 24 32 17 3 35 23 2 10 41 33 21 38 12 4 19 22 5 9 34 18 16 13 26 14 20 37 31 44 39 36 29 7 11 6 
18 34 38 21 9 12 4 22 5 16 26 13 14 20 39 44 36 1 30 15 28 17 3 35 23 2 10 41 33 8 24 42 6 11 0 40 32 27 43 25 7 29 37 31 19 
40 0 42 8 24 10 2 33 23 35 3 17 15 28 31 37 20 44 39 1 30 25 43 27 32 41 18 38 21 34 9 12 4 19 5 22 16 26 13 14 36 29 7 11 6 
36 39 1 30 15 17 32 40 0 6 42 8 24 2 3 35 23 33 10 41 18 38 21 34 9 12 4 5 22 19 44 28 27 11 25 43 7 29 31 37 20 14 26 13 16 
32 27 17 3 35 23 2 10 24 8 42 0 40 15 30 1 39 44 20 37 31 13 26 14 36 29 7 25 43 11 6 33 41 18 38 21 34 12 4 5 16 22 19 9 28 
20 36 1 30 15 25 43 7 29 39 44 28 17 3 35 23 2 10 41 33 24 8 42 0 27 40 32 11 6 21 38 18 34 9 12 4 5 16 19 22 26 13 14 31 37 
15 28 17 3 35 23 2 10 41 33 18 9 34 38 21 12 4 19 22 5 16 26 13 14 20 36 39 44 37 31 29 1 30 40 0 42 8 24 32 6 27 25 43 7 11 
43 25 27 40 0 8 24 2 10 41 33 23 35 3 17 32 30 1 15 28 39 44 36 20 31 37 26 14 13 16 5 4 22 19 12 9 34 38 21 18 42 11 6 7 29 
24 8 42 0 40 27 25 43 1 30 15 11 28 2 10 23 35 3 17 32 33 41 18 38 21 34 9 12 4 19 22 5 16 13 26 14 31 37 20 39 44 36 29 7 6 
8 24 10 2 23 35 3 17 28 44 14 26 13 31 20 36 37 29 7 1 30 27 40 0 32 41 33 18 38 21 34 9 5 12 16 22 19 4 39 15 25 43 11 6 42 
8 24 10 2 23 35 3 17 28 44 14 26 13 31 20 36 37 29 7 1 30 27 40 0 32 41 33 18 38 21 34 9 5 12 16 22 19 4 39 15 25 43 11 6 42 
38 21 9 34 12 4 19 22 5 16 26 13 14 20 36 37 31 39 1 30 25 43 7 29 15 27 40 42 0 11 6 8 24 10 2 23 32 17 28 44 35 3 33 41 18 
38 21 9 34 12 4 19 22 5 16 26 13 14 20 36 37 31 39 1 30 25 43 7 29 15 27 40 42 0 11 6 8 24 10 2 23 32 17 28 44 35 3 33 41 18 
11 15 1 30 28 17 32 40 0 42 27 25 43 7 29 36 20 31 37 14 26 13 44 39 38 21 34 9 12 4 19 22 5 16 18 41 33 35 3 23 10 2 24 8 6 
40 0 42 24 8 10 2 23 35 3 33 41 18 38 21 34 9 4 22 19 12 5 16 13 26 14 20 37 31 36 39 44 28 15 27 11 32 17 30 1 43 25 7 29 6 
37 31 20 36 39 1 30 15 27 0 42 40 32 35 23 2 10 3 17 28 44 14 26 13 16 12 4 19 22 5 38 34 9 21 18 33 41 24 8 6 11 43 25 7 29 
7 43 25 30 1 39 28 15 17 3 35 23 2 10 24 8 42 40 32 27 0 11 6 41 33 18 38 21 9 34 16 12 4 19 22 5 13 26 14 20 36 37 31 44 29 
7 43 25 30 1 39 28 15 17 3 35 23 2 10 24 8 42 40 32 27 0 11 6 41 33 18 38 21 9 34 16 12 4 19 22 5 13 26 14 20 36 37 31 44 29 
7 36 20 44 39 1 30 15 32 27 17 3 35 2 10 23 33 41 18 21 38 34 9 12 4 19 22 5 16 26 13 14 31 37 29 43 25 40 0 42 8 24 6 11 28 
33 41 10 2 8 24 42 6 11 0 40 27 32 17 3 35 23 21 38 34 9 12 4 22 19 5 16 26 14 13 20 39 44 28 15 1 30 25 43 7 29 37 31 36 18 
43 25 30 1 39 44 28 15 17 32 40 0 27 42 8 24 2 10 41 33 23 35 3 18 21 38 34 9 12 4 19 22 16 5 26 13 14 31 20 37 36 29 7 11 6 
43 25 30 1 39 44 28 15 17 32 40 0 27 42 8 24 2 10 41 33 23 35 3 18 21 38 34 9 12 4 19 22 16 5 26 13 14 31 20 37 36 29 7 11 6 
36 39 1 30 15 27 40 0 42 2 10 33 41 18 21 38 34 9 12 4 19 22 5 16 14 26 13 31 37 20 28 3 17 32 23 35 24 8 6 11 43 25 29 7 44 
38 21 34 9 4 22 19 12 5 16 13 26 14 20 31 37 36 39 30 1 43 25 0 40 27 32 17 3 35 23 33 41 2 10 24 8 42 6 11 7 29 44 28 15 18 
33 35 3 32 40 27 30 1 39 44 28 17 15 25 43 7 29 36 20 31 37 14 26 13 12 4 19 22 16 5 38 34 9 21 18 41 2 10 23 24 8 42 0 11 6 
11 6 0 40 32 3 35 23 33 41 10 2 24 8 42 15 17 28 44 39 30 1 36 31 37 20 14 26 13 16 5 12 4 19 22 9 34 18 38 21 27 25 43 7 29 
11 6 0 40 32 3 35 23 33 41 10 2 24 8 42 15 17 28 44 39 30 1 36 31 37 20 14 26 13 16 5 12 4 19 22 9 34 18 38 21 27 25 43 7 29 
35 3 23 32 17 28 39 1 30 15 25 43 7 29 36 20 37 31 14 13 26 16 5 4 22 19 12 9 34 38 21 18 33 41 10 2 24 8 42 40 0 11 6 27 44 
15 30 1 39 20 36 37 31 14 26 13 22 19 4 12 5 16 34 38 21 9 18 41 10 2 23 33 35 3 17 32 40 27 42 0 11 6 8 24 43 25 7 29 44 28 
25 43 7 29 30 1 39 36 20 37 31 14 26 13 22 19 4 12 16 5 9 34 38 21 33 41 18 17 3 35 23 2 10 24 8 42 0 27 15 28 44 32 40 6 11 
11 42 40 27 23 33 41 10 2 8 24 35 3 17 32 15 30 1 25 43 7 29 36 20 37 31 13 26 14 44 39 28 21 38 18 34 9 12 4 5 16 22 19 0 6 
11 42 40 27 23 33 41 10 2 8 24 35 3 17 32 15 30 1 25 43 7 29 36 20 37 31 13 26 14 44 39 28 21 38 18 34 9 12 4 5 16 22 19 0 6 
35 23 10 2 24 8 42 0 27 15 30 1 39 44 14 26 13 31 37 20 36 29 7 43 25 11 6 32 40 17 3 33 41 18 38 34 9 4 12 5 16 22 19 28 21 
35 23 10 2 24 8 42 0 27 15 30 1 39 44 14 26 13 31 37 20 36 29 7 43 25 11 6 32 40 17 3 33 41 18 38 34 9 4 12 5 16 22 19 28 21 
12 4 19 22 5 9 34 21 38 18 35 3 17 28 15 40 42 0 27 32 23 2 10 41 33 8 24 6 11 25 43 7 29 30 1 39 44 20 37 31 36 14 26 13 16 
12 4 19 22 5 9 34 21 38 18 35 3 17 28 15 40 42 0 27 32 23 2 10 41 33 8 24 6 11 25 43 7 29 30 1 39 44 20 37 31 36 14 26 13 16 
33 3 35 23 2 10 8 24 42 40 0 6 11 27 32 17 28 39 36 20 31 37 29 1 30 15 25 43 7 44 14 26 13 16 12 4 19 22 5 9 34 18 21 38 41 
33 3 35 23 2 10 8 24 42 40 0 6 11 27 32 17 28 39 36 20 31 37 29 1 30 15 25 43 7 44 14 26 13 16 12 4 19 22 5 9 34 18 21 38 41 
21 12 4 9 16 22 19 5 34 38 18 33 41 10 2 23 35 3 17 32 15 30 1 39 44 28 27 40 42 0 24 8 6 11 43 25 7 29 36 20 31 37 13 26 14 
