38 29 53 35 51 39 43 11 12 8 81 33 26 47 31 67 22 74 58 34 55 61 9 16 69 57 10 25 84 5 19 40 73 13 72 66 77 18 52 6 28 14 32 71 17 42 36 21 0 3 70 75 59 83 65 48 79 63 49 7 78 24 4 80 2 45 64 76 56 27 37 82 50 1 20 23 54 60 62 41 46 30 15 68 44 
26 18 5 69 20 30 71 53 29 75 7 35 44 22 39 58 43 34 2 50 81 59 24 38 63 9 32 67 13 28 60 31 79 41 14 10 6 77 46 19 72 33 55 45 57 62 17 68 70 48 25 73 4 27 78 15 51 61 64 80 16 66 40 54 82 21 42 0 49 56 36 12 74 47 11 65 1 23 76 3 37 83 8 52 84 
19 50 42 24 43 31 23 28 71 82 39 17 16 13 55 62 40 68 72 25 84 38 66 49 7 70 65 61 21 32 29 15 60 44 33 10 22 20 56 59 4 80 73 9 51 64 54 79 37 30 35 48 52 78 5 57 41 69 36 83 18 46 14 76 12 34 75 63 2 74 8 45 81 1 58 77 26 47 0 6 67 11 27 53 3 
46 37 80 27 70 1 24 34 79 82 52 66 76 56 81 59 8 33 41 75 38 62 74 39 45 2 4 78 20 13 10 19 77 9 71 32 69 3 18 15 55 31 83 67 51 5 61 72 47 28 36 64 63 42 0 7 68 25 40 17 60 11 26 57 54 12 65 50 49 14 16 48 30 21 44 22 43 23 35 29 53 58 73 84 6 
69 6 33 75 3 79 35 32 8 25 61 26 47 78 28 43 42 21 23 9 5 15 66 55 70 77 16 81 4 53 60 49 59 50 31 10 24 74 72 19 73 13 30 14 64 71 63 48 51 68 84 41 17 29 20 65 76 18 7 12 22 58 40 36 37 57 11 56 1 54 52 44 38 46 62 39 34 27 83 0 82 67 2 45 80 
43 37 68 29 35 78 40 48 50 1 51 24 70 27 8 26 56 11 73 72 58 55 19 47 60 16 81 20 2 13 53 10 39 30 75 76 54 44 18 82 83 64 22 74 61 67 6 3 49 59 52 21 57 23 9 34 41 28 17 63 66 4 79 38 69 46 5 32 42 45 80 62 15 7 0 31 77 14 33 25 71 36 65 84 12 
65 6 42 29 54 53 36 52 77 74 68 39 14 48 82 22 46 16 45 44 43 21 7 20 57 40 72 61 11 55 34 33 47 31 81 13 73 27 79 25 24 23 80 8 62 17 15 66 84 9 51 35 3 56 49 0 32 18 76 71 37 67 63 59 19 41 38 26 75 4 1 50 69 58 12 2 70 28 83 5 10 64 30 60 78 
19 50 42 24 43 31 23 28 71 82 39 17 16 13 55 62 40 68 72 25 84 38 66 49 7 70 65 61 21 32 29 15 60 44 33 10 22 20 56 59 4 80 73 9 51 64 54 79 37 30 35 48 52 78 5 57 41 69 36 83 18 46 14 76 12 34 75 63 2 74 8 45 81 1 58 77 26 47 0 6 67 11 27 53 3 
45 54 4 53 46 70 63 36 41 39 58 65 51 18 42 27 60 57 84 19 43 1 74 11 20 7 78 15 83 34 77 25 14 13 21 44 22 31 47 2 69 33 61 24 23 59 79 82 40 38 66 28 49 3 26 10 35 76 62 30 0 68 6 72 52 17 81 80 56 8 32 71 64 37 50 48 75 9 55 73 5 16 67 29 12 
15 82 49 53 46 5 37 3 60 20 0 41 71 55 51 30 29 64 33 12 74 72 24 79 59 65 48 32 54 81 27 70 14 44 22 40 17 36 77 2 1 18 23 80 21 10 8 43 83 26 63 42 28 61 73 47 68 76 57 9 4 75 7 38 69 25 78 45 67 31 6 62 19 58 66 39 11 52 50 35 13 34 16 84 56 
79 76 26 57 16 25 30 23 39 28 41 36 65 17 75 44 71 35 84 46 9 32 49 33 1 5 19 13 66 73 55 24 68 80 50 59 60 70 11 20 63 21 78 67 31 51 47 53 69 37 83 64 2 58 61 7 22 54 43 74 18 48 38 40 45 8 12 81 52 29 10 27 62 14 3 34 77 0 82 56 72 4 15 6 42 
27 56 81 63 79 7 57 39 68 84 55 31 67 34 4 30 53 32 8 10 47 28 17 75 45 11 82 50 54 83 12 74 33 18 16 44 36 13 14 43 42 15 2 26 48 20 78 80 66 71 64 65 21 60 62 22 19 77 69 37 3 25 0 35 52 38 76 59 49 40 41 73 70 46 51 58 23 72 61 5 9 29 6 24 1 
65 66 40 37 46 5 78 63 17 1 23 54 51 62 83 79 20 81 73 7 26 47 57 76 49 8 25 80 29 53 9 27 2 52 22 74 61 11 30 33 67 12 13 44 75 14 42 3 28 41 71 77 16 18 69 19 72 34 55 31 64 21 59 24 6 35 4 84 68 38 39 56 48 43 45 50 82 58 15 70 0 32 60 36 10 
65 66 40 37 46 5 78 63 17 1 23 54 51 62 83 79 20 81 73 7 26 47 57 76 49 8 25 80 29 53 9 27 2 52 22 74 61 11 30 33 67 12 13 44 75 14 42 3 28 41 71 77 16 18 69 19 72 34 55 31 64 21 59 24 6 35 4 84 68 38 39 56 48 43 45 50 82 58 15 70 0 32 60 36 10 
26 44 5 10 62 13 16 42 1 37 38 35 73 80 17 2 56 57 3 4 20 41 33 49 76 50 32 14 53 69 6 55 11 24 75 60 21 79 59 82 64 47 70 7 25 29 83 71 67 74 8 28 9 72 0 15 31 51 23 45 34 68 78 18 19 54 61 65 48 63 22 27 81 52 30 36 46 43 39 40 58 84 66 77 12 
18 51 16 12 54 41 3 75 57 7 78 0 45 20 61 11 56 26 67 66 5 10 70 42 27 55 46 64 69 34 43 81 68 72 58 30 62 71 31 83 38 13 44 17 24 82 60 14 1 33 22 47 40 19 84 25 37 73 76 50 59 48 79 21 29 77 23 63 4 32 39 49 9 8 52 74 36 65 6 28 53 35 80 2 15 
7 0 5 25 40 57 72 41 17 51 82 20 65 44 1 53 64 31 35 48 81 27 2 43 80 18 71 66 11 45 74 58 78 59 37 34 61 63 9 50 49 70 84 3 39 23 77 14 32 4 19 60 12 54 83 30 42 6 28 33 75 46 21 56 8 55 26 10 38 24 73 13 69 15 36 29 16 67 22 47 68 52 62 76 79 
53 31 2 43 36 24 59 34 67 68 30 62 40 8 19 4 51 23 37 50 22 56 74 12 49 65 81 20 63 47 77 10 3 54 32 6 29 14 21 38 83 33 76 69 0 55 72 48 41 16 9 57 13 25 28 45 58 11 27 18 15 42 75 71 60 17 7 52 26 64 82 39 61 73 46 44 80 84 66 5 78 79 35 70 1 
36 30 45 44 27 51 58 6 59 75 7 81 64 65 60 18 28 2 68 22 9 40 13 25 48 10 84 34 15 49 79 0 82 12 62 14 42 55 69 46 71 35 53 63 3 17 19 67 77 41 38 5 50 80 52 21 70 8 1 26 29 31 11 74 43 33 54 4 23 78 47 24 57 61 72 66 16 76 37 20 39 73 32 56 83 
7 0 5 25 40 57 72 41 17 51 82 20 65 44 1 53 64 31 35 48 81 27 2 43 80 18 71 66 11 45 74 58 78 59 37 34 61 63 9 50 49 70 84 3 39 23 77 14 32 4 19 60 12 54 83 30 42 6 28 33 75 46 21 56 8 55 26 10 38 24 73 13 69 15 36 29 16 67 22 47 68 52 62 76 79 
26 73 71 4 72 81 12 14 48 65 7 60 24 69 46 20 78 75 50 0 63 17 66 64 32 47 53 40 5 62 18 61 70 21 15 10 3 27 83 76 13 1 52 56 11 79 31 44 38 54 37 59 2 34 49 23 8 45 43 39 28 42 68 6 36 77 22 33 55 74 35 19 84 9 16 58 67 51 30 25 41 29 57 80 82 
46 37 80 27 70 1 24 34 79 82 52 66 76 56 81 59 8 33 41 75 38 62 74 39 45 2 4 78 20 13 10 19 77 9 71 32 69 3 18 15 55 31 83 67 51 5 61 72 47 28 36 64 63 42 0 7 68 25 40 17 60 11 26 57 54 12 65 50 49 14 16 48 30 21 44 22 43 23 35 29 53 58 73 84 6 
45 54 4 53 46 70 63 36 41 39 58 65 51 18 42 27 60 57 84 19 43 1 74 11 20 7 78 15 83 34 77 25 14 13 21 44 22 31 47 2 69 33 61 24 23 59 79 82 40 38 66 28 49 3 26 10 35 76 62 30 0 68 6 72 52 17 81 80 56 8 32 71 64 37 50 48 75 9 55 73 5 16 67 29 12 
18 65 32 23 64 73 83 55 31 26 33 8 70 60 14 9 40 66 3 51 17 28 58 5 24 43 80 2 67 54 30 53 36 0 4 49 6 12 27 20 82 78 1 48 50 63 37 59 22 44 25 52 21 62 15 81 11 38 35 7 19 34 46 76 13 56 42 79 16 45 77 69 10 57 72 75 74 61 39 71 68 29 47 41 84 
44 34 6 11 74 58 32 57 46 66 38 49 47 83 21 40 12 13 68 69 52 51 43 14 75 48 78 28 1 8 27 24 20 42 17 62 53 37 70 18 67 61 30 73 19 29 26 50 7 82 84 23 55 10 31 5 71 16 59 0 36 80 41 35 63 65 3 79 56 33 22 45 2 77 72 39 76 64 81 54 60 15 9 4 25 
74 76 59 66 68 19 79 65 48 49 40 24 21 3 61 22 50 28 17 4 32 69 14 16 7 55 62 71 12 31 25 60 57 18 9 70 73 5 82 37 77 6 54 64 45 39 47 23 51 8 43 56 10 46 35 29 53 63 36 34 44 11 80 13 52 84 38 15 30 20 67 33 81 26 27 83 41 42 75 58 78 72 0 2 1 
76 84 67 79 2 73 54 83 7 82 59 45 11 51 28 46 17 70 33 21 63 69 25 41 3 15 77 50 81 80 9 40 39 78 13 48 31 36 35 62 19 68 57 75 65 56 74 72 10 22 12 52 34 49 4 26 20 71 5 66 18 64 42 53 61 32 60 37 27 24 44 58 55 47 23 1 8 43 38 30 6 29 16 14 0 
60 17 30 3 66 70 35 78 4 7 8 18 74 23 34 55 15 13 36 62 59 1 27 54 56 10 81 39 11 31 44 58 43 76 47 12 22 37 51 25 71 52 77 40 6 61 73 16 33 46 28 26 45 2 29 20 75 64 38 69 21 68 50 14 80 32 41 84 57 5 48 24 63 53 42 67 83 9 65 82 0 49 79 72 19 
42 67 37 10 38 23 83 59 57 51 81 32 17 64 77 62 80 49 69 34 2 47 58 45 14 56 70 31 35 54 79 52 28 3 71 29 5 9 55 30 46 60 22 43 16 41 25 13 73 39 36 15 78 11 8 27 76 24 21 4 75 19 74 33 7 6 48 0 53 44 72 66 18 61 68 20 1 82 50 12 63 65 26 40 84 
39 41 46 6 35 4 80 76 83 70 21 44 0 61 78 64 2 68 51 82 55 66 81 45 29 8 77 5 13 19 16 52 30 69 34 72 42 10 14 43 60 36 20 79 15 11 63 56 3 37 48 54 75 50 18 17 9 33 26 59 65 23 7 74 73 25 32 71 28 27 31 67 40 38 62 47 58 49 57 53 84 1 22 12 24 
20 67 42 27 76 53 71 72 10 37 0 50 69 21 54 12 51 66 58 70 48 64 59 83 61 36 33 28 18 13 14 26 74 22 4 1 6 34 43 80 2 23 81 47 55 24 60 78 16 41 29 49 56 45 82 3 65 31 57 40 5 68 75 35 11 39 73 7 17 15 8 63 19 46 84 9 25 38 52 30 32 77 44 62 79 
41 56 63 29 22 76 67 26 20 39 52 3 48 36 30 51 11 8 1 43 70 75 17 15 37 47 5 69 25 84 53 79 54 83 12 35 10 14 78 62 60 61 42 27 64 68 55 80 6 73 16 19 81 58 31 2 45 82 66 77 65 23 33 32 46 40 71 50 24 28 4 74 72 38 57 7 21 59 49 9 13 44 18 34 0 
20 56 44 45 38 60 63 68 35 24 64 55 34 67 59 70 13 3 75 1 43 76 77 11 27 80 4 72 7 84 66 52 2 51 57 10 14 16 32 25 21 42 30 28 6 36 49 53 29 47 50 9 5 69 26 78 62 83 33 31 18 23 54 8 61 73 19 12 22 46 71 82 65 48 15 41 17 81 79 37 0 74 40 58 39 
7 0 5 25 40 57 72 41 17 51 82 20 65 44 1 53 64 31 35 48 81 27 2 43 80 18 71 66 11 45 74 58 78 59 37 34 61 63 9 50 49 70 84 3 39 23 77 14 32 4 19 60 12 54 83 30 42 6 28 33 75 46 21 56 8 55 26 10 38 24 73 13 69 15 36 29 16 67 22 47 68 52 62 76 79 
66 57 5 72 7 43 20 24 33 64 76 38 25 40 31 1 30 62 45 68 27 55 18 12 58 32 39 34 0 3 81 54 47 37 23 74 4 16 13 6 15 63 10 42 67 8 53 51 80 82 9 48 56 29 35 70 71 11 26 77 61 44 14 41 73 17 2 79 83 59 49 21 65 75 60 22 69 28 36 52 46 50 19 84 78 
9 84 36 45 77 20 63 76 6 17 50 65 32 13 81 83 82 52 1 23 26 66 28 49 11 80 71 53 74 39 57 69 62 29 40 30 19 58 2 79 48 70 24 78 4 37 61 31 42 21 75 16 41 46 12 73 18 72 55 54 56 33 68 51 67 64 44 34 25 7 60 59 15 47 22 43 5 10 38 35 27 14 8 3 0 
60 14 42 81 77 52 1 47 23 56 73 72 61 3 30 0 53 32 71 39 8 44 76 54 31 69 16 7 75 63 17 29 34 27 43 67 48 5 46 83 36 19 41 25 79 20 11 26 64 6 2 66 84 10 28 58 15 49 65 59 51 12 80 38 57 40 55 13 45 18 33 4 37 22 82 9 35 50 21 68 24 74 78 62 70 
60 14 42 81 77 52 1 47 23 56 73 72 61 3 30 0 53 32 71 39 8 44 76 54 31 69 16 7 75 63 17 29 34 27 43 67 48 5 46 83 36 19 41 25 79 20 11 26 64 6 2 66 84 10 28 58 15 49 65 59 51 12 80 38 57 40 55 13 45 18 33 4 37 22 82 9 35 50 21 68 24 74 78 62 70 
84 19 14 67 45 83 59 1 74 78 37 43 22 8 23 25 60 82 32 16 18 21 80 13 9 31 65 50 75 69 39 64 61 44 28 12 6 54 33 4 63 68 47 40 51 81 2 72 5 20 48 79 35 41 30 55 11 57 52 3 34 27 15 56 76 77 62 36 73 71 24 29 7 49 17 70 58 66 46 10 53 42 26 38 0 
13 66 31 74 11 56 33 45 49 19 43 80 65 34 72 26 5 16 67 14 38 6 2 77 44 76 54 52 25 58 51 18 68 69 81 22 78 8 27 9 71 61 41 46 60 28 3 37 75 64 53 30 24 12 63 62 17 29 36 48 42 15 20 47 4 59 83 55 73 23 40 57 7 35 0 32 21 79 39 84 70 10 82 50 1 
49 35 36 84 53 19 46 30 7 3 83 56 14 70 47 61 66 18 32 38 39 48 17 62 40 82 50 27 64 55 43 31 23 4 58 81 33 67 78 10 22 11 57 73 80 37 65 5 20 54 28 34 75 6 26 79 63 15 72 8 77 41 21 24 59 76 9 16 71 12 74 44 13 69 51 68 42 25 0 60 52 45 29 2 1 
42 67 37 10 38 23 83 59 57 51 81 32 17 64 77 62 80 49 69 34 2 47 58 45 14 56 70 31 35 54 79 52 28 3 71 29 5 9 55 30 46 60 22 43 16 41 25 13 73 39 36 15 78 11 8 27 76 24 21 4 75 19 74 33 7 6 48 0 53 44 72 66 18 61 68 20 1 82 50 12 63 65 26 40 84 
70 8 47 13 75 0 21 81 40 24 25 15 61 10 34 62 6 48 76 20 49 44 12 59 51 31 73 39 32 14 42 71 64 80 3 36 28 58 9 55 68 72 30 18 27 1 79 50 33 22 43 5 45 2 38 65 82 29 60 77 69 35 19 57 41 4 11 53 17 7 52 66 74 67 37 16 84 23 46 56 26 54 83 63 78 
9 34 47 20 45 10 59 11 83 65 28 32 72 40 24 23 81 12 55 13 14 76 48 22 57 15 58 18 0 53 17 30 70 19 21 84 71 25 66 79 49 26 31 68 43 27 29 50 64 78 51 33 35 69 44 36 39 6 56 38 82 41 75 42 60 46 1 74 54 61 62 8 67 73 77 80 37 3 52 7 63 4 2 16 5 
41 56 63 29 22 76 67 26 20 39 52 3 48 36 30 51 11 8 1 43 70 75 17 15 37 47 5 69 25 84 53 79 54 83 12 35 10 14 78 62 60 61 42 27 64 68 55 80 6 73 16 19 81 58 31 2 45 82 66 77 65 23 33 32 46 40 71 50 24 28 4 74 72 38 57 7 21 59 49 9 13 44 18 34 0 
20 56 44 45 38 60 63 68 35 24 64 55 34 67 59 70 13 3 75 1 43 76 77 11 27 80 4 72 7 84 66 52 2 51 57 10 14 16 32 25 21 42 30 28 6 36 49 53 29 47 50 9 5 69 26 78 62 83 33 31 18 23 54 8 61 73 19 12 22 46 71 82 65 48 15 41 17 81 79 37 0 74 40 58 39 
60 53 47 19 21 70 37 65 27 50 75 32 42 78 84 28 34 9 77 59 23 64 12 52 41 5 40 8 38 36 39 74 43 56 45 20 69 25 48 57 31 51 62 15 33 58 44 10 72 73 66 14 26 46 13 6 16 81 68 17 55 67 11 3 49 18 29 63 54 1 24 80 61 30 7 71 4 2 79 83 0 35 82 76 22 
45 11 77 38 84 58 5 31 4 18 7 55 19 83 78 32 71 15 14 74 69 10 68 64 82 48 76 63 75 53 24 81 8 3 22 12 34 41 25 28 61 33 47 26 72 36 59 37 23 80 56 29 62 17 49 13 51 39 79 6 20 73 46 54 43 60 65 70 44 30 21 57 9 67 27 40 66 52 35 50 0 42 16 2 1 
41 30 68 52 37 49 66 18 48 79 6 67 5 63 2 20 59 74 36 0 40 19 13 24 46 10 3 32 78 50 21 60 23 33 44 12 45 58 76 7 72 47 80 64 22 15 42 75 54 43 38 65 1 35 53 17 69 9 29 70 26 27 11 4 55 34 73 8 56 83 51 25 57 62 14 77 16 82 39 28 61 81 31 71 84 
28 16 75 64 1 9 18 57 56 53 83 60 15 76 27 70 63 35 30 49 17 51 47 74 33 39 23 59 12 24 29 44 52 0 46 82 4 72 68 10 54 79 65 32 41 14 26 21 37 69 58 73 13 20 66 81 34 45 3 2 80 55 22 71 62 36 42 43 50 38 78 7 5 25 61 77 8 6 31 67 48 11 40 19 84 
28 16 75 64 1 9 18 57 56 53 83 60 15 76 27 70 63 35 30 49 17 51 47 74 33 39 23 59 12 24 29 44 52 0 46 82 4 72 68 10 54 79 65 32 41 14 26 21 37 69 58 73 13 20 66 81 34 45 3 2 80 55 22 71 62 36 42 43 50 38 78 7 5 25 61 77 8 6 31 67 48 11 40 19 84 
10 17 6 57 34 0 39 59 66 73 29 11 75 48 83 37 53 55 16 76 1 23 79 28 47 58 19 25 12 27 42 7 70 2 21 3 35 36 30 45 78 71 51 40 32 4 38 64 22 14 77 33 68 52 62 41 56 60 15 5 8 67 81 63 72 9 44 26 61 13 69 24 18 49 46 20 65 31 54 82 43 50 80 74 84 
30 25 75 19 7 49 1 80 82 76 78 63 6 69 8 32 68 17 66 26 77 56 35 2 50 37 42 60 45 81 44 12 16 34 22 73 43 23 27 62 48 79 47 52 38 10 71 65 41 57 58 28 46 29 3 70 36 74 15 64 61 39 33 72 11 14 53 21 59 67 51 55 31 4 54 20 83 24 18 5 0 13 40 84 9 
6 77 53 43 41 37 45 35 76 81 32 27 48 4 66 8 47 52 34 74 24 69 16 38 84 20 42 36 55 26 59 64 23 11 68 9 19 5 40 25 62 72 44 71 1 79 75 78 58 10 14 15 63 54 80 46 73 57 31 21 17 12 51 56 50 67 65 13 28 18 2 33 60 29 22 61 39 49 83 70 3 0 30 7 82 
33 76 38 71 21 46 40 9 13 22 39 52 69 3 48 42 55 84 60 59 64 32 15 51 53 4 18 57 0 28 35 31 68 62 58 61 74 45 47 29 6 43 44 73 65 7 17 37 12 8 82 83 26 77 16 10 24 66 72 27 25 11 78 2 54 19 1 23 81 67 30 41 70 34 14 49 50 56 79 63 75 80 5 36 20 
45 54 4 53 46 70 63 36 41 39 58 65 51 18 42 27 60 57 84 19 43 1 74 11 20 7 78 15 83 34 77 25 14 13 21 44 22 31 47 2 69 33 61 24 23 59 79 82 40 38 66 28 49 3 26 10 35 76 62 30 0 68 6 72 52 17 81 80 56 8 32 71 64 37 50 48 75 9 55 73 5 16 67 29 12 
5 4 77 26 76 22 49 63 29 54 80 61 12 34 40 72 42 69 9 74 57 6 60 19 66 53 75 36 15 7 38 71 65 48 33 31 43 8 21 62 18 70 3 11 50 44 41 24 39 68 59 55 67 13 35 27 82 14 58 20 78 16 45 52 17 0 47 51 28 25 73 30 46 32 23 1 10 79 81 83 2 37 64 56 84 
48 12 72 6 26 31 67 20 68 41 55 44 61 73 7 83 3 59 10 9 25 18 46 49 53 70 74 2 54 21 42 37 50 76 81 82 66 22 51 43 62 52 79 23 13 58 34 80 1 56 78 30 15 29 8 45 5 35 75 60 77 36 14 24 40 32 71 27 65 63 16 69 28 0 39 64 47 33 57 4 38 11 17 19 84 
76 63 21 17 62 75 18 42 38 44 57 36 67 15 83 25 66 73 40 72 31 71 53 35 80 69 39 33 54 7 68 48 19 59 65 1 29 64 8 51 9 61 23 37 28 60 0 3 79 30 47 56 55 52 82 49 81 13 12 32 4 45 22 43 2 41 6 77 27 26 24 46 5 16 14 11 74 84 10 58 34 78 20 70 50 
2 31 12 47 4 3 45 73 51 22 33 39 1 79 44 6 25 7 11 0 41 29 49 59 17 65 83 63 32 9 40 55 21 28 67 10 36 42 57 43 27 54 26 70 14 13 69 53 78 76 15 16 5 61 34 50 48 19 23 64 20 75 77 8 58 30 84 71 35 37 80 38 24 66 18 56 62 60 68 46 74 81 52 72 82 
74 78 7 60 5 51 44 6 0 17 84 2 52 48 79 59 65 70 37 16 56 24 21 39 29 41 12 27 49 75 68 10 58 11 38 83 26 32 42 15 30 66 28 72 40 20 13 34 3 18 45 63 35 54 81 82 55 67 19 22 80 62 31 47 61 43 64 23 33 4 77 50 36 46 1 76 57 9 8 73 71 25 69 53 14 
20 78 63 36 46 5 73 25 69 54 39 18 83 61 45 41 76 44 8 52 12 49 47 59 79 6 71 70 15 29 42 24 4 81 31 58 22 9 19 72 65 80 68 66 67 10 43 23 34 35 0 7 21 14 33 16 57 62 53 77 32 17 56 75 51 26 48 84 11 28 30 40 64 37 60 38 82 50 1 74 2 13 55 27 3 
61 2 1 52 19 71 23 24 65 4 81 20 54 33 26 21 45 13 38 18 63 69 60 68 10 40 82 35 5 6 57 73 66 77 75 79 41 7 49 27 48 30 84 8 22 55 44 9 39 62 42 29 37 51 50 76 67 11 56 70 74 12 43 53 14 28 15 36 58 16 72 17 47 25 32 64 83 31 34 46 3 78 80 0 59 
76 54 38 12 9 49 70 39 60 56 58 61 51 65 15 29 48 50 14 72 43 63 75 59 22 6 30 53 17 83 28 55 13 16 73 40 71 46 3 80 68 19 42 23 24 8 81 26 33 37 66 18 52 34 32 10 25 82 27 35 1 20 77 44 57 21 64 0 45 79 36 78 69 41 84 47 2 67 62 4 7 31 5 11 74 
62 36 17 79 25 12 67 27 1 68 48 64 72 71 83 26 40 34 19 14 49 80 20 11 51 16 21 35 4 56 22 42 74 43 76 70 29 23 8 18 81 30 53 73 69 31 54 50 45 58 55 66 32 77 24 37 61 13 78 82 52 39 33 44 59 46 5 10 57 63 65 38 75 0 3 7 47 28 6 2 41 9 15 60 84 
2 29 5 55 12 77 47 64 24 6 27 63 82 75 28 51 49 44 34 14 42 56 38 83 10 73 71 32 7 0 52 18 57 54 33 39 1 72 19 76 69 62 84 58 22 67 40 11 37 66 17 8 26 23 80 61 65 3 35 21 78 53 60 41 30 48 16 46 13 45 43 4 50 31 81 20 15 9 25 74 68 36 70 59 79 
2 29 5 55 12 77 47 64 24 6 27 63 82 75 28 51 49 44 34 14 42 56 38 83 10 73 71 32 7 0 52 18 57 54 33 39 1 72 19 76 69 62 84 58 22 67 40 11 37 66 17 8 26 23 80 61 65 3 35 21 78 53 60 41 30 48 16 46 13 45 43 4 50 31 81 20 15 9 25 74 68 36 70 59 79 
7 0 5 25 40 57 72 41 17 51 82 20 65 44 1 53 64 31 35 48 81 27 2 43 80 18 71 66 11 45 74 58 78 59 37 34 61 63 9 50 49 70 84 3 39 23 77 14 32 4 19 60 12 54 83 30 42 6 28 33 75 46 21 56 8 55 26 10 38 24 73 13 69 15 36 29 16 67 22 47 68 52 62 76 79 
53 31 2 43 36 24 59 34 67 68 30 62 40 8 19 4 51 23 37 50 22 56 74 12 49 65 81 20 63 47 77 10 3 54 32 6 29 14 21 38 83 33 76 69 0 55 72 48 41 16 9 57 13 25 28 45 58 11 27 18 15 42 75 71 60 17 7 52 26 64 82 39 61 73 46 44 80 84 66 5 78 79 35 70 1 
53 31 2 43 36 24 59 34 67 68 30 62 40 8 19 4 51 23 37 50 22 56 74 12 49 65 81 20 63 47 77 10 3 54 32 6 29 14 21 38 83 33 76 69 0 55 72 48 41 16 9 57 13 25 28 45 58 11 27 18 15 42 75 71 60 17 7 52 26 64 82 39 61 73 46 44 80 84 66 5 78 79 35 70 1 
74 76 59 66 68 19 79 65 48 49 40 24 21 3 61 22 50 28 17 4 32 69 14 16 7 55 62 71 12 31 25 60 57 18 9 70 73 5 82 37 77 6 54 64 45 39 47 23 51 8 43 56 10 46 35 29 53 63 36 34 44 11 80 13 52 84 38 15 30 20 67 33 81 26 27 83 41 42 75 58 78 72 0 2 1 
19 59 48 21 83 14 64 37 17 56 39 70 1 82 71 52 2 4 80 23 44 61 24 33 57 47 16 30 46 45 76 81 12 55 31 60 38 79 15 42 66 73 58 28 36 26 74 22 51 78 13 5 40 34 67 8 62 6 77 25 29 75 3 63 65 53 49 72 9 69 18 10 43 68 32 27 54 50 11 41 84 20 7 0 35 
10 0 27 26 31 22 65 73 34 39 1 49 53 45 17 2 48 59 55 9 57 72 3 75 16 4 69 70 79 43 80 5 32 66 46 6 18 64 54 68 7 56 24 8 51 42 62 77 14 11 12 33 25 60 63 13 52 15 19 50 20 47 61 36 21 23 76 28 71 38 29 30 37 35 78 40 41 81 44 58 67 74 82 83 84 
13 66 31 74 11 56 33 45 49 19 43 80 65 34 72 26 5 16 67 14 38 6 2 77 44 76 54 52 25 58 51 18 68 69 81 22 78 8 27 9 71 61 41 46 60 28 3 37 75 64 53 30 24 12 63 62 17 29 36 48 42 15 20 47 4 59 83 55 73 23 40 57 7 35 0 32 21 79 39 84 70 10 82 50 1 
70 8 47 13 75 0 21 81 40 24 25 15 61 10 34 62 6 48 76 20 49 44 12 59 51 31 73 39 32 14 42 71 64 80 3 36 28 58 9 55 68 72 30 18 27 1 79 50 33 22 43 5 45 2 38 65 82 29 60 77 69 35 19 57 41 4 11 53 17 7 52 66 74 67 37 16 84 23 46 56 26 54 83 63 78 
42 67 37 10 38 23 83 59 57 51 81 32 17 64 77 62 80 49 69 34 2 47 58 45 14 56 70 31 35 54 79 52 28 3 71 29 5 9 55 30 46 60 22 43 16 41 25 13 73 39 36 15 78 11 8 27 76 24 21 4 75 19 74 33 7 6 48 0 53 44 72 66 18 61 68 20 1 82 50 12 63 65 26 40 84 
8 50 1 33 24 15 62 9 34 74 51 58 77 17 18 78 32 35 26 80 45 61 67 72 25 19 13 84 68 36 44 76 21 54 42 71 23 22 40 48 27 37 64 10 65 29 11 60 30 38 70 63 75 39 57 41 83 59 69 12 55 46 3 66 16 52 28 56 31 79 81 20 43 2 47 6 14 53 0 5 73 7 49 82 4 
20 56 44 45 38 60 63 68 35 24 64 55 34 67 59 70 13 3 75 1 43 76 77 11 27 80 4 72 7 84 66 52 2 51 57 10 14 16 32 25 21 42 30 28 6 36 49 53 29 47 50 9 5 69 26 78 62 83 33 31 18 23 54 8 61 73 19 12 22 46 71 82 65 48 15 41 17 81 79 37 0 74 40 58 39 
69 6 33 75 3 79 35 32 8 25 61 26 47 78 28 43 42 21 23 9 5 15 66 55 70 77 16 81 4 53 60 49 59 50 31 10 24 74 72 19 73 13 30 14 64 71 63 48 51 68 84 41 17 29 20 65 76 18 7 12 22 58 40 36 37 57 11 56 1 54 52 44 38 46 62 39 34 27 83 0 82 67 2 45 80 
76 63 21 17 62 75 18 42 38 44 57 36 67 15 83 25 66 73 40 72 31 71 53 35 80 69 39 33 54 7 68 48 19 59 65 1 29 64 8 51 9 61 23 37 28 60 0 3 79 30 47 56 55 52 82 49 81 13 12 32 4 45 22 43 2 41 6 77 27 26 24 46 5 16 14 11 74 84 10 58 34 78 20 70 50 
1 64 20 31 26 55 45 70 23 67 41 6 84 60 2 27 78 44 40 28 14 25 58 50 22 74 77 47 33 54 34 81 32 15 30 16 10 5 53 37 11 83 48 49 65 21 59 52 9 39 61 3 63 57 12 69 7 24 79 42 43 13 72 82 0 56 17 75 8 29 46 62 76 35 80 18 68 38 4 66 36 73 19 71 51 
43 18 63 65 53 61 70 37 41 40 19 26 66 49 54 20 12 31 10 6 30 79 82 42 84 24 60 15 0 28 46 38 33 14 13 34 50 76 71 22 67 8 48 39 51 44 80 1 59 11 52 72 16 74 83 56 32 58 77 27 64 68 36 17 75 78 2 23 45 55 7 21 69 35 47 73 57 5 29 3 62 25 4 9 81 
4 44 2 23 31 21 6 43 18 34 7 76 47 26 81 39 48 70 66 52 33 51 1 67 41 28 5 3 72 68 11 8 63 22 13 56 45 38 46 25 42 35 20 9 57 54 83 69 73 55 77 60 15 14 53 62 10 58 12 40 24 78 50 71 16 84 37 17 30 29 36 19 80 65 59 82 27 61 32 49 79 75 64 74 0 
44 30 9 21 3 79 76 78 34 52 27 25 80 75 83 53 7 13 19 40 73 72 41 77 54 70 8 2 39 4 31 48 23 69 46 42 28 68 81 12 66 57 15 59 38 65 64 17 49 63 20 24 74 61 67 58 5 6 11 56 84 51 22 32 35 50 33 47 43 45 37 10 36 29 62 18 16 14 26 0 82 60 1 55 71 
62 38 78 28 43 66 11 21 42 83 53 19 46 15 82 63 50 76 37 48 7 60 79 25 54 2 18 68 24 57 39 20 72 74 14 34 40 23 44 31 61 73 5 77 56 45 36 81 33 27 35 69 8 30 55 3 51 22 47 67 75 49 65 59 70 4 80 58 32 71 6 41 17 9 16 10 29 64 13 12 26 52 84 0 1 
64 65 59 38 7 4 37 18 32 31 22 8 20 63 66 79 80 81 16 51 40 5 57 26 50 6 14 46 44 56 47 55 45 27 23 76 28 9 43 35 70 78 61 48 82 10 34 68 13 39 73 75 17 11 53 12 1 29 25 60 71 19 72 74 2 24 49 83 67 30 33 54 21 41 62 42 77 52 3 69 84 0 36 15 58 
39 41 46 6 35 4 80 76 83 70 21 44 0 61 78 64 2 68 51 82 55 66 81 45 29 8 77 5 13 19 16 52 30 69 34 72 42 10 14 43 60 36 20 79 15 11 63 56 3 37 48 54 75 50 18 17 9 33 26 59 65 23 7 74 73 25 32 71 28 27 31 67 40 38 62 47 58 49 57 53 84 1 22 12 24 
47 40 84 80 31 12 61 82 5 30 42 32 41 4 50 15 35 78 49 20 52 16 57 33 18 73 11 37 45 19 46 6 8 44 24 23 64 58 68 59 48 29 67 81 76 25 79 65 66 7 27 74 39 28 69 62 71 34 9 77 38 10 14 60 75 53 36 13 63 56 26 72 70 17 22 2 43 51 55 54 3 0 21 1 83 
36 52 64 42 27 76 30 82 23 79 73 13 43 72 25 60 54 20 35 57 46 71 9 19 14 70 22 1 49 34 2 44 40 38 62 69 65 68 32 84 66 41 3 15 0 63 80 75 26 58 33 47 24 56 45 55 5 74 4 78 50 48 83 7 28 37 59 29 10 21 18 53 67 12 8 11 6 81 31 51 17 77 16 61 39 
63 70 3 28 47 56 76 82 29 40 4 17 0 53 68 16 66 36 24 35 31 72 38 39 59 48 83 54 23 18 60 73 50 80 15 6 21 37 69 57 32 9 13 55 58 26 79 84 33 19 30 74 67 51 75 7 20 42 52 77 8 71 25 12 22 49 81 43 61 14 10 78 62 46 34 11 1 45 65 41 44 5 2 64 27 
84 19 14 67 45 83 59 1 74 78 37 43 22 8 23 25 60 82 32 16 18 21 80 13 9 31 65 50 75 69 39 64 61 44 28 12 6 54 33 4 63 68 47 40 51 81 2 72 5 20 48 79 35 41 30 55 11 57 52 3 34 27 15 56 76 77 62 36 73 71 24 29 7 49 17 70 58 66 46 10 53 42 26 38 0 
26 73 71 4 72 81 12 14 48 65 7 60 24 69 46 20 78 75 50 0 63 17 66 64 32 47 53 40 5 62 18 61 70 21 15 10 3 27 83 76 13 1 52 56 11 79 31 44 38 54 37 59 2 34 49 23 8 45 43 39 28 42 68 6 36 77 22 33 55 74 35 19 84 9 16 58 67 51 30 25 41 29 57 80 82 
19 59 48 21 83 14 64 37 17 56 39 70 1 82 71 52 2 4 80 23 44 61 24 33 57 47 16 30 46 45 76 81 12 55 31 60 38 79 15 42 66 73 58 28 36 26 74 22 51 78 13 5 40 34 67 8 62 6 77 25 29 75 3 63 65 53 49 72 9 69 18 10 43 68 32 27 54 50 11 41 84 20 7 0 35 
19 59 48 21 83 14 64 37 17 56 39 70 1 82 71 52 2 4 80 23 44 61 24 33 57 47 16 30 46 45 76 81 12 55 31 60 38 79 15 42 66 73 58 28 36 26 74 22 51 78 13 5 40 34 67 8 62 6 77 25 29 75 3 63 65 53 49 72 9 69 18 10 43 68 32 27 54 50 11 41 84 20 7 0 35 
28 18 55 44 12 83 26 13 11 40 72 69 66 36 4 23 43 78 42 0 52 20 56 32 25 29 50 80 22 71 54 17 59 64 76 65 33 53 60 15 5 45 57 37 2 82 27 77 51 73 41 70 1 35 62 48 75 49 31 34 39 14 30 3 79 81 67 58 47 74 9 16 84 24 6 63 19 61 38 7 46 21 8 10 68 
44 34 6 11 74 58 32 57 46 66 38 49 47 83 21 40 12 13 68 69 52 51 43 14 75 48 78 28 1 8 27 24 20 42 17 62 53 37 70 18 67 61 30 73 19 29 26 50 7 82 84 23 55 10 31 5 71 16 59 0 36 80 41 35 63 65 3 79 56 33 22 45 2 77 72 39 76 64 81 54 60 15 9 4 25 
78 2 16 40 37 42 15 62 26 53 27 52 67 74 29 71 81 11 61 72 55 48 58 12 82 50 30 9 10 44 34 13 4 49 75 83 51 66 5 77 18 64 76 3 79 80 33 20 19 57 47 24 56 17 28 23 25 6 32 14 73 46 68 43 7 70 38 39 54 35 45 8 31 21 1 69 84 63 36 41 60 59 65 0 22 
1 64 20 31 26 55 45 70 23 67 41 6 84 60 2 27 78 44 40 28 14 25 58 50 22 74 77 47 33 54 34 81 32 15 30 16 10 5 53 37 11 83 48 49 65 21 59 52 9 39 61 3 63 57 12 69 7 24 79 42 43 13 72 82 0 56 17 75 8 29 46 62 76 35 80 18 68 38 4 66 36 73 19 71 51 
17 32 83 63 57 28 9 47 58 30 60 38 41 21 35 19 40 67 56 23 20 61 11 5 72 8 71 29 73 3 81 1 34 74 55 48 6 78 45 59 70 37 49 65 42 54 10 64 79 43 36 39 50 24 13 16 62 7 2 66 12 76 27 80 44 26 33 4 0 69 51 22 31 68 77 75 15 46 52 18 53 84 25 82 14 
23 9 10 80 69 15 30 32 64 43 72 44 57 25 31 28 63 73 40 3 70 17 42 54 49 48 11 27 26 59 4 65 50 1 12 22 45 82 18 8 6 55 68 21 78 35 62 84 0 53 60 61 13 38 29 14 66 36 46 5 52 79 24 19 47 71 83 20 39 76 33 67 7 75 37 41 51 74 34 58 77 16 2 81 56 
