7 1 15 17 3 10 2 6 11 0 8 18 9 12 4 19 5 16 13 14 
7 1 15 17 3 10 2 6 11 0 8 18 9 12 4 19 5 16 13 14 
6 11 0 8 2 10 18 9 12 4 19 5 16 13 14 1 15 17 3 7 
3 17 15 1 7 11 0 6 8 2 10 18 9 4 19 12 5 16 13 14 
3 17 15 1 7 11 0 6 8 2 10 18 9 4 19 12 5 16 13 14 
13 16 5 9 12 4 19 3 17 15 1 7 11 0 6 8 2 10 18 14 
13 16 5 9 12 4 19 3 17 15 1 7 11 0 6 8 2 10 18 14 
13 16 5 9 12 4 19 3 17 15 1 7 11 0 6 8 2 10 18 14 
13 16 5 9 12 4 19 3 17 15 1 7 11 0 6 8 2 10 18 14 
13 16 5 9 12 4 19 3 17 15 1 7 11 0 6 8 2 10 18 14 
13 16 5 9 12 4 19 3 17 15 1 7 11 0 6 8 2 10 18 14 
13 16 5 9 12 4 19 3 17 15 1 7 11 0 6 8 2 10 18 14 
6 11 0 1 7 15 17 3 14 13 19 4 12 5 16 9 18 10 2 8 
6 11 0 1 7 15 17 3 14 13 19 4 12 5 16 9 18 10 2 8 
16 5 12 4 19 13 14 15 1 7 11 6 0 8 10 2 17 3 18 9 
16 5 12 4 19 13 14 15 1 7 11 6 0 8 10 2 17 3 18 9 
16 5 12 4 19 13 14 15 1 7 11 6 0 8 10 2 17 3 18 9 
16 5 12 4 19 13 14 15 1 7 11 6 0 8 10 2 17 3 18 9 
6 0 8 2 10 18 9 12 4 19 5 16 13 14 1 15 17 3 7 11 
6 0 8 2 10 18 9 12 4 19 5 16 13 14 1 15 17 3 7 11 
6 0 8 2 10 18 9 12 4 19 5 16 13 14 1 15 17 3 7 11 
6 0 8 2 10 18 9 12 4 19 5 16 13 14 1 15 17 3 7 11 
6 0 8 2 10 18 9 12 4 19 5 16 13 14 1 15 17 3 7 11 
3 17 15 1 7 0 11 6 10 2 8 18 9 12 4 19 5 16 13 14 
3 17 15 1 7 0 11 6 10 2 8 18 9 12 4 19 5 16 13 14 
3 17 15 1 7 0 11 6 10 2 8 18 9 12 4 19 5 16 13 14 
3 17 15 1 7 0 11 6 10 2 8 18 9 12 4 19 5 16 13 14 
3 17 15 1 7 0 11 6 10 2 8 18 9 12 4 19 5 16 13 14 
3 17 15 1 7 0 11 6 10 2 8 18 9 12 4 19 5 16 13 14 
3 17 15 1 7 0 11 6 10 2 8 18 9 12 4 19 5 16 13 14 
13 14 19 4 12 5 9 18 10 2 8 0 11 6 7 1 15 17 3 16 
9 12 4 19 5 16 13 14 7 1 15 17 3 2 10 8 0 6 11 18 
9 12 4 19 5 16 13 14 7 1 15 17 3 2 10 8 0 6 11 18 
7 1 14 13 16 5 12 4 19 9 18 8 10 2 3 17 15 0 6 11 
7 1 14 13 16 5 12 4 19 9 18 8 10 2 3 17 15 0 6 11 
7 1 14 13 16 5 12 4 19 9 18 8 10 2 3 17 15 0 6 11 
7 1 14 13 16 5 12 4 19 9 18 8 10 2 3 17 15 0 6 11 
13 14 19 4 12 5 9 18 10 2 8 0 11 6 7 1 15 17 3 16 
13 14 19 4 12 5 9 18 10 2 8 0 11 6 7 1 15 17 3 16 
13 14 19 4 12 5 9 18 10 2 8 0 11 6 7 1 15 17 3 16 
14 13 16 5 12 4 19 17 3 15 1 7 11 0 6 8 2 10 18 9 
14 13 16 5 12 4 19 17 3 15 1 7 11 0 6 8 2 10 18 9 
5 4 12 9 18 2 10 3 17 15 1 7 11 0 6 8 19 14 13 16 
5 4 12 9 18 2 10 3 17 15 1 7 11 0 6 8 19 14 13 16 
5 4 12 9 18 2 10 3 17 15 1 7 11 0 6 8 19 14 13 16 
5 4 12 9 18 2 10 3 17 15 1 7 11 0 6 8 19 14 13 16 
5 4 12 9 18 2 10 3 17 15 1 7 11 0 6 8 19 14 13 16 
5 4 12 9 18 2 10 3 17 15 1 7 11 0 6 8 19 14 13 16 
5 4 12 9 18 2 10 3 17 15 1 7 11 0 6 8 19 14 13 16 
1 15 17 3 14 13 19 4 12 5 16 9 18 2 10 8 0 6 11 7 
1 15 17 3 14 13 19 4 12 5 16 9 18 2 10 8 0 6 11 7 
1 15 17 3 14 13 19 4 12 5 16 9 18 2 10 8 0 6 11 7 
1 15 17 3 14 13 19 4 12 5 16 9 18 2 10 8 0 6 11 7 
1 15 17 3 14 13 19 4 12 5 16 9 18 2 10 8 0 6 11 7 
1 15 17 3 14 13 19 4 12 5 16 9 18 2 10 8 0 6 11 7 
1 15 17 3 14 13 19 4 12 5 16 9 18 2 10 8 0 6 11 7 
1 15 17 3 14 13 19 4 12 5 16 9 18 2 10 8 0 6 11 7 
1 15 17 3 14 13 19 4 12 5 16 9 18 2 10 8 0 6 11 7 
13 14 7 1 15 17 3 10 2 8 0 11 6 18 9 12 4 19 5 16 
13 14 7 1 15 17 3 10 2 8 0 11 6 18 9 12 4 19 5 16 
13 14 7 1 15 17 3 10 2 8 0 11 6 18 9 12 4 19 5 16 
13 14 7 1 15 17 3 10 2 8 0 11 6 18 9 12 4 19 5 16 
13 14 7 1 15 17 3 10 2 8 0 11 6 18 9 12 4 19 5 16 
13 14 7 1 15 17 3 10 2 8 0 11 6 18 9 12 4 19 5 16 
13 14 7 1 15 17 3 10 2 8 0 11 6 18 9 12 4 19 5 16 
13 14 7 1 15 17 3 10 2 8 0 11 6 18 9 12 4 19 5 16 
15 17 3 2 10 8 0 6 11 7 1 14 13 16 5 19 4 12 9 18 
15 17 3 2 10 8 0 6 11 7 1 14 13 16 5 19 4 12 9 18 
15 17 3 2 10 8 0 6 11 7 1 14 13 16 5 19 4 12 9 18 
15 17 3 2 10 8 0 6 11 7 1 14 13 16 5 19 4 12 9 18 
15 17 3 2 10 8 0 6 11 7 1 14 13 16 5 19 4 12 9 18 
15 17 3 2 10 8 0 6 11 7 1 14 13 16 5 19 4 12 9 18 
15 17 3 2 10 8 0 6 11 7 1 14 13 16 5 19 4 12 9 18 
15 17 3 2 10 8 0 6 11 7 1 14 13 16 5 19 4 12 9 18 
15 17 3 2 10 8 0 6 11 7 1 14 13 16 5 19 4 12 9 18 
15 17 3 2 10 8 0 6 11 7 1 14 13 16 5 19 4 12 9 18 
0 11 6 8 15 17 3 2 10 18 9 12 4 5 16 19 13 14 1 7 
0 11 6 8 15 17 3 2 10 18 9 12 4 5 16 19 13 14 1 7 
0 11 6 8 15 17 3 2 10 18 9 12 4 5 16 19 13 14 1 7 
0 11 6 8 15 17 3 2 10 18 9 12 4 5 16 19 13 14 1 7 
0 11 6 8 15 17 3 2 10 18 9 12 4 5 16 19 13 14 1 7 
0 11 6 8 15 17 3 2 10 18 9 12 4 5 16 19 13 14 1 7 
0 11 6 8 15 17 3 2 10 18 9 12 4 5 16 19 13 14 1 7 
13 14 16 5 4 12 9 3 17 15 1 7 11 0 6 8 2 10 18 19 
13 14 16 5 4 12 9 3 17 15 1 7 11 0 6 8 2 10 18 19 
13 14 16 5 4 12 9 3 17 15 1 7 11 0 6 8 2 10 18 19 
13 14 16 5 4 12 9 3 17 15 1 7 11 0 6 8 2 10 18 19 
13 14 16 5 4 12 9 3 17 15 1 7 11 0 6 8 2 10 18 19 
13 14 16 5 4 12 9 3 17 15 1 7 11 0 6 8 2 10 18 19 
13 14 16 5 4 12 9 3 17 15 1 7 11 0 6 8 2 10 18 19 
13 14 16 5 4 12 9 3 17 15 1 7 11 0 6 8 2 10 18 19 
13 14 16 5 4 12 9 3 17 15 1 7 11 0 6 8 2 10 18 19 
16 5 4 12 9 18 10 2 8 0 6 11 7 1 3 17 15 14 13 19 
16 5 4 12 9 18 10 2 8 0 6 11 7 1 3 17 15 14 13 19 
16 5 4 12 9 18 10 2 8 0 6 11 7 1 3 17 15 14 13 19 
16 5 4 12 9 18 10 2 8 0 6 11 7 1 3 17 15 14 13 19 
16 5 4 12 9 18 10 2 8 0 6 11 7 1 3 17 15 14 13 19 
16 5 4 12 9 18 10 2 8 0 6 11 7 1 3 17 15 14 13 19 
16 5 4 12 9 18 10 2 8 0 6 11 7 1 3 17 15 14 13 19 
16 5 4 12 9 18 10 2 8 0 6 11 7 1 3 17 15 14 13 19 
