27 34 5 58 32 12 9 10 23 17 22 46 26 42 52 43 35 28 56 1 29 51 54 45 4 59 14 55 61 16 24 3 18 50 64 19 57 6 25 41 33 40 20 7 48 62 30 60 21 47 8 53 13 44 2 39 11 49 38 63 37 15 0 36 31 
48 47 22 28 51 45 3 64 24 16 33 59 36 42 46 14 9 40 63 6 18 57 34 1 44 35 32 5 10 56 15 7 55 29 58 26 62 31 52 20 30 17 12 50 2 11 13 49 19 61 54 4 41 38 37 23 27 60 8 21 43 53 25 39 0 
3 62 23 10 15 16 48 44 8 35 24 18 61 38 55 19 1 21 40 58 22 45 51 2 31 26 30 12 34 28 14 20 13 60 27 37 32 4 42 7 46 47 56 29 5 52 36 54 43 59 63 6 17 9 50 33 41 53 11 25 57 39 49 64 0 
23 55 5 2 26 42 35 39 3 63 57 38 44 13 21 24 34 52 30 7 33 41 40 45 43 62 36 4 11 22 61 0 53 48 8 17 14 60 15 27 50 37 12 16 19 59 9 54 1 29 46 58 51 18 28 56 32 49 47 20 31 25 64 6 10 
8 57 2 38 58 10 61 5 30 20 28 3 41 13 64 49 15 14 47 40 54 21 23 4 9 18 19 46 50 37 44 33 48 52 12 24 11 39 6 27 36 29 22 43 7 34 32 16 63 45 51 17 55 56 1 60 26 0 35 42 59 25 62 31 53 
39 35 22 17 48 20 13 45 54 51 9 60 31 49 11 64 37 25 6 32 4 46 30 1 55 29 21 47 62 57 53 50 61 5 33 38 18 28 52 26 63 43 0 19 3 59 23 41 34 10 14 7 2 40 56 58 24 16 12 15 44 42 27 36 8 
9 0 27 53 47 5 63 58 19 37 57 20 48 60 52 41 39 21 31 55 45 22 44 6 59 34 32 24 54 25 7 46 28 1 36 10 50 11 35 56 17 40 43 42 12 13 61 62 26 2 15 16 38 18 29 23 51 3 33 49 64 4 14 8 30 
37 24 9 4 46 14 61 10 3 21 40 0 39 32 55 18 5 35 8 60 43 50 16 49 1 54 42 38 26 2 11 22 47 53 15 30 25 44 6 63 34 7 58 33 31 48 19 12 41 45 59 20 62 13 64 27 17 23 36 28 52 29 51 56 57 
43 59 10 25 38 63 26 21 1 12 22 35 54 39 24 9 23 14 50 15 44 30 55 16 11 33 5 40 19 20 4 3 18 57 53 62 48 31 2 13 32 37 41 58 42 61 6 46 8 49 60 51 28 56 45 52 7 27 34 47 36 29 17 0 64 
40 2 27 17 39 55 58 24 15 31 11 9 37 19 47 0 18 4 16 30 53 20 60 44 42 21 28 29 1 51 10 41 64 6 38 49 54 62 23 36 3 8 56 34 22 43 52 33 7 13 32 61 12 25 63 5 59 35 50 45 14 48 57 26 46 
57 6 53 56 1 24 45 61 28 42 41 38 37 20 63 3 39 27 15 18 10 36 55 14 62 33 50 9 4 60 30 59 8 13 47 46 52 22 17 43 5 58 34 12 29 7 23 54 51 25 31 44 21 49 19 11 48 40 26 35 16 32 2 0 64 
37 2 33 63 61 3 22 8 20 23 50 17 30 62 48 15 59 4 25 26 46 60 40 49 12 5 19 58 35 28 56 9 41 6 57 7 16 43 36 55 32 10 45 54 34 11 53 47 18 13 14 27 52 21 51 24 39 29 42 31 38 44 64 0 1 
42 51 26 0 55 3 39 45 54 29 36 30 53 52 50 4 56 5 15 6 23 16 20 40 13 7 48 47 62 44 22 43 64 33 1 9 25 61 63 35 10 11 12 31 19 14 34 32 28 17 18 59 24 21 60 27 58 37 49 38 41 46 57 2 8 
20 63 5 4 1 54 32 24 53 62 25 17 55 57 37 49 50 18 61 48 8 60 7 38 2 44 31 43 29 23 11 22 39 59 10 41 42 58 30 46 34 33 36 56 13 26 21 47 40 52 14 51 19 6 45 0 27 35 28 12 3 16 64 9 15 
56 8 39 21 62 60 47 17 23 28 31 2 38 5 55 59 32 11 34 16 15 6 57 58 43 26 29 36 50 37 54 18 49 13 42 53 33 52 3 9 51 20 30 10 48 46 1 7 40 27 45 44 19 41 22 35 12 0 25 24 14 4 64 61 63 
60 33 20 17 27 5 18 57 6 48 47 36 45 26 10 34 55 23 3 64 30 43 25 63 37 41 12 8 13 53 39 50 58 1 35 11 51 29 4 54 0 46 62 21 61 16 19 40 31 7 24 59 42 28 44 32 14 9 56 52 2 22 49 38 15 
45 16 55 4 56 22 58 25 46 36 29 9 32 40 44 12 62 42 43 20 51 53 34 49 2 0 54 33 28 13 47 30 23 27 7 41 52 8 17 14 24 19 50 39 35 1 10 31 5 3 26 21 48 60 18 6 64 11 59 38 15 37 63 57 61 
14 55 59 12 45 58 26 13 24 27 17 15 38 19 57 44 21 6 36 35 56 22 23 54 1 28 47 3 50 53 52 51 5 42 29 49 30 48 31 34 18 10 2 41 46 43 7 40 39 20 37 33 4 32 11 25 16 63 8 0 64 61 9 60 62 
23 56 50 55 4 45 35 60 51 8 48 59 3 27 13 40 43 10 5 24 19 64 15 12 25 37 18 46 53 57 49 47 20 41 39 28 54 14 52 61 17 16 38 63 21 6 29 36 32 26 58 30 42 31 62 7 11 44 0 2 33 34 9 22 1 
39 35 22 17 48 20 13 45 54 51 9 60 31 49 11 64 37 25 6 32 4 46 30 1 55 29 21 47 62 57 53 50 61 5 33 38 18 28 52 26 63 43 0 19 3 59 23 41 34 10 14 7 2 40 56 58 24 16 12 15 44 42 27 36 8 
46 34 14 59 1 28 44 18 16 50 61 60 10 56 58 57 52 3 37 39 55 24 53 20 47 36 29 21 0 23 35 54 51 5 45 49 30 26 48 41 43 6 13 42 32 12 38 40 33 7 31 2 22 9 27 25 19 11 4 17 15 63 64 8 62 
20 33 45 25 7 44 48 40 38 9 60 63 34 23 39 24 28 18 64 19 36 43 12 32 53 0 10 58 1 29 27 26 56 2 52 17 14 16 61 51 54 46 47 13 4 3 55 59 50 5 41 35 31 21 37 6 57 8 15 49 11 22 42 30 62 
51 9 47 60 46 1 62 8 5 29 54 23 6 32 63 39 33 34 13 38 2 20 43 40 25 3 44 41 48 4 21 28 26 18 57 7 17 59 50 64 16 10 15 42 19 11 24 12 58 45 14 55 61 22 30 27 31 35 52 36 37 49 53 56 0 
36 56 4 10 35 33 58 6 49 45 29 38 19 27 55 1 62 11 28 23 46 21 8 41 59 51 16 9 12 57 22 18 7 48 24 2 15 32 14 61 3 30 52 47 20 42 26 53 40 37 5 60 54 43 31 13 39 64 44 17 25 63 34 50 0 
31 57 46 50 16 38 24 37 59 26 42 43 54 55 15 45 19 29 56 35 51 52 22 32 64 18 23 53 17 0 60 62 4 41 28 8 7 49 13 39 21 1 10 36 6 48 40 2 61 27 20 44 14 3 12 34 5 9 33 11 30 25 47 58 63 
46 34 14 59 1 28 44 18 16 50 61 60 10 56 58 57 52 3 37 39 55 24 53 20 47 36 29 21 0 23 35 54 51 5 45 49 30 26 48 41 43 6 13 42 32 12 38 40 33 7 31 2 22 9 27 25 19 11 4 17 15 63 64 8 62 
27 64 39 21 30 51 16 57 46 35 43 11 59 32 48 61 38 63 15 53 2 19 3 24 18 9 23 5 26 20 34 42 52 62 44 36 49 6 25 1 56 60 41 40 50 14 8 33 12 58 7 13 4 55 28 45 17 54 29 47 22 37 31 10 0 
57 6 53 56 1 24 45 61 28 42 41 38 37 20 63 3 39 27 15 18 10 36 55 14 62 33 50 9 4 60 30 59 8 13 47 46 52 22 17 43 5 58 34 12 29 7 23 54 51 25 31 44 21 49 19 11 48 40 26 35 16 32 2 0 64 
20 53 22 8 36 0 3 19 33 35 26 15 29 28 59 54 18 50 60 48 44 31 21 1 51 37 57 12 62 23 2 55 16 42 14 4 40 5 34 52 43 38 32 63 6 7 30 47 46 17 9 10 45 11 61 13 39 49 24 25 27 41 56 58 64 
54 35 38 31 46 19 15 44 50 60 26 43 55 16 59 64 18 23 47 63 24 49 9 56 1 28 41 6 25 32 12 53 21 4 0 39 20 52 22 36 62 48 61 33 42 58 10 3 37 8 13 34 7 30 11 57 5 27 17 14 51 45 29 40 2 
11 14 60 33 61 1 35 42 39 44 24 16 47 48 52 38 28 17 46 18 45 29 26 58 5 32 63 22 21 20 30 49 13 25 0 3 15 23 37 34 10 43 50 64 55 4 56 53 19 57 6 41 59 7 62 8 31 40 12 9 27 36 51 54 2 
6 44 57 49 24 33 40 62 55 29 35 43 53 20 28 12 64 58 56 42 1 41 38 16 54 14 26 15 48 30 8 46 61 18 27 2 59 63 19 39 22 47 21 17 34 31 32 3 23 45 4 60 13 36 51 5 7 11 52 9 10 50 25 37 0 
54 35 38 31 46 19 15 44 50 60 26 43 55 16 59 64 18 23 47 63 24 49 9 56 1 28 41 6 25 32 12 53 21 4 0 39 20 52 22 36 62 48 61 33 42 58 10 3 37 8 13 34 7 30 11 57 5 27 17 14 51 45 29 40 2 
64 0 7 42 18 27 15 50 29 56 17 8 37 16 1 22 31 2 38 13 40 55 34 11 49 44 24 46 48 47 63 3 9 4 25 57 36 52 20 33 41 5 28 51 23 19 26 32 6 10 54 43 62 12 35 45 59 14 61 21 60 30 39 53 58 
12 50 61 55 18 19 16 11 25 22 29 49 53 33 5 8 60 26 0 36 46 48 20 30 42 31 64 2 43 9 35 10 24 39 51 40 27 44 37 63 15 52 1 34 57 58 4 17 21 6 13 23 62 38 3 54 45 14 41 59 32 28 56 47 7 
40 1 51 24 34 27 58 42 35 57 41 60 13 2 6 8 19 3 44 20 59 21 33 12 14 45 4 54 26 28 0 46 30 7 52 56 22 50 55 9 17 10 39 43 29 23 48 53 18 11 49 37 15 16 31 47 38 25 5 36 32 62 63 64 61 
23 56 50 55 4 45 35 60 51 8 48 59 3 27 13 40 43 10 5 24 19 64 15 12 25 37 18 46 53 57 49 47 20 41 39 28 54 14 52 61 17 16 38 63 21 6 29 36 32 26 58 30 42 31 62 7 11 44 0 2 33 34 9 22 1 
0 37 57 31 20 44 39 35 30 22 6 12 58 1 52 26 47 7 56 4 16 25 18 54 51 34 23 49 64 50 38 11 32 9 63 21 8 46 27 2 55 14 10 48 42 3 36 41 28 19 53 33 5 29 43 13 17 59 62 60 15 24 45 40 61 
46 34 14 59 1 28 44 18 16 50 61 60 10 56 58 57 52 3 37 39 55 24 53 20 47 36 29 21 0 23 35 54 51 5 45 49 30 26 48 41 43 6 13 42 32 12 38 40 33 7 31 2 22 9 27 25 19 11 4 17 15 63 64 8 62 
20 33 45 25 7 44 48 40 38 9 60 63 34 23 39 24 28 18 64 19 36 43 12 32 53 0 10 58 1 29 27 26 56 2 52 17 14 16 61 51 54 46 47 13 4 3 55 59 50 5 41 35 31 21 37 6 57 8 15 49 11 22 42 30 62 
27 44 2 52 46 51 22 30 39 60 42 33 9 32 6 49 38 14 53 57 3 20 61 34 17 43 21 62 48 16 4 10 54 23 36 35 63 55 5 1 28 26 45 41 8 19 58 37 15 47 11 40 7 64 24 50 13 25 18 59 29 56 31 12 0 
24 41 5 45 27 49 21 19 48 47 10 61 55 30 57 16 6 11 40 44 20 31 7 39 53 37 17 36 43 60 33 15 38 13 23 29 46 26 59 63 34 14 22 62 8 4 3 54 42 32 64 56 52 35 51 12 25 0 50 9 58 1 28 2 18 
20 63 5 4 1 54 32 24 53 62 25 17 55 57 37 49 50 18 61 48 8 60 7 38 2 44 31 43 29 23 11 22 39 59 10 41 42 58 30 46 34 33 36 56 13 26 21 47 40 52 14 51 19 6 45 0 27 35 28 12 3 16 64 9 15 
48 60 38 9 4 25 20 19 37 3 63 56 36 44 11 55 14 16 12 52 54 45 1 28 61 6 58 24 62 22 7 46 39 51 21 47 34 8 43 26 42 30 35 27 53 10 41 33 29 49 31 13 50 64 57 15 5 18 23 59 32 40 17 2 0 
55 9 28 18 53 48 23 45 62 46 52 54 14 34 47 5 7 12 24 57 0 2 31 40 11 39 6 61 16 20 37 13 27 22 38 35 30 33 49 8 17 29 51 3 25 21 60 42 26 44 1 64 19 58 10 43 4 32 63 50 15 41 36 59 56 
27 5 45 52 35 40 19 44 57 32 24 8 11 1 46 22 39 53 62 17 10 50 38 2 37 61 3 20 49 47 41 30 43 12 34 15 23 4 18 6 54 36 42 31 7 60 48 26 0 25 33 13 14 16 9 59 63 56 28 29 55 51 58 64 21 
63 20 5 38 34 9 18 40 45 14 16 19 39 31 41 10 36 28 32 54 35 42 21 47 55 50 15 0 52 60 62 23 3 44 8 17 11 29 37 61 24 57 43 4 13 27 1 56 51 22 46 59 58 48 7 53 30 26 49 12 33 2 64 6 25 
48 47 22 28 51 45 3 64 24 16 33 59 36 42 46 14 9 40 63 6 18 57 34 1 44 35 32 5 10 56 15 7 55 29 58 26 62 31 52 20 30 17 12 50 2 11 13 49 19 61 54 4 41 38 37 23 27 60 8 21 43 53 25 39 0 
50 47 8 42 0 37 49 11 39 18 19 64 46 14 54 31 2 63 24 32 52 22 9 44 3 26 20 60 41 62 28 13 53 30 21 10 23 36 61 29 1 59 4 45 27 51 56 58 25 57 16 6 48 55 17 34 43 40 7 38 5 35 33 15 12 
50 47 8 42 0 37 49 11 39 18 19 64 46 14 54 31 2 63 24 32 52 22 9 44 3 26 20 60 41 62 28 13 53 30 21 10 23 36 61 29 1 59 4 45 27 51 56 58 25 57 16 6 48 55 17 34 43 40 7 38 5 35 33 15 12 
61 5 63 38 14 1 58 24 19 7 53 31 15 12 6 18 45 50 57 41 26 22 11 33 36 37 40 60 62 46 48 39 25 9 13 2 49 16 59 27 30 35 20 43 56 3 54 28 17 23 4 32 51 8 21 10 55 47 52 29 34 42 44 64 0 
61 5 63 38 14 1 58 24 19 7 53 31 15 12 6 18 45 50 57 41 26 22 11 33 36 37 40 60 62 46 48 39 25 9 13 2 49 16 59 27 30 35 20 43 56 3 54 28 17 23 4 32 51 8 21 10 55 47 52 29 34 42 44 64 0 
23 55 5 2 26 42 35 39 3 63 57 38 44 13 21 24 34 52 30 7 33 41 40 45 43 62 36 4 11 22 61 0 53 48 8 17 14 60 15 27 50 37 12 16 19 59 9 54 1 29 46 58 51 18 28 56 32 49 47 20 31 25 64 6 10 
64 6 18 24 3 16 23 44 60 45 52 10 13 48 49 20 33 53 11 41 63 32 25 58 39 22 62 56 1 43 40 7 21 12 46 30 19 27 17 34 37 38 15 0 55 50 54 29 9 28 61 47 59 5 2 31 57 42 26 14 51 35 36 4 8 
9 0 27 53 47 5 63 58 19 37 57 20 48 60 52 41 39 21 31 55 45 22 44 6 59 34 32 24 54 25 7 46 28 1 36 10 50 11 35 56 17 40 43 42 12 13 61 62 26 2 15 16 38 18 29 23 51 3 33 49 64 4 14 8 30 
36 56 4 10 35 33 58 6 49 45 29 38 19 27 55 1 62 11 28 23 46 21 8 41 59 51 16 9 12 57 22 18 7 48 24 2 15 32 14 61 3 30 52 47 20 42 26 53 40 37 5 60 54 43 31 13 39 64 44 17 25 63 34 50 0 
35 34 2 41 37 55 11 16 64 3 24 4 17 29 60 42 5 6 40 20 31 62 47 7 48 19 58 32 57 8 54 56 39 9 18 45 30 10 12 53 21 13 38 61 14 36 63 15 50 22 27 23 49 25 52 0 28 33 43 44 1 51 59 26 46 
34 56 46 60 38 41 15 45 19 33 26 9 4 59 29 51 40 53 62 3 12 50 27 5 25 64 32 63 49 44 39 11 43 42 54 16 21 6 18 52 30 35 7 31 8 61 58 23 20 22 36 10 37 13 2 57 0 55 24 28 48 47 1 17 14 
1 16 64 2 31 13 22 55 38 63 43 42 23 34 56 52 62 61 4 15 36 6 57 60 51 46 21 20 58 59 10 45 26 28 3 24 40 54 17 5 37 53 29 9 50 32 39 49 30 48 35 47 7 44 12 8 41 33 27 25 11 19 18 14 0 
27 5 45 52 35 40 19 44 57 32 24 8 11 1 46 22 39 53 62 17 10 50 38 2 37 61 3 20 49 47 41 30 43 12 34 15 23 4 18 6 54 36 42 31 7 60 48 26 0 25 33 13 14 16 9 59 63 56 28 29 55 51 58 64 21 
31 59 8 9 52 28 16 63 37 57 36 51 33 21 60 19 39 34 46 44 35 62 10 11 49 41 5 54 25 45 1 56 32 50 14 55 61 43 29 38 27 3 18 58 17 13 40 22 47 26 42 23 12 4 53 24 64 6 2 15 7 30 48 0 20 
20 63 5 4 1 54 32 24 53 62 25 17 55 57 37 49 50 18 61 48 8 60 7 38 2 44 31 43 29 23 11 22 39 59 10 41 42 58 30 46 34 33 36 56 13 26 21 47 40 52 14 51 19 6 45 0 27 35 28 12 3 16 64 9 15 
25 35 32 24 27 10 3 45 15 12 44 5 0 51 19 16 61 49 14 58 59 4 7 21 30 22 46 56 6 42 26 60 33 8 53 29 28 34 13 39 37 38 54 9 41 43 52 18 57 11 50 55 64 62 17 1 36 23 40 48 2 47 31 20 63 
54 35 38 31 46 19 15 44 50 60 26 43 55 16 59 64 18 23 47 63 24 49 9 56 1 28 41 6 25 32 12 53 21 4 0 39 20 52 22 36 62 48 61 33 42 58 10 3 37 8 13 34 7 30 11 57 5 27 17 14 51 45 29 40 2 
54 3 38 30 7 21 48 26 60 59 5 44 53 18 16 64 31 25 27 1 29 22 35 57 40 33 47 56 41 34 13 20 8 6 62 43 51 52 19 37 63 49 2 42 46 61 39 4 45 11 14 32 10 28 17 58 9 23 15 12 55 50 24 36 0 
48 47 22 28 51 45 3 64 24 16 33 59 36 42 46 14 9 40 63 6 18 57 34 1 44 35 32 5 10 56 15 7 55 29 58 26 62 31 52 20 30 17 12 50 2 11 13 49 19 61 54 4 41 38 37 23 27 60 8 21 43 53 25 39 0 
1 2 57 35 22 3 16 24 60 48 27 45 61 4 51 29 28 5 44 32 6 34 36 20 23 7 8 58 33 9 15 49 25 10 12 11 50 40 37 13 59 14 63 64 46 17 53 18 38 19 21 62 26 30 56 31 39 41 55 42 43 47 52 54 0 
50 23 9 3 14 18 0 17 56 30 1 36 31 16 24 48 43 55 15 44 2 21 10 20 53 32 45 54 59 51 60 33 4 47 8 37 34 58 5 29 28 42 22 39 35 57 40 38 63 26 6 49 62 13 7 41 11 64 25 46 12 61 19 52 27 
1 44 62 18 50 55 59 16 10 13 53 20 40 33 61 51 60 34 46 35 7 48 43 58 49 15 38 12 22 25 19 57 41 21 30 39 28 23 31 2 37 5 8 36 56 29 26 54 52 42 14 47 3 9 6 4 45 24 32 27 11 64 0 63 17 
23 55 5 2 26 42 35 39 3 63 57 38 44 13 21 24 34 52 30 7 33 41 40 45 43 62 36 4 11 22 61 0 53 48 8 17 14 60 15 27 50 37 12 16 19 59 9 54 1 29 46 58 51 18 28 56 32 49 47 20 31 25 64 6 10 
32 55 16 54 22 24 45 51 28 35 7 41 19 6 44 57 39 29 17 4 10 27 37 25 49 38 33 9 31 63 2 0 14 50 48 53 42 5 18 15 52 62 12 59 56 8 23 61 1 30 36 13 40 60 46 20 58 47 21 43 26 34 11 3 64 
27 12 16 55 45 13 60 4 22 42 33 7 14 51 36 30 58 18 15 39 62 25 64 54 26 20 46 32 40 44 41 17 53 23 47 24 5 11 9 37 59 34 3 50 49 38 63 19 35 52 56 29 1 0 28 8 48 31 6 2 43 10 21 57 61 
31 7 10 15 22 56 4 62 42 28 26 54 33 40 23 14 59 52 32 61 50 64 51 12 60 46 27 25 17 45 29 1 39 11 24 44 57 49 38 8 21 37 55 63 19 34 53 20 2 18 16 41 13 6 58 3 0 48 30 36 9 47 5 43 35 
37 53 3 46 5 14 15 39 62 60 31 35 4 29 54 27 13 49 33 55 18 23 64 38 47 19 41 25 8 21 32 12 56 43 26 24 9 58 6 61 57 34 44 48 7 40 52 42 22 11 51 45 59 0 20 10 17 30 28 1 36 2 16 50 63 
51 9 47 60 46 1 62 8 5 29 54 23 6 32 63 39 33 34 13 38 2 20 43 40 25 3 44 41 48 4 21 28 26 18 57 7 17 59 50 64 16 10 15 42 19 11 24 12 58 45 14 55 61 22 30 27 31 35 52 36 37 49 53 56 0 
21 25 30 12 3 18 7 8 39 0 10 38 5 15 42 27 24 57 20 41 2 48 1 50 37 33 60 28 58 54 45 56 59 51 29 36 16 4 9 26 47 49 11 23 32 61 46 43 52 35 13 6 53 31 44 55 17 14 19 63 34 22 62 40 64 
35 57 44 41 0 43 52 51 56 9 32 18 23 61 46 1 36 54 17 47 31 11 59 29 64 2 33 49 63 24 22 34 30 45 14 16 37 13 38 55 3 40 25 19 5 4 39 60 10 27 48 28 50 15 53 6 58 7 12 42 8 20 26 21 62 
35 57 44 41 0 43 52 51 56 9 32 18 23 61 46 1 36 54 17 47 31 11 59 29 64 2 33 49 63 24 22 34 30 45 14 16 37 13 38 55 3 40 25 19 5 4 39 60 10 27 48 28 50 15 53 6 58 7 12 42 8 20 26 21 62 
27 5 45 52 35 40 19 44 57 32 24 8 11 1 46 22 39 53 62 17 10 50 38 2 37 61 3 20 49 47 41 30 43 12 34 15 23 4 18 6 54 36 42 31 7 60 48 26 0 25 33 13 14 16 9 59 63 56 28 29 55 51 58 64 21 
20 22 47 37 24 50 46 9 0 54 1 56 6 41 13 60 40 29 63 49 2 48 30 7 21 11 57 33 23 17 19 18 3 44 12 36 27 43 51 25 58 61 35 34 10 16 4 39 42 28 5 26 52 59 8 45 14 55 38 53 15 32 31 64 62 
13 38 32 16 55 14 47 49 53 52 43 35 15 17 34 58 50 48 11 41 19 5 0 46 42 22 23 45 59 24 4 21 30 8 31 28 33 40 7 36 56 37 20 10 29 54 26 60 51 12 63 6 1 3 39 25 44 61 27 9 62 18 57 64 2 
12 50 61 55 18 19 16 11 25 22 29 49 53 33 5 8 60 26 0 36 46 48 20 30 42 31 64 2 43 9 35 10 24 39 51 40 27 44 37 63 15 52 1 34 57 58 4 17 21 6 13 23 62 38 3 54 45 14 41 59 32 28 56 47 7 
48 47 22 28 51 45 3 64 24 16 33 59 36 42 46 14 9 40 63 6 18 57 34 1 44 35 32 5 10 56 15 7 55 29 58 26 62 31 52 20 30 17 12 50 2 11 13 49 19 61 54 4 41 38 37 23 27 60 8 21 43 53 25 39 0 
32 40 36 29 52 51 20 1 28 8 33 44 30 22 47 62 57 27 23 19 21 42 26 56 43 9 55 10 60 64 11 2 7 14 61 38 3 16 18 49 58 63 46 13 41 24 25 59 4 34 6 37 35 54 31 48 53 50 0 45 15 39 17 12 5 
29 40 49 38 45 64 36 34 51 55 14 31 33 3 12 37 6 27 53 25 43 4 21 8 32 63 50 44 20 17 35 18 24 11 10 62 7 48 2 9 15 61 59 13 22 60 26 46 47 30 58 23 16 57 19 56 5 54 42 52 41 39 28 1 0 
3 0 22 16 21 10 12 31 40 57 25 4 37 24 54 13 41 47 38 49 58 61 50 32 43 14 51 56 2 35 26 46 60 1 29 18 55 45 7 39 20 23 28 59 64 27 44 8 30 5 36 33 15 52 48 62 11 6 63 19 42 9 53 17 34 
64 6 18 24 3 16 23 44 60 45 52 10 13 48 49 20 33 53 11 41 63 32 25 58 39 22 62 56 1 43 40 7 21 12 46 30 19 27 17 34 37 38 15 0 55 50 54 29 9 28 61 47 59 5 2 31 57 42 26 14 51 35 36 4 8 
42 46 28 25 23 40 2 29 51 22 26 1 59 37 63 61 55 15 45 32 53 48 34 9 52 60 20 7 58 3 12 27 41 21 50 13 56 44 4 8 57 33 0 31 18 54 16 6 62 47 30 35 14 10 5 43 17 39 11 24 38 36 49 64 19 
36 56 4 10 35 33 58 6 49 45 29 38 19 27 55 1 62 11 28 23 46 21 8 41 59 51 16 9 12 57 22 18 7 48 24 2 15 32 14 61 3 30 52 47 20 42 26 53 40 37 5 60 54 43 31 13 39 64 44 17 25 63 34 50 0 
60 43 21 30 33 15 32 55 48 40 27 23 56 59 3 31 54 36 58 50 41 4 52 26 20 57 29 37 12 5 0 7 8 19 63 34 45 14 49 51 1 10 39 11 2 47 17 16 18 46 6 38 44 24 25 42 28 35 9 61 13 64 22 62 53 
50 53 39 20 41 0 45 3 33 6 13 16 46 30 17 55 34 51 29 54 43 48 7 26 8 32 40 57 58 21 47 22 38 37 42 1 5 11 27 63 36 28 35 24 61 2 44 52 56 14 4 18 62 9 64 10 23 31 49 12 15 19 25 59 60 
1 16 64 2 31 13 22 55 38 63 43 42 23 34 56 52 62 61 4 15 36 6 57 60 51 46 21 20 58 59 10 45 26 28 3 24 40 54 17 5 37 53 29 9 50 32 39 49 30 48 35 47 7 44 12 8 41 33 27 25 11 19 18 14 0 
27 5 45 52 35 40 19 44 57 32 24 8 11 1 46 22 39 53 62 17 10 50 38 2 37 61 3 20 49 47 41 30 43 12 34 15 23 4 18 6 54 36 42 31 7 60 48 26 0 25 33 13 14 16 9 59 63 56 28 29 55 51 58 64 21 
27 5 45 52 35 40 19 44 57 32 24 8 11 1 46 22 39 53 62 17 10 50 38 2 37 61 3 20 49 47 41 30 43 12 34 15 23 4 18 6 54 36 42 31 7 60 48 26 0 25 33 13 14 16 9 59 63 56 28 29 55 51 58 64 21 
20 12 46 47 63 22 16 32 5 52 41 9 56 26 14 0 50 60 29 1 51 36 54 4 28 34 35 42 18 15 58 55 6 25 30 44 64 38 19 49 2 57 3 10 11 7 24 37 45 53 27 17 40 48 21 8 62 39 31 33 13 23 61 43 59 
35 57 44 41 0 43 52 51 56 9 32 18 23 61 46 1 36 54 17 47 31 11 59 29 64 2 33 49 63 24 22 34 30 45 14 16 37 13 38 55 3 40 25 19 5 4 39 60 10 27 48 28 50 15 53 6 58 7 12 42 8 20 26 21 62 
24 63 9 30 41 58 34 23 51 35 4 0 53 62 18 56 20 40 39 11 13 38 19 47 32 22 43 46 7 31 15 61 28 60 57 50 48 3 1 59 45 14 21 10 27 44 25 2 55 54 36 8 52 29 17 26 5 49 16 6 64 37 12 33 42 
41 45 54 18 29 16 58 42 24 61 11 39 6 34 63 32 12 37 44 0 22 1 5 17 9 59 49 38 36 28 57 62 46 23 35 31 19 55 14 4 3 13 2 7 40 53 20 60 56 50 10 48 21 27 8 47 52 33 30 51 25 15 43 26 64 
12 50 61 55 18 19 16 11 25 22 29 49 53 33 5 8 60 26 0 36 46 48 20 30 42 31 64 2 43 9 35 10 24 39 51 40 27 44 37 63 15 52 1 34 57 58 4 17 21 6 13 23 62 38 3 54 45 14 41 59 32 28 56 47 7 
12 50 61 55 18 19 16 11 25 22 29 49 53 33 5 8 60 26 0 36 46 48 20 30 42 31 64 2 43 9 35 10 24 39 51 40 27 44 37 63 15 52 1 34 57 58 4 17 21 6 13 23 62 38 3 54 45 14 41 59 32 28 56 47 7 
