79 19 61 63 14 4 12 5 22 16 65 70 26 13 62 31 37 47 20 36 39 78 74 67 29 72 73 75 69 57 50 51 71 11 77 6 40 27 64 0 42 8 24 2 10 41 33 54 76 35 23 3 17 59 66 60 28 30 1 43 25 46 7 15 32 45 68 56 18 55 21 48 38 58 34 9 52 49 44 53 
4 12 52 48 21 49 79 66 59 28 60 44 53 37 47 36 78 74 67 46 7 69 43 25 50 51 71 64 0 27 40 32 45 23 35 3 17 15 30 1 39 31 26 13 62 14 63 61 22 19 9 34 58 38 56 18 55 68 33 54 76 41 2 10 24 8 42 6 11 77 57 72 73 75 29 20 70 65 16 5 
8 24 45 32 17 28 60 53 44 39 74 67 1 30 15 57 69 7 46 78 36 73 75 29 72 47 37 20 31 14 63 19 22 61 70 26 13 62 16 65 5 12 4 52 38 21 49 3 35 54 76 68 55 56 18 58 34 9 48 79 66 59 2 10 33 23 41 40 27 64 25 43 50 51 11 77 71 0 42 6 
7 46 69 57 11 77 51 71 0 42 40 27 64 43 25 30 1 67 74 78 36 47 37 31 20 44 39 73 75 29 72 28 60 66 54 76 49 21 38 3 35 23 2 10 41 33 68 55 56 18 58 34 48 9 4 12 52 19 22 61 63 14 62 13 26 70 65 16 5 53 79 17 59 15 32 45 24 8 6 50 
13 26 14 53 44 60 28 59 30 1 67 74 78 36 37 47 20 31 62 70 61 22 5 4 12 52 48 49 21 38 9 34 58 18 56 55 68 54 76 35 3 17 15 25 43 57 64 50 51 11 77 71 0 40 27 32 45 23 2 10 41 33 8 24 42 6 46 7 69 29 72 73 75 39 66 79 19 63 65 16 
32 17 59 28 60 53 44 14 63 26 62 13 70 19 22 61 16 65 5 4 12 9 34 58 18 56 21 49 38 48 52 79 66 1 74 67 78 36 39 20 47 37 31 29 72 73 75 7 46 69 43 25 64 50 51 71 0 40 27 15 30 55 68 33 54 76 35 3 23 45 8 24 2 10 41 42 6 77 11 57 
18 56 55 68 33 54 76 35 3 17 59 28 60 44 53 66 79 52 49 21 38 58 34 48 9 12 4 19 22 61 63 26 14 13 62 20 37 47 36 78 74 67 1 30 15 32 27 25 43 72 73 29 75 7 46 69 57 11 51 50 64 40 0 71 77 6 42 8 24 45 41 2 10 23 39 31 70 65 16 5 
43 25 50 64 27 15 60 28 59 17 32 45 23 35 3 33 54 68 55 56 18 58 38 34 52 4 12 66 79 19 61 22 14 36 74 30 1 67 72 29 75 73 47 37 31 20 53 63 26 13 62 70 16 65 5 9 48 21 49 76 41 10 2 24 8 42 40 0 71 11 77 6 51 57 69 7 46 39 78 44 
10 2 23 35 3 17 15 30 1 39 78 36 47 37 31 62 26 13 70 63 14 53 44 20 72 73 75 29 67 74 46 7 69 43 25 64 27 40 0 71 51 50 57 11 77 6 76 54 33 68 55 56 18 58 38 49 21 48 9 34 52 66 79 19 4 61 22 5 12 65 16 60 28 59 45 24 8 42 32 41 
39 36 20 47 37 74 67 78 44 53 60 28 59 17 32 45 23 2 10 24 8 42 0 40 64 50 51 11 77 6 71 27 15 30 1 46 7 69 43 25 57 29 75 73 72 31 13 26 62 14 63 70 65 16 5 22 61 19 4 12 52 48 38 58 21 3 35 76 54 33 68 55 56 18 34 9 49 79 66 41 
31 37 47 36 78 74 1 30 15 60 28 59 17 3 35 23 10 41 33 54 76 68 55 18 56 58 38 21 49 48 34 9 52 79 66 53 44 39 7 46 69 43 25 64 27 40 0 71 11 77 51 50 57 32 45 2 24 8 42 6 67 29 73 72 75 20 14 26 13 62 63 70 61 22 19 4 12 5 16 65 
51 11 77 71 0 64 50 57 69 43 25 1 30 74 67 7 46 29 73 75 72 47 37 36 78 39 20 31 62 14 26 13 70 65 16 22 61 19 4 12 79 66 59 17 32 40 27 15 28 60 44 53 63 5 9 58 38 21 49 52 48 34 18 56 55 68 54 76 33 23 2 10 24 8 42 3 35 45 41 6 
64 27 40 6 71 51 50 57 69 25 43 67 39 78 36 47 37 31 62 14 20 26 13 70 65 16 9 38 49 21 48 34 58 18 56 55 68 33 23 35 3 76 54 41 10 2 24 8 42 0 45 32 17 59 66 79 19 5 12 4 52 22 61 63 53 44 28 60 1 30 74 46 7 29 72 73 75 15 11 77 
40 27 64 78 74 67 1 30 43 25 15 28 60 39 44 53 66 79 52 5 12 4 19 22 61 63 14 26 13 62 31 37 47 20 36 72 73 75 29 46 69 7 57 51 50 11 77 6 71 0 42 8 24 10 41 18 56 55 68 33 54 76 35 3 59 17 32 45 23 2 21 49 48 9 34 58 38 16 65 70 
25 43 60 44 53 63 14 26 13 70 65 16 5 22 61 19 4 12 9 34 38 58 56 18 55 68 33 54 76 49 21 48 52 79 66 59 17 32 3 35 23 2 10 41 45 50 0 40 27 64 51 57 15 28 78 74 67 1 30 39 36 37 47 31 62 20 72 73 29 75 7 46 69 11 77 71 6 42 24 8 
68 33 10 2 45 32 40 0 71 50 64 25 43 69 57 7 46 67 30 1 74 78 36 47 37 31 62 13 26 70 65 16 5 22 61 63 14 44 60 66 79 52 12 4 19 9 48 38 58 56 18 34 54 76 55 21 49 35 3 23 41 8 24 42 6 77 11 51 27 17 59 28 15 39 72 29 75 73 20 53 
10 2 23 45 32 40 42 6 71 0 25 50 64 27 51 77 11 57 69 43 30 1 74 78 36 20 37 47 72 73 75 29 7 46 67 39 21 34 9 48 12 4 19 61 22 5 65 16 70 26 13 14 31 62 63 44 53 60 28 15 59 17 3 35 76 54 33 68 55 56 18 58 38 52 79 49 66 24 8 41 
33 68 55 54 76 79 49 21 38 48 12 4 5 22 61 19 52 9 34 58 56 18 41 2 10 8 24 45 32 17 59 28 15 30 1 74 67 46 7 69 57 43 25 64 27 40 0 71 51 50 11 77 6 42 23 35 3 66 53 44 36 39 78 29 75 73 72 37 31 14 26 62 13 70 65 16 60 63 20 47 
45 32 0 71 6 77 11 51 50 64 27 40 17 59 60 44 53 63 26 13 62 70 65 16 5 12 4 22 19 61 48 52 9 34 58 38 21 49 76 54 68 56 18 55 33 10 2 23 35 3 28 15 30 1 67 74 78 39 20 14 31 37 47 36 72 73 75 29 69 7 46 43 25 57 42 8 24 41 79 66 
40 27 64 50 51 11 77 71 0 42 8 24 10 2 33 54 23 35 3 59 17 45 32 15 30 1 74 67 25 43 57 69 46 7 73 75 72 29 47 37 36 78 39 44 53 60 28 66 79 76 21 38 58 34 9 48 52 4 12 19 22 61 63 14 13 26 62 31 20 70 65 16 5 49 18 56 55 68 41 6 
6 51 50 64 27 15 30 1 67 7 46 69 57 43 25 17 59 28 60 44 53 14 63 26 13 62 31 47 36 78 74 39 73 75 29 72 37 20 19 4 12 5 65 16 70 61 22 79 21 49 48 52 9 34 38 58 56 18 55 68 76 54 35 23 33 66 3 32 45 24 8 2 10 41 40 42 71 77 11 0 
71 51 50 40 27 64 25 57 43 69 7 46 67 30 1 74 78 36 37 47 20 26 13 70 16 65 61 22 5 48 9 34 58 38 56 18 55 68 33 41 2 10 35 23 32 3 17 59 28 60 44 53 63 14 62 31 75 73 72 29 39 15 66 79 49 21 52 4 12 19 54 76 45 8 24 0 42 6 77 11 
42 15 30 1 67 74 78 36 20 14 63 26 13 62 31 37 47 72 73 75 29 7 46 43 25 69 57 27 64 50 51 0 71 11 77 6 8 24 40 17 59 28 60 53 44 39 38 49 21 48 34 58 18 56 55 68 54 76 35 3 45 23 2 10 41 33 79 66 19 22 61 70 65 16 5 12 4 9 52 32 
76 54 33 3 35 32 45 23 10 2 24 8 42 0 40 27 15 17 59 28 44 53 66 79 49 21 38 58 56 18 34 48 52 12 4 22 19 61 62 47 39 78 74 67 1 30 50 51 71 11 77 6 64 43 25 57 69 7 46 72 73 75 29 37 20 60 36 31 14 63 26 13 70 65 16 5 9 55 68 41 
66 79 52 4 12 48 38 58 34 9 19 22 61 5 65 16 70 62 13 26 63 14 31 37 47 36 78 74 1 30 15 27 32 45 23 35 54 68 33 41 18 56 55 21 49 76 59 17 3 2 10 8 24 42 6 77 11 51 50 57 69 43 25 64 40 0 71 28 60 53 44 20 39 46 7 29 72 73 75 67 
69 7 46 30 1 74 67 72 73 75 29 39 36 20 47 37 31 62 13 26 70 65 16 22 61 63 14 19 4 12 52 9 48 34 38 58 18 56 55 68 54 76 3 17 59 28 60 44 53 79 66 33 41 10 2 24 8 42 40 32 45 23 35 21 49 5 15 64 50 51 11 77 6 71 0 27 25 43 57 78 
44 53 60 28 30 1 74 67 46 7 69 27 40 0 71 51 50 64 43 25 57 11 77 6 23 35 3 54 76 21 38 58 34 48 49 79 19 4 12 9 52 68 55 56 18 33 41 10 2 24 8 42 32 45 17 59 15 39 78 72 73 75 29 36 20 37 31 47 14 63 62 26 13 70 61 22 65 16 5 66 
48 9 34 58 38 21 49 76 54 68 55 56 18 23 35 3 17 59 28 60 39 78 74 67 46 7 57 50 51 25 43 69 30 15 27 64 40 0 71 11 77 6 42 8 24 2 10 41 33 45 32 1 47 31 37 20 36 75 29 72 73 14 63 13 26 62 70 65 16 5 22 19 4 12 52 79 66 61 53 44 
21 49 38 58 34 9 48 52 12 4 61 22 19 5 16 65 70 26 13 63 14 62 31 37 47 72 73 75 29 7 46 69 57 15 17 32 30 1 74 67 78 36 20 39 44 53 60 28 59 27 42 8 24 45 2 10 41 68 33 54 76 56 18 55 79 66 35 3 40 0 71 51 50 43 25 64 11 77 6 23 
66 79 52 49 21 38 76 23 35 3 45 32 27 64 50 51 71 0 40 42 8 24 2 10 41 68 33 54 55 58 18 56 34 48 9 12 5 22 61 19 4 16 65 70 26 14 63 53 44 20 60 28 59 15 30 43 46 7 69 57 25 1 39 74 67 78 36 37 47 31 62 13 72 73 75 29 11 77 6 17 
76 54 33 68 55 18 56 38 58 34 21 49 48 9 12 4 19 22 61 20 47 37 31 62 63 14 26 13 70 65 16 5 52 79 66 53 60 28 59 17 3 35 23 10 2 45 32 42 0 40 27 11 77 71 51 50 64 25 43 69 46 7 67 74 1 30 15 36 78 39 44 73 72 29 75 57 6 24 8 41 
79 52 48 38 21 49 33 68 10 2 3 35 23 54 76 55 18 56 58 34 9 12 4 5 65 16 70 13 26 20 78 74 67 46 7 69 57 50 51 77 11 71 0 40 27 64 25 43 30 1 39 44 53 63 14 62 31 37 47 72 73 29 75 36 61 22 19 66 60 28 59 17 32 45 8 24 42 6 15 41 
7 46 69 57 50 51 71 0 42 40 27 15 1 74 67 78 36 47 37 31 62 13 26 14 63 70 65 16 5 12 4 22 61 19 52 48 34 9 18 56 58 38 21 76 54 68 55 35 3 45 32 17 59 28 60 30 25 43 64 11 77 6 24 8 2 10 23 33 41 49 79 66 53 44 20 39 73 29 75 72 
35 3 23 33 68 55 41 10 2 24 8 42 40 71 11 77 51 50 27 64 25 43 69 46 7 67 74 1 30 39 60 28 17 59 66 79 49 21 38 34 48 58 18 56 76 54 22 61 19 4 12 52 9 5 16 65 70 13 26 63 14 62 31 37 47 20 36 72 73 75 29 78 44 53 15 0 6 57 45 32 
37 47 20 31 44 39 74 46 7 69 57 43 25 64 50 51 11 77 71 0 40 32 27 15 30 1 78 36 72 73 75 29 67 28 60 59 17 3 23 33 54 76 68 55 56 18 38 58 34 9 12 4 52 48 49 21 79 66 53 63 14 26 13 62 70 16 65 5 22 61 19 35 41 10 2 24 8 42 6 45 
17 3 35 76 54 33 68 21 38 34 48 52 19 61 22 5 4 12 16 65 70 26 13 62 31 37 47 20 36 74 67 1 30 15 27 32 45 2 10 41 23 40 0 71 50 51 11 77 6 8 24 42 64 25 43 57 69 7 46 29 72 73 75 78 39 44 60 59 28 79 66 55 56 18 58 49 9 14 63 53 
17 59 28 60 53 44 39 30 1 74 67 29 72 73 75 31 13 26 62 63 14 20 47 37 36 78 7 46 43 25 64 27 40 0 42 8 24 45 32 3 35 23 2 10 41 18 56 58 34 9 38 48 21 49 52 12 4 19 61 22 5 16 65 70 66 79 54 33 68 55 76 15 69 57 50 51 71 77 11 6 
17 59 28 60 53 44 39 78 67 74 1 30 25 43 57 50 51 11 71 0 40 27 64 15 77 6 42 2 10 33 68 55 56 18 58 38 48 21 49 34 9 12 4 5 22 19 61 65 16 70 13 26 14 63 62 31 37 47 20 36 73 75 29 72 7 46 69 76 54 35 3 32 45 23 41 24 8 66 79 52 
73 75 72 67 74 78 36 20 47 37 31 63 14 26 13 62 70 65 16 5 12 52 48 38 58 34 9 4 19 22 61 53 39 44 60 28 59 17 15 30 1 25 43 69 57 50 51 71 0 42 6 77 11 45 32 35 3 23 33 54 68 55 56 18 21 49 76 2 10 41 24 8 27 40 64 66 79 46 7 29 
32 17 59 28 60 53 44 14 63 26 62 13 70 19 22 61 16 65 5 4 12 9 34 58 18 56 21 49 38 48 52 79 66 1 74 67 78 36 39 20 47 37 31 29 72 73 75 7 46 69 43 25 64 50 51 71 0 40 27 15 30 55 68 33 54 76 35 3 23 45 8 24 2 10 41 42 6 77 11 57 
7 46 69 57 43 25 30 1 74 78 36 20 44 53 39 60 66 79 9 52 34 38 48 21 49 76 54 68 33 23 35 3 17 59 28 15 27 64 50 51 11 77 71 0 40 42 24 8 45 32 2 10 41 55 56 18 58 5 12 4 22 19 65 16 63 14 26 13 70 61 62 31 37 47 72 73 75 29 67 6 
52 38 58 34 9 48 21 49 55 68 54 33 23 35 3 28 60 44 53 39 78 36 1 74 67 30 0 71 11 50 64 27 40 42 45 32 17 59 66 79 61 22 19 4 12 5 65 16 70 13 26 14 63 31 62 20 47 37 73 75 72 29 7 46 43 15 25 57 69 51 77 6 24 8 2 10 41 18 56 76 
53 44 60 28 59 17 45 32 40 27 64 50 51 0 71 77 11 25 43 46 7 69 67 74 78 36 47 37 31 62 14 13 26 63 61 22 19 12 4 5 9 34 18 56 55 68 33 54 76 21 38 58 48 52 49 35 3 23 2 10 41 24 8 42 6 57 15 30 1 72 29 75 73 20 39 66 79 16 65 70 
78 74 67 46 7 69 57 25 43 50 51 71 0 40 32 45 23 35 76 54 38 48 52 79 66 59 17 28 60 31 47 37 20 36 39 44 53 63 26 14 62 13 70 65 16 5 12 4 61 22 19 21 49 33 68 55 58 56 18 34 9 3 2 10 41 24 42 8 6 77 11 64 27 15 30 1 29 72 73 75 
36 78 74 44 1 30 46 43 25 64 51 50 27 15 17 32 45 23 35 3 59 28 60 39 53 61 19 79 66 76 54 55 68 33 41 10 2 24 8 42 0 40 6 71 11 77 57 69 7 67 29 72 75 73 47 37 31 62 14 26 13 70 65 16 22 5 12 4 9 34 38 21 49 48 52 56 18 58 63 20 
36 78 74 44 1 30 46 43 25 64 51 50 27 15 17 32 45 23 35 3 59 28 60 39 53 61 19 79 66 76 54 55 68 33 41 10 2 24 8 42 0 40 6 71 11 77 57 69 7 67 29 72 75 73 47 37 31 62 14 26 13 70 65 16 22 5 12 4 9 34 38 21 49 48 52 56 18 58 63 20 
24 8 42 40 0 71 51 50 64 27 15 69 46 43 25 67 39 44 30 1 74 78 36 47 37 20 14 63 26 13 70 61 22 19 4 12 9 48 21 38 58 34 18 56 55 68 76 54 33 2 10 23 35 3 17 59 28 60 53 66 79 49 52 5 65 16 62 31 73 72 29 75 7 57 11 77 6 32 45 41 
7 46 57 43 25 15 17 3 35 23 45 32 40 27 64 50 51 11 77 6 71 0 42 24 8 2 10 41 33 68 55 54 76 56 18 58 48 38 34 12 5 4 22 61 19 14 70 26 13 62 63 31 47 36 78 39 44 53 60 28 59 66 79 52 9 49 21 16 65 20 37 1 74 67 30 72 73 75 29 69 
16 65 26 13 62 61 22 4 12 52 49 21 38 58 56 18 55 68 54 76 35 3 32 45 41 10 33 23 2 24 8 42 0 64 50 51 11 77 6 71 40 27 15 30 1 67 74 36 78 39 44 53 60 28 59 17 66 79 19 5 9 48 34 57 25 43 69 46 7 29 72 73 75 37 47 20 31 14 63 70 
25 43 64 51 50 77 71 0 42 24 8 2 10 41 54 76 21 49 35 3 17 59 19 4 12 5 9 34 38 58 56 18 55 68 33 23 45 32 27 15 30 1 67 74 39 78 36 20 37 47 31 62 13 26 63 14 53 44 60 28 66 79 52 48 22 61 65 16 70 72 29 73 75 7 46 69 57 6 11 40 
28 59 17 3 23 2 10 41 33 68 54 76 55 56 18 58 38 48 52 4 12 9 34 21 49 79 19 61 22 5 16 65 70 13 26 62 31 20 36 78 74 67 30 1 39 60 44 53 63 14 37 47 73 72 75 29 7 46 69 57 64 50 51 11 77 71 0 40 45 32 27 15 43 25 66 35 42 8 24 6 
42 40 32 45 2 10 41 68 55 49 21 38 58 18 56 76 54 33 23 35 3 17 59 28 60 66 79 19 4 5 22 61 63 14 26 13 62 31 37 47 36 78 1 30 15 25 43 57 69 46 7 29 75 73 72 67 74 39 53 44 20 70 65 16 12 9 48 34 52 27 64 51 50 11 71 0 8 24 77 6 
16 65 19 4 52 49 21 48 34 9 38 58 56 18 55 68 33 54 41 10 2 23 45 32 40 0 42 8 24 6 71 77 11 51 50 57 43 25 64 27 17 59 28 60 44 53 79 66 3 35 76 15 30 1 74 67 7 46 69 72 36 78 39 29 73 75 47 37 20 31 62 26 13 63 14 61 22 5 12 70 
59 17 15 27 64 25 43 46 7 29 75 73 72 47 37 20 36 78 74 1 30 28 60 39 44 53 63 61 22 19 12 4 5 79 66 52 21 49 76 54 33 68 55 56 18 58 38 48 34 9 70 65 16 26 13 62 31 14 67 69 57 50 51 11 77 71 0 40 32 3 35 23 45 24 8 2 10 41 42 6 
35 76 54 68 55 33 45 10 41 23 2 32 15 17 59 66 49 21 52 48 38 18 56 58 34 9 12 4 19 22 61 14 53 44 60 28 39 78 67 74 1 30 25 43 69 57 50 64 27 40 0 51 11 77 71 6 42 8 24 3 79 5 16 65 70 13 26 63 62 31 37 20 36 47 72 75 73 29 46 7 
66 79 4 12 19 22 61 63 53 39 78 74 67 7 46 43 25 64 30 1 36 47 31 37 20 44 60 28 59 17 3 23 35 49 21 55 68 54 76 33 41 10 2 32 45 27 40 0 71 11 77 51 50 57 69 29 72 75 73 14 26 13 62 70 65 16 5 52 48 9 34 38 58 18 56 8 24 42 6 15 
51 11 77 71 50 64 27 15 40 0 42 8 24 45 23 33 68 55 21 66 60 28 59 17 3 35 76 54 49 38 58 56 18 34 48 9 5 12 4 61 22 19 20 37 31 47 73 75 78 74 67 1 30 25 43 57 69 46 7 29 72 36 39 44 53 14 63 26 13 62 70 65 16 52 79 41 10 2 32 6 
6 51 50 25 43 69 7 46 67 39 74 78 36 72 73 29 75 66 79 52 9 34 48 18 56 58 38 21 49 76 54 33 23 68 55 41 10 2 45 32 40 27 0 71 42 8 24 3 35 17 59 28 60 44 53 14 26 13 70 65 16 5 4 12 19 22 61 63 62 37 47 20 31 15 1 30 64 57 11 77 
68 33 10 2 45 32 27 40 0 71 51 50 57 11 77 6 64 25 43 69 7 46 74 67 1 30 15 28 60 39 44 53 59 17 3 35 76 54 55 56 18 38 48 21 49 79 66 19 22 61 4 12 58 34 52 9 5 16 65 70 13 62 26 63 14 20 36 47 37 31 72 73 75 29 78 24 8 42 23 41 
27 17 59 3 35 54 33 10 2 23 45 32 24 8 42 0 51 71 11 77 6 57 69 67 74 78 36 47 37 20 31 62 13 26 63 14 39 44 53 60 28 66 19 79 76 55 68 41 56 18 58 48 12 9 52 49 21 38 34 5 4 22 61 65 16 70 73 72 29 75 7 46 1 30 15 25 43 64 50 40 
71 11 77 51 50 64 43 25 46 7 69 57 15 27 40 32 17 59 28 60 78 67 74 1 30 72 73 75 29 31 37 47 36 20 14 63 26 62 13 70 16 65 22 19 79 66 12 4 52 48 38 58 21 49 54 68 33 41 2 10 45 23 35 3 76 55 56 18 34 9 5 61 53 44 39 24 8 42 0 6 
36 78 1 30 53 44 60 66 79 49 21 68 33 54 55 56 18 34 58 38 48 9 12 4 19 61 22 62 13 26 63 14 31 37 47 20 75 29 72 73 67 74 39 28 59 17 15 27 64 25 43 69 46 7 57 50 51 11 77 71 0 6 24 8 42 40 32 45 23 41 2 10 3 35 76 52 5 16 65 70 
42 40 32 45 2 10 41 68 55 49 21 38 58 18 56 76 54 33 23 35 3 17 59 28 60 66 79 19 4 5 22 61 63 14 26 13 62 31 37 47 36 78 1 30 15 25 43 57 69 46 7 29 75 73 72 67 74 39 53 44 20 70 65 16 12 9 48 34 52 27 64 51 50 11 71 0 8 24 77 6 
16 65 19 4 52 49 21 48 34 9 38 58 56 18 55 68 33 54 41 10 2 23 45 32 40 0 42 8 24 6 71 77 11 51 50 57 43 25 64 27 17 59 28 60 44 53 79 66 3 35 76 15 30 1 74 67 7 46 69 72 36 78 39 29 73 75 47 37 20 31 62 26 13 63 14 61 22 5 12 70 
58 38 12 4 52 48 21 49 76 54 68 23 35 3 17 59 28 15 30 1 67 74 78 36 44 39 60 66 79 19 61 22 5 65 16 70 13 26 62 31 37 47 72 73 75 43 25 50 11 51 64 27 40 32 45 2 10 24 8 42 0 71 6 77 57 69 46 7 29 20 53 14 63 33 41 55 56 18 34 9 
58 38 12 4 52 48 21 49 76 54 68 23 35 3 17 59 28 15 30 1 67 74 78 36 44 39 60 66 79 19 61 22 5 65 16 70 13 26 62 31 37 47 72 73 75 43 25 50 11 51 64 27 40 32 45 2 10 24 8 42 0 71 6 77 57 69 46 7 29 20 53 14 63 33 41 55 56 18 34 9 
78 74 67 1 30 15 17 59 3 35 23 2 10 24 8 42 0 27 40 64 51 71 11 77 6 50 57 43 25 69 46 7 32 45 54 76 49 21 38 58 56 18 55 68 33 41 66 79 5 12 4 9 34 48 52 19 22 61 63 14 20 37 47 36 72 73 75 29 26 13 70 65 16 62 31 44 53 28 60 39 
42 0 71 11 51 50 64 15 59 66 79 19 61 22 5 16 65 70 13 26 62 14 63 44 39 78 36 47 37 31 20 53 60 28 17 35 3 23 54 76 21 49 38 18 56 58 48 52 4 12 9 34 55 68 33 41 2 10 24 8 45 32 27 40 25 43 46 7 69 1 30 74 67 72 75 73 29 57 77 6 
75 73 72 29 46 7 69 25 43 51 50 64 27 40 32 45 23 2 10 41 55 68 33 54 76 35 3 17 59 28 60 44 53 14 63 26 13 62 31 37 47 36 20 39 78 74 67 1 30 15 66 79 49 21 38 34 48 9 12 19 22 4 5 16 65 70 61 56 18 58 52 8 24 42 0 11 77 71 6 57 
35 76 54 33 68 55 56 18 58 38 21 49 48 9 12 4 19 22 61 63 14 20 36 47 37 31 62 26 13 39 30 1 15 28 60 59 17 27 64 50 51 71 0 40 42 24 8 2 10 23 45 32 3 79 66 53 44 78 74 67 46 7 69 57 11 77 6 43 25 29 72 73 75 70 65 16 5 52 34 41 
30 1 74 67 46 7 69 43 25 17 59 28 60 53 39 78 44 20 47 37 73 75 72 29 36 31 62 13 26 63 14 61 70 65 16 5 12 4 48 52 19 22 9 34 58 38 21 49 76 33 54 68 18 56 55 41 10 2 45 32 27 40 71 11 51 50 64 15 66 79 3 35 23 24 8 42 0 6 77 57 
30 1 74 67 46 7 69 43 25 17 59 28 60 53 39 78 44 20 47 37 73 75 72 29 36 31 62 13 26 63 14 61 70 65 16 5 12 4 48 52 19 22 9 34 58 38 21 49 76 33 54 68 18 56 55 41 10 2 45 32 27 40 71 11 51 50 64 15 66 79 3 35 23 24 8 42 0 6 77 57 
22 19 4 12 5 9 34 48 54 76 49 21 38 58 18 56 68 55 33 23 35 3 17 59 28 60 53 44 39 30 1 67 74 78 36 47 37 31 20 14 63 13 26 62 70 61 65 16 29 72 73 75 46 7 69 43 25 57 50 51 71 11 77 6 42 0 40 27 64 15 32 45 8 24 10 2 41 66 79 52 
60 39 44 53 20 62 26 13 70 65 16 5 4 12 52 49 21 9 48 38 58 34 18 56 55 68 54 76 23 35 3 17 59 28 37 47 36 78 74 67 1 30 43 25 64 50 51 11 77 6 71 0 40 45 32 15 27 42 24 8 2 10 41 33 79 66 19 22 61 63 14 31 72 73 75 29 7 46 69 57 
63 13 26 62 61 22 5 12 4 19 28 59 17 32 45 23 35 3 60 15 30 1 74 67 78 39 44 53 36 47 37 31 20 72 73 75 29 46 7 69 64 51 27 40 0 71 11 57 43 25 50 77 6 42 8 24 2 10 41 33 54 76 68 55 56 18 34 9 48 58 38 21 49 52 79 66 14 65 16 70 
11 77 71 0 42 2 10 41 55 68 56 18 58 38 34 48 9 12 5 4 19 22 61 16 65 70 13 26 14 63 62 31 37 47 20 36 78 74 67 1 30 43 25 64 27 3 35 23 45 32 40 50 51 57 69 46 7 29 72 73 75 15 28 60 53 44 39 59 17 66 79 52 49 21 76 54 33 24 8 6 
48 58 9 34 38 21 49 66 79 4 19 22 61 13 26 62 14 63 60 44 39 78 30 1 74 67 46 7 69 43 25 57 50 64 27 15 28 59 17 3 35 23 45 32 40 0 42 71 11 77 51 6 24 8 2 10 41 76 54 33 68 55 56 18 52 12 5 16 65 70 31 37 20 36 47 73 72 29 75 53 
6 71 64 25 43 74 67 78 39 44 53 20 47 36 37 31 62 26 13 70 65 16 61 22 5 4 12 9 48 52 76 54 35 23 2 10 41 55 68 33 3 17 59 66 79 19 63 14 72 73 75 29 7 46 69 57 50 51 11 77 0 40 27 42 8 24 45 21 49 38 58 56 18 34 60 28 15 30 1 32 
13 26 14 63 62 31 37 47 20 36 78 74 69 57 25 43 71 11 77 51 50 64 27 40 2 10 41 55 68 33 54 76 49 48 34 58 18 56 21 38 4 19 22 5 12 9 52 79 66 59 17 32 45 3 35 23 8 24 42 0 6 46 7 29 73 72 75 67 1 30 44 53 60 28 15 39 61 16 65 70 
65 16 70 13 26 63 14 37 47 36 62 31 20 44 53 60 28 59 17 3 35 23 76 54 33 68 55 56 18 58 38 34 9 48 52 49 21 79 19 61 22 4 12 5 66 39 74 67 1 30 64 25 43 69 46 7 57 27 40 32 45 2 10 41 24 8 42 0 71 51 11 77 6 50 15 78 73 72 29 75 
59 17 35 3 45 32 27 64 51 50 11 77 6 71 0 40 42 8 24 10 2 23 54 33 68 55 56 18 58 38 52 49 21 48 9 34 12 4 22 19 13 62 31 37 47 20 36 74 67 46 7 69 57 43 25 30 1 39 78 72 29 75 73 28 60 53 44 63 14 26 70 61 65 16 5 79 66 76 41 15 
78 36 20 37 31 47 73 72 29 75 67 74 1 46 7 69 43 57 50 51 11 71 0 40 27 64 25 30 39 60 66 79 19 4 12 5 22 65 16 61 63 14 62 13 26 70 9 52 48 38 49 21 58 56 18 34 35 17 59 3 32 45 23 33 68 55 76 54 41 10 2 24 8 42 6 77 15 28 44 53 
33 54 76 35 3 45 40 32 17 59 28 60 44 39 67 78 1 30 43 25 64 50 51 71 0 42 8 24 2 10 23 68 55 56 18 34 48 52 49 21 38 58 9 12 4 22 61 19 5 16 65 70 14 63 26 13 62 31 37 20 72 29 75 73 74 46 7 69 57 11 77 6 27 15 36 47 53 66 79 41 
12 4 48 9 34 58 38 18 56 55 49 21 76 54 41 2 10 45 32 40 0 42 24 8 6 77 11 51 50 64 25 43 46 7 69 57 30 1 74 78 36 47 37 20 39 53 44 60 28 59 17 23 35 33 68 79 66 3 15 27 71 67 72 29 75 73 31 14 63 13 62 26 70 65 16 5 22 61 19 52 
40 3 45 32 59 17 35 23 33 2 10 41 68 55 54 76 56 18 21 49 52 48 58 38 34 9 12 4 19 22 61 14 63 26 62 13 70 65 16 5 79 66 28 53 44 60 31 20 47 37 36 78 39 30 1 74 67 72 73 75 29 7 69 46 43 57 11 77 71 0 64 27 25 15 50 51 42 24 8 6 
14 26 13 31 37 47 44 53 79 66 38 58 34 48 49 21 76 54 68 33 41 10 2 8 24 42 40 0 71 11 77 6 27 25 30 1 74 78 36 39 28 60 15 59 17 35 3 23 45 32 64 50 51 57 43 69 46 7 67 29 75 73 72 20 62 63 61 22 4 12 9 52 56 18 55 19 5 16 65 70 
68 41 33 54 55 56 18 58 38 48 34 21 49 52 12 4 22 61 63 14 26 13 70 53 44 39 74 78 36 47 37 31 65 16 5 9 19 79 66 59 17 3 35 23 45 2 10 24 8 42 0 40 27 64 50 51 11 77 6 71 32 1 67 30 25 43 57 69 46 7 29 75 73 72 20 62 15 28 60 76 
24 8 42 0 71 51 50 64 27 17 3 59 66 79 49 21 38 58 34 48 52 12 4 22 61 63 14 26 13 62 31 47 37 72 29 75 73 78 36 20 39 28 45 2 10 41 33 54 76 68 55 56 18 9 5 16 65 70 19 53 44 60 15 74 67 1 30 25 43 69 46 7 57 11 77 6 40 32 35 23 
72 73 75 29 47 37 31 20 60 53 44 39 36 78 74 67 1 30 57 69 7 46 43 25 64 71 0 77 11 51 50 15 28 59 17 3 35 23 33 68 54 76 21 49 48 38 58 34 9 12 4 22 61 19 14 63 26 13 62 70 65 16 5 79 66 52 18 56 55 41 2 10 24 8 42 40 27 32 45 6 
17 3 23 68 54 76 55 33 10 41 35 45 32 27 40 0 42 48 21 49 79 66 59 28 60 44 53 63 61 22 19 12 4 52 38 56 18 58 34 9 5 16 65 70 13 26 14 62 31 37 47 36 67 78 74 1 30 15 39 20 73 72 29 75 7 46 69 57 43 25 64 50 51 11 71 77 6 8 24 2 
51 11 77 71 50 64 27 15 40 0 42 8 24 45 23 33 68 55 21 66 60 28 59 17 3 35 76 54 49 38 58 56 18 34 48 9 5 12 4 61 22 19 20 37 31 47 73 75 78 74 67 1 30 25 43 57 69 46 7 29 72 36 39 44 53 14 63 26 13 62 70 65 16 52 79 41 10 2 32 6 
46 7 69 43 25 64 50 51 77 11 71 0 40 27 15 32 17 59 28 3 35 23 45 2 10 41 68 76 54 33 55 56 18 58 38 34 48 21 49 79 66 53 44 39 30 1 67 74 78 36 47 37 31 20 62 26 13 70 65 16 4 12 52 9 5 22 61 19 63 14 60 72 29 73 75 42 24 8 6 57 
40 27 28 59 17 3 23 35 76 54 45 32 42 24 8 2 10 41 33 68 55 56 18 58 38 21 49 48 34 9 12 4 5 22 61 19 79 66 63 14 26 13 62 31 37 47 20 36 78 74 1 30 15 64 50 51 11 77 6 71 0 43 25 7 46 69 57 67 39 44 53 60 72 73 75 29 70 16 65 52 
79 66 49 21 48 38 58 56 18 68 33 54 76 23 35 3 17 59 28 60 44 53 39 78 74 67 1 30 57 50 64 77 11 51 71 0 42 24 8 2 10 41 55 45 32 27 40 6 15 25 43 69 46 7 29 73 75 72 36 47 37 20 31 14 63 26 13 62 70 19 22 61 65 16 5 12 4 52 34 9 
67 74 7 46 69 43 25 27 64 50 51 11 77 71 0 40 32 17 59 28 14 26 13 62 31 47 37 20 36 78 72 29 73 75 39 44 60 15 45 23 35 3 76 54 68 55 56 18 38 58 34 9 5 12 4 19 22 61 79 66 53 63 70 16 65 48 52 21 49 33 41 10 2 24 8 42 6 57 30 1 
63 14 62 26 13 31 37 47 20 36 78 72 73 75 29 74 67 1 30 60 28 59 17 15 64 50 51 40 0 71 11 77 6 25 43 57 69 46 7 39 44 53 76 38 58 34 9 48 68 55 54 33 41 10 2 24 8 42 27 32 45 23 3 35 79 66 56 18 21 49 52 4 22 61 19 12 5 16 65 70 
74 67 1 30 15 66 79 19 61 22 4 52 12 9 34 38 58 56 18 49 21 48 41 55 68 33 54 76 35 3 17 32 40 27 64 50 51 77 11 71 0 42 8 24 2 10 23 45 59 28 60 53 44 39 78 29 75 73 72 36 47 20 37 31 62 26 13 70 65 16 5 63 14 46 7 69 43 25 57 6 
69 46 74 67 1 30 78 39 36 72 73 37 31 20 44 53 60 28 59 17 3 33 54 76 21 48 52 12 9 34 58 38 56 18 55 68 41 10 2 23 35 49 66 79 4 19 22 61 65 16 5 70 13 26 63 14 62 47 75 29 43 25 57 50 51 71 11 77 0 40 64 27 15 32 45 8 24 42 6 7 
69 46 74 67 1 30 78 39 36 72 73 37 31 20 44 53 60 28 59 17 3 33 54 76 21 48 52 12 9 34 58 38 56 18 55 68 41 10 2 23 35 49 66 79 4 19 22 61 65 16 5 70 13 26 63 14 62 47 75 29 43 25 57 50 51 71 11 77 0 40 64 27 15 32 45 8 24 42 6 7 
76 54 33 55 68 49 21 38 58 34 9 48 52 12 22 61 5 4 19 79 66 60 28 59 17 15 27 64 50 51 71 0 42 6 77 11 57 69 43 25 1 74 67 78 36 39 47 37 31 14 26 13 70 65 16 62 20 53 44 63 72 29 73 75 7 46 30 3 35 23 45 32 40 8 24 2 10 41 18 56 
