23 3 17 59 28 60 44 53 26 63 14 62 13 70 61 22 19 4 12 52 49 21 48 34 38 58 56 18 55 68 54 33 41 10 2 45 24 8 42 0 71 11 51 50 6 40 32 27 64 25 43 57 69 7 46 15 1 74 67 39 30 36 73 72 29 31 37 47 20 65 16 5 9 66 35 
25 43 69 7 46 67 74 1 30 17 60 28 59 66 38 34 9 21 49 52 4 12 5 19 22 61 14 63 53 39 36 47 37 20 73 72 29 40 32 27 64 50 51 57 11 6 71 0 42 8 24 10 2 45 23 35 3 54 33 41 68 55 56 18 58 48 16 65 70 13 26 62 31 44 15 
55 68 33 54 21 49 48 38 58 18 56 9 34 52 4 12 5 22 19 61 65 16 26 13 70 62 31 47 37 20 44 39 74 67 43 7 46 69 57 25 30 1 15 59 17 32 2 10 24 8 42 0 40 27 64 50 51 11 71 6 29 73 72 36 14 63 53 60 28 66 3 35 23 45 41 
70 13 62 14 63 26 22 61 4 9 38 56 18 58 34 48 21 49 55 68 33 54 3 35 23 2 10 41 24 45 32 40 0 71 51 50 64 25 43 69 7 46 67 74 1 30 39 20 47 37 31 73 29 72 36 44 53 60 28 59 17 15 27 57 11 6 42 8 66 52 12 19 5 16 65 
15 25 64 40 27 50 51 11 6 71 0 24 8 42 32 35 54 33 68 55 21 52 9 34 58 38 56 18 41 10 2 23 45 3 66 49 48 12 5 4 22 19 28 17 59 60 44 53 63 26 13 70 65 16 61 14 62 31 37 20 47 36 72 73 29 67 74 1 30 46 7 69 57 43 39 
9 34 58 38 48 52 61 22 5 12 4 53 44 39 60 28 59 17 32 40 0 71 51 11 57 43 25 30 1 74 67 69 46 7 29 72 73 36 20 37 47 31 62 13 26 14 63 66 49 21 18 56 55 68 33 23 2 10 41 54 35 3 45 24 8 42 6 50 64 27 15 19 70 65 16 
28 60 39 44 53 20 37 47 36 67 74 30 15 17 59 66 19 4 12 52 9 34 38 58 56 18 55 68 33 54 35 3 23 45 32 27 40 0 71 51 50 57 43 25 64 1 26 13 62 31 14 63 61 22 5 16 65 70 72 73 29 46 7 69 11 6 42 24 8 2 10 41 48 21 49 
70 13 26 62 14 63 53 44 36 47 37 31 20 39 60 28 59 17 25 43 57 50 51 71 11 0 40 64 27 15 30 1 74 67 72 73 29 7 46 69 3 35 23 33 68 56 18 58 34 38 21 49 54 55 41 10 2 45 32 42 6 8 24 66 19 61 22 4 12 52 9 48 5 65 16 
15 27 40 0 71 51 50 64 25 43 69 57 11 6 42 8 24 2 10 33 41 68 55 56 18 58 34 38 48 52 49 21 9 5 4 22 16 65 70 26 13 62 31 37 47 20 36 39 53 44 60 28 59 17 30 1 74 67 46 7 29 72 73 63 14 66 32 45 23 35 3 54 61 19 12 
15 60 28 30 1 74 67 72 73 29 69 7 46 43 57 25 64 27 40 0 71 51 50 11 6 42 8 24 38 21 49 52 4 12 48 9 34 58 18 56 55 35 23 2 10 41 33 68 54 59 17 32 45 3 66 53 44 20 31 37 47 36 39 19 61 22 5 16 65 70 26 13 62 14 63 
40 27 64 50 51 11 71 0 42 8 24 2 10 23 35 3 41 56 18 58 38 21 49 48 9 4 12 19 61 22 63 14 62 13 26 70 65 16 5 52 34 55 68 54 33 32 45 17 59 28 15 30 43 25 69 7 46 74 67 1 39 44 53 60 66 20 36 47 37 31 73 72 29 57 6 
48 52 19 4 22 61 14 36 30 1 74 44 53 60 28 59 17 32 45 23 35 3 15 27 40 0 71 51 64 50 11 6 42 24 8 2 10 41 68 54 21 49 55 56 58 38 34 9 12 5 16 65 70 13 26 63 62 31 37 47 20 72 73 29 46 7 25 43 57 69 67 39 66 33 18 
50 51 71 0 40 64 25 43 57 69 46 7 29 72 73 47 37 31 62 13 26 14 63 53 44 39 74 1 30 36 59 32 45 23 10 2 33 68 55 56 18 58 38 21 49 52 4 12 5 22 61 19 66 35 3 17 15 27 28 60 67 20 70 65 16 9 34 48 54 41 8 24 42 6 11 
74 67 1 30 25 43 64 50 51 11 71 0 27 40 32 45 23 35 3 59 17 66 49 21 38 34 58 56 18 55 68 54 33 41 2 10 24 8 42 6 57 69 46 7 72 29 73 37 47 20 36 44 53 63 14 26 13 62 31 39 70 65 16 5 12 4 52 9 48 19 22 61 60 28 15 
65 16 70 13 26 62 31 37 47 20 36 39 1 74 67 46 7 43 25 15 59 28 60 44 53 14 63 19 22 61 4 12 5 9 34 48 49 21 38 58 18 56 55 54 68 33 41 10 2 3 35 45 32 0 40 27 50 51 11 71 64 57 69 29 72 73 30 17 23 24 8 42 6 66 52 
57 69 46 7 43 25 30 1 74 67 29 72 73 37 31 47 20 53 44 39 28 60 66 59 17 3 35 23 2 10 41 33 54 68 55 56 18 38 21 49 48 34 58 9 12 52 4 22 61 19 5 70 26 13 62 16 65 14 63 36 15 32 45 24 8 42 40 0 71 6 50 51 11 64 27 
23 3 17 59 28 60 44 53 26 63 14 62 13 70 61 22 19 4 12 52 49 21 48 34 38 58 56 18 55 68 54 33 41 10 2 45 24 8 42 0 71 11 51 50 6 40 32 27 64 25 43 57 69 7 46 15 1 74 67 39 30 36 73 72 29 31 37 47 20 65 16 5 9 66 35 
71 11 51 50 64 40 27 32 45 2 10 68 33 35 23 3 17 59 28 60 44 53 61 22 5 4 12 52 49 21 38 58 48 9 34 18 56 55 41 54 66 15 30 1 67 74 39 36 47 37 20 14 63 26 13 70 65 16 19 62 31 73 72 29 46 7 69 57 43 25 0 42 8 24 6 
14 63 61 22 19 52 48 49 21 53 44 20 37 47 36 72 73 29 67 74 1 30 60 28 59 17 32 23 35 3 68 54 33 55 56 18 58 38 34 9 12 4 5 65 16 70 13 26 62 31 69 46 7 57 43 25 64 27 40 0 71 11 51 50 6 42 8 24 2 10 41 45 15 39 66 
48 49 21 38 58 56 18 55 54 35 33 68 41 10 2 45 32 17 59 30 1 74 67 46 7 69 43 25 64 27 40 0 71 51 50 57 11 6 42 24 8 23 3 28 60 53 44 20 31 37 72 73 29 36 47 62 26 70 13 61 19 4 12 5 65 16 22 63 14 39 15 66 52 34 9 
74 30 25 43 64 50 51 71 0 40 32 3 35 10 2 24 8 42 27 17 59 28 60 44 53 63 14 26 13 62 31 37 47 20 36 39 1 67 72 73 29 46 7 69 57 11 6 45 23 54 33 68 41 55 56 38 21 49 48 12 4 22 61 19 70 65 16 5 9 34 58 18 52 66 15 
61 22 12 52 21 49 18 56 38 58 34 9 48 4 5 16 65 26 13 63 14 62 31 37 47 20 36 39 74 1 30 25 43 69 46 7 15 28 60 44 53 59 17 3 35 33 54 68 55 41 10 24 8 2 23 32 27 40 0 42 45 64 50 51 11 6 71 57 67 29 72 73 66 19 70 
3 23 35 17 59 60 39 44 53 14 47 36 74 67 1 30 15 25 43 57 69 7 46 29 73 72 37 31 62 13 26 63 22 61 19 9 48 34 38 21 49 54 33 68 55 56 18 58 52 4 12 5 16 65 70 20 66 28 27 64 50 51 11 40 0 71 42 6 8 24 2 10 41 45 32 
10 2 24 8 41 54 33 68 55 56 18 58 38 21 49 34 48 4 12 9 19 61 22 52 5 16 65 70 13 26 62 14 63 20 31 37 47 36 72 73 29 74 67 1 60 28 53 44 39 30 15 27 40 50 51 11 0 71 6 42 32 45 23 35 3 17 59 66 64 25 43 57 69 46 7 
74 1 30 25 43 57 69 7 46 29 72 73 37 31 20 47 36 39 44 53 60 28 59 17 27 64 50 51 11 71 0 40 32 23 45 2 10 41 33 68 55 56 18 38 21 49 5 22 61 19 52 12 9 34 58 48 4 16 65 70 26 13 62 14 63 66 3 35 54 24 8 42 6 67 15 
68 54 55 58 38 21 49 48 34 9 12 4 22 61 63 14 19 52 66 17 59 28 60 53 44 20 47 37 31 62 26 13 70 65 16 5 35 3 23 2 45 32 40 27 64 50 51 71 0 11 57 69 43 25 30 1 74 67 46 7 73 72 29 36 39 15 6 24 8 42 10 41 56 18 33 
5 12 9 4 52 21 49 48 34 58 38 56 18 55 68 33 41 10 2 23 35 3 54 45 32 27 15 30 1 74 67 46 7 69 57 43 25 64 50 51 71 11 6 24 8 42 40 0 59 17 28 60 53 63 44 39 36 73 29 72 47 37 31 20 14 26 62 13 70 22 19 61 16 65 66 
27 64 50 51 11 46 69 43 25 57 7 29 73 72 36 53 63 14 26 13 62 31 37 47 20 44 39 67 74 1 30 15 45 23 35 33 68 55 54 56 18 58 34 38 21 49 48 12 52 9 5 4 19 22 61 65 16 70 66 60 28 59 17 3 2 10 41 24 8 42 0 40 71 6 32 
14 63 53 44 39 28 60 59 3 35 54 68 55 38 48 34 58 56 18 21 49 52 4 19 61 22 12 9 5 65 16 70 13 26 62 31 37 47 36 67 74 1 30 15 64 50 51 71 0 43 25 27 40 32 17 45 2 10 23 33 41 24 8 42 6 11 57 69 7 46 29 73 72 20 66 
67 74 1 30 15 17 59 28 60 37 31 62 13 26 63 14 70 65 16 58 38 21 49 48 4 12 5 22 61 19 52 9 34 18 56 33 54 68 55 41 10 2 24 8 45 23 35 3 66 53 44 39 20 36 47 72 73 29 46 7 69 43 25 50 51 0 40 32 27 64 57 11 71 6 42 
25 43 57 69 7 46 1 30 15 27 50 51 71 0 42 40 45 32 17 59 28 67 74 73 29 72 36 20 14 63 4 12 52 48 21 49 38 58 34 9 56 18 55 68 33 54 23 35 3 66 60 53 44 39 47 37 31 62 26 13 70 65 16 5 22 19 61 41 10 2 24 8 6 11 64 
0 11 71 51 50 64 27 40 43 57 69 7 46 67 74 1 30 15 28 59 60 44 53 63 61 22 4 5 12 9 48 21 49 52 34 58 38 18 56 33 68 55 41 10 2 23 45 8 24 42 32 17 3 35 54 66 19 16 65 70 13 26 14 62 20 47 37 31 73 72 29 39 36 25 6 
1 67 74 30 39 28 59 17 3 35 23 55 33 68 41 54 49 21 38 34 58 56 18 48 12 4 52 9 61 19 22 5 65 16 70 13 26 63 14 62 31 37 47 20 36 73 72 29 7 46 69 57 43 25 64 71 51 50 11 6 24 8 42 0 40 27 32 45 2 10 60 44 53 66 15 
15 17 59 28 60 39 44 53 63 14 26 13 22 5 12 4 19 61 65 16 70 62 31 37 20 36 47 72 73 29 67 74 1 25 43 30 27 40 64 51 50 11 71 0 42 24 8 32 45 23 35 33 54 68 55 38 58 56 18 34 9 48 52 21 49 66 3 2 10 41 6 57 69 7 46 
66 3 35 23 2 10 41 68 33 54 55 56 18 9 34 48 38 58 19 22 61 26 14 62 31 37 47 36 20 44 53 60 28 59 17 32 40 0 51 50 64 27 15 30 1 74 67 29 73 72 57 69 46 7 25 43 11 71 6 42 45 24 8 21 49 52 12 4 5 16 65 70 13 63 39 
40 27 64 50 51 11 71 0 42 8 24 2 10 23 35 3 41 56 18 58 38 21 49 48 9 4 12 19 61 22 63 14 62 13 26 70 65 16 5 52 34 55 68 54 33 32 45 17 59 28 15 30 43 25 69 7 46 74 67 1 39 44 53 60 66 20 36 47 37 31 73 72 29 57 6 
4 12 5 48 38 21 49 52 34 9 58 56 18 55 54 68 33 35 3 59 28 60 44 20 47 37 31 62 13 26 14 53 63 29 73 72 36 39 74 46 7 69 57 43 25 67 1 30 15 27 71 0 42 40 32 45 23 2 10 41 24 8 6 11 51 50 64 17 66 19 22 61 70 65 16 
28 60 39 44 53 20 37 47 36 67 74 30 15 17 59 66 19 4 12 52 9 34 38 58 56 18 55 68 33 54 35 3 23 45 32 27 40 0 71 51 50 57 43 25 64 1 26 13 62 31 14 63 61 22 5 16 65 70 72 73 29 46 7 69 11 6 42 24 8 2 10 41 48 21 49 
36 20 47 37 31 62 14 63 44 53 28 60 15 30 1 46 7 69 25 43 57 51 11 50 64 27 40 0 45 23 35 3 32 17 59 66 4 19 22 61 13 26 70 65 16 49 21 38 48 52 12 5 9 34 58 56 18 55 68 33 54 41 10 2 24 8 42 71 6 39 67 74 72 73 29 
8 24 10 2 23 3 35 68 33 54 55 56 18 58 38 34 48 9 12 4 22 61 63 14 26 62 13 70 65 16 5 52 49 21 19 66 59 17 32 28 60 39 53 44 20 36 47 37 31 72 73 29 74 67 1 30 15 25 57 69 43 46 7 27 0 71 11 51 50 64 40 42 6 45 41 
39 44 20 37 31 62 13 70 16 65 22 61 19 4 52 12 5 9 48 21 38 58 34 49 66 28 60 30 1 74 67 25 43 69 46 7 57 64 27 40 0 71 50 51 11 6 42 8 24 3 35 33 54 68 55 18 56 41 10 2 23 45 32 17 59 15 14 63 26 47 36 72 29 73 53 
63 14 62 13 26 70 65 16 4 12 9 48 34 58 49 21 38 56 18 55 68 33 41 54 10 2 24 8 42 0 71 51 50 64 27 15 32 40 45 23 35 3 17 59 60 28 39 44 20 36 74 67 30 1 46 7 69 43 25 57 11 6 29 72 73 47 37 31 53 19 22 61 5 52 66 
17 15 27 64 50 51 11 40 42 0 71 6 8 24 2 10 41 3 35 54 68 33 32 45 23 18 56 55 49 21 48 38 58 34 9 52 12 4 22 61 26 14 63 53 44 60 28 59 66 19 5 16 65 70 62 13 37 31 47 36 74 67 72 73 29 7 46 43 57 69 25 30 1 39 20 
34 38 48 52 19 22 61 63 14 60 28 39 74 67 1 30 15 64 43 25 57 69 46 7 50 51 11 6 0 40 27 32 45 35 3 17 59 66 53 44 20 37 47 36 72 29 73 31 62 13 26 70 16 65 12 4 5 9 58 21 49 54 68 33 23 41 10 2 24 8 42 71 55 56 18 
34 38 48 52 19 22 61 63 14 60 28 39 74 67 1 30 15 64 43 25 57 69 46 7 50 51 11 6 0 40 27 32 45 35 3 17 59 66 53 44 20 37 47 36 72 29 73 31 62 13 26 70 16 65 12 4 5 9 58 21 49 54 68 33 23 41 10 2 24 8 42 71 55 56 18 
21 49 52 22 19 4 5 65 16 61 63 14 20 31 37 47 72 73 29 74 67 30 1 53 44 60 28 59 17 45 32 27 64 50 57 69 46 7 43 25 15 39 36 62 26 13 70 12 9 34 48 38 58 56 18 55 68 54 33 41 10 2 23 24 8 42 0 40 51 71 11 6 3 35 66 
0 71 40 27 64 25 43 69 57 51 11 50 32 45 23 2 33 68 41 10 24 8 42 35 66 49 21 52 48 12 4 5 9 34 38 58 56 18 55 54 17 59 28 60 44 53 30 1 74 67 46 7 29 72 73 36 47 37 20 31 62 13 26 70 65 16 61 22 19 63 14 39 15 3 6 
64 50 51 71 0 42 40 27 15 59 17 32 45 24 8 6 11 57 43 25 74 67 39 1 30 28 60 44 53 63 14 13 26 62 70 65 16 22 12 4 19 61 5 9 34 48 38 58 18 56 55 54 33 68 23 2 10 41 3 35 21 49 52 66 47 20 36 37 31 73 72 29 7 46 69 
6 11 51 50 71 0 40 27 64 15 30 25 43 57 69 46 7 29 72 47 20 37 31 62 26 13 14 63 19 4 52 48 34 9 12 5 22 61 70 16 65 38 58 56 18 55 68 33 54 49 21 41 10 2 23 45 24 8 42 32 17 59 3 35 66 44 53 28 60 1 67 74 39 36 73 
72 73 29 36 37 47 20 62 13 26 31 14 63 53 44 39 74 67 1 30 46 7 69 43 57 25 64 50 51 11 0 71 27 40 32 45 17 59 28 60 66 3 35 23 10 2 33 68 55 56 18 58 34 38 48 4 19 22 61 70 65 16 5 12 9 52 49 21 54 41 42 8 24 6 15 
32 66 59 17 3 23 35 54 68 55 41 33 10 2 24 8 42 0 40 51 50 64 27 15 30 1 67 74 36 20 47 37 14 63 62 13 26 70 19 22 52 48 49 21 38 34 56 18 58 9 12 5 65 16 4 61 53 44 60 28 39 31 73 72 29 46 69 43 25 7 57 11 71 6 45 
64 50 51 71 0 40 27 32 17 59 3 35 10 2 23 41 33 68 55 54 48 38 58 34 9 12 4 5 65 16 70 13 26 62 31 37 47 36 39 25 30 1 74 67 46 7 69 57 43 15 28 60 53 44 63 14 20 73 72 29 66 19 61 22 52 21 49 56 18 45 42 24 8 6 11 
37 47 31 62 13 26 70 65 16 5 4 19 22 61 63 14 53 44 60 39 15 59 17 3 35 23 45 30 1 74 67 46 7 69 43 25 64 27 28 66 49 21 48 38 58 34 9 12 52 56 18 55 68 54 33 41 10 2 24 8 42 0 71 51 50 11 32 40 6 57 73 72 29 36 20 
11 71 0 42 8 24 2 68 54 33 23 45 32 40 27 15 30 1 74 67 7 46 69 25 43 50 64 51 57 29 73 72 36 20 44 53 63 14 26 13 62 31 37 47 39 60 28 66 59 17 3 35 49 21 52 9 38 58 48 12 4 19 5 22 61 70 65 16 34 18 56 55 41 10 6 
45 32 27 64 57 25 43 7 46 69 15 17 59 66 49 21 38 58 34 48 9 12 4 19 22 61 63 14 26 62 37 47 36 30 1 74 67 72 73 29 39 60 53 44 31 20 13 70 65 16 5 52 18 56 55 68 33 54 41 10 2 24 8 40 0 6 71 51 50 11 42 23 35 3 28 
26 13 70 61 19 22 5 12 52 4 48 38 58 56 18 68 54 55 3 59 17 28 60 53 44 39 30 1 74 67 46 7 69 57 43 25 42 0 40 27 32 45 35 23 21 49 66 15 64 50 51 11 71 6 8 24 2 10 33 41 34 9 16 65 62 31 14 63 37 47 73 72 29 36 20 
26 13 70 61 19 22 5 12 52 4 48 38 58 56 18 68 54 55 3 59 17 28 60 53 44 39 30 1 74 67 46 7 69 57 43 25 42 0 40 27 32 45 35 23 21 49 66 15 64 50 51 11 71 6 8 24 2 10 33 41 34 9 16 65 62 31 14 63 37 47 73 72 29 36 20 
23 2 10 41 68 55 56 18 58 38 48 9 34 49 21 54 33 24 8 42 0 51 50 64 27 40 32 45 3 35 66 19 22 61 65 16 5 12 4 52 53 26 62 13 70 63 14 20 31 37 47 36 72 73 29 7 46 69 57 43 25 67 74 1 30 15 59 17 28 39 44 60 6 11 71 
44 53 20 36 47 37 31 62 13 26 14 63 61 22 4 19 52 48 21 49 56 18 58 38 34 9 12 5 16 65 70 28 59 17 15 64 50 51 11 6 71 0 42 40 27 25 43 57 69 46 7 67 1 74 72 73 29 32 3 35 54 33 68 41 10 2 8 24 45 23 55 66 60 30 39 
74 67 1 30 15 28 59 17 32 45 2 10 41 54 55 68 33 23 3 35 40 27 64 50 51 71 0 42 66 4 12 52 49 21 38 34 48 58 18 56 9 5 16 65 70 22 19 61 63 14 26 13 62 31 37 47 20 36 72 73 29 7 46 69 57 43 25 11 6 8 24 60 44 53 39 
27 64 50 51 11 71 0 40 32 45 23 35 3 59 17 15 1 30 25 43 57 69 7 46 67 74 39 44 53 66 28 60 47 37 20 36 72 73 29 65 16 70 13 26 62 31 14 63 61 22 19 4 12 5 9 34 38 58 55 68 33 54 21 49 52 48 56 18 41 10 2 24 8 42 6 
45 32 40 27 15 30 1 74 67 39 60 28 17 59 48 34 38 58 9 21 49 52 22 4 5 12 19 61 16 65 70 13 62 26 63 14 53 44 36 47 37 31 20 72 73 29 7 46 69 25 43 50 51 11 57 64 71 0 42 6 8 24 2 10 23 3 35 33 68 55 56 18 54 41 66 
40 0 71 11 51 50 64 15 30 1 74 67 46 7 69 43 25 27 66 35 3 59 17 32 45 2 10 41 33 68 55 56 18 38 58 34 48 12 4 19 61 22 5 16 65 70 14 62 13 26 63 20 37 47 36 29 72 73 44 53 60 28 39 31 52 9 49 21 54 23 24 8 42 6 57 
17 59 28 60 44 53 63 14 13 26 62 37 47 39 36 74 67 1 30 25 43 69 7 46 57 51 50 64 40 42 0 71 11 6 8 24 2 23 35 3 10 41 33 68 54 55 56 18 58 38 21 49 48 34 9 52 4 12 5 16 65 70 22 61 19 66 15 27 32 45 72 73 29 20 31 
42 0 50 64 27 32 15 30 1 74 67 7 46 69 43 25 36 53 44 60 28 59 17 3 35 23 45 40 71 11 51 57 29 72 73 20 47 37 31 62 26 13 70 65 16 5 4 12 9 34 48 38 58 18 56 21 49 52 66 19 22 61 63 14 39 33 68 55 54 41 10 2 24 8 6 
57 43 25 64 50 51 71 0 42 45 1 30 15 17 3 35 23 2 10 24 8 40 27 32 59 28 66 19 22 61 26 13 62 31 14 63 53 44 60 39 74 67 46 7 69 29 72 73 47 36 20 37 70 65 16 5 12 4 52 48 9 34 58 38 49 21 18 56 55 68 54 33 41 6 11 
64 43 25 50 51 11 71 0 40 45 23 41 33 54 68 55 56 18 38 58 34 48 21 49 52 9 4 12 5 16 65 70 20 37 47 72 73 67 36 31 62 13 26 14 63 61 22 19 66 53 28 60 39 44 29 74 1 30 15 17 59 32 3 35 2 10 8 24 42 6 27 46 7 69 57 
1 67 74 30 39 28 59 17 3 35 23 55 33 68 41 54 49 21 38 34 58 56 18 48 12 4 52 9 61 19 22 5 65 16 70 13 26 63 14 62 31 37 47 20 36 73 72 29 7 46 69 57 43 25 64 71 51 50 11 6 24 8 42 0 40 27 32 45 2 10 60 44 53 66 15 
15 17 27 64 50 51 11 57 43 25 67 74 1 30 39 44 53 60 28 59 32 45 23 2 10 41 68 55 21 49 52 9 48 38 58 34 18 56 54 33 35 3 66 63 26 14 31 62 13 61 22 19 4 12 5 65 16 70 37 36 47 20 72 73 29 7 46 69 40 0 71 6 8 24 42 
28 60 44 53 39 30 1 46 7 69 43 25 15 32 45 17 59 67 74 29 72 73 37 47 36 20 31 62 26 13 70 65 61 22 19 4 12 52 48 21 49 66 35 23 3 24 8 27 40 0 71 51 64 50 57 11 6 42 2 10 41 33 68 55 54 38 58 18 56 34 9 5 16 63 14 
23 33 68 41 54 56 18 58 34 22 61 63 14 26 13 70 65 16 5 19 4 12 52 48 9 21 55 35 3 17 59 28 60 39 44 53 20 47 37 31 62 72 67 74 1 30 15 25 43 69 57 64 27 40 0 42 32 45 2 10 24 8 6 71 11 51 50 7 46 29 73 36 66 49 38 
8 24 10 2 23 3 35 68 33 54 55 56 18 58 38 34 48 9 12 4 22 61 63 14 26 62 13 70 65 16 5 52 49 21 19 66 59 17 32 28 60 39 53 44 20 36 47 37 31 72 73 29 74 67 1 30 15 25 57 69 43 46 7 27 0 71 11 51 50 64 40 42 6 45 41 
19 61 70 13 14 63 26 37 47 36 20 39 74 67 1 30 43 25 27 64 50 51 11 71 0 42 8 24 2 23 10 41 68 33 54 55 56 38 58 18 34 9 48 21 49 66 59 17 3 35 32 45 15 40 6 57 69 7 46 72 29 73 31 62 53 44 60 28 4 12 52 22 5 16 65 
28 59 17 3 35 23 2 10 41 33 68 54 55 56 18 58 34 38 9 12 4 5 16 70 13 26 14 63 20 37 53 39 44 60 15 27 40 0 71 11 51 50 64 43 25 57 69 7 46 67 74 1 30 36 47 72 73 29 31 62 65 22 19 61 21 49 52 48 66 32 45 8 24 42 6 
7 46 69 43 25 64 50 51 71 0 40 42 8 24 45 2 10 41 33 68 54 55 56 18 58 34 9 48 38 21 49 19 4 5 22 61 65 16 70 26 13 62 31 37 47 36 72 73 29 74 67 1 30 15 28 59 17 32 27 66 44 63 14 20 39 60 53 52 12 35 3 23 6 11 57 
50 51 71 27 15 32 45 24 8 42 0 40 64 25 43 67 74 1 30 39 44 53 38 58 56 18 55 68 33 41 10 2 23 35 54 52 4 12 9 48 34 49 21 3 17 59 28 60 63 14 26 13 62 70 65 16 5 22 19 61 66 36 47 37 31 20 72 73 29 7 46 69 57 11 6 
24 8 2 10 41 33 68 54 49 21 48 9 34 58 38 56 18 55 23 45 32 40 27 64 50 51 71 0 42 28 59 3 35 17 15 30 1 74 67 29 73 72 36 39 20 47 37 31 62 14 26 13 70 65 16 22 4 12 5 61 19 52 66 60 44 53 63 25 43 57 69 46 7 11 6 
71 11 51 50 64 40 27 32 45 2 10 68 33 35 23 3 17 59 28 60 44 53 61 22 5 4 12 52 49 21 38 58 48 9 34 18 56 55 41 54 66 15 30 1 67 74 39 36 47 37 20 14 63 26 13 70 65 16 19 62 31 73 72 29 46 7 69 57 43 25 0 42 8 24 6 
14 63 61 22 19 52 48 49 21 53 44 20 37 47 36 72 73 29 67 74 1 30 60 28 59 17 32 23 35 3 68 54 33 55 56 18 58 38 34 9 12 4 5 65 16 70 13 26 62 31 69 46 7 57 43 25 64 27 40 0 71 11 51 50 6 42 8 24 2 10 41 45 15 39 66 
64 50 51 71 0 42 40 27 15 59 17 32 45 24 8 6 11 57 43 25 74 67 39 1 30 28 60 44 53 63 14 13 26 62 70 65 16 22 12 4 19 61 5 9 34 48 38 58 18 56 55 54 33 68 23 2 10 41 3 35 21 49 52 66 47 20 36 37 31 73 72 29 7 46 69 
26 62 13 14 63 19 61 22 4 12 9 48 34 21 49 66 59 28 60 44 53 39 74 67 1 30 15 50 51 11 6 71 0 40 32 17 3 35 23 45 2 10 24 8 42 69 46 7 57 25 43 64 27 41 33 68 55 54 56 18 58 38 52 5 16 65 70 31 47 36 73 72 29 20 37 
53 14 63 26 13 70 65 16 22 61 19 4 12 5 9 34 58 48 52 49 21 38 56 18 55 68 54 33 41 10 2 45 24 8 42 0 32 17 59 28 60 44 39 74 67 1 30 15 57 69 46 7 25 43 50 51 64 27 40 71 11 6 23 35 3 66 20 37 47 36 73 72 29 31 62 
72 73 29 36 37 47 20 62 13 26 31 14 63 53 44 39 74 67 1 30 46 7 69 43 57 25 64 50 51 11 0 71 27 40 32 45 17 59 28 60 66 3 35 23 10 2 33 68 55 56 18 58 34 38 48 4 19 22 61 70 65 16 5 12 9 52 49 21 54 41 42 8 24 6 15 
17 59 3 35 23 45 24 8 42 0 40 27 64 43 25 6 71 11 51 50 57 69 46 7 67 74 1 30 15 28 60 44 20 37 47 36 39 53 63 62 13 70 26 14 31 72 73 29 65 16 5 12 4 48 9 34 58 38 56 18 55 68 54 33 10 2 41 49 21 52 22 61 19 66 32 
65 16 5 61 70 13 62 26 63 14 53 44 60 28 59 17 32 45 10 2 24 8 42 27 40 64 50 51 11 71 6 0 25 43 57 69 7 46 67 74 36 47 37 31 20 72 73 29 30 1 39 15 54 33 68 18 58 38 48 21 49 52 12 4 22 19 66 3 35 23 41 55 56 34 9 
57 43 25 69 46 7 29 72 73 47 31 37 36 39 1 30 64 50 51 71 8 24 42 45 2 10 41 68 33 54 55 56 18 58 38 21 48 52 4 5 12 9 34 49 66 35 23 3 59 28 60 44 53 14 63 22 19 61 13 26 70 65 16 62 20 74 67 15 17 32 27 40 0 11 6 
72 73 47 37 31 20 44 53 60 28 66 63 26 13 62 61 22 4 12 5 9 48 21 49 54 35 3 17 59 71 51 50 64 27 40 0 42 8 24 2 10 41 33 68 55 56 18 58 38 34 52 19 65 16 70 14 36 39 74 1 30 15 32 45 23 6 11 57 43 69 7 46 67 25 29 
24 8 42 40 0 71 11 50 51 64 27 15 60 28 59 17 3 35 32 45 2 10 68 55 56 18 58 38 34 9 48 21 49 52 4 12 5 22 61 63 26 13 14 62 31 47 20 37 72 73 29 1 30 25 43 69 57 46 7 67 74 36 39 44 53 66 19 70 65 16 41 33 54 23 6 
48 38 21 49 52 12 5 22 61 53 44 60 28 59 17 3 35 23 2 10 33 54 68 55 56 18 58 34 9 4 19 70 13 26 62 31 47 37 20 36 39 74 67 7 46 69 57 43 25 64 50 51 0 42 6 71 11 40 27 32 45 24 8 41 66 15 30 1 72 73 29 63 14 65 16 
36 13 26 62 31 37 47 20 14 63 61 19 22 4 12 9 48 52 49 21 38 34 58 18 56 55 68 54 33 23 2 10 41 24 8 45 17 30 1 67 74 73 72 29 7 46 69 57 43 25 27 64 50 51 0 71 11 6 42 32 40 35 3 59 15 28 60 44 53 39 66 5 16 65 70 
6 25 43 57 69 46 7 74 67 1 30 39 28 60 15 59 17 3 66 63 14 62 26 13 70 65 16 5 22 61 19 4 12 9 52 21 49 48 34 58 38 56 18 55 68 33 54 35 23 2 10 41 24 8 42 40 0 71 11 51 50 64 27 32 45 44 53 20 47 37 31 36 29 72 73 
20 47 37 31 14 62 26 13 70 65 16 4 12 5 9 18 56 55 68 33 54 35 3 23 2 10 41 34 58 38 49 21 48 52 19 22 61 63 59 17 32 45 40 0 27 64 25 43 7 67 74 1 30 15 28 60 53 44 39 36 72 29 73 46 69 57 50 51 71 11 6 24 8 42 66 
22 61 19 52 49 21 48 38 58 18 56 34 9 4 12 5 16 65 70 13 62 14 63 26 31 37 47 36 39 1 67 74 46 7 69 57 43 25 51 11 50 64 27 40 0 71 6 42 8 24 10 2 3 17 59 28 60 44 53 72 73 29 30 32 45 23 35 33 54 55 68 41 66 15 20 
20 47 37 31 7 46 43 25 1 30 15 27 64 0 71 6 11 51 50 57 69 29 73 72 36 39 74 67 40 32 45 54 33 68 55 21 38 58 34 9 12 4 19 61 22 5 65 16 70 13 26 14 63 53 44 60 28 59 17 3 35 23 2 24 8 42 10 41 56 18 48 52 49 66 62 
69 7 46 30 15 59 17 28 60 39 44 53 63 26 13 62 14 20 37 31 47 36 1 72 73 29 74 67 43 25 64 27 40 42 8 24 10 2 33 54 68 41 56 18 58 38 55 21 49 48 9 4 12 5 22 61 65 16 70 19 52 34 66 3 23 35 45 32 0 71 51 11 6 57 50 
48 38 58 18 56 55 68 54 33 41 52 61 22 19 66 3 17 32 45 71 51 11 57 43 25 50 64 27 40 0 42 6 24 8 2 10 23 35 59 28 60 44 53 63 14 31 47 37 36 20 39 74 67 1 30 15 69 46 7 29 73 72 26 13 62 70 16 65 5 12 4 9 34 21 49 
66 3 35 23 2 10 41 68 33 54 55 56 18 9 34 48 38 58 19 22 61 26 14 62 31 37 47 36 20 44 53 60 28 59 17 32 40 0 51 50 64 27 15 30 1 74 67 29 73 72 57 69 46 7 25 43 11 71 6 42 45 24 8 21 49 52 12 4 5 16 65 70 13 63 39 
34 58 38 56 18 55 68 54 33 23 3 17 59 28 60 37 47 36 20 62 26 13 63 14 31 44 53 39 74 67 46 7 69 43 25 50 51 11 57 64 27 40 32 45 35 2 10 41 24 8 42 0 71 6 15 30 1 29 72 73 70 16 65 22 61 19 4 12 52 48 21 49 66 5 9 
3 23 35 17 59 60 39 44 53 14 47 36 74 67 1 30 15 25 43 57 69 7 46 29 73 72 37 31 62 13 26 63 22 61 19 9 48 34 38 21 49 54 33 68 55 56 18 58 52 4 12 5 16 65 70 20 66 28 27 64 50 51 11 40 0 71 42 6 8 24 2 10 41 45 32 
32 45 24 8 42 0 40 27 50 51 64 43 25 15 67 1 30 60 28 59 17 35 23 2 10 41 33 54 68 55 56 18 38 48 9 34 58 21 49 66 3 53 44 36 74 39 20 37 47 62 26 13 61 22 12 4 19 52 5 16 65 70 63 14 31 73 72 29 7 46 69 57 11 71 6 
