11 6 8 24 10 2 33 23 3 17 32 27 0 25 30 1 7 29 20 31 14 13 26 22 19 4 12 5 9 34 18 21 16 28 15 
11 6 8 24 10 2 33 23 3 17 32 27 0 25 30 1 7 29 20 31 14 13 26 22 19 4 12 5 9 34 18 21 16 28 15 
11 6 8 24 10 2 33 23 3 17 32 27 0 25 30 1 7 29 20 31 14 13 26 22 19 4 12 5 9 34 18 21 16 28 15 
11 6 8 24 10 2 33 23 3 17 32 27 0 25 30 1 7 29 20 31 14 13 26 22 19 4 12 5 9 34 18 21 16 28 15 
11 6 8 24 10 2 33 23 3 17 32 27 0 25 30 1 7 29 20 31 14 13 26 22 19 4 12 5 9 34 18 21 16 28 15 
27 0 25 1 30 15 17 3 32 23 2 10 33 18 21 34 9 12 4 5 22 19 16 13 26 14 20 31 29 7 28 24 8 6 11 
27 0 25 1 30 15 17 3 32 23 2 10 33 18 21 34 9 12 4 5 22 19 16 13 26 14 20 31 29 7 28 24 8 6 11 
27 0 25 1 30 15 17 3 32 23 2 10 33 18 21 34 9 12 4 5 22 19 16 13 26 14 20 31 29 7 28 24 8 6 11 
6 0 27 15 1 30 25 32 33 23 2 10 8 24 3 17 28 20 14 26 13 19 4 12 9 34 18 21 22 5 16 31 29 7 11 
4 12 5 22 19 9 34 21 18 33 17 3 23 2 10 8 24 6 11 0 32 27 30 1 25 7 29 20 14 26 13 31 15 28 16 
4 12 5 22 19 9 34 21 18 33 17 3 23 2 10 8 24 6 11 0 32 27 30 1 25 7 29 20 14 26 13 31 15 28 16 
26 13 14 20 31 30 15 27 25 1 28 17 3 23 33 2 10 24 8 32 0 6 11 7 29 19 4 12 9 34 18 21 5 22 16 
26 13 14 20 31 30 15 27 25 1 28 17 3 23 33 2 10 24 8 32 0 6 11 7 29 19 4 12 9 34 18 21 5 22 16 
26 13 14 20 31 30 15 27 25 1 28 17 3 23 33 2 10 24 8 32 0 6 11 7 29 19 4 12 9 34 18 21 5 22 16 
26 13 14 20 31 30 15 27 25 1 28 17 3 23 33 2 10 24 8 32 0 6 11 7 29 19 4 12 9 34 18 21 5 22 16 
22 19 4 12 5 34 9 18 33 21 10 2 23 3 17 15 28 1 30 25 27 0 32 8 24 6 11 7 29 20 31 14 26 13 16 
11 6 0 27 32 15 30 25 1 28 17 3 23 2 10 24 8 33 21 9 34 18 19 4 12 5 22 16 13 26 14 31 20 7 29 
11 6 0 27 32 15 30 25 1 28 17 3 23 2 10 24 8 33 21 9 34 18 19 4 12 5 22 16 13 26 14 31 20 7 29 
28 15 25 27 17 23 2 10 24 8 0 32 3 33 34 18 21 9 12 4 19 22 5 16 13 26 14 31 20 29 7 1 30 11 6 
28 15 25 27 17 23 2 10 24 8 0 32 3 33 34 18 21 9 12 4 19 22 5 16 13 26 14 31 20 29 7 1 30 11 6 
28 15 25 27 17 23 2 10 24 8 0 32 3 33 34 18 21 9 12 4 19 22 5 16 13 26 14 31 20 29 7 1 30 11 6 
28 15 25 27 17 23 2 10 24 8 0 32 3 33 34 18 21 9 12 4 19 22 5 16 13 26 14 31 20 29 7 1 30 11 6 
32 17 28 30 1 7 29 20 31 14 26 13 16 5 4 22 19 9 12 34 21 18 33 10 2 8 24 0 11 27 25 15 3 23 6 
25 28 17 3 27 32 0 11 6 24 8 10 2 23 33 18 21 34 9 4 19 22 5 12 16 13 26 14 31 20 29 7 1 30 15 
28 15 27 32 17 3 23 33 10 2 8 24 0 6 11 25 30 1 7 29 20 31 14 26 13 22 19 4 12 5 9 34 21 18 16 
28 15 27 32 17 3 23 33 10 2 8 24 0 6 11 25 30 1 7 29 20 31 14 26 13 22 19 4 12 5 9 34 21 18 16 
28 15 27 32 17 3 23 33 10 2 8 24 0 6 11 25 30 1 7 29 20 31 14 26 13 22 19 4 12 5 9 34 21 18 16 
28 15 27 32 17 3 23 33 10 2 8 24 0 6 11 25 30 1 7 29 20 31 14 26 13 22 19 4 12 5 9 34 21 18 16 
28 15 27 32 17 3 23 33 10 2 8 24 0 6 11 25 30 1 7 29 20 31 14 26 13 22 19 4 12 5 9 34 21 18 16 
28 15 27 32 17 3 23 33 10 2 8 24 0 6 11 25 30 1 7 29 20 31 14 26 13 22 19 4 12 5 9 34 21 18 16 
28 15 27 32 17 3 23 33 10 2 8 24 0 6 11 25 30 1 7 29 20 31 14 26 13 22 19 4 12 5 9 34 21 18 16 
33 23 2 10 32 17 3 30 1 25 27 15 28 8 24 0 6 11 7 29 31 20 14 26 13 22 19 4 12 5 16 9 34 21 18 
33 23 2 10 32 17 3 30 1 25 27 15 28 8 24 0 6 11 7 29 31 20 14 26 13 22 19 4 12 5 16 9 34 21 18 
33 23 2 10 32 17 3 30 1 25 27 15 28 8 24 0 6 11 7 29 31 20 14 26 13 22 19 4 12 5 16 9 34 21 18 
33 23 2 10 32 17 3 30 1 25 27 15 28 8 24 0 6 11 7 29 31 20 14 26 13 22 19 4 12 5 16 9 34 21 18 
33 23 2 10 32 17 3 30 1 25 27 15 28 8 24 0 6 11 7 29 31 20 14 26 13 22 19 4 12 5 16 9 34 21 18 
13 26 14 31 20 29 7 1 30 25 15 17 3 28 32 0 27 11 6 24 8 2 10 23 33 18 21 9 4 12 5 22 19 34 16 
13 26 14 31 20 29 7 1 30 25 15 17 3 28 32 0 27 11 6 24 8 2 10 23 33 18 21 9 4 12 5 22 19 34 16 
13 26 14 31 20 29 7 1 30 25 15 17 3 28 32 0 27 11 6 24 8 2 10 23 33 18 21 9 4 12 5 22 19 34 16 
13 26 14 31 20 29 7 1 30 25 15 17 3 28 32 0 27 11 6 24 8 2 10 23 33 18 21 9 4 12 5 22 19 34 16 
13 26 14 31 20 29 7 1 30 25 15 17 3 28 32 0 27 11 6 24 8 2 10 23 33 18 21 9 4 12 5 22 19 34 16 
13 26 14 31 20 29 7 1 30 25 15 17 3 28 32 0 27 11 6 24 8 2 10 23 33 18 21 9 4 12 5 22 19 34 16 
13 26 14 31 20 29 7 1 30 25 15 17 3 28 32 0 27 11 6 24 8 2 10 23 33 18 21 9 4 12 5 22 19 34 16 
23 3 17 15 1 30 25 27 32 8 24 10 2 33 21 18 34 9 12 4 19 22 5 16 26 13 14 31 28 20 29 7 0 6 11 
23 3 17 15 1 30 25 27 32 8 24 10 2 33 21 18 34 9 12 4 19 22 5 16 26 13 14 31 28 20 29 7 0 6 11 
23 3 17 15 1 30 25 27 32 8 24 10 2 33 21 18 34 9 12 4 19 22 5 16 26 13 14 31 28 20 29 7 0 6 11 
23 3 17 15 1 30 25 27 32 8 24 10 2 33 21 18 34 9 12 4 19 22 5 16 26 13 14 31 28 20 29 7 0 6 11 
23 3 17 15 1 30 25 27 32 8 24 10 2 33 21 18 34 9 12 4 19 22 5 16 26 13 14 31 28 20 29 7 0 6 11 
17 3 33 23 2 10 24 8 0 11 6 27 32 18 21 34 9 12 4 19 22 5 16 26 13 14 31 20 29 7 25 15 30 1 28 
17 3 33 23 2 10 24 8 0 11 6 27 32 18 21 34 9 12 4 19 22 5 16 26 13 14 31 20 29 7 25 15 30 1 28 
17 3 33 23 2 10 24 8 0 11 6 27 32 18 21 34 9 12 4 19 22 5 16 26 13 14 31 20 29 7 25 15 30 1 28 
17 3 33 23 2 10 24 8 0 11 6 27 32 18 21 34 9 12 4 19 22 5 16 26 13 14 31 20 29 7 25 15 30 1 28 
17 3 33 23 2 10 24 8 0 11 6 27 32 18 21 34 9 12 4 19 22 5 16 26 13 14 31 20 29 7 25 15 30 1 28 
17 3 33 23 2 10 24 8 0 11 6 27 32 18 21 34 9 12 4 19 22 5 16 26 13 14 31 20 29 7 25 15 30 1 28 
21 34 9 12 4 5 19 22 16 13 26 14 20 31 29 7 1 30 27 15 28 3 17 32 25 0 11 6 8 24 2 10 23 33 18 
21 34 9 12 4 5 19 22 16 13 26 14 20 31 29 7 1 30 27 15 28 3 17 32 25 0 11 6 8 24 2 10 23 33 18 
21 34 9 12 4 5 19 22 16 13 26 14 20 31 29 7 1 30 27 15 28 3 17 32 25 0 11 6 8 24 2 10 23 33 18 
21 34 9 12 4 5 19 22 16 13 26 14 20 31 29 7 1 30 27 15 28 3 17 32 25 0 11 6 8 24 2 10 23 33 18 
21 34 9 12 4 5 19 22 16 13 26 14 20 31 29 7 1 30 27 15 28 3 17 32 25 0 11 6 8 24 2 10 23 33 18 
21 34 9 12 4 5 19 22 16 13 26 14 20 31 29 7 1 30 27 15 28 3 17 32 25 0 11 6 8 24 2 10 23 33 18 
21 34 9 12 4 5 19 22 16 13 26 14 20 31 29 7 1 30 27 15 28 3 17 32 25 0 11 6 8 24 2 10 23 33 18 
21 34 9 12 4 5 19 22 16 13 26 14 20 31 29 7 1 30 27 15 28 3 17 32 25 0 11 6 8 24 2 10 23 33 18 
34 4 12 9 19 22 5 16 13 26 14 20 31 29 7 1 30 15 28 17 32 8 24 2 33 10 23 3 27 25 0 6 11 21 18 
34 4 12 9 19 22 5 16 13 26 14 20 31 29 7 1 30 15 28 17 32 8 24 2 33 10 23 3 27 25 0 6 11 21 18 
34 4 12 9 19 22 5 16 13 26 14 20 31 29 7 1 30 15 28 17 32 8 24 2 33 10 23 3 27 25 0 6 11 21 18 
34 4 12 9 19 22 5 16 13 26 14 20 31 29 7 1 30 15 28 17 32 8 24 2 33 10 23 3 27 25 0 6 11 21 18 
34 4 12 9 19 22 5 16 13 26 14 20 31 29 7 1 30 15 28 17 32 8 24 2 33 10 23 3 27 25 0 6 11 21 18 
21 34 9 12 4 19 22 5 16 13 26 14 31 20 1 30 15 27 32 23 3 17 28 25 7 29 11 0 6 8 24 2 10 33 18 
21 34 9 12 4 19 22 5 16 13 26 14 31 20 1 30 15 27 32 23 3 17 28 25 7 29 11 0 6 8 24 2 10 33 18 
21 34 9 12 4 19 22 5 16 13 26 14 31 20 1 30 15 27 32 23 3 17 28 25 7 29 11 0 6 8 24 2 10 33 18 
21 34 9 12 4 19 22 5 16 13 26 14 31 20 1 30 15 27 32 23 3 17 28 25 7 29 11 0 6 8 24 2 10 33 18 
21 34 9 12 4 19 22 5 16 13 26 14 31 20 1 30 15 27 32 23 3 17 28 25 7 29 11 0 6 8 24 2 10 33 18 
21 34 9 12 4 19 22 5 16 13 26 14 31 20 1 30 15 27 32 23 3 17 28 25 7 29 11 0 6 8 24 2 10 33 18 
28 15 27 32 3 17 23 2 10 24 8 0 6 11 25 30 1 7 29 20 31 14 26 13 16 5 22 19 4 12 9 34 18 21 33 
28 15 27 32 3 17 23 2 10 24 8 0 6 11 25 30 1 7 29 20 31 14 26 13 16 5 22 19 4 12 9 34 18 21 33 
28 15 27 32 3 17 23 2 10 24 8 0 6 11 25 30 1 7 29 20 31 14 26 13 16 5 22 19 4 12 9 34 18 21 33 
28 15 27 32 3 17 23 2 10 24 8 0 6 11 25 30 1 7 29 20 31 14 26 13 16 5 22 19 4 12 9 34 18 21 33 
28 15 27 32 3 17 23 2 10 24 8 0 6 11 25 30 1 7 29 20 31 14 26 13 16 5 22 19 4 12 9 34 18 21 33 
28 15 27 32 3 17 23 2 10 24 8 0 6 11 25 30 1 7 29 20 31 14 26 13 16 5 22 19 4 12 9 34 18 21 33 
28 15 27 32 3 17 23 2 10 24 8 0 6 11 25 30 1 7 29 20 31 14 26 13 16 5 22 19 4 12 9 34 18 21 33 
4 22 19 5 12 9 34 21 18 23 33 10 2 24 8 0 27 15 30 1 25 28 17 3 32 11 6 7 29 31 20 14 26 13 16 
4 22 19 5 12 9 34 21 18 23 33 10 2 24 8 0 27 15 30 1 25 28 17 3 32 11 6 7 29 31 20 14 26 13 16 
4 22 19 5 12 9 34 21 18 23 33 10 2 24 8 0 27 15 30 1 25 28 17 3 32 11 6 7 29 31 20 14 26 13 16 
4 22 19 5 12 9 34 21 18 23 33 10 2 24 8 0 27 15 30 1 25 28 17 3 32 11 6 7 29 31 20 14 26 13 16 
4 22 19 5 12 9 34 21 18 23 33 10 2 24 8 0 27 15 30 1 25 28 17 3 32 11 6 7 29 31 20 14 26 13 16 
4 22 19 5 12 9 34 21 18 23 33 10 2 24 8 0 27 15 30 1 25 28 17 3 32 11 6 7 29 31 20 14 26 13 16 
7 30 1 25 15 27 17 32 3 23 2 10 33 8 24 0 6 11 28 19 22 4 12 9 34 21 18 5 16 13 26 14 31 20 29 
7 30 1 25 15 27 17 32 3 23 2 10 33 8 24 0 6 11 28 19 22 4 12 9 34 21 18 5 16 13 26 14 31 20 29 
7 30 1 25 15 27 17 32 3 23 2 10 33 8 24 0 6 11 28 19 22 4 12 9 34 21 18 5 16 13 26 14 31 20 29 
5 19 22 4 12 9 34 21 18 33 10 2 24 8 6 11 0 27 32 17 3 23 28 15 25 30 1 29 7 26 13 14 20 31 16 
7 30 1 25 15 27 17 32 3 23 2 10 33 8 24 0 6 11 28 19 22 4 12 9 34 21 18 5 16 13 26 14 31 20 29 
16 5 4 12 9 34 18 21 33 10 2 23 17 3 15 28 30 1 25 27 32 0 6 8 24 11 7 29 20 31 14 26 13 22 19 
16 5 4 12 9 34 18 21 33 10 2 23 17 3 15 28 30 1 25 27 32 0 6 8 24 11 7 29 20 31 14 26 13 22 19 
16 5 4 12 9 34 18 21 33 10 2 23 17 3 15 28 30 1 25 27 32 0 6 8 24 11 7 29 20 31 14 26 13 22 19 
16 5 4 12 9 34 18 21 33 10 2 23 17 3 15 28 30 1 25 27 32 0 6 8 24 11 7 29 20 31 14 26 13 22 19 
16 5 4 12 9 34 18 21 33 10 2 23 17 3 15 28 30 1 25 27 32 0 6 8 24 11 7 29 20 31 14 26 13 22 19 
16 5 4 12 9 34 18 21 33 10 2 23 17 3 15 28 30 1 25 27 32 0 6 8 24 11 7 29 20 31 14 26 13 22 19 
4 12 22 19 5 9 34 18 21 33 23 2 10 24 8 11 27 15 28 17 3 32 0 6 25 30 1 7 29 31 20 14 26 13 16 
4 12 22 19 5 9 34 18 21 33 23 2 10 24 8 11 27 15 28 17 3 32 0 6 25 30 1 7 29 31 20 14 26 13 16 
4 12 22 19 5 9 34 18 21 33 23 2 10 24 8 11 27 15 28 17 3 32 0 6 25 30 1 7 29 31 20 14 26 13 16 
