38 31 21 16 41 27 13 28 5 42 0 37 35 43 15 1 25 22 18 8 12 9 20 10 29 11 30 23 3 33 14 7 32 24 19 17 44 39 40 4 6 34 36 2 26 
1 5 30 12 13 20 9 24 44 36 40 17 6 34 28 25 18 39 32 35 10 29 38 7 21 37 43 22 27 16 2 31 19 11 14 26 3 0 23 41 8 4 33 15 42 
6 9 31 14 17 20 26 23 33 32 36 18 42 10 16 7 11 22 8 15 25 0 2 24 34 40 44 19 39 28 21 41 30 1 37 29 35 3 38 4 12 5 13 27 43 
36 12 39 13 28 41 0 11 27 1 33 17 18 40 8 9 29 21 16 2 31 24 19 26 30 38 23 3 35 37 15 43 4 5 7 32 6 25 42 10 20 14 22 34 44 
36 12 39 13 28 41 0 11 27 1 33 17 18 40 8 9 29 21 16 2 31 24 19 26 30 38 23 3 35 37 15 43 4 5 7 32 6 25 42 10 20 14 22 34 44 
31 30 33 10 1 28 5 37 14 26 41 16 24 3 13 23 32 17 21 7 11 20 2 19 27 15 35 9 39 6 4 40 22 43 38 34 25 12 29 42 8 36 18 0 44 
13 1 31 21 2 38 16 24 26 17 43 5 3 27 12 22 4 10 39 28 42 6 25 7 41 33 0 35 14 9 40 20 8 15 18 29 32 19 37 23 36 30 34 44 11 
12 43 29 25 2 24 32 11 10 38 21 42 13 41 36 17 28 15 4 23 20 8 44 39 5 3 26 31 37 35 33 27 1 18 34 7 14 30 16 0 19 22 6 9 40 
12 43 29 25 2 24 32 11 10 38 21 42 13 41 36 17 28 15 4 23 20 8 44 39 5 3 26 31 37 35 33 27 1 18 34 7 14 30 16 0 19 22 6 9 40 
0 6 40 35 1 28 5 7 33 14 10 31 38 3 32 23 19 12 18 9 29 21 41 15 27 16 11 26 22 4 2 25 20 42 34 36 8 17 43 37 13 30 24 44 39 
18 42 43 22 21 13 9 34 6 11 36 24 40 5 27 3 38 32 29 15 41 37 31 35 0 25 19 17 1 12 8 23 30 33 28 10 2 26 4 20 39 14 7 44 16 
18 42 43 22 21 13 9 34 6 11 36 24 40 5 27 3 38 32 29 15 41 37 31 35 0 25 19 17 1 12 8 23 30 33 28 10 2 26 4 20 39 14 7 44 16 
41 0 9 40 17 19 33 26 14 39 38 28 13 1 10 37 32 36 22 25 8 15 16 2 35 34 6 31 12 3 30 29 11 27 4 24 23 5 21 20 18 7 44 42 43 
41 0 9 40 17 19 33 26 14 39 38 28 13 1 10 37 32 36 22 25 8 15 16 2 35 34 6 31 12 3 30 29 11 27 4 24 23 5 21 20 18 7 44 42 43 
36 21 35 9 12 1 15 22 30 11 23 25 31 2 16 34 32 14 33 44 8 18 28 43 19 3 41 24 0 5 20 37 42 38 40 6 4 10 17 27 13 26 7 39 29 
38 7 33 24 31 3 37 6 1 15 29 44 40 25 5 34 22 36 4 30 14 19 10 16 8 11 17 28 43 12 26 32 21 42 27 13 9 20 18 41 35 39 23 2 0 
13 2 26 11 38 21 36 29 44 27 4 30 17 24 43 41 34 14 35 28 5 16 33 3 19 40 9 8 12 6 39 31 18 37 7 32 20 10 22 25 23 15 1 0 42 
32 36 39 29 37 7 18 25 27 26 24 23 2 17 38 21 30 19 16 31 14 44 12 22 10 9 5 8 6 43 3 1 15 42 11 35 33 41 4 40 20 34 28 13 0 
32 36 39 29 37 7 18 25 27 26 24 23 2 17 38 21 30 19 16 31 14 44 12 22 10 9 5 8 6 43 3 1 15 42 11 35 33 41 4 40 20 34 28 13 0 
28 27 32 19 38 3 29 18 43 22 42 23 17 37 35 14 41 26 11 44 39 31 16 6 36 4 34 1 5 24 33 10 40 15 12 8 2 13 25 7 21 30 9 20 0 
21 11 4 24 9 14 19 32 16 3 30 38 0 29 18 35 5 13 25 31 2 8 26 28 1 34 20 12 37 15 27 36 10 22 6 17 39 40 7 42 33 44 23 43 41 
17 19 27 2 4 3 38 7 0 34 6 16 41 28 26 8 5 10 20 15 11 12 18 40 13 14 23 31 35 21 22 24 33 25 39 29 44 30 32 36 37 42 43 1 9 
20 6 12 23 19 11 32 17 24 2 29 10 27 15 0 35 16 9 25 1 26 5 43 18 44 31 38 7 30 36 21 28 3 13 37 4 22 33 42 34 8 40 41 14 39 
2 33 0 35 25 37 16 41 7 24 42 11 44 12 18 4 6 9 21 27 39 17 20 23 28 30 36 5 22 26 8 14 3 34 43 13 15 1 32 29 31 10 40 19 38 
18 42 43 22 21 13 9 34 6 11 36 24 40 5 27 3 38 32 29 15 41 37 31 35 0 25 19 17 1 12 8 23 30 33 28 10 2 26 4 20 39 14 7 44 16 
18 42 43 22 21 13 9 34 6 11 36 24 40 5 27 3 38 32 29 15 41 37 31 35 0 25 19 17 1 12 8 23 30 33 28 10 2 26 4 20 39 14 7 44 16 
21 24 9 16 28 12 39 5 37 3 1 22 18 6 10 34 41 27 36 14 2 8 20 4 35 30 17 13 43 15 26 7 32 23 11 19 31 33 25 40 29 44 0 42 38 
28 14 32 30 33 19 40 17 18 10 37 31 35 38 1 43 15 21 12 9 29 16 5 26 11 42 39 23 13 25 41 0 24 36 6 34 3 7 2 27 22 20 8 4 44 
24 27 14 33 2 16 10 39 31 7 12 18 22 34 1 38 19 4 28 41 36 11 0 9 23 35 32 17 37 20 29 6 40 25 15 21 42 43 8 3 44 26 5 13 30 
36 21 35 9 12 1 15 22 30 11 23 25 31 2 16 34 32 14 33 44 8 18 28 43 19 3 41 24 0 5 20 37 42 38 40 6 4 10 17 27 13 26 7 39 29 
41 20 1 22 12 18 31 11 37 40 7 14 28 0 4 39 34 32 38 2 21 16 42 43 44 30 23 29 24 3 27 15 5 26 35 19 17 6 36 10 9 8 33 13 25 
41 20 1 22 12 18 31 11 37 40 7 14 28 0 4 39 34 32 38 2 21 16 42 43 44 30 23 29 24 3 27 15 5 26 35 19 17 6 36 10 9 8 33 13 25 
19 44 9 1 41 43 18 29 23 24 36 39 12 20 42 27 26 21 31 4 40 10 34 38 2 37 11 3 32 35 8 5 13 22 33 30 6 28 7 14 25 17 15 16 0 
19 44 9 1 41 43 18 29 23 24 36 39 12 20 42 27 26 21 31 4 40 10 34 38 2 37 11 3 32 35 8 5 13 22 33 30 6 28 7 14 25 17 15 16 0 
24 44 11 3 21 43 25 34 19 17 31 40 28 42 27 10 36 4 8 35 22 26 2 41 6 39 18 33 32 38 16 7 20 9 37 30 15 29 12 13 23 14 0 5 1 
24 44 11 3 21 43 25 34 19 17 31 40 28 42 27 10 36 4 8 35 22 26 2 41 6 39 18 33 32 38 16 7 20 9 37 30 15 29 12 13 23 14 0 5 1 
7 1 5 16 31 42 43 2 13 32 35 44 3 28 29 12 25 21 26 19 14 24 30 4 33 39 6 18 41 15 22 40 37 8 9 34 36 23 38 10 17 11 20 27 0 
26 25 22 11 18 1 20 10 17 24 14 34 21 2 31 16 9 42 13 35 8 37 32 5 29 3 28 44 19 4 39 40 15 27 12 6 43 7 36 41 23 30 38 33 0 
30 23 27 15 10 40 13 42 16 3 20 36 17 28 11 24 2 26 5 44 0 7 33 4 35 37 39 9 29 12 1 8 43 19 14 31 22 25 18 34 6 41 21 38 32 
30 23 27 15 10 40 13 42 16 3 20 36 17 28 11 24 2 26 5 44 0 7 33 4 35 37 39 9 29 12 1 8 43 19 14 31 22 25 18 34 6 41 21 38 32 
38 2 27 21 24 19 23 9 16 3 17 6 4 30 36 13 0 12 7 39 20 8 44 10 43 41 26 11 18 14 32 29 33 15 22 40 25 28 42 31 35 34 37 1 5 
5 24 1 38 25 40 27 21 3 30 0 11 33 7 29 10 23 14 41 42 12 20 4 6 34 36 2 17 22 15 19 31 39 44 9 28 32 18 8 43 13 37 35 26 16 
27 35 5 39 28 2 14 43 31 21 26 6 16 3 23 18 7 37 15 22 12 36 30 25 34 4 42 0 11 9 40 29 44 20 8 13 1 19 17 10 33 38 24 32 41 
27 35 5 39 28 2 14 43 31 21 26 6 16 3 23 18 7 37 15 22 12 36 30 25 34 4 42 0 11 9 40 29 44 20 8 13 1 19 17 10 33 38 24 32 41 
29 11 31 44 2 43 19 24 27 13 42 1 15 41 5 40 34 39 4 26 16 38 3 21 37 36 7 23 6 35 33 32 12 30 0 28 10 25 22 20 18 17 14 9 8 
29 11 31 44 2 43 19 24 27 13 42 1 15 41 5 40 34 39 4 26 16 38 3 21 37 36 7 23 6 35 33 32 12 30 0 28 10 25 22 20 18 17 14 9 8 
24 5 34 22 23 33 13 1 43 41 17 14 37 40 20 11 4 32 39 44 30 36 9 8 0 19 3 35 27 31 25 18 42 28 15 38 21 16 2 12 29 7 6 26 10 
0 20 12 42 38 39 33 28 19 32 30 10 41 24 23 18 5 15 13 29 16 4 17 40 37 34 9 22 25 6 1 36 11 8 35 26 2 21 31 27 3 44 7 43 14 
0 20 12 42 38 39 33 28 19 32 30 10 41 24 23 18 5 15 13 29 16 4 17 40 37 34 9 22 25 6 1 36 11 8 35 26 2 21 31 27 3 44 7 43 14 
4 8 18 34 30 22 43 17 15 39 31 3 10 27 0 29 40 6 23 20 9 37 32 14 24 44 36 33 7 11 13 12 41 26 28 42 19 16 21 2 38 35 5 25 1 
4 8 18 34 30 22 43 17 15 39 31 3 10 27 0 29 40 6 23 20 9 37 32 14 24 44 36 33 7 11 13 12 41 26 28 42 19 16 21 2 38 35 5 25 1 
44 10 38 8 43 16 29 19 21 32 36 39 42 40 6 18 28 31 24 0 30 22 5 15 13 27 35 14 33 37 41 17 1 4 34 11 26 23 3 9 25 12 20 2 7 
44 10 38 8 43 16 29 19 21 32 36 39 42 40 6 18 28 31 24 0 30 22 5 15 13 27 35 14 33 37 41 17 1 4 34 11 26 23 3 9 25 12 20 2 7 
33 29 5 42 37 36 22 18 6 41 21 38 23 11 7 3 35 40 24 32 13 15 25 12 39 27 43 31 26 17 4 30 19 28 16 8 20 1 14 10 34 2 0 44 9 
20 11 31 44 18 16 34 35 28 12 25 22 13 43 41 5 7 42 32 3 17 40 37 21 39 29 19 24 0 38 9 36 6 33 1 15 8 30 27 26 2 23 14 10 4 
20 11 31 44 18 16 34 35 28 12 25 22 13 43 41 5 7 42 32 3 17 40 37 21 39 29 19 24 0 38 9 36 6 33 1 15 8 30 27 26 2 23 14 10 4 
15 5 41 10 24 6 19 7 30 42 38 33 36 40 8 22 43 14 11 26 18 37 34 9 20 12 13 35 23 32 0 28 3 31 21 25 29 27 4 17 1 16 2 44 39 
38 32 6 9 34 10 20 43 23 25 11 29 44 21 22 12 24 13 2 5 27 16 28 19 17 18 41 3 14 0 33 35 15 37 42 39 7 1 8 30 36 4 40 26 31 
38 32 6 9 34 10 20 43 23 25 11 29 44 21 22 12 24 13 2 5 27 16 28 19 17 18 41 3 14 0 33 35 15 37 42 39 7 1 8 30 36 4 40 26 31 
9 25 30 19 44 4 35 10 24 0 6 20 34 29 7 38 15 8 1 12 28 26 21 5 41 14 23 2 40 17 33 18 22 3 16 32 11 37 39 13 43 27 31 36 42 
5 43 18 22 25 34 12 16 31 17 27 21 29 33 32 30 35 7 40 42 0 23 41 39 44 14 26 28 38 9 8 11 36 3 24 1 15 20 37 6 2 13 19 4 10 
41 26 16 21 8 6 2 9 40 19 10 31 36 11 35 39 4 13 38 3 1 28 42 14 44 18 20 33 17 23 32 24 7 12 25 30 29 37 43 15 5 27 34 0 22 
41 26 16 21 8 6 2 9 40 19 10 31 36 11 35 39 4 13 38 3 1 28 42 14 44 18 20 33 17 23 32 24 7 12 25 30 29 37 43 15 5 27 34 0 22 
6 31 38 7 12 8 22 34 11 9 10 36 42 43 32 13 3 15 26 30 28 16 27 19 17 18 24 20 29 41 21 23 14 33 39 35 37 40 44 0 2 5 1 4 25 
6 31 38 7 12 8 22 34 11 9 10 36 42 43 32 13 3 15 26 30 28 16 27 19 17 18 24 20 29 41 21 23 14 33 39 35 37 40 44 0 2 5 1 4 25 
10 24 38 27 28 40 39 29 3 21 32 6 1 25 4 37 35 16 31 36 9 34 30 2 11 33 14 5 15 12 26 42 22 20 7 19 8 18 41 13 0 44 23 43 17 
10 24 38 27 28 40 39 29 3 21 32 6 1 25 4 37 35 16 31 36 9 34 30 2 11 33 14 5 15 12 26 42 22 20 7 19 8 18 41 13 0 44 23 43 17 
15 37 17 20 32 23 28 39 44 29 31 26 3 40 27 0 22 6 21 42 1 18 38 25 36 2 30 11 10 34 4 12 41 5 13 7 33 19 24 8 9 14 16 35 43 
15 37 17 20 32 23 28 39 44 29 31 26 3 40 27 0 22 6 21 42 1 18 38 25 36 2 30 11 10 34 4 12 41 5 13 7 33 19 24 8 9 14 16 35 43 
28 25 20 13 36 38 29 21 43 1 15 4 34 2 37 18 6 22 32 44 7 3 24 9 30 31 0 8 12 10 41 42 40 11 17 19 14 16 39 23 33 26 27 35 5 
29 7 36 24 31 20 44 37 17 12 10 11 40 3 23 43 15 35 18 42 5 21 25 13 2 41 28 27 22 6 39 30 38 34 19 33 4 9 8 32 26 16 14 1 0 
28 29 1 5 21 10 19 23 13 37 25 18 40 35 42 43 34 6 31 26 4 30 0 12 9 17 44 24 38 20 39 11 8 15 27 36 3 2 32 33 22 7 16 14 41 
29 17 40 44 0 10 16 38 2 35 43 5 23 3 19 42 37 21 31 4 25 30 27 33 41 15 28 22 8 6 39 36 7 14 20 34 11 9 32 26 24 12 18 13 1 
29 17 40 44 0 10 16 38 2 35 43 5 23 3 19 42 37 21 31 4 25 30 27 33 41 15 28 22 8 6 39 36 7 14 20 34 11 9 32 26 24 12 18 13 1 
40 44 21 32 42 15 1 12 37 36 11 28 13 8 24 35 5 4 22 2 0 17 30 43 23 33 26 31 16 19 29 9 6 27 41 20 18 39 14 7 3 38 25 34 10 
5 21 42 2 31 0 30 19 4 40 38 14 27 1 24 32 7 26 23 3 12 17 11 43 9 6 39 36 29 8 20 15 10 35 41 13 33 16 25 28 18 22 44 34 37 
5 21 42 2 31 0 30 19 4 40 38 14 27 1 24 32 7 26 23 3 12 17 11 43 9 6 39 36 29 8 20 15 10 35 41 13 33 16 25 28 18 22 44 34 37 
34 9 13 21 33 32 15 25 44 30 23 29 42 27 0 26 3 7 24 19 37 20 11 16 41 17 4 14 12 10 8 22 1 5 40 43 38 35 36 6 39 18 28 31 2 
34 9 13 21 33 32 15 25 44 30 23 29 42 27 0 26 3 7 24 19 37 20 11 16 41 17 4 14 12 10 8 22 1 5 40 43 38 35 36 6 39 18 28 31 2 
40 9 10 1 11 6 30 31 4 19 22 8 43 41 28 37 0 3 36 44 20 25 2 21 7 16 18 34 17 38 32 12 42 13 35 26 24 29 14 15 5 27 33 39 23 
40 9 10 1 11 6 30 31 4 19 22 8 43 41 28 37 0 3 36 44 20 25 2 21 7 16 18 34 17 38 32 12 42 13 35 26 24 29 14 15 5 27 33 39 23 
20 41 16 2 21 0 13 28 14 27 39 6 40 11 3 32 10 29 5 43 22 18 7 37 8 1 15 12 23 31 25 17 42 35 34 4 24 9 30 33 19 26 44 36 38 
43 29 30 7 42 14 32 38 16 28 35 8 9 40 0 19 33 31 23 22 27 20 41 11 12 25 34 13 15 37 39 17 3 2 24 6 36 21 1 5 26 10 18 44 4 
1 12 34 2 5 15 10 38 21 26 3 16 32 7 8 4 9 29 6 20 11 40 35 28 13 31 36 14 30 19 17 18 37 39 0 23 24 33 25 27 41 44 42 43 22 
17 37 1 22 34 36 3 26 21 10 35 8 19 24 16 4 12 33 14 5 15 20 6 32 44 30 9 27 23 0 11 29 13 40 25 18 43 2 42 31 38 7 41 28 39 
38 7 16 25 27 3 23 6 19 14 32 12 41 29 43 35 11 37 18 10 33 21 26 13 2 5 15 31 28 8 30 36 24 44 34 9 4 20 17 42 39 40 22 1 0 
36 32 9 0 5 41 24 8 4 1 28 18 30 40 7 13 21 2 19 17 39 26 31 23 3 38 16 6 35 37 22 10 33 11 44 29 12 27 14 15 25 20 34 42 43 
29 7 12 25 30 44 16 37 0 14 11 4 40 10 6 43 19 36 21 2 20 42 13 18 5 41 31 28 9 24 39 32 3 38 27 35 15 34 17 33 26 23 22 8 1 
29 7 12 25 30 44 16 37 0 14 11 4 40 10 6 43 19 36 21 2 20 42 13 18 5 41 31 28 9 24 39 32 3 38 27 35 15 34 17 33 26 23 22 8 1 
37 40 13 20 21 7 18 28 39 24 14 16 38 44 8 9 30 31 32 3 11 12 25 35 42 15 5 1 34 43 22 17 6 27 26 33 2 41 29 4 19 36 10 23 0 
37 40 13 20 21 7 18 28 39 24 14 16 38 44 8 9 30 31 32 3 11 12 25 35 42 15 5 1 34 43 22 17 6 27 26 33 2 41 29 4 19 36 10 23 0 
26 8 29 41 39 40 32 4 44 10 37 25 11 24 43 35 18 34 12 22 7 33 16 14 31 30 5 17 9 6 28 27 3 23 36 20 42 15 13 2 1 0 38 19 21 
43 2 41 42 20 19 17 11 10 40 39 32 16 3 33 38 27 37 36 24 28 14 23 4 35 34 18 31 15 5 30 29 7 26 6 25 22 8 21 13 12 9 1 0 44 
28 21 0 14 7 16 2 5 23 3 20 10 18 11 13 27 29 30 24 4 9 34 26 44 36 37 12 6 22 25 42 43 8 15 41 31 17 38 40 19 35 32 33 39 1 
21 33 37 0 15 41 42 39 24 13 26 9 28 27 7 8 22 1 5 18 20 25 3 23 2 38 36 32 19 12 17 4 40 6 44 31 16 30 10 11 29 14 34 35 43 
21 33 37 0 15 41 42 39 24 13 26 9 28 27 7 8 22 1 5 18 20 25 3 23 2 38 36 32 19 12 17 4 40 6 44 31 16 30 10 11 29 14 34 35 43 
36 23 14 16 35 34 20 11 25 33 1 22 15 21 38 31 7 26 0 8 30 29 2 4 39 27 28 19 3 44 17 6 18 12 9 10 5 43 24 40 32 42 13 41 37 
36 23 14 16 35 34 20 11 25 33 1 22 15 21 38 31 7 26 0 8 30 29 2 4 39 27 28 19 3 44 17 6 18 12 9 10 5 43 24 40 32 42 13 41 37 
37 28 26 36 15 35 1 43 42 32 31 24 38 0 3 29 5 27 4 20 40 23 44 11 21 19 39 17 10 2 16 14 7 13 25 9 8 6 41 33 22 12 30 18 34 
19 9 40 39 11 10 4 30 36 1 14 17 43 34 22 28 18 15 32 29 6 2 7 23 37 24 16 3 33 27 13 35 20 5 42 44 8 12 25 21 41 26 31 38 0 
