13 21 20 10 27 23 4 29 14 18 5 12 25 8 9 2 7 22 15 1 6 0 19 24 17 26 11 3 16 28 
9 22 1 7 23 29 26 17 19 20 12 14 25 18 6 15 2 11 24 8 28 16 13 3 10 27 4 0 21 5 
9 22 1 7 23 29 26 17 19 20 12 14 25 18 6 15 2 11 24 8 28 16 13 3 10 27 4 0 21 5 
13 18 25 14 22 28 7 12 5 23 3 21 20 27 10 26 16 9 15 8 4 11 29 2 1 19 24 6 17 0 
9 20 27 23 7 4 26 13 6 25 14 10 3 18 24 17 22 15 21 11 29 5 16 12 8 28 1 0 19 2 
9 20 27 23 7 4 26 13 6 25 14 10 3 18 24 17 22 15 21 11 29 5 16 12 8 28 1 0 19 2 
9 20 27 23 7 4 26 13 6 25 14 10 3 18 24 17 22 15 21 11 29 5 16 12 8 28 1 0 19 2 
25 2 12 1 22 24 23 20 18 6 21 11 3 27 7 17 26 13 15 9 14 4 10 19 5 0 29 16 28 8 
25 2 12 1 22 24 23 20 18 6 21 11 3 27 7 17 26 13 15 9 14 4 10 19 5 0 29 16 28 8 
15 0 12 1 19 7 21 26 10 27 23 9 16 29 28 2 22 5 8 18 14 3 25 17 13 4 24 6 20 11 
15 0 12 1 19 7 21 26 10 27 23 9 16 29 28 2 22 5 8 18 14 3 25 17 13 4 24 6 20 11 
15 0 12 1 19 7 21 26 10 27 23 9 16 29 28 2 22 5 8 18 14 3 25 17 13 4 24 6 20 11 
15 0 12 1 19 7 21 26 10 27 23 9 16 29 28 2 22 5 8 18 14 3 25 17 13 4 24 6 20 11 
8 19 6 5 13 11 20 28 12 29 26 10 23 2 14 17 15 24 3 22 25 16 21 27 4 9 7 18 0 1 
26 17 14 25 28 23 15 6 0 19 8 24 21 10 27 18 1 22 4 2 13 12 20 3 9 7 16 29 5 11 
26 17 14 25 28 23 15 6 0 19 8 24 21 10 27 18 1 22 4 2 13 12 20 3 9 7 16 29 5 11 
26 17 14 25 28 23 15 6 0 19 8 24 21 10 27 18 1 22 4 2 13 12 20 3 9 7 16 29 5 11 
5 8 1 7 23 25 9 11 27 14 10 18 12 20 13 15 2 19 17 26 21 22 24 3 29 0 6 28 16 4 
19 1 21 14 2 29 9 8 7 27 28 15 22 18 12 6 11 3 20 16 26 13 25 23 4 24 17 5 10 0 
19 1 21 14 2 29 9 8 7 27 28 15 22 18 12 6 11 3 20 16 26 13 25 23 4 24 17 5 10 0 
25 22 17 1 8 24 15 6 27 13 7 5 2 10 12 21 9 19 3 26 18 4 23 16 11 0 20 28 29 14 
27 17 20 26 3 25 4 22 18 14 9 1 24 7 19 23 10 6 8 12 21 16 11 28 13 5 29 0 15 2 
27 17 20 26 3 25 4 22 18 14 9 1 24 7 19 23 10 6 8 12 21 16 11 28 13 5 29 0 15 2 
27 17 20 26 3 25 4 22 18 14 9 1 24 7 19 23 10 6 8 12 21 16 11 28 13 5 29 0 15 2 
27 17 20 26 3 25 4 22 18 14 9 1 24 7 19 23 10 6 8 12 21 16 11 28 13 5 29 0 15 2 
14 0 22 12 5 6 26 15 16 29 7 21 3 17 9 28 13 10 23 27 11 4 19 25 8 24 1 20 2 18 
14 0 22 12 5 6 26 15 16 29 7 21 3 17 9 28 13 10 23 27 11 4 19 25 8 24 1 20 2 18 
14 0 22 12 5 6 26 15 16 29 7 21 3 17 9 28 13 10 23 27 11 4 19 25 8 24 1 20 2 18 
14 0 22 12 5 6 26 15 16 29 7 21 3 17 9 28 13 10 23 27 11 4 19 25 8 24 1 20 2 18 
11 20 23 18 14 12 5 6 27 21 1 28 29 13 24 19 10 0 9 22 3 26 16 2 25 7 8 17 15 4 
16 2 24 5 3 20 28 4 0 6 12 1 11 29 15 8 21 10 26 7 22 18 25 13 23 14 19 17 9 27 
16 2 24 5 3 20 28 4 0 6 12 1 11 29 15 8 21 10 26 7 22 18 25 13 23 14 19 17 9 27 
14 21 4 9 17 24 26 12 25 15 5 27 11 6 22 29 7 1 19 18 10 28 13 16 3 23 0 20 2 8 
14 21 4 9 17 24 26 12 25 15 5 27 11 6 22 29 7 1 19 18 10 28 13 16 3 23 0 20 2 8 
14 21 4 9 17 24 26 12 25 15 5 27 11 6 22 29 7 1 19 18 10 28 13 16 3 23 0 20 2 8 
19 7 12 25 13 29 8 10 14 4 28 6 22 26 15 5 23 24 17 21 27 9 20 11 1 18 16 2 3 0 
14 21 4 9 17 24 26 12 25 15 5 27 11 6 22 29 7 1 19 18 10 28 13 16 3 23 0 20 2 8 
4 6 5 25 7 18 21 19 23 8 9 22 10 13 0 12 14 15 16 20 17 24 1 27 28 29 2 11 3 26 
27 26 1 0 7 15 25 8 22 20 24 2 14 9 11 23 4 13 21 17 19 3 18 6 16 12 10 5 29 28 
27 26 1 0 7 15 25 8 22 20 24 2 14 9 11 23 4 13 21 17 19 3 18 6 16 12 10 5 29 28 
27 26 1 0 7 15 25 8 22 20 24 2 14 9 11 23 4 13 21 17 19 3 18 6 16 12 10 5 29 28 
27 26 1 0 7 15 25 8 22 20 24 2 14 9 11 23 4 13 21 17 19 3 18 6 16 12 10 5 29 28 
25 7 22 20 10 24 1 19 12 9 6 16 2 29 3 21 15 23 4 27 14 5 8 0 13 11 18 26 28 17 
25 7 22 20 10 24 1 19 12 9 6 16 2 29 3 21 15 23 4 27 14 5 8 0 13 11 18 26 28 17 
25 7 22 20 10 24 1 19 12 9 6 16 2 29 3 21 15 23 4 27 14 5 8 0 13 11 18 26 28 17 
17 5 25 26 27 13 29 14 16 2 9 21 7 19 11 3 20 23 28 4 18 12 24 6 22 8 15 10 1 0 
17 5 25 26 27 13 29 14 16 2 9 21 7 19 11 3 20 23 28 4 18 12 24 6 22 8 15 10 1 0 
17 5 25 26 27 13 29 14 16 2 9 21 7 19 11 3 20 23 28 4 18 12 24 6 22 8 15 10 1 0 
17 5 25 26 27 13 29 14 16 2 9 21 7 19 11 3 20 23 28 4 18 12 24 6 22 8 15 10 1 0 
17 5 25 26 27 13 29 14 16 2 9 21 7 19 11 3 20 23 28 4 18 12 24 6 22 8 15 10 1 0 
17 5 25 26 27 13 29 14 16 2 9 21 7 19 11 3 20 23 28 4 18 12 24 6 22 8 15 10 1 0 
28 4 27 23 5 15 26 13 20 25 24 17 6 19 22 21 18 7 16 9 14 8 12 11 10 3 2 1 0 29 
28 4 27 23 5 15 26 13 20 25 24 17 6 19 22 21 18 7 16 9 14 8 12 11 10 3 2 1 0 29 
8 16 13 23 4 28 10 29 5 7 14 18 2 12 0 20 26 11 22 15 25 6 1 24 17 21 3 27 9 19 
8 16 13 23 4 28 10 29 5 7 14 18 2 12 0 20 26 11 22 15 25 6 1 24 17 21 3 27 9 19 
8 16 13 23 4 28 10 29 5 7 14 18 2 12 0 20 26 11 22 15 25 6 1 24 17 21 3 27 9 19 
8 16 13 23 4 28 10 29 5 7 14 18 2 12 0 20 26 11 22 15 25 6 1 24 17 21 3 27 9 19 
8 16 13 23 4 28 10 29 5 7 14 18 2 12 0 20 26 11 22 15 25 6 1 24 17 21 3 27 9 19 
8 16 13 23 4 28 10 29 5 7 14 18 2 12 0 20 26 11 22 15 25 6 1 24 17 21 3 27 9 19 
28 3 19 24 13 27 11 10 0 6 26 21 7 9 4 25 12 29 22 1 20 15 8 17 18 16 14 5 2 23 
28 16 23 4 7 3 13 17 27 1 26 8 9 25 5 24 18 14 22 21 20 11 6 2 19 15 12 10 0 29 
28 16 23 4 7 3 13 17 27 1 26 8 9 25 5 24 18 14 22 21 20 11 6 2 19 15 12 10 0 29 
28 3 19 24 13 27 11 10 0 6 26 21 7 9 4 25 12 29 22 1 20 15 8 17 18 16 14 5 2 23 
4 15 9 5 18 19 6 17 28 1 8 23 10 20 11 12 22 2 14 27 16 21 24 3 26 29 0 13 7 25 
4 15 9 5 18 19 6 17 28 1 8 23 10 20 11 12 22 2 14 27 16 21 24 3 26 29 0 13 7 25 
4 15 9 5 18 19 6 17 28 1 8 23 10 20 11 12 22 2 14 27 16 21 24 3 26 29 0 13 7 25 
9 25 16 23 14 29 18 0 22 20 28 21 4 6 27 13 2 1 8 15 26 10 24 5 12 19 17 3 11 7 
9 25 16 23 14 29 18 0 22 20 28 21 4 6 27 13 2 1 8 15 26 10 24 5 12 19 17 3 11 7 
9 25 16 23 14 29 18 0 22 20 28 21 4 6 27 13 2 1 8 15 26 10 24 5 12 19 17 3 11 7 
9 25 16 23 14 29 18 0 22 20 28 21 4 6 27 13 2 1 8 15 26 10 24 5 12 19 17 3 11 7 
9 25 16 23 14 29 18 0 22 20 28 21 4 6 27 13 2 1 8 15 26 10 24 5 12 19 17 3 11 7 
14 15 16 23 8 24 2 1 26 20 21 28 4 7 5 29 0 18 9 19 12 10 11 3 17 27 22 25 6 13 
14 15 16 23 8 24 2 1 26 20 21 28 4 7 5 29 0 18 9 19 12 10 11 3 17 27 22 25 6 13 
14 15 16 23 8 24 2 1 26 20 21 28 4 7 5 29 0 18 9 19 12 10 11 3 17 27 22 25 6 13 
14 15 16 23 8 24 2 1 26 20 21 28 4 7 5 29 0 18 9 19 12 10 11 3 17 27 22 25 6 13 
14 15 16 23 8 24 2 1 26 20 21 28 4 7 5 29 0 18 9 19 12 10 11 3 17 27 22 25 6 13 
8 16 0 3 20 17 11 22 24 21 12 2 5 9 1 19 4 13 26 18 28 10 6 7 23 27 14 29 15 25 
8 16 0 3 20 17 11 22 24 21 12 2 5 9 1 19 4 13 26 18 28 10 6 7 23 27 14 29 15 25 
21 0 27 4 24 13 11 17 20 26 2 22 6 19 15 10 25 16 23 8 3 9 5 18 14 7 12 1 29 28 
21 0 27 4 24 13 11 17 20 26 2 22 6 19 15 10 25 16 23 8 3 9 5 18 14 7 12 1 29 28 
21 0 27 4 24 13 11 17 20 26 2 22 6 19 15 10 25 16 23 8 3 9 5 18 14 7 12 1 29 28 
21 0 27 4 24 13 11 17 20 26 2 22 6 19 15 10 25 16 23 8 3 9 5 18 14 7 12 1 29 28 
21 0 27 4 24 13 11 17 20 26 2 22 6 19 15 10 25 16 23 8 3 9 5 18 14 7 12 1 29 28 
28 10 11 12 25 16 13 1 0 17 27 20 18 14 21 26 22 19 24 2 23 4 6 8 15 9 7 5 3 29 
28 10 11 12 25 16 13 1 0 17 27 20 18 14 21 26 22 19 24 2 23 4 6 8 15 9 7 5 3 29 
28 10 11 12 25 16 13 1 0 17 27 20 18 14 21 26 22 19 24 2 23 4 6 8 15 9 7 5 3 29 
28 10 11 12 25 16 13 1 0 17 27 20 18 14 21 26 22 19 24 2 23 4 6 8 15 9 7 5 3 29 
25 12 9 18 5 6 1 19 20 24 8 4 14 22 17 23 21 11 2 7 16 28 3 13 10 0 26 27 29 15 
25 12 9 18 5 6 1 19 20 24 8 4 14 22 17 23 21 11 2 7 16 28 3 13 10 0 26 27 29 15 
25 12 9 18 5 6 1 19 20 24 8 4 14 22 17 23 21 11 2 7 16 28 3 13 10 0 26 27 29 15 
25 12 9 18 5 6 1 19 20 24 8 4 14 22 17 23 21 11 2 7 16 28 3 13 10 0 26 27 29 15 
26 21 28 17 8 1 3 19 4 9 11 6 15 0 7 24 27 20 10 12 22 29 13 23 14 5 18 25 2 16 
26 21 28 17 8 1 3 19 4 9 11 6 15 0 7 24 27 20 10 12 22 29 13 23 14 5 18 25 2 16 
12 14 18 24 13 27 0 26 3 11 19 10 21 1 2 25 6 29 4 8 9 16 5 17 7 22 15 20 23 28 
12 14 18 24 13 27 0 26 3 11 19 10 21 1 2 25 6 29 4 8 9 16 5 17 7 22 15 20 23 28 
12 14 18 24 13 27 0 26 3 11 19 10 21 1 2 25 6 29 4 8 9 16 5 17 7 22 15 20 23 28 
12 14 18 24 13 27 0 26 3 11 19 10 21 1 2 25 6 29 4 8 9 16 5 17 7 22 15 20 23 28 
21 26 5 10 15 1 27 13 20 17 2 28 14 29 23 9 8 0 22 11 4 3 19 24 16 7 12 6 25 18 
21 26 5 10 15 1 27 13 20 17 2 28 14 29 23 9 8 0 22 11 4 3 19 24 16 7 12 6 25 18 
21 26 5 10 15 1 27 13 20 17 2 28 14 29 23 9 8 0 22 11 4 3 19 24 16 7 12 6 25 18 
