13 12 3 8 11 4 6 5 7 2 1 14 9 0 10 
12 3 8 11 0 10 1 4 7 9 6 5 2 14 13 
12 3 8 11 0 10 1 4 7 9 6 5 2 14 13 
12 3 8 11 0 10 1 4 7 9 6 5 2 14 13 
12 3 8 11 0 10 1 4 7 9 6 5 2 14 13 
12 3 8 11 0 10 1 4 7 9 6 5 2 14 13 
12 3 8 11 0 10 1 4 7 9 6 5 2 14 13 
12 3 8 11 0 10 1 4 7 9 6 5 2 14 13 
12 3 8 11 0 10 1 4 7 9 6 5 2 14 13 
12 3 8 11 0 10 1 4 7 9 6 5 2 14 13 
12 3 8 11 0 10 1 4 7 9 6 5 2 14 13 
12 3 8 11 0 10 1 4 7 9 6 5 2 14 13 
12 3 8 11 0 10 1 4 7 9 6 5 2 14 13 
12 3 8 11 0 10 1 4 7 9 6 5 2 14 13 
12 3 8 11 0 10 1 4 7 9 6 5 2 14 13 
12 3 8 11 0 10 1 4 7 9 6 5 2 14 13 
12 3 8 11 0 10 1 4 7 9 6 5 2 14 13 
7 5 2 1 9 12 3 11 13 4 8 6 10 14 0 
7 5 2 1 9 12 3 11 13 4 8 6 10 14 0 
7 5 2 1 9 12 3 11 13 4 8 6 10 14 0 
7 5 2 1 9 12 3 11 13 4 8 6 10 14 0 
7 5 2 1 9 12 3 11 13 4 8 6 10 14 0 
7 5 2 1 9 12 3 11 13 4 8 6 10 14 0 
7 5 2 1 9 12 3 11 13 4 8 6 10 14 0 
7 5 2 1 9 12 3 11 13 4 8 6 10 14 0 
7 5 2 1 9 12 3 11 13 4 8 6 10 14 0 
7 5 2 1 9 12 3 11 13 4 8 6 10 14 0 
7 5 2 1 9 12 3 11 13 4 8 6 10 14 0 
7 5 2 1 9 12 3 11 13 4 8 6 10 14 0 
7 5 2 1 9 12 3 11 13 4 8 6 10 14 0 
7 5 2 1 9 12 3 11 13 4 8 6 10 14 0 
7 5 2 1 9 12 3 11 13 4 8 6 10 14 0 
7 5 2 1 9 12 3 11 13 4 8 6 10 14 0 
7 5 2 1 9 12 3 11 13 4 8 6 10 14 0 
7 5 2 1 9 12 3 11 13 4 8 6 10 14 0 
7 5 2 1 9 12 3 11 13 4 8 6 10 14 0 
7 5 2 1 9 12 3 11 13 4 8 6 10 14 0 
7 5 2 1 9 12 3 11 13 4 8 6 10 14 0 
7 5 2 1 9 12 3 11 13 4 8 6 10 14 0 
7 5 2 1 9 12 3 11 13 4 8 6 10 14 0 
7 5 2 1 9 12 3 11 13 4 8 6 10 14 0 
7 5 2 1 9 12 3 11 13 4 8 6 10 14 0 
7 5 2 1 9 12 3 11 13 4 8 6 10 14 0 
7 5 2 1 9 12 3 11 13 4 8 6 10 14 0 
7 5 2 1 9 12 3 11 13 4 8 6 10 14 0 
7 5 2 1 9 12 3 11 13 4 8 6 10 14 0 
7 5 2 1 9 12 3 11 13 4 8 6 10 14 0 
7 5 2 1 9 12 3 11 13 4 8 6 10 14 0 
7 5 2 1 9 12 3 11 13 4 8 6 10 14 0 
7 5 2 1 9 12 3 11 13 4 8 6 10 14 0 
7 5 2 1 9 12 3 11 13 4 8 6 10 14 0 
7 5 2 1 9 12 3 11 13 4 8 6 10 14 0 
7 5 2 1 9 12 3 11 13 4 8 6 10 14 0 
12 6 1 8 5 3 11 4 14 0 9 10 2 7 13 
12 6 1 8 5 3 11 4 14 0 9 10 2 7 13 
12 6 1 8 5 3 11 4 14 0 9 10 2 7 13 
12 6 1 8 5 3 11 4 14 0 9 10 2 7 13 
12 6 1 8 5 3 11 4 14 0 9 10 2 7 13 
12 6 1 8 5 3 11 4 14 0 9 10 2 7 13 
12 6 1 8 5 3 11 4 14 0 9 10 2 7 13 
12 6 1 8 5 3 11 4 14 0 9 10 2 7 13 
12 6 1 8 5 3 11 4 14 0 9 10 2 7 13 
12 6 1 8 5 3 11 4 14 0 9 10 2 7 13 
12 6 1 8 5 3 11 4 14 0 9 10 2 7 13 
12 6 1 8 5 3 11 4 14 0 9 10 2 7 13 
12 6 1 8 5 3 11 4 14 0 9 10 2 7 13 
12 6 1 8 5 3 11 4 14 0 9 10 2 7 13 
12 6 1 8 5 3 11 4 14 0 9 10 2 7 13 
12 6 1 8 5 3 11 4 14 0 9 10 2 7 13 
12 6 1 8 5 3 11 4 14 0 9 10 2 7 13 
12 6 1 8 5 3 11 4 14 0 9 10 2 7 13 
12 6 1 8 5 3 11 4 14 0 9 10 2 7 13 
12 6 1 8 5 3 11 4 14 0 9 10 2 7 13 
12 6 1 8 5 3 11 4 14 0 9 10 2 7 13 
12 6 1 8 5 3 11 4 14 0 9 10 2 7 13 
12 6 1 8 5 3 11 4 14 0 9 10 2 7 13 
12 6 1 8 5 3 11 4 14 0 9 10 2 7 13 
12 6 1 8 5 3 11 4 14 0 9 10 2 7 13 
12 6 1 8 5 3 11 4 14 0 9 10 2 7 13 
12 6 1 8 5 3 11 4 14 0 9 10 2 7 13 
12 6 1 8 5 3 11 4 14 0 9 10 2 7 13 
12 6 1 8 5 3 11 4 14 0 9 10 2 7 13 
12 6 1 8 5 3 11 4 14 0 9 10 2 7 13 
12 6 1 8 5 3 11 4 14 0 9 10 2 7 13 
12 6 1 8 5 3 11 4 14 0 9 10 2 7 13 
12 6 1 8 5 3 11 4 14 0 9 10 2 7 13 
12 6 1 8 5 3 11 4 14 0 9 10 2 7 13 
12 6 1 8 5 3 11 4 14 0 9 10 2 7 13 
5 3 2 14 7 9 10 6 8 13 0 12 11 4 1 
5 3 2 14 7 9 10 6 8 13 0 12 11 4 1 
5 3 2 14 7 9 10 6 8 13 0 12 11 4 1 
5 3 2 14 7 9 10 6 8 13 0 12 11 4 1 
5 3 2 14 7 9 10 6 8 13 0 12 11 4 1 
5 3 2 14 7 9 10 6 8 13 0 12 11 4 1 
5 3 2 14 7 9 10 6 8 13 0 12 11 4 1 
5 3 2 14 7 9 10 6 8 13 0 12 11 4 1 
5 3 2 14 7 9 10 6 8 13 0 12 11 4 1 
5 3 2 14 7 9 10 6 8 13 0 12 11 4 1 
5 3 2 14 7 9 10 6 8 13 0 12 11 4 1 
5 3 2 14 7 9 10 6 8 13 0 12 11 4 1 
