50 51 11 0 42 40 27 32 23 35 3 17 28 15 30 1 36 20 37 47 31 14 26 13 16 5 22 19 4 12 21 49 38 48 52 9 34 18 54 33 41 10 2 24 8 45 43 25 46 7 29 39 44 53 6 
22 5 4 12 52 48 9 34 38 18 21 49 35 3 17 45 23 42 0 6 11 51 50 46 7 29 39 44 53 14 26 13 31 37 47 20 36 1 30 28 15 27 43 25 32 40 8 24 2 10 41 33 54 19 16 
47 20 37 31 36 39 30 1 25 43 7 46 0 40 27 50 51 11 6 45 3 35 23 2 10 41 33 54 18 34 38 21 49 52 48 9 12 4 19 22 5 16 13 26 14 44 53 28 15 17 32 42 8 24 29 
34 48 38 21 49 52 12 4 5 16 22 19 28 53 44 14 26 13 31 37 47 20 36 39 1 30 25 43 46 7 29 15 17 3 35 23 54 33 41 2 10 24 8 40 0 11 51 50 27 32 45 42 6 9 18 
18 34 9 12 4 19 22 5 16 20 14 26 13 31 37 47 36 39 30 1 15 27 40 0 42 8 24 23 2 10 45 32 6 11 51 50 25 43 46 7 29 53 44 28 17 3 35 38 21 49 48 52 33 54 41 
21 49 4 12 5 22 19 48 34 38 18 33 54 35 3 23 2 10 41 8 24 45 32 17 27 40 0 42 6 11 51 50 15 28 30 1 25 43 46 7 29 20 47 37 36 44 53 39 14 26 13 31 16 9 52 
4 12 52 48 38 21 49 3 35 23 33 54 17 15 30 1 25 43 46 7 29 47 20 36 44 53 14 26 13 31 37 39 28 51 50 11 6 27 32 40 0 42 8 24 45 2 10 41 18 34 9 19 22 5 16 
10 2 23 33 35 54 21 49 52 48 34 9 12 4 19 22 5 16 13 26 14 53 47 37 31 20 36 39 1 30 15 27 40 0 42 32 45 24 8 6 51 50 11 25 43 46 7 29 44 28 17 3 38 18 41 
34 48 49 52 38 21 9 4 19 22 26 13 14 20 39 44 53 31 37 47 36 29 7 46 1 30 15 28 17 3 35 23 45 32 40 27 51 50 25 43 11 6 0 42 24 8 2 10 33 54 41 18 12 5 16 
42 32 45 21 49 52 12 4 22 19 26 13 14 20 37 31 47 36 39 1 30 25 43 50 51 0 40 27 15 28 3 17 35 23 10 2 24 8 54 33 41 18 38 34 48 9 5 16 53 44 29 7 46 11 6 
19 22 5 12 4 52 49 21 35 23 3 17 28 15 32 0 40 27 1 30 39 44 53 20 36 47 37 14 13 26 31 29 7 46 43 25 51 50 11 6 42 8 24 45 2 10 41 33 54 48 34 9 38 18 16 
19 22 5 12 4 52 49 21 35 23 3 17 28 15 32 0 40 27 1 30 39 44 53 20 36 47 37 14 13 26 31 29 7 46 43 25 51 50 11 6 42 8 24 45 2 10 41 33 54 48 34 9 38 18 16 
45 32 17 21 49 48 52 12 4 22 19 3 35 2 10 41 33 54 18 38 34 9 5 16 13 26 14 20 36 47 37 31 44 53 43 25 30 1 46 7 29 39 28 15 27 40 0 8 24 42 6 51 50 11 23 
37 31 13 26 53 44 14 20 47 36 30 1 15 17 3 35 23 10 2 24 8 45 32 50 51 11 6 42 0 40 27 25 43 46 7 29 39 28 49 21 54 33 41 18 34 9 38 48 52 12 4 5 22 19 16 
37 31 13 26 53 44 14 20 47 36 30 1 15 17 3 35 23 10 2 24 8 45 32 50 51 11 6 42 0 40 27 25 43 46 7 29 39 28 49 21 54 33 41 18 34 9 38 48 52 12 4 5 22 19 16 
40 0 11 51 50 25 30 1 15 28 17 3 35 54 33 2 8 42 32 45 23 41 10 24 49 21 38 48 52 18 34 9 12 4 5 19 22 16 26 13 14 47 37 31 20 36 39 44 53 29 46 7 43 27 6 
46 43 25 51 50 27 0 40 32 45 23 2 10 33 54 35 3 17 15 28 30 1 39 53 44 36 47 37 31 20 14 26 13 22 5 12 4 19 16 49 21 48 52 9 34 38 18 41 8 24 42 6 11 7 29 
42 24 8 45 54 49 21 48 52 19 4 12 5 22 16 9 34 38 18 41 33 23 2 10 3 35 32 17 28 15 30 1 44 53 14 26 13 31 37 47 20 39 36 29 46 7 43 50 51 11 25 27 40 0 6 
51 50 25 43 30 1 46 7 29 31 37 47 36 20 14 53 44 28 17 3 35 23 45 32 40 27 0 42 24 8 10 2 33 41 54 18 38 34 48 21 49 52 9 12 22 13 26 16 5 4 19 39 15 11 6 
38 21 49 52 4 12 9 34 48 5 22 19 53 44 39 30 1 50 51 11 6 0 40 27 17 42 24 8 2 10 41 18 54 33 35 23 45 32 3 28 15 25 43 46 7 29 36 47 31 37 20 14 26 13 16 
42 8 24 2 10 41 33 54 49 21 38 34 9 12 4 19 22 5 16 52 48 18 35 23 3 32 45 17 15 28 30 1 46 7 43 25 39 44 53 14 26 13 31 37 47 20 36 29 27 50 51 11 0 6 40 
23 45 32 27 40 0 42 8 24 2 10 33 41 35 3 17 28 15 30 1 46 7 29 20 36 47 37 31 13 26 14 22 19 12 4 5 16 9 34 48 49 21 38 54 18 52 53 39 44 25 43 50 51 11 6 
29 7 46 17 3 45 32 40 0 50 27 51 11 6 42 8 24 2 35 23 41 10 33 54 21 49 48 9 34 38 18 52 12 4 22 19 5 16 14 26 13 31 37 20 47 36 39 44 53 28 1 25 43 30 15 
7 46 30 1 39 28 27 40 0 42 8 24 2 10 41 45 3 35 23 33 54 34 9 48 21 49 38 18 52 19 22 4 12 5 16 13 26 14 53 44 36 20 31 37 47 29 50 51 11 6 15 17 32 25 43 
5 22 12 48 34 4 52 21 49 23 35 3 17 28 39 1 30 25 43 46 7 15 27 50 51 11 6 24 8 42 0 40 32 45 2 10 41 33 54 18 38 9 19 53 44 20 14 26 13 31 37 47 36 29 16 
5 22 19 4 12 52 49 21 48 34 9 38 18 45 35 23 32 17 15 30 1 46 7 43 25 0 40 27 50 11 51 6 42 24 8 10 2 41 33 54 3 28 53 44 47 37 20 36 39 29 14 26 13 31 16 
8 24 2 23 45 32 17 28 15 27 40 42 6 11 51 50 25 43 7 46 30 1 39 44 53 20 37 47 36 29 31 13 26 14 52 48 9 12 4 19 22 5 16 34 38 21 49 3 35 54 33 10 41 18 0 
19 4 12 5 22 9 48 52 49 21 38 34 18 41 2 10 23 35 3 45 32 17 28 15 30 1 39 44 53 26 13 14 47 37 31 20 36 29 7 46 27 40 0 51 50 25 43 11 6 42 8 24 33 54 16 
20 44 53 28 15 27 40 32 45 2 10 41 33 54 21 49 52 48 34 38 18 9 12 4 19 22 5 16 13 26 14 31 37 47 29 30 1 43 25 50 51 11 6 42 0 24 8 23 35 3 17 36 39 46 7 
20 44 53 28 15 27 40 32 45 2 10 41 33 54 21 49 52 48 34 38 18 9 12 4 19 22 5 16 13 26 14 31 37 47 29 30 1 43 25 50 51 11 6 42 0 24 8 23 35 3 17 36 39 46 7 
24 8 42 27 40 32 45 23 54 33 10 2 41 35 3 17 15 30 1 25 43 46 7 29 31 37 47 20 14 26 13 19 22 5 12 4 52 48 9 34 18 38 21 49 16 39 36 44 53 28 50 51 11 0 6 
1 30 15 28 36 47 37 31 20 39 44 53 26 13 14 19 4 22 12 52 48 38 49 21 34 9 5 16 17 3 35 23 45 33 54 18 41 10 2 32 40 27 0 42 8 24 6 11 51 50 25 43 46 7 29 
12 4 22 19 52 48 38 21 49 54 33 10 2 45 32 40 42 8 24 0 27 30 43 25 50 51 11 6 15 39 44 53 13 26 14 37 47 20 31 36 29 7 46 1 28 17 3 35 23 41 18 34 9 5 16 
33 54 41 10 2 23 32 3 35 45 42 0 40 27 25 43 51 50 11 6 8 24 17 15 28 39 44 53 14 26 13 31 37 47 36 30 1 46 7 29 20 49 21 38 48 52 4 12 5 22 16 19 9 34 18 
19 4 12 5 22 14 31 37 47 36 20 44 39 7 46 43 1 30 40 0 42 32 45 23 35 3 17 27 50 51 11 6 8 24 2 10 41 33 54 21 49 48 38 18 34 9 52 53 28 15 25 29 26 13 16 
10 2 23 35 3 46 7 29 47 37 31 36 20 44 53 28 15 17 45 32 40 27 0 42 8 24 54 33 41 18 38 21 49 52 48 34 9 4 12 5 22 19 16 13 26 14 39 30 1 43 25 50 51 11 6 
34 38 21 49 54 33 23 45 32 40 27 25 43 51 50 0 42 8 24 10 2 35 3 17 15 30 1 39 44 53 28 19 4 12 5 16 52 48 9 22 13 26 14 31 37 47 36 20 29 7 46 11 6 41 18 
54 33 35 3 17 23 45 32 40 27 25 43 50 51 11 6 42 8 24 2 10 41 21 49 48 38 34 9 12 4 19 22 5 16 26 13 14 31 37 36 47 20 44 53 39 28 15 30 1 46 7 29 0 52 18 
33 54 41 2 10 24 8 42 0 27 17 28 39 44 53 23 35 3 45 32 15 40 50 51 11 6 30 1 25 43 46 7 29 47 37 31 20 36 14 26 13 19 4 12 5 16 22 52 48 9 21 49 38 34 18 
36 47 37 20 14 44 53 39 28 17 3 35 23 45 32 27 50 51 11 40 0 42 15 30 1 46 7 43 25 6 8 24 2 10 33 41 49 21 54 52 48 9 34 38 18 12 4 22 19 5 16 26 13 31 29 
38 21 49 48 52 12 4 22 19 13 26 20 36 47 37 31 14 53 44 39 1 30 15 27 32 40 0 42 8 24 50 51 11 6 43 25 46 7 29 28 17 3 35 54 33 10 2 45 23 41 18 34 9 5 16 
10 41 2 23 45 32 15 30 1 36 39 44 53 28 17 27 40 0 6 11 51 50 25 43 7 46 29 20 47 37 31 26 13 14 16 5 19 22 4 12 52 48 34 9 21 49 38 18 54 33 35 3 24 8 42 
0 42 40 27 50 51 11 43 25 30 1 7 46 29 36 47 20 31 37 14 26 13 53 44 39 28 15 17 3 35 23 45 24 8 2 10 41 33 54 49 21 38 52 12 4 19 22 5 16 18 34 9 48 32 6 
50 51 11 25 43 46 7 29 36 47 37 31 20 26 13 14 44 53 19 22 16 5 4 12 52 49 21 38 34 48 9 18 54 33 41 10 2 23 3 35 17 15 1 30 39 28 42 40 27 0 8 24 45 32 6 
30 1 39 36 47 37 20 44 53 28 15 17 3 35 23 33 38 48 9 34 18 21 49 52 19 22 4 12 5 16 13 26 14 31 29 46 7 43 25 40 0 51 50 11 6 2 10 41 54 45 42 8 24 27 32 
40 27 45 32 17 15 30 1 39 44 53 28 35 3 0 42 8 24 2 10 33 54 49 21 38 34 9 12 4 22 23 41 18 48 52 19 5 16 13 26 14 31 37 47 20 36 29 7 46 43 25 50 51 11 6 
5 12 4 34 48 38 21 49 10 2 23 45 32 40 27 50 51 11 6 42 0 15 30 1 39 44 53 13 26 14 37 31 47 36 20 29 7 46 43 25 28 17 3 35 54 33 41 24 8 18 9 52 19 22 16 
5 12 4 34 48 38 21 49 10 2 23 45 32 40 27 50 51 11 6 42 0 15 30 1 39 44 53 13 26 14 37 31 47 36 20 29 7 46 43 25 28 17 3 35 54 33 41 24 8 18 9 52 19 22 16 
14 53 44 20 37 47 36 1 25 43 29 7 46 30 15 28 17 32 45 23 3 35 0 40 27 50 51 11 6 42 8 24 2 10 41 33 49 21 38 18 34 9 12 4 52 48 54 19 22 5 16 26 13 31 39 
5 12 4 19 22 52 48 49 21 38 9 34 18 35 3 17 32 45 23 33 54 41 10 2 24 8 42 6 0 40 27 25 50 51 11 43 46 7 29 1 30 15 28 53 14 26 13 36 20 39 44 47 37 31 16 
19 5 4 12 52 48 9 34 38 21 49 33 54 3 35 23 2 10 8 24 45 32 17 28 30 1 39 44 53 47 37 31 14 26 13 20 36 29 7 46 43 25 50 51 0 40 27 15 6 11 42 41 18 22 16 
14 26 13 31 37 47 36 20 44 53 22 19 52 4 12 48 21 49 35 23 45 8 24 2 10 41 33 17 28 15 25 43 1 30 39 46 7 29 0 42 6 11 51 50 27 40 32 3 54 18 38 34 9 5 16 
28 15 44 30 1 39 20 37 47 36 29 7 46 43 25 0 40 27 50 51 11 6 42 8 24 10 2 23 35 3 17 32 45 54 33 41 21 49 52 48 38 18 4 12 9 34 19 5 22 16 26 14 31 13 53 
4 52 49 21 38 34 48 9 12 5 22 19 16 53 44 39 20 14 31 13 26 47 37 36 29 7 46 1 30 15 27 40 0 42 32 45 23 35 54 33 3 17 28 25 43 50 51 11 6 24 8 10 2 41 18 
11 51 50 27 0 40 42 8 24 2 10 35 23 45 3 17 30 1 39 44 53 28 15 25 43 46 7 29 47 36 20 31 37 13 26 19 4 12 5 22 52 48 38 21 49 54 33 41 18 34 9 16 14 32 6 
40 42 0 11 51 50 25 43 46 7 29 47 20 37 31 14 26 13 16 19 22 4 12 52 48 21 49 54 33 41 10 2 24 8 45 23 35 3 17 27 32 28 15 30 1 36 44 39 53 5 9 34 38 18 6 
7 46 43 25 1 30 39 28 17 3 35 23 45 32 27 40 0 50 51 11 6 42 8 24 2 10 41 33 54 49 21 38 18 52 19 4 12 5 22 9 48 34 16 13 26 14 20 53 44 36 47 37 31 29 15 
40 27 15 39 1 30 17 28 36 47 37 20 31 13 26 14 53 44 29 46 7 25 43 50 51 11 0 42 8 24 10 23 45 35 3 54 21 49 38 48 52 12 4 5 22 19 16 9 34 18 33 41 2 32 6 
27 25 43 46 7 29 1 30 39 44 28 17 32 45 2 10 23 33 54 49 21 38 12 4 22 5 16 13 26 14 31 37 47 20 36 53 19 52 48 9 34 18 41 35 3 42 40 0 11 51 50 15 24 8 6 
51 11 50 15 17 28 1 30 39 44 53 14 13 26 37 47 36 20 31 29 7 46 43 25 27 32 40 0 42 8 24 2 10 41 33 54 3 35 23 45 21 49 52 19 4 12 5 16 22 48 38 34 9 18 6 
31 37 47 20 14 26 13 53 44 28 17 3 35 23 2 10 41 33 54 18 34 48 38 21 49 52 12 4 19 22 5 16 9 45 32 40 0 51 50 25 15 27 42 8 24 6 11 43 46 7 29 1 30 36 39 
52 5 22 19 4 12 9 34 49 21 38 48 3 35 54 33 41 10 2 24 8 0 42 40 27 50 51 11 6 43 25 15 32 45 23 17 28 44 53 20 37 47 36 39 1 30 46 7 29 31 26 13 14 16 18 
24 8 42 0 32 45 23 35 3 17 40 27 15 30 25 43 50 51 11 6 2 10 33 54 21 49 38 34 9 48 52 12 5 4 22 19 53 44 39 28 1 46 7 29 36 20 47 37 31 14 26 13 16 18 41 
35 23 3 32 27 40 0 51 50 11 6 24 8 42 30 1 39 20 37 47 36 44 53 14 26 13 31 29 46 7 43 25 15 45 2 10 41 33 54 18 38 48 21 49 34 9 52 19 22 4 12 5 16 28 17 
40 0 11 51 50 25 30 1 15 28 17 3 35 54 33 2 8 42 32 45 23 41 10 24 49 21 38 48 52 18 34 9 12 4 5 19 22 16 26 13 14 47 37 31 20 36 39 44 53 29 46 7 43 27 6 
3 35 23 17 32 45 2 10 41 33 54 49 21 38 34 48 52 4 12 19 53 44 39 28 30 1 43 25 11 51 50 40 27 0 42 8 24 6 46 7 29 36 37 47 31 20 14 26 13 22 5 16 9 18 15 
35 23 33 54 41 10 2 8 24 42 0 40 27 32 45 3 17 50 51 11 6 25 43 46 7 29 47 37 31 26 13 14 44 53 39 20 36 1 30 15 28 48 34 38 21 49 52 19 4 12 9 5 22 16 18 
24 8 42 40 51 50 11 43 25 46 7 29 1 30 15 28 17 32 10 2 45 23 35 3 54 33 41 18 34 9 38 48 21 49 52 4 12 19 22 5 16 13 26 14 47 37 31 20 36 39 44 53 0 27 6 
15 50 51 11 6 40 27 0 42 8 24 10 2 23 45 32 17 3 35 54 33 41 18 49 21 38 48 52 9 34 4 22 19 12 5 16 13 26 14 31 37 47 39 53 44 36 20 30 1 7 46 43 25 29 28 
15 50 51 11 6 40 27 0 42 8 24 10 2 23 45 32 17 3 35 54 33 41 18 49 21 38 48 52 9 34 4 22 19 12 5 16 13 26 14 31 37 47 39 53 44 36 20 30 1 7 46 43 25 29 28 
50 51 11 1 30 15 28 53 14 26 13 16 4 19 22 12 5 9 52 48 21 38 49 34 18 54 33 41 35 3 23 2 10 24 8 42 32 40 27 25 43 46 7 29 36 47 37 31 20 44 39 17 45 0 6 
54 33 41 10 2 24 8 42 0 40 27 32 17 15 30 50 51 11 6 25 43 46 7 47 37 31 26 13 14 20 53 44 39 36 29 1 28 35 3 45 23 21 49 38 48 9 12 4 52 22 19 16 5 34 18 
54 33 41 10 2 24 8 42 0 40 27 32 17 15 30 50 51 11 6 25 43 46 7 47 37 31 26 13 14 20 53 44 39 36 29 1 28 35 3 45 23 21 49 38 48 9 12 4 52 22 19 16 5 34 18 
6 0 11 51 50 25 43 46 7 29 47 37 31 20 36 39 44 53 14 26 13 16 5 12 4 22 19 52 9 34 38 18 21 49 48 54 33 35 3 23 2 10 24 8 45 32 17 27 15 30 1 28 41 40 42 
38 21 49 52 4 12 9 34 48 5 22 19 53 44 39 30 1 50 51 11 6 0 40 27 17 42 24 8 2 10 41 18 54 33 35 23 45 32 3 28 15 25 43 46 7 29 36 47 31 37 20 14 26 13 16 
20 47 36 39 1 30 15 27 40 0 42 32 45 10 2 23 35 3 17 28 53 44 14 26 19 22 16 5 4 12 9 34 21 48 52 38 18 33 54 49 41 8 24 6 50 51 11 25 43 46 7 29 37 31 13 
20 47 36 39 1 30 15 27 40 0 42 32 45 10 2 23 35 3 17 28 53 44 14 26 19 22 16 5 4 12 9 34 21 48 52 38 18 33 54 49 41 8 24 6 50 51 11 25 43 46 7 29 37 31 13 
4 52 48 49 21 38 9 34 18 54 35 23 32 17 28 44 53 39 1 30 15 27 0 50 51 11 6 42 24 8 10 2 3 33 41 45 40 25 43 46 7 29 31 37 47 36 20 14 26 13 16 5 12 19 22 
0 42 24 8 45 3 35 23 2 10 33 41 54 48 38 34 9 12 4 5 16 22 19 49 21 52 18 28 53 36 37 31 47 20 14 26 13 44 39 1 30 15 17 32 40 27 25 43 46 7 29 50 51 11 6 
13 26 14 37 47 20 36 44 53 15 28 39 1 30 43 25 50 51 11 40 0 27 32 17 3 35 23 33 54 21 49 38 48 9 52 12 4 19 22 5 16 34 18 41 10 2 8 24 45 42 6 46 7 29 31 
0 40 27 25 43 50 51 11 6 42 8 24 2 10 41 33 54 35 23 45 32 17 3 28 15 30 1 39 44 20 37 47 36 31 14 53 19 22 4 12 9 48 38 34 18 21 49 52 5 16 26 13 29 7 46 
15 30 1 25 43 46 7 29 36 47 37 31 44 53 14 26 13 20 39 27 51 50 11 6 40 32 45 42 0 24 8 35 3 2 10 33 54 38 48 49 21 52 12 4 19 22 16 5 9 34 18 41 23 17 28 
43 25 30 1 39 44 53 28 17 32 45 8 24 2 10 41 33 54 35 3 27 15 50 51 11 0 40 42 6 46 7 29 31 37 47 36 20 14 26 13 16 4 12 5 22 19 52 49 21 38 34 48 9 18 23 
24 8 42 0 27 40 32 3 17 15 25 43 30 1 39 36 47 37 20 31 14 26 13 22 19 4 12 5 16 38 21 49 52 48 34 9 18 54 33 23 45 2 10 41 35 28 53 44 29 46 7 51 11 50 6 
14 53 44 20 37 47 36 1 25 43 29 7 46 30 15 28 17 32 45 23 3 35 0 40 27 50 51 11 6 42 8 24 2 10 41 33 49 21 38 18 34 9 12 4 52 48 54 19 22 5 16 26 13 31 39 
11 51 50 27 0 40 42 8 24 2 10 35 23 45 3 17 30 1 39 44 53 28 15 25 43 46 7 29 47 36 20 31 37 13 26 19 4 12 5 22 52 48 38 21 49 54 33 41 18 34 9 16 14 32 6 
46 7 43 25 50 51 11 0 42 8 24 45 32 40 27 15 30 1 39 36 47 37 31 26 13 14 44 53 28 17 3 35 23 2 10 33 54 49 21 38 52 48 12 4 19 22 16 5 9 34 18 41 6 20 29 
10 2 24 8 42 0 40 32 17 3 35 23 33 54 41 34 9 48 38 21 49 52 12 4 5 16 13 26 14 31 37 47 36 20 44 53 19 22 28 15 30 1 25 43 46 7 29 39 27 51 50 11 6 45 18 
47 20 37 31 36 1 30 39 44 53 14 26 13 16 5 22 19 4 12 52 9 34 48 21 49 38 3 45 32 17 28 15 27 40 0 42 8 24 2 10 33 54 35 23 41 18 6 11 51 50 25 43 46 7 29 
47 20 37 31 36 1 30 39 44 53 14 26 13 16 5 22 19 4 12 52 9 34 48 21 49 38 3 45 32 17 28 15 27 40 0 42 8 24 2 10 33 54 35 23 41 18 6 11 51 50 25 43 46 7 29 
20 53 44 39 36 47 37 31 29 7 46 50 51 43 25 30 1 28 15 27 32 45 3 35 23 2 10 33 54 49 21 38 48 52 12 4 19 22 5 9 34 18 41 8 24 42 40 0 11 6 17 16 13 26 14 
52 38 34 48 49 21 54 33 35 23 32 45 40 27 3 17 28 15 30 1 39 36 47 20 37 31 14 26 13 16 5 12 4 22 19 53 44 7 46 29 43 25 51 50 11 0 42 24 8 6 10 2 41 18 9 
15 27 0 40 8 24 45 3 35 23 2 10 41 33 54 49 21 38 48 52 4 12 5 9 34 18 19 22 16 13 26 31 37 47 20 36 1 30 43 25 50 51 11 6 42 32 17 28 44 53 14 39 46 7 29 
47 37 20 36 39 44 53 26 13 14 31 29 46 7 43 50 51 11 0 42 8 24 2 10 33 54 35 3 28 17 32 40 27 25 1 30 15 6 23 45 41 18 34 9 48 21 49 38 52 4 12 5 19 22 16 
40 27 45 32 17 15 30 1 39 44 53 28 35 3 0 42 8 24 2 10 33 54 49 21 38 34 9 12 4 22 23 41 18 48 52 19 5 16 13 26 14 31 37 47 20 36 29 7 46 43 25 50 51 11 6 
47 37 31 20 36 39 44 53 19 4 12 9 48 52 49 21 38 34 33 54 18 41 10 2 23 35 3 45 24 8 42 17 15 27 32 40 0 6 11 51 50 43 25 46 7 29 1 30 28 13 26 14 22 16 5 
42 24 8 45 54 49 21 48 52 19 4 12 5 22 16 9 34 38 18 41 33 23 2 10 3 35 32 17 28 15 30 1 44 53 14 26 13 31 37 47 20 39 36 29 46 7 43 50 51 11 25 27 40 0 6 
42 24 8 45 54 49 21 48 52 19 4 12 5 22 16 9 34 38 18 41 33 23 2 10 3 35 32 17 28 15 30 1 44 53 14 26 13 31 37 47 20 39 36 29 46 7 43 50 51 11 25 27 40 0 6 
31 37 47 20 26 13 14 36 39 1 44 53 28 17 3 35 23 2 10 41 33 54 48 9 4 12 16 22 19 5 52 49 21 38 34 18 32 45 8 24 42 0 40 27 50 51 11 6 43 25 30 15 7 46 29 
13 26 14 53 44 39 36 20 37 47 31 29 7 46 43 30 1 25 27 51 50 11 0 40 32 24 8 2 10 23 35 3 17 28 15 45 42 6 41 33 54 18 38 48 49 21 52 4 19 22 5 12 9 34 16 
