10 7 35 31 39 14 42 52 3 48 44 15 46 21 6 49 45 27 26 38 13 17 22 37 32 8 5 28 33 30 23 4 47 54 29 11 16 1 40 19 34 18 20 2 50 41 12 0 24 51 53 43 9 25 36 
23 33 42 25 51 53 24 20 27 26 29 12 17 2 22 40 13 45 49 48 36 47 37 5 4 11 28 32 8 52 50 43 54 21 3 16 31 39 38 9 19 6 44 34 1 41 18 15 10 14 35 0 46 7 30 
23 33 5 11 36 9 17 18 48 24 30 44 14 20 12 53 35 38 43 22 46 52 39 51 31 10 45 26 6 19 15 32 42 28 37 50 7 41 49 47 21 0 34 3 2 40 25 29 1 13 27 16 54 4 8 
16 11 14 34 17 1 8 29 37 35 15 38 30 48 53 44 6 13 20 21 36 51 7 42 47 23 41 12 25 9 2 54 10 19 40 32 28 39 49 26 45 27 22 52 24 3 5 50 0 46 18 43 33 31 4 
30 21 4 52 16 17 12 10 39 6 38 51 34 50 24 35 49 15 29 32 41 23 48 43 20 26 47 46 40 45 27 13 7 44 42 8 25 3 53 22 0 36 33 31 28 14 9 2 19 18 1 11 5 54 37 
47 41 42 50 51 37 16 11 43 14 35 3 29 27 48 33 9 36 28 31 2 19 21 46 13 26 54 44 23 40 20 18 25 5 4 15 22 10 45 38 6 34 32 53 8 39 24 12 7 52 17 49 30 1 0 
47 41 42 50 51 37 16 11 43 14 35 3 29 27 48 33 9 36 28 31 2 19 21 46 13 26 54 44 23 40 20 18 25 5 4 15 22 10 45 38 6 34 32 53 8 39 24 12 7 52 17 49 30 1 0 
4 29 15 45 1 38 6 40 0 14 25 34 50 8 20 48 24 39 18 17 9 32 10 5 11 13 49 41 3 37 27 30 31 19 21 46 28 42 7 16 26 33 23 53 36 43 12 35 51 52 54 44 22 2 47 
4 29 15 45 1 38 6 40 0 14 25 34 50 8 20 48 24 39 18 17 9 32 10 5 11 13 49 41 3 37 27 30 31 19 21 46 28 42 7 16 26 33 23 53 36 43 12 35 51 52 54 44 22 2 47 
11 0 37 53 45 50 39 7 25 26 43 27 32 47 49 8 31 5 12 24 2 15 1 38 52 14 35 42 3 51 44 17 54 4 34 19 16 6 28 22 23 33 46 29 9 36 10 41 18 13 21 40 20 30 48 
3 38 47 1 15 48 40 28 35 26 33 30 11 2 34 46 4 54 8 5 16 22 43 44 17 24 53 6 21 7 41 9 0 14 12 39 52 13 45 32 50 18 19 20 27 29 23 25 31 36 49 37 42 51 10 
3 38 47 1 15 48 40 28 35 26 33 30 11 2 34 46 4 54 8 5 16 22 43 44 17 24 53 6 21 7 41 9 0 14 12 39 52 13 45 32 50 18 19 20 27 29 23 25 31 36 49 37 42 51 10 
13 10 29 4 5 22 38 47 21 6 36 32 42 7 24 14 8 33 18 46 31 9 26 45 20 53 11 12 27 15 44 41 16 2 19 34 1 40 25 39 52 28 30 35 17 51 3 0 49 50 48 23 43 37 54 
13 10 29 4 5 22 38 47 21 6 36 32 42 7 24 14 8 33 18 46 31 9 26 45 20 53 11 12 27 15 44 41 16 2 19 34 1 40 25 39 52 28 30 35 17 51 3 0 49 50 48 23 43 37 54 
13 51 3 48 50 53 43 2 17 15 28 4 29 26 6 25 31 34 38 21 20 47 5 7 41 16 0 14 46 42 52 9 32 10 54 45 12 39 37 11 30 24 33 18 19 44 35 22 49 23 36 27 40 1 8 
13 51 3 48 50 53 43 2 17 15 28 4 29 26 6 25 31 34 38 21 20 47 5 7 41 16 0 14 46 42 52 9 32 10 54 45 12 39 37 11 30 24 33 18 19 44 35 22 49 23 36 27 40 1 8 
41 43 10 25 35 51 3 0 31 38 8 12 28 32 54 21 34 22 20 39 49 24 50 1 16 11 33 47 29 52 45 2 18 17 7 44 46 15 53 4 23 37 42 5 36 27 30 6 19 9 14 13 26 40 48 
41 43 10 25 35 51 3 0 31 38 8 12 28 32 54 21 34 22 20 39 49 24 50 1 16 11 33 47 29 52 45 2 18 17 7 44 46 15 53 4 23 37 42 5 36 27 30 6 19 9 14 13 26 40 48 
31 29 16 34 2 12 50 26 53 30 13 40 38 28 24 44 6 51 20 15 23 33 36 9 49 18 21 46 3 8 25 54 4 22 5 37 47 39 7 27 43 41 17 52 45 1 11 48 14 42 10 35 32 19 0 
31 29 16 34 2 12 50 26 53 30 13 40 38 28 24 44 6 51 20 15 23 33 36 9 49 18 21 46 3 8 25 54 4 22 5 37 47 39 7 27 43 41 17 52 45 1 11 48 14 42 10 35 32 19 0 
13 34 40 5 23 37 29 52 42 39 41 15 20 45 38 16 24 31 25 51 53 30 36 49 32 3 48 7 9 8 14 47 19 27 26 33 6 46 10 44 4 17 18 43 2 12 35 28 50 21 22 1 0 54 11 
46 53 26 48 32 6 54 11 5 39 19 2 0 43 18 35 12 20 15 51 10 25 24 21 42 31 29 13 50 41 14 27 30 4 37 17 38 49 45 34 3 23 33 47 8 36 44 9 52 28 7 22 16 1 40 
52 37 32 13 53 40 30 26 22 16 45 50 2 1 51 21 17 18 29 3 35 24 33 12 42 10 8 4 23 31 28 5 41 48 6 47 39 7 49 34 25 9 0 14 44 43 15 19 20 27 38 36 46 54 11 
48 20 32 25 5 9 33 38 1 13 47 6 21 19 18 12 17 45 28 35 46 39 44 0 10 16 53 2 42 52 23 24 29 11 40 27 36 7 22 3 37 4 51 43 30 50 15 8 14 34 49 26 54 31 41 
27 47 6 19 1 36 45 53 46 21 43 48 11 52 31 28 40 17 32 13 16 26 24 51 50 37 34 49 33 30 9 44 38 29 42 3 25 18 2 41 14 39 10 35 12 5 4 23 22 20 8 15 7 0 54 
37 29 31 30 32 7 1 35 18 22 3 48 40 41 9 52 43 15 45 46 33 49 42 51 39 24 12 2 5 8 16 13 47 34 20 50 26 27 36 44 6 4 14 21 19 38 11 28 10 54 23 17 53 25 0 
39 11 36 42 15 44 32 25 31 26 35 50 1 28 47 54 34 16 7 14 12 51 24 40 18 53 37 45 19 22 27 52 0 41 4 49 30 23 43 13 48 21 2 46 17 38 6 33 8 29 20 10 9 5 3 
25 47 11 49 33 10 42 24 38 16 12 18 8 14 17 43 7 48 28 19 20 27 44 6 53 22 23 26 40 45 29 52 35 36 30 31 39 32 50 9 37 41 15 51 3 0 2 46 13 34 1 21 5 4 54 
22 26 20 36 7 18 43 1 44 31 9 42 8 50 41 24 11 52 39 37 3 13 35 2 46 15 45 19 53 16 34 4 6 29 47 49 48 23 25 5 28 33 30 10 0 40 51 14 21 17 32 27 38 54 12 
22 26 20 36 7 18 43 1 44 31 9 42 8 50 41 24 11 52 39 37 3 13 35 2 46 15 45 19 53 16 34 4 6 29 47 49 48 23 25 5 28 33 30 10 0 40 51 14 21 17 32 27 38 54 12 
12 7 21 26 18 52 31 23 33 10 8 32 37 27 13 41 15 5 48 11 22 54 1 38 50 16 49 40 17 47 46 43 24 2 51 20 14 28 53 6 30 25 42 35 3 39 44 19 36 4 29 45 9 34 0 
20 17 19 48 18 15 51 46 38 54 41 9 36 23 42 32 44 3 4 26 13 28 33 12 30 7 27 35 37 43 31 40 53 16 47 8 5 52 0 25 14 10 24 22 49 29 50 2 21 45 1 11 39 34 6 
14 12 29 49 26 27 43 20 2 7 48 18 17 34 38 47 46 42 25 45 36 37 4 30 32 44 53 15 21 40 54 35 9 28 5 33 23 31 13 3 24 41 19 16 8 11 10 6 39 0 52 50 1 22 51 
14 12 29 49 26 27 43 20 2 7 48 18 17 34 38 47 46 42 25 45 36 37 4 30 32 44 53 15 21 40 54 35 9 28 5 33 23 31 13 3 24 41 19 16 8 11 10 6 39 0 52 50 1 22 51 
38 22 16 51 24 53 47 4 27 46 14 19 35 29 52 37 30 17 34 5 10 36 25 6 43 50 2 13 44 45 49 8 39 33 1 20 40 11 15 12 48 28 32 18 23 42 21 26 3 41 31 0 9 7 54 
41 18 9 30 33 40 1 43 50 44 45 10 52 47 38 49 19 11 15 0 3 48 51 7 54 13 16 20 32 5 25 27 29 22 36 39 23 2 37 14 24 31 8 4 42 34 6 28 17 12 26 21 35 46 53 
2 44 8 37 47 52 19 49 22 23 9 42 54 38 45 33 28 1 34 11 25 14 20 17 13 12 32 5 35 21 50 43 46 30 26 16 3 24 31 40 27 7 41 36 6 48 51 15 18 4 29 53 10 39 0 
2 44 8 37 47 52 19 49 22 23 9 42 54 38 45 33 28 1 34 11 25 14 20 17 13 12 32 5 35 21 50 43 46 30 26 16 3 24 31 40 27 7 41 36 6 48 51 15 18 4 29 53 10 39 0 
2 14 8 28 50 52 48 29 36 4 26 17 45 47 23 22 35 39 38 18 3 46 20 42 7 12 40 16 27 54 49 1 9 32 41 44 21 34 33 25 19 31 53 5 10 37 15 6 13 11 30 24 43 51 0 
9 50 47 52 4 54 45 27 30 33 5 12 35 1 41 14 16 40 38 20 44 31 51 15 53 29 43 2 39 46 49 3 13 21 6 23 25 34 11 26 17 7 37 8 42 48 22 10 18 19 36 24 28 32 0 
21 39 13 34 11 6 10 25 38 35 15 43 48 2 20 51 46 3 44 30 26 47 54 32 50 45 1 28 19 12 14 42 9 24 5 41 7 8 36 18 40 16 29 37 53 31 17 27 22 23 4 0 52 33 49 
21 39 13 34 11 6 10 25 38 35 15 43 48 2 20 51 46 3 44 30 26 47 54 32 50 45 1 28 19 12 14 42 9 24 5 41 7 8 36 18 40 16 29 37 53 31 17 27 22 23 4 0 52 33 49 
49 43 16 45 35 54 13 21 15 20 40 32 28 14 11 26 4 23 39 8 53 29 27 34 46 36 2 52 31 37 51 42 38 7 25 50 41 12 0 6 10 48 17 24 19 47 33 9 44 3 30 22 5 18 1 
46 27 37 45 18 11 39 30 32 9 44 43 8 25 24 14 42 15 33 41 31 1 40 50 48 35 4 12 0 34 21 6 20 29 2 28 36 23 5 49 19 26 16 13 10 7 3 47 17 52 38 54 22 53 51 
13 22 41 44 16 26 38 52 36 42 3 15 51 33 19 17 21 6 10 32 23 27 43 50 11 4 47 28 45 31 53 48 25 30 9 35 8 5 49 40 7 54 2 37 12 18 20 34 46 24 29 1 0 39 14 
13 22 41 44 16 26 38 52 36 42 3 15 51 33 19 17 21 6 10 32 23 27 43 50 11 4 47 28 45 31 53 48 25 30 9 35 8 5 49 40 7 54 2 37 12 18 20 34 46 24 29 1 0 39 14 
24 25 37 16 12 39 48 28 27 42 30 31 46 0 15 34 4 29 38 40 19 17 44 45 13 49 43 1 52 32 14 2 22 6 3 10 7 21 47 33 36 5 18 8 20 35 51 9 11 23 54 26 41 50 53 
24 25 37 16 12 39 48 28 27 42 30 31 46 0 15 34 4 29 38 40 19 17 44 45 13 49 43 1 52 32 14 2 22 6 3 10 7 21 47 33 36 5 18 8 20 35 51 9 11 23 54 26 41 50 53 
42 9 10 31 0 41 34 24 48 35 32 12 49 13 25 52 4 19 53 15 3 28 17 8 2 50 45 21 22 7 30 47 18 27 29 46 39 33 1 20 44 38 14 43 51 37 5 36 16 26 23 11 6 54 40 
22 43 18 12 27 25 37 0 39 5 52 1 50 24 53 44 16 36 54 34 48 35 2 26 40 19 15 8 30 23 47 3 10 4 46 32 20 17 28 6 45 14 51 7 9 21 41 11 38 13 33 29 31 42 49 
51 22 13 4 5 30 23 6 14 29 40 50 43 53 49 47 7 24 26 8 39 9 15 10 20 33 38 27 45 11 1 16 54 44 48 41 42 17 18 19 2 46 25 28 35 34 31 32 37 36 3 0 21 12 52 
27 8 2 26 42 3 14 51 35 0 22 21 44 43 20 17 16 48 41 12 52 7 10 25 9 5 31 13 24 53 6 47 1 40 34 37 39 30 19 46 15 28 50 38 32 18 54 33 36 23 29 4 49 11 45 
27 8 2 26 42 3 14 51 35 0 22 21 44 43 20 17 16 48 41 12 52 7 10 25 9 5 31 13 24 53 6 47 1 40 34 37 39 30 19 46 15 28 50 38 32 18 54 33 36 23 29 4 49 11 45 
1 53 42 44 32 38 46 23 15 36 18 41 43 45 12 7 21 22 39 52 8 20 2 34 17 28 25 10 51 31 24 50 16 29 33 11 48 49 40 13 3 19 6 47 4 30 37 35 54 26 5 14 9 0 27 
1 53 42 44 32 38 46 23 15 36 18 41 43 45 12 7 21 22 39 52 8 20 2 34 17 28 25 10 51 31 24 50 16 29 33 11 48 49 40 13 3 19 6 47 4 30 37 35 54 26 5 14 9 0 27 
36 6 33 9 49 18 34 42 54 29 7 45 27 39 51 48 25 35 23 32 20 44 3 5 8 12 50 28 13 16 37 24 4 38 21 46 17 15 40 11 22 2 41 0 19 43 47 30 14 1 26 10 31 52 53 
36 6 33 9 49 18 34 42 54 29 7 45 27 39 51 48 25 35 23 32 20 44 3 5 8 12 50 28 13 16 37 24 4 38 21 46 17 15 40 11 22 2 41 0 19 43 47 30 14 1 26 10 31 52 53 
23 43 22 47 6 53 10 28 54 20 39 14 30 38 4 11 26 31 18 37 36 8 19 13 49 34 0 33 32 42 51 1 45 27 21 17 3 16 24 35 9 7 29 2 12 50 46 5 40 15 48 25 41 44 52 
46 28 20 34 53 50 2 17 1 44 3 30 26 21 40 22 27 33 16 43 24 52 18 29 12 32 37 35 4 10 48 39 38 6 45 47 8 25 51 0 7 11 23 15 13 41 9 5 31 49 19 14 42 36 54 
46 28 20 34 53 50 2 17 1 44 3 30 26 21 40 22 27 33 16 43 24 52 18 29 12 32 37 35 4 10 48 39 38 6 45 47 8 25 51 0 7 11 23 15 13 41 9 5 31 49 19 14 42 36 54 
51 45 10 20 48 43 34 29 15 36 42 7 35 52 38 13 6 30 19 40 16 17 27 47 0 37 5 22 33 41 31 4 18 14 50 26 9 25 39 44 21 49 23 8 32 2 1 24 46 28 11 54 3 53 12 
35 15 11 38 13 50 22 31 2 1 20 45 49 43 51 47 12 40 41 23 7 46 36 18 27 26 19 34 29 16 44 5 3 32 30 42 25 52 37 33 0 14 39 9 8 24 48 17 53 21 4 54 6 28 10 
30 28 3 37 41 0 6 13 15 49 14 39 12 7 19 18 50 51 40 20 42 33 32 46 34 21 23 36 2 17 1 26 45 24 10 31 48 35 9 43 44 16 38 53 47 4 8 22 29 52 5 27 25 11 54 
30 28 3 37 41 0 6 13 15 49 14 39 12 7 19 18 50 51 40 20 42 33 32 46 34 21 23 36 2 17 1 26 45 24 10 31 48 35 9 43 44 16 38 53 47 4 8 22 29 52 5 27 25 11 54 
23 31 18 37 19 53 24 6 11 38 3 44 17 0 41 52 30 51 21 46 43 28 16 9 48 33 15 27 5 14 50 12 20 34 1 49 47 36 4 25 10 2 39 32 8 45 26 42 7 13 40 35 22 29 54 
9 35 19 43 24 15 23 4 10 0 44 28 37 47 54 6 2 50 26 27 53 36 51 8 5 12 3 40 18 32 33 14 1 49 38 17 45 48 21 20 22 30 11 29 46 31 42 34 52 39 41 7 16 13 25 
51 38 1 40 27 28 9 3 18 39 14 23 30 11 16 37 54 49 4 5 2 44 48 7 20 47 32 43 24 26 6 10 25 46 22 19 45 12 34 13 42 35 53 15 36 33 17 21 8 31 29 50 52 0 41 
46 44 42 24 14 6 11 9 27 4 33 31 35 51 18 22 16 37 52 12 49 23 2 41 0 48 5 47 34 53 15 20 10 7 43 40 19 28 45 29 38 36 50 30 8 26 54 1 21 17 13 3 39 25 32 
30 22 47 36 23 10 8 40 37 46 50 35 52 26 19 12 48 44 7 31 20 33 28 27 25 14 39 43 45 11 16 17 34 13 1 24 41 5 9 3 42 32 38 53 49 0 18 6 4 51 2 29 21 15 54 
44 43 13 28 39 9 8 7 38 21 42 15 45 1 53 54 2 20 22 12 47 5 35 37 40 32 25 29 31 3 19 17 46 27 4 52 36 23 11 26 16 6 10 41 0 51 49 50 18 24 48 34 30 33 14 
12 16 53 47 38 40 11 51 41 20 50 1 29 49 14 48 7 4 54 45 44 27 19 43 52 39 24 37 25 32 21 36 31 2 35 34 6 33 5 30 28 26 15 23 3 22 18 17 13 10 9 8 0 46 42 
12 16 53 47 38 40 11 51 41 20 50 1 29 49 14 48 7 4 54 45 44 27 19 43 52 39 24 37 25 32 21 36 31 2 35 34 6 33 5 30 28 26 15 23 3 22 18 17 13 10 9 8 0 46 42 
37 34 50 20 16 12 51 18 0 41 8 5 23 14 49 44 10 46 1 27 29 28 7 31 9 42 21 48 17 43 30 38 26 11 32 36 40 53 54 2 24 39 25 15 19 6 47 3 33 45 22 4 35 13 52 
11 33 37 51 12 50 10 23 44 42 49 0 28 48 46 47 45 20 6 43 41 38 16 29 1 40 8 39 9 36 35 34 24 2 32 31 52 27 22 13 26 25 21 19 3 18 17 15 14 7 5 4 54 30 53 
28 30 52 31 38 47 14 5 32 17 46 20 29 45 16 15 41 34 40 44 43 1 24 35 42 39 0 37 4 7 36 10 27 49 26 25 9 23 3 13 22 21 11 19 48 12 8 51 2 54 50 18 53 33 6 
28 30 52 31 38 47 14 5 32 17 46 20 29 45 16 15 41 34 40 44 43 1 24 35 42 39 0 37 4 7 36 10 27 49 26 25 9 23 3 13 22 21 11 19 48 12 8 51 2 54 50 18 53 33 6 
39 23 34 52 41 19 26 17 13 1 16 22 37 24 40 10 33 27 4 7 43 36 30 2 53 54 42 32 48 49 44 35 3 45 46 18 50 11 9 5 51 12 31 20 25 47 21 6 15 38 29 8 28 14 0 
48 22 25 6 4 32 36 53 0 43 16 33 46 13 12 52 27 45 18 34 5 8 9 26 21 51 41 20 44 14 7 50 31 11 29 49 38 15 17 47 42 37 24 40 19 39 23 35 10 30 28 3 2 1 54 
48 22 25 6 4 32 36 53 0 43 16 33 46 13 12 52 27 45 18 34 5 8 9 26 21 51 41 20 44 14 7 50 31 11 29 49 38 15 17 47 42 37 24 40 19 39 23 35 10 30 28 3 2 1 54 
24 31 39 43 21 49 7 13 0 53 47 29 16 1 46 6 37 12 14 20 25 8 41 23 2 45 35 3 10 33 44 30 52 9 4 18 28 40 19 48 36 5 15 11 26 34 32 42 17 22 54 27 38 50 51 
10 34 23 40 6 17 32 39 1 19 20 28 5 30 27 38 37 44 4 52 0 42 36 29 13 26 18 47 12 24 41 21 45 54 2 14 25 50 16 7 3 35 51 48 53 31 43 9 8 33 11 22 15 49 46 
10 34 23 40 6 17 32 39 1 19 20 28 5 30 27 38 37 44 4 52 0 42 36 29 13 26 18 47 12 24 41 21 45 54 2 14 25 50 16 7 3 35 51 48 53 31 43 9 8 33 11 22 15 49 46 
5 10 9 38 49 6 12 32 28 52 0 35 48 21 29 47 15 27 54 41 23 18 44 45 1 26 2 31 19 20 13 8 50 16 40 42 3 33 37 39 4 11 43 22 30 34 7 25 17 46 14 53 24 51 36 
10 42 19 35 51 16 54 32 33 37 5 25 7 53 9 6 28 27 11 8 34 22 52 23 15 12 24 30 36 17 40 13 21 50 49 14 0 20 45 46 26 48 38 29 47 31 39 41 44 43 1 3 18 4 2 
37 32 25 31 39 2 36 3 22 26 42 33 27 45 38 4 20 0 52 18 51 28 46 29 54 6 21 35 10 9 7 8 53 13 30 11 1 47 12 15 16 23 24 17 40 19 44 34 48 41 43 49 50 5 14 
37 32 25 31 39 2 36 3 22 26 42 33 27 45 38 4 20 0 52 18 51 28 46 29 54 6 21 35 10 9 7 8 53 13 30 11 1 47 12 15 16 23 24 17 40 19 44 34 48 41 43 49 50 5 14 
44 18 34 21 0 49 6 28 24 25 11 1 13 17 48 36 47 46 4 2 32 3 5 42 22 45 40 27 38 43 41 7 52 8 31 15 37 9 10 30 35 53 29 12 14 26 16 19 51 20 54 23 33 39 50 
44 18 34 21 0 49 6 28 24 25 11 1 13 17 48 36 47 46 4 2 32 3 5 42 22 45 40 27 38 43 41 7 52 8 31 15 37 9 10 30 35 53 29 12 14 26 16 19 51 20 54 23 33 39 50 
50 18 12 24 45 33 30 35 36 10 0 7 8 9 38 43 15 11 37 28 32 16 13 26 21 1 31 17 44 51 14 20 29 22 23 40 25 2 41 53 3 39 48 42 46 4 5 52 54 6 19 47 27 34 49 
50 18 12 24 45 33 30 35 36 10 0 7 8 9 38 43 15 11 37 28 32 16 13 26 21 1 31 17 44 51 14 20 29 22 23 40 25 2 41 53 3 39 48 42 46 4 5 52 54 6 19 47 27 34 49 
18 25 32 39 3 31 24 28 48 44 41 51 50 46 35 9 52 30 54 33 10 26 22 38 43 23 29 11 47 14 4 0 21 42 36 15 8 13 6 20 7 34 45 1 37 49 27 2 12 5 40 16 17 19 53 
18 25 32 39 3 31 24 28 48 44 41 51 50 46 35 9 52 30 54 33 10 26 22 38 43 23 29 11 47 14 4 0 21 42 36 15 8 13 6 20 7 34 45 1 37 49 27 2 12 5 40 16 17 19 53 
34 47 26 38 40 14 36 4 53 43 21 13 28 32 5 20 31 22 8 11 44 48 39 0 18 50 54 23 33 17 35 15 1 29 10 46 49 24 37 2 42 51 41 27 6 25 52 3 30 12 9 7 45 16 19 
47 26 4 7 25 46 43 42 49 38 19 16 33 40 21 29 45 32 8 37 52 9 20 35 50 2 12 31 54 11 34 27 22 30 23 3 13 18 15 17 5 14 36 6 24 10 53 48 41 28 39 44 51 0 1 
14 37 42 12 43 16 17 13 1 20 10 47 54 0 35 6 22 19 40 2 27 38 7 26 49 46 52 3 24 30 33 31 36 39 4 15 32 5 23 48 41 8 53 9 25 29 11 44 18 21 51 28 34 45 50 
34 1 53 51 48 54 11 15 30 36 22 2 18 40 10 39 14 25 27 3 38 46 4 23 8 35 32 33 5 49 52 28 19 6 26 24 47 7 42 44 16 13 43 9 12 50 17 37 29 20 45 21 31 41 0 
30 16 1 9 2 35 11 47 17 31 33 12 10 32 36 0 50 45 26 25 24 34 38 44 39 19 3 18 40 20 13 43 5 23 6 4 42 53 8 37 48 41 46 22 51 7 52 14 21 49 15 27 29 28 54 
35 31 46 25 33 5 28 14 1 54 49 16 18 24 41 7 37 10 11 21 8 51 23 26 47 45 29 9 6 53 13 34 52 36 48 15 20 40 43 42 32 17 50 2 4 27 22 38 39 3 0 19 30 44 12 
35 31 46 25 33 5 28 14 1 54 49 16 18 24 41 7 37 10 11 21 8 51 23 26 47 45 29 9 6 53 13 34 52 36 48 15 20 40 43 42 32 17 50 2 4 27 22 38 39 3 0 19 30 44 12 
6 52 26 45 13 44 39 43 53 28 7 48 4 19 2 40 38 16 20 23 1 47 11 36 25 35 8 30 50 33 32 31 5 42 37 24 27 49 34 17 15 3 14 12 29 9 46 54 10 22 18 51 0 41 21 
