11 25 30 1 39 36 20 14 26 13 31 37 29 7 27 32 17 3 35 23 38 21 4 5 19 22 16 12 9 34 18 33 2 10 24 8 6 0 15 28 
18 21 38 34 9 12 5 16 4 19 22 26 13 36 20 37 31 14 39 1 30 27 32 15 28 17 35 33 2 10 24 8 0 6 11 25 7 29 3 23 
34 21 38 18 9 12 5 4 19 22 16 13 26 14 31 37 20 36 39 1 30 25 27 2 23 35 3 17 32 15 28 29 7 0 11 6 8 24 10 33 
34 21 38 18 9 12 5 4 19 22 16 13 26 14 31 37 20 36 39 1 30 25 27 2 23 35 3 17 32 15 28 29 7 0 11 6 8 24 10 33 
34 21 38 18 9 12 5 4 19 22 16 13 26 14 31 37 20 36 39 1 30 25 27 2 23 35 3 17 32 15 28 29 7 0 11 6 8 24 10 33 
34 21 38 18 9 12 5 4 19 22 16 13 26 14 31 37 20 36 39 1 30 25 27 2 23 35 3 17 32 15 28 29 7 0 11 6 8 24 10 33 
19 22 4 9 12 5 16 13 26 14 31 37 20 36 39 1 30 25 27 15 28 17 32 2 23 35 3 21 38 34 18 33 10 24 8 6 0 11 7 29 
21 34 38 9 12 4 22 19 5 16 26 13 14 20 37 31 36 39 29 7 1 30 17 15 28 35 3 23 2 10 24 8 27 0 6 11 25 32 33 18 
19 22 4 9 12 5 16 13 26 14 31 37 20 36 39 1 30 25 27 15 28 17 32 2 23 35 3 21 38 34 18 33 10 24 8 6 0 11 7 29 
19 22 4 9 12 5 16 13 26 14 31 37 20 36 39 1 30 25 27 15 28 17 32 2 23 35 3 21 38 34 18 33 10 24 8 6 0 11 7 29 
19 22 4 9 12 5 16 13 26 14 31 37 20 36 39 1 30 25 27 15 28 17 32 2 23 35 3 21 38 34 18 33 10 24 8 6 0 11 7 29 
37 31 26 14 20 36 39 1 30 7 29 25 27 15 17 32 0 11 6 24 8 2 10 33 23 35 3 28 19 4 12 9 21 38 34 18 22 5 16 13 
37 31 26 14 20 36 39 1 30 7 29 25 27 15 17 32 0 11 6 24 8 2 10 33 23 35 3 28 19 4 12 9 21 38 34 18 22 5 16 13 
27 17 3 35 23 2 10 33 38 9 34 18 21 4 19 22 5 12 16 14 13 26 37 31 20 36 39 30 15 28 1 25 7 29 0 11 6 8 24 32 
29 1 30 15 17 35 3 23 2 10 8 24 33 18 38 21 34 9 12 4 22 19 5 16 13 26 14 31 37 20 36 39 7 25 27 0 11 6 32 28 
29 1 30 15 17 35 3 23 2 10 8 24 33 18 38 21 34 9 12 4 22 19 5 16 13 26 14 31 37 20 36 39 7 25 27 0 11 6 32 28 
32 27 25 23 2 10 35 3 17 28 15 30 1 39 20 37 31 14 26 13 16 5 22 19 4 12 9 34 21 38 18 33 24 8 0 11 6 7 29 36 
32 27 25 23 2 10 35 3 17 28 15 30 1 39 20 37 31 14 26 13 16 5 22 19 4 12 9 34 21 38 18 33 24 8 0 11 6 7 29 36 
33 23 35 3 17 28 15 30 1 39 36 20 31 37 26 13 14 19 22 4 12 5 16 9 34 38 21 18 10 2 8 24 32 27 0 6 11 25 7 29 
33 23 35 3 17 28 15 30 1 39 36 20 31 37 26 13 14 19 22 4 12 5 16 9 34 38 21 18 10 2 8 24 32 27 0 6 11 25 7 29 
33 23 35 3 17 28 15 30 1 39 36 20 31 37 26 13 14 19 22 4 12 5 16 9 34 38 21 18 10 2 8 24 32 27 0 6 11 25 7 29 
14 26 13 31 37 20 36 39 30 1 25 15 28 17 3 35 23 33 10 2 24 8 27 32 0 6 11 7 29 19 5 4 12 9 34 38 21 18 22 16 
39 36 7 1 30 15 27 32 23 35 3 17 28 19 22 14 20 37 31 26 13 16 5 4 12 9 34 38 21 18 33 10 2 24 8 0 11 6 25 29 
3 35 23 2 10 24 8 6 11 0 27 15 28 32 17 1 30 25 7 29 36 39 20 31 37 26 14 13 16 12 4 22 5 19 9 34 38 21 33 18 
3 35 23 2 10 24 8 6 11 0 27 15 28 32 17 1 30 25 7 29 36 39 20 31 37 26 14 13 16 12 4 22 5 19 9 34 38 21 33 18 
18 21 38 34 9 12 4 22 19 5 16 13 26 14 31 37 20 36 39 15 30 1 28 17 27 32 3 35 23 2 10 24 8 0 6 11 25 7 29 33 
18 21 38 34 9 12 4 22 19 5 16 13 26 14 31 37 20 36 39 15 30 1 28 17 27 32 3 35 23 2 10 24 8 0 6 11 25 7 29 33 
18 21 38 34 9 12 4 22 19 5 16 13 26 14 31 37 20 36 39 15 30 1 28 17 27 32 3 35 23 2 10 24 8 0 6 11 25 7 29 33 
18 21 38 34 9 12 4 22 19 5 16 13 26 14 31 37 20 36 39 15 30 1 28 17 27 32 3 35 23 2 10 24 8 0 6 11 25 7 29 33 
18 21 38 34 9 12 4 22 19 5 16 13 26 14 31 37 20 36 39 15 30 1 28 17 27 32 3 35 23 2 10 24 8 0 6 11 25 7 29 33 
31 37 20 14 26 13 16 19 5 22 4 12 9 34 38 21 18 23 8 24 2 10 33 35 3 17 32 27 15 1 30 25 11 0 6 7 29 36 39 28 
31 37 20 14 26 13 16 19 5 22 4 12 9 34 38 21 18 23 8 24 2 10 33 35 3 17 32 27 15 1 30 25 11 0 6 7 29 36 39 28 
30 15 3 35 23 33 2 10 32 17 28 25 27 11 0 6 8 24 18 38 21 9 34 12 4 19 22 5 16 13 26 14 37 20 31 36 39 1 7 29 
32 3 35 21 38 34 9 12 4 19 22 5 16 26 13 14 31 37 20 36 1 30 15 27 0 6 11 25 7 29 39 28 17 2 8 24 10 23 33 18 
32 3 35 21 38 34 9 12 4 19 22 5 16 26 13 14 31 37 20 36 1 30 15 27 0 6 11 25 7 29 39 28 17 2 8 24 10 23 33 18 
32 3 35 21 38 34 9 12 4 19 22 5 16 26 13 14 31 37 20 36 1 30 15 27 0 6 11 25 7 29 39 28 17 2 8 24 10 23 33 18 
32 3 35 21 38 34 9 12 4 19 22 5 16 26 13 14 31 37 20 36 1 30 15 27 0 6 11 25 7 29 39 28 17 2 8 24 10 23 33 18 
25 30 1 39 36 31 37 20 14 26 13 16 22 19 4 12 5 9 34 21 38 18 33 23 35 3 17 28 15 27 32 24 8 2 10 6 0 11 7 29 
25 30 1 39 36 31 37 20 14 26 13 16 22 19 4 12 5 9 34 21 38 18 33 23 35 3 17 28 15 27 32 24 8 2 10 6 0 11 7 29 
25 30 1 39 36 31 37 20 14 26 13 16 22 19 4 12 5 9 34 21 38 18 33 23 35 3 17 28 15 27 32 24 8 2 10 6 0 11 7 29 
25 30 1 39 36 31 37 20 14 26 13 16 22 19 4 12 5 9 34 21 38 18 33 23 35 3 17 28 15 27 32 24 8 2 10 6 0 11 7 29 
25 30 1 39 36 31 37 20 14 26 13 16 22 19 4 12 5 9 34 21 38 18 33 23 35 3 17 28 15 27 32 24 8 2 10 6 0 11 7 29 
10 2 23 3 35 17 28 15 27 25 30 1 39 36 20 31 37 14 26 13 16 5 12 4 22 19 38 21 34 9 18 33 24 8 6 0 11 7 29 32 
36 39 1 30 15 28 3 35 23 17 32 27 25 11 6 0 8 24 2 10 33 18 38 21 4 12 5 16 19 22 34 9 13 26 14 20 37 31 29 7 
10 2 23 3 35 17 28 15 27 25 30 1 39 36 20 31 37 14 26 13 16 5 12 4 22 19 38 21 34 9 18 33 24 8 6 0 11 7 29 32 
25 1 30 39 36 20 37 31 14 26 13 16 22 19 4 12 5 9 34 38 21 18 3 35 23 33 10 2 24 8 0 32 17 15 28 27 29 7 11 6 
1 30 25 36 39 20 37 31 14 26 13 16 5 12 4 22 19 9 34 21 38 18 33 2 10 24 8 27 15 28 17 32 3 35 23 0 11 6 7 29 
25 1 30 39 36 20 37 31 14 26 13 16 22 19 4 12 5 9 34 38 21 18 3 35 23 33 10 2 24 8 0 32 17 15 28 27 29 7 11 6 
1 30 25 36 39 20 37 31 14 26 13 16 5 12 4 22 19 9 34 21 38 18 33 2 10 24 8 27 15 28 17 32 3 35 23 0 11 6 7 29 
38 21 34 9 12 4 19 22 5 16 14 26 13 31 37 20 1 30 15 25 27 32 8 24 3 23 35 17 28 39 36 29 7 11 6 0 2 10 33 18 
37 20 39 1 30 25 27 15 32 17 28 3 35 23 2 10 24 8 6 0 11 7 29 36 14 26 13 19 5 4 12 9 34 38 21 18 33 22 16 31 
38 21 34 9 12 4 19 22 5 16 14 26 13 31 37 20 1 30 15 25 27 32 8 24 3 23 35 17 28 39 36 29 7 11 6 0 2 10 33 18 
37 20 39 1 30 25 27 15 32 17 28 3 35 23 2 10 24 8 6 0 11 7 29 36 14 26 13 19 5 4 12 9 34 38 21 18 33 22 16 31 
31 37 20 36 39 1 30 25 15 28 17 3 35 32 27 0 11 6 24 8 2 10 23 33 21 38 34 18 9 19 22 4 12 5 16 13 26 14 7 29 
9 34 38 21 3 35 23 2 10 33 24 8 6 11 0 27 15 30 39 1 25 28 17 32 7 29 36 20 37 31 14 26 13 22 19 4 12 5 16 18 
31 37 20 36 39 1 30 25 15 28 17 3 35 32 27 0 11 6 24 8 2 10 23 33 21 38 34 18 9 19 22 4 12 5 16 13 26 14 7 29 
9 34 38 21 3 35 23 2 10 33 24 8 6 11 0 27 15 30 39 1 25 28 17 32 7 29 36 20 37 31 14 26 13 22 19 4 12 5 16 18 
31 37 20 36 39 1 30 25 15 28 17 3 35 32 27 0 11 6 24 8 2 10 23 33 21 38 34 18 9 19 22 4 12 5 16 13 26 14 7 29 
1 30 39 36 20 28 15 27 11 25 7 29 37 31 14 26 13 22 19 4 12 5 16 9 34 38 21 18 33 2 10 24 8 23 35 3 32 17 0 6 
36 20 37 14 26 13 31 39 1 30 25 15 28 17 32 27 0 11 6 8 24 2 10 33 35 23 3 18 38 21 34 9 12 4 19 22 5 16 7 29 
36 20 37 14 26 13 31 39 1 30 25 15 28 17 32 27 0 11 6 8 24 2 10 33 35 23 3 18 38 21 34 9 12 4 19 22 5 16 7 29 
15 28 17 3 35 23 33 2 10 24 8 18 38 21 34 9 12 4 19 22 5 16 26 13 14 20 31 37 36 39 30 1 25 32 27 0 11 6 7 29 
15 28 17 3 35 23 33 2 10 24 8 18 38 21 34 9 12 4 19 22 5 16 26 13 14 20 31 37 36 39 30 1 25 32 27 0 11 6 7 29 
15 28 17 3 35 23 33 2 10 24 8 18 38 21 34 9 12 4 19 22 5 16 26 13 14 20 31 37 36 39 30 1 25 32 27 0 11 6 7 29 
15 28 17 3 35 23 33 2 10 24 8 18 38 21 34 9 12 4 19 22 5 16 26 13 14 20 31 37 36 39 30 1 25 32 27 0 11 6 7 29 
18 38 34 9 12 4 19 22 5 16 13 26 14 31 20 37 36 39 1 30 15 17 32 27 3 35 23 33 10 2 24 8 11 6 0 25 29 7 28 21 
18 38 34 9 12 4 19 22 5 16 13 26 14 31 20 37 36 39 1 30 15 17 32 27 3 35 23 33 10 2 24 8 11 6 0 25 29 7 28 21 
18 38 34 9 12 4 19 22 5 16 13 26 14 31 20 37 36 39 1 30 15 17 32 27 3 35 23 33 10 2 24 8 11 6 0 25 29 7 28 21 
18 38 34 9 12 4 19 22 5 16 13 26 14 31 20 37 36 39 1 30 15 17 32 27 3 35 23 33 10 2 24 8 11 6 0 25 29 7 28 21 
18 38 34 9 12 4 19 22 5 16 13 26 14 31 20 37 36 39 1 30 15 17 32 27 3 35 23 33 10 2 24 8 11 6 0 25 29 7 28 21 
23 35 3 17 32 27 11 25 15 30 1 36 37 20 39 28 0 6 8 24 2 10 33 18 38 21 34 9 12 4 19 22 5 16 26 13 14 31 29 7 
23 35 3 17 32 27 11 25 15 30 1 36 37 20 39 28 0 6 8 24 2 10 33 18 38 21 34 9 12 4 19 22 5 16 26 13 14 31 29 7 
23 35 3 17 32 27 11 25 15 30 1 36 37 20 39 28 0 6 8 24 2 10 33 18 38 21 34 9 12 4 19 22 5 16 26 13 14 31 29 7 
35 23 33 10 2 24 8 32 3 17 15 30 1 25 27 0 6 11 7 29 36 37 20 31 14 26 13 16 22 4 12 9 34 38 21 18 5 19 28 39 
8 24 2 10 23 35 3 17 32 27 30 1 39 28 15 25 7 29 37 31 20 36 13 26 14 22 19 4 12 5 16 9 34 38 21 18 33 0 11 6 
35 23 33 10 2 24 8 32 3 17 15 30 1 25 27 0 6 11 7 29 36 37 20 31 14 26 13 16 22 4 12 9 34 38 21 18 5 19 28 39 
8 24 2 10 23 35 3 17 32 27 30 1 39 28 15 25 7 29 37 31 20 36 13 26 14 22 19 4 12 5 16 9 34 38 21 18 33 0 11 6 
14 26 13 31 37 20 36 39 1 30 25 28 16 22 19 12 4 5 9 34 38 21 18 33 10 2 35 3 23 24 8 32 17 15 27 0 6 11 7 29 
14 26 13 31 37 20 36 39 1 30 25 28 16 22 19 12 4 5 9 34 38 21 18 33 10 2 35 3 23 24 8 32 17 15 27 0 6 11 7 29 
14 26 13 31 37 20 36 39 1 30 25 28 16 22 19 12 4 5 9 34 38 21 18 33 10 2 35 3 23 24 8 32 17 15 27 0 6 11 7 29 
14 26 13 31 37 20 36 39 1 30 25 28 16 22 19 12 4 5 9 34 38 21 18 33 10 2 35 3 23 24 8 32 17 15 27 0 6 11 7 29 
14 26 13 31 37 20 36 39 1 30 25 28 16 22 19 12 4 5 9 34 38 21 18 33 10 2 35 3 23 24 8 32 17 15 27 0 6 11 7 29 
17 3 35 23 2 10 24 8 6 11 25 27 15 28 39 1 30 20 37 31 26 13 14 19 22 16 5 4 12 9 34 38 21 18 33 32 0 7 29 36 
13 26 14 31 37 20 36 39 30 1 7 29 25 15 28 17 32 27 0 11 6 24 8 33 10 2 23 35 3 21 38 34 9 12 4 19 22 16 5 18 
17 3 35 23 2 10 24 8 6 11 25 27 15 28 39 1 30 20 37 31 26 13 14 19 22 16 5 4 12 9 34 38 21 18 33 32 0 7 29 36 
30 1 25 15 17 32 27 0 11 6 8 24 33 10 2 23 35 3 19 4 22 16 5 12 9 34 18 38 21 28 39 20 37 31 14 26 13 29 7 36 
30 1 25 15 17 32 27 0 11 6 8 24 33 10 2 23 35 3 19 4 22 16 5 12 9 34 18 38 21 28 39 20 37 31 14 26 13 29 7 36 
30 1 25 15 17 32 27 0 11 6 8 24 33 10 2 23 35 3 19 4 22 16 5 12 9 34 18 38 21 28 39 20 37 31 14 26 13 29 7 36 
30 1 25 15 17 32 27 0 11 6 8 24 33 10 2 23 35 3 19 4 22 16 5 12 9 34 18 38 21 28 39 20 37 31 14 26 13 29 7 36 
23 35 3 17 15 27 32 30 1 39 28 0 11 6 8 24 10 2 33 21 38 18 34 9 12 4 19 22 5 16 13 14 26 31 37 20 36 29 7 25 
23 35 3 17 15 27 32 30 1 39 28 0 11 6 8 24 10 2 33 21 38 18 34 9 12 4 19 22 5 16 13 14 26 31 37 20 36 29 7 25 
23 35 3 17 15 27 32 30 1 39 28 0 11 6 8 24 10 2 33 21 38 18 34 9 12 4 19 22 5 16 13 14 26 31 37 20 36 29 7 25 
28 15 30 1 39 20 37 31 14 26 13 16 5 4 12 19 22 9 34 38 18 21 3 35 2 10 33 23 24 8 6 11 0 17 32 27 25 7 29 36 
28 15 30 1 39 20 37 31 14 26 13 16 5 4 12 19 22 9 34 38 18 21 3 35 2 10 33 23 24 8 6 11 0 17 32 27 25 7 29 36 
24 8 2 10 33 23 35 3 17 28 39 1 30 15 32 27 6 0 11 25 7 29 36 20 37 31 13 26 14 22 4 12 5 16 19 34 9 21 38 18 
24 8 2 10 33 23 35 3 17 28 39 1 30 15 32 27 6 0 11 25 7 29 36 20 37 31 13 26 14 22 4 12 5 16 19 34 9 21 38 18 
24 8 2 10 33 23 35 3 17 28 39 1 30 15 32 27 6 0 11 25 7 29 36 20 37 31 13 26 14 22 4 12 5 16 19 34 9 21 38 18 
24 8 2 10 33 23 35 3 17 28 39 1 30 15 32 27 6 0 11 25 7 29 36 20 37 31 13 26 14 22 4 12 5 16 19 34 9 21 38 18 
8 24 2 10 33 17 28 15 30 1 39 36 20 37 31 26 13 14 19 12 4 22 16 5 9 34 38 21 18 35 3 23 32 0 27 25 7 29 11 6 
26 13 16 12 5 22 19 4 9 34 38 21 18 33 2 10 8 24 23 35 3 15 27 25 1 30 17 32 0 6 11 7 29 37 31 14 20 36 39 28 
