15 19 62 63 0 66 52 61 11 44 3 43 5 29 46 41 17 56 68 45 69 40 50 64 58 14 31 49 59 60 23 28 34 67 22 10 12 57 35 1 26 9 38 53 24 21 27 13 4 25 36 54 47 30 65 37 48 42 16 32 7 55 20 18 33 39 51 8 2 6 
21 16 27 36 13 24 34 33 1 30 2 25 47 68 29 60 51 4 32 40 15 0 20 35 62 5 23 63 12 14 45 64 41 19 6 50 56 38 66 7 8 22 57 39 59 43 48 54 49 28 9 67 10 44 61 11 46 53 17 26 18 31 58 3 42 52 55 65 69 37 
63 19 67 2 1 36 61 9 38 59 16 14 12 46 60 30 10 20 45 43 48 58 35 28 29 68 3 8 15 44 56 17 69 47 50 54 64 4 52 6 31 24 51 22 23 26 5 57 7 32 42 66 33 55 39 62 34 37 11 13 25 53 18 0 27 49 40 41 65 21 
17 61 52 2 54 56 41 26 6 46 31 35 24 51 38 9 43 50 55 0 36 32 60 49 59 67 11 44 5 8 14 1 40 23 28 33 34 39 16 13 66 57 10 19 37 7 48 47 22 15 27 20 65 3 42 64 21 4 29 62 63 58 69 30 45 25 68 12 53 18 
16 0 48 61 44 60 54 56 40 32 7 36 64 14 3 38 29 25 41 17 9 33 26 63 1 11 68 35 51 24 47 55 21 59 12 31 23 19 43 15 13 58 5 66 10 22 53 2 67 37 28 49 30 52 8 39 18 34 46 65 50 57 20 27 4 42 62 6 45 69 
40 45 2 17 22 65 55 6 24 28 59 50 38 66 32 25 42 52 46 3 0 58 5 12 68 10 67 14 43 8 20 18 62 13 31 15 7 47 41 49 51 11 64 21 29 1 16 63 61 27 37 56 54 19 23 34 60 44 26 57 4 39 33 53 35 9 48 69 30 36 
33 1 49 25 59 14 17 68 29 28 51 24 2 64 58 42 55 5 52 18 61 27 44 57 3 67 16 23 34 53 39 21 62 65 11 66 26 43 32 50 30 4 45 38 35 47 13 6 36 63 9 48 20 54 69 56 15 0 37 7 19 46 60 40 10 31 41 12 22 8 
31 60 17 39 5 45 58 42 69 9 48 29 28 26 56 19 62 50 54 21 27 43 6 4 18 15 8 11 33 24 40 2 47 20 61 65 37 12 51 68 30 63 44 53 38 59 13 36 14 57 1 16 46 0 25 55 22 10 35 41 7 32 64 49 67 23 34 66 52 3 
40 7 25 36 44 65 39 20 51 41 48 63 62 4 14 52 33 49 10 9 0 18 6 54 46 17 66 47 68 60 31 59 8 45 55 12 43 16 11 28 24 57 29 2 23 1 19 27 61 67 3 22 38 34 26 53 64 42 30 50 5 15 37 58 56 13 21 35 32 69 
6 36 0 66 10 29 37 69 30 53 64 54 13 40 59 50 32 16 1 23 49 68 45 46 18 39 12 42 31 41 25 48 60 17 14 9 2 20 3 61 62 26 52 67 4 33 24 38 27 65 56 47 28 5 7 55 34 8 51 57 43 63 11 58 21 19 15 44 22 35 
26 10 50 60 23 66 52 43 68 41 17 69 18 33 48 12 28 49 63 39 34 5 21 4 14 47 0 25 65 6 30 40 54 32 8 55 29 46 36 64 37 38 24 58 59 2 45 22 1 62 56 27 13 57 3 9 61 44 19 7 42 31 11 53 51 16 15 35 20 67 
4 22 11 41 52 10 2 67 44 1 63 37 60 17 25 7 55 18 32 39 35 8 29 46 68 40 45 54 30 19 61 16 24 13 14 9 27 38 5 23 59 56 50 47 64 69 53 65 15 58 48 42 26 36 6 43 21 51 33 28 31 57 12 49 0 66 34 3 20 62 
50 65 20 33 23 21 61 1 52 46 45 36 54 29 9 0 60 38 26 51 57 49 59 10 25 14 2 5 37 4 3 16 15 31 58 34 43 48 56 35 24 40 19 55 63 42 47 64 6 8 7 27 41 17 39 62 44 32 22 11 12 18 13 30 68 28 53 67 66 69 
28 34 56 0 51 52 7 23 47 17 21 37 16 64 18 62 40 58 30 4 68 49 9 13 15 5 43 22 1 31 67 20 60 32 59 55 42 35 12 27 45 38 39 8 63 66 19 33 11 2 65 50 48 14 29 24 3 54 44 36 61 26 57 6 10 53 46 25 41 69 
69 56 23 13 31 58 7 22 10 24 68 17 41 34 67 38 39 27 19 33 11 18 37 20 52 48 8 35 66 15 65 2 12 43 26 64 50 60 14 25 63 5 62 3 45 30 61 36 28 59 57 29 46 21 40 55 54 4 53 44 51 6 49 47 42 32 16 9 1 0 
56 57 52 54 14 47 45 63 15 65 66 50 42 16 31 40 23 53 24 43 6 0 64 44 12 17 58 26 21 13 62 33 25 2 36 38 34 28 22 30 61 20 1 51 55 10 60 29 41 46 59 48 5 4 49 39 3 32 37 11 35 9 27 7 19 18 8 69 67 68 
57 28 36 29 40 56 47 48 43 67 7 3 41 5 54 46 10 44 53 1 12 14 64 31 9 15 24 27 2 23 51 25 45 69 17 49 4 13 30 21 20 19 42 26 39 32 62 18 59 6 35 22 38 8 61 52 11 0 60 50 65 66 37 33 34 58 68 55 63 16 
50 58 53 56 42 46 40 64 36 13 0 8 21 51 10 25 16 62 41 24 39 20 33 66 52 45 29 14 61 44 1 9 6 3 26 31 37 19 18 12 2 49 27 35 22 17 4 47 68 59 5 28 57 11 48 7 55 43 15 67 23 38 30 34 32 54 60 63 65 69 
40 29 12 24 35 33 50 28 2 31 22 56 34 23 14 11 39 13 5 46 60 61 66 10 8 57 53 54 45 36 38 30 42 32 16 7 25 69 26 3 52 65 37 68 9 48 62 18 41 17 0 4 44 58 59 21 64 20 51 67 1 63 43 49 19 6 15 55 27 47 
29 45 1 16 12 49 28 57 34 40 35 66 10 44 2 58 7 20 8 51 15 33 62 21 36 24 55 4 52 25 18 11 67 32 13 61 3 30 59 68 69 26 5 19 22 38 53 64 42 37 41 60 23 6 47 65 9 39 43 0 63 48 17 27 56 54 31 50 46 14 
63 27 42 62 53 18 35 22 9 67 38 69 14 10 59 23 28 26 5 34 58 8 48 24 43 3 47 30 37 65 56 32 15 41 44 55 12 39 1 19 6 33 54 57 13 51 25 11 21 0 50 40 16 36 4 20 49 45 64 60 29 31 7 2 61 66 46 17 68 52 
43 10 38 67 7 62 1 48 26 47 16 50 69 27 2 23 56 58 60 49 18 21 3 42 51 66 41 68 4 6 55 32 9 13 45 19 11 20 5 53 33 65 8 39 52 35 12 31 28 14 46 22 34 24 15 63 17 40 25 57 36 61 29 30 37 59 44 54 64 0 
19 51 34 45 17 21 50 54 35 44 32 24 18 8 5 53 39 22 63 69 68 37 42 60 40 46 25 12 6 27 55 59 49 57 58 31 67 29 20 0 66 36 9 3 48 65 11 10 52 14 28 26 41 64 56 62 15 23 16 33 61 4 38 43 47 30 2 13 7 1 
64 29 28 33 66 31 20 8 22 57 51 10 0 69 45 38 35 6 21 15 5 44 32 4 12 68 62 63 16 18 9 53 39 14 23 58 56 60 46 47 36 1 25 67 43 13 55 24 54 30 17 65 37 48 19 61 41 11 49 42 27 59 34 3 26 52 2 50 7 40 
58 55 57 16 23 68 30 40 17 3 33 35 44 29 54 42 36 21 31 27 53 10 43 60 49 45 0 11 24 12 51 67 8 1 59 47 46 48 64 32 66 14 37 4 65 28 9 22 2 56 25 19 39 18 61 63 7 62 20 5 52 13 38 26 50 41 6 34 15 69 
58 55 57 16 23 68 30 40 17 3 33 35 44 29 54 42 36 21 31 27 53 10 43 60 49 45 0 11 24 12 51 67 8 1 59 47 46 48 64 32 66 14 37 4 65 28 9 22 2 56 25 19 39 18 61 63 7 62 20 5 52 13 38 26 50 41 6 34 15 69 
21 16 27 36 13 24 34 33 1 30 2 25 47 68 29 60 51 4 32 40 15 0 20 35 62 5 23 63 12 14 45 64 41 19 6 50 56 38 66 7 8 22 57 39 59 43 48 54 49 28 9 67 10 44 61 11 46 53 17 26 18 31 58 3 42 52 55 65 69 37 
21 31 41 50 48 27 65 46 40 28 60 56 49 59 39 1 67 52 51 53 57 61 32 15 8 7 30 23 29 3 16 0 54 25 24 38 10 20 63 12 45 26 14 66 35 43 6 18 4 2 42 37 64 19 55 33 36 5 17 11 13 62 44 9 58 34 69 22 68 47 
21 31 41 50 48 27 65 46 40 28 60 56 49 59 39 1 67 52 51 53 57 61 32 15 8 7 30 23 29 3 16 0 54 25 24 38 10 20 63 12 45 26 14 66 35 43 6 18 4 2 42 37 64 19 55 33 36 5 17 11 13 62 44 9 58 34 69 22 68 47 
0 6 62 5 59 28 15 63 18 25 26 30 68 60 37 55 3 67 17 38 53 1 64 65 42 32 20 41 23 56 35 69 21 52 39 2 49 46 24 31 45 61 4 9 33 43 54 13 36 47 7 44 11 34 51 19 8 66 48 12 10 22 40 14 29 16 27 58 50 57 
27 65 19 51 26 23 69 13 48 16 7 30 31 11 68 59 17 49 46 28 53 39 44 21 62 35 3 52 20 36 9 41 56 10 61 55 38 54 67 24 12 57 66 32 18 33 14 50 4 42 22 37 47 2 64 29 63 43 34 6 45 15 60 58 1 8 40 5 25 0 
44 48 64 52 8 20 50 2 7 14 18 24 9 53 38 27 51 39 10 17 63 34 23 59 37 46 49 4 3 69 28 60 41 40 5 21 61 19 32 15 35 16 6 33 25 58 47 1 31 12 57 22 13 56 67 68 26 43 29 62 42 30 65 36 45 66 54 55 0 11 
49 69 58 42 35 68 17 14 11 1 33 50 2 67 60 29 7 44 32 30 25 28 23 57 66 20 19 55 56 45 13 65 64 5 9 27 46 4 38 24 63 3 51 15 62 48 43 61 37 40 26 59 16 21 6 54 34 53 22 10 52 36 8 0 47 41 18 39 31 12 
32 6 42 8 33 52 0 21 43 14 16 27 3 51 44 67 49 26 12 10 35 39 1 11 15 48 19 55 36 50 61 41 40 29 2 66 18 65 4 20 34 9 22 31 30 64 5 28 45 63 56 13 7 46 17 62 38 58 23 60 37 24 25 59 47 57 53 54 68 69 
64 4 25 30 61 63 0 2 37 31 7 43 62 3 13 20 39 38 28 12 9 53 26 16 10 35 58 29 44 59 47 17 42 51 56 60 50 54 1 6 15 57 23 8 55 19 48 21 46 11 24 14 45 36 5 67 49 69 40 27 32 34 66 22 18 52 65 33 41 68 
8 29 60 54 48 9 28 47 64 68 67 37 32 15 61 16 66 18 43 7 51 39 13 50 40 65 2 41 33 38 26 58 56 4 63 14 45 23 53 52 62 69 44 57 17 25 21 10 3 1 55 35 49 22 31 46 27 30 42 6 36 34 11 5 24 20 19 12 0 59 
65 37 62 68 63 15 66 17 9 34 28 53 31 41 45 60 29 5 52 12 6 2 20 18 55 39 26 59 58 49 8 47 25 32 46 57 51 56 64 16 50 67 19 61 33 10 30 36 43 42 11 44 21 27 48 35 24 3 1 23 22 54 38 7 4 0 14 40 69 13 
32 4 64 59 68 60 11 5 34 14 26 45 24 23 22 53 30 42 25 40 2 7 16 52 8 38 67 31 9 18 3 57 0 58 47 65 56 66 27 69 49 46 43 54 44 10 29 15 62 17 12 1 21 48 41 36 28 35 61 55 19 37 20 50 51 33 39 13 6 63 
62 16 64 21 42 50 14 37 29 36 25 35 6 57 7 9 68 45 47 39 2 28 67 58 23 11 30 26 56 48 40 61 13 12 66 53 55 15 31 59 49 10 17 65 20 3 63 44 52 38 4 27 60 41 54 24 22 34 51 33 5 46 43 69 19 8 18 1 0 32 
18 45 68 64 33 46 31 11 60 26 43 19 6 48 57 54 2 10 39 42 53 24 20 22 67 59 14 69 51 4 65 29 0 30 5 36 63 66 61 47 16 13 40 7 12 35 38 58 28 34 56 1 9 55 52 32 21 23 15 62 49 17 44 37 25 41 27 50 3 8 
6 19 11 2 64 14 31 33 35 39 8 10 5 48 46 24 27 15 68 42 54 69 61 59 29 56 60 49 12 13 45 43 66 20 36 16 23 57 55 63 17 7 21 47 65 32 51 52 44 22 25 62 0 38 40 28 30 58 34 26 41 1 9 67 3 18 50 4 37 53 
22 53 18 29 37 7 25 49 48 67 26 31 63 54 27 13 44 33 62 1 3 11 35 47 9 12 57 30 40 65 41 14 46 5 68 45 38 2 52 23 56 59 58 17 55 6 66 19 36 4 10 21 64 8 32 39 43 42 61 15 20 60 51 16 50 28 34 24 0 69 
3 60 14 36 25 20 63 66 38 35 61 33 53 52 19 28 6 16 7 65 18 45 58 1 22 39 2 40 30 62 56 10 47 37 11 8 29 50 55 5 54 42 44 15 17 41 51 43 4 64 48 24 23 59 34 32 13 27 31 9 26 57 12 49 69 67 21 68 46 0 
6 16 7 51 33 56 21 54 45 38 8 12 14 9 44 55 19 17 53 10 66 11 30 41 61 35 49 59 13 23 47 26 15 0 63 20 22 67 42 28 24 32 25 39 40 64 58 50 31 27 29 34 57 36 3 43 46 69 48 62 52 5 4 68 1 18 60 2 37 65 
46 17 50 22 34 28 49 11 52 4 66 1 18 7 6 30 53 20 0 24 40 39 65 27 62 19 55 58 56 42 64 45 43 69 36 21 29 68 25 31 60 33 9 26 2 5 59 51 35 38 57 14 10 61 48 47 15 3 44 67 37 13 32 41 16 12 8 63 23 54 
21 4 53 52 59 43 16 8 20 55 36 37 40 24 9 14 58 68 22 47 15 41 46 17 42 27 18 63 10 29 57 51 34 61 11 44 33 49 31 38 1 6 19 48 45 30 23 7 39 26 54 0 32 2 69 5 56 13 62 3 25 66 67 12 35 50 65 60 64 28 
21 4 53 52 59 43 16 8 20 55 36 37 40 24 9 14 58 68 22 47 15 41 46 17 42 27 18 63 10 29 57 51 34 61 11 44 33 49 31 38 1 6 19 48 45 30 23 7 39 26 54 0 32 2 69 5 56 13 62 3 25 66 67 12 35 50 65 60 64 28 
43 10 38 67 7 62 1 48 26 47 16 50 69 27 2 23 56 58 60 49 18 21 3 42 51 66 41 68 4 6 55 32 9 13 45 19 11 20 5 53 33 65 8 39 52 35 12 31 28 14 46 22 34 24 15 63 17 40 25 57 36 61 29 30 37 59 44 54 64 0 
68 49 0 16 55 20 43 22 36 31 33 32 5 6 52 11 61 13 60 47 12 28 59 29 41 45 14 58 67 4 17 56 8 3 54 66 1 40 23 7 65 18 35 50 48 26 46 15 30 64 34 21 42 2 39 63 62 27 25 53 57 10 9 51 44 38 19 37 24 69 
53 12 57 26 9 36 61 43 46 2 4 58 15 23 49 68 28 18 10 31 62 55 56 29 51 5 47 60 66 63 37 54 69 14 6 33 39 19 44 21 7 25 27 50 17 45 40 34 24 64 8 67 11 16 32 13 52 38 20 59 22 30 65 41 35 42 48 0 3 1 
20 55 4 0 33 12 58 31 57 24 1 59 34 27 26 41 2 67 49 30 56 61 51 25 13 3 15 5 14 44 39 66 8 21 6 45 16 65 47 46 7 64 52 9 35 43 38 29 32 23 10 18 11 36 37 17 50 63 19 62 22 28 54 69 40 42 48 53 60 68 
47 18 7 40 16 2 35 61 29 44 32 52 21 42 60 49 34 8 20 33 39 51 22 15 65 45 24 31 58 68 10 26 63 37 55 19 11 30 69 57 64 41 48 0 38 4 46 56 50 28 14 54 25 17 67 59 12 5 9 23 53 1 66 43 27 13 62 3 36 6 
46 35 8 17 9 24 50 37 64 30 66 53 10 14 4 54 20 42 12 13 52 5 65 69 22 62 16 51 55 18 61 19 56 59 60 26 21 23 31 49 58 25 6 38 28 34 57 39 29 40 48 41 47 32 45 44 7 36 43 63 27 15 11 33 2 1 0 68 3 67 
6 4 64 33 55 60 24 38 39 44 53 41 31 5 9 52 20 36 42 37 66 59 28 30 7 22 49 14 58 69 11 8 10 57 67 15 56 40 47 3 34 68 17 43 13 61 63 16 25 45 21 18 62 46 26 1 29 23 54 50 35 51 48 65 27 2 19 12 0 32 
6 4 64 33 55 60 24 38 39 44 53 41 31 5 9 52 20 36 42 37 66 59 28 30 7 22 49 14 58 69 11 8 10 57 67 15 56 40 47 3 34 68 17 43 13 61 63 16 25 45 21 18 62 46 26 1 29 23 54 50 35 51 48 65 27 2 19 12 0 32 
9 17 51 44 7 16 55 20 63 49 58 53 1 43 12 36 32 67 2 68 54 14 3 24 60 50 42 6 62 22 19 4 69 59 45 23 31 18 37 52 40 5 27 65 8 38 10 47 28 56 33 66 29 61 11 25 41 13 15 46 64 48 21 30 26 57 34 35 39 0 
26 35 4 14 11 24 33 68 55 0 20 15 19 6 18 32 27 17 12 7 65 59 46 50 54 31 53 22 67 58 63 61 8 69 37 49 9 28 60 41 40 38 34 44 23 57 10 39 36 64 52 13 62 16 48 2 56 43 25 66 42 47 29 45 30 3 1 21 5 51 
26 35 4 14 11 24 33 68 55 0 20 15 19 6 18 32 27 17 12 7 65 59 46 50 54 31 53 22 67 58 63 61 8 69 37 49 9 28 60 41 40 38 34 44 23 57 10 39 36 64 52 13 62 16 48 2 56 43 25 66 42 47 29 45 30 3 1 21 5 51 
68 16 55 33 29 51 19 44 17 60 67 59 46 66 30 34 49 26 25 48 65 42 45 52 18 13 6 41 64 11 27 36 63 15 38 62 35 56 31 24 61 14 58 22 53 57 12 39 7 54 50 47 4 3 2 43 40 28 37 20 32 9 5 23 21 10 8 1 0 69 
1 26 8 24 53 13 22 49 4 64 38 25 54 40 56 20 10 42 16 11 18 63 32 6 43 30 47 55 2 67 23 68 59 34 15 3 19 39 46 9 5 41 45 28 36 37 61 12 27 7 51 57 35 44 21 14 17 66 58 50 29 65 48 31 33 52 69 60 62 0 
1 26 8 24 53 13 22 49 4 64 38 25 54 40 56 20 10 42 16 11 18 63 32 6 43 30 47 55 2 67 23 68 59 34 15 3 19 39 46 9 5 41 45 28 36 37 61 12 27 7 51 57 35 44 21 14 17 66 58 50 29 65 48 31 33 52 69 60 62 0 
29 54 7 2 50 16 69 33 60 8 68 37 40 46 19 18 61 6 36 56 53 22 67 57 11 43 4 45 47 15 66 25 32 0 23 58 14 30 65 48 64 10 35 49 3 38 63 21 12 27 62 1 41 28 59 55 9 13 52 24 51 20 44 17 42 39 34 31 26 5 
69 64 23 48 38 62 54 13 11 18 22 46 53 15 33 4 40 25 8 56 68 29 28 20 61 5 26 10 24 16 37 12 31 45 60 67 49 6 43 30 47 41 66 7 19 65 55 52 44 39 63 42 50 17 3 14 59 34 35 21 58 27 9 57 1 51 36 2 32 0 
57 59 19 8 39 50 29 1 24 51 9 25 32 13 55 47 48 16 65 27 38 11 64 61 53 58 22 20 2 5 45 63 52 15 36 42 37 7 62 44 17 66 34 26 56 4 54 33 43 3 23 35 6 12 49 31 10 46 41 28 67 14 30 18 21 60 69 40 68 0 
13 39 20 26 38 31 65 47 60 30 25 32 18 5 36 15 33 24 19 2 51 17 14 67 27 43 58 41 69 48 4 3 9 12 52 34 46 6 62 55 57 45 68 61 42 22 35 50 44 66 8 16 21 7 54 40 64 10 63 11 28 49 29 59 56 37 53 23 1 0 
56 59 28 67 61 26 38 30 40 43 16 32 2 34 35 47 60 15 0 39 8 1 7 53 19 4 58 41 49 11 65 23 52 33 55 44 62 51 10 13 36 6 3 50 5 21 18 42 48 25 64 31 45 54 20 12 9 14 29 27 63 22 57 17 68 37 24 66 46 69 
52 38 22 44 8 13 56 42 35 24 2 17 28 18 12 67 29 60 53 6 33 4 3 11 61 5 50 48 65 15 7 69 31 27 9 40 49 23 45 1 14 58 34 57 39 64 16 51 32 62 19 55 20 30 21 25 59 68 26 54 36 37 41 46 43 47 63 66 0 10 
17 6 63 19 3 14 30 4 12 26 67 38 55 43 24 60 51 23 36 40 27 5 15 13 48 22 45 37 7 54 34 28 64 68 46 39 58 8 57 21 65 42 47 32 69 50 25 16 9 10 61 53 11 44 41 59 18 66 52 20 49 29 1 33 35 31 2 0 62 56 
64 9 39 22 38 10 47 41 57 44 63 59 14 0 62 18 1 24 30 29 34 43 61 69 49 13 21 23 58 45 56 15 2 17 35 55 7 6 26 46 54 31 53 3 65 68 50 27 40 48 42 4 5 19 37 36 33 52 28 16 25 8 20 12 11 67 60 32 51 66 
12 66 61 18 8 50 4 52 7 40 37 27 9 30 17 67 28 23 13 39 59 41 32 2 64 3 16 11 47 46 25 20 10 26 45 33 57 22 14 21 5 29 43 58 35 55 63 62 36 24 51 19 6 49 34 15 68 54 56 60 31 38 48 65 42 44 0 69 1 53 
53 12 57 26 9 36 61 43 46 2 4 58 15 23 49 68 28 18 10 31 62 55 56 29 51 5 47 60 66 63 37 54 69 14 6 33 39 19 44 21 7 25 27 50 17 45 40 34 24 64 8 67 11 16 32 13 52 38 20 59 22 30 65 41 35 42 48 0 3 1 
63 18 9 62 47 3 61 45 60 69 36 1 54 5 58 28 40 55 35 13 6 12 16 0 64 49 4 31 34 67 53 10 11 30 65 51 22 26 50 48 14 41 46 20 15 17 29 56 7 2 43 23 59 38 39 24 37 25 57 19 32 52 21 8 44 66 33 27 68 42 
20 33 6 36 60 54 11 23 28 5 59 25 43 30 45 58 2 7 68 34 56 69 39 26 49 31 53 57 32 63 15 17 8 22 3 42 13 50 21 55 47 12 16 4 66 44 9 35 41 67 38 18 10 29 51 27 40 64 14 1 0 37 46 65 48 19 61 62 24 52 
48 42 12 1 0 36 50 55 25 61 57 23 47 46 24 40 64 7 27 16 38 69 17 62 65 5 2 4 13 39 51 59 34 53 22 28 26 3 30 52 43 29 54 58 56 10 33 63 6 19 31 9 45 49 60 15 32 37 8 11 67 21 41 68 14 44 18 20 35 66 
28 57 22 26 60 41 6 39 7 29 46 63 64 32 16 30 56 5 51 8 53 11 55 33 15 13 54 36 23 58 68 69 45 0 48 52 42 44 12 14 19 59 34 40 27 35 38 24 37 49 66 18 21 10 20 43 1 67 4 3 62 65 50 2 25 47 31 61 9 17 
61 32 19 4 56 39 25 29 28 7 13 30 67 31 59 42 21 3 35 2 34 17 40 65 14 46 52 53 9 57 55 44 45 60 69 50 37 41 49 58 20 64 43 36 63 54 68 16 18 10 26 8 66 5 23 47 15 48 62 38 1 51 33 24 27 6 22 12 11 0 
6 15 64 61 66 65 52 43 30 33 28 37 18 16 42 63 40 56 26 12 35 38 2 13 21 62 27 55 32 5 47 60 23 54 24 9 57 59 39 67 53 34 10 8 51 1 4 44 50 69 19 46 48 36 7 45 22 41 11 31 29 25 14 68 17 3 49 58 0 20 
11 46 67 4 60 23 49 66 15 32 25 14 17 65 64 56 41 26 29 63 13 27 62 20 69 7 21 43 59 45 36 37 58 42 57 18 55 47 24 28 44 30 54 8 51 22 53 68 34 50 1 48 40 39 38 10 35 19 33 3 2 31 16 12 9 5 6 0 61 52 
27 54 25 23 57 22 49 45 67 41 17 0 6 33 15 55 7 65 12 11 39 9 44 35 13 52 18 5 69 4 64 62 19 16 14 56 51 43 32 63 40 20 36 21 30 3 26 31 38 68 60 34 28 46 59 8 66 50 37 58 48 42 47 61 53 10 2 29 24 1 
27 54 25 23 57 22 49 45 67 41 17 0 6 33 15 55 7 65 12 11 39 9 44 35 13 52 18 5 69 4 64 62 19 16 14 56 51 43 32 63 40 20 36 21 30 3 26 31 38 68 60 34 28 46 59 8 66 50 37 58 48 42 47 61 53 10 2 29 24 1 
28 41 4 6 44 3 66 55 63 32 33 0 35 11 37 23 29 58 21 8 54 61 43 15 62 20 65 13 48 46 50 27 49 42 9 57 10 17 64 56 68 69 1 52 38 31 14 47 53 22 25 24 16 18 51 60 2 19 30 40 59 34 36 5 45 39 7 26 12 67 
46 5 23 2 22 61 12 37 19 66 32 16 41 52 25 42 44 62 40 7 36 15 39 34 48 65 68 4 55 21 49 29 43 6 27 20 51 47 18 35 63 8 53 11 10 1 9 24 67 45 28 14 59 30 56 58 26 31 13 64 54 50 17 57 33 3 60 69 0 38 
27 45 47 25 23 62 13 69 68 2 19 55 35 39 15 14 46 51 6 16 38 67 42 59 31 26 1 10 66 53 63 8 24 9 34 54 22 49 30 65 40 0 33 20 12 5 18 61 4 64 57 48 60 43 52 11 58 29 32 7 44 56 37 50 41 21 17 36 28 3 
45 69 23 46 50 48 60 17 37 58 38 53 66 39 33 27 42 3 21 28 6 4 31 55 68 54 5 25 24 1 22 59 64 30 67 15 44 26 49 9 11 62 8 18 51 13 65 63 10 52 43 56 61 19 29 16 12 34 57 14 35 47 41 20 40 0 36 32 7 2 
13 7 21 23 1 10 61 62 22 63 50 48 46 53 69 30 45 2 64 27 5 11 14 17 15 43 38 55 26 68 40 59 9 8 37 31 41 3 52 39 33 28 67 29 57 12 24 25 4 49 18 32 6 19 44 65 66 51 47 16 35 20 60 58 34 54 56 36 42 0 
6 4 64 33 55 60 24 38 39 44 53 41 31 5 9 52 20 36 42 37 66 59 28 30 7 22 49 14 58 69 11 8 10 57 67 15 56 40 47 3 34 68 17 43 13 61 63 16 25 45 21 18 62 46 26 1 29 23 54 50 35 51 48 65 27 2 19 12 0 32 
40 50 8 28 36 21 17 22 68 41 48 64 67 59 49 56 11 42 25 32 55 66 19 4 37 13 16 29 65 45 0 10 54 62 52 7 15 2 34 63 24 61 30 26 51 39 44 6 35 60 1 38 33 27 3 47 58 31 18 9 5 14 12 57 53 20 23 46 43 69 
5 14 19 63 52 23 1 24 58 55 31 40 34 53 42 7 2 54 45 47 49 9 3 25 21 17 11 35 36 6 48 16 13 30 4 18 43 41 8 57 65 68 22 10 29 38 12 51 28 67 32 33 15 0 26 61 46 59 27 56 60 37 39 66 44 20 62 64 69 50 
11 29 49 21 14 30 40 53 43 55 36 2 61 65 13 59 1 44 52 18 28 67 26 33 7 3 57 9 42 58 20 24 63 23 38 22 31 32 6 15 4 51 35 5 45 64 60 17 47 16 46 56 8 62 19 10 66 0 48 27 25 34 41 54 37 39 69 50 68 12 
56 34 28 63 29 11 48 54 36 33 17 5 61 35 37 7 52 2 31 41 66 10 43 24 53 49 45 65 46 40 64 68 50 27 6 38 58 59 19 1 26 47 0 23 67 57 12 22 15 18 55 25 13 42 51 4 3 62 20 32 39 21 30 8 60 14 9 44 16 69 
65 21 3 44 48 37 64 56 31 47 16 42 69 30 62 55 66 17 43 4 32 2 36 52 27 20 34 9 13 25 60 14 50 0 28 59 7 24 58 67 35 68 53 57 19 1 10 61 6 29 46 26 51 12 41 5 40 45 18 11 38 49 23 22 39 8 63 15 54 33 
65 21 3 44 48 37 64 56 31 47 16 42 69 30 62 55 66 17 43 4 32 2 36 52 27 20 34 9 13 25 60 14 50 0 28 59 7 24 58 67 35 68 53 57 19 1 10 61 6 29 46 26 51 12 41 5 40 45 18 11 38 49 23 22 39 8 63 15 54 33 
61 59 13 9 5 49 28 52 35 42 47 56 43 10 39 20 63 19 44 66 57 45 60 46 17 15 6 27 7 65 1 33 50 25 55 51 24 11 54 0 26 21 14 53 22 40 48 36 16 18 3 32 41 64 37 62 29 34 30 31 4 12 8 68 69 23 38 67 58 2 
33 67 34 17 36 62 66 37 18 16 40 60 28 45 5 43 19 56 59 46 47 48 65 44 64 50 51 24 53 41 14 7 25 61 63 68 69 0 55 27 4 52 9 29 38 13 54 49 22 26 31 57 39 58 32 6 11 15 30 1 10 23 21 35 12 20 3 2 42 8 
44 48 64 52 8 20 50 2 7 14 18 24 9 53 38 27 51 39 10 17 63 34 23 59 37 46 49 4 3 69 28 60 41 40 5 21 61 19 32 15 35 16 6 33 25 58 47 1 31 12 57 22 13 56 67 68 26 43 29 62 42 30 65 36 45 66 54 55 0 11 
32 6 42 8 33 52 0 21 43 14 16 27 3 51 44 67 49 26 12 10 35 39 1 11 15 48 19 55 36 50 61 41 40 29 2 66 18 65 4 20 34 9 22 31 30 64 5 28 45 63 56 13 7 46 17 62 38 58 23 60 37 24 25 59 47 57 53 54 68 69 
47 1 32 66 33 28 60 68 26 53 8 34 31 67 57 51 9 4 37 42 64 16 11 13 2 14 49 56 30 54 15 3 35 7 19 25 63 65 48 55 20 62 44 21 5 59 23 6 36 61 27 58 29 50 38 39 22 10 43 52 45 46 69 40 12 18 41 17 24 0 
40 37 26 58 49 60 2 68 30 41 11 9 19 1 33 46 67 5 56 59 27 47 50 64 20 36 4 0 66 51 17 28 35 52 65 12 53 24 7 62 22 38 63 61 39 48 23 34 8 57 29 6 55 31 13 43 54 15 45 14 3 44 18 42 32 10 25 21 16 69 
5 14 19 63 52 23 1 24 58 55 31 40 34 53 42 7 2 54 45 47 49 9 3 25 21 17 11 35 36 6 48 16 13 30 4 18 43 41 8 57 65 68 22 10 29 38 12 51 28 67 32 33 15 0 26 61 46 59 27 56 60 37 39 66 44 20 62 64 69 50 
23 68 21 33 46 25 41 16 54 42 13 6 66 11 48 56 57 40 65 4 3 43 53 26 31 67 32 52 61 28 19 15 51 12 47 44 38 18 8 35 29 63 20 39 62 5 36 64 69 50 37 27 17 9 14 59 45 55 1 60 10 49 30 7 2 34 22 24 58 0 
