41 18 5 22 53 39 27 46 15 8 28 14 7 3 48 17 13 0 26 51 11 58 62 9 49 61 50 52 10 38 23 60 33 40 56 44 2 4 37 21 35 6 55 36 64 63 54 19 1 34 42 29 30 32 16 43 12 24 25 59 47 45 20 57 31 
41 64 62 42 54 31 20 17 16 53 59 49 61 15 10 1 33 39 23 58 22 8 38 28 57 47 44 56 27 9 45 48 11 63 18 2 34 37 32 30 3 14 52 19 55 29 50 21 35 60 4 13 6 36 40 5 46 51 26 7 12 43 24 25 0 
42 56 44 64 54 7 14 31 59 17 2 50 26 4 10 23 57 11 0 58 13 49 15 3 38 18 30 55 34 19 41 20 29 47 63 21 1 37 40 9 46 25 52 39 6 28 51 32 33 35 36 8 22 48 16 60 61 62 12 24 43 53 27 45 5 
31 59 2 34 17 28 39 56 29 3 32 47 53 21 61 8 49 36 14 19 15 41 52 4 22 44 9 46 11 5 33 60 54 55 1 58 45 7 26 43 18 10 40 16 12 25 30 13 57 48 51 20 35 23 37 50 24 27 38 42 6 63 64 0 62 
60 5 29 55 18 27 31 1 19 25 0 24 28 32 13 38 10 52 22 23 15 51 48 11 45 8 59 62 17 3 2 54 46 14 49 57 6 50 44 56 4 39 42 36 30 21 61 9 41 33 47 37 43 12 7 40 20 58 16 34 26 53 63 64 35 
63 55 39 54 20 3 50 6 43 44 21 25 41 13 53 40 23 52 45 22 4 10 46 61 27 34 36 1 7 8 32 49 33 48 47 9 14 26 57 28 18 38 56 17 60 11 2 15 31 30 16 59 62 19 42 24 29 64 37 35 51 58 0 12 5 
33 15 4 14 0 48 42 17 47 46 23 38 3 10 54 44 7 43 50 56 21 12 32 39 22 37 13 36 60 59 31 49 16 29 27 28 30 25 8 19 24 20 52 26 9 6 5 58 40 64 62 57 45 51 53 18 35 63 41 2 55 61 11 34 1 
33 15 4 14 0 48 42 17 47 46 23 38 3 10 54 44 7 43 50 56 21 12 32 39 22 37 13 36 60 59 31 49 16 29 27 28 30 25 8 19 24 20 52 26 9 6 5 58 40 64 62 57 45 51 53 18 35 63 41 2 55 61 11 34 1 
59 43 13 9 47 21 11 18 27 33 10 39 37 7 38 41 36 60 29 35 4 50 12 22 52 31 14 3 28 58 64 23 62 24 19 46 40 63 6 17 8 54 2 32 48 61 15 51 45 49 20 57 34 42 55 56 25 16 53 1 44 30 5 26 0 
47 49 9 19 16 13 6 31 20 22 29 25 45 10 38 44 12 0 3 11 43 1 2 53 51 57 39 61 40 4 8 27 5 37 46 33 62 42 52 26 24 7 28 14 36 54 59 15 50 17 60 23 55 18 21 34 30 32 48 35 58 41 56 63 64 
52 51 58 57 35 48 42 21 30 38 23 32 0 47 3 19 1 46 5 54 6 16 25 56 60 41 40 49 9 18 13 34 22 37 53 33 45 14 7 29 44 27 39 28 50 17 31 43 8 11 10 36 2 64 4 61 20 26 12 63 55 62 59 24 15 
49 5 42 38 12 31 29 25 58 15 41 51 28 62 17 52 55 6 27 53 19 1 44 64 3 46 36 54 7 10 63 59 40 11 14 61 47 26 32 56 33 13 35 2 60 23 37 18 48 20 57 50 39 21 4 45 24 30 43 34 22 8 16 9 0 
55 7 38 39 21 60 47 57 1 26 23 2 37 5 32 59 58 11 49 53 15 44 4 56 0 25 28 6 20 35 54 46 63 16 14 51 45 50 8 12 48 22 41 29 43 42 9 10 31 30 40 36 18 34 62 27 13 64 19 17 3 61 33 52 24 
55 27 0 39 64 16 28 10 32 42 1 12 3 6 54 35 48 38 59 58 2 19 7 34 26 57 9 47 62 49 4 46 5 53 18 33 23 21 25 14 8 17 52 40 11 51 36 41 37 50 13 43 24 29 15 45 20 44 22 60 30 63 31 61 56 
55 27 0 39 64 16 28 10 32 42 1 12 3 6 54 35 48 38 59 58 2 19 7 34 26 57 9 47 62 49 4 46 5 53 18 33 23 21 25 14 8 17 52 40 11 51 36 41 37 50 13 43 24 29 15 45 20 44 22 60 30 63 31 61 56 
21 40 50 15 31 56 60 52 62 64 6 44 29 57 20 49 14 48 53 10 27 55 41 36 18 45 30 59 17 3 8 1 11 13 32 42 37 63 25 47 35 34 22 46 12 28 54 5 2 24 23 61 38 9 33 4 19 58 51 26 7 43 0 39 16 
52 5 32 3 29 41 38 33 12 54 15 39 37 17 36 35 45 53 56 14 28 1 40 50 47 62 20 51 19 22 27 18 2 9 7 16 0 46 11 42 8 44 34 6 43 61 48 58 55 24 30 21 4 13 23 60 49 59 31 25 57 26 63 64 10 
52 23 38 58 40 7 62 37 30 25 31 45 57 48 17 33 59 8 28 18 53 39 64 55 21 9 16 12 36 32 2 63 27 46 49 11 10 51 20 29 3 15 43 13 50 22 34 1 61 26 35 44 0 42 24 54 5 60 14 6 41 56 19 47 4 
55 12 43 33 0 1 44 8 16 34 7 52 18 23 40 2 49 20 58 14 26 28 13 3 48 37 9 27 46 50 4 61 57 30 6 5 22 10 42 47 11 39 32 56 15 17 53 35 60 59 19 21 31 24 45 25 62 51 29 36 38 41 54 63 64 
27 53 41 0 21 57 31 45 8 14 26 49 5 51 10 42 63 6 36 3 33 1 58 62 4 22 7 46 50 13 25 47 43 39 2 52 28 30 34 37 19 16 12 9 61 44 29 20 35 23 40 60 15 32 11 24 54 55 59 56 38 17 48 18 64 
63 49 58 47 21 34 36 40 61 1 19 24 16 45 41 42 2 44 18 28 5 43 13 23 52 55 37 60 12 33 11 64 31 30 29 6 15 3 53 26 20 25 59 17 50 46 56 8 62 4 10 7 54 48 38 22 27 9 14 39 51 32 0 57 35 
13 22 56 20 49 36 19 11 39 5 3 34 46 17 12 32 55 30 0 8 29 42 45 54 26 24 1 60 21 18 63 23 7 48 44 9 33 15 2 41 62 59 25 14 47 51 53 38 40 28 16 35 4 58 31 37 6 57 61 50 52 27 10 64 43 
6 38 44 52 4 23 27 13 18 26 14 20 11 58 34 16 57 32 43 36 8 51 60 35 22 39 9 29 17 62 45 12 0 10 46 50 30 54 41 53 31 61 1 37 2 5 56 59 28 24 33 42 40 55 3 15 49 48 7 47 21 25 19 64 63 
12 38 41 50 27 62 49 61 9 60 35 23 44 29 48 59 4 25 15 8 17 31 1 58 45 57 19 14 40 36 56 7 39 10 32 55 54 53 46 64 51 47 16 63 42 37 21 5 13 18 34 33 52 28 43 24 6 22 20 11 3 2 0 30 26 
40 5 11 44 23 28 26 21 37 54 6 1 63 2 59 58 7 50 61 3 17 12 16 48 46 13 4 53 27 8 25 56 35 18 30 55 43 41 9 10 52 38 14 24 36 29 47 15 51 32 49 22 19 20 42 45 31 60 39 33 0 57 62 64 34 
11 45 48 10 8 19 64 60 38 4 1 55 14 31 12 59 42 37 16 43 2 22 24 7 20 58 62 56 47 50 25 44 3 28 26 35 54 13 46 61 52 15 23 34 17 51 49 33 29 41 5 21 57 27 6 39 9 36 40 53 18 0 32 30 63 
11 45 48 10 8 19 64 60 38 4 1 55 14 31 12 59 42 37 16 43 2 22 24 7 20 58 62 56 47 50 25 44 3 28 26 35 54 13 46 61 52 15 23 34 17 51 49 33 29 41 5 21 57 27 6 39 9 36 40 53 18 0 32 30 63 
38 1 59 16 18 36 37 41 24 2 63 26 43 31 48 45 28 47 9 39 5 13 54 22 23 56 19 35 6 42 14 40 17 3 33 8 15 4 57 64 27 30 12 34 53 51 10 20 11 7 29 21 62 58 60 44 46 25 32 52 55 49 0 61 50 
54 28 42 4 34 48 14 47 2 23 17 18 15 37 20 33 49 61 13 25 22 56 32 35 36 6 3 5 41 60 64 29 30 58 9 38 31 51 40 7 63 55 46 44 62 11 8 52 53 45 59 21 10 39 16 24 27 26 57 12 50 0 43 1 19 
50 10 58 49 29 54 42 36 12 47 5 2 20 63 35 0 11 34 13 24 30 57 22 23 26 17 19 53 64 4 1 28 14 27 41 46 15 39 7 61 3 9 51 52 45 38 43 16 55 44 31 6 60 21 37 8 32 33 18 48 25 59 62 40 56 
43 2 50 39 33 19 36 0 1 41 63 15 4 38 34 37 64 24 30 32 7 61 20 11 8 29 53 3 55 56 25 21 18 9 17 46 5 22 40 14 13 54 10 60 28 59 6 49 47 23 27 44 35 48 58 57 31 26 62 12 51 45 16 42 52 
22 15 41 35 20 30 37 21 56 47 32 25 58 45 0 62 12 18 57 48 14 40 17 61 46 8 11 51 7 4 60 33 53 29 3 59 42 26 50 23 55 38 27 10 54 19 34 6 1 64 49 44 39 13 28 43 16 63 31 24 9 52 2 36 5 
22 15 41 35 20 30 37 21 56 47 32 25 58 45 0 62 12 18 57 48 14 40 17 61 46 8 11 51 7 4 60 33 53 29 3 59 42 26 50 23 55 38 27 10 54 19 34 6 1 64 49 44 39 13 28 43 16 63 31 24 9 52 2 36 5 
64 44 57 40 18 47 45 10 37 30 46 2 50 14 38 42 33 60 56 22 36 35 3 19 8 6 63 25 16 32 24 61 29 21 15 28 20 0 5 34 26 55 53 13 49 11 58 7 59 51 62 1 54 41 31 23 12 39 4 27 52 9 48 17 43 
54 43 29 38 55 64 56 36 14 48 31 11 18 17 27 37 39 12 0 34 44 8 9 47 32 28 3 59 10 21 57 46 60 22 13 63 15 35 25 41 6 30 4 23 26 62 51 45 20 50 61 2 7 58 42 53 16 24 5 52 49 40 33 19 1 
37 58 28 9 8 41 2 33 44 57 3 46 59 47 30 62 18 32 64 24 52 17 13 11 10 27 61 63 60 1 15 45 25 49 20 16 0 48 26 31 54 5 51 38 22 53 56 6 34 36 29 35 50 7 14 42 12 19 4 23 40 39 43 55 21 
36 53 0 5 8 40 13 46 4 33 44 23 18 48 28 50 11 52 30 35 56 57 32 1 14 61 62 38 60 2 39 10 9 42 15 19 26 3 47 27 31 37 7 49 6 58 20 12 24 25 41 16 59 17 34 54 21 51 22 29 45 43 55 63 64 
36 11 31 62 42 55 16 25 45 59 23 47 28 27 20 12 19 38 33 22 32 64 1 10 26 15 60 2 29 5 37 3 48 24 58 50 53 54 34 57 30 7 49 63 21 40 4 9 6 46 35 44 52 14 61 8 18 39 17 43 13 56 0 51 41 
30 24 32 55 36 0 28 35 7 18 39 14 15 5 21 13 12 40 49 47 48 11 58 51 6 1 54 16 26 27 60 63 61 50 44 2 4 41 33 17 31 3 25 34 38 8 29 53 62 43 9 20 37 10 57 19 45 22 46 23 42 52 56 59 64 
16 15 62 45 1 55 39 22 51 44 54 18 36 4 0 3 26 23 38 53 10 52 57 61 20 48 7 13 5 30 25 34 47 32 28 46 42 27 37 9 6 43 41 40 60 33 21 59 2 64 24 56 14 17 12 11 50 63 35 31 19 58 8 49 29 
52 15 8 3 61 50 46 34 36 18 21 22 29 49 44 35 19 64 37 63 24 57 32 43 41 9 42 17 25 62 39 1 30 27 5 38 4 33 47 28 6 60 59 53 16 14 48 58 2 56 10 7 0 55 31 45 54 51 12 40 20 26 23 13 11 
52 15 8 3 61 50 46 34 36 18 21 22 29 49 44 35 19 64 37 63 24 57 32 43 41 9 42 17 25 62 39 1 30 27 5 38 4 33 47 28 6 60 59 53 16 14 48 58 2 56 10 7 0 55 31 45 54 51 12 40 20 26 23 13 11 
17 30 13 25 31 42 62 43 28 14 51 38 8 21 63 60 36 16 2 6 34 12 26 22 55 59 5 46 19 27 52 33 61 57 48 11 18 35 7 45 56 39 10 29 44 54 20 49 58 50 24 64 9 1 47 40 23 37 53 3 15 4 32 41 0 
33 5 22 27 37 38 16 1 21 26 58 49 62 43 4 56 29 30 40 34 6 55 64 32 7 19 54 63 35 41 51 8 25 11 52 9 2 48 28 17 47 59 0 45 3 44 61 14 15 23 18 39 42 53 24 20 31 50 10 46 57 13 12 60 36 
40 9 30 16 41 5 45 62 29 1 24 57 34 2 22 20 50 56 11 51 31 14 48 46 17 42 25 12 6 55 32 36 43 19 35 10 61 3 53 4 44 52 37 27 26 18 28 49 0 47 23 8 13 39 63 54 21 15 33 64 7 58 60 59 38 
56 60 50 11 17 12 53 3 21 48 7 47 0 54 45 38 44 16 9 15 61 58 10 41 4 23 30 31 34 40 2 39 33 57 25 26 8 36 35 46 19 29 27 55 24 42 63 18 14 51 52 5 22 64 37 6 43 28 13 62 20 59 49 32 1 
22 34 24 9 17 19 10 44 2 12 47 52 18 13 61 62 14 28 4 5 49 56 27 39 11 33 59 40 38 8 3 31 54 1 26 43 25 30 42 32 60 51 15 50 7 58 16 29 55 6 21 48 53 37 36 57 45 20 35 64 41 23 63 46 0 
7 61 26 30 32 56 60 4 18 5 49 20 38 25 10 16 36 41 37 57 11 31 63 6 45 21 13 29 23 34 59 48 62 54 55 46 8 9 40 50 28 12 47 58 14 39 52 53 22 43 24 15 33 17 51 2 44 27 35 42 3 0 19 1 64 
59 18 40 16 25 58 51 53 49 20 22 12 45 57 0 42 24 26 46 3 56 41 11 29 1 55 54 39 21 52 7 2 62 34 32 48 37 36 27 47 17 44 6 19 61 38 15 35 4 9 33 14 31 30 60 23 13 10 50 5 64 43 8 28 63 
5 56 36 6 55 38 23 1 61 10 59 64 11 39 13 8 14 32 9 43 50 57 45 52 27 25 12 28 16 63 0 47 34 46 17 18 3 22 62 20 21 60 26 49 42 48 51 58 31 30 24 35 29 54 37 33 53 44 2 41 4 40 19 15 7 
5 56 36 6 55 38 23 1 61 10 59 64 11 39 13 8 14 32 9 43 50 57 45 52 27 25 12 28 16 63 0 47 34 46 17 18 3 22 62 20 21 60 26 49 42 48 51 58 31 30 24 35 29 54 37 33 53 44 2 41 4 40 19 15 7 
53 45 21 32 39 35 59 24 55 22 13 3 48 1 54 29 57 62 18 34 5 17 0 33 8 23 46 50 38 40 52 47 44 25 2 9 56 49 10 6 63 60 11 36 4 41 30 15 28 58 16 31 12 51 19 26 27 43 7 42 61 20 14 64 37 
30 7 52 56 36 38 50 12 25 17 0 49 47 55 64 19 2 31 15 33 8 18 16 45 39 26 29 42 40 44 27 63 21 11 51 9 24 37 35 48 43 62 1 32 22 57 10 14 61 28 20 4 23 60 3 46 53 59 6 58 5 54 41 34 13 
33 8 48 51 45 29 22 17 28 38 46 34 41 23 60 63 12 55 37 2 40 20 26 5 31 11 10 9 53 54 35 21 32 15 42 62 39 6 1 56 61 47 4 50 14 25 19 43 52 30 59 16 36 18 27 58 3 0 49 57 44 7 24 13 64 
62 18 9 56 23 45 14 28 21 2 39 0 57 13 50 4 41 27 33 10 42 17 1 49 7 6 61 35 63 36 8 46 44 38 52 29 55 11 3 30 15 53 24 34 32 16 64 5 26 20 58 22 54 43 60 25 12 37 40 19 48 51 31 47 59 
62 7 48 42 58 50 20 8 49 54 30 56 18 27 32 45 14 29 35 41 2 38 9 6 16 12 39 44 23 21 24 17 10 15 26 43 19 52 55 61 34 64 25 11 13 31 28 47 40 36 3 33 59 63 37 53 4 60 51 57 5 46 22 1 0 
30 39 53 8 21 33 64 45 58 34 5 7 31 38 15 0 29 10 52 62 22 56 47 46 44 49 50 55 17 11 57 20 51 12 16 1 25 4 18 13 2 24 61 43 32 36 42 26 48 27 3 14 28 40 37 6 59 60 23 9 19 54 35 41 63 
30 39 53 8 21 33 64 45 58 34 5 7 31 38 15 0 29 10 52 62 22 56 47 46 44 49 50 55 17 11 57 20 51 12 16 1 25 4 18 13 2 24 61 43 32 36 42 26 48 27 3 14 28 40 37 6 59 60 23 9 19 54 35 41 63 
55 21 22 17 38 49 40 36 6 25 0 4 19 39 45 20 50 30 53 48 44 52 10 32 18 8 5 46 56 37 1 64 2 43 34 31 12 57 11 13 42 61 28 33 3 23 26 15 63 27 7 47 24 59 9 51 35 58 14 54 16 41 29 62 60 
55 47 32 13 15 38 27 53 50 44 5 49 28 3 24 45 62 64 56 11 7 37 63 17 25 22 46 40 41 36 43 4 9 29 23 10 39 21 33 6 26 61 20 14 35 54 18 16 8 60 30 57 12 59 34 42 48 58 31 52 0 51 19 2 1 
21 17 64 63 32 44 14 16 40 48 59 20 26 27 34 1 46 23 62 33 38 43 47 61 35 2 10 57 51 28 8 13 55 31 60 19 30 25 41 52 3 45 0 15 58 5 53 56 29 6 42 54 36 18 37 7 50 9 49 39 11 12 24 22 4 
8 7 36 38 12 48 49 50 28 64 39 29 58 59 16 55 53 9 62 52 61 15 4 20 1 34 54 40 14 13 24 25 42 17 6 30 32 63 57 46 43 19 41 27 35 5 21 23 47 26 56 60 33 31 0 11 45 51 44 3 22 37 10 18 2 
24 40 4 50 45 20 8 13 60 46 53 16 54 14 22 37 42 9 43 3 6 19 17 39 29 64 62 57 5 56 10 63 41 18 33 38 27 28 32 30 11 23 7 36 15 61 51 49 59 31 21 52 55 35 0 58 26 48 34 2 47 44 12 25 1 
54 48 47 28 41 46 13 34 64 44 15 2 21 33 50 58 14 40 18 9 39 55 10 37 63 35 3 27 6 32 31 7 25 30 60 26 5 24 4 8 53 22 23 49 17 16 62 11 20 0 61 57 19 51 36 42 29 1 56 43 59 12 52 38 45 
54 48 47 28 41 46 13 34 64 44 15 2 21 33 50 58 14 40 18 9 39 55 10 37 63 35 3 27 6 32 31 7 25 30 60 26 5 24 4 8 53 22 23 49 17 16 62 11 20 0 61 57 19 51 36 42 29 1 56 43 59 12 52 38 45 
30 29 8 42 12 5 55 22 17 36 0 23 60 24 53 7 49 41 4 38 52 50 32 46 57 10 28 59 40 31 26 14 20 62 16 11 45 2 44 47 15 18 6 37 33 21 56 64 34 58 25 3 27 39 1 48 63 51 13 61 9 35 54 43 19 
1 19 56 30 36 7 34 44 17 31 45 46 20 16 40 35 6 25 27 13 55 22 53 18 29 48 50 61 37 33 52 60 4 39 62 10 15 63 21 38 2 51 26 43 41 12 57 0 54 8 24 59 5 32 14 47 3 23 58 9 28 49 11 42 64 
48 36 43 16 15 53 63 22 55 31 26 50 64 59 24 46 34 45 47 10 42 13 57 0 20 40 11 14 62 38 51 5 21 6 30 35 41 1 32 56 28 27 23 33 2 19 37 17 9 12 8 3 54 4 18 60 52 44 7 25 58 29 39 49 61 
21 22 12 38 25 24 8 37 30 5 14 29 45 31 62 32 40 33 27 19 36 53 1 55 64 41 42 7 11 46 52 60 0 48 9 50 4 15 56 57 58 59 43 28 35 3 17 13 54 20 26 23 47 51 2 10 34 49 61 39 16 18 6 63 44 
16 24 34 50 51 11 15 44 61 45 55 48 18 3 39 13 25 31 33 59 60 52 46 14 8 49 43 23 10 38 20 28 2 47 32 22 21 27 36 5 30 64 56 40 35 37 57 9 62 19 53 54 6 63 4 1 29 58 26 42 7 41 17 12 0 
6 36 41 52 7 56 46 15 51 13 48 3 40 24 59 16 42 4 0 47 30 28 49 62 58 19 11 14 10 8 25 26 61 9 38 45 32 29 12 53 33 17 34 60 57 37 23 18 44 20 31 55 35 21 54 2 27 39 50 43 5 64 1 63 22 
22 7 31 58 19 51 34 42 26 16 13 12 49 45 14 8 23 35 37 62 2 38 50 47 5 11 60 41 25 21 44 24 52 15 55 39 18 36 29 27 17 64 59 1 30 28 9 48 53 33 4 3 56 63 6 54 20 61 10 57 40 46 43 32 0 
50 64 55 35 40 15 52 63 3 53 6 30 24 13 51 58 23 19 5 34 0 39 29 48 57 22 38 7 2 46 11 45 54 62 10 31 61 41 1 26 47 36 9 17 33 44 14 28 27 60 4 21 56 18 32 37 8 59 43 25 12 49 16 42 20 
6 29 61 50 23 60 27 40 43 59 17 58 37 38 22 57 3 56 21 5 55 20 7 54 44 53 48 0 10 52 51 33 11 49 31 47 14 46 45 13 42 41 9 35 39 36 1 34 12 32 30 28 19 26 18 25 24 16 15 8 4 2 64 62 63 
36 30 63 58 18 49 13 51 7 62 12 20 17 11 29 35 61 60 21 32 24 34 39 59 19 6 15 45 0 57 47 42 43 56 50 31 37 55 33 22 2 54 64 1 52 14 23 48 10 46 4 44 40 41 3 27 38 28 26 25 8 16 9 5 53 
37 53 34 18 7 57 61 28 4 23 55 63 44 29 62 26 24 5 50 46 10 51 54 48 25 16 60 6 14 30 45 59 42 36 33 41 56 39 58 52 47 8 20 31 27 22 9 49 43 11 17 15 40 12 3 2 38 21 64 32 13 0 19 1 35 
1 51 26 32 25 50 10 45 57 20 55 18 58 16 12 61 5 44 33 23 24 3 13 7 40 43 2 53 15 63 27 22 31 39 64 37 29 46 41 36 56 28 48 6 11 19 42 60 38 8 4 21 9 59 17 49 54 30 47 52 14 35 34 0 62 
0 59 5 58 23 12 35 41 36 21 13 6 32 34 29 43 53 15 1 44 60 17 52 8 10 20 26 25 57 45 49 46 22 55 54 24 16 42 9 2 18 33 19 38 14 40 50 27 30 51 56 28 3 63 64 4 39 31 48 61 7 47 37 11 62 
0 59 5 58 23 12 35 41 36 21 13 6 32 34 29 43 53 15 1 44 60 17 52 8 10 20 26 25 57 45 49 46 22 55 54 24 16 42 9 2 18 33 19 38 14 40 50 27 30 51 56 28 3 63 64 4 39 31 48 61 7 47 37 11 62 
37 2 15 18 35 3 60 6 64 49 22 59 62 61 8 4 21 5 46 14 45 12 54 26 0 9 25 34 48 30 19 43 38 10 39 11 17 40 56 58 13 16 31 28 50 20 63 52 29 23 24 1 55 32 44 33 47 36 7 42 51 53 57 27 41 
53 27 33 47 8 24 63 28 43 12 34 26 35 36 60 29 52 13 32 50 31 58 62 14 40 3 19 30 1 44 37 20 38 56 22 51 57 17 55 2 61 21 25 48 23 6 0 11 49 45 39 54 5 64 18 10 41 15 42 59 16 46 9 7 4 
23 25 57 56 35 30 20 8 55 54 58 52 40 43 60 46 64 49 24 17 36 4 0 48 45 11 14 47 22 44 19 18 6 42 41 62 13 38 37 21 29 34 39 7 32 16 31 28 51 26 61 12 53 9 10 59 2 1 63 33 27 3 15 5 50 
36 55 52 41 25 6 54 9 27 34 37 50 56 12 59 31 47 7 23 32 8 63 64 44 40 10 60 38 45 11 24 51 16 42 17 13 18 2 33 22 1 19 3 61 29 21 20 28 48 30 35 5 57 43 58 46 49 53 14 0 15 39 4 26 62 
25 17 58 64 36 5 59 61 35 54 22 53 4 30 63 7 0 23 15 11 31 14 2 51 18 42 62 26 32 49 1 60 40 37 57 12 52 45 44 56 13 41 20 27 39 16 43 34 55 6 21 29 50 24 47 28 9 8 3 48 10 33 46 38 19 
25 17 58 64 36 5 59 61 35 54 22 53 4 30 63 7 0 23 15 11 31 14 2 51 18 42 62 26 32 49 1 60 40 37 57 12 52 45 44 56 13 41 20 27 39 16 43 34 55 6 21 29 50 24 47 28 9 8 3 48 10 33 46 38 19 
29 21 33 31 58 53 28 11 4 52 16 39 1 38 24 25 61 50 47 59 6 37 34 48 10 46 23 41 44 19 45 35 54 42 63 36 17 32 7 5 55 27 56 8 22 20 12 51 3 15 14 13 18 2 30 64 43 57 40 9 62 26 49 60 0 
9 28 44 16 31 43 23 42 35 41 59 39 38 47 20 64 7 34 27 33 32 45 48 26 29 24 11 14 56 21 19 1 57 58 30 13 12 10 8 22 63 4 3 17 0 62 50 55 5 52 49 40 53 18 37 61 51 25 2 46 60 54 6 36 15 
42 28 1 9 40 57 45 14 25 43 3 56 48 20 49 39 19 36 7 53 55 33 16 32 18 21 27 38 22 54 44 37 24 61 12 51 26 13 50 41 11 6 35 4 2 47 10 46 15 60 31 52 17 29 8 23 5 59 30 63 58 0 62 34 64 
6 53 38 11 3 19 17 59 1 51 43 34 18 41 48 61 23 7 26 22 2 55 56 28 13 60 33 36 37 50 30 40 49 42 20 32 54 35 4 14 58 10 44 45 52 57 5 29 12 16 8 15 31 25 24 47 9 46 27 63 21 0 62 39 64 
41 33 58 21 1 45 50 25 32 57 12 13 47 52 53 38 44 20 51 27 14 48 36 56 15 2 4 49 54 55 34 10 19 3 40 23 59 43 24 31 11 42 63 28 37 5 29 35 18 6 60 26 8 22 0 9 17 16 7 64 39 46 62 61 30 
1 13 28 61 38 60 4 34 10 16 32 53 58 49 33 21 63 57 31 14 39 6 40 42 45 56 22 12 2 17 48 50 51 24 55 54 3 26 37 30 41 52 23 9 15 47 25 27 35 46 44 62 5 36 18 29 64 19 43 8 7 0 59 11 20 
19 11 47 12 51 42 22 57 30 54 48 53 17 45 38 61 50 49 26 43 33 39 10 46 56 6 64 36 44 37 15 62 9 34 14 58 35 29 28 21 55 25 20 13 24 7 16 23 60 8 41 4 63 2 40 31 59 32 18 3 1 27 52 0 5 
42 5 20 21 64 40 41 38 44 6 36 47 61 33 49 50 62 51 43 55 53 25 35 23 0 59 19 63 37 2 16 7 15 10 32 13 12 11 26 8 30 34 48 60 57 54 58 3 14 22 28 24 17 4 56 45 9 39 46 18 29 27 31 52 1 
43 5 30 14 7 58 20 27 35 36 57 13 47 22 2 4 32 9 31 60 55 54 64 45 41 21 28 50 10 52 16 38 51 11 26 49 53 1 25 42 8 17 56 44 24 40 34 39 6 19 37 3 23 33 29 18 15 61 12 63 59 46 62 48 0 
42 56 38 7 46 51 62 14 25 34 43 32 49 3 57 9 39 28 18 53 2 21 5 26 13 12 50 40 41 20 31 55 54 47 15 35 27 6 4 10 22 64 44 48 59 23 16 37 36 29 8 17 19 63 30 58 11 61 33 60 24 52 45 1 0 
35 51 21 23 57 32 25 18 0 49 16 59 5 29 4 41 47 26 61 1 44 39 53 2 3 17 15 6 40 56 7 42 33 38 50 8 45 34 55 60 14 52 9 19 10 36 11 48 22 20 12 13 58 43 31 24 37 30 27 28 46 63 54 62 64 
47 28 41 10 7 57 25 61 4 15 38 49 51 11 29 55 63 36 64 45 30 44 9 60 20 18 54 5 37 6 22 40 19 56 21 46 53 26 31 16 42 8 32 27 59 35 12 13 17 50 33 58 39 14 62 2 24 34 48 43 3 0 23 1 52 
60 28 12 27 17 0 42 52 10 15 43 16 35 9 13 18 55 21 37 22 47 39 11 24 40 36 41 53 63 25 6 54 50 59 57 1 38 30 31 20 29 34 44 4 46 2 33 51 45 58 3 62 48 5 14 7 26 49 61 8 19 23 32 56 64 
60 28 12 27 17 0 42 52 10 15 43 16 35 9 13 18 55 21 37 22 47 39 11 24 40 36 41 53 63 25 6 54 50 59 57 1 38 30 31 20 29 34 44 4 46 2 33 51 45 58 3 62 48 5 14 7 26 49 61 8 19 23 32 56 64 
34 0 59 9 13 27 41 17 1 11 31 58 25 12 51 57 56 2 33 53 55 37 24 54 45 39 35 3 22 21 52 43 47 4 18 50 30 19 49 20 48 5 42 8 46 15 6 44 26 7 40 38 60 10 23 32 29 14 28 16 64 36 61 62 63 
