6 5 3 8 2 1 0 7 9 4 
4 5 0 9 7 8 1 3 2 6 
4 5 8 2 7 9 3 1 0 6 
4 5 8 2 7 9 3 1 0 6 
4 5 8 2 7 9 3 1 0 6 
4 5 8 2 7 9 3 1 0 6 
4 5 8 2 7 9 3 1 0 6 
4 5 8 2 7 9 3 1 0 6 
4 5 8 2 7 9 3 1 0 6 
4 5 8 2 7 9 3 1 0 6 
4 5 8 2 7 9 3 1 0 6 
4 5 8 2 7 9 3 1 0 6 
4 5 8 2 7 9 3 1 0 6 
4 5 8 2 7 9 3 1 0 6 
4 5 8 2 7 9 3 1 0 6 
4 5 8 2 7 9 3 1 0 6 
4 5 8 2 7 9 3 1 0 6 
4 5 8 2 7 9 3 1 0 6 
2 9 7 8 3 4 5 6 0 1 
2 9 7 8 3 4 5 6 0 1 
2 9 7 8 3 4 5 6 0 1 
2 9 7 8 3 4 5 6 0 1 
2 9 7 8 3 4 5 6 0 1 
2 9 7 8 3 4 5 6 0 1 
2 9 7 8 3 4 5 6 0 1 
2 9 7 8 3 4 5 6 0 1 
2 9 7 8 3 4 5 6 0 1 
2 9 7 8 3 4 5 6 0 1 
2 9 7 8 3 4 5 6 0 1 
2 9 7 8 3 4 5 6 0 1 
2 9 7 8 3 4 5 6 0 1 
2 9 7 8 3 4 5 6 0 1 
2 9 7 8 3 4 5 6 0 1 
2 9 7 8 3 4 5 6 0 1 
2 9 7 8 3 4 5 6 0 1 
2 9 7 8 3 4 5 6 0 1 
2 9 7 8 3 4 5 6 0 1 
2 9 7 8 3 4 5 6 0 1 
2 9 7 8 3 4 5 6 0 1 
2 9 7 8 3 4 5 6 0 1 
2 9 7 8 3 4 5 6 0 1 
2 9 7 8 3 4 5 6 0 1 
2 9 7 8 3 4 5 6 0 1 
4 5 2 8 7 9 3 1 0 6 
4 5 2 8 7 9 3 1 0 6 
4 5 2 8 7 9 3 1 0 6 
4 5 2 8 7 9 3 1 0 6 
4 5 2 8 7 9 3 1 0 6 
4 5 2 8 7 9 3 1 0 6 
4 5 2 8 7 9 3 1 0 6 
4 5 2 8 7 9 3 1 0 6 
4 5 2 8 7 9 3 1 0 6 
4 5 2 8 7 9 3 1 0 6 
4 5 2 8 7 9 3 1 0 6 
4 5 2 8 7 9 3 1 0 6 
4 5 2 8 7 9 3 1 0 6 
4 5 2 8 7 9 3 1 0 6 
4 5 2 8 7 9 3 1 0 6 
4 5 2 8 7 9 3 1 0 6 
4 5 2 8 7 9 3 1 0 6 
4 5 2 8 7 9 3 1 0 6 
4 5 2 8 7 9 3 1 0 6 
4 5 2 8 7 9 3 1 0 6 
4 5 2 8 7 9 3 1 0 6 
4 5 2 8 7 9 3 1 0 6 
4 5 2 8 7 9 3 1 0 6 
4 5 2 8 7 9 3 1 0 6 
4 5 2 8 7 9 3 1 0 6 
8 2 7 9 3 5 4 6 0 1 
8 2 7 9 3 5 4 6 0 1 
8 2 7 9 3 5 4 6 0 1 
8 2 7 9 3 5 4 6 0 1 
8 2 7 9 3 5 4 6 0 1 
8 2 7 9 3 5 4 6 0 1 
8 2 7 9 3 5 4 6 0 1 
8 2 7 9 3 5 4 6 0 1 
8 2 7 9 3 5 4 6 0 1 
8 2 7 9 3 5 4 6 0 1 
8 2 7 9 3 5 4 6 0 1 
8 2 7 9 3 5 4 6 0 1 
8 2 7 9 3 5 4 6 0 1 
8 2 7 9 3 5 4 6 0 1 
8 2 7 9 3 5 4 6 0 1 
8 2 7 9 3 5 4 6 0 1 
8 2 7 9 3 5 4 6 0 1 
8 2 7 9 3 5 4 6 0 1 
8 2 7 9 3 5 4 6 0 1 
8 2 7 9 3 5 4 6 0 1 
8 2 7 9 3 5 4 6 0 1 
8 2 7 9 3 5 4 6 0 1 
8 2 7 9 3 5 4 6 0 1 
4 8 2 0 7 9 5 3 1 6 
4 8 2 0 7 9 5 3 1 6 
4 8 2 0 7 9 5 3 1 6 
4 8 2 0 7 9 5 3 1 6 
4 8 2 0 7 9 5 3 1 6 
4 8 2 0 7 9 5 3 1 6 
4 8 2 0 7 9 5 3 1 6 
4 8 2 0 7 9 5 3 1 6 
4 8 2 0 7 9 5 3 1 6 
