16 39 46 22 45 38 24 15 2 4 48 10 11 6 21 42 27 29 33 28 20 34 14 19 12 49 18 13 8 0 25 47 32 5 17 37 30 31 40 23 43 9 26 3 7 36 41 1 44 35 
16 1 15 20 36 12 35 41 9 32 7 21 22 39 3 2 38 14 26 46 45 8 42 24 29 33 30 19 18 23 13 43 5 27 48 40 31 4 10 44 34 11 47 6 25 17 37 49 0 28 
16 1 15 20 36 12 35 41 9 32 7 21 22 39 3 2 38 14 26 46 45 8 42 24 29 33 30 19 18 23 13 43 5 27 48 40 31 4 10 44 34 11 47 6 25 17 37 49 0 28 
47 46 41 33 11 18 23 31 12 39 20 16 32 29 22 45 15 49 9 37 26 7 43 28 1 42 34 19 48 21 38 8 44 30 17 3 35 2 13 40 25 36 4 14 27 6 5 24 10 0 
39 11 1 41 35 21 10 2 30 25 13 22 45 42 3 7 37 48 27 26 32 0 46 34 8 28 5 20 19 14 24 40 6 29 9 17 44 16 12 47 49 15 18 36 23 43 31 33 38 4 
39 11 1 41 35 21 10 2 30 25 13 22 45 42 3 7 37 48 27 26 32 0 46 34 8 28 5 20 19 14 24 40 6 29 9 17 44 16 12 47 49 15 18 36 23 43 31 33 38 4 
14 9 36 20 29 4 26 7 21 22 44 10 46 45 32 13 28 35 2 16 6 12 3 30 41 33 24 8 0 42 39 43 17 5 15 23 18 37 48 1 31 34 25 27 47 49 38 19 11 40 
8 48 13 33 20 3 32 27 15 41 36 46 10 42 17 47 39 7 43 19 28 22 21 4 18 14 26 38 11 30 23 24 35 34 40 5 45 16 12 6 9 49 31 1 44 29 2 37 25 0 
38 21 46 40 43 24 4 16 15 11 34 2 25 37 45 39 48 35 42 28 10 31 0 8 5 23 41 32 9 29 18 49 33 44 27 19 1 7 26 14 36 20 17 3 13 30 6 47 12 22 
47 20 38 46 34 7 31 12 15 5 45 42 36 19 32 37 44 9 28 39 10 48 21 25 35 41 22 16 11 26 40 18 13 33 6 17 49 24 1 27 29 30 14 43 2 4 3 8 23 0 
44 6 15 2 43 32 17 49 24 46 18 42 5 36 3 48 38 21 22 1 25 47 11 7 39 34 28 33 29 45 30 10 8 27 40 41 16 26 9 13 19 12 35 37 14 31 20 23 0 4 
44 6 15 2 43 32 17 49 24 46 18 42 5 36 3 48 38 21 22 1 25 47 11 7 39 34 28 33 29 45 30 10 8 27 40 41 16 26 9 13 19 12 35 37 14 31 20 23 0 4 
21 32 9 16 22 6 39 1 4 38 2 26 7 18 47 45 43 0 17 3 36 37 31 46 13 42 23 41 27 11 8 14 44 34 29 24 15 25 40 5 12 35 19 30 33 20 28 10 49 48 
3 5 21 28 22 33 13 23 32 43 4 41 6 30 27 26 9 37 7 1 24 0 20 8 15 12 45 46 34 16 14 17 10 29 19 48 44 35 39 2 31 18 38 42 25 47 49 36 40 11 
15 45 16 43 31 0 8 19 11 21 22 26 9 29 39 44 47 28 24 23 27 20 41 35 6 33 34 10 13 18 40 14 30 46 49 1 36 12 5 37 25 2 48 7 32 3 42 4 38 17 
15 45 16 43 31 0 8 19 11 21 22 26 9 29 39 44 47 28 24 23 27 20 41 35 6 33 34 10 13 18 40 14 30 46 49 1 36 12 5 37 25 2 48 7 32 3 42 4 38 17 
44 15 10 16 0 23 27 35 28 43 42 2 41 5 14 40 37 32 39 21 7 19 38 3 26 36 20 1 4 8 34 33 29 25 31 13 30 9 48 6 22 12 18 17 47 49 45 24 11 46 
44 15 10 16 0 23 27 35 28 43 42 2 41 5 14 40 37 32 39 21 7 19 38 3 26 36 20 1 4 8 34 33 29 25 31 13 30 9 48 6 22 12 18 17 47 49 45 24 11 46 
21 12 31 37 32 11 24 43 5 45 26 2 30 19 41 38 15 49 18 44 16 33 7 20 28 42 8 10 48 9 1 13 34 35 40 36 17 4 23 47 3 14 29 39 46 6 22 27 25 0 
21 34 41 4 43 23 16 3 39 33 38 47 9 26 5 36 31 20 11 1 35 19 32 7 46 44 28 30 29 24 22 14 8 15 18 17 13 45 10 25 2 27 49 42 37 6 48 0 40 12 
21 34 41 4 43 23 16 3 39 33 38 47 9 26 5 36 31 20 11 1 35 19 32 7 46 44 28 30 29 24 22 14 8 15 18 17 13 45 10 25 2 27 49 42 37 6 48 0 40 12 
21 34 41 4 43 23 16 3 39 33 38 47 9 26 5 36 31 20 11 1 35 19 32 7 46 44 28 30 29 24 22 14 8 15 18 17 13 45 10 25 2 27 49 42 37 6 48 0 40 12 
9 24 37 46 12 32 26 2 28 22 23 31 4 18 15 13 25 39 5 17 49 7 43 40 45 19 27 29 1 6 48 10 35 44 11 47 34 38 42 3 41 14 20 16 36 33 30 21 8 0 
9 24 37 46 12 32 26 2 28 22 23 31 4 18 15 13 25 39 5 17 49 7 43 40 45 19 27 29 1 6 48 10 35 44 11 47 34 38 42 3 41 14 20 16 36 33 30 21 8 0 
21 8 35 18 24 41 1 33 17 38 2 20 12 31 13 3 30 22 29 44 39 10 4 0 34 46 23 48 6 40 7 27 28 11 9 26 14 16 45 15 19 5 32 36 43 37 42 25 49 47 
21 8 35 18 24 41 1 33 17 38 2 20 12 31 13 3 30 22 29 44 39 10 4 0 34 46 23 48 6 40 7 27 28 11 9 26 14 16 45 15 19 5 32 36 43 37 42 25 49 47 
43 27 21 1 6 4 42 11 33 46 17 28 13 29 31 19 23 24 36 7 5 15 26 41 44 38 47 10 35 14 34 22 8 48 16 9 49 32 39 18 12 20 37 45 25 30 2 0 40 3 
16 37 23 19 42 1 34 31 26 36 7 28 35 40 12 2 22 29 9 3 27 33 44 39 46 30 48 25 14 4 13 17 24 49 15 5 32 41 45 38 20 6 43 8 21 10 18 11 0 47 
16 37 23 19 42 1 34 31 26 36 7 28 35 40 12 2 22 29 9 3 27 33 44 39 46 30 48 25 14 4 13 17 24 49 15 5 32 41 45 38 20 6 43 8 21 10 18 11 0 47 
48 9 8 42 2 11 32 3 4 10 15 45 24 23 16 35 19 29 39 30 17 40 31 49 43 46 18 5 14 6 25 41 26 33 27 28 7 37 36 22 44 47 0 13 20 34 1 38 12 21 
48 9 8 42 2 11 32 3 4 10 15 45 24 23 16 35 19 29 39 30 17 40 31 49 43 46 18 5 14 6 25 41 26 33 27 28 7 37 36 22 44 47 0 13 20 34 1 38 12 21 
39 15 28 6 1 11 4 12 21 20 27 31 17 9 41 44 45 5 43 32 18 3 30 22 42 33 8 2 13 38 49 34 26 37 36 29 7 35 16 19 48 0 24 14 40 47 46 10 25 23 
39 15 28 6 1 11 4 12 21 20 27 31 17 9 41 44 45 5 43 32 18 3 30 22 42 33 8 2 13 38 49 34 26 37 36 29 7 35 16 19 48 0 24 14 40 47 46 10 25 23 
6 48 11 10 4 35 22 29 47 44 32 17 28 41 30 37 0 12 16 36 25 21 46 7 1 14 23 9 42 45 18 8 15 2 34 5 43 3 40 33 31 26 20 39 38 19 27 24 13 49 
6 48 11 10 4 35 22 29 47 44 32 17 28 41 30 37 0 12 16 36 25 21 46 7 1 14 23 9 42 45 18 8 15 2 34 5 43 3 40 33 31 26 20 39 38 19 27 24 13 49 
49 42 35 46 33 48 7 11 39 25 21 38 1 2 47 18 45 40 5 27 44 13 12 28 31 43 19 17 14 29 41 3 37 36 8 34 20 16 32 23 30 26 9 0 24 22 15 10 6 4 
36 44 34 14 15 1 29 19 26 41 32 27 46 3 12 2 9 7 5 37 28 35 42 4 45 22 21 31 11 6 18 43 30 20 10 8 38 40 48 23 33 13 17 16 47 24 39 25 0 49 
36 44 34 14 15 1 29 19 26 41 32 27 46 3 12 2 9 7 5 37 28 35 42 4 45 22 21 31 11 6 18 43 30 20 10 8 38 40 48 23 33 13 17 16 47 24 39 25 0 49 
36 44 34 14 15 1 29 19 26 41 32 27 46 3 12 2 9 7 5 37 28 35 42 4 45 22 21 31 11 6 18 43 30 20 10 8 38 40 48 23 33 13 17 16 47 24 39 25 0 49 
41 17 28 33 22 6 21 29 3 5 14 47 1 39 23 45 46 44 16 15 35 48 7 11 42 31 8 43 38 9 26 2 37 36 30 19 12 34 13 32 4 27 20 24 25 10 49 0 40 18 
20 28 38 11 0 1 19 34 8 10 27 41 2 13 3 32 26 44 35 22 4 7 40 5 15 45 30 6 42 21 9 12 14 49 24 16 33 29 17 37 18 23 43 48 25 31 36 39 46 47 
0 2 10 21 15 25 42 47 11 27 1 8 36 37 30 23 38 22 40 24 34 3 16 20 39 4 18 31 35 19 5 26 9 29 33 17 43 28 45 13 6 14 7 32 44 12 41 49 46 48 
0 2 10 21 15 25 42 47 11 27 1 8 36 37 30 23 38 22 40 24 34 3 16 20 39 4 18 31 35 19 5 26 9 29 33 17 43 28 45 13 6 14 7 32 44 12 41 49 46 48 
0 2 10 21 15 25 42 47 11 27 1 8 36 37 30 23 38 22 40 24 34 3 16 20 39 4 18 31 35 19 5 26 9 29 33 17 43 28 45 13 6 14 7 32 44 12 41 49 46 48 
14 26 23 36 24 4 31 49 5 32 17 25 2 21 34 7 43 8 11 40 9 28 37 10 15 33 47 48 12 13 39 3 18 38 22 19 20 30 45 27 29 35 44 41 42 46 6 1 0 16 
14 26 23 36 24 4 31 49 5 32 17 25 2 21 34 7 43 8 11 40 9 28 37 10 15 33 47 48 12 13 39 3 18 38 22 19 20 30 45 27 29 35 44 41 42 46 6 1 0 16 
25 9 49 39 48 37 43 32 24 22 16 23 29 11 47 41 26 20 46 30 5 31 38 10 8 0 45 44 34 3 33 7 42 4 40 14 21 18 36 17 15 35 28 6 27 1 19 13 12 2 
25 9 49 39 48 37 43 32 24 22 16 23 29 11 47 41 26 20 46 30 5 31 38 10 8 0 45 44 34 3 33 7 42 4 40 14 21 18 36 17 15 35 28 6 27 1 19 13 12 2 
9 34 28 41 24 26 7 36 40 29 21 44 38 17 18 25 11 27 14 8 13 46 35 47 10 16 3 0 19 32 49 30 43 23 37 31 12 22 5 39 48 33 6 42 15 45 20 1 4 2 
29 44 11 47 3 32 30 49 34 45 21 9 35 22 14 40 48 6 16 39 46 31 23 17 37 5 19 4 10 18 43 20 27 42 28 41 1 25 38 13 36 7 12 2 33 26 24 15 8 0 
29 44 11 47 3 32 30 49 34 45 21 9 35 22 14 40 48 6 16 39 46 31 23 17 37 5 19 4 10 18 43 20 27 42 28 41 1 25 38 13 36 7 12 2 33 26 24 15 8 0 
12 30 2 19 48 20 22 49 9 43 3 40 23 5 36 32 27 44 28 41 4 37 38 14 11 24 6 46 39 17 7 42 21 1 10 13 31 26 15 34 16 47 18 8 29 33 35 45 0 25 
38 21 46 12 32 42 4 11 17 26 35 9 7 6 29 41 24 40 45 31 14 43 0 20 16 27 44 15 8 34 22 18 3 49 37 28 1 33 36 19 47 10 25 2 23 39 5 48 13 30 
34 15 36 46 39 4 20 3 26 28 43 19 37 22 30 42 6 10 2 32 8 29 41 44 27 16 18 25 45 1 35 21 11 12 7 14 33 13 48 38 23 24 9 5 47 49 31 17 0 40 
13 24 27 43 18 48 9 39 44 5 40 4 42 37 32 30 25 47 35 3 19 36 14 26 29 21 1 34 16 38 28 33 12 6 22 46 23 10 2 45 11 41 7 15 8 31 17 20 49 0 
29 27 9 28 12 10 47 11 34 19 13 46 35 45 14 49 3 43 16 40 17 33 23 0 42 6 21 25 41 15 24 18 30 5 32 36 48 38 37 31 44 1 4 39 20 26 7 2 22 8 
31 2 43 30 20 12 15 10 28 34 1 46 37 27 41 22 18 4 14 16 21 19 17 40 23 9 39 45 33 5 3 26 36 44 32 42 35 38 13 7 6 11 8 25 49 24 29 48 47 0 
31 2 43 30 20 12 15 10 28 34 1 46 37 27 41 22 18 4 14 16 21 19 17 40 23 9 39 45 33 5 3 26 36 44 32 42 35 38 13 7 6 11 8 25 49 24 29 48 47 0 
31 2 43 30 20 12 15 10 28 34 1 46 37 27 41 22 18 4 14 16 21 19 17 40 23 9 39 45 33 5 3 26 36 44 32 42 35 38 13 7 6 11 8 25 49 24 29 48 47 0 
5 49 22 4 48 0 25 20 33 40 8 19 31 35 13 29 14 34 36 30 24 28 21 15 32 9 45 47 46 11 10 7 26 27 16 1 44 6 41 43 23 2 38 42 18 3 17 12 39 37 
5 49 22 4 48 0 25 20 33 40 8 19 31 35 13 29 14 34 36 30 24 28 21 15 32 9 45 47 46 11 10 7 26 27 16 1 44 6 41 43 23 2 38 42 18 3 17 12 39 37 
5 12 29 3 35 34 14 33 47 41 44 28 36 16 4 37 23 0 43 45 22 1 19 8 21 11 9 20 27 46 39 24 10 2 38 6 42 48 17 7 30 25 26 32 31 13 49 15 40 18 
21 19 17 37 11 12 43 23 5 46 1 45 27 39 40 35 22 38 2 10 18 30 8 24 16 44 34 26 33 9 3 0 32 48 6 41 20 36 25 15 7 14 13 47 49 28 29 42 31 4 
21 19 17 37 11 12 43 23 5 46 1 45 27 39 40 35 22 38 2 10 18 30 8 24 16 44 34 26 33 9 3 0 32 48 6 41 20 36 25 15 7 14 13 47 49 28 29 42 31 4 
16 31 23 5 34 1 21 29 19 25 8 2 42 39 14 26 27 11 10 13 33 9 4 24 36 40 48 18 45 43 17 35 32 49 20 3 7 6 46 38 37 12 44 22 41 15 30 28 0 47 
16 31 23 5 34 1 21 29 19 25 8 2 42 39 14 26 27 11 10 13 33 9 4 24 36 40 48 18 45 43 17 35 32 49 20 3 7 6 46 38 37 12 44 22 41 15 30 28 0 47 
45 20 9 26 49 0 19 21 33 17 32 7 37 48 12 29 4 10 15 8 28 41 25 18 39 42 22 47 38 13 11 24 30 5 34 1 46 27 40 31 23 2 6 44 35 3 16 14 43 36 
45 20 9 26 49 0 19 21 33 17 32 7 37 48 12 29 4 10 15 8 28 41 25 18 39 42 22 47 38 13 11 24 30 5 34 1 46 27 40 31 23 2 6 44 35 3 16 14 43 36 
38 18 16 15 12 48 28 2 5 7 11 44 20 19 26 30 27 23 31 45 47 13 6 46 17 32 36 29 3 9 24 37 43 49 0 41 14 34 21 8 40 39 1 33 35 25 4 22 10 42 
22 2 19 39 20 13 3 40 36 29 4 25 11 49 43 5 14 37 30 15 23 18 6 8 38 46 41 42 7 26 9 27 34 28 10 45 12 24 32 16 17 31 21 33 0 44 47 1 35 48 
46 41 12 37 8 39 26 44 6 22 45 11 7 34 0 10 36 33 43 30 13 3 32 1 42 40 23 18 5 17 38 19 2 27 35 21 24 31 4 15 29 9 28 49 14 20 16 25 47 48 
46 41 12 37 8 39 26 44 6 22 45 11 7 34 0 10 36 33 43 30 13 3 32 1 42 40 23 18 5 17 38 19 2 27 35 21 24 31 4 15 29 9 28 49 14 20 16 25 47 48 
22 27 16 43 0 8 10 2 48 31 40 36 47 17 23 18 38 29 1 28 37 49 20 12 5 44 33 3 19 45 30 42 41 24 4 21 39 9 14 34 11 35 6 32 26 15 7 25 13 46 
25 4 31 30 3 40 23 18 13 39 7 22 41 21 26 37 15 49 19 47 8 35 45 12 33 0 10 6 48 28 14 29 46 34 42 16 38 11 20 44 24 43 27 17 36 1 5 32 9 2 
25 16 24 45 44 21 31 8 28 41 17 30 10 12 14 43 26 5 37 20 6 29 42 19 47 0 49 38 9 3 36 23 33 1 22 15 35 40 48 18 27 7 46 11 39 2 34 32 13 4 
25 16 24 45 44 21 31 8 28 41 17 30 10 12 14 43 26 5 37 20 6 29 42 19 47 0 49 38 9 3 36 23 33 1 22 15 35 40 48 18 27 7 46 11 39 2 34 32 13 4 
49 25 48 13 9 32 26 27 12 43 47 2 17 39 15 5 22 35 46 31 45 14 19 20 29 44 42 16 1 24 41 33 28 38 40 37 30 4 36 3 34 7 23 11 21 18 10 8 6 0 
49 25 48 13 9 32 26 27 12 43 47 2 17 39 15 5 22 35 46 31 45 14 19 20 29 44 42 16 1 24 41 33 28 38 40 37 30 4 36 3 34 7 23 11 21 18 10 8 6 0 
44 36 22 33 39 4 48 10 25 17 16 47 35 28 29 41 20 46 31 5 6 19 38 21 45 34 43 23 42 1 27 14 8 49 12 9 24 37 32 30 11 13 26 2 18 40 7 3 0 15 
9 30 47 40 18 10 33 43 17 32 36 28 23 13 11 42 21 26 46 48 12 14 1 34 20 16 44 37 8 35 22 0 25 45 39 27 3 41 31 24 49 2 19 5 15 38 6 4 29 7 
9 30 47 40 18 10 33 43 17 32 36 28 23 13 11 42 21 26 46 48 12 14 1 34 20 16 44 37 8 35 22 0 25 45 39 27 3 41 31 24 49 2 19 5 15 38 6 4 29 7 
9 34 28 27 32 44 16 8 40 6 23 0 4 35 5 29 47 22 18 14 17 31 38 7 26 20 10 15 41 36 49 11 12 45 39 33 21 1 19 25 48 24 30 43 37 46 42 2 13 3 
2 16 15 5 32 37 48 11 10 6 29 3 18 25 23 35 8 34 26 7 4 0 43 45 12 13 36 20 47 27 14 33 42 21 46 17 38 19 22 44 24 39 41 9 30 31 40 49 1 28 
2 16 15 5 32 37 48 11 10 6 29 3 18 25 23 35 8 34 26 7 4 0 43 45 12 13 36 20 47 27 14 33 42 21 46 17 38 19 22 44 24 39 41 9 30 31 40 49 1 28 
20 45 37 5 48 16 35 3 34 46 24 11 8 31 32 42 22 29 6 26 0 25 28 12 43 40 21 47 18 17 1 14 15 49 10 2 9 38 4 44 7 36 30 23 13 19 27 33 39 41 
14 1 22 34 11 17 38 2 10 44 6 4 20 28 46 42 33 49 31 41 24 13 16 27 5 30 43 23 25 19 9 36 40 15 12 48 32 7 37 47 21 29 26 3 18 45 0 39 8 35 
14 1 22 34 11 17 38 2 10 44 6 4 20 28 46 42 33 49 31 41 24 13 16 27 5 30 43 23 25 19 9 36 40 15 12 48 32 7 37 47 21 29 26 3 18 45 0 39 8 35 
33 41 7 29 14 48 44 20 22 9 28 39 30 0 10 47 24 42 11 21 19 36 34 46 6 15 13 27 38 45 4 8 18 1 25 43 17 23 32 31 12 40 49 35 3 26 37 5 16 2 
33 41 7 29 14 48 44 20 22 9 28 39 30 0 10 47 24 42 11 21 19 36 34 46 6 15 13 27 38 45 4 8 18 1 25 43 17 23 32 31 12 40 49 35 3 26 37 5 16 2 
38 2 9 39 36 43 5 20 3 31 12 29 7 45 27 33 35 41 14 30 15 19 26 40 18 24 16 23 8 4 22 11 6 28 34 37 10 47 44 21 48 13 0 25 32 46 1 49 17 42 
36 29 14 18 17 30 44 12 8 39 6 42 7 1 37 2 15 10 25 47 45 16 40 49 13 24 31 34 35 21 19 20 26 27 46 38 28 22 4 23 33 48 41 3 9 5 32 43 0 11 
25 43 34 19 20 33 42 10 24 17 31 6 1 9 30 0 14 26 3 2 29 37 41 23 40 4 21 46 38 5 15 8 13 35 11 7 36 32 47 27 39 22 16 12 45 18 44 28 49 48 
42 12 17 36 22 41 23 4 48 24 39 25 21 6 38 15 8 47 0 1 35 5 26 19 13 34 33 45 46 44 29 49 27 14 2 20 40 18 11 37 9 7 3 32 31 28 10 30 16 43 
28 6 44 19 37 3 12 39 8 15 24 40 0 10 43 21 14 33 42 17 31 2 13 26 9 7 41 29 27 20 48 1 36 30 35 16 25 22 34 49 46 18 11 47 4 38 32 5 23 45 
28 6 44 19 37 3 12 39 8 15 24 40 0 10 43 21 14 33 42 17 31 2 13 26 9 7 41 29 27 20 48 1 36 30 35 16 25 22 34 49 46 18 11 47 4 38 32 5 23 45 
30 11 42 15 44 10 4 47 5 8 0 39 27 36 38 34 1 9 37 7 20 29 13 22 35 16 33 41 14 17 2 6 31 3 28 43 23 25 24 26 12 19 18 46 48 21 32 45 40 49 
32 15 6 29 36 47 48 45 41 27 24 33 28 34 7 26 17 11 35 1 18 31 40 44 21 10 9 16 46 37 3 12 14 42 19 39 23 2 22 43 5 30 38 4 0 20 25 8 13 49 
32 15 6 29 36 47 48 45 41 27 24 33 28 34 7 26 17 11 35 1 18 31 40 44 21 10 9 16 46 37 3 12 14 42 19 39 23 2 22 43 5 30 38 4 0 20 25 8 13 49 
36 45 48 25 24 1 11 40 18 31 7 35 22 14 13 23 30 15 47 17 28 29 3 38 4 21 46 2 26 41 12 49 32 8 43 5 9 10 42 44 33 6 37 19 34 16 27 20 0 39 
24 13 2 43 31 16 3 6 26 20 44 35 33 34 19 49 14 4 5 47 25 36 11 10 0 48 8 17 9 46 38 21 40 30 12 45 27 1 18 22 29 37 23 42 28 41 32 39 7 15 
