31 37 25 16 28 26 23 7 21 32 2 14 36 20 9 30 3 22 19 6 0 8 13 1 39 5 38 11 34 4 29 15 18 12 27 35 24 33 17 10 
24 35 27 29 4 15 5 19 0 13 7 10 1 34 16 9 30 28 32 17 11 20 12 14 2 21 3 33 23 26 25 31 6 8 38 39 18 36 22 37 
14 20 15 22 38 39 28 23 27 24 4 30 7 9 8 5 36 19 13 26 31 32 35 12 11 6 17 18 34 29 10 33 25 37 16 21 2 1 0 3 
9 38 22 1 2 28 5 7 3 37 26 23 25 16 18 24 4 12 31 20 19 8 6 13 10 17 15 36 11 29 39 14 21 32 27 35 30 33 34 0 
24 35 27 29 4 15 5 19 0 13 7 10 1 34 16 9 30 28 32 17 11 20 12 14 2 21 3 33 23 26 25 31 6 8 38 39 18 36 22 37 
5 14 25 1 16 19 2 26 37 7 34 28 3 9 22 33 23 31 36 4 12 11 30 6 35 27 8 0 13 32 21 20 29 15 17 10 24 38 39 18 
5 14 25 1 16 19 2 26 37 7 34 28 3 9 22 33 23 31 36 4 12 11 30 6 35 27 8 0 13 32 21 20 29 15 17 10 24 38 39 18 
34 26 6 18 15 33 16 31 32 3 19 1 30 36 0 13 5 23 9 17 28 12 35 37 24 39 21 2 8 14 20 25 10 7 22 38 27 29 4 11 
20 36 12 27 8 0 17 35 25 24 28 33 1 39 32 7 31 22 30 21 2 19 14 34 9 11 3 26 23 18 4 38 15 5 13 6 10 37 16 29 
20 36 12 27 8 0 17 35 25 24 28 33 1 39 32 7 31 22 30 21 2 19 14 34 9 11 3 26 23 18 4 38 15 5 13 6 10 37 16 29 
