4 31 9 1 27 0 17 25 28 8 10 14 23 32 34 2 13 3 12 29 26 6 19 11 15 20 24 18 16 7 5 21 22 33 30 
33 18 26 14 28 32 21 31 30 4 15 29 34 17 25 24 9 23 1 22 20 19 6 16 5 13 12 11 10 8 7 3 2 0 27 
23 7 14 1 0 17 13 12 3 24 15 4 33 25 29 26 16 5 19 6 32 27 9 8 11 20 10 18 22 21 31 28 30 34 2 
23 7 14 1 0 17 13 12 3 24 15 4 33 25 29 26 16 5 19 6 32 27 9 8 11 20 10 18 22 21 31 28 30 34 2 
5 34 25 31 8 17 2 7 30 1 27 29 3 20 19 11 4 28 33 24 0 14 9 23 12 18 22 21 26 15 6 13 10 32 16 
16 21 13 23 14 19 5 22 27 4 15 6 28 2 30 31 18 20 7 9 1 8 12 17 10 29 3 26 24 33 11 0 32 25 34 
6 12 16 32 10 14 33 18 26 19 7 5 9 3 34 1 17 24 25 29 27 31 0 15 11 4 13 23 30 28 8 20 22 21 2 
6 12 16 32 10 14 33 18 26 19 7 5 9 3 34 1 17 24 25 29 27 31 0 15 11 4 13 23 30 28 8 20 22 21 2 
33 23 14 3 25 27 16 22 9 21 26 13 8 4 7 5 30 34 12 6 19 15 11 32 10 17 31 18 28 29 20 24 2 1 0 
33 23 14 3 25 27 16 22 9 21 26 13 8 4 7 5 30 34 12 6 19 15 11 32 10 17 31 18 28 29 20 24 2 1 0 
33 23 14 3 25 27 16 22 9 21 26 13 8 4 7 5 30 34 12 6 19 15 11 32 10 17 31 18 28 29 20 24 2 1 0 
33 23 14 3 25 27 16 22 9 21 26 13 8 4 7 5 30 34 12 6 19 15 11 32 10 17 31 18 28 29 20 24 2 1 0 
33 23 14 3 25 27 16 22 9 21 26 13 8 4 7 5 30 34 12 6 19 15 11 32 10 17 31 18 28 29 20 24 2 1 0 
30 20 14 15 24 23 32 2 34 7 19 18 28 21 3 13 22 11 5 31 9 4 16 6 10 0 33 27 12 17 1 26 29 8 25 
30 20 14 15 24 23 32 2 34 7 19 18 28 21 3 13 22 11 5 31 9 4 16 6 10 0 33 27 12 17 1 26 29 8 25 
30 20 14 15 24 23 32 2 34 7 19 18 28 21 3 13 22 11 5 31 9 4 16 6 10 0 33 27 12 17 1 26 29 8 25 
33 10 20 22 9 32 14 15 31 16 30 4 5 12 29 13 6 28 21 7 27 26 34 8 23 24 19 11 18 17 3 0 2 1 25 
33 10 20 22 9 32 14 15 31 16 30 4 5 12 29 13 6 28 21 7 27 26 34 8 23 24 19 11 18 17 3 0 2 1 25 
33 10 20 22 9 32 14 15 31 16 30 4 5 12 29 13 6 28 21 7 27 26 34 8 23 24 19 11 18 17 3 0 2 1 25 
7 33 16 28 25 13 22 17 31 18 8 26 1 5 0 4 23 12 32 21 29 2 6 19 14 10 27 11 3 9 24 30 15 20 34 
7 33 16 28 25 13 22 17 31 18 8 26 1 5 0 4 23 12 32 21 29 2 6 19 14 10 27 11 3 9 24 30 15 20 34 
7 33 16 28 25 13 22 17 31 18 8 26 1 5 0 4 23 12 32 21 29 2 6 19 14 10 27 11 3 9 24 30 15 20 34 
25 6 5 14 2 24 33 7 3 20 22 30 4 27 18 0 9 10 16 29 15 13 8 28 21 1 17 26 31 19 11 12 34 23 32 
25 6 5 14 2 24 33 7 3 20 22 30 4 27 18 0 9 10 16 29 15 13 8 28 21 1 17 26 31 19 11 12 34 23 32 
25 6 5 14 2 24 33 7 3 20 22 30 4 27 18 0 9 10 16 29 15 13 8 28 21 1 17 26 31 19 11 12 34 23 32 
14 19 12 4 29 28 8 0 5 23 15 20 18 22 1 9 21 27 3 11 26 2 13 6 10 25 24 31 7 16 34 17 30 32 33 
14 19 12 4 29 28 8 0 5 23 15 20 18 22 1 9 21 27 3 11 26 2 13 6 10 25 24 31 7 16 34 17 30 32 33 
14 19 12 4 29 28 8 0 5 23 15 20 18 22 1 9 21 27 3 11 26 2 13 6 10 25 24 31 7 16 34 17 30 32 33 
14 19 12 4 29 28 8 0 5 23 15 20 18 22 1 9 21 27 3 11 26 2 13 6 10 25 24 31 7 16 34 17 30 32 33 
30 31 5 4 2 23 29 19 17 11 8 28 9 25 3 0 22 27 26 12 14 7 21 24 16 1 20 18 13 15 6 10 34 32 33 
30 31 5 4 2 23 29 19 17 11 8 28 9 25 3 0 22 27 26 12 14 7 21 24 16 1 20 18 13 15 6 10 34 32 33 
30 31 5 4 2 23 29 19 17 11 8 28 9 25 3 0 22 27 26 12 14 7 21 24 16 1 20 18 13 15 6 10 34 32 33 
29 13 3 23 15 10 12 1 21 9 28 32 16 5 26 18 31 30 25 8 20 2 19 27 7 34 22 17 4 14 33 6 0 24 11 
29 13 3 23 15 10 12 1 21 9 28 32 16 5 26 18 31 30 25 8 20 2 19 27 7 34 22 17 4 14 33 6 0 24 11 
29 13 3 23 15 10 12 1 21 9 28 32 16 5 26 18 31 30 25 8 20 2 19 27 7 34 22 17 4 14 33 6 0 24 11 
0 12 14 8 28 19 23 9 17 34 1 24 13 3 2 29 33 7 25 18 4 21 32 11 6 22 16 31 5 26 10 30 15 27 20 
0 12 14 8 28 19 23 9 17 34 1 24 13 3 2 29 33 7 25 18 4 21 32 11 6 22 16 31 5 26 10 30 15 27 20 
0 12 14 8 28 19 23 9 17 34 1 24 13 3 2 29 33 7 25 18 4 21 32 11 6 22 16 31 5 26 10 30 15 27 20 
0 8 11 28 14 19 1 27 21 34 2 15 30 16 3 10 32 29 17 22 4 20 33 25 26 13 23 6 5 18 7 12 9 31 24 
0 8 11 28 14 19 1 27 21 34 2 15 30 16 3 10 32 29 17 22 4 20 33 25 26 13 23 6 5 18 7 12 9 31 24 
0 8 11 28 14 19 1 27 21 34 2 15 30 16 3 10 32 29 17 22 4 20 33 25 26 13 23 6 5 18 7 12 9 31 24 
0 8 11 28 14 19 1 27 21 34 2 15 30 16 3 10 32 29 17 22 4 20 33 25 26 13 23 6 5 18 7 12 9 31 24 
0 8 11 28 14 19 1 27 21 34 2 15 30 16 3 10 32 29 17 22 4 20 33 25 26 13 23 6 5 18 7 12 9 31 24 
8 15 19 6 1 11 13 29 31 16 12 23 22 9 17 33 28 27 30 10 20 21 26 3 18 32 14 25 2 5 24 7 34 0 4 
8 24 18 3 28 27 4 19 26 25 5 15 34 29 12 6 16 21 11 7 20 1 17 33 22 10 9 14 2 32 30 31 23 13 0 
8 24 18 3 28 27 4 19 26 25 5 15 34 29 12 6 16 21 11 7 20 1 17 33 22 10 9 14 2 32 30 31 23 13 0 
8 24 18 3 28 27 4 19 26 25 5 15 34 29 12 6 16 21 11 7 20 1 17 33 22 10 9 14 2 32 30 31 23 13 0 
8 24 18 3 28 27 4 19 26 25 5 15 34 29 12 6 16 21 11 7 20 1 17 33 22 10 9 14 2 32 30 31 23 13 0 
11 17 30 18 8 20 24 4 22 23 25 26 19 7 5 31 1 33 34 0 3 12 10 14 21 27 29 2 16 28 9 6 15 13 32 
11 17 30 18 8 20 24 4 22 23 25 26 19 7 5 31 1 33 34 0 3 12 10 14 21 27 29 2 16 28 9 6 15 13 32 
11 17 30 18 8 20 24 4 22 23 25 26 19 7 5 31 1 33 34 0 3 12 10 14 21 27 29 2 16 28 9 6 15 13 32 
11 6 16 27 3 31 30 5 22 7 29 13 23 21 18 28 8 15 12 19 26 9 10 25 4 24 34 0 20 14 2 1 33 17 32 
11 6 16 27 3 31 30 5 22 7 29 13 23 21 18 28 8 15 12 19 26 9 10 25 4 24 34 0 20 14 2 1 33 17 32 
11 6 16 27 3 31 30 5 22 7 29 13 23 21 18 28 8 15 12 19 26 9 10 25 4 24 34 0 20 14 2 1 33 17 32 
11 6 16 27 3 31 30 5 22 7 29 13 23 21 18 28 8 15 12 19 26 9 10 25 4 24 34 0 20 14 2 1 33 17 32 
21 18 7 23 30 17 10 0 29 3 15 6 12 31 13 28 8 9 2 14 4 1 16 22 27 26 24 25 5 33 19 11 32 20 34 
21 18 7 23 30 17 10 0 29 3 15 6 12 31 13 28 8 9 2 14 4 1 16 22 27 26 24 25 5 33 19 11 32 20 34 
13 27 30 33 16 32 21 6 26 28 9 31 24 7 18 29 3 5 15 25 23 11 19 22 12 20 8 17 34 10 4 2 1 0 14 
13 27 30 33 16 32 21 6 26 28 9 31 24 7 18 29 3 5 15 25 23 11 19 22 12 20 8 17 34 10 4 2 1 0 14 
13 27 30 33 16 32 21 6 26 28 9 31 24 7 18 29 3 5 15 25 23 11 19 22 12 20 8 17 34 10 4 2 1 0 14 
13 27 30 33 16 32 21 6 26 28 9 31 24 7 18 29 3 5 15 25 23 11 19 22 12 20 8 17 34 10 4 2 1 0 14 
31 0 14 7 1 20 19 13 29 15 30 33 21 4 17 10 23 8 2 16 5 27 28 32 9 24 18 26 12 25 6 22 11 3 34 
31 0 14 7 1 20 19 13 29 15 30 33 21 4 17 10 23 8 2 16 5 27 28 32 9 24 18 26 12 25 6 22 11 3 34 
23 12 31 4 32 9 3 20 2 25 26 29 14 28 5 15 6 7 24 11 19 8 17 27 22 33 10 18 13 16 30 0 34 1 21 
23 12 31 4 32 9 3 20 2 25 26 29 14 28 5 15 6 7 24 11 19 8 17 27 22 33 10 18 13 16 30 0 34 1 21 
7 8 10 3 5 22 17 12 34 29 31 18 33 28 23 13 6 32 15 4 2 20 24 30 25 21 27 11 0 26 14 19 16 9 1 
7 8 10 3 5 22 17 12 34 29 31 18 33 28 23 13 6 32 15 4 2 20 24 30 25 21 27 11 0 26 14 19 16 9 1 
26 5 29 6 12 24 19 7 13 34 30 31 15 8 20 1 21 17 10 11 16 14 33 27 18 2 0 25 28 22 4 9 3 32 23 
26 5 29 6 12 24 19 7 13 34 30 31 15 8 20 1 21 17 10 11 16 14 33 27 18 2 0 25 28 22 4 9 3 32 23 
26 5 29 6 12 24 19 7 13 34 30 31 15 8 20 1 21 17 10 11 16 14 33 27 18 2 0 25 28 22 4 9 3 32 23 
26 5 29 6 12 24 19 7 13 34 30 31 15 8 20 1 21 17 10 11 16 14 33 27 18 2 0 25 28 22 4 9 3 32 23 
26 5 29 6 12 24 19 7 13 34 30 31 15 8 20 1 21 17 10 11 16 14 33 27 18 2 0 25 28 22 4 9 3 32 23 
34 20 17 24 29 14 32 6 12 11 26 19 2 8 33 23 7 3 5 15 31 16 27 4 21 13 9 28 30 10 25 18 22 0 1 
34 20 17 24 29 14 32 6 12 11 26 19 2 8 33 23 7 3 5 15 31 16 27 4 21 13 9 28 30 10 25 18 22 0 1 
27 20 23 16 21 26 13 25 24 18 7 22 30 0 17 15 2 14 5 1 12 11 8 10 3 9 6 4 34 32 29 19 31 28 33 
27 20 23 16 21 26 13 25 24 18 7 22 30 0 17 15 2 14 5 1 12 11 8 10 3 9 6 4 34 32 29 19 31 28 33 
27 20 23 16 21 26 13 25 24 18 7 22 30 0 17 15 2 14 5 1 12 11 8 10 3 9 6 4 34 32 29 19 31 28 33 
8 11 27 14 1 33 22 10 32 3 19 6 7 24 2 17 20 31 23 28 30 18 5 13 12 29 26 16 4 25 21 0 15 9 34 
8 11 27 14 1 33 22 10 32 3 19 6 7 24 2 17 20 31 23 28 30 18 5 13 12 29 26 16 4 25 21 0 15 9 34 
8 11 27 14 1 33 22 10 32 3 19 6 7 24 2 17 20 31 23 28 30 18 5 13 12 29 26 16 4 25 21 0 15 9 34 
8 11 27 14 1 33 22 10 32 3 19 6 7 24 2 17 20 31 23 28 30 18 5 13 12 29 26 16 4 25 21 0 15 9 34 
8 11 27 14 1 33 22 10 32 3 19 6 7 24 2 17 20 31 23 28 30 18 5 13 12 29 26 16 4 25 21 0 15 9 34 
16 29 19 0 22 7 14 21 4 9 2 1 31 30 17 28 24 25 23 3 13 8 18 5 27 26 12 6 15 10 20 11 32 33 34 
16 29 19 0 22 7 14 21 4 9 2 1 31 30 17 28 24 25 23 3 13 8 18 5 27 26 12 6 15 10 20 11 32 33 34 
1 7 16 33 18 30 28 26 34 12 8 20 0 22 13 10 11 17 14 31 25 21 27 4 6 23 32 24 3 9 5 19 29 2 15 
1 7 16 33 18 30 28 26 34 12 8 20 0 22 13 10 11 17 14 31 25 21 27 4 6 23 32 24 3 9 5 19 29 2 15 
1 7 16 33 18 30 28 26 34 12 8 20 0 22 13 10 11 17 14 31 25 21 27 4 6 23 32 24 3 9 5 19 29 2 15 
13 25 6 24 4 21 30 8 28 20 11 9 0 12 14 33 18 26 16 15 5 19 7 23 27 32 10 31 34 1 22 17 2 3 29 
13 25 6 24 4 21 30 8 28 20 11 9 0 12 14 33 18 26 16 15 5 19 7 23 27 32 10 31 34 1 22 17 2 3 29 
13 25 6 24 4 21 30 8 28 20 11 9 0 12 14 33 18 26 16 15 5 19 7 23 27 32 10 31 34 1 22 17 2 3 29 
13 25 6 24 4 21 30 8 28 20 11 9 0 12 14 33 18 26 16 15 5 19 7 23 27 32 10 31 34 1 22 17 2 3 29 
6 19 5 18 11 31 9 26 23 14 24 12 13 28 34 29 2 16 1 0 27 17 30 22 15 21 33 3 32 8 7 4 25 10 20 
6 19 5 18 11 31 9 26 23 14 24 12 13 28 34 29 2 16 1 0 27 17 30 22 15 21 33 3 32 8 7 4 25 10 20 
6 19 5 18 11 31 9 26 23 14 24 12 13 28 34 29 2 16 1 0 27 17 30 22 15 21 33 3 32 8 7 4 25 10 20 
6 19 5 18 11 31 9 26 23 14 24 12 13 28 34 29 2 16 1 0 27 17 30 22 15 21 33 3 32 8 7 4 25 10 20 
31 10 33 2 13 19 34 12 24 9 28 15 27 30 16 7 21 18 20 3 1 25 22 29 26 14 4 6 11 23 5 17 8 0 32 
31 10 33 2 13 19 34 12 24 9 28 15 27 30 16 7 21 18 20 3 1 25 22 29 26 14 4 6 11 23 5 17 8 0 32 
29 26 13 4 2 6 19 11 10 21 22 7 1 5 3 14 30 33 23 15 16 25 8 18 12 24 32 27 9 31 34 0 20 17 28 
29 26 13 4 2 6 19 11 10 21 22 7 1 5 3 14 30 33 23 15 16 25 8 18 12 24 32 27 9 31 34 0 20 17 28 
29 26 13 4 2 6 19 11 10 21 22 7 1 5 3 14 30 33 23 15 16 25 8 18 12 24 32 27 9 31 34 0 20 17 28 
