38 5 36 14 30 3 22 6 19 0 8 13 1 39 11 34 4 29 15 12 35 27 24 33 17 10 31 25 37 23 21 7 32 2 26 28 16 9 20 18 
0 13 8 6 19 22 30 3 9 16 28 26 32 2 7 21 23 37 25 31 10 17 33 24 27 35 12 15 29 4 34 11 38 5 18 20 14 36 39 1 
0 13 8 6 19 22 30 3 9 16 28 26 32 2 7 21 23 37 25 31 10 17 33 24 27 35 12 15 29 4 34 11 38 5 18 20 14 36 39 1 
0 13 8 6 19 22 30 3 9 16 28 26 32 2 7 21 23 37 25 31 10 17 33 24 27 35 12 15 29 4 34 11 38 5 18 20 14 36 39 1 
6 19 22 30 3 28 26 32 2 7 21 23 37 25 31 10 17 33 24 27 35 12 15 29 4 34 11 5 38 18 20 9 16 14 36 39 1 13 8 0 
6 19 22 30 3 28 26 32 2 7 21 23 37 25 31 10 17 33 24 27 35 12 15 29 4 34 11 5 38 18 20 9 16 14 36 39 1 13 8 0 
14 36 39 1 13 8 0 6 19 22 3 30 9 20 18 38 5 11 34 4 29 15 12 35 27 24 33 17 10 31 25 37 23 7 21 2 32 26 28 16 
14 36 39 1 13 8 0 6 19 22 3 30 9 20 18 38 5 11 34 4 29 15 12 35 27 24 33 17 10 31 25 37 23 7 21 2 32 26 28 16 
14 36 39 1 13 8 0 6 19 22 3 30 9 20 18 38 5 11 34 4 29 15 12 35 27 24 33 17 10 31 25 37 23 7 21 2 32 26 28 16 
35 27 24 33 17 10 31 25 37 23 7 21 2 32 26 28 3 30 22 19 6 8 0 13 1 39 36 14 20 9 16 15 18 5 38 11 34 4 29 12 
