13 6 1 12 16 4 5 0 3 14 11 7 18 15 2 17 19 10 8 9 
9 1 11 12 13 14 4 0 17 5 19 2 6 10 15 18 7 3 16 8 
9 1 11 12 13 14 4 0 17 5 19 2 6 10 15 18 7 3 16 8 
9 1 11 12 13 14 4 0 17 5 19 2 6 10 15 18 7 3 16 8 
9 1 11 12 13 14 4 0 17 5 19 2 6 10 15 18 7 3 16 8 
9 1 11 12 13 14 4 0 17 5 19 2 6 10 15 18 7 3 16 8 
9 1 11 12 13 14 4 0 17 5 19 2 6 10 15 18 7 3 16 8 
9 1 11 12 13 14 4 0 17 5 19 2 6 10 15 18 7 3 16 8 
0 2 16 1 15 8 3 11 14 5 4 13 12 6 10 7 9 19 17 18 
0 2 16 1 15 8 3 11 14 5 4 13 12 6 10 7 9 19 17 18 
0 2 16 1 15 8 3 11 14 5 4 13 12 6 10 7 9 19 17 18 
0 2 16 1 15 8 3 11 14 5 4 13 12 6 10 7 9 19 17 18 
0 2 16 1 15 8 3 11 14 5 4 13 12 6 10 7 9 19 17 18 
0 2 16 1 15 8 3 11 14 5 4 13 12 6 10 7 9 19 17 18 
0 2 16 1 15 8 3 11 14 5 4 13 12 6 10 7 9 19 17 18 
0 2 16 1 15 8 3 11 14 5 4 13 12 6 10 7 9 19 17 18 
0 2 16 1 15 8 3 11 14 5 4 13 12 6 10 7 9 19 17 18 
0 2 16 1 15 8 3 11 14 5 4 13 12 6 10 7 9 19 17 18 
0 2 16 1 15 8 3 11 14 5 4 13 12 6 10 7 9 19 17 18 
0 2 16 1 15 8 3 11 14 5 4 13 12 6 10 7 9 19 17 18 
0 2 16 1 15 8 3 11 14 5 4 13 12 6 10 7 9 19 17 18 
0 2 16 1 15 8 3 11 14 5 4 13 12 6 10 7 9 19 17 18 
0 2 16 1 15 8 3 11 14 5 4 13 12 6 10 7 9 19 17 18 
0 2 16 1 15 8 3 11 14 5 4 13 12 6 10 7 9 19 17 18 
0 2 16 1 15 8 3 11 14 5 4 13 12 6 10 7 9 19 17 18 
0 2 16 1 15 8 3 11 14 5 4 13 12 6 10 7 9 19 17 18 
0 3 4 5 1 10 18 16 14 11 2 8 6 17 12 7 9 19 13 15 
0 3 4 5 1 10 18 16 14 11 2 8 6 17 12 7 9 19 13 15 
0 3 4 5 1 10 18 16 14 11 2 8 6 17 12 7 9 19 13 15 
0 3 4 5 1 10 18 16 14 11 2 8 6 17 12 7 9 19 13 15 
0 3 4 5 1 10 18 16 14 11 2 8 6 17 12 7 9 19 13 15 
0 3 4 5 1 10 18 16 14 11 2 8 6 17 12 7 9 19 13 15 
0 3 4 5 1 10 18 16 14 11 2 8 6 17 12 7 9 19 13 15 
0 3 4 5 1 10 18 16 14 11 2 8 6 17 12 7 9 19 13 15 
0 3 4 5 1 10 18 16 14 11 2 8 6 17 12 7 9 19 13 15 
0 3 4 5 1 10 18 16 14 11 2 8 6 17 12 7 9 19 13 15 
0 3 4 5 1 10 18 16 14 11 2 8 6 17 12 7 9 19 13 15 
0 3 4 5 1 10 18 16 14 11 2 8 6 17 12 7 9 19 13 15 
0 3 4 5 1 10 18 16 14 11 2 8 6 17 12 7 9 19 13 15 
0 3 4 5 1 10 18 16 14 11 2 8 6 17 12 7 9 19 13 15 
0 3 4 5 1 10 18 16 14 11 2 8 6 17 12 7 9 19 13 15 
17 9 10 6 1 16 4 11 15 12 14 0 3 8 13 7 5 2 19 18 
17 9 10 6 1 16 4 11 15 12 14 0 3 8 13 7 5 2 19 18 
17 9 10 6 1 16 4 11 15 12 14 0 3 8 13 7 5 2 19 18 
17 9 10 6 1 16 4 11 15 12 14 0 3 8 13 7 5 2 19 18 
17 9 10 6 1 16 4 11 15 12 14 0 3 8 13 7 5 2 19 18 
17 9 10 6 1 16 4 11 15 12 14 0 3 8 13 7 5 2 19 18 
17 9 10 6 1 16 4 11 15 12 14 0 3 8 13 7 5 2 19 18 
17 9 10 6 1 16 4 11 15 12 14 0 3 8 13 7 5 2 19 18 
17 9 10 6 1 16 4 11 15 12 14 0 3 8 13 7 5 2 19 18 
17 9 10 6 1 16 4 11 15 12 14 0 3 8 13 7 5 2 19 18 
17 9 10 6 1 16 4 11 15 12 14 0 3 8 13 7 5 2 19 18 
17 9 10 6 1 16 4 11 15 12 14 0 3 8 13 7 5 2 19 18 
17 9 10 6 1 16 4 11 15 12 14 0 3 8 13 7 5 2 19 18 
17 9 10 6 1 16 4 11 15 12 14 0 3 8 13 7 5 2 19 18 
17 9 10 6 1 16 4 11 15 12 14 0 3 8 13 7 5 2 19 18 
17 9 10 6 1 16 4 11 15 12 14 0 3 8 13 7 5 2 19 18 
14 7 4 3 2 8 9 15 18 12 10 11 5 16 17 19 6 1 0 13 
14 7 4 3 2 8 9 15 18 12 10 11 5 16 17 19 6 1 0 13 
14 7 4 3 2 8 9 15 18 12 10 11 5 16 17 19 6 1 0 13 
14 7 4 3 2 8 9 15 18 12 10 11 5 16 17 19 6 1 0 13 
14 7 4 3 2 8 9 15 18 12 10 11 5 16 17 19 6 1 0 13 
14 7 4 3 2 8 9 15 18 12 10 11 5 16 17 19 6 1 0 13 
14 7 4 3 2 8 9 15 18 12 10 11 5 16 17 19 6 1 0 13 
14 7 4 3 2 8 9 15 18 12 10 11 5 16 17 19 6 1 0 13 
14 7 4 3 2 8 9 15 18 12 10 11 5 16 17 19 6 1 0 13 
14 7 4 3 2 8 9 15 18 12 10 11 5 16 17 19 6 1 0 13 
14 7 4 3 2 8 9 15 18 12 10 11 5 16 17 19 6 1 0 13 
14 7 4 3 2 8 9 15 18 12 10 11 5 16 17 19 6 1 0 13 
14 7 4 3 2 8 9 15 18 12 10 11 5 16 17 19 6 1 0 13 
14 7 4 3 2 8 9 15 18 12 10 11 5 16 17 19 6 1 0 13 
14 7 4 3 2 8 9 15 18 12 10 11 5 16 17 19 6 1 0 13 
1 8 13 6 12 16 14 9 7 0 3 5 4 11 19 10 15 18 17 2 
1 8 13 6 12 16 14 9 7 0 3 5 4 11 19 10 15 18 17 2 
1 8 13 6 12 16 14 9 7 0 3 5 4 11 19 10 15 18 17 2 
1 8 13 6 12 16 14 9 7 0 3 5 4 11 19 10 15 18 17 2 
1 8 13 6 12 16 14 9 7 0 3 5 4 11 19 10 15 18 17 2 
1 8 13 6 12 16 14 9 7 0 3 5 4 11 19 10 15 18 17 2 
1 8 13 6 12 16 14 9 7 0 3 5 4 11 19 10 15 18 17 2 
1 8 13 6 12 16 14 9 7 0 3 5 4 11 19 10 15 18 17 2 
1 8 13 6 12 16 14 9 7 0 3 5 4 11 19 10 15 18 17 2 
1 8 13 6 12 16 14 9 7 0 3 5 4 11 19 10 15 18 17 2 
1 8 13 6 12 16 14 9 7 0 3 5 4 11 19 10 15 18 17 2 
1 8 13 6 12 16 14 9 7 0 3 5 4 11 19 10 15 18 17 2 
1 8 13 6 12 16 14 9 7 0 3 5 4 11 19 10 15 18 17 2 
1 8 13 6 12 16 14 9 7 0 3 5 4 11 19 10 15 18 17 2 
1 8 13 6 12 16 14 9 7 0 3 5 4 11 19 10 15 18 17 2 
1 8 13 6 12 16 14 9 7 0 3 5 4 11 19 10 15 18 17 2 
1 8 13 6 12 16 14 9 7 0 3 5 4 11 19 10 15 18 17 2 
1 9 15 14 11 2 19 5 3 0 6 12 7 18 8 10 13 16 17 4 
1 9 15 14 11 2 19 5 3 0 6 12 7 18 8 10 13 16 17 4 
1 9 15 14 11 2 19 5 3 0 6 12 7 18 8 10 13 16 17 4 
1 9 15 14 11 2 19 5 3 0 6 12 7 18 8 10 13 16 17 4 
1 9 15 14 11 2 19 5 3 0 6 12 7 18 8 10 13 16 17 4 
1 9 15 14 11 2 19 5 3 0 6 12 7 18 8 10 13 16 17 4 
1 9 15 14 11 2 19 5 3 0 6 12 7 18 8 10 13 16 17 4 
1 9 15 14 11 2 19 5 3 0 6 12 7 18 8 10 13 16 17 4 
1 9 15 14 11 2 19 5 3 0 6 12 7 18 8 10 13 16 17 4 
1 9 15 14 11 2 19 5 3 0 6 12 7 18 8 10 13 16 17 4 
1 9 15 14 11 2 19 5 3 0 6 12 7 18 8 10 13 16 17 4 
