9 1 3 5 7 8 0 2 4 6 
3 5 7 9 1 6 2 4 8 0 
3 5 7 9 1 6 2 4 8 0 
3 5 7 9 1 6 2 4 8 0 
3 5 7 9 1 6 2 4 8 0 
3 5 7 9 1 6 2 4 8 0 
3 5 7 9 1 6 2 4 8 0 
3 5 7 9 1 6 2 4 8 0 
3 5 7 9 1 6 2 4 8 0 
3 5 7 9 1 6 2 4 8 0 
3 5 7 9 1 6 2 4 8 0 
3 5 7 9 1 6 2 4 8 0 
3 5 7 9 1 6 2 4 8 0 
3 5 7 9 1 6 2 4 8 0 
3 5 7 9 1 6 2 4 8 0 
3 5 7 9 1 6 2 4 8 0 
3 5 7 9 1 6 2 4 8 0 
3 5 7 9 1 6 2 4 8 0 
3 5 7 9 1 6 2 4 8 0 
3 5 7 9 1 6 2 4 8 0 
3 5 7 9 1 6 2 4 8 0 
3 5 7 9 1 6 2 4 8 0 
3 5 7 9 1 6 2 4 8 0 
3 5 7 9 1 6 2 4 8 0 
3 5 7 9 1 6 2 4 8 0 
3 5 7 9 1 6 2 4 8 0 
3 5 7 9 1 6 2 4 8 0 
3 5 7 9 1 6 2 4 8 0 
3 5 7 9 1 6 2 4 8 0 
3 5 7 9 1 6 2 4 8 0 
3 5 7 9 1 6 2 4 8 0 
3 5 7 9 1 6 2 4 8 0 
3 5 7 9 1 6 2 4 8 0 
3 5 7 9 1 6 2 4 8 0 
3 5 7 9 1 6 2 4 8 0 
3 5 7 9 1 6 2 4 8 0 
3 5 7 9 1 6 2 4 8 0 
3 5 7 9 1 6 2 4 8 0 
3 5 7 9 1 6 2 4 8 0 
3 5 7 9 1 6 2 4 8 0 
3 5 7 9 1 6 2 4 8 0 
3 5 7 9 1 6 2 4 8 0 
3 5 7 9 1 6 2 4 8 0 
3 5 7 9 1 6 2 4 8 0 
3 5 7 9 1 6 2 4 8 0 
3 5 7 9 1 6 2 4 8 0 
3 5 7 9 1 6 2 4 8 0 
3 5 7 9 1 6 2 4 8 0 
3 5 7 9 1 6 2 4 8 0 
3 5 7 9 1 6 2 4 8 0 
3 5 7 9 1 6 2 4 8 0 
3 5 7 9 1 6 2 4 8 0 
3 5 7 9 1 6 2 4 8 0 
3 5 7 9 1 6 2 4 8 0 
3 5 7 9 1 6 2 4 8 0 
3 5 7 9 1 6 2 4 8 0 
3 5 7 9 1 6 2 4 8 0 
3 5 7 9 1 6 2 4 8 0 
3 5 7 9 1 6 2 4 8 0 
3 5 7 9 1 6 2 4 8 0 
3 5 7 9 1 6 2 4 8 0 
3 5 7 9 1 6 2 4 8 0 
3 5 7 9 1 6 2 4 8 0 
3 5 7 9 1 6 2 4 8 0 
3 5 7 9 1 6 2 4 8 0 
3 5 7 9 1 6 2 4 8 0 
3 5 7 9 1 6 2 4 8 0 
3 5 7 9 1 6 2 4 8 0 
3 5 7 9 1 6 2 4 8 0 
3 5 7 9 1 6 2 4 8 0 
3 5 7 9 1 6 2 4 8 0 
3 5 7 9 1 6 2 4 8 0 
3 5 7 9 1 6 2 4 8 0 
6 4 2 8 7 1 5 3 0 9 
6 4 2 8 7 1 5 3 0 9 
6 4 2 8 7 1 5 3 0 9 
6 4 2 8 7 1 5 3 0 9 
6 4 2 8 7 1 5 3 0 9 
6 4 2 8 7 1 5 3 0 9 
6 4 2 8 7 1 5 3 0 9 
6 4 2 8 7 1 5 3 0 9 
6 4 2 8 7 1 5 3 0 9 
6 4 2 8 7 1 5 3 0 9 
6 4 2 8 7 1 5 3 0 9 
6 4 2 8 7 1 5 3 0 9 
6 4 2 8 7 1 5 3 0 9 
6 4 2 8 7 1 5 3 0 9 
6 4 2 8 7 1 5 3 0 9 
6 4 2 8 7 1 5 3 0 9 
6 4 2 8 7 1 5 3 0 9 
6 4 2 8 7 1 5 3 0 9 
6 4 2 8 7 1 5 3 0 9 
6 4 2 8 7 1 5 3 0 9 
6 4 2 8 7 1 5 3 0 9 
6 4 2 8 7 1 5 3 0 9 
6 4 2 8 7 1 5 3 0 9 
6 4 2 8 7 1 5 3 0 9 
6 4 2 8 7 1 5 3 0 9 
6 4 2 8 7 1 5 3 0 9 
6 4 2 8 7 1 5 3 0 9 
