9 21 11 5 26 22 7 2 20 16 3 24 12 6 28 0 13 1 15 17 27 29 10 8 18 25 19 4 14 23 
25 16 9 18 17 0 2 15 20 24 7 23 11 12 3 22 21 5 4 8 19 28 6 13 10 1 26 27 29 14 
1 19 10 15 6 8 2 28 26 23 3 9 22 11 18 4 21 14 5 25 7 17 12 16 13 20 24 27 29 0 
25 12 27 23 14 5 16 7 9 4 8 2 22 26 11 20 24 0 3 19 17 15 21 18 6 1 13 28 29 10 
25 12 27 23 14 5 16 7 9 4 8 2 22 26 11 20 24 0 3 19 17 15 21 18 6 1 13 28 29 10 
4 29 13 18 25 16 20 1 0 27 7 17 26 8 2 10 24 21 11 3 14 23 5 22 19 28 6 12 9 15 
4 29 13 18 25 16 20 1 0 27 7 17 26 8 2 10 24 21 11 3 14 23 5 22 19 28 6 12 9 15 
4 29 13 18 25 16 20 1 0 27 7 17 26 8 2 10 24 21 11 3 14 23 5 22 19 28 6 12 9 15 
10 7 9 25 4 24 20 8 5 1 0 12 13 19 18 23 21 14 15 16 2 22 3 11 28 6 17 27 26 29 
10 7 9 25 4 24 20 8 5 1 0 12 13 19 18 23 21 14 15 16 2 22 3 11 28 6 17 27 26 29 
10 7 9 25 4 24 20 8 5 1 0 12 13 19 18 23 21 14 15 16 2 22 3 11 28 6 17 27 26 29 
18 20 14 21 8 9 24 5 19 0 28 22 1 10 4 7 2 23 16 12 27 3 13 6 11 26 25 15 17 29 
7 8 17 12 27 15 9 3 6 1 14 11 2 0 20 21 5 26 23 19 25 10 29 13 16 22 28 18 24 4 
10 18 4 12 2 0 22 19 17 7 1 3 21 6 5 25 14 11 16 9 8 15 13 27 28 20 23 26 24 29 
18 19 14 24 21 22 23 29 6 0 27 17 15 20 3 5 1 10 12 13 26 8 7 2 4 25 16 9 11 28 
18 19 14 24 21 22 23 29 6 0 27 17 15 20 3 5 1 10 12 13 26 8 7 2 4 25 16 9 11 28 
6 3 20 11 10 15 8 22 28 26 9 17 0 13 27 14 7 21 18 25 19 1 24 16 2 5 23 4 12 29 
26 24 16 25 14 1 23 22 11 3 21 18 20 9 6 19 4 2 17 29 13 12 10 7 8 5 0 28 15 27 
3 25 18 0 29 15 26 22 11 5 19 8 14 23 24 6 7 28 20 21 9 1 16 12 13 17 4 2 27 10 
3 25 18 0 29 15 26 22 11 5 19 8 14 23 24 6 7 28 20 21 9 1 16 12 13 17 4 2 27 10 
3 25 18 0 29 15 26 22 11 5 19 8 14 23 24 6 7 28 20 21 9 1 16 12 13 17 4 2 27 10 
3 25 18 0 29 15 26 22 11 5 19 8 14 23 24 6 7 28 20 21 9 1 16 12 13 17 4 2 27 10 
29 6 12 25 26 16 28 20 15 13 27 0 7 2 24 23 19 18 22 4 21 10 17 9 14 11 8 5 3 1 
20 26 14 8 4 18 2 21 9 22 15 10 13 7 3 12 0 16 6 24 1 29 17 5 23 11 27 28 19 25 
20 26 14 8 4 18 2 21 9 22 15 10 13 7 3 12 0 16 6 24 1 29 17 5 23 11 27 28 19 25 
20 26 14 8 4 18 2 21 9 22 15 10 13 7 3 12 0 16 6 24 1 29 17 5 23 11 27 28 19 25 
20 26 14 8 4 18 2 21 9 22 15 10 13 7 3 12 0 16 6 24 1 29 17 5 23 11 27 28 19 25 
10 4 5 6 12 8 22 16 24 7 0 23 11 14 19 25 13 21 15 18 1 20 2 27 28 3 9 26 17 29 
10 4 5 6 12 8 22 16 24 7 0 23 11 14 19 25 13 21 15 18 1 20 2 27 28 3 9 26 17 29 
10 4 5 6 12 8 22 16 24 7 0 23 11 14 19 25 13 21 15 18 1 20 2 27 28 3 9 26 17 29 
21 6 12 0 4 20 19 22 17 27 15 1 14 5 13 11 26 8 9 7 3 2 29 24 23 16 28 10 25 18 
9 21 16 20 23 4 18 8 25 22 29 28 12 15 27 13 1 10 5 14 26 0 24 3 11 19 17 2 7 6 
9 21 16 20 23 4 18 8 25 22 29 28 12 15 27 13 1 10 5 14 26 0 24 3 11 19 17 2 7 6 
9 21 16 20 23 4 18 8 25 22 29 28 12 15 27 13 1 10 5 14 26 0 24 3 11 19 17 2 7 6 
9 21 16 20 23 4 18 8 25 22 29 28 12 15 27 13 1 10 5 14 26 0 24 3 11 19 17 2 7 6 
29 13 7 19 8 11 15 25 5 21 28 10 27 16 3 26 14 17 24 9 23 22 4 0 20 18 12 6 2 1 
29 13 7 19 8 11 15 25 5 21 28 10 27 16 3 26 14 17 24 9 23 22 4 0 20 18 12 6 2 1 
9 27 22 10 17 29 11 26 19 0 13 7 15 23 16 18 12 3 24 6 28 1 4 2 20 25 8 5 21 14 
9 27 22 10 17 29 11 26 19 0 13 7 15 23 16 18 12 3 24 6 28 1 4 2 20 25 8 5 21 14 
9 27 22 10 17 29 11 26 19 0 13 7 15 23 16 18 12 3 24 6 28 1 4 2 20 25 8 5 21 14 
29 10 20 5 26 28 13 15 8 6 27 18 7 24 3 25 11 21 23 16 22 12 4 17 19 14 9 2 1 0 
29 10 20 5 26 28 13 15 8 6 27 18 7 24 3 25 11 21 23 16 22 12 4 17 19 14 9 2 1 0 
29 10 20 5 26 28 13 15 8 6 27 18 7 24 3 25 11 21 23 16 22 12 4 17 19 14 9 2 1 0 
15 19 3 13 27 0 5 21 12 6 24 16 7 20 23 1 9 26 10 28 17 11 14 18 22 2 29 4 25 8 
17 16 21 11 9 7 29 4 26 6 12 2 20 3 28 5 14 23 27 22 19 8 25 18 24 10 15 13 1 0 
17 16 21 11 9 7 29 4 26 6 12 2 20 3 28 5 14 23 27 22 19 8 25 18 24 10 15 13 1 0 
17 16 21 11 9 7 29 4 26 6 12 2 20 3 28 5 14 23 27 22 19 8 25 18 24 10 15 13 1 0 
17 16 21 11 9 7 29 4 26 6 12 2 20 3 28 5 14 23 27 22 19 8 25 18 24 10 15 13 1 0 
23 11 5 29 1 10 21 16 9 7 20 28 27 6 17 15 12 2 14 22 8 26 3 24 25 18 4 19 13 0 
4 15 24 5 19 29 27 28 6 1 20 9 8 14 25 10 17 7 23 12 13 16 22 2 21 26 11 3 0 18 
29 10 9 16 1 28 6 12 2 4 17 7 13 14 25 27 21 3 18 5 26 20 22 11 24 23 8 19 15 0 
29 10 9 16 1 28 6 12 2 4 17 7 13 14 25 27 21 3 18 5 26 20 22 11 24 23 8 19 15 0 
7 26 3 12 16 21 9 13 29 15 10 19 1 6 28 17 5 0 22 27 23 4 25 14 8 18 24 11 20 2 
7 26 3 12 16 21 9 13 29 15 10 19 1 6 28 17 5 0 22 27 23 4 25 14 8 18 24 11 20 2 
7 26 3 12 16 21 9 13 29 15 10 19 1 6 28 17 5 0 22 27 23 4 25 14 8 18 24 11 20 2 
7 26 3 12 16 21 9 13 29 15 10 19 1 6 28 17 5 0 22 27 23 4 25 14 8 18 24 11 20 2 
12 13 16 6 0 22 8 4 28 1 5 2 15 27 17 25 3 7 20 26 11 23 24 9 10 19 21 14 18 29 
17 19 5 20 10 27 22 3 16 7 26 0 29 13 15 4 11 23 12 6 24 28 2 21 25 9 8 18 14 1 
17 19 5 20 10 27 22 3 16 7 26 0 29 13 15 4 11 23 12 6 24 28 2 21 25 9 8 18 14 1 
17 19 5 20 10 27 22 3 16 7 26 0 29 13 15 4 11 23 12 6 24 28 2 21 25 9 8 18 14 1 
17 19 5 20 10 27 22 3 16 7 26 0 29 13 15 4 11 23 12 6 24 28 2 21 25 9 8 18 14 1 
1 14 2 22 11 26 17 25 5 3 4 24 6 12 13 7 8 23 9 16 10 15 27 18 19 20 21 28 29 0 
1 14 2 22 11 26 17 25 5 3 4 24 6 12 13 7 8 23 9 16 10 15 27 18 19 20 21 28 29 0 
3 2 25 20 24 21 5 26 18 12 6 0 15 27 19 8 17 16 9 11 10 1 14 13 23 28 29 4 22 7 
3 2 25 20 24 21 5 26 18 12 6 0 15 27 19 8 17 16 9 11 10 1 14 13 23 28 29 4 22 7 
23 7 27 2 19 15 6 24 1 16 20 8 18 9 26 14 25 10 12 3 11 5 22 21 29 17 4 28 13 0 
23 7 27 2 19 15 6 24 1 16 20 8 18 9 26 14 25 10 12 3 11 5 22 21 29 17 4 28 13 0 
23 7 27 2 19 15 6 24 1 16 20 8 18 9 26 14 25 10 12 3 11 5 22 21 29 17 4 28 13 0 
23 7 27 2 19 15 6 24 1 16 20 8 18 9 26 14 25 10 12 3 11 5 22 21 29 17 4 28 13 0 
7 1 25 18 4 15 24 14 8 23 11 0 13 12 6 19 22 9 21 17 27 28 10 5 3 20 29 16 26 2 
7 1 25 18 4 15 24 14 8 23 11 0 13 12 6 19 22 9 21 17 27 28 10 5 3 20 29 16 26 2 
18 4 24 7 26 21 22 14 5 20 28 27 9 17 15 3 13 19 11 8 25 16 2 1 0 23 12 6 10 29 
18 4 24 7 26 21 22 14 5 20 28 27 9 17 15 3 13 19 11 8 25 16 2 1 0 23 12 6 10 29 
7 3 6 28 12 26 1 18 9 27 24 22 13 10 17 15 11 21 2 16 23 25 4 20 5 14 8 19 29 0 
7 3 6 28 12 26 1 18 9 27 24 22 13 10 17 15 11 21 2 16 23 25 4 20 5 14 8 19 29 0 
7 3 6 28 12 26 1 18 9 27 24 22 13 10 17 15 11 21 2 16 23 25 4 20 5 14 8 19 29 0 
7 3 6 28 12 26 1 18 9 27 24 22 13 10 17 15 11 21 2 16 23 25 4 20 5 14 8 19 29 0 
29 17 22 8 14 10 21 19 5 20 12 3 28 1 2 27 15 0 13 16 26 25 6 4 24 23 9 18 11 7 
27 7 26 6 11 9 25 19 20 24 23 21 22 2 8 18 17 15 16 5 14 13 12 10 4 3 1 0 29 28 
27 7 26 6 11 9 25 19 20 24 23 21 22 2 8 18 17 15 16 5 14 13 12 10 4 3 1 0 29 28 
27 7 26 6 11 9 25 19 20 24 23 21 22 2 8 18 17 15 16 5 14 13 12 10 4 3 1 0 29 28 
27 7 26 6 11 9 25 19 20 24 23 21 22 2 8 18 17 15 16 5 14 13 12 10 4 3 1 0 29 28 
7 2 27 28 6 3 1 17 29 9 24 23 13 10 18 15 22 12 4 26 20 21 5 16 8 14 11 19 25 0 
7 2 27 28 6 3 1 17 29 9 24 23 13 10 18 15 22 12 4 26 20 21 5 16 8 14 11 19 25 0 
13 10 17 15 21 23 7 22 29 1 4 26 20 27 11 25 2 8 16 28 6 12 24 3 5 18 19 9 14 0 
13 10 17 15 21 23 7 22 29 1 4 26 20 27 11 25 2 8 16 28 6 12 24 3 5 18 19 9 14 0 
13 10 17 15 21 23 7 22 29 1 4 26 20 27 11 25 2 8 16 28 6 12 24 3 5 18 19 9 14 0 
15 0 12 24 29 1 19 27 28 23 20 3 6 16 11 2 22 26 8 25 13 9 21 14 10 4 18 5 17 7 
15 0 12 24 29 1 19 27 28 23 20 3 6 16 11 2 22 26 8 25 13 9 21 14 10 4 18 5 17 7 
25 1 10 2 3 24 17 15 4 23 9 16 5 28 12 21 20 6 7 8 19 11 26 14 13 0 22 27 29 18 
25 1 10 2 3 24 17 15 4 23 9 16 5 28 12 21 20 6 7 8 19 11 26 14 13 0 22 27 29 18 
25 1 10 2 3 24 17 15 4 23 9 16 5 28 12 21 20 6 7 8 19 11 26 14 13 0 22 27 29 18 
17 3 16 9 23 27 29 25 19 10 8 13 28 26 24 2 1 12 22 7 18 21 20 4 15 6 14 11 5 0 
17 3 16 9 23 27 29 25 19 10 8 13 28 26 24 2 1 12 22 7 18 21 20 4 15 6 14 11 5 0 
17 3 16 9 23 27 29 25 19 10 8 13 28 26 24 2 1 12 22 7 18 21 20 4 15 6 14 11 5 0 
28 27 24 1 0 5 7 22 18 14 12 10 17 23 21 26 19 2 9 8 25 4 15 13 20 16 3 11 6 29 
28 27 24 1 0 5 7 22 18 14 12 10 17 23 21 26 19 2 9 8 25 4 15 13 20 16 3 11 6 29 
28 27 24 1 0 5 7 22 18 14 12 10 17 23 21 26 19 2 9 8 25 4 15 13 20 16 3 11 6 29 
19 20 21 22 25 14 24 17 1 28 29 2 3 9 16 7 10 15 13 4 27 5 11 23 6 26 18 8 12 0 
4 3 12 13 28 29 26 6 0 16 21 27 17 7 11 9 22 24 23 1 14 5 20 15 19 25 10 8 2 18 
