7 46 43 25 27 40 32 45 23 35 3 17 15 39 30 1 28 44 20 37 47 36 11 6 0 42 24 8 2 10 41 33 18 38 21 49 12 9 34 48 19 22 4 5 16 26 13 31 14 29 
21 49 34 48 22 19 4 12 9 5 16 13 26 14 20 47 37 31 44 39 29 46 7 43 25 15 30 1 36 28 17 32 45 23 3 33 10 2 24 8 42 40 0 6 11 27 35 41 18 38 
21 49 34 48 22 19 4 12 9 5 16 13 26 14 20 47 37 31 44 39 29 46 7 43 25 15 30 1 36 28 17 32 45 23 3 33 10 2 24 8 42 40 0 6 11 27 35 41 18 38 
13 26 14 44 4 12 22 19 49 21 48 34 9 38 18 33 41 10 2 23 45 27 40 0 42 8 24 6 11 25 43 46 7 29 39 47 37 31 20 36 1 30 15 28 17 32 3 35 5 16 
17 22 9 16 12 14 47 31 27 41 23 29 46 38 30 7 28 45 39 40 44 1 35 36 37 26 13 19 43 0 42 34 5 4 21 33 18 24 32 25 20 8 3 2 15 11 10 6 49 48 
23 5 41 0 47 20 39 46 37 28 27 1 43 11 35 48 44 32 10 40 6 7 30 2 22 45 26 38 24 21 9 33 18 36 16 12 15 3 14 13 19 4 49 34 29 31 42 8 25 17 
3 5 45 4 16 48 14 36 30 41 6 35 11 38 12 26 21 33 43 8 23 28 20 31 29 7 42 27 24 10 9 19 22 44 39 47 40 2 32 0 17 46 18 34 13 37 49 15 25 1 
10 41 17 20 23 11 42 39 48 15 0 47 29 31 37 6 40 35 24 33 14 5 21 34 46 18 30 44 27 45 1 7 25 28 2 32 43 38 12 9 3 8 4 36 26 13 16 22 19 49 
23 14 33 34 41 48 49 46 7 45 26 15 3 21 9 38 12 16 47 29 20 8 11 13 27 43 17 31 44 18 4 5 24 30 42 39 25 0 32 40 10 36 37 1 6 28 35 19 22 2 
23 14 33 34 41 48 49 46 7 45 26 15 3 21 9 38 12 16 47 29 20 8 11 13 27 43 17 31 44 18 4 5 24 30 42 39 25 0 32 40 10 36 37 1 6 28 35 19 22 2 
23 14 33 34 41 48 49 46 7 45 26 15 3 21 9 38 12 16 47 29 20 8 11 13 27 43 17 31 44 18 4 5 24 30 42 39 25 0 32 40 10 36 37 1 6 28 35 19 22 2 
20 15 44 2 23 0 43 24 42 35 12 5 19 41 27 22 36 40 39 30 1 47 37 14 29 38 33 46 31 28 17 32 3 13 25 4 21 9 18 16 6 7 11 10 8 26 48 34 45 49 
40 22 37 29 46 0 9 42 43 28 23 11 45 3 1 20 39 47 30 10 2 13 16 4 41 31 25 38 18 34 5 36 6 32 15 7 27 35 8 44 12 14 26 19 17 21 24 33 48 49 
40 22 37 29 46 0 9 42 43 28 23 11 45 3 1 20 39 47 30 10 2 13 16 4 41 31 25 38 18 34 5 36 6 32 15 7 27 35 8 44 12 14 26 19 17 21 24 33 48 49 
40 22 37 29 46 0 9 42 43 28 23 11 45 3 1 20 39 47 30 10 2 13 16 4 41 31 25 38 18 34 5 36 6 32 15 7 27 35 8 44 12 14 26 19 17 21 24 33 48 49 
40 22 37 29 46 0 9 42 43 28 23 11 45 3 1 20 39 47 30 10 2 13 16 4 41 31 25 38 18 34 5 36 6 32 15 7 27 35 8 44 12 14 26 19 17 21 24 33 48 49 
49 18 22 42 1 43 36 39 46 25 33 45 31 13 26 5 48 0 29 16 12 24 41 6 40 47 37 3 20 35 17 15 8 44 11 27 32 30 28 2 38 10 21 19 14 34 7 4 23 9 
32 27 12 26 19 47 37 0 7 5 16 1 48 34 35 40 10 31 44 36 20 14 38 11 2 17 25 42 23 15 30 46 18 21 41 43 22 3 4 49 9 33 28 45 6 24 8 13 29 39 
32 27 12 26 19 47 37 0 7 5 16 1 48 34 35 40 10 31 44 36 20 14 38 11 2 17 25 42 23 15 30 46 18 21 41 43 22 3 4 49 9 33 28 45 6 24 8 13 29 39 
32 27 12 26 19 47 37 0 7 5 16 1 48 34 35 40 10 31 44 36 20 14 38 11 2 17 25 42 23 15 30 46 18 21 41 43 22 3 4 49 9 33 28 45 6 24 8 13 29 39 
32 27 12 26 19 47 37 0 7 5 16 1 48 34 35 40 10 31 44 36 20 14 38 11 2 17 25 42 23 15 30 46 18 21 41 43 22 3 4 49 9 33 28 45 6 24 8 13 29 39 
26 36 31 2 46 7 16 1 0 11 10 19 32 27 12 34 41 6 24 47 14 13 29 45 25 4 18 43 37 3 21 15 23 35 48 28 5 49 33 20 39 40 42 8 9 22 38 17 30 44 
20 19 8 18 36 40 28 24 32 43 0 46 31 7 11 6 10 3 39 26 35 23 22 34 45 42 15 17 4 13 1 16 29 25 33 21 48 41 38 9 2 49 5 44 27 12 14 47 30 37 
20 19 8 18 36 40 28 24 32 43 0 46 31 7 11 6 10 3 39 26 35 23 22 34 45 42 15 17 4 13 1 16 29 25 33 21 48 41 38 9 2 49 5 44 27 12 14 47 30 37 
43 35 33 3 10 4 12 0 26 39 42 27 11 16 30 41 49 15 25 7 6 22 38 23 44 36 19 20 21 1 34 18 9 48 5 14 31 37 45 46 17 24 8 2 32 40 28 13 47 29 
43 35 33 3 10 4 12 0 26 39 42 27 11 16 30 41 49 15 25 7 6 22 38 23 44 36 19 20 21 1 34 18 9 48 5 14 31 37 45 46 17 24 8 2 32 40 28 13 47 29 
41 4 36 24 25 46 26 31 12 5 14 27 47 1 33 16 19 37 30 45 17 21 18 28 10 35 22 0 3 32 34 44 11 42 8 40 43 23 49 6 7 29 15 38 48 9 39 20 13 2 
41 4 36 24 25 46 26 31 12 5 14 27 47 1 33 16 19 37 30 45 17 21 18 28 10 35 22 0 3 32 34 44 11 42 8 40 43 23 49 6 7 29 15 38 48 9 39 20 13 2 
3 21 23 1 22 5 16 13 35 14 19 34 31 20 33 24 43 40 8 2 7 47 28 27 26 9 46 44 36 15 38 6 11 37 18 12 49 45 41 10 25 29 39 48 30 32 4 0 42 17 
33 36 15 43 7 3 45 1 25 46 28 0 24 32 6 40 23 11 49 12 8 17 16 39 27 19 34 18 41 2 10 4 14 5 48 21 31 9 26 37 29 30 47 13 38 42 44 20 35 22 
33 36 15 43 7 3 45 1 25 46 28 0 24 32 6 40 23 11 49 12 8 17 16 39 27 19 34 18 41 2 10 4 14 5 48 21 31 9 26 37 29 30 47 13 38 42 44 20 35 22 
33 36 15 43 7 3 45 1 25 46 28 0 24 32 6 40 23 11 49 12 8 17 16 39 27 19 34 18 41 2 10 4 14 5 48 21 31 9 26 37 29 30 47 13 38 42 44 20 35 22 
44 12 27 26 23 15 43 25 32 11 42 8 6 22 19 30 37 5 16 29 24 21 48 31 13 40 2 49 38 9 36 14 41 18 34 47 45 28 3 17 10 33 4 39 7 46 20 35 0 1 
20 39 14 9 37 23 2 35 46 42 36 28 30 40 3 13 31 4 21 33 32 11 17 41 18 44 26 22 5 45 24 10 6 15 48 16 38 43 7 8 0 19 47 27 25 1 34 49 12 29 
22 9 26 35 13 31 8 46 37 47 40 42 29 44 0 3 10 45 14 16 20 43 27 17 36 41 1 24 18 21 30 11 2 19 28 39 6 32 4 38 12 5 7 25 15 34 23 33 48 49 
22 9 26 35 13 31 8 46 37 47 40 42 29 44 0 3 10 45 14 16 20 43 27 17 36 41 1 24 18 21 30 11 2 19 28 39 6 32 4 38 12 5 7 25 15 34 23 33 48 49 
26 36 20 31 25 46 41 28 14 0 45 3 15 27 44 30 21 18 33 37 43 34 1 8 5 4 42 6 32 35 40 24 39 49 11 29 2 10 23 13 22 19 17 7 16 12 9 48 38 47 
26 36 20 31 25 46 41 28 14 0 45 3 15 27 44 30 21 18 33 37 43 34 1 8 5 4 42 6 32 35 40 24 39 49 11 29 2 10 23 13 22 19 17 7 16 12 9 48 38 47 
26 36 20 31 25 46 41 28 14 0 45 3 15 27 44 30 21 18 33 37 43 34 1 8 5 4 42 6 32 35 40 24 39 49 11 29 2 10 23 13 22 19 17 7 16 12 9 48 38 47 
14 38 2 39 36 49 24 9 3 17 43 22 35 34 33 12 26 16 4 47 23 15 5 31 8 29 6 27 0 10 41 28 25 7 13 48 18 21 19 1 37 46 30 32 40 45 42 44 11 20 
25 42 9 30 1 0 34 10 33 37 31 16 13 26 14 29 28 27 15 36 23 20 22 2 49 3 19 5 18 17 12 38 39 7 41 4 48 47 44 40 32 6 11 46 35 8 24 21 45 43 
25 42 9 30 1 0 34 10 33 37 31 16 13 26 14 29 28 27 15 36 23 20 22 2 49 3 19 5 18 17 12 38 39 7 41 4 48 47 44 40 32 6 11 46 35 8 24 21 45 43 
25 42 9 30 1 0 34 10 33 37 31 16 13 26 14 29 28 27 15 36 23 20 22 2 49 3 19 5 18 17 12 38 39 7 41 4 48 47 44 40 32 6 11 46 35 8 24 21 45 43 
41 9 22 12 7 25 30 6 13 16 29 37 21 34 32 24 35 3 8 15 40 0 19 5 2 39 47 20 11 28 4 45 17 23 27 33 43 10 46 26 14 36 44 31 42 18 38 1 49 48 
41 9 22 12 7 25 30 6 13 16 29 37 21 34 32 24 35 3 8 15 40 0 19 5 2 39 47 20 11 28 4 45 17 23 27 33 43 10 46 26 14 36 44 31 42 18 38 1 49 48 
42 37 4 33 23 24 13 12 19 34 15 11 7 45 5 2 0 3 10 8 40 47 31 43 25 36 16 49 29 39 30 20 17 1 21 28 14 44 26 9 22 35 38 27 46 32 6 41 18 48 
42 37 4 33 23 24 13 12 19 34 15 11 7 45 5 2 0 3 10 8 40 47 31 43 25 36 16 49 29 39 30 20 17 1 21 28 14 44 26 9 22 35 38 27 46 32 6 41 18 48 
18 3 42 27 0 32 28 1 13 37 11 45 12 16 40 6 23 22 39 43 48 30 44 19 15 35 33 2 7 25 21 24 31 46 26 47 36 29 10 8 41 5 4 20 38 34 9 17 14 49 
18 3 42 27 0 32 28 1 13 37 11 45 12 16 40 6 23 22 39 43 48 30 44 19 15 35 33 2 7 25 21 24 31 46 26 47 36 29 10 8 41 5 4 20 38 34 9 17 14 49 
18 3 42 27 0 32 28 1 13 37 11 45 12 16 40 6 23 22 39 43 48 30 44 19 15 35 33 2 7 25 21 24 31 46 26 47 36 29 10 8 41 5 4 20 38 34 9 17 14 49 
