19 22 4 12 9 38 49 21 48 34 18 41 33 32 45 8 24 10 2 23 35 3 17 15 27 40 0 42 6 11 43 25 30 1 39 44 46 7 29 36 47 37 20 31 14 26 13 5 16 28 
43 25 30 1 46 7 29 47 37 31 20 44 39 28 15 17 3 23 35 45 32 40 27 0 42 8 24 10 2 41 33 21 49 4 22 19 12 9 34 38 48 18 5 16 13 26 14 36 11 6 
11 27 40 0 35 3 23 45 32 17 15 25 43 7 46 1 39 44 20 37 47 36 29 30 28 48 21 49 12 4 22 19 26 13 14 31 16 5 9 34 38 18 33 41 10 2 24 8 42 6 
34 38 21 49 9 12 4 22 14 13 26 31 37 47 20 44 39 1 30 15 28 40 17 32 45 3 35 23 33 41 10 24 8 2 27 0 42 6 11 43 25 46 7 29 36 19 5 16 48 18 
34 38 21 49 48 9 12 4 19 22 5 16 37 47 39 1 30 25 43 46 7 29 20 31 13 26 14 36 44 28 15 17 3 35 23 33 10 2 45 32 42 0 40 27 11 6 24 8 41 18 
34 38 21 49 48 9 12 4 19 22 5 16 37 47 39 1 30 25 43 46 7 29 20 31 13 26 14 36 44 28 15 17 3 35 23 33 10 2 45 32 42 0 40 27 11 6 24 8 41 18 
34 38 21 49 48 9 12 4 19 22 5 16 37 47 39 1 30 25 43 46 7 29 20 31 13 26 14 36 44 28 15 17 3 35 23 33 10 2 45 32 42 0 40 27 11 6 24 8 41 18 
34 38 21 49 48 9 12 4 19 22 5 16 37 47 39 1 30 25 43 46 7 29 20 31 13 26 14 36 44 28 15 17 3 35 23 33 10 2 45 32 42 0 40 27 11 6 24 8 41 18 
31 37 47 20 14 44 39 30 1 7 46 29 36 35 3 17 28 15 27 25 43 11 6 40 0 42 24 8 45 32 23 2 10 33 41 18 34 9 48 38 21 49 19 22 4 12 5 16 13 26 
31 37 47 20 14 44 39 30 1 7 46 29 36 35 3 17 28 15 27 25 43 11 6 40 0 42 24 8 45 32 23 2 10 33 41 18 34 9 48 38 21 49 19 22 4 12 5 16 13 26 
31 37 47 20 14 44 39 30 1 7 46 29 36 35 3 17 28 15 27 25 43 11 6 40 0 42 24 8 45 32 23 2 10 33 41 18 34 9 48 38 21 49 19 22 4 12 5 16 13 26 
31 37 47 20 14 44 39 30 1 7 46 29 36 35 3 17 28 15 27 25 43 11 6 40 0 42 24 8 45 32 23 2 10 33 41 18 34 9 48 38 21 49 19 22 4 12 5 16 13 26 
38 34 48 9 12 4 19 22 5 16 26 13 14 31 37 47 36 39 44 28 15 27 40 0 42 32 45 23 3 35 49 21 18 33 41 2 10 8 24 6 11 43 25 1 30 46 7 29 20 17 
34 38 21 49 48 9 4 12 5 19 22 16 13 26 14 20 47 37 31 44 35 3 17 15 27 40 0 42 8 24 2 10 23 45 32 28 39 36 1 30 25 43 46 7 29 11 6 33 41 18 
35 3 17 15 27 40 32 45 2 10 23 33 41 18 21 49 48 34 9 12 4 19 22 5 16 13 26 14 20 31 37 47 36 39 43 25 0 42 8 24 6 11 30 1 46 7 29 44 28 38 
20 47 37 31 14 26 13 28 15 27 32 45 2 10 41 33 23 35 3 17 42 0 40 24 8 6 11 43 25 1 30 46 7 29 36 39 44 19 4 12 48 21 49 18 38 34 9 5 22 16 
20 47 37 31 14 26 13 28 15 27 32 45 2 10 41 33 23 35 3 17 42 0 40 24 8 6 11 43 25 1 30 46 7 29 36 39 44 19 4 12 48 21 49 18 38 34 9 5 22 16 
20 47 37 31 14 26 13 28 15 27 32 45 2 10 41 33 23 35 3 17 42 0 40 24 8 6 11 43 25 1 30 46 7 29 36 39 44 19 4 12 48 21 49 18 38 34 9 5 22 16 
17 32 27 40 42 8 24 45 23 33 2 10 41 18 38 34 9 48 12 4 19 22 5 16 20 37 47 31 14 13 26 44 39 36 29 46 7 1 30 28 15 25 43 11 0 6 3 35 49 21 
17 32 27 40 42 8 24 45 23 33 2 10 41 18 38 34 9 48 12 4 19 22 5 16 20 37 47 31 14 13 26 44 39 36 29 46 7 1 30 28 15 25 43 11 0 6 3 35 49 21 
17 32 27 40 42 8 24 45 23 33 2 10 41 18 38 34 9 48 12 4 19 22 5 16 20 37 47 31 14 13 26 44 39 36 29 46 7 1 30 28 15 25 43 11 0 6 3 35 49 21 
45 35 3 21 49 48 12 4 19 22 5 16 9 38 34 18 33 41 10 2 23 17 32 27 40 0 42 24 8 6 11 25 43 46 7 29 47 20 39 36 1 30 15 28 44 13 26 14 31 37 
11 0 40 42 8 24 2 32 23 35 3 17 15 28 39 1 30 25 43 46 7 29 47 37 36 20 31 13 26 14 44 19 22 16 5 12 4 9 48 34 38 18 33 10 41 21 49 45 27 6 
34 38 48 9 12 4 19 22 5 16 13 26 14 20 47 37 31 36 39 44 28 17 32 27 40 0 42 45 23 41 2 10 24 8 33 35 3 15 25 43 46 7 29 1 30 11 6 49 21 18 
15 28 44 39 30 1 25 43 46 7 29 37 47 36 20 31 14 26 13 16 12 4 5 22 19 38 21 49 48 9 34 18 33 35 3 17 32 45 23 2 10 8 24 42 27 40 0 11 6 41 
15 28 44 39 30 1 25 43 46 7 29 37 47 36 20 31 14 26 13 16 12 4 5 22 19 38 21 49 48 9 34 18 33 35 3 17 32 45 23 2 10 8 24 42 27 40 0 11 6 41 
15 28 44 39 30 1 25 43 46 7 29 37 47 36 20 31 14 26 13 16 12 4 5 22 19 38 21 49 48 9 34 18 33 35 3 17 32 45 23 2 10 8 24 42 27 40 0 11 6 41 
15 17 3 35 23 45 32 27 40 0 8 24 2 10 41 33 18 34 49 21 48 38 9 12 4 22 19 5 16 26 13 14 44 39 36 20 37 47 31 1 30 25 43 46 7 29 28 11 6 42 
15 17 3 35 23 45 32 27 40 0 8 24 2 10 41 33 18 34 49 21 48 38 9 12 4 22 19 5 16 26 13 14 44 39 36 20 37 47 31 1 30 25 43 46 7 29 28 11 6 42 
15 17 3 35 23 45 32 27 40 0 8 24 2 10 41 33 18 34 49 21 48 38 9 12 4 22 19 5 16 26 13 14 44 39 36 20 37 47 31 1 30 25 43 46 7 29 28 11 6 42 
31 37 47 36 20 14 26 13 16 5 22 19 4 12 9 34 49 21 48 38 18 33 41 2 23 35 3 45 32 25 43 30 1 28 15 27 40 42 0 11 6 8 24 10 17 44 39 7 46 29 
31 37 47 36 20 14 26 13 16 5 22 19 4 12 9 34 49 21 48 38 18 33 41 2 23 35 3 45 32 25 43 30 1 28 15 27 40 42 0 11 6 8 24 10 17 44 39 7 46 29 
7 46 43 25 27 15 17 28 33 23 35 3 32 45 0 40 11 6 42 8 24 2 10 41 18 21 49 12 38 34 48 9 4 19 22 5 16 13 26 14 36 47 37 31 20 44 39 1 30 29 
7 46 43 25 27 15 17 28 33 23 35 3 32 45 0 40 11 6 42 8 24 2 10 41 18 21 49 12 38 34 48 9 4 19 22 5 16 13 26 14 36 47 37 31 20 44 39 1 30 29 
0 40 27 15 28 1 25 43 30 29 46 7 20 44 39 36 47 37 31 14 13 26 16 5 12 4 22 19 48 38 21 49 9 34 18 33 41 10 2 23 45 17 3 35 32 42 8 24 11 6 
0 40 27 15 28 1 25 43 30 29 46 7 20 44 39 36 47 37 31 14 13 26 16 5 12 4 22 19 48 38 21 49 9 34 18 33 41 10 2 23 45 17 3 35 32 42 8 24 11 6 
0 40 27 15 28 1 25 43 30 29 46 7 20 44 39 36 47 37 31 14 13 26 16 5 12 4 22 19 48 38 21 49 9 34 18 33 41 10 2 23 45 17 3 35 32 42 8 24 11 6 
20 36 47 37 31 39 44 28 15 1 30 46 7 25 43 27 40 0 11 6 42 24 8 10 2 41 33 23 45 32 17 3 35 21 49 48 9 34 38 18 12 4 19 22 5 16 13 26 14 29 
20 36 47 37 31 39 44 28 15 1 30 46 7 25 43 27 40 0 11 6 42 24 8 10 2 41 33 23 45 32 17 3 35 21 49 48 9 34 38 18 12 4 19 22 5 16 13 26 14 29 
20 36 47 37 31 39 44 28 15 1 30 46 7 25 43 27 40 0 11 6 42 24 8 10 2 41 33 23 45 32 17 3 35 21 49 48 9 34 38 18 12 4 19 22 5 16 13 26 14 29 
20 36 47 37 31 39 44 28 15 1 30 46 7 25 43 27 40 0 11 6 42 24 8 10 2 41 33 23 45 32 17 3 35 21 49 48 9 34 38 18 12 4 19 22 5 16 13 26 14 29 
46 7 43 25 15 30 17 3 35 23 2 10 24 8 6 11 42 0 40 32 27 45 33 41 18 34 4 12 9 48 38 21 49 19 22 5 16 26 13 14 44 39 1 28 36 20 37 47 31 29 
46 7 43 25 15 30 17 3 35 23 2 10 24 8 6 11 42 0 40 32 27 45 33 41 18 34 4 12 9 48 38 21 49 19 22 5 16 26 13 14 44 39 1 28 36 20 37 47 31 29 
46 7 43 25 15 30 17 3 35 23 2 10 24 8 6 11 42 0 40 32 27 45 33 41 18 34 4 12 9 48 38 21 49 19 22 5 16 26 13 14 44 39 1 28 36 20 37 47 31 29 
42 0 40 27 15 30 43 25 1 39 44 36 47 37 20 31 13 26 14 16 5 19 22 4 12 9 34 38 21 49 48 18 33 41 35 23 10 2 45 32 17 3 28 29 46 7 11 24 8 6 
42 0 40 27 15 30 43 25 1 39 44 36 47 37 20 31 13 26 14 16 5 19 22 4 12 9 34 38 21 49 48 18 33 41 35 23 10 2 45 32 17 3 28 29 46 7 11 24 8 6 
42 0 40 27 15 30 43 25 1 39 44 36 47 37 20 31 13 26 14 16 5 19 22 4 12 9 34 38 21 49 48 18 33 41 35 23 10 2 45 32 17 3 28 29 46 7 11 24 8 6 
41 33 23 3 35 49 21 38 34 9 12 4 19 22 5 16 13 26 14 20 37 47 36 1 30 15 17 32 45 2 10 24 8 42 40 11 25 43 46 7 29 31 44 39 28 27 0 6 48 18 
41 33 23 3 35 49 21 38 34 9 12 4 19 22 5 16 13 26 14 20 37 47 36 1 30 15 17 32 45 2 10 24 8 42 40 11 25 43 46 7 29 31 44 39 28 27 0 6 48 18 
33 10 2 23 35 3 17 28 15 30 1 25 43 46 7 29 31 37 47 36 20 14 13 26 16 22 4 12 5 9 48 38 21 49 34 18 41 45 32 40 27 0 42 8 24 6 11 39 44 19 
