46 16 11 52 59 39 20 14 23 53 19 1 7 38 51 41 61 45 36 63 32 25 5 43 18 56 55 58 13 34 50 49 26 35 8 47 17 31 21 0 48 33 3 62 42 22 12 24 15 29 37 2 57 30 64 60 10 54 44 27 4 6 9 28 40 
64 58 22 35 63 36 3 44 11 56 32 5 19 47 13 6 21 15 28 53 7 29 24 38 9 55 43 18 50 41 54 20 14 52 4 10 30 51 12 34 16 33 46 59 1 48 39 23 42 45 25 40 62 60 37 26 27 8 2 57 61 31 17 0 49 
32 54 15 60 12 62 11 49 24 34 2 40 46 56 16 47 37 27 8 23 61 19 7 25 42 59 9 36 6 58 41 53 45 39 52 57 30 1 14 44 28 55 43 31 38 51 4 50 33 17 48 3 21 35 10 29 26 22 5 20 18 13 0 64 63 
1 52 64 63 15 12 47 8 14 32 48 22 19 35 3 17 45 49 31 21 39 29 37 62 36 18 25 20 59 61 9 40 13 42 60 26 11 58 43 2 30 33 41 55 57 34 38 56 5 7 50 54 4 53 44 6 51 23 46 28 10 27 24 16 0 
64 58 22 35 63 36 3 44 11 56 32 5 19 47 13 6 21 15 28 53 7 29 24 38 9 55 43 18 50 41 54 20 14 52 4 10 30 51 12 34 16 33 46 59 1 48 39 23 42 45 25 40 62 60 37 26 27 8 2 57 61 31 17 0 49 
27 24 12 35 53 13 37 30 36 48 51 59 40 50 58 41 54 28 46 43 14 23 20 15 17 55 44 52 61 16 18 56 9 45 1 22 62 25 47 31 8 0 21 63 33 34 32 39 38 19 57 60 3 2 49 6 10 4 42 5 26 7 11 29 64 
38 32 42 55 52 28 27 37 22 47 24 4 54 13 26 9 6 20 63 62 17 16 19 61 36 11 44 40 5 7 60 45 1 0 48 59 14 31 12 34 25 49 58 39 57 29 10 18 23 2 56 53 64 30 8 50 35 3 46 43 41 15 33 21 51 
18 58 13 60 6 15 21 8 46 48 24 59 22 5 19 3 31 37 10 16 26 45 14 28 9 55 53 40 0 32 33 34 20 54 57 36 23 39 56 12 7 2 38 30 49 50 11 52 61 43 63 64 29 4 44 27 41 17 62 25 47 35 42 51 1 
31 15 8 42 60 12 19 47 9 20 22 64 30 40 46 41 38 63 51 48 35 37 57 44 50 52 5 43 1 62 2 3 11 27 17 24 26 33 61 13 16 59 28 14 25 36 29 58 4 56 49 6 23 55 32 7 54 53 10 45 18 39 34 21 0 
33 31 17 62 3 25 22 39 12 38 42 64 60 8 29 4 51 63 20 30 11 16 34 27 41 43 36 18 45 61 5 48 21 59 56 50 7 6 58 15 9 57 54 32 49 10 37 55 23 53 28 13 35 52 0 19 47 46 24 44 26 40 14 2 1 
2 54 49 48 22 62 28 59 50 14 61 24 30 47 29 44 15 26 42 6 16 60 32 39 43 58 20 9 38 35 51 10 57 37 27 56 52 21 45 31 19 55 7 53 11 46 13 4 18 12 41 64 3 36 34 33 8 25 63 17 5 1 0 40 23 
43 41 30 52 21 35 8 64 10 11 27 3 63 22 19 32 42 13 28 14 4 1 51 17 5 56 53 20 38 44 47 33 26 23 45 7 62 25 9 49 60 31 34 2 37 50 39 15 59 46 16 54 24 57 6 29 36 12 40 55 58 18 0 61 48 
42 12 33 27 61 35 50 13 57 4 49 38 32 19 48 2 15 60 37 29 46 26 64 51 18 17 47 20 52 58 59 6 36 22 54 3 24 8 10 40 5 55 63 56 30 34 39 44 11 43 7 16 14 41 53 9 28 25 31 21 23 0 62 1 45 
2 54 49 48 22 62 28 59 50 14 61 24 30 47 29 44 15 26 42 6 16 60 32 39 43 58 20 9 38 35 51 10 57 37 27 56 52 21 45 31 19 55 7 53 11 46 13 4 18 12 41 64 3 36 34 33 8 25 63 17 5 1 0 40 23 
2 54 49 48 22 62 28 59 50 14 61 24 30 47 29 44 15 26 42 6 16 60 32 39 43 58 20 9 38 35 51 10 57 37 27 56 52 21 45 31 19 55 7 53 11 46 13 4 18 12 41 64 3 36 34 33 8 25 63 17 5 1 0 40 23 
7 51 6 50 60 44 10 61 27 38 20 29 30 57 12 41 45 23 11 15 62 8 48 9 24 2 55 40 39 14 52 49 16 35 34 26 58 17 59 47 19 46 28 18 21 3 22 31 37 4 56 33 42 36 43 5 54 13 64 0 32 53 1 25 63 
36 35 42 29 64 32 19 38 56 20 28 39 10 26 31 12 23 24 62 60 47 17 25 30 8 14 13 16 53 57 50 49 4 3 61 1 7 46 9 58 34 52 55 44 59 37 40 45 22 6 2 21 51 41 18 5 33 27 54 11 15 63 43 48 0 
36 35 42 29 64 32 19 38 56 20 28 39 10 26 31 12 23 24 62 60 47 17 25 30 8 14 13 16 53 57 50 49 4 3 61 1 7 46 9 58 34 52 55 44 59 37 40 45 22 6 2 21 51 41 18 5 33 27 54 11 15 63 43 48 0 
13 1 18 56 32 15 29 39 16 10 36 8 5 21 22 35 26 2 30 12 63 33 0 59 6 55 28 31 50 49 47 34 58 4 51 38 14 25 23 43 62 7 27 54 53 46 48 37 57 9 61 44 3 17 42 24 60 19 40 20 52 41 45 64 11 
8 0 54 16 23 32 63 1 37 29 35 62 48 11 47 12 42 22 24 57 61 41 46 15 44 13 56 20 53 28 5 38 55 2 30 60 3 52 59 19 21 40 45 17 31 26 39 58 9 4 51 43 34 18 33 50 49 6 25 36 27 7 14 10 64 
43 56 53 9 20 46 55 44 30 34 42 51 61 52 1 26 60 8 63 21 62 35 64 40 12 31 5 14 57 11 4 2 28 41 18 25 24 7 37 39 58 17 47 15 29 10 32 23 3 33 54 16 22 45 36 19 50 59 27 6 48 49 13 38 0 
50 38 25 14 19 10 24 29 37 55 5 43 46 63 20 40 4 31 56 58 35 57 60 6 0 48 62 18 32 61 44 27 28 11 26 17 52 41 13 59 9 54 45 42 8 30 36 53 64 16 34 12 49 47 21 1 39 33 22 23 2 15 7 3 51 
9 16 35 7 39 44 10 62 28 55 18 41 15 46 6 13 27 23 34 19 38 3 52 54 53 64 17 8 57 30 37 47 4 32 20 24 60 48 14 26 29 45 36 5 43 63 21 58 25 61 42 22 50 11 12 59 49 56 40 31 51 33 0 2 1 
1 50 46 16 51 23 20 62 25 19 7 55 29 2 36 14 42 45 5 59 53 27 11 6 43 3 47 37 10 21 60 54 15 35 33 48 61 39 41 4 30 26 56 52 12 8 13 34 40 9 31 22 17 58 44 18 0 28 49 57 32 38 24 64 63 
39 6 55 11 29 16 23 61 44 53 28 32 2 34 52 45 62 50 13 21 64 3 17 48 60 22 41 0 15 46 8 43 5 14 25 33 57 40 63 1 26 37 47 9 35 49 4 30 27 24 59 19 7 18 20 38 58 54 42 31 56 36 51 10 12 
53 25 47 1 31 14 17 49 29 30 15 2 35 3 22 45 55 37 10 62 42 20 51 40 34 57 4 44 16 5 36 64 26 54 6 28 33 60 7 8 23 9 59 43 18 48 24 11 63 41 58 52 12 13 21 32 19 27 50 38 56 39 46 61 0 
52 46 10 23 49 24 9 30 29 44 43 34 40 32 45 41 3 63 11 62 55 36 51 14 20 33 18 7 59 16 28 0 6 27 50 53 60 21 2 1 19 61 58 13 35 8 25 39 4 57 37 48 5 56 26 17 15 54 38 47 31 42 22 12 64 
32 25 45 19 51 40 14 5 22 1 52 9 46 58 56 23 48 34 24 64 10 13 18 2 8 31 36 37 57 47 42 17 62 53 39 15 11 3 21 50 44 4 63 29 6 59 0 30 38 41 33 12 35 16 60 54 55 20 26 27 43 28 49 61 7 
57 53 44 64 46 17 0 12 3 41 21 40 15 7 39 34 13 8 61 45 26 27 9 36 33 60 10 37 62 30 4 29 35 48 63 38 23 20 19 14 5 18 28 54 6 56 11 59 55 25 16 49 32 42 47 51 58 43 22 52 24 2 50 31 1 
24 48 18 45 53 41 58 39 62 43 14 54 40 11 13 23 61 19 17 31 9 3 10 60 26 64 37 57 32 47 5 52 4 29 25 20 16 28 44 30 50 38 0 7 56 63 51 33 42 59 34 46 49 8 12 55 1 36 22 21 35 27 2 15 6 
20 17 42 31 27 28 44 36 7 40 5 60 62 43 19 6 25 1 16 46 58 9 21 33 61 45 12 13 15 29 10 64 37 39 59 54 3 14 53 23 18 2 26 24 57 30 35 51 63 4 49 34 47 8 41 48 38 11 55 22 0 50 52 56 32 
11 23 28 2 55 30 53 14 32 63 19 34 15 62 3 8 61 50 38 16 40 56 43 41 51 9 20 45 42 47 48 4 10 44 5 58 26 60 64 57 17 33 25 39 13 21 24 29 6 27 49 54 52 7 31 36 59 37 35 12 1 22 46 0 18 
55 1 57 60 58 26 54 59 11 44 0 22 30 35 31 7 43 3 56 45 15 47 32 19 20 39 25 49 27 4 37 48 41 5 53 52 51 24 40 9 13 6 28 33 38 16 34 8 29 10 50 64 17 12 2 42 18 21 63 23 14 46 61 62 36 
51 0 4 46 58 38 21 40 14 28 13 36 52 16 5 48 42 1 3 47 31 2 30 39 24 27 22 23 55 25 61 43 6 7 33 17 19 60 11 37 35 8 34 9 18 59 53 54 20 10 44 57 64 12 15 50 41 26 49 29 45 32 56 62 63 
50 30 54 22 56 10 9 53 47 42 28 18 25 63 45 0 21 62 55 1 35 19 41 14 32 48 61 38 58 60 15 34 44 59 39 16 36 17 31 57 2 52 3 33 24 26 11 51 7 49 37 40 46 43 8 4 29 27 13 23 5 20 12 6 64 
47 44 14 17 46 34 18 63 42 31 25 38 60 8 21 28 27 59 50 45 48 0 32 19 43 15 10 1 7 58 12 2 24 29 37 5 62 3 16 26 57 55 33 4 51 41 6 54 9 53 20 11 49 52 13 30 40 39 22 36 56 23 64 35 61 
8 16 52 51 42 25 43 1 64 18 62 48 12 58 63 17 45 61 37 60 30 40 47 38 4 32 11 59 46 34 13 57 31 24 29 44 2 27 26 50 23 56 55 19 15 6 54 10 53 49 22 3 33 41 36 9 21 39 5 35 20 28 14 7 0 
8 16 52 51 42 25 43 1 64 18 62 48 12 58 63 17 45 61 37 60 30 40 47 38 4 32 11 59 46 34 13 57 31 24 29 44 2 27 26 50 23 56 55 19 15 6 54 10 53 49 22 3 33 41 36 9 21 39 5 35 20 28 14 7 0 
17 8 20 59 50 13 14 0 58 38 55 1 39 6 15 4 35 34 47 54 41 53 49 28 62 51 46 56 44 2 61 43 9 19 48 25 3 12 5 18 11 7 40 37 60 33 42 10 31 30 57 24 26 16 27 23 21 22 52 29 45 32 36 63 64 
47 44 14 17 46 34 18 63 42 31 25 38 60 8 21 28 27 59 50 45 48 0 32 19 43 15 10 1 7 58 12 2 24 29 37 5 62 3 16 26 57 55 33 4 51 41 6 54 9 53 20 11 49 52 13 30 40 39 22 36 56 23 64 35 61 
17 42 14 1 0 21 40 9 52 58 28 50 19 24 35 37 30 57 2 6 48 51 31 56 44 27 29 45 36 10 13 18 23 20 4 43 16 55 39 49 7 54 11 38 53 62 25 22 41 46 8 34 26 33 3 61 59 12 5 64 47 32 63 60 15 
37 29 3 42 22 62 48 39 30 53 31 4 12 47 0 61 32 60 63 36 16 8 41 6 52 58 38 45 7 34 26 27 54 57 15 56 13 35 9 23 55 51 11 17 10 50 24 14 1 49 46 19 59 43 25 40 20 33 21 28 18 5 2 64 44 
36 14 27 34 46 28 20 59 51 63 30 8 57 11 9 60 43 18 44 62 37 38 7 40 15 6 39 10 26 49 50 16 53 25 1 56 52 61 19 23 54 33 58 5 13 21 22 31 32 55 45 48 42 3 17 35 64 41 29 4 2 24 47 0 12 
45 0 11 44 28 43 19 18 30 29 6 13 37 42 54 1 24 23 9 59 16 27 48 17 64 2 36 12 21 55 25 14 39 3 33 32 47 60 34 20 4 52 56 53 40 5 31 49 35 7 57 58 41 26 46 8 15 10 51 62 22 38 61 50 63 
10 31 42 63 61 11 40 35 43 62 22 48 2 13 8 0 45 60 32 55 56 59 26 58 64 44 16 27 17 36 7 41 54 53 52 19 5 51 25 21 1 50 38 49 47 24 57 12 20 39 30 37 33 34 29 3 15 28 23 18 4 14 9 6 46 
29 22 17 51 39 50 10 8 49 16 37 4 35 13 19 36 30 32 63 33 47 62 46 44 15 7 18 43 21 42 41 59 61 48 31 28 12 27 5 24 1 60 64 57 20 14 11 9 54 26 2 0 55 56 53 40 34 52 3 45 23 38 25 6 58 
14 1 59 41 51 10 16 4 26 2 53 47 48 3 58 27 46 43 61 40 56 45 33 22 31 15 42 34 25 36 55 19 0 6 18 21 9 7 32 8 54 29 28 38 52 35 12 17 50 11 49 13 20 62 5 64 37 24 30 57 63 39 23 60 44 
42 3 23 46 20 8 31 4 10 52 39 38 28 5 54 50 1 27 53 32 34 64 57 2 37 45 25 14 58 59 41 44 18 9 24 16 11 36 13 12 35 56 62 63 6 26 29 49 22 17 40 7 21 48 61 51 33 30 15 19 47 60 43 55 0 
32 0 33 45 55 57 21 36 39 26 62 5 56 40 63 3 41 19 48 44 28 11 59 14 37 51 27 58 30 7 25 61 34 1 18 47 8 53 10 15 6 43 23 22 31 42 52 13 60 2 29 49 24 17 50 12 35 4 38 54 20 9 46 16 64 
51 3 35 60 36 32 41 44 46 28 7 53 57 64 37 52 22 21 0 8 20 58 61 17 4 16 40 33 31 12 11 59 54 6 50 2 24 63 38 62 39 47 14 45 30 27 9 23 49 13 5 56 55 29 26 10 43 19 48 15 18 42 25 34 1 
35 8 12 30 17 23 9 6 26 41 20 28 14 61 45 54 46 11 2 49 33 5 10 53 25 0 60 39 50 40 51 63 55 19 59 43 16 13 48 57 37 24 29 15 36 1 4 18 62 38 31 27 52 47 32 3 22 7 56 42 21 34 64 44 58 
60 24 28 38 35 0 31 15 23 56 59 20 7 10 16 13 30 37 39 27 1 46 14 9 11 2 43 5 33 3 47 32 19 54 18 4 44 53 51 29 40 6 58 26 34 8 21 12 57 49 17 48 55 22 52 25 36 41 64 42 45 50 61 62 63 
4 41 13 40 35 26 38 55 62 47 10 15 50 5 0 31 63 32 54 27 57 28 43 18 3 39 51 24 45 20 34 1 17 16 14 56 46 29 30 9 64 2 59 60 37 12 53 44 6 33 42 58 21 7 52 23 22 8 49 11 61 19 25 36 48 
56 23 57 26 8 34 52 3 36 64 13 44 61 51 62 25 50 9 14 39 1 17 0 21 45 48 7 53 10 33 15 30 42 46 54 4 11 63 27 40 55 20 19 32 38 35 41 5 59 28 6 60 22 37 2 16 18 58 49 24 29 47 31 43 12 
44 4 37 15 58 26 64 53 0 41 33 1 24 55 61 43 28 48 60 7 13 57 63 51 39 8 27 2 45 3 50 23 32 11 29 49 38 18 5 42 21 31 14 54 46 16 6 9 56 20 36 35 25 10 47 30 12 40 19 17 62 22 34 52 59 
27 14 32 2 50 46 20 39 24 36 19 38 8 17 0 45 23 44 13 48 18 9 16 53 31 41 52 4 10 59 5 1 21 35 7 34 22 11 15 49 30 29 37 33 47 12 25 58 3 63 61 28 26 55 56 42 51 62 43 6 57 60 40 54 64 
37 16 12 36 5 14 23 41 62 48 39 15 33 30 0 45 18 1 54 11 21 51 24 22 31 56 44 29 10 26 27 2 49 40 7 34 13 38 42 63 20 3 32 46 52 53 60 55 4 6 59 61 58 8 64 19 28 9 50 17 43 25 35 47 57 
58 36 26 56 6 9 30 2 57 15 22 11 47 41 34 63 44 27 53 28 12 60 18 40 32 46 52 19 51 13 62 48 55 5 43 16 3 25 20 14 61 50 54 45 10 24 37 29 33 8 35 59 23 39 38 49 64 17 31 4 21 0 42 1 7 
41 53 11 37 64 60 8 4 43 5 30 2 61 34 40 58 42 25 15 50 17 7 38 49 46 57 3 0 45 32 21 62 51 35 13 55 12 14 9 10 54 52 31 19 29 48 1 18 59 23 44 24 20 39 27 36 22 33 47 26 16 6 63 28 56 
24 10 44 53 62 58 15 8 43 48 33 50 59 63 41 55 52 54 4 38 29 22 42 0 31 51 34 27 23 9 20 3 32 17 37 49 14 28 35 61 46 45 18 56 1 39 5 16 7 36 30 2 60 25 40 19 47 12 6 11 64 26 13 21 57 
45 32 31 38 26 44 29 30 7 25 21 51 55 41 11 54 12 19 22 36 60 28 58 13 47 0 34 48 10 5 17 18 63 1 9 24 64 57 37 15 43 49 3 61 35 2 27 16 46 4 52 53 39 23 59 6 40 8 42 56 14 20 50 33 62 
57 9 2 29 59 19 30 1 21 12 10 38 55 7 36 25 60 54 52 23 4 44 11 39 61 31 13 33 22 51 5 20 58 24 56 41 3 27 8 17 47 48 45 28 14 62 63 42 37 40 15 46 32 34 49 50 16 6 26 64 35 18 53 43 0 
4 54 7 51 2 12 45 31 35 17 19 41 47 23 52 53 44 28 39 37 33 36 58 42 34 49 55 15 64 61 63 8 5 38 29 16 60 24 11 40 27 57 9 6 18 25 32 56 14 20 43 62 13 48 10 59 30 26 50 21 46 1 0 22 3 
25 11 48 31 62 59 18 12 63 13 46 43 33 64 16 56 58 54 51 29 10 7 20 37 2 53 39 27 6 34 44 23 14 22 60 50 24 26 21 61 47 45 0 17 8 42 55 3 41 38 36 49 57 30 32 19 4 15 35 5 1 52 28 40 9 
40 57 58 61 37 20 63 25 21 0 1 24 38 49 4 2 29 12 17 26 32 3 34 23 52 5 28 41 51 42 6 9 27 53 59 46 55 7 48 36 8 22 47 10 45 11 14 16 18 43 33 13 19 56 15 30 39 31 35 54 44 50 64 60 62 
54 9 34 24 44 10 47 17 59 38 22 62 21 51 53 11 52 12 63 25 33 60 31 48 28 13 23 19 58 57 35 43 56 14 42 15 30 5 55 36 18 20 45 50 32 26 40 49 16 29 37 6 2 46 41 64 27 1 39 7 61 3 0 8 4 
22 47 30 34 49 2 56 0 61 25 43 23 55 27 24 4 48 17 52 5 6 39 37 13 63 36 59 58 11 7 41 38 51 28 3 9 1 53 46 57 12 35 14 18 29 15 54 16 20 62 19 42 45 21 32 26 31 60 10 40 44 50 64 8 33 
35 6 54 63 18 11 2 56 5 44 52 40 38 27 24 26 60 30 19 14 37 50 49 15 29 48 36 7 61 62 17 3 1 13 59 23 46 25 20 55 51 58 31 34 32 33 10 57 8 22 43 45 42 53 4 0 47 41 21 39 9 28 16 12 64 
35 6 54 63 18 11 2 56 5 44 52 40 38 27 24 26 60 30 19 14 37 50 49 15 29 48 36 7 61 62 17 3 1 13 59 23 46 25 20 55 51 58 31 34 32 33 10 57 8 22 43 45 42 53 4 0 47 41 21 39 9 28 16 12 64 
2 24 60 8 27 9 50 40 56 28 10 59 34 19 63 36 41 11 4 54 32 13 3 57 49 15 46 21 30 55 5 31 17 47 18 20 16 53 52 39 6 25 45 26 51 29 42 48 62 33 35 43 7 38 44 58 22 64 12 1 23 61 14 37 0 
17 60 2 37 45 51 35 19 12 59 14 56 43 53 28 33 10 15 26 64 3 34 0 38 46 44 27 20 63 21 5 47 48 55 8 36 39 54 49 40 6 25 62 4 9 23 32 41 22 50 11 42 18 61 7 52 16 29 24 58 30 57 31 13 1 
17 60 2 37 45 51 35 19 12 59 14 56 43 53 28 33 10 15 26 64 3 34 0 38 46 44 27 20 63 21 5 47 48 55 8 36 39 54 49 40 6 25 62 4 9 23 32 41 22 50 11 42 18 61 7 52 16 29 24 58 30 57 31 13 1 
31 41 4 59 15 18 56 23 49 37 61 26 33 54 11 34 5 53 16 57 44 60 12 6 50 25 48 39 7 8 21 20 14 19 52 36 45 9 55 43 1 42 47 58 13 51 22 17 35 30 2 27 29 28 46 40 32 0 62 63 10 3 38 24 64 
47 8 62 56 63 13 6 48 7 36 10 50 35 12 3 41 60 31 22 5 59 57 30 27 25 51 34 14 32 43 58 38 33 17 46 23 29 9 39 19 18 0 15 54 55 42 21 24 11 40 53 20 45 1 49 16 52 2 44 4 37 26 28 61 64 
43 30 13 34 16 63 55 60 54 6 49 4 27 37 26 10 25 62 0 18 20 15 35 52 19 61 7 50 21 41 28 44 22 59 2 58 53 12 9 11 29 57 38 33 42 56 39 14 23 51 48 31 17 47 64 45 24 40 46 32 8 5 3 1 36 
43 30 13 34 16 63 55 60 54 6 49 4 27 37 26 10 25 62 0 18 20 15 35 52 19 61 7 50 21 41 28 44 22 59 2 58 53 12 9 11 29 57 38 33 42 56 39 14 23 51 48 31 17 47 64 45 24 40 46 32 8 5 3 1 36 
39 11 49 64 33 63 22 56 25 20 15 12 57 47 8 50 26 14 17 31 42 3 23 6 36 34 45 41 43 19 37 52 28 21 62 61 51 44 24 30 35 27 59 4 9 60 7 40 29 48 58 13 0 55 10 54 5 18 46 53 38 32 16 2 1 
17 8 20 59 50 13 14 0 58 38 55 1 39 6 15 4 35 34 47 54 41 53 49 28 62 51 46 56 44 2 61 43 9 19 48 25 3 12 5 18 11 7 40 37 60 33 42 10 31 30 57 24 26 16 27 23 21 22 52 29 45 32 36 63 64 
44 4 38 9 28 5 52 6 17 53 30 35 10 57 33 32 31 7 2 59 27 40 15 25 45 11 55 58 46 51 19 18 26 12 21 13 14 43 1 50 64 20 54 8 56 23 48 41 37 24 29 16 39 36 22 47 3 60 42 62 63 0 49 34 61 
31 43 5 36 32 27 48 30 2 29 51 16 56 21 3 37 46 38 20 54 61 45 39 41 7 44 9 4 28 23 53 6 15 19 10 60 64 62 34 49 1 11 40 24 17 22 12 57 13 50 55 59 26 14 52 42 35 18 58 25 8 47 63 0 33 
32 33 48 36 64 56 5 62 51 35 47 29 59 38 41 53 12 18 44 11 52 24 34 4 7 50 26 13 37 49 60 0 61 1 8 43 58 10 3 17 40 39 23 57 15 30 22 28 2 6 27 20 31 21 55 16 14 9 46 54 42 19 45 25 63 
58 16 39 61 18 8 60 35 55 27 3 45 19 40 32 63 30 43 51 57 52 49 12 56 46 10 48 17 0 31 5 44 24 28 54 14 6 53 23 13 62 21 47 36 42 22 34 4 29 1 33 41 25 38 11 59 9 2 26 20 50 7 64 15 37 
42 45 38 49 41 32 64 12 37 60 55 21 47 17 15 26 10 59 52 46 2 53 1 58 16 19 44 25 18 33 29 24 27 22 31 4 28 57 50 39 61 54 23 36 51 34 56 5 48 40 6 35 8 30 9 7 11 20 14 13 43 0 63 3 62 
41 51 0 19 13 7 49 3 9 50 16 25 27 4 37 61 39 28 6 52 55 34 29 1 5 45 30 15 35 38 44 22 2 43 46 18 11 40 54 12 60 57 33 8 10 26 31 14 53 21 42 17 24 56 20 59 23 47 32 36 58 63 48 62 64 
21 41 1 63 33 17 60 11 5 10 2 55 39 13 51 35 14 54 27 62 3 22 56 36 20 29 57 8 46 49 4 16 6 24 61 38 28 25 47 26 7 45 59 40 9 52 19 42 31 37 12 44 48 30 15 50 18 0 32 58 34 23 53 43 64 
1 43 48 0 21 51 3 45 63 22 31 34 23 17 7 24 8 15 6 60 4 41 46 11 5 47 9 62 33 26 28 14 16 30 2 42 36 52 12 44 53 37 58 20 25 32 61 49 27 54 13 35 18 59 39 55 19 38 56 57 29 50 40 10 64 
52 58 9 7 59 62 57 39 14 11 47 31 42 17 51 61 36 12 34 55 35 13 37 15 64 25 0 49 10 19 3 45 21 48 18 56 22 24 1 32 54 27 46 28 29 53 40 30 26 38 50 41 2 44 60 33 4 6 16 23 20 8 5 63 43 
52 58 9 7 59 62 57 39 14 11 47 31 42 17 51 61 36 12 34 55 35 13 37 15 64 25 0 49 10 19 3 45 21 48 18 56 22 24 1 32 54 27 46 28 29 53 40 30 26 38 50 41 2 44 60 33 4 6 16 23 20 8 5 63 43 
45 32 36 33 3 21 60 63 64 0 23 10 19 41 42 39 48 44 56 30 51 26 35 17 58 1 53 27 7 13 2 61 38 4 6 46 59 5 20 16 15 25 9 57 47 8 62 31 54 11 28 12 37 49 52 14 55 18 22 34 24 29 50 40 43 
35 8 12 30 17 23 9 6 26 41 20 28 14 61 45 54 46 11 2 49 33 5 10 53 25 0 60 39 50 40 51 63 55 19 59 43 16 13 48 57 37 24 29 15 36 1 4 18 62 38 31 27 52 47 32 3 22 7 56 42 21 34 64 44 58 
22 32 3 48 2 30 46 9 18 38 15 27 33 47 8 62 5 23 10 51 20 39 45 6 43 14 19 31 42 7 37 53 28 64 35 60 17 11 56 26 59 49 34 1 13 29 57 16 36 63 55 21 52 24 4 54 40 61 41 44 25 58 0 50 12 
47 0 51 57 13 56 31 45 5 1 26 27 43 11 24 30 48 21 46 7 34 2 60 42 38 54 59 9 32 10 16 6 44 3 52 50 29 4 58 22 62 40 17 8 25 39 19 20 15 12 37 14 53 35 18 33 49 23 28 63 55 36 61 41 64 
54 59 61 14 6 16 17 32 18 11 10 40 8 2 7 24 20 39 36 35 26 63 22 58 1 55 4 30 31 33 48 46 44 53 34 37 64 25 13 5 43 9 62 57 51 47 49 50 21 41 60 42 12 15 52 27 29 19 28 23 56 38 45 0 3 
22 41 31 0 35 13 45 51 24 18 14 59 17 61 39 55 3 33 60 8 19 20 64 47 42 52 12 4 63 25 5 56 27 16 1 30 37 40 50 54 44 2 21 36 29 43 9 48 53 32 57 10 46 6 11 23 28 7 34 15 49 26 38 58 62 
41 19 1 44 10 34 29 13 8 52 38 24 49 20 9 30 32 27 59 47 2 50 40 3 63 18 51 14 7 37 4 17 62 43 25 5 31 42 54 45 58 56 23 28 6 39 26 11 35 16 12 15 22 55 61 21 33 48 36 46 53 64 57 60 0 
64 0 62 45 11 5 57 10 54 44 23 20 31 16 14 56 18 25 8 52 48 13 26 61 63 38 40 49 46 29 34 19 36 1 28 7 21 32 41 33 51 43 42 22 59 9 37 58 35 2 15 55 60 17 47 24 50 3 39 30 53 4 12 6 27 
45 42 64 30 10 54 4 37 6 39 28 53 7 9 19 52 18 35 26 2 51 22 0 33 32 17 57 44 21 49 40 27 29 20 63 47 12 14 46 15 43 5 8 50 62 36 23 34 59 48 24 31 38 11 16 1 61 25 60 41 3 56 58 13 55 
19 56 61 50 26 64 45 7 35 34 27 48 22 21 55 63 58 29 9 8 17 49 25 24 2 62 51 18 10 40 42 47 3 43 36 60 13 5 32 44 59 57 15 33 46 54 37 12 30 20 53 6 23 52 4 41 28 39 14 38 31 16 11 1 0 
53 51 7 56 25 45 54 12 11 39 27 8 48 33 50 3 10 26 15 36 63 34 21 13 46 4 1 52 37 17 57 43 2 40 47 29 24 19 20 5 14 59 9 6 31 22 42 35 32 23 62 44 16 55 18 38 61 41 0 30 60 64 49 58 28 
8 47 48 31 21 63 9 42 59 53 20 33 27 41 51 62 30 61 34 35 38 22 5 4 15 60 55 19 56 14 29 10 12 26 64 57 17 40 1 18 54 52 6 46 11 50 43 32 23 49 45 13 36 44 28 39 2 37 24 25 16 7 3 0 58 
