21 49 48 38 58 18 56 55 68 41 33 54 76 35 86 32 50 88 57 69 43 25 64 27 40 0 71 77 11 51 89 6 42 8 24 45 3 23 2 10 17 59 28 60 80 53 44 84 20 36 39 78 74 67 1 30 15 79 66 82 61 19 22 85 16 65 70 26 13 62 31 37 47 29 87 46 7 72 73 75 14 63 52 12 4 81 83 5 9 34 
61 19 79 66 53 82 81 52 83 49 21 48 38 58 34 9 12 4 5 65 85 16 70 26 13 62 31 37 47 36 20 84 44 80 60 43 25 15 28 59 17 3 35 76 54 33 68 55 56 18 41 10 2 23 45 86 32 40 27 64 57 88 51 50 11 77 71 42 0 89 6 8 24 39 78 67 74 1 30 46 7 69 87 29 73 75 72 14 63 22 
63 26 13 62 31 37 47 36 78 74 30 15 17 59 28 60 82 80 53 44 84 20 39 1 72 29 75 73 87 67 46 7 69 43 25 51 50 64 71 0 42 8 24 45 32 40 27 57 88 11 77 89 6 41 10 2 35 76 54 55 68 33 23 86 3 52 81 79 66 49 21 38 58 56 18 9 34 48 83 19 61 22 5 4 12 85 16 65 70 14 
39 84 63 14 26 13 62 31 37 47 20 36 78 74 67 46 69 57 50 88 15 59 17 28 60 80 44 53 19 81 79 82 66 49 21 83 52 12 4 22 61 70 85 16 65 5 48 9 34 38 58 56 18 55 54 76 35 3 86 45 2 23 32 40 0 27 64 51 71 11 77 89 6 42 8 24 10 33 68 41 25 43 7 29 75 73 72 87 30 1 
63 14 26 13 70 19 81 79 21 38 48 34 9 12 52 83 49 76 54 68 41 33 55 56 58 18 45 10 2 23 35 86 3 59 17 32 0 40 27 15 28 60 80 53 44 84 20 39 36 78 74 67 1 30 25 43 46 7 69 57 88 51 71 11 77 89 6 42 24 8 64 50 87 29 72 73 75 47 37 31 62 82 66 4 5 16 85 65 22 61 
31 20 53 80 60 28 59 17 3 86 35 23 45 32 40 0 71 51 50 64 27 15 30 1 74 67 87 39 44 84 37 47 36 72 73 29 75 78 46 7 69 43 25 57 88 77 11 89 6 42 8 24 2 10 76 54 68 33 41 58 18 56 55 38 48 52 83 81 79 66 21 49 19 22 5 4 12 9 34 16 85 65 61 63 82 14 26 13 70 62 
34 9 4 52 83 21 49 48 38 58 56 18 55 76 54 33 68 41 10 2 23 86 3 59 17 28 60 80 53 44 7 46 67 1 30 15 25 43 69 57 88 50 64 27 40 0 71 11 51 77 89 6 42 24 8 45 32 35 79 66 81 82 22 61 63 14 84 39 78 74 36 37 73 72 75 29 87 20 47 31 62 13 26 70 85 16 65 5 12 19 
7 46 69 43 25 64 27 3 54 68 33 55 56 18 58 38 34 9 48 21 49 83 52 81 79 66 80 53 37 47 20 84 44 60 28 59 17 40 32 86 23 35 76 45 42 0 71 51 50 88 57 11 77 89 6 8 24 2 10 41 82 61 22 19 4 12 5 16 85 65 70 13 26 14 63 36 78 74 67 1 30 15 39 31 62 87 72 73 75 29 
70 13 26 14 63 53 80 60 28 3 86 23 35 54 76 49 21 34 56 18 58 38 48 52 83 79 81 19 4 12 22 65 85 16 5 9 55 68 33 41 10 2 45 24 8 42 40 64 50 51 71 0 27 15 1 30 39 78 74 67 36 47 37 31 62 61 84 44 20 72 73 75 29 87 46 7 69 43 25 57 88 11 77 89 6 59 17 32 66 82 
38 21 49 83 52 48 34 58 18 56 55 68 33 41 76 54 35 23 86 3 59 28 60 80 53 44 84 20 37 47 36 78 74 67 87 73 72 29 75 30 1 46 7 69 43 25 57 88 50 51 11 71 77 89 6 40 45 32 42 0 27 64 15 39 2 10 24 8 17 66 79 81 4 12 5 19 22 61 82 62 31 14 63 26 13 70 65 85 16 9 
47 37 31 62 13 26 80 53 44 84 20 36 78 74 67 87 72 73 75 29 39 60 28 59 17 3 86 35 76 33 23 45 32 40 27 64 25 43 69 46 7 1 30 15 57 11 88 50 51 77 89 6 71 0 42 8 24 2 10 41 54 68 55 56 18 58 34 48 21 38 49 83 52 81 79 82 63 14 16 65 85 70 22 19 4 12 9 5 61 66 
35 3 86 76 54 33 68 55 56 18 58 38 21 49 83 52 12 4 9 34 48 81 79 82 19 26 13 62 14 63 61 22 5 16 85 65 70 47 37 31 20 84 44 53 80 60 28 59 15 64 51 50 88 57 69 46 7 39 36 78 67 87 29 72 73 75 74 1 30 43 25 27 32 40 42 0 71 11 77 89 6 24 8 2 10 23 45 17 66 41 
25 69 30 1 39 78 36 84 44 80 53 63 61 22 79 83 81 52 48 58 56 18 55 76 54 33 68 41 10 2 23 35 3 86 45 24 8 42 0 71 51 50 64 27 40 32 17 59 66 82 19 20 14 26 62 13 70 65 85 16 5 4 12 9 34 38 21 49 28 60 15 74 67 87 7 46 29 72 73 75 37 31 47 43 57 88 11 77 89 6 
44 53 80 60 28 59 17 3 35 76 54 55 56 58 38 21 49 83 52 4 19 22 61 70 13 26 62 31 37 47 20 36 78 74 67 1 30 15 27 64 50 88 11 77 89 6 24 8 42 40 0 71 51 57 25 43 69 46 7 29 72 75 73 87 39 84 82 63 14 65 85 16 5 12 9 34 48 81 79 66 33 68 23 86 32 45 10 41 18 2 
67 74 1 30 15 17 59 28 60 44 53 80 84 39 47 20 36 78 72 73 75 29 87 46 7 43 25 64 27 40 0 51 71 77 11 89 6 42 8 24 10 2 45 32 23 86 3 35 76 54 21 49 66 79 81 52 83 48 9 34 38 58 18 56 55 68 33 41 50 88 57 69 62 13 26 14 63 82 19 4 12 5 22 61 16 85 65 70 31 37 
26 13 62 14 63 67 87 75 73 72 29 7 46 69 43 25 57 88 71 11 77 89 6 42 0 51 50 64 27 40 45 86 3 35 23 2 10 8 24 17 59 15 28 60 80 53 44 84 20 37 47 31 36 78 74 1 30 39 32 54 68 33 41 55 56 18 58 38 21 49 83 52 48 9 34 12 4 5 65 85 16 70 61 22 81 79 66 76 19 82 
83 49 21 38 34 48 9 12 4 19 81 79 82 52 5 85 65 16 70 13 14 63 22 61 26 62 31 37 20 84 67 74 1 30 15 27 87 29 75 73 72 47 36 78 39 60 80 53 44 28 59 17 3 86 35 23 45 2 10 41 68 55 54 33 76 56 18 58 66 32 40 0 71 51 50 64 25 43 69 46 7 57 88 11 77 89 6 8 24 42 
74 67 87 72 73 75 29 60 28 59 17 15 30 1 39 78 36 47 37 20 31 62 13 26 14 63 84 44 53 80 66 81 19 4 12 22 61 70 65 85 16 82 79 83 49 21 38 58 34 48 52 9 5 18 56 55 68 33 54 76 23 35 86 3 32 45 42 6 89 71 11 77 50 64 25 43 46 7 69 57 88 51 27 40 0 8 24 10 41 2 
66 79 82 80 60 28 59 17 86 45 23 33 68 54 76 35 3 2 10 41 34 38 21 49 83 52 81 19 22 61 4 12 9 48 56 18 58 55 5 16 85 65 70 13 26 62 31 37 47 20 84 72 73 75 29 46 7 69 57 25 43 64 50 51 71 77 89 6 11 88 0 40 27 42 8 24 32 15 30 1 67 74 78 39 36 87 53 44 63 14 
77 11 89 6 64 27 40 0 71 51 50 88 57 7 46 69 87 72 73 75 29 36 78 74 67 1 30 15 17 59 32 28 80 60 44 84 20 47 37 31 62 13 26 14 63 22 61 19 82 81 79 66 3 35 23 86 45 2 42 8 24 10 41 33 68 18 56 55 76 54 38 58 34 9 48 52 21 49 83 4 12 5 65 16 85 70 53 39 25 43 
87 67 74 78 39 84 20 47 37 31 62 26 13 14 63 19 4 12 52 83 79 66 80 44 53 60 28 59 17 32 45 40 0 71 51 88 50 64 27 15 1 30 72 73 75 29 46 7 69 43 25 57 11 77 89 6 42 24 8 10 2 86 3 35 23 54 76 68 33 41 34 38 58 18 56 55 21 49 9 48 82 81 22 61 70 65 85 16 5 36 
22 61 19 85 16 65 70 13 26 62 14 63 53 80 44 84 20 37 31 47 74 67 1 30 28 60 39 78 36 72 73 75 29 87 46 7 69 43 25 15 59 17 32 23 45 42 0 40 71 11 77 89 6 57 88 50 51 64 27 86 3 35 76 54 33 68 55 56 18 58 38 21 49 48 34 9 52 83 79 81 82 4 12 5 66 41 24 8 10 2 
88 57 46 7 69 43 25 50 51 11 77 89 6 71 0 40 27 15 30 1 74 78 39 44 84 20 47 37 31 62 13 26 53 80 82 19 22 61 63 81 79 52 83 48 49 21 38 58 34 56 18 55 68 33 54 76 3 86 35 23 2 10 41 45 24 8 42 32 17 59 28 60 66 12 4 5 9 65 85 16 70 14 36 67 72 87 29 73 75 64 
83 49 21 48 9 34 58 56 18 38 80 60 28 17 15 30 1 67 87 29 75 73 72 69 7 46 43 25 64 50 51 11 77 89 6 71 0 40 32 45 23 86 3 35 76 54 33 68 55 41 10 2 24 8 42 88 57 74 78 36 37 20 84 14 63 26 61 19 22 5 12 4 52 79 81 53 44 39 47 31 62 13 70 85 16 65 82 66 27 59 
16 85 65 70 61 19 82 63 14 26 13 62 31 37 47 36 78 74 67 50 88 51 64 27 32 17 59 28 60 80 53 44 84 20 39 3 86 23 41 10 2 24 8 0 71 11 77 89 6 7 87 72 73 75 29 1 30 25 43 57 69 46 15 40 42 45 35 76 54 33 68 55 56 18 38 48 52 83 81 79 66 49 21 34 58 9 12 4 5 22 
68 33 54 76 35 86 3 23 2 10 41 55 38 58 34 9 12 4 5 22 61 14 63 26 70 85 65 16 13 62 31 37 47 78 74 67 87 72 73 75 29 46 7 69 57 88 51 50 43 25 1 30 64 27 15 60 80 53 44 84 20 36 39 59 17 32 45 42 0 11 77 89 6 40 71 24 8 28 66 79 49 21 48 83 81 19 82 52 18 56 
74 1 30 71 0 50 51 88 57 43 25 64 27 40 45 32 42 8 24 2 10 41 18 56 58 34 48 38 49 21 52 83 79 81 22 61 13 26 14 63 53 80 44 60 28 15 59 17 3 35 23 86 68 33 76 54 55 66 82 19 4 5 9 12 65 85 16 70 62 31 37 47 20 84 39 78 36 67 87 72 73 29 75 7 46 69 11 77 6 89 
28 60 80 53 20 84 36 1 30 6 89 71 77 11 51 88 50 64 27 15 86 23 35 83 52 12 4 19 81 79 66 49 21 76 3 45 32 17 59 82 14 26 13 31 37 47 78 74 67 87 72 73 75 29 7 46 69 57 43 25 40 42 0 8 24 2 10 41 68 33 54 55 56 18 58 38 34 48 9 5 22 61 65 85 16 70 62 63 44 39 
12 4 5 65 16 85 22 61 19 81 52 48 38 49 83 79 66 53 80 60 44 84 20 37 31 62 26 13 70 14 63 82 28 59 17 32 45 86 35 3 23 2 10 24 8 0 71 11 77 89 6 42 40 27 64 50 51 88 57 25 43 69 7 46 67 74 78 36 47 72 29 73 75 87 1 30 15 39 54 76 68 33 58 34 9 21 56 18 55 41 
40 27 64 50 51 88 57 43 25 30 74 67 87 29 73 75 72 47 37 31 20 84 44 53 80 60 28 59 17 15 77 11 71 0 42 6 89 10 2 23 86 3 35 54 76 55 68 33 41 56 18 58 38 49 21 34 48 52 83 79 82 66 81 19 4 12 9 61 22 5 16 85 65 70 63 62 13 26 14 39 1 78 36 46 7 69 45 32 8 24 
49 21 38 58 56 18 55 68 54 76 35 3 86 23 45 32 0 27 67 74 78 36 47 37 84 20 31 62 26 13 70 61 22 4 12 19 82 79 66 59 17 28 60 80 53 44 87 72 73 75 29 25 43 69 7 46 57 88 51 50 64 40 71 77 11 89 6 24 8 33 41 10 2 42 15 30 1 39 63 14 65 85 16 5 48 34 9 52 83 81 
38 58 34 56 18 55 68 33 45 23 86 35 3 17 32 40 27 25 43 46 7 69 1 30 15 64 50 51 88 57 77 11 71 0 42 6 89 8 24 2 10 41 54 76 49 21 48 9 52 4 12 19 81 79 83 66 44 53 80 60 28 59 82 63 14 26 61 22 5 16 85 65 70 13 62 31 47 36 78 74 67 87 29 75 73 72 37 20 84 39 
48 34 9 52 83 21 49 4 12 5 81 19 22 61 63 14 31 37 47 36 78 39 44 60 28 66 59 17 3 86 23 35 45 32 27 15 30 1 46 7 69 25 43 74 67 87 72 73 75 29 20 84 53 80 82 79 54 76 55 68 33 41 10 2 8 24 42 0 71 51 11 77 89 6 40 64 50 88 57 62 26 13 70 65 85 16 18 56 58 38 
12 4 81 79 83 21 38 58 48 9 34 56 18 55 41 33 68 54 76 35 45 86 3 17 59 60 80 53 44 39 78 74 67 87 29 75 73 72 47 37 31 63 14 84 20 36 26 13 70 61 22 19 52 49 66 82 28 15 27 64 50 51 88 57 69 46 7 43 25 0 40 42 71 11 77 89 6 8 24 10 2 23 32 30 1 62 65 85 16 5 
51 50 88 11 77 17 86 3 35 76 54 33 23 2 10 45 32 27 40 0 42 24 8 41 68 55 56 18 34 58 38 48 9 12 4 19 81 79 83 21 49 52 22 61 26 14 63 84 20 47 37 31 62 13 70 85 65 16 5 82 80 53 44 74 67 1 30 15 64 25 43 57 69 46 7 87 72 73 75 29 36 78 39 60 66 28 59 89 6 71 
67 74 78 39 44 60 28 1 30 15 59 17 3 86 35 23 45 32 27 64 43 25 50 51 11 77 71 89 6 0 40 42 8 24 2 10 41 33 68 54 76 21 49 83 52 81 82 79 63 14 53 80 84 36 73 72 29 75 37 20 47 31 62 26 13 70 16 85 65 22 61 19 12 4 5 9 34 48 58 38 56 18 55 66 57 88 69 46 7 87 
50 51 64 27 32 3 23 35 8 24 10 2 41 68 54 76 49 21 52 83 79 81 22 61 85 16 65 70 26 13 62 14 63 31 37 36 47 20 84 44 53 80 60 28 59 66 86 17 15 39 78 74 67 46 7 69 43 25 30 1 87 29 72 73 75 82 19 4 12 5 48 38 34 9 58 56 18 55 33 45 42 40 0 88 11 77 71 89 6 57 
87 7 46 69 57 88 50 32 86 3 35 23 33 68 55 56 18 48 52 83 22 4 12 9 34 58 38 21 49 79 66 80 60 28 59 17 15 64 27 1 30 39 74 78 36 20 84 44 53 62 13 26 14 63 82 81 19 61 70 65 16 85 5 76 54 41 10 2 45 8 24 40 0 71 11 77 89 6 42 51 25 43 67 72 73 75 29 47 31 37 
51 88 57 43 25 50 64 27 0 40 32 45 23 86 3 17 59 28 60 80 53 84 66 79 81 83 52 49 21 38 58 34 9 48 19 82 14 26 13 62 31 37 20 47 36 78 74 30 1 67 87 72 73 75 29 46 7 69 71 77 11 89 6 42 8 24 2 10 55 68 54 76 35 33 41 56 18 4 12 5 22 61 70 16 85 65 63 44 39 15 
12 4 5 16 85 65 22 79 82 53 80 60 28 59 17 32 45 3 86 35 76 54 68 33 41 2 10 24 8 27 64 25 43 7 46 69 57 88 50 51 71 77 89 6 11 0 42 40 15 1 67 74 78 36 47 37 20 84 44 39 30 72 73 87 29 75 31 14 62 26 13 70 61 19 81 83 52 48 49 21 38 58 34 9 56 18 55 23 66 63 
47 37 31 14 63 26 13 62 70 65 85 16 61 22 19 81 79 66 35 3 86 23 76 54 55 56 18 58 34 9 52 49 21 38 48 83 53 4 12 5 82 80 60 28 78 36 20 84 44 39 74 67 87 72 73 75 29 7 46 30 1 25 43 57 88 11 51 50 40 64 27 59 17 15 32 45 2 10 41 68 33 24 8 42 0 71 77 6 89 69 
4 12 5 85 16 65 70 13 26 62 14 63 61 22 19 81 79 66 82 80 53 60 28 59 17 32 45 23 35 86 3 1 30 10 2 33 68 55 56 18 58 34 48 9 52 83 49 21 38 76 54 41 15 27 64 25 67 74 78 36 84 20 37 31 47 72 73 75 29 87 46 7 69 43 57 88 50 51 71 11 77 89 6 0 40 42 8 24 39 44 
73 75 29 67 74 78 36 20 31 37 47 72 87 7 46 69 43 25 50 88 57 51 71 0 40 27 64 32 45 2 10 33 68 76 54 35 23 86 3 49 21 56 18 55 38 48 81 79 83 52 12 4 82 60 80 53 44 84 14 63 62 26 13 70 65 85 16 5 22 61 19 9 34 58 41 24 8 42 6 89 77 11 30 15 28 59 17 66 39 1 
84 20 36 47 37 31 62 26 14 63 13 70 22 61 65 85 16 5 4 12 21 52 48 38 58 34 9 49 83 81 19 44 53 80 60 28 59 17 15 27 40 0 71 51 88 50 64 32 86 3 23 33 68 54 76 35 66 79 82 39 30 1 74 67 87 72 73 75 29 7 46 69 43 25 57 11 77 89 6 42 8 24 2 10 41 56 18 55 45 78 
49 21 83 52 81 79 66 82 80 53 44 84 20 37 47 36 78 39 60 28 67 74 1 30 43 69 57 51 50 89 77 11 88 71 0 40 27 25 64 15 17 59 3 86 23 33 68 55 54 35 76 38 56 18 58 34 48 9 12 4 19 22 61 5 16 85 65 70 13 62 26 14 63 31 72 87 73 75 29 7 46 32 45 2 10 24 8 6 42 41 
53 80 44 84 20 37 47 36 78 74 67 87 72 73 75 29 7 46 69 25 43 57 88 50 51 40 32 17 59 28 60 66 39 54 68 49 21 52 83 81 79 82 19 22 61 14 63 26 62 13 70 16 65 85 5 12 4 9 48 38 58 34 18 56 55 76 33 41 10 2 23 35 86 3 45 24 8 42 71 0 11 77 89 6 64 27 15 1 30 31 
49 21 38 58 18 56 55 68 54 33 2 10 41 23 35 86 3 32 45 24 8 42 27 25 57 88 51 11 77 71 89 6 0 40 50 64 15 1 74 78 36 72 73 75 29 87 67 43 46 7 69 30 59 17 28 60 39 44 84 20 47 37 31 62 70 65 85 16 61 22 79 83 52 48 34 9 5 4 12 19 81 82 66 53 80 14 63 26 13 76 
54 76 33 68 55 56 18 58 38 21 49 83 52 48 34 9 5 12 4 19 61 22 82 79 81 66 59 17 15 28 39 78 74 67 87 29 72 73 75 47 37 31 62 26 13 70 85 16 65 14 63 53 80 60 44 84 20 36 1 30 46 7 69 51 50 11 88 57 43 25 64 27 40 0 71 77 89 6 42 41 10 2 23 86 35 3 45 24 8 32 
89 6 0 71 51 11 77 88 50 64 40 27 32 42 8 24 45 86 3 35 59 17 15 28 60 80 53 44 84 1 67 74 78 39 36 20 47 37 31 62 26 13 70 61 19 4 12 52 83 49 21 38 58 56 18 34 9 48 76 54 33 23 2 10 41 55 68 66 79 82 81 5 22 65 85 16 63 14 72 73 75 29 87 7 46 69 43 25 57 30 
47 37 31 62 13 26 80 53 44 84 20 36 78 74 67 87 72 73 75 29 39 60 28 59 17 3 86 35 76 33 23 45 32 40 27 64 25 43 69 46 7 1 30 15 57 11 88 50 51 77 89 6 71 0 42 8 24 2 10 41 54 68 55 56 18 58 34 48 21 38 49 83 52 81 79 82 63 14 16 65 85 70 22 19 4 12 9 5 61 66 
20 84 53 80 60 28 39 78 67 74 1 30 15 17 3 86 35 59 23 33 68 76 54 49 21 48 52 83 79 81 19 4 12 5 22 61 66 82 63 14 44 47 37 36 87 72 73 75 29 46 7 69 57 43 25 64 51 50 88 11 77 89 6 71 0 42 40 27 32 45 10 2 24 8 41 38 58 56 18 55 34 9 16 85 65 70 13 26 62 31 
70 16 85 65 22 61 19 81 79 66 3 35 23 86 45 32 17 59 28 60 80 53 44 84 20 31 62 47 37 36 78 87 72 29 75 73 74 1 67 39 30 88 51 50 64 27 15 43 25 69 46 7 57 11 77 89 6 0 42 40 71 8 24 2 10 41 56 18 58 38 34 9 48 5 12 4 52 83 21 49 76 54 33 68 55 82 63 26 13 14 
46 7 69 57 88 50 64 51 11 77 6 89 71 0 40 27 15 30 1 74 67 36 78 39 20 44 84 53 80 60 28 59 17 3 86 76 54 33 68 55 56 58 18 38 34 9 79 81 83 49 21 48 52 12 4 19 5 22 61 85 16 65 70 13 26 14 63 62 31 37 47 72 73 75 29 87 43 25 42 8 24 45 32 23 35 2 10 41 82 66 
56 18 55 33 68 54 76 49 21 38 58 34 9 48 83 79 81 19 61 22 5 4 12 65 16 85 70 13 26 62 31 37 47 84 20 39 60 44 53 14 63 82 66 59 17 28 15 30 1 78 36 72 73 75 29 87 67 74 46 7 69 43 25 57 51 50 88 64 27 32 45 23 2 10 41 35 86 3 8 24 0 40 42 71 77 11 89 6 80 52 
43 25 88 50 51 71 0 40 27 64 15 1 74 67 87 72 73 75 29 36 78 39 44 20 37 31 47 63 26 13 70 65 16 85 4 52 83 49 21 76 35 23 86 3 66 82 79 81 19 61 22 5 12 9 34 48 38 58 56 18 68 55 54 33 41 10 2 24 42 8 45 32 17 59 60 80 53 84 14 62 28 30 46 7 69 57 11 89 6 77 
76 33 68 55 54 49 21 48 34 38 56 18 58 52 83 81 79 66 82 19 22 61 47 37 20 36 78 74 67 46 7 69 43 25 30 1 39 84 53 80 44 60 28 59 17 15 40 0 71 51 50 64 27 32 45 86 3 35 23 2 10 41 24 8 42 6 89 77 11 57 88 29 87 72 73 75 31 62 26 13 14 63 70 65 85 16 5 4 12 9 
52 83 79 81 9 34 38 21 49 66 80 53 84 20 36 47 37 31 14 62 26 13 70 85 16 65 5 4 19 82 22 61 63 75 73 72 30 15 64 51 50 88 11 77 6 89 71 0 42 40 27 32 17 59 28 60 44 39 78 74 67 87 29 7 46 25 43 1 69 57 86 3 35 23 45 8 24 2 10 41 33 68 76 54 55 56 18 58 48 12 
22 19 81 83 52 48 38 21 49 79 66 60 80 53 44 84 20 47 78 74 67 87 72 73 75 29 7 46 69 57 88 51 11 77 89 6 24 8 42 40 0 71 43 25 64 50 30 1 39 36 82 63 14 31 37 26 13 62 70 85 16 65 61 5 4 12 9 34 58 18 56 55 68 33 54 76 35 3 86 45 2 10 41 23 32 17 59 28 15 27 
66 79 83 38 34 58 56 18 21 49 81 82 53 80 60 44 84 20 39 74 67 15 27 64 50 51 71 0 42 6 89 77 11 88 57 69 7 46 43 25 40 32 17 59 28 30 1 78 87 29 72 73 75 36 37 47 31 62 26 13 70 14 63 3 86 45 24 8 41 33 68 55 54 76 35 23 2 10 48 9 52 12 4 5 65 85 16 22 19 61 
66 30 72 73 47 36 78 74 67 87 29 75 31 37 20 84 44 53 80 60 28 59 50 88 51 11 71 77 89 6 0 40 15 86 3 35 23 45 2 42 8 24 10 41 68 55 54 33 49 21 38 58 56 18 34 9 48 52 12 4 19 22 61 63 14 62 26 13 70 85 16 65 5 82 79 81 83 76 17 32 27 64 25 43 57 69 7 46 1 39 
61 22 19 81 79 66 80 60 28 59 17 32 86 3 35 23 2 10 41 33 68 54 76 55 18 56 58 34 9 48 21 49 38 83 52 12 4 5 65 85 16 70 13 26 63 14 20 84 53 44 36 47 37 31 62 82 27 64 88 50 51 0 40 45 42 24 8 6 89 77 11 71 43 57 69 7 46 67 74 1 30 15 25 87 29 75 73 72 78 39 
56 18 48 34 58 38 49 21 83 52 81 79 66 60 80 28 59 17 32 40 15 30 1 74 67 78 39 44 84 20 36 47 37 31 62 26 13 70 16 85 65 61 22 19 4 12 9 5 82 53 63 14 75 73 72 29 87 46 7 69 43 25 50 51 11 71 77 88 57 64 27 45 86 3 35 23 54 68 55 76 33 10 2 24 8 42 0 89 6 41 
41 33 68 55 56 18 58 34 9 48 38 21 49 83 79 81 52 66 28 59 17 3 86 35 45 23 2 10 24 8 89 6 77 11 50 51 88 57 69 46 7 43 25 64 30 1 74 67 29 75 73 72 87 39 78 36 47 37 20 84 44 53 80 60 82 19 22 61 85 16 65 12 4 5 70 13 26 14 63 62 31 15 27 40 32 71 0 42 76 54 
3 86 35 23 45 40 0 42 8 24 2 10 41 68 54 76 49 83 52 21 38 58 56 18 79 66 82 19 81 4 12 22 61 13 26 63 84 20 31 37 47 36 78 74 67 1 30 15 17 59 28 60 80 53 44 39 72 73 75 29 87 46 7 25 43 69 64 50 88 11 77 89 6 71 51 57 27 32 33 55 34 48 9 5 65 85 16 70 14 62 
26 62 14 63 53 80 60 39 44 84 20 37 47 36 78 74 67 87 72 73 75 29 1 30 15 27 64 50 51 88 57 69 46 7 43 25 11 77 89 6 71 0 3 35 86 23 2 10 24 8 42 40 28 59 17 32 45 33 68 55 56 18 58 38 48 12 4 81 19 22 61 82 83 52 9 34 21 49 76 54 41 79 66 5 85 16 65 70 13 31 
0 40 27 64 50 88 51 11 71 77 89 6 32 17 59 3 86 23 35 76 54 33 68 55 18 56 58 48 52 81 83 49 21 38 34 9 12 4 19 22 61 5 16 85 65 70 63 53 39 60 80 44 84 20 37 47 36 74 67 78 72 73 75 29 87 46 7 1 30 15 28 66 79 82 14 26 13 62 31 43 25 57 69 8 24 2 10 41 45 42 
62 13 26 63 14 44 53 80 60 28 17 59 79 82 35 23 45 32 40 27 64 25 43 57 88 51 50 71 6 89 77 11 0 42 86 3 76 54 55 68 33 41 10 2 24 8 15 39 36 78 74 1 30 67 87 29 46 7 69 72 73 75 47 37 31 20 84 52 83 81 66 49 21 38 58 56 18 34 48 9 12 5 4 19 22 61 65 16 85 70 
16 85 65 62 26 13 63 14 31 37 47 36 20 84 80 53 60 28 59 17 32 15 30 1 74 67 87 73 72 29 75 46 7 69 43 25 27 64 40 0 71 50 51 88 57 11 77 89 6 42 8 24 68 54 38 48 52 12 4 81 79 83 49 21 76 35 23 86 3 45 2 10 41 33 55 56 18 58 34 9 5 19 82 66 44 39 78 61 22 70 
14 63 26 13 70 65 85 16 22 61 60 80 53 44 84 20 47 37 31 62 82 79 81 83 21 49 66 59 28 3 86 35 33 54 76 55 48 52 12 4 19 5 9 34 38 58 18 56 68 41 10 2 23 45 32 17 15 27 40 64 50 11 77 89 6 71 0 42 8 24 25 43 57 88 51 69 7 46 67 74 1 30 39 78 36 87 72 73 29 75 
55 68 54 35 3 86 17 59 39 78 74 67 1 44 80 60 28 27 50 51 88 43 7 46 69 57 25 64 40 32 45 2 10 23 33 76 49 21 38 56 18 58 34 9 12 4 81 79 83 52 19 22 61 5 16 85 65 70 62 13 26 14 63 82 66 53 84 20 37 31 47 36 72 73 75 29 87 30 15 71 89 6 11 77 0 42 8 24 41 48 
70 16 85 65 22 61 19 81 79 66 3 35 23 86 45 32 17 59 28 60 80 53 44 84 20 31 62 47 37 36 78 87 72 29 75 73 74 1 67 39 30 88 51 50 64 27 15 43 25 69 46 7 57 11 77 89 6 0 42 40 71 8 24 2 10 41 56 18 58 38 34 9 48 5 12 4 52 83 21 49 76 54 33 68 55 82 63 26 13 14 
41 68 55 56 18 34 58 38 21 49 83 81 4 5 22 61 85 16 65 70 13 62 63 26 14 31 37 47 20 84 44 53 80 60 17 28 59 66 79 82 19 12 52 48 9 33 54 76 35 86 3 23 45 2 24 8 42 0 71 51 88 50 64 27 15 43 25 67 74 1 30 78 36 39 29 87 72 73 75 7 46 69 57 11 77 89 6 40 32 10 
33 68 76 56 18 55 54 41 10 2 23 35 86 3 17 59 28 60 80 53 44 84 20 39 1 30 43 25 64 50 51 88 71 0 40 27 32 45 82 81 79 19 4 12 22 61 63 26 13 70 65 85 16 5 9 48 34 58 38 49 21 83 52 14 62 31 37 47 36 78 74 67 87 72 73 75 29 7 46 57 69 11 77 89 6 42 24 8 15 66 
45 35 3 86 23 76 54 5 4 12 48 21 49 66 79 83 52 9 34 38 58 56 18 55 68 33 41 10 2 32 27 64 50 51 11 88 57 43 69 46 7 67 87 47 37 31 20 84 44 53 80 60 28 59 17 15 30 1 39 78 74 36 72 73 29 75 14 63 82 19 22 61 65 16 85 70 13 26 62 81 25 40 0 71 77 89 6 42 8 24 
35 3 86 2 24 8 42 0 40 27 64 50 88 11 77 89 6 71 51 57 69 46 7 1 30 15 59 66 81 52 83 49 21 38 58 34 48 9 12 4 19 5 22 61 16 85 65 70 26 13 62 31 37 47 36 78 73 72 87 29 75 67 74 25 43 28 60 80 53 44 39 20 84 14 63 82 79 76 54 68 33 23 32 45 17 56 18 55 41 10 
82 79 81 83 52 48 49 21 54 76 35 3 86 28 59 17 42 0 50 51 88 11 71 77 89 6 27 64 25 43 57 69 7 46 67 74 78 36 87 72 29 73 75 47 20 31 37 84 44 80 53 14 63 26 13 62 70 16 85 65 61 22 19 4 12 5 9 18 56 55 68 33 41 10 2 24 8 45 32 40 15 30 1 39 60 66 23 58 38 34 
30 43 25 69 57 88 50 51 71 77 11 0 40 64 27 15 17 59 28 60 44 39 78 36 74 1 67 87 72 73 75 29 20 31 37 47 84 53 80 66 79 81 82 22 19 4 12 26 13 62 14 63 61 70 65 16 85 5 52 83 49 21 9 48 34 38 58 18 56 55 68 33 23 35 86 3 45 32 76 54 41 2 10 24 8 42 89 6 7 46 
30 43 25 69 57 88 50 51 71 77 11 0 40 64 27 15 17 59 28 60 44 39 78 36 74 1 67 87 72 73 75 29 20 31 37 47 84 53 80 66 79 81 82 22 19 4 12 26 13 62 14 63 61 70 65 16 85 5 52 83 49 21 9 48 34 38 58 18 56 55 68 33 23 35 86 3 45 32 76 54 41 2 10 24 8 42 89 6 7 46 
26 13 62 14 63 67 87 75 73 72 29 7 46 69 43 25 57 88 71 11 77 89 6 42 0 51 50 64 27 40 45 86 3 35 23 2 10 8 24 17 59 15 28 60 80 53 44 84 20 37 47 31 36 78 74 1 30 39 32 54 68 33 41 55 56 18 58 38 21 49 83 52 48 9 34 12 4 5 65 85 16 70 61 22 81 79 66 76 19 82 
86 3 35 76 54 33 41 68 55 18 56 58 34 21 83 52 79 81 66 59 28 60 80 53 44 84 14 39 74 67 1 30 15 42 0 71 77 11 51 50 64 27 40 32 45 23 2 10 24 8 6 89 88 57 69 43 25 7 46 87 29 75 73 72 47 37 20 36 78 31 63 26 13 62 82 70 85 16 65 12 4 22 61 19 5 9 48 38 49 17 
66 79 81 19 61 22 4 5 12 83 49 21 38 48 34 18 58 56 55 41 54 68 33 23 86 35 76 45 2 10 24 8 42 40 27 15 59 17 3 32 0 71 11 77 89 6 51 50 88 57 64 25 43 69 7 46 67 74 1 30 28 60 53 80 44 84 20 36 78 39 72 87 73 75 29 47 37 31 63 14 26 13 62 70 65 16 85 9 52 82 
66 79 81 19 61 22 4 5 12 83 49 21 38 48 34 18 58 56 55 41 54 68 33 23 86 35 76 45 2 10 24 8 42 40 27 15 59 17 3 32 0 71 11 77 89 6 51 50 88 57 64 25 43 69 7 46 67 74 1 30 28 60 53 80 44 84 20 36 78 39 72 87 73 75 29 47 37 31 63 14 26 13 62 70 65 16 85 9 52 82 
76 35 86 3 45 23 54 33 68 55 18 56 34 48 21 49 83 52 81 79 82 4 12 5 22 61 19 66 80 44 20 47 37 84 53 63 14 26 13 62 31 36 74 78 72 73 75 29 87 67 1 30 15 27 64 50 51 11 77 0 40 32 17 59 28 60 39 46 7 69 43 25 57 88 89 6 71 42 24 8 2 10 41 58 38 9 65 16 85 70 
50 25 43 64 27 40 32 17 59 28 60 80 63 26 13 62 31 37 47 36 78 74 67 87 29 72 73 75 46 7 69 57 88 51 71 11 77 89 6 42 8 24 45 86 35 3 15 30 1 39 44 53 84 20 66 61 22 4 9 34 38 58 56 18 55 68 76 54 33 41 10 2 23 49 21 48 52 81 83 79 82 19 12 5 85 16 65 70 14 0 
20 84 44 53 80 60 28 15 30 1 67 74 78 39 51 88 11 77 89 6 71 0 27 50 64 25 43 69 46 7 87 29 75 73 72 36 47 37 31 62 13 26 14 63 61 22 19 81 21 38 48 9 34 58 56 18 55 68 33 54 76 83 79 66 35 3 86 32 40 42 24 8 45 23 2 10 41 82 70 65 16 85 5 12 4 52 49 59 17 57 
75 73 29 87 67 74 1 30 59 17 3 86 35 76 56 18 38 58 34 9 48 21 49 81 79 66 39 44 84 20 36 78 47 37 31 62 13 26 14 80 53 60 28 15 25 43 69 46 7 57 88 11 77 71 0 40 32 45 23 2 10 41 68 33 54 55 83 52 12 5 4 19 22 65 16 85 70 61 63 82 42 8 24 6 89 51 50 64 27 72 
45 86 3 35 23 10 2 41 33 68 55 56 18 58 38 34 9 12 22 19 61 85 16 65 70 13 26 62 31 37 47 20 36 78 74 67 87 29 72 73 75 69 57 88 50 51 11 77 89 6 71 64 27 15 30 1 43 25 46 7 39 84 44 80 60 82 66 79 81 83 52 48 21 49 76 54 4 5 53 63 14 17 59 28 32 40 42 24 8 0 
16 85 65 62 26 13 63 14 31 37 47 36 20 84 80 53 60 28 59 17 32 15 30 1 74 67 87 73 72 29 75 46 7 69 43 25 27 64 40 0 71 50 51 88 57 11 77 89 6 42 8 24 68 54 38 48 52 12 4 81 79 83 49 21 76 35 23 86 3 45 2 10 41 33 55 56 18 58 34 9 5 19 82 66 44 39 78 61 22 70 
45 3 86 35 23 32 2 10 68 33 54 76 79 81 22 19 82 66 59 17 28 44 60 80 53 84 20 37 47 31 62 13 26 14 63 61 70 85 16 65 5 12 4 21 38 58 34 52 83 49 48 9 18 56 55 41 24 8 42 0 40 27 15 30 1 74 67 78 39 36 72 87 57 88 11 77 89 6 71 51 50 64 25 43 69 46 7 29 75 73 
74 67 87 72 73 75 29 60 28 59 17 15 30 1 39 78 36 47 37 20 31 62 13 26 14 63 84 44 53 80 66 81 19 4 12 22 61 70 65 85 16 82 79 83 49 21 38 58 34 48 52 9 5 18 56 55 68 33 54 76 23 35 86 3 32 45 42 6 89 71 11 77 50 64 25 43 46 7 69 57 88 51 27 40 0 8 24 10 41 2 
40 64 27 59 17 15 30 1 74 67 87 78 39 44 80 53 62 31 47 37 84 20 36 7 69 43 25 50 51 11 71 77 0 42 24 8 32 45 86 3 35 54 76 33 23 2 10 41 68 55 56 18 58 34 38 21 49 83 81 79 82 66 60 28 14 26 13 70 65 85 16 5 4 12 52 48 9 22 61 19 63 73 75 72 29 46 57 88 89 6 
55 56 18 38 58 34 48 21 49 83 52 81 79 82 4 19 22 61 63 14 26 13 62 31 37 47 20 84 53 80 60 28 74 1 67 87 72 73 75 29 7 46 69 57 88 50 51 11 6 89 77 71 0 42 64 27 40 8 24 2 10 23 86 3 35 76 54 68 33 41 32 45 25 43 30 15 78 36 39 66 59 17 44 70 65 85 16 5 12 9 
17 32 45 23 86 3 35 76 54 33 68 55 21 49 83 52 12 4 19 22 61 79 81 14 26 62 13 70 16 65 85 5 9 48 38 58 34 56 18 41 10 2 24 8 42 0 40 27 64 50 51 11 77 89 6 71 88 57 43 25 74 67 87 29 72 73 75 37 31 47 20 84 44 53 80 60 28 30 1 78 39 36 7 46 69 15 59 66 82 63 
62 13 26 63 14 31 20 78 39 53 82 79 81 19 22 61 4 12 5 52 83 49 21 48 38 58 34 9 55 56 18 54 76 35 3 86 23 2 33 68 41 10 24 8 40 0 42 32 45 17 59 28 60 80 66 44 84 37 47 72 87 67 74 1 30 15 69 46 7 57 88 50 51 11 77 89 6 71 27 64 25 43 29 75 73 36 70 65 85 16 
82 19 81 79 83 52 48 49 21 38 58 56 18 76 54 33 68 55 41 10 2 45 23 35 3 86 28 60 80 66 59 17 15 30 1 74 67 39 78 36 47 37 31 20 84 44 53 29 87 72 73 75 7 46 88 50 51 11 71 77 89 6 42 8 24 0 40 27 64 57 69 43 25 32 63 14 62 13 26 70 65 85 16 61 22 5 4 12 9 34 
3 86 35 76 54 55 56 18 10 2 45 23 24 8 40 0 42 51 27 64 50 88 11 77 71 6 89 32 17 59 28 60 80 53 44 84 20 37 47 36 78 67 74 1 30 39 15 25 43 57 69 46 7 87 29 75 73 72 31 62 13 26 14 63 61 22 19 81 52 4 12 5 16 85 65 70 83 49 21 38 58 34 48 9 79 66 82 33 68 41 
47 39 67 78 87 72 29 75 73 36 20 31 14 63 26 13 62 70 65 85 16 5 48 34 58 38 21 49 83 66 82 79 81 19 22 61 4 12 9 52 18 56 55 54 76 86 3 35 23 2 10 41 33 68 1 74 46 7 69 50 51 71 0 42 45 40 27 15 30 43 25 64 57 88 77 11 89 6 24 8 32 17 59 28 60 80 53 44 84 37 
42 0 40 64 15 27 17 59 3 45 24 8 33 54 76 35 86 23 2 10 41 68 55 56 18 21 48 38 58 34 9 12 52 83 49 82 19 22 61 14 63 13 26 62 31 37 47 20 84 53 80 60 28 66 79 81 4 5 65 16 85 70 44 39 30 1 67 74 36 87 72 73 29 75 78 25 43 57 69 46 7 88 50 51 71 77 11 89 6 32 
30 1 74 78 36 47 37 20 44 39 72 73 75 29 67 87 7 46 69 57 43 25 64 27 40 0 71 51 50 88 11 77 89 6 24 8 42 45 23 86 35 76 54 68 33 41 10 2 55 56 18 58 34 9 4 19 79 83 52 81 48 38 21 49 82 66 28 60 80 53 84 14 63 13 26 22 61 12 5 65 16 85 70 62 31 15 17 59 3 32 
41 68 55 56 18 34 58 38 21 49 83 81 4 5 22 61 85 16 65 70 13 62 63 26 14 31 37 47 20 84 44 53 80 60 17 28 59 66 79 82 19 12 52 48 9 33 54 76 35 86 3 23 45 2 24 8 42 0 71 51 88 50 64 27 15 43 25 67 74 1 30 78 36 39 29 87 72 73 75 7 46 69 57 11 77 89 6 40 32 10 
