4 22 0 31 27 11 32 10 14 25 33 34 28 2 1 13 29 12 15 23 6 19 8 24 7 16 18 21 20 26 30 3 17 5 9 
11 3 30 8 12 1 23 16 26 21 2 13 25 29 7 20 19 4 9 18 5 32 10 27 24 6 14 34 28 15 17 33 22 31 0 
25 33 13 23 27 10 7 21 19 30 5 32 11 2 6 17 3 31 29 14 22 9 24 28 4 0 26 20 16 18 1 15 12 8 34 
19 21 6 13 28 29 12 15 20 18 27 16 26 7 22 4 32 9 3 30 23 33 1 0 17 11 25 14 31 2 34 5 8 10 24 
2 33 3 30 31 4 8 20 18 26 23 28 14 5 6 21 17 27 32 24 7 9 16 22 10 11 19 15 12 13 25 0 34 1 29 
2 33 3 30 31 4 8 20 18 26 23 28 14 5 6 21 17 27 32 24 7 9 16 22 10 11 19 15 12 13 25 0 34 1 29 
4 22 2 1 34 33 25 30 11 13 32 23 16 19 17 14 9 31 7 3 29 26 21 12 6 28 27 5 18 24 20 8 15 10 0 
27 9 0 4 33 31 34 32 24 10 16 5 17 18 11 13 7 6 21 8 28 30 20 12 1 25 15 19 29 22 14 26 2 23 3 
8 6 4 33 27 32 34 25 1 28 22 30 18 7 2 29 23 16 12 26 24 15 19 21 10 20 3 17 5 14 13 11 9 0 31 
25 21 7 32 10 29 19 31 23 30 0 16 20 9 5 8 15 2 11 28 24 27 26 3 18 14 4 22 17 6 1 13 33 34 12 
18 0 22 31 19 9 5 6 24 20 17 30 33 32 15 12 23 13 1 27 16 8 3 26 29 28 34 11 14 7 21 2 25 4 10 
18 0 22 31 19 9 5 6 24 20 17 30 33 32 15 12 23 13 1 27 16 8 3 26 29 28 34 11 14 7 21 2 25 4 10 
23 7 5 28 11 27 25 12 18 9 26 24 8 6 2 22 0 14 17 21 20 30 19 15 16 10 31 3 13 34 32 4 33 29 1 
30 14 28 8 27 0 18 20 19 7 13 1 33 25 15 2 29 11 31 17 3 6 21 4 22 5 26 9 16 10 12 23 24 32 34 
15 29 28 33 25 0 5 26 24 30 23 8 20 21 19 13 17 18 16 32 1 12 22 10 9 2 7 31 4 3 6 27 11 14 34 
17 26 23 11 14 7 19 3 5 16 2 30 8 21 20 13 1 29 22 28 18 9 33 25 0 31 15 12 24 6 27 34 10 32 4 
17 26 23 11 14 7 19 3 5 16 2 30 8 21 20 13 1 29 22 28 18 9 33 25 0 31 15 12 24 6 27 34 10 32 4 
17 5 10 13 0 32 1 6 28 34 24 7 29 16 8 15 11 9 18 26 30 12 33 14 27 23 19 20 21 22 4 31 2 25 3 
17 5 10 13 0 32 1 6 28 34 24 7 29 16 8 15 11 9 18 26 30 12 33 14 27 23 19 20 21 22 4 31 2 25 3 
8 29 12 22 33 9 17 10 11 20 26 30 27 0 14 15 2 18 24 6 21 23 3 28 1 32 34 16 5 13 25 4 31 7 19 
23 5 27 14 4 16 22 11 1 21 6 20 3 8 30 26 15 2 13 32 33 25 9 7 17 18 10 29 19 12 31 24 28 34 0 
1 25 6 14 22 31 9 11 7 20 24 30 28 26 13 29 12 27 15 23 21 17 2 19 10 18 16 8 3 5 4 0 34 32 33 
7 21 2 23 1 4 22 0 28 9 18 31 8 6 26 24 5 11 13 15 12 3 19 30 16 17 20 29 10 27 32 14 34 25 33 
23 1 29 32 7 4 10 13 31 16 12 30 18 8 17 24 3 28 2 27 9 22 33 25 15 11 21 20 6 19 26 5 0 34 14 
33 2 12 20 21 9 13 32 23 7 18 3 31 0 10 30 5 17 6 8 24 29 19 11 1 28 34 15 26 16 25 22 27 4 14 
17 5 33 1 22 9 7 23 6 16 31 2 13 18 20 30 12 27 11 3 21 10 32 4 29 26 19 8 24 14 25 15 28 34 0 
11 5 32 1 34 24 19 30 26 7 15 13 28 29 27 2 14 6 10 3 17 25 16 23 22 4 12 8 21 20 9 18 0 33 31 
11 5 32 1 34 24 19 30 26 7 15 13 28 29 27 2 14 6 10 3 17 25 16 23 22 4 12 8 21 20 9 18 0 33 31 
33 22 4 13 25 32 27 14 16 20 24 5 11 6 31 12 28 7 9 26 30 29 3 10 15 23 17 18 21 19 8 0 2 1 34 
6 24 18 14 13 12 23 17 9 20 16 5 3 30 34 1 15 33 11 29 27 32 0 19 22 4 31 25 28 26 7 8 21 10 2 
29 2 18 17 7 16 4 11 24 0 34 13 15 10 19 8 26 21 5 1 33 25 3 28 23 20 32 6 12 22 31 9 30 14 27 
17 7 24 19 29 8 10 22 4 11 32 1 28 18 16 31 27 25 13 2 15 6 21 3 0 30 20 9 23 12 26 14 33 34 5 
7 6 2 33 0 4 27 19 20 5 25 22 17 8 26 9 31 29 14 32 10 1 12 13 15 16 24 30 3 21 23 28 34 11 18 
32 19 17 3 21 20 31 12 26 18 2 14 1 28 16 10 7 24 5 8 6 30 9 34 23 27 11 15 25 33 13 29 22 4 0 
16 26 20 30 2 1 6 29 28 24 21 27 11 32 23 15 19 22 12 18 3 17 10 14 31 4 9 8 7 5 13 34 25 33 0 
22 32 13 31 10 7 8 1 33 20 17 19 18 23 2 29 24 12 28 27 14 3 5 4 9 26 30 21 6 11 16 15 25 34 0 
33 4 0 24 7 21 6 32 10 13 26 11 12 1 22 31 28 15 9 17 8 30 23 19 2 29 25 27 20 3 18 16 5 14 34 
25 34 2 6 26 7 16 31 29 33 19 8 24 18 15 9 27 10 32 11 12 23 30 13 3 17 20 21 14 28 0 4 22 5 1 
17 32 16 31 14 7 5 22 1 10 11 21 23 8 19 30 29 2 28 27 15 6 20 3 18 26 4 25 13 9 24 12 33 34 0 
25 2 22 0 32 1 29 7 3 15 28 4 10 18 31 5 26 6 11 8 9 17 30 12 34 13 14 16 24 19 20 21 23 27 33 
17 3 33 25 1 9 11 5 7 29 31 13 14 18 20 15 27 26 6 19 21 8 24 23 32 28 12 34 10 2 16 30 4 22 0 
26 17 24 13 4 12 28 6 2 32 30 8 23 1 10 3 14 22 0 31 27 16 29 18 7 9 15 25 33 34 11 19 21 20 5 
31 34 14 16 32 11 20 3 18 25 1 33 15 5 27 19 21 8 30 29 23 6 12 28 7 2 17 26 10 24 4 22 13 9 0 
32 14 22 4 29 13 28 5 3 33 2 18 17 16 30 21 9 24 27 8 26 10 31 0 34 7 12 19 20 1 15 6 11 23 25 
27 6 26 29 7 24 32 8 19 0 22 14 10 21 20 3 28 33 12 18 15 13 1 31 9 5 30 11 34 23 16 17 4 2 25 
27 6 26 29 7 24 32 8 19 0 22 14 10 21 20 3 28 33 12 18 15 13 1 31 9 5 30 11 34 23 16 17 4 2 25 
15 25 12 27 32 0 9 10 1 28 2 3 23 20 26 4 22 5 17 19 6 24 21 7 11 8 13 14 18 16 29 30 31 33 34 
15 25 12 27 32 0 9 10 1 28 2 3 23 20 26 4 22 5 17 19 6 24 21 7 11 8 13 14 18 16 29 30 31 33 34 
28 13 21 14 1 27 23 26 9 32 4 7 20 15 24 22 34 33 25 29 12 11 19 8 30 5 31 16 0 18 10 3 17 6 2 
28 13 21 14 1 27 23 26 9 32 4 7 20 15 24 22 34 33 25 29 12 11 19 8 30 5 31 16 0 18 10 3 17 6 2 
34 0 10 7 20 28 19 8 31 26 18 9 24 32 11 23 12 13 1 15 22 16 21 17 30 6 27 29 33 2 25 5 3 4 14 
3 21 19 23 18 22 4 31 5 15 6 17 7 30 8 14 0 27 10 12 11 29 34 1 26 32 16 24 20 2 28 9 13 25 33 
1 12 7 20 29 25 22 2 0 4 17 15 27 30 26 5 3 19 24 8 16 9 10 32 23 11 6 14 18 31 21 28 13 34 33 
33 27 29 7 3 15 12 23 20 19 4 10 0 28 32 6 18 14 22 16 31 11 5 24 21 9 30 34 25 2 17 26 8 13 1 
10 14 1 28 23 30 16 21 33 31 12 2 29 3 17 8 9 15 26 20 24 6 27 4 5 19 32 7 18 11 0 22 25 34 13 
8 26 3 13 14 4 22 20 5 30 19 6 15 7 28 9 11 10 23 29 12 1 27 17 18 21 24 25 2 32 33 34 0 31 16 
22 7 16 14 4 32 13 1 9 8 12 31 17 26 27 30 19 29 15 28 25 2 11 24 10 23 21 20 3 18 6 5 0 34 33 
29 34 21 19 8 10 24 17 23 1 33 4 0 32 25 31 22 14 30 6 16 3 5 11 28 27 2 13 9 18 26 20 7 15 12 
33 13 27 3 25 26 0 22 14 11 24 16 5 23 8 6 21 20 30 7 18 12 29 34 10 9 4 17 31 32 19 28 15 2 1 
33 13 27 3 25 26 0 22 14 11 24 16 5 23 8 6 21 20 30 7 18 12 29 34 10 9 4 17 31 32 19 28 15 2 1 
5 26 7 17 23 18 3 25 29 4 0 22 11 30 20 28 34 8 15 33 1 13 10 12 21 19 14 32 27 16 2 31 6 24 9 
25 11 18 30 17 5 14 13 6 27 29 16 0 28 20 26 21 8 23 24 9 32 12 34 15 10 19 4 22 33 1 31 7 3 2 
25 11 18 30 17 5 14 13 6 27 29 16 0 28 20 26 21 8 23 24 9 32 12 34 15 10 19 4 22 33 1 31 7 3 2 
34 15 24 16 21 33 23 32 31 22 9 30 1 2 29 28 14 27 25 26 20 19 8 18 3 17 13 12 11 10 7 6 5 4 0 
17 3 24 23 33 8 7 21 5 25 2 19 9 18 16 31 22 28 6 12 15 10 13 1 0 30 26 29 20 11 27 14 32 34 4 
7 27 6 18 13 15 29 0 12 21 25 1 34 10 2 23 19 3 22 4 31 5 9 8 26 16 11 14 17 20 30 24 28 32 33 
24 7 3 1 0 13 10 23 11 34 33 16 26 6 8 19 9 30 18 4 25 14 32 28 15 31 22 5 20 21 29 12 2 27 17 
1 7 8 15 11 9 0 14 2 25 13 22 5 17 29 31 6 3 20 30 21 26 16 4 27 28 10 24 18 12 23 19 32 33 34 
32 14 19 33 13 12 34 22 0 21 29 7 30 26 27 3 24 1 25 28 20 8 6 15 17 5 2 23 16 4 11 18 9 10 31 
32 14 19 33 13 12 34 22 0 21 29 7 30 26 27 3 24 1 25 28 20 8 6 15 17 5 2 23 16 4 11 18 9 10 31 
10 26 0 28 12 18 4 22 1 34 2 15 6 20 8 13 30 21 19 24 3 11 33 29 5 23 7 14 25 27 9 17 16 32 31 
10 26 0 28 12 18 4 22 1 34 2 15 6 20 8 13 30 21 19 24 3 11 33 29 5 23 7 14 25 27 9 17 16 32 31 
7 13 29 14 10 16 5 0 9 3 4 22 1 28 2 25 26 18 30 31 32 6 12 8 21 17 27 23 11 15 24 19 20 33 34 
9 7 6 28 19 12 15 13 18 3 29 16 1 30 20 21 26 5 17 24 25 27 8 32 22 34 10 2 11 23 33 4 0 31 14 
34 14 27 6 5 17 9 8 16 23 4 22 32 7 33 25 28 2 29 13 31 15 10 3 18 19 11 26 30 12 24 20 21 0 1 
34 14 27 6 5 17 9 8 16 23 4 22 32 7 33 25 28 2 29 13 31 15 10 3 18 19 11 26 30 12 24 20 21 0 1 
7 20 1 22 14 9 16 10 27 17 26 30 13 2 12 15 19 3 5 8 24 25 33 28 4 31 6 21 0 18 29 34 23 32 11 
14 25 8 16 5 18 24 19 6 31 28 21 2 12 26 27 7 30 13 33 34 0 22 4 23 11 17 29 1 10 32 15 20 3 9 
14 25 8 16 5 18 24 19 6 31 28 21 2 12 26 27 7 30 13 33 34 0 22 4 23 11 17 29 1 10 32 15 20 3 9 
24 0 13 27 32 28 15 30 10 12 25 1 2 19 6 8 21 3 4 20 23 29 31 5 9 17 7 11 22 14 34 16 18 26 33 
6 27 11 29 10 19 3 8 1 12 24 17 31 18 23 13 28 21 20 25 2 15 16 33 34 22 4 7 32 26 5 14 9 0 30 
1 33 32 0 5 19 16 11 31 4 28 23 6 30 3 26 8 29 27 2 9 20 12 15 25 21 24 7 13 22 14 10 18 17 34 
1 33 32 0 5 19 16 11 31 4 28 23 6 30 3 26 8 29 27 2 9 20 12 15 25 21 24 7 13 22 14 10 18 17 34 
19 28 12 23 30 9 5 6 16 15 27 32 11 1 21 17 3 7 24 13 25 14 33 29 2 34 10 22 26 18 31 4 0 20 8 
19 28 12 23 30 9 5 6 16 15 27 32 11 1 21 17 3 7 24 13 25 14 33 29 2 34 10 22 26 18 31 4 0 20 8 
29 23 16 9 17 22 34 1 32 2 19 3 7 10 4 18 31 14 13 24 11 5 6 8 25 33 28 12 15 20 30 21 26 27 0 
29 23 16 9 17 22 34 1 32 2 19 3 7 10 4 18 31 14 13 24 11 5 6 8 25 33 28 12 15 20 30 21 26 27 0 
14 30 18 27 34 33 1 24 3 21 6 23 17 26 20 12 15 19 25 13 32 10 7 9 16 31 4 2 0 29 28 8 22 11 5 
28 29 12 2 19 21 32 16 18 5 33 25 9 17 0 31 14 10 23 4 7 1 13 22 6 30 26 11 3 8 27 24 15 20 34 
28 29 12 2 19 21 32 16 18 5 33 25 9 17 0 31 14 10 23 4 7 1 13 22 6 30 26 11 3 8 27 24 15 20 34 
5 16 11 15 6 30 9 7 26 20 0 22 14 34 32 10 25 2 31 28 23 13 1 4 33 19 8 24 27 12 3 18 21 29 17 
5 16 11 15 6 30 9 7 26 20 0 22 14 34 32 10 25 2 31 28 23 13 1 4 33 19 8 24 27 12 3 18 21 29 17 
19 17 26 30 22 9 27 23 10 32 11 3 6 20 18 34 25 14 0 24 16 8 29 5 4 33 1 13 28 15 31 21 2 12 7 
30 26 14 28 0 22 5 3 25 11 29 4 17 21 6 18 32 7 19 23 12 8 24 9 13 1 15 16 20 27 2 33 34 10 31 
17 0 25 1 28 4 22 31 11 16 18 12 26 20 30 21 34 13 2 3 7 27 33 23 6 9 32 5 15 14 19 8 29 10 24 
2 20 19 6 11 32 14 12 28 24 9 31 4 13 17 30 3 7 5 16 29 25 15 27 23 26 10 22 8 21 18 1 0 34 33 
9 20 24 3 17 23 19 30 21 25 5 29 12 15 28 34 14 10 2 6 8 26 11 22 0 33 31 13 7 4 32 27 16 18 1 
31 7 26 5 12 1 24 21 17 8 10 20 2 6 19 3 30 28 16 14 4 13 22 9 18 11 27 32 25 15 23 29 33 34 0 
31 7 26 5 12 1 24 21 17 8 10 20 2 6 19 3 30 28 16 14 4 13 22 9 18 11 27 32 25 15 23 29 33 34 0 
20 19 18 5 8 17 31 15 14 25 6 32 2 11 10 9 22 4 3 16 0 34 21 29 27 24 13 28 33 23 1 12 7 30 26 
