51 50 88 25 43 57 69 7 46 74 67 1 30 15 91 40 27 64 42 0 71 11 77 89 6 98 8 24 95 45 94 32 17 59 28 60 80 53 44 39 63 14 26 13 62 31 37 47 20 36 78 87 29 72 73 75 84 22 93 61 92 70 99 65 85 16 52 83 79 81 4 12 96 5 19 82 66 3 86 35 23 2 10 41 97 55 33 68 54 76 49 21 38 58 34 9 48 56 18 90 
51 50 88 25 43 57 69 7 46 74 67 1 30 15 91 40 27 64 42 0 71 11 77 89 6 98 8 24 95 45 94 32 17 59 28 60 80 53 44 39 63 14 26 13 62 31 37 47 20 36 78 87 29 72 73 75 84 22 93 61 92 70 99 65 85 16 52 83 79 81 4 12 96 5 19 82 66 3 86 35 23 2 10 41 97 55 33 68 54 76 49 21 38 58 34 9 48 56 18 90 
51 50 64 27 91 0 42 95 8 24 2 10 23 86 35 54 76 68 33 94 17 59 28 60 80 53 44 84 36 78 74 67 1 30 25 43 46 7 69 57 88 77 98 6 89 71 40 32 45 3 90 66 82 79 81 83 52 48 21 49 38 9 96 12 4 93 22 19 61 92 63 26 13 62 14 20 37 47 73 75 29 72 87 31 70 99 16 85 65 5 34 58 18 56 55 97 41 15 39 11 
54 76 52 83 49 21 38 58 34 18 56 55 68 33 23 35 3 17 59 28 30 1 74 67 46 7 69 43 25 64 50 27 40 0 71 51 88 57 11 77 89 6 98 42 95 24 8 2 10 41 97 94 32 45 86 90 79 81 82 19 4 12 48 9 96 5 93 22 61 92 26 13 14 63 31 62 70 99 65 85 16 60 80 53 44 84 20 37 47 36 78 39 87 29 72 73 75 15 91 66 
36 37 47 78 74 67 1 7 46 69 50 51 71 0 40 27 91 94 86 3 90 66 79 81 83 48 9 38 58 34 21 49 56 18 97 41 55 54 68 33 76 35 23 2 10 24 8 95 42 45 32 17 59 60 28 15 25 43 57 88 11 77 89 6 98 64 30 80 53 44 84 20 31 62 92 63 14 26 13 70 65 85 16 99 61 19 22 93 4 12 5 96 52 82 39 73 72 75 29 87 
93 4 12 96 48 21 49 83 82 92 63 70 99 65 16 85 22 61 81 79 66 90 35 86 3 94 32 15 91 17 59 28 60 80 53 44 84 20 47 39 67 74 78 36 1 30 25 43 88 50 51 11 77 89 98 6 71 0 40 27 64 57 69 46 7 87 29 72 73 75 31 37 62 13 26 14 19 5 9 34 58 38 56 18 55 68 33 41 97 23 45 95 8 24 42 2 10 54 76 52 
80 60 28 59 17 32 94 45 86 3 90 49 21 34 48 38 58 56 18 55 68 33 97 41 10 2 24 8 95 42 40 27 91 39 1 74 67 87 29 75 73 72 36 84 20 47 37 31 62 26 13 99 70 14 92 61 22 93 4 12 52 19 81 83 79 66 82 63 53 44 78 30 15 25 43 57 46 7 69 88 50 51 71 0 64 77 11 89 6 98 35 23 76 54 9 96 5 16 85 65 
68 55 18 58 38 21 49 76 54 33 10 2 23 17 15 30 1 74 78 67 46 7 69 57 43 25 50 51 88 77 11 71 6 98 89 24 8 95 45 86 94 59 28 60 39 44 80 53 20 37 47 36 84 63 14 62 13 26 92 70 85 16 65 99 61 22 93 4 12 9 96 5 19 81 83 52 90 3 35 32 91 27 42 0 40 64 87 29 75 73 72 31 82 79 66 48 34 56 97 41 
76 33 41 97 55 68 56 18 34 58 38 48 52 12 4 93 22 61 19 81 79 83 82 92 63 99 65 85 16 5 96 9 21 49 54 35 3 86 94 17 59 28 80 44 53 37 14 26 62 13 70 31 47 36 74 67 87 46 7 69 57 88 50 51 11 77 89 6 98 71 0 40 91 27 64 25 43 30 1 39 78 29 75 73 72 20 84 60 66 90 23 2 10 95 24 8 42 32 15 45 
25 64 50 51 71 11 77 89 98 6 0 40 27 91 17 32 94 45 86 3 35 33 68 54 76 83 79 66 82 19 93 4 96 12 48 38 21 49 90 23 2 42 95 24 8 10 41 97 55 56 18 58 34 9 5 61 92 63 80 53 84 44 60 59 28 15 30 1 74 67 87 78 36 47 37 31 62 26 13 70 99 65 16 85 22 81 52 14 20 39 69 43 46 7 29 73 72 75 57 88 
17 59 28 60 80 53 63 14 5 93 4 12 52 48 58 38 34 9 49 21 76 54 33 68 55 56 18 97 41 10 2 94 3 90 66 82 79 81 19 22 92 26 13 62 31 37 20 47 78 36 84 44 39 74 46 7 69 57 88 51 11 77 89 6 98 24 8 95 42 0 40 32 64 50 71 25 43 91 27 15 30 1 67 87 29 75 72 73 70 99 65 85 16 61 96 83 35 23 45 86 
32 27 91 64 50 88 57 69 43 25 11 51 71 77 89 98 6 0 40 42 95 23 2 10 86 3 35 90 66 79 81 83 49 21 48 34 58 38 18 56 55 68 41 97 33 54 76 8 24 45 94 17 59 28 60 80 53 70 99 65 16 85 5 93 22 61 92 63 14 13 26 62 31 37 47 36 84 44 39 74 67 87 72 73 75 29 7 46 15 30 1 78 20 19 4 12 96 9 52 82 
49 21 38 58 34 9 52 83 81 79 66 59 3 86 94 32 91 15 60 80 53 44 84 20 37 47 36 39 78 74 30 1 69 46 7 57 88 51 50 64 27 40 45 23 33 68 55 54 76 35 90 17 28 48 19 22 61 12 4 93 5 96 65 85 16 99 70 13 26 14 63 82 92 62 31 72 29 73 75 87 67 25 43 11 77 89 98 6 71 0 42 95 24 8 10 2 41 97 18 56 
13 26 14 92 63 82 19 93 12 52 81 79 66 90 68 33 54 55 56 18 58 38 48 83 21 49 76 23 35 86 94 32 17 91 27 64 50 51 88 57 43 25 69 46 7 67 1 30 74 78 87 72 73 75 29 37 31 20 84 44 80 53 61 22 4 5 96 9 34 41 97 10 2 45 8 24 95 42 0 71 77 11 89 6 98 40 15 3 59 28 60 39 36 47 62 70 99 65 85 16 
87 67 78 36 47 37 20 84 44 39 53 80 60 28 17 59 40 0 71 51 50 88 57 43 25 64 27 91 15 30 1 74 72 73 75 29 7 46 69 11 77 89 98 6 42 95 24 8 2 10 41 97 68 33 76 54 55 56 18 93 4 52 48 58 38 34 9 96 12 22 82 81 79 83 21 49 90 66 35 86 3 23 45 94 32 13 26 14 63 92 61 70 99 65 85 16 5 19 62 31 
28 59 17 94 32 91 27 64 15 1 74 67 87 72 29 75 73 47 37 20 84 44 53 60 80 66 79 82 81 52 96 16 85 65 99 26 13 62 63 14 31 39 30 25 43 46 7 69 57 88 50 51 11 77 89 6 98 8 24 95 42 0 71 40 45 23 54 76 55 68 33 97 41 10 2 35 86 3 90 49 21 48 83 38 56 18 58 34 9 12 4 93 22 61 5 19 92 70 36 78 
74 1 67 87 7 46 69 57 43 25 64 50 51 88 11 77 89 6 98 0 40 27 91 17 59 28 30 15 45 32 94 35 23 2 10 33 68 54 55 76 49 21 38 34 58 9 96 12 4 93 22 61 92 63 14 20 84 39 44 53 80 60 81 79 82 19 5 16 85 65 99 70 26 13 62 31 37 47 72 73 29 75 36 78 86 3 90 66 83 52 48 56 18 97 41 8 24 95 42 71 
16 65 85 99 70 13 26 14 63 92 61 22 93 4 12 5 49 21 83 82 79 81 19 52 48 9 96 34 38 58 18 56 55 68 33 41 10 23 35 76 54 97 2 24 8 95 42 40 64 27 91 15 78 74 67 87 72 73 75 29 7 46 69 57 88 51 11 77 89 6 98 71 0 50 43 25 30 1 39 47 37 20 84 44 80 60 53 59 17 94 32 45 3 86 90 66 28 36 62 31 
47 20 37 31 62 13 26 92 61 19 93 22 4 12 52 48 38 21 49 76 35 86 3 59 17 94 32 45 95 2 10 24 8 42 40 27 91 15 30 1 74 67 36 78 72 73 75 29 87 46 7 69 43 25 50 88 57 64 51 71 11 77 89 98 6 0 41 97 68 33 54 55 56 18 58 34 9 96 5 85 16 65 99 70 63 14 84 44 53 80 60 28 39 82 81 83 79 66 90 23 
60 66 82 79 81 52 34 9 48 49 21 38 58 18 56 55 68 97 41 33 54 76 90 35 3 86 94 45 17 59 28 15 30 1 74 78 36 20 84 44 80 53 14 26 13 62 31 37 47 72 73 75 29 87 46 7 67 69 43 25 64 27 91 71 51 50 88 57 11 77 89 6 98 40 0 42 95 24 8 32 10 2 23 83 93 12 96 4 19 22 61 63 92 5 16 85 65 99 70 39 
60 66 82 79 81 52 34 9 48 49 21 38 58 18 56 55 68 97 41 33 54 76 90 35 3 86 94 45 17 59 28 15 30 1 74 78 36 20 84 44 80 53 14 26 13 62 31 37 47 72 73 75 29 87 46 7 67 69 43 25 64 27 91 71 51 50 88 57 11 77 89 6 98 40 0 42 95 24 8 32 10 2 23 83 93 12 96 4 19 22 61 63 92 5 16 85 65 99 70 39 
81 19 22 93 4 12 96 5 52 21 48 9 34 58 56 18 55 68 33 76 54 38 49 66 79 90 2 10 41 97 42 95 24 8 71 50 64 27 91 15 30 1 67 74 78 36 47 37 31 20 63 26 13 62 14 70 99 65 85 16 61 92 84 44 53 80 60 28 39 72 73 75 29 87 46 7 69 43 25 57 88 51 11 77 89 6 98 40 0 32 94 45 86 35 23 3 17 59 82 83 
75 72 73 87 78 74 67 1 30 39 44 60 28 59 3 35 90 94 32 40 42 95 24 8 2 10 23 86 45 17 91 27 64 25 43 57 88 50 51 11 71 0 89 6 98 77 21 49 81 79 82 19 22 61 92 63 14 53 80 20 84 36 47 37 31 62 26 13 70 99 65 85 16 96 5 93 4 12 9 34 58 38 48 52 83 76 54 55 68 33 56 18 97 41 66 15 69 46 7 29 
96 12 4 93 5 61 92 70 13 26 62 31 37 47 36 84 20 60 80 53 44 39 67 74 78 87 72 73 75 29 7 46 69 43 25 64 27 91 32 94 45 10 76 3 86 35 90 59 17 28 15 30 1 57 88 51 50 11 77 89 6 98 0 71 40 42 95 24 8 2 23 41 97 33 68 55 54 49 21 48 9 34 38 58 56 18 83 52 79 81 19 22 63 14 82 66 99 16 65 85 
49 21 38 48 52 83 79 35 76 54 23 86 32 94 17 59 91 27 50 51 11 77 89 6 98 71 0 42 95 8 24 2 10 33 68 55 97 41 18 56 58 34 9 12 96 5 93 22 19 4 28 60 80 53 44 84 20 47 37 31 62 13 26 14 63 92 61 70 99 65 85 16 81 82 66 90 3 45 40 64 88 57 43 46 7 69 30 15 25 1 67 74 78 39 36 73 75 72 87 29 
71 0 40 27 91 64 50 25 43 46 7 69 20 84 80 53 44 60 28 17 59 3 86 45 23 2 10 41 97 68 33 54 76 55 56 18 58 38 21 49 83 52 19 81 79 66 48 34 9 12 96 16 85 65 99 70 13 26 14 63 92 61 82 22 93 4 5 90 35 32 94 95 24 8 42 98 6 89 77 11 88 57 51 15 1 74 78 36 47 37 31 62 73 72 87 29 75 67 39 30 
66 79 81 83 52 82 61 22 93 4 12 96 5 19 92 63 14 62 13 26 70 99 16 85 65 49 21 48 38 58 34 9 18 56 41 97 68 55 54 76 90 94 45 86 3 35 23 33 10 2 71 11 77 89 98 6 40 91 27 17 59 28 60 80 53 44 84 20 36 78 67 25 43 46 69 7 87 29 75 73 72 47 37 31 39 74 1 30 15 57 50 88 64 51 0 42 95 24 8 32 
46 7 69 57 88 51 11 77 89 6 98 71 0 40 91 27 15 59 17 23 86 94 45 68 54 33 97 41 10 2 24 8 95 42 32 3 90 35 76 55 56 18 58 38 21 49 83 52 9 48 34 96 12 4 93 5 22 61 92 63 14 26 13 62 31 37 47 20 84 44 80 53 82 70 85 16 65 99 19 81 79 66 60 28 30 1 74 78 36 72 73 75 29 87 67 25 43 50 64 39 
65 85 16 70 99 22 93 4 12 5 96 9 52 83 49 21 48 38 58 34 18 56 55 33 68 23 86 32 94 45 3 28 59 17 66 79 90 35 76 54 41 97 10 2 8 42 0 71 51 50 88 57 7 46 69 43 25 64 27 40 77 11 89 6 98 95 24 91 15 30 1 74 67 87 36 78 39 44 53 84 80 60 63 92 61 19 81 82 26 13 62 31 37 20 47 73 75 29 72 14 
72 87 67 74 1 78 36 44 84 47 37 31 62 13 26 63 92 61 22 93 4 12 9 34 48 49 21 58 38 56 18 97 41 23 35 76 54 68 55 33 10 2 8 24 95 45 86 3 66 59 17 94 32 91 15 25 43 46 7 69 57 88 50 51 71 11 77 6 98 89 0 42 40 27 64 30 28 60 80 53 81 19 82 79 83 52 90 96 5 16 65 85 99 70 14 20 39 29 75 73 
4 93 22 5 12 96 9 58 38 48 76 54 33 68 97 41 55 56 18 34 52 82 79 21 35 86 3 23 45 94 17 59 28 60 80 53 44 84 39 78 74 67 87 72 29 75 73 47 37 31 62 13 26 14 63 61 19 81 83 49 66 90 10 2 91 32 42 95 24 8 98 6 89 77 11 51 50 64 27 40 57 88 71 0 15 30 1 25 43 69 46 7 36 20 92 70 99 65 16 85 
53 80 60 28 39 44 84 20 37 31 62 13 26 92 61 22 93 4 12 96 5 19 82 81 79 83 48 49 21 38 58 55 54 33 97 41 68 76 35 3 94 32 40 0 42 95 24 8 45 23 86 90 66 59 17 15 91 27 64 50 51 77 11 71 89 6 98 43 25 30 1 67 74 78 36 47 72 73 75 29 87 46 7 69 57 88 2 10 56 18 34 9 52 16 65 85 99 70 63 14 
60 80 53 44 36 78 39 84 20 37 47 31 14 26 13 62 70 99 93 4 12 79 82 19 81 83 90 3 86 35 94 32 27 91 15 28 59 17 30 1 74 67 87 73 72 29 75 7 46 69 43 25 64 88 51 50 57 71 11 77 6 98 89 0 40 42 95 8 24 2 10 41 97 68 54 76 21 49 52 48 9 96 5 65 85 16 61 22 92 63 66 38 58 34 56 18 55 33 23 45 
40 91 27 71 0 42 95 8 24 45 86 3 17 59 28 60 80 53 44 84 20 47 37 31 14 63 92 61 22 93 4 12 96 9 48 83 79 66 35 23 90 76 54 68 33 55 56 18 58 38 34 49 21 52 81 19 82 5 85 16 65 99 70 13 26 62 67 74 39 78 36 72 73 75 29 87 25 69 46 7 43 57 88 50 51 11 77 89 6 98 32 94 15 1 30 64 2 10 41 97 
19 4 12 96 9 48 38 56 18 58 34 21 49 83 52 79 82 66 59 17 78 74 67 87 72 73 75 29 36 47 37 20 84 44 53 80 60 28 39 14 26 92 63 31 62 13 70 99 65 85 16 5 93 22 61 81 90 3 86 35 76 54 68 55 97 41 33 23 32 94 45 95 24 8 2 10 0 71 11 77 89 6 98 42 40 27 91 15 50 51 88 57 69 7 46 43 25 30 1 64 
71 40 27 64 50 51 88 57 69 46 7 87 67 74 36 47 37 20 84 44 53 80 60 28 59 17 94 86 3 35 76 55 68 33 18 56 58 38 21 49 83 79 66 81 82 19 61 22 93 4 12 9 34 48 52 96 5 65 99 16 85 70 92 63 14 13 26 62 31 75 73 72 29 78 39 1 30 15 91 32 45 2 10 97 41 23 90 54 95 24 8 42 0 11 43 25 77 89 6 98 
80 60 28 32 94 91 27 64 88 50 51 71 11 77 89 6 98 0 42 95 8 24 10 2 23 35 90 76 54 33 68 55 97 41 45 86 3 59 17 53 44 14 62 26 63 92 61 19 22 5 96 9 48 34 58 56 18 38 21 49 83 52 81 79 66 15 30 1 74 78 67 39 84 20 47 37 31 13 70 99 65 85 16 93 4 12 82 46 7 69 43 57 40 25 87 29 75 72 73 36 
17 59 28 60 80 44 84 20 36 47 37 31 14 63 92 61 22 19 49 21 38 48 9 96 12 4 93 5 52 83 79 66 90 35 23 33 68 54 76 3 86 94 32 45 27 64 25 69 46 7 43 57 88 50 51 11 77 71 89 6 98 0 40 91 15 30 1 74 87 67 78 39 53 13 70 99 65 16 85 26 62 29 75 73 72 82 81 34 58 56 18 55 97 41 10 2 24 42 95 8 
62 14 63 92 26 13 70 99 65 16 85 12 4 93 22 61 84 44 20 37 47 36 78 67 74 1 30 15 91 32 94 86 3 35 90 59 17 40 0 71 51 88 11 77 89 98 6 42 95 8 24 2 10 41 97 55 68 54 76 33 23 45 27 64 50 25 43 69 57 7 46 87 29 75 73 72 39 60 28 53 80 82 19 79 66 81 83 52 9 34 48 38 58 56 18 21 49 5 96 31 
35 86 32 94 17 3 76 54 68 33 24 8 95 42 0 71 11 77 89 98 6 40 91 27 64 50 51 88 57 25 43 69 46 7 75 29 87 67 74 78 36 47 73 72 31 37 20 84 44 39 1 30 15 28 60 80 53 83 52 49 79 81 22 93 4 12 5 96 9 34 48 21 38 58 56 18 55 97 41 2 10 23 45 59 82 66 63 14 62 13 26 92 16 85 65 99 70 61 19 90 
63 92 5 96 93 22 61 19 53 44 84 20 36 78 74 1 30 15 25 43 71 0 40 27 91 45 2 10 23 86 94 32 28 66 82 80 60 59 17 3 79 81 52 4 12 48 9 34 58 38 21 49 83 90 35 76 54 33 68 55 18 56 97 41 24 8 95 42 98 6 89 77 11 51 64 88 50 57 69 67 7 46 87 29 75 73 72 39 14 62 47 37 31 26 13 70 99 65 85 16 
51 50 88 57 43 25 30 1 78 74 67 87 36 20 84 44 53 80 60 28 59 17 94 32 27 40 0 71 77 11 89 98 6 42 95 24 8 2 76 54 55 21 49 83 52 4 12 93 19 82 81 79 48 38 58 34 9 96 5 22 61 92 63 14 62 13 26 65 16 85 99 70 31 37 47 72 73 75 29 46 7 69 15 91 10 41 68 33 97 56 18 23 35 86 3 45 90 66 39 64 
21 49 83 52 19 81 12 96 5 93 4 9 34 58 38 48 90 35 23 86 3 17 59 60 80 53 82 44 84 20 37 36 78 74 67 87 29 73 75 72 47 14 63 92 61 22 16 85 65 99 70 13 26 62 31 39 1 30 25 43 57 50 51 88 11 77 89 71 0 40 27 15 91 32 94 45 54 33 68 55 56 18 97 41 10 2 24 95 8 42 6 98 64 46 7 69 28 66 79 76 
76 33 41 97 55 68 56 18 34 58 38 48 52 12 4 93 22 61 19 81 79 83 82 92 63 99 65 85 16 5 96 9 21 49 54 35 3 86 94 17 59 28 80 44 53 37 14 26 62 13 70 31 47 36 74 67 87 46 7 69 57 88 50 51 11 77 89 6 98 71 0 40 91 27 64 25 43 30 1 39 78 29 75 73 72 20 84 60 66 90 23 2 10 95 24 8 42 32 15 45 
45 86 3 35 32 94 51 88 11 77 89 98 6 0 71 50 64 25 43 57 69 7 46 67 74 87 29 75 73 72 36 37 47 20 84 53 80 44 60 28 59 17 91 27 40 42 95 8 24 2 10 41 97 68 76 54 33 23 90 66 55 18 56 58 38 21 49 81 79 52 82 19 61 22 4 12 96 9 34 48 83 5 93 16 85 65 99 70 13 26 92 63 14 62 31 30 1 39 78 15 
45 86 3 35 32 94 51 88 11 77 89 98 6 0 71 50 64 25 43 57 69 7 46 67 74 87 29 75 73 72 36 37 47 20 84 53 80 44 60 28 59 17 91 27 40 42 95 8 24 2 10 41 97 68 76 54 33 23 90 66 55 18 56 58 38 21 49 81 79 52 82 19 61 22 4 12 96 9 34 48 83 5 93 16 85 65 99 70 13 26 92 63 14 62 31 30 1 39 78 15 
60 66 82 79 81 52 34 9 48 49 21 38 58 18 56 55 68 97 41 33 54 76 90 35 3 86 94 45 17 59 28 15 30 1 74 78 36 20 84 44 80 53 14 26 13 62 31 37 47 72 73 75 29 87 46 7 67 69 43 25 64 27 91 71 51 50 88 57 11 77 89 6 98 40 0 42 95 24 8 32 10 2 23 83 93 12 96 4 19 22 61 63 92 5 16 85 65 99 70 39 
40 27 91 15 1 74 78 36 20 84 14 31 37 47 44 80 53 60 28 59 17 94 86 3 90 35 23 45 32 49 21 48 58 34 38 76 54 68 33 18 56 55 97 41 2 10 24 8 95 42 0 71 11 50 51 89 6 98 77 88 57 43 25 64 69 46 7 87 67 72 29 75 73 62 26 13 70 92 63 61 22 93 4 12 81 19 82 79 66 83 52 9 96 5 16 85 65 99 39 30 
44 80 60 28 59 17 91 15 30 1 74 78 67 39 37 47 36 84 20 31 62 13 26 14 63 92 61 22 93 4 12 9 34 58 38 48 21 49 83 81 79 66 90 35 23 10 2 8 24 95 42 40 32 45 94 86 3 54 56 18 76 55 68 97 41 33 52 82 19 5 96 16 85 65 99 70 53 27 64 50 88 51 11 77 89 6 98 71 0 25 43 57 69 7 46 72 73 75 29 87 
19 81 79 83 52 66 90 49 21 76 54 55 41 97 68 33 10 2 23 86 94 17 59 35 32 40 27 91 50 51 88 57 69 7 46 67 74 39 30 1 43 25 64 15 28 60 80 53 44 84 20 36 87 29 72 75 73 47 37 31 62 13 70 99 65 85 16 22 93 4 12 9 48 38 58 56 18 34 96 5 61 92 63 14 26 82 3 45 24 8 95 42 0 71 11 89 98 6 77 78 
65 85 16 4 12 93 22 61 19 81 52 83 49 21 38 56 18 97 41 33 54 68 55 58 34 48 9 82 79 66 59 28 60 80 53 44 39 74 78 36 75 73 72 29 7 46 69 43 25 30 87 67 1 15 91 27 64 40 0 71 51 50 88 57 11 77 89 6 98 42 95 24 8 32 94 17 86 3 90 76 35 23 10 2 45 31 37 47 20 84 26 13 62 14 63 92 70 99 5 96 
70 99 65 85 16 5 93 12 4 81 19 82 63 92 26 13 62 14 53 80 44 84 20 36 47 37 31 73 72 75 29 87 67 74 78 39 60 28 15 17 94 32 91 27 40 0 71 89 6 98 77 11 88 57 69 7 46 43 25 64 50 51 59 66 83 52 21 49 54 33 68 55 56 18 58 38 48 34 9 96 22 61 79 76 23 86 3 35 90 2 10 41 97 24 8 95 42 45 30 1 
84 47 53 80 60 28 59 90 35 86 3 94 91 27 64 43 25 69 7 46 67 74 1 30 15 40 45 32 17 23 2 10 24 8 95 42 0 71 51 11 77 89 98 6 50 88 57 87 72 73 75 29 20 39 78 36 37 31 63 92 61 19 22 93 4 12 21 49 83 79 81 82 48 52 76 54 68 33 55 41 97 18 56 58 38 34 9 96 5 16 85 65 99 70 62 13 26 14 44 66 
15 91 32 94 3 86 35 23 45 76 54 90 66 79 81 52 4 12 96 9 34 58 38 48 21 49 83 18 56 55 68 97 41 33 10 2 8 24 95 42 71 51 57 69 30 1 74 67 39 78 87 46 7 43 25 64 50 88 11 77 89 6 98 0 40 27 17 59 28 80 44 53 82 63 92 61 22 93 5 99 65 16 85 70 13 26 62 14 47 37 36 84 20 31 72 73 75 29 60 19 
78 74 67 87 1 15 91 64 50 57 88 77 11 51 0 71 89 98 6 8 24 95 45 94 59 28 60 44 53 39 84 20 47 37 31 63 92 14 62 13 26 70 99 65 85 16 5 93 4 12 96 19 81 79 82 66 33 54 76 38 21 49 48 9 34 58 56 18 55 68 97 41 10 2 23 35 3 86 32 40 42 27 25 43 69 46 7 72 29 75 73 36 30 17 90 83 52 22 61 80 
38 58 34 48 21 49 83 52 4 12 5 93 22 19 81 79 66 82 80 53 44 84 78 36 37 47 20 63 14 26 13 62 31 72 73 75 29 7 46 69 43 25 57 88 71 98 6 89 77 11 51 50 64 27 40 32 94 17 59 60 28 35 23 86 3 90 76 54 68 33 55 97 41 2 10 45 8 24 95 42 0 91 15 30 1 67 74 87 39 61 92 70 99 65 16 85 96 9 56 18 
19 4 93 22 61 92 70 26 14 53 80 60 28 59 17 3 86 2 10 41 97 68 54 76 94 32 91 27 40 0 42 95 8 24 45 23 35 90 83 49 21 48 52 81 79 66 82 84 20 37 47 73 75 29 72 87 67 74 1 30 15 25 43 57 88 50 51 11 77 6 98 89 71 64 7 46 69 78 39 44 36 31 62 13 63 99 65 16 85 5 96 12 9 34 38 58 56 18 55 33 
80 60 28 59 17 32 94 35 86 3 23 2 45 95 8 24 42 40 27 91 15 30 1 74 67 87 72 73 75 29 43 69 7 46 25 57 88 64 50 51 11 77 89 6 98 71 0 39 44 84 20 37 31 47 78 36 53 63 14 92 61 22 93 5 4 12 9 96 19 81 79 82 66 90 83 48 38 58 34 56 18 55 68 54 33 41 97 10 76 52 49 21 65 85 16 99 70 13 26 62 
80 60 28 59 17 32 94 35 86 3 23 2 45 95 8 24 42 40 27 91 15 30 1 74 67 87 72 73 75 29 43 69 7 46 25 57 88 64 50 51 11 77 89 6 98 71 0 39 44 84 20 37 31 47 78 36 53 63 14 92 61 22 93 5 4 12 9 96 19 81 79 82 66 90 83 48 38 58 34 56 18 55 68 54 33 41 97 10 76 52 49 21 65 85 16 99 70 13 26 62 
25 64 50 51 71 11 77 89 98 6 0 40 27 91 17 32 94 45 86 3 35 33 68 54 76 83 79 66 82 19 93 4 96 12 48 38 21 49 90 23 2 42 95 24 8 10 41 97 55 56 18 58 34 9 5 61 92 63 80 53 84 44 60 59 28 15 30 1 74 67 87 78 36 47 37 31 62 26 13 70 99 65 16 85 22 81 52 14 20 39 69 43 46 7 29 73 72 75 57 88 
92 63 14 62 13 26 53 44 80 60 28 59 32 94 17 91 86 45 40 27 64 50 51 88 57 71 89 6 98 77 11 0 42 95 8 24 23 35 76 54 68 33 2 10 97 41 55 56 18 38 34 58 48 21 49 81 79 66 90 3 15 1 74 67 87 7 46 69 43 25 30 39 78 36 20 37 31 47 72 73 75 29 84 82 83 52 93 4 19 22 61 5 96 12 9 16 85 65 99 70 
84 20 37 31 62 26 13 92 61 22 93 4 12 96 9 34 58 38 48 90 35 86 45 94 32 91 27 40 0 98 6 89 11 51 71 77 88 46 7 1 30 78 36 47 72 73 75 29 87 67 74 39 44 53 80 60 28 59 17 3 76 54 68 97 41 33 23 2 10 24 8 95 42 50 57 69 43 64 25 15 66 82 5 65 70 99 85 16 19 79 81 52 83 49 21 56 18 55 14 63 
84 20 36 78 60 80 53 63 14 44 39 1 67 87 72 73 75 30 74 25 64 50 51 71 0 40 27 91 15 28 59 17 45 94 32 86 23 35 3 90 66 82 83 48 52 21 49 54 68 55 56 18 58 34 38 76 33 97 41 10 2 8 24 95 42 89 6 98 77 11 88 57 69 43 46 7 29 47 37 31 62 13 26 92 61 93 5 4 19 81 79 9 96 12 22 85 16 65 99 70 
41 97 68 33 55 54 76 35 86 3 90 17 59 28 60 80 53 20 84 44 39 78 74 67 46 7 43 25 50 51 11 77 89 98 6 42 0 71 88 69 57 40 15 30 1 36 87 29 72 75 73 47 37 31 62 13 26 70 99 65 16 85 14 63 92 22 61 93 12 96 34 58 38 56 18 9 48 52 21 49 83 79 81 19 4 5 82 66 45 27 91 64 32 94 23 95 8 24 10 2 
17 59 28 60 80 44 84 20 36 47 37 31 14 63 92 61 22 19 49 21 38 48 9 96 12 4 93 5 52 83 79 66 90 35 23 33 68 54 76 3 86 94 32 45 27 64 25 69 46 7 43 57 88 50 51 11 77 71 89 6 98 0 40 91 15 30 1 74 87 67 78 39 53 13 70 99 65 16 85 26 62 29 75 73 72 82 81 34 58 56 18 55 97 41 10 2 24 42 95 8 
7 46 69 57 50 88 51 11 71 0 40 27 91 15 28 60 80 44 53 82 19 52 83 49 21 76 54 55 68 33 35 23 45 32 17 86 3 94 90 59 30 1 74 67 87 72 73 75 29 84 20 47 37 31 36 78 39 66 79 81 9 96 12 5 4 93 22 61 92 62 14 63 26 13 70 99 65 85 16 34 48 38 56 18 58 41 97 2 10 8 24 95 42 98 6 89 77 64 25 43 
83 81 82 66 9 96 12 4 93 22 61 19 99 70 65 85 16 5 52 49 21 48 38 58 56 18 55 68 54 76 35 45 32 94 3 86 23 33 97 41 10 2 8 24 95 42 71 51 11 77 89 98 6 0 40 91 27 17 59 28 60 80 53 84 20 47 37 31 62 13 26 92 63 14 36 78 67 87 72 73 75 29 7 46 43 57 88 50 69 30 1 74 39 44 25 64 15 90 79 34 
83 49 21 48 38 54 76 35 3 94 32 45 86 23 33 68 55 56 18 58 34 9 96 12 5 4 93 22 61 92 36 20 84 44 60 39 78 74 67 1 30 15 64 27 91 17 59 28 80 53 14 26 13 62 31 37 47 72 73 75 29 87 46 7 69 43 25 50 88 11 51 71 0 42 95 24 8 98 6 89 77 57 40 10 2 41 97 90 66 79 81 52 82 63 70 65 16 85 99 19 
33 54 76 49 83 52 12 4 93 22 61 92 26 62 31 37 78 39 36 74 67 87 72 73 75 47 20 84 44 80 60 28 59 17 91 32 94 86 3 35 23 45 11 77 71 0 42 40 27 64 50 51 88 43 25 30 1 15 90 66 53 82 79 81 19 5 96 9 48 38 58 34 21 55 68 97 41 10 2 95 24 8 6 98 89 57 69 46 7 29 14 63 13 70 99 65 85 16 18 56 
4 12 96 9 34 48 49 21 38 58 18 56 55 68 33 54 90 3 35 66 79 81 83 52 93 5 22 63 92 61 65 99 85 16 70 26 62 13 14 20 47 37 31 84 44 53 80 60 28 59 17 15 91 27 64 50 51 11 77 88 57 43 25 30 67 87 29 75 72 73 78 74 1 39 36 46 7 69 86 94 32 40 71 0 89 6 98 42 95 24 8 2 23 45 41 97 10 76 82 19 
14 13 26 62 31 37 47 36 78 67 74 39 1 30 43 25 64 50 51 11 77 89 6 98 42 40 0 71 83 79 81 52 48 21 38 34 58 56 18 55 97 41 24 8 95 94 32 86 3 35 90 76 54 68 33 10 2 23 45 91 27 15 59 28 60 80 53 44 84 20 73 72 87 75 29 7 46 69 57 88 17 66 49 12 4 93 22 19 61 92 63 70 99 65 85 16 5 96 9 82 
41 97 55 56 18 58 34 9 48 38 21 49 83 52 81 19 22 93 4 12 96 5 16 85 65 99 70 13 62 31 37 20 47 90 35 86 3 76 54 68 33 23 45 94 32 42 95 8 24 1 39 78 36 74 67 87 29 72 73 75 7 46 43 25 50 64 27 91 15 60 80 53 44 84 14 26 92 61 63 82 66 79 59 17 28 30 69 57 88 51 71 11 77 89 98 6 0 40 10 2 
13 26 14 31 37 47 20 84 44 53 80 60 39 78 36 67 74 1 30 15 91 27 64 50 51 88 11 77 89 98 6 71 0 42 95 32 86 3 90 59 17 94 45 23 35 76 54 49 21 38 58 34 48 52 83 19 22 93 12 4 82 81 79 66 28 63 92 65 99 85 16 5 96 9 56 18 97 41 33 68 55 10 2 24 8 40 25 43 57 69 46 7 87 72 73 75 29 62 70 61 
13 26 14 31 37 47 20 84 44 53 80 60 39 78 36 67 74 1 30 15 91 27 64 50 51 88 11 77 89 98 6 71 0 42 95 32 86 3 90 59 17 94 45 23 35 76 54 49 21 38 58 34 48 52 83 19 22 93 12 4 82 81 79 66 28 63 92 65 99 85 16 5 96 9 56 18 97 41 33 68 55 10 2 24 8 40 25 43 57 69 46 7 87 72 73 75 29 62 70 61 
47 37 31 62 84 44 53 80 19 81 83 52 48 38 21 49 4 12 22 93 5 96 9 34 58 56 18 54 68 55 76 35 86 3 94 32 91 27 40 64 25 43 57 88 50 51 71 0 11 77 89 6 98 42 8 24 95 45 2 10 41 97 33 23 90 66 79 82 92 61 65 16 85 99 70 26 13 14 63 20 36 78 74 67 1 39 60 59 28 30 15 17 72 73 75 29 87 46 7 69 
14 63 92 26 13 62 31 37 47 20 36 78 74 1 39 44 53 80 66 79 82 19 61 22 93 4 12 96 9 34 48 49 59 17 94 32 42 24 8 95 40 27 91 15 30 28 60 84 72 73 75 29 87 67 7 46 69 57 88 50 11 77 89 98 6 71 0 51 25 43 64 45 2 23 86 3 35 76 54 68 55 56 18 58 38 21 52 81 83 90 33 41 97 10 5 85 16 65 99 70 
75 73 72 29 87 67 74 78 39 1 36 47 37 31 62 26 92 63 14 20 84 44 53 80 60 28 59 17 94 86 3 35 90 76 54 33 68 55 21 48 52 4 93 19 82 79 66 83 49 38 34 58 96 9 12 22 5 65 16 85 99 70 13 61 81 56 18 97 41 23 45 32 91 27 64 51 88 57 69 7 46 43 25 30 15 50 11 77 71 0 40 42 95 24 8 2 10 98 6 89 
98 6 89 77 11 51 50 64 88 57 46 7 69 43 25 1 74 67 87 72 73 29 75 47 37 31 62 13 26 14 63 92 61 22 19 82 44 84 80 66 59 17 94 45 32 27 91 15 30 60 39 36 78 20 70 99 85 16 65 79 83 49 21 38 58 34 9 96 5 4 93 12 52 81 48 18 56 55 54 76 90 86 3 35 23 2 10 33 41 97 68 53 28 40 0 71 95 8 24 42 
80 60 28 59 17 32 94 45 86 3 90 49 21 34 48 38 58 56 18 55 68 33 97 41 10 2 24 8 95 42 40 27 91 39 1 74 67 87 29 75 73 72 36 84 20 47 37 31 62 26 13 99 70 14 92 61 22 93 4 12 52 19 81 83 79 66 82 63 53 44 78 30 15 25 43 57 46 7 69 88 50 51 71 0 64 77 11 89 6 98 35 23 76 54 9 96 5 16 85 65 
80 60 28 59 17 32 94 45 86 3 90 49 21 34 48 38 58 56 18 55 68 33 97 41 10 2 24 8 95 42 40 27 91 39 1 74 67 87 29 75 73 72 36 84 20 47 37 31 62 26 13 99 70 14 92 61 22 93 4 12 52 19 81 83 79 66 82 63 53 44 78 30 15 25 43 57 46 7 69 88 50 51 71 0 64 77 11 89 6 98 35 23 76 54 9 96 5 16 85 65 
44 80 60 28 59 17 91 15 30 1 74 78 67 39 37 47 36 84 20 31 62 13 26 14 63 92 61 22 93 4 12 9 34 58 38 48 21 49 83 81 79 66 90 35 23 10 2 8 24 95 42 40 32 45 94 86 3 54 56 18 76 55 68 97 41 33 52 82 19 5 96 16 85 65 99 70 53 27 64 50 88 51 11 77 89 6 98 71 0 25 43 57 69 7 46 72 73 75 29 87 
86 3 35 90 49 21 38 58 34 48 9 96 12 4 93 22 5 65 85 16 99 70 82 79 81 66 15 30 1 67 74 78 36 72 73 75 29 87 20 84 44 53 80 60 28 59 17 32 94 23 33 68 55 54 76 83 52 19 61 92 63 26 13 62 31 37 47 14 39 0 71 89 6 98 24 8 95 42 40 57 88 69 46 7 43 25 50 51 11 77 64 27 91 45 2 10 41 97 18 56 
86 3 35 90 49 21 38 58 34 48 9 96 12 4 93 22 5 65 85 16 99 70 82 79 81 66 15 30 1 67 74 78 36 72 73 75 29 87 20 84 44 53 80 60 28 59 17 32 94 23 33 68 55 54 76 83 52 19 61 92 63 26 13 62 31 37 47 14 39 0 71 89 6 98 24 8 95 42 40 57 88 69 46 7 43 25 50 51 11 77 64 27 91 45 2 10 41 97 18 56 
36 31 37 47 78 74 67 43 25 30 1 39 80 60 53 44 84 20 26 13 92 63 14 62 22 5 93 4 12 52 83 81 79 82 19 61 70 99 65 85 16 96 9 34 58 18 56 21 48 38 49 33 68 94 32 91 64 27 40 0 71 8 24 2 23 86 3 35 10 41 97 55 54 76 90 66 28 59 17 15 45 95 42 6 98 89 11 77 51 50 88 57 69 7 46 87 72 29 75 73 
72 73 36 37 47 20 84 44 53 80 60 28 17 3 86 35 23 2 95 24 8 42 40 0 71 11 77 89 6 98 50 51 88 57 46 7 69 43 25 27 91 94 45 32 10 41 97 55 68 33 38 34 58 56 18 9 96 5 93 4 12 22 61 99 65 16 85 70 13 26 63 92 62 31 14 82 19 81 52 83 48 21 49 90 76 54 79 66 59 15 30 1 74 67 78 39 64 29 87 75 
71 40 27 64 50 51 88 57 69 46 7 87 67 74 36 47 37 20 84 44 53 80 60 28 59 17 94 86 3 35 76 55 68 33 18 56 58 38 21 49 83 79 66 81 82 19 61 22 93 4 12 9 34 48 52 96 5 65 99 16 85 70 92 63 14 13 26 62 31 75 73 72 29 78 39 1 30 15 91 32 45 2 10 97 41 23 90 54 95 24 8 42 0 11 43 25 77 89 6 98 
0 71 77 11 88 51 50 57 46 7 69 43 25 64 94 86 3 35 23 45 32 17 59 28 60 80 53 44 84 14 26 13 70 99 65 85 16 5 96 9 52 81 79 83 21 49 76 54 33 41 97 68 55 56 18 58 34 48 38 93 22 61 4 12 82 39 30 1 74 67 87 72 73 75 29 78 36 37 20 47 31 62 63 92 19 66 27 91 15 90 10 2 42 40 89 6 98 24 8 95 
90 66 79 81 19 82 53 80 60 28 59 17 91 27 40 0 11 77 71 51 88 50 57 69 7 46 43 25 30 1 67 74 78 39 44 84 20 36 45 2 10 8 24 95 42 98 6 89 64 86 3 35 23 54 33 68 76 49 21 38 48 52 83 12 4 93 5 22 61 92 26 13 62 31 37 47 73 72 87 29 75 14 63 70 99 85 65 16 96 9 34 58 18 56 55 97 41 32 94 15 
94 86 45 23 3 17 59 28 32 91 27 15 64 40 0 42 95 8 24 2 10 41 97 55 68 33 54 76 35 90 49 21 83 52 48 12 4 93 22 61 92 63 14 26 13 62 31 47 39 74 78 1 67 87 36 72 29 75 73 37 20 84 44 80 60 66 82 19 81 79 38 56 18 58 34 9 96 5 16 85 70 99 65 53 25 43 69 7 46 88 50 51 71 77 89 6 98 11 57 30 
32 94 86 35 90 3 17 59 28 64 25 42 71 0 40 27 91 15 30 1 67 78 74 39 60 80 53 44 84 37 47 36 20 31 62 13 26 63 14 92 61 22 93 82 19 4 12 81 79 83 48 52 49 21 38 58 18 56 34 9 96 5 16 85 65 99 70 75 87 72 73 29 7 46 69 43 57 88 51 50 11 77 89 6 98 24 95 8 10 2 23 45 76 54 68 33 97 41 55 66 
28 59 17 90 35 3 86 45 23 2 10 41 97 55 68 33 76 54 56 18 38 48 58 34 9 12 4 93 22 61 92 63 14 20 84 60 80 53 44 39 78 74 67 1 30 25 50 88 51 64 94 32 27 91 40 0 42 95 8 24 11 77 98 6 89 71 57 43 69 7 46 87 72 73 75 29 36 47 37 31 26 13 62 70 99 65 85 16 5 96 49 21 83 52 79 81 19 82 66 15 
40 27 91 15 30 1 74 78 20 31 62 13 14 63 26 92 61 22 93 12 4 52 83 79 81 19 82 59 17 94 32 45 95 8 24 3 86 23 33 68 55 49 21 38 58 56 18 48 34 9 96 5 85 16 65 99 70 28 60 44 80 53 84 39 36 47 72 73 75 29 87 67 46 7 69 43 25 88 57 50 51 11 71 98 6 89 77 0 42 2 10 41 97 54 76 35 90 66 37 64 
14 63 92 26 13 62 31 37 47 20 36 78 74 1 39 44 53 80 66 79 82 19 61 22 93 4 12 96 9 34 48 49 59 17 94 32 42 24 8 95 40 27 91 15 30 28 60 84 72 73 75 29 87 67 7 46 69 57 88 50 11 77 89 98 6 71 0 51 25 43 64 45 2 23 86 3 35 76 54 68 55 56 18 58 38 21 52 81 83 90 33 41 97 10 5 85 16 65 99 70 
26 13 62 31 37 47 36 78 74 39 80 53 44 84 20 67 87 72 73 75 29 7 46 30 1 25 69 43 57 88 50 51 11 77 98 6 89 71 0 40 42 95 24 8 45 23 86 3 90 35 54 76 55 68 33 56 18 58 38 49 21 48 34 9 4 12 93 22 61 92 14 63 70 99 65 16 85 5 96 52 83 79 66 17 28 60 59 15 64 27 91 94 32 2 10 97 41 82 81 19 
87 72 73 75 29 47 36 44 84 14 63 92 19 93 4 52 48 38 21 58 34 9 96 12 5 22 61 82 81 79 66 49 76 54 33 55 56 18 68 97 41 10 2 23 24 95 8 42 40 15 28 59 17 94 32 91 27 64 50 51 11 77 89 6 98 71 0 88 57 25 43 30 1 67 74 78 20 37 31 62 26 13 70 99 85 16 65 60 80 53 83 90 35 3 86 45 39 46 7 69 
79 81 52 83 21 49 76 54 68 55 56 18 58 38 48 34 9 96 5 93 22 19 4 12 16 85 65 99 70 26 13 62 14 63 61 92 20 84 44 80 60 28 59 17 32 94 40 27 91 15 30 1 74 67 87 78 39 36 47 37 31 73 72 75 29 46 7 69 43 25 57 64 50 51 88 11 77 6 98 89 71 0 42 24 8 45 3 86 23 35 90 33 41 97 10 2 95 82 53 66 
84 20 36 78 1 74 67 29 75 73 72 87 30 39 80 53 44 60 28 59 45 94 3 86 35 76 54 33 68 55 56 18 58 38 21 49 83 81 79 66 90 17 91 15 64 57 69 7 46 43 25 50 51 88 11 77 71 89 6 98 0 40 27 32 8 24 95 42 2 23 10 97 41 34 9 5 22 93 4 19 61 92 14 63 26 13 70 99 65 16 85 96 12 52 48 82 62 31 37 47 
84 20 36 78 1 74 67 29 75 73 72 87 30 39 80 53 44 60 28 59 45 94 3 86 35 76 54 33 68 55 56 18 58 38 21 49 83 81 79 66 90 17 91 15 64 57 69 7 46 43 25 50 51 88 11 77 71 89 6 98 0 40 27 32 8 24 95 42 2 23 10 97 41 34 9 5 22 93 4 19 61 92 14 63 26 13 70 99 65 16 85 96 12 52 48 82 62 31 37 47 
98 6 89 11 71 77 51 50 88 57 69 43 25 30 1 74 67 87 72 29 75 73 84 14 62 31 37 47 20 60 28 80 82 19 4 12 5 93 22 61 92 63 26 13 70 99 65 16 85 96 9 48 34 56 18 58 38 21 54 68 55 33 23 86 3 35 45 32 94 17 59 90 91 27 40 0 42 95 24 8 10 2 41 97 76 79 81 83 52 49 66 53 44 39 78 36 46 7 15 64 
78 36 20 14 26 13 62 31 47 37 72 73 75 29 87 67 74 1 30 25 43 69 46 7 57 88 51 50 64 27 32 94 86 3 35 90 76 54 33 68 55 58 53 84 44 80 60 28 59 17 91 15 40 0 71 11 77 89 6 98 42 95 8 24 45 23 2 10 41 97 18 56 38 21 49 83 79 66 5 93 82 81 52 19 4 12 96 9 34 48 22 61 16 65 99 85 70 63 92 39 
