51 22 20 48 47 40 37 38 36 28 24 23 16 54 26 8 14 11 35 45 34 29 2 13 43 7 46 50 53 42 21 44 25 41 27 15 30 1 18 33 4 49 19 9 0 3 32 6 12 52 5 31 10 39 17 
27 14 48 19 44 24 43 15 4 17 39 49 47 40 42 29 6 41 0 21 52 35 8 53 51 3 30 32 25 34 46 26 28 36 20 5 23 38 13 50 7 11 16 9 22 10 33 45 31 12 18 37 54 1 2 
8 19 41 45 10 9 38 49 21 51 23 36 44 6 53 25 3 15 4 29 22 42 50 43 34 31 46 12 33 30 16 39 47 17 13 52 26 0 27 32 7 20 11 28 40 48 1 14 54 2 35 24 5 18 37 
1 35 45 42 20 28 36 31 47 38 17 13 16 5 49 51 2 4 32 24 18 6 3 50 53 29 46 10 15 30 7 12 25 34 14 44 9 52 11 41 8 23 19 27 21 40 48 37 39 43 22 0 33 26 54 
3 14 37 1 2 17 28 18 41 44 19 33 6 50 26 21 4 45 42 23 38 5 46 52 31 25 53 16 29 7 32 34 30 10 47 39 27 43 8 49 51 35 9 11 15 20 24 40 13 12 48 22 36 54 0 
48 5 52 12 37 35 40 54 25 21 27 17 8 38 45 30 14 29 2 34 11 1 44 53 51 41 43 24 9 20 16 50 42 32 18 6 4 15 3 49 28 7 46 47 22 19 31 39 10 36 26 33 23 13 0 
48 5 52 12 37 35 40 54 25 21 27 17 8 38 45 30 14 29 2 34 11 1 44 53 51 41 43 24 9 20 16 50 42 32 18 6 4 15 3 49 28 7 46 47 22 19 31 39 10 36 26 33 23 13 0 
28 16 1 45 8 10 12 27 29 53 52 7 47 22 40 51 23 13 41 50 35 37 44 9 4 49 15 3 32 33 19 48 46 17 38 43 21 42 20 18 39 5 11 36 26 34 31 30 6 25 24 14 2 0 54 
34 35 33 49 13 4 37 11 29 23 43 44 22 5 39 48 9 0 15 53 7 50 2 19 20 10 31 38 17 45 12 26 51 30 14 41 1 52 42 32 18 21 28 47 6 25 46 16 36 40 54 24 8 3 27 
2 18 44 25 3 52 5 14 8 51 23 43 21 26 45 37 33 6 38 54 28 31 4 19 46 32 15 9 36 49 48 24 47 30 41 16 10 53 7 35 11 13 40 50 12 34 42 20 22 39 17 29 27 1 0 
49 11 50 36 15 21 45 26 30 46 34 32 43 54 13 53 47 35 44 12 52 42 5 8 39 51 40 48 17 14 29 41 25 6 38 37 16 22 28 10 33 31 20 27 7 24 2 23 19 18 9 4 3 1 0 
37 49 47 8 19 2 41 14 10 23 16 5 9 40 39 20 31 38 26 21 3 32 28 24 13 27 45 35 48 17 4 33 50 11 29 42 22 44 1 51 52 7 36 0 25 15 30 43 18 6 46 12 34 53 54 
12 10 25 11 47 2 13 28 38 5 46 43 52 22 39 31 16 41 50 17 3 42 1 14 37 40 34 6 23 24 7 53 15 32 45 8 29 33 30 21 27 9 49 51 4 19 18 48 26 44 35 36 20 0 54 
27 21 53 41 29 40 31 45 30 1 13 34 18 25 19 8 0 47 17 5 11 46 48 39 9 51 37 14 43 26 24 35 3 12 2 22 38 10 36 28 50 32 4 16 33 49 20 54 6 42 23 52 7 44 15 
27 21 53 41 29 40 31 45 30 1 13 34 18 25 19 8 0 47 17 5 11 46 48 39 9 51 37 14 43 26 24 35 3 12 2 22 38 10 36 28 50 32 4 16 33 49 20 54 6 42 23 52 7 44 15 
37 32 53 38 41 46 54 49 34 22 35 4 17 23 11 14 29 12 40 48 42 5 43 18 0 3 44 33 9 20 31 47 52 8 51 26 24 36 10 30 6 19 39 27 15 7 25 21 50 13 16 1 45 2 28 
25 6 41 23 27 0 36 20 50 21 17 16 28 34 2 13 12 31 40 9 18 44 5 37 1 3 45 26 15 51 4 47 48 39 11 33 54 24 30 10 7 46 43 35 22 8 49 29 38 14 19 52 32 42 53 
32 51 53 33 49 2 34 36 38 40 37 39 9 48 20 43 44 21 23 47 19 46 54 18 45 3 10 41 35 8 4 14 22 17 31 26 52 29 28 0 6 27 15 25 50 7 16 1 13 12 24 5 42 11 30 
26 43 10 8 0 40 47 28 1 51 9 6 30 12 53 23 32 44 29 37 13 2 25 42 46 15 34 39 31 18 22 3 49 14 19 48 35 20 4 33 24 27 41 5 21 45 50 7 54 11 17 16 36 38 52 
26 43 10 8 0 40 47 28 1 51 9 6 30 12 53 23 32 44 29 37 13 2 25 42 46 15 34 39 31 18 22 3 49 14 19 48 35 20 4 33 24 27 41 5 21 45 50 7 54 11 17 16 36 38 52 
29 28 24 20 4 15 8 47 19 32 25 51 39 38 1 35 10 31 22 45 21 6 12 14 0 9 41 2 5 48 37 43 7 50 26 17 11 40 23 36 27 3 44 33 49 34 16 13 18 53 54 30 46 42 52 
31 47 8 15 21 51 45 53 41 32 1 52 12 42 38 7 2 29 46 16 10 4 50 24 33 27 0 14 37 28 44 49 13 48 30 18 9 26 6 43 5 23 11 40 39 34 17 36 54 25 19 22 20 3 35 
35 24 15 41 9 22 33 49 21 6 18 2 30 48 10 14 19 0 13 11 29 45 43 23 17 1 51 46 52 31 44 40 16 5 39 32 3 26 36 38 4 37 54 28 12 7 47 25 20 8 27 50 34 42 53 
20 35 27 18 4 0 3 13 23 22 34 53 41 24 6 15 46 16 39 52 48 8 51 19 1 25 12 7 21 42 2 31 43 50 44 32 33 49 14 37 38 10 28 47 45 5 40 17 26 36 9 30 29 11 54 
32 18 33 19 34 24 37 20 49 42 31 10 36 29 6 2 25 28 43 26 23 51 39 30 4 16 7 15 44 45 52 46 21 17 5 3 1 0 48 11 50 41 22 35 54 12 8 14 38 9 40 47 13 27 53 
42 17 53 34 47 18 8 46 14 31 21 10 39 37 9 24 28 54 23 26 35 44 32 43 49 27 25 1 33 11 38 40 5 16 15 50 52 51 22 20 3 2 29 13 45 36 48 4 6 41 12 7 30 19 0 
49 23 33 39 2 43 8 47 14 13 18 6 45 46 27 12 17 41 21 7 25 32 9 19 54 53 10 40 48 26 31 37 28 11 36 24 30 15 3 35 52 29 50 20 22 51 34 1 0 44 42 5 38 16 4 
54 8 26 48 21 4 19 31 12 13 53 14 37 49 33 45 28 35 43 39 36 29 52 42 22 20 2 16 11 41 6 3 24 25 46 38 10 23 7 34 51 40 27 5 50 17 47 9 18 15 44 30 32 0 1 
37 49 47 8 19 2 41 14 10 23 16 5 9 40 39 20 31 38 26 21 3 32 28 24 13 27 45 35 48 17 4 33 50 11 29 42 22 44 1 51 52 7 36 0 25 15 30 43 18 6 46 12 34 53 54 
23 53 42 20 36 8 51 4 46 34 52 14 21 5 29 38 10 43 27 24 28 0 2 35 12 50 15 9 49 41 18 11 19 32 13 26 37 48 1 17 47 22 33 25 6 45 44 31 39 40 30 3 16 7 54 
38 43 46 10 22 19 47 49 0 39 37 48 50 7 5 24 52 45 18 9 20 6 41 16 14 31 42 12 29 23 35 36 26 34 13 53 40 15 8 30 4 25 44 27 21 51 32 3 54 1 28 17 2 11 33 
38 43 46 10 22 19 47 49 0 39 37 48 50 7 5 24 52 45 18 9 20 6 41 16 14 31 42 12 29 23 35 36 26 34 13 53 40 15 8 30 4 25 44 27 21 51 32 3 54 1 28 17 2 11 33 
4 53 41 2 43 36 8 52 6 3 40 31 54 44 51 19 35 11 27 49 50 12 9 47 37 10 46 15 45 5 21 42 7 16 29 32 20 39 22 38 17 24 13 34 23 25 33 30 48 26 28 14 1 0 18 
17 16 31 8 4 14 48 5 54 47 10 36 26 38 45 19 49 37 41 24 11 6 46 33 20 40 29 0 32 18 27 9 43 15 22 35 23 52 12 13 30 1 42 25 39 7 51 34 2 50 28 3 44 21 53 
49 9 34 45 10 42 36 29 17 26 11 33 41 44 46 23 40 37 24 39 25 12 48 15 6 14 43 32 16 31 27 3 0 8 30 54 20 22 28 47 35 13 7 5 21 53 1 19 51 38 52 50 2 18 4 
54 26 39 22 8 37 34 29 11 31 53 12 5 49 38 46 48 40 45 35 32 10 52 15 51 20 23 16 50 42 14 2 4 21 41 30 19 18 24 28 47 33 27 3 44 9 43 6 13 7 36 17 25 0 1 
47 48 2 42 21 8 43 19 9 22 3 32 49 15 17 26 4 50 53 41 51 6 25 30 1 33 45 46 37 29 14 36 38 10 27 44 35 28 11 5 12 40 13 23 18 39 16 7 34 54 24 20 52 31 0 
29 28 24 20 4 15 8 47 19 32 25 51 39 38 1 35 10 31 22 45 21 6 12 14 0 9 41 2 5 48 37 43 7 50 26 17 11 40 23 36 27 3 44 33 49 34 16 13 18 53 54 30 46 42 52 
26 53 37 14 20 40 54 24 43 39 17 31 38 45 29 6 1 8 33 51 9 3 7 36 35 27 41 12 50 25 21 49 22 10 32 15 16 48 4 19 2 28 5 47 23 42 46 44 52 30 11 18 13 0 34 
4 37 33 51 13 38 14 27 45 5 11 6 43 18 50 32 15 31 40 0 29 21 25 44 2 47 1 24 20 49 22 3 12 16 36 17 10 7 46 35 41 53 42 8 28 30 9 19 52 23 54 26 34 39 48 
31 38 24 5 37 22 19 1 20 4 2 13 52 35 53 3 45 43 33 6 18 29 51 30 16 7 12 49 25 14 47 8 11 28 17 9 39 10 0 21 23 48 36 26 50 27 32 34 44 40 41 42 46 54 15 
31 38 24 5 37 22 19 1 20 4 2 13 52 35 53 3 45 43 33 6 18 29 51 30 16 7 12 49 25 14 47 8 11 28 17 9 39 10 0 21 23 48 36 26 50 27 32 34 44 40 41 42 46 54 15 
30 26 46 34 27 33 17 51 4 53 42 9 13 49 3 25 44 0 16 12 18 41 14 22 11 38 48 47 54 10 8 43 50 21 39 1 2 28 31 37 20 36 24 35 40 5 52 23 19 15 6 7 45 29 32 
20 27 30 23 29 10 39 45 21 13 44 53 43 34 48 40 50 14 8 37 5 41 31 7 6 35 32 52 54 46 17 25 22 49 9 19 28 16 24 12 11 47 36 2 42 0 51 33 26 4 1 18 38 3 15 
52 14 51 4 19 35 49 48 8 53 37 10 5 46 43 17 24 23 1 45 27 0 15 44 13 6 41 42 29 11 20 40 50 22 38 31 39 34 2 33 9 32 18 30 36 12 26 25 21 16 28 3 54 7 47 
48 26 22 51 17 31 2 9 15 18 10 5 44 3 32 13 50 46 7 16 38 0 43 20 33 21 25 36 54 47 8 24 37 12 6 29 41 30 1 35 39 14 45 42 27 52 53 4 23 28 40 11 49 19 34 
12 33 24 13 42 2 15 9 49 23 40 17 11 36 14 46 54 47 19 50 21 5 38 41 45 3 0 27 10 29 6 25 44 32 18 35 39 48 16 30 7 52 53 34 4 20 31 1 43 26 28 8 51 22 37 
26 20 19 47 14 51 1 24 52 42 12 5 6 11 50 48 8 27 4 33 2 28 43 10 7 46 21 22 40 38 45 44 32 15 25 41 49 9 39 17 36 31 23 35 18 34 13 30 3 29 16 0 54 37 53 
45 19 39 15 30 27 6 50 21 49 11 29 13 17 14 48 40 8 41 31 33 18 1 47 53 44 12 54 36 28 0 42 38 3 32 37 20 4 34 35 26 52 7 24 5 23 9 22 51 10 2 46 25 43 16 
42 52 48 17 28 7 6 51 9 36 50 12 29 34 18 49 40 10 24 47 39 41 14 21 2 46 8 25 45 32 15 44 19 22 13 43 20 38 30 37 35 54 5 31 33 26 23 16 53 4 3 1 0 27 11 
42 52 48 17 28 7 6 51 9 36 50 12 29 34 18 49 40 10 24 47 39 41 14 21 2 46 8 25 45 32 15 44 19 22 13 43 20 38 30 37 35 54 5 31 33 26 23 16 53 4 3 1 0 27 11 
4 28 16 48 39 10 12 38 52 8 13 46 36 3 25 15 9 20 37 18 41 32 27 31 22 19 45 35 0 44 23 24 17 43 6 30 40 33 5 2 47 14 34 51 26 54 1 11 42 49 53 21 7 50 29 
8 9 19 25 42 43 13 45 12 14 10 38 7 44 35 53 50 2 31 39 28 5 17 37 40 18 46 33 20 49 27 30 23 21 29 52 3 24 11 22 34 15 47 4 48 51 54 36 26 6 32 16 41 0 1 
49 45 35 9 34 10 24 52 38 41 11 5 27 19 51 39 13 44 14 15 46 54 42 21 25 16 37 1 32 18 20 48 28 7 36 23 31 26 53 43 29 2 33 40 12 50 0 22 4 17 47 6 3 30 8 
54 0 29 11 48 26 36 47 45 30 10 13 2 23 41 46 51 4 21 27 7 43 34 42 38 40 20 32 1 18 53 37 8 22 49 33 6 3 31 28 25 15 44 19 52 16 5 14 35 9 50 24 12 17 39 
54 0 29 11 48 26 36 47 45 30 10 13 2 23 41 46 51 4 21 27 7 43 34 42 38 40 20 32 1 18 53 37 8 22 49 33 6 3 31 28 25 15 44 19 52 16 5 14 35 9 50 24 12 17 39 
1 31 9 49 26 29 12 21 13 28 27 44 0 35 47 38 48 39 52 45 50 36 17 4 37 10 41 18 6 42 3 40 54 24 8 16 20 33 22 7 23 43 30 25 5 34 15 14 32 2 19 51 11 46 53 
3 14 45 29 24 37 16 36 10 8 18 4 39 11 48 33 1 44 7 50 46 12 42 27 53 25 34 17 28 2 21 20 22 9 26 13 38 47 23 54 51 32 5 40 19 30 35 52 0 15 43 49 31 41 6 
3 44 25 35 1 5 36 43 34 52 53 29 21 40 11 17 10 54 37 38 6 2 42 32 51 22 20 30 28 14 8 27 48 9 24 39 50 18 4 16 47 13 31 7 19 23 46 41 26 12 45 15 33 49 0 
3 26 13 15 47 37 14 17 33 6 53 32 25 27 8 20 21 35 42 41 52 12 44 23 36 24 2 9 51 30 18 34 10 5 50 40 4 28 38 48 49 19 0 7 22 29 46 43 45 11 39 16 31 54 1 
16 28 1 14 37 24 39 10 5 40 46 7 42 45 43 2 0 44 41 17 38 54 48 18 33 34 35 11 3 26 50 21 20 13 30 6 29 27 53 31 22 19 4 49 25 9 8 15 51 36 23 32 12 52 47 
36 26 20 49 51 39 5 15 27 25 32 16 13 35 52 7 29 30 22 42 43 48 19 53 2 46 31 50 54 38 17 24 47 28 8 10 1 18 40 44 34 41 14 4 9 23 45 33 21 6 3 12 37 0 11 
27 41 2 13 8 36 10 33 37 51 26 20 44 29 35 16 38 22 7 5 39 43 25 50 34 45 0 15 24 23 14 9 49 46 3 32 52 12 21 47 28 31 54 17 19 6 30 40 4 48 18 1 42 11 53 
37 24 50 12 52 34 53 40 28 19 49 4 6 15 14 17 18 8 13 38 22 26 29 5 54 25 3 30 47 31 16 33 44 9 36 39 20 21 46 10 45 48 51 0 23 7 41 32 42 1 27 2 11 35 43 
6 13 37 51 14 40 39 15 41 44 25 33 42 0 1 50 12 26 29 19 32 20 9 49 48 10 43 2 24 47 23 28 31 16 3 46 54 35 36 38 18 4 34 5 27 30 17 22 7 8 21 11 45 52 53 
23 38 52 34 43 47 39 41 2 36 30 1 32 3 7 17 11 14 51 4 15 37 5 12 50 25 42 6 22 19 44 29 26 8 9 40 28 10 24 21 53 13 35 16 18 31 20 48 27 33 49 45 46 54 0 
46 2 0 30 4 9 48 37 52 28 15 31 26 19 53 22 5 41 27 33 35 6 7 29 20 49 51 1 10 11 17 23 8 13 42 45 34 14 16 3 44 12 24 43 25 40 32 18 21 39 38 36 54 47 50 
5 36 14 46 54 17 50 12 44 38 41 31 40 21 27 48 22 1 42 53 13 52 7 43 11 8 18 4 19 33 30 25 24 10 45 37 2 51 49 32 16 9 20 47 26 28 39 15 23 35 0 34 29 6 3 
8 9 19 25 42 43 13 45 12 14 10 38 7 44 35 53 50 2 31 39 28 5 17 37 40 18 46 33 20 49 27 30 23 21 29 52 3 24 11 22 34 15 47 4 48 51 54 36 26 6 32 16 41 0 1 
8 9 19 25 42 43 13 45 12 14 10 38 7 44 35 53 50 2 31 39 28 5 17 37 40 18 46 33 20 49 27 30 23 21 29 52 3 24 11 22 34 15 47 4 48 51 54 36 26 6 32 16 41 0 1 
47 22 10 28 40 35 42 38 37 0 25 16 33 19 15 3 18 30 14 36 4 34 46 31 2 45 23 6 50 1 17 26 5 43 49 9 8 20 13 12 39 21 7 53 29 27 44 32 41 52 48 51 24 11 54 
5 12 36 10 54 6 30 7 16 39 26 8 38 9 31 11 50 20 23 46 13 53 14 40 33 15 27 17 28 24 18 19 29 21 22 25 43 44 52 32 34 35 47 37 41 42 2 48 49 51 0 3 45 4 1 
48 38 42 51 43 39 52 32 6 19 45 4 20 37 36 10 49 27 14 26 24 34 41 0 8 13 2 9 22 47 28 17 44 11 29 21 7 5 25 1 33 18 46 40 23 53 15 3 35 30 50 12 54 16 31 
48 38 42 51 43 39 52 32 6 19 45 4 20 37 36 10 49 27 14 26 24 34 41 0 8 13 2 9 22 47 28 17 44 11 29 21 7 5 25 1 33 18 46 40 23 53 15 3 35 30 50 12 54 16 31 
6 32 28 40 11 23 50 15 49 1 38 21 37 48 4 29 53 44 9 19 25 43 46 20 27 2 5 17 10 26 47 33 3 42 41 7 35 39 31 51 8 34 52 12 24 13 22 36 16 14 18 30 45 54 0 
49 19 18 47 10 22 44 1 41 43 24 6 38 26 14 12 29 50 53 2 31 42 27 3 25 35 7 11 39 40 45 4 33 15 52 23 37 5 32 8 17 21 30 9 34 54 13 16 48 20 51 28 36 46 0 
16 28 1 14 37 24 39 10 5 40 46 7 42 45 43 2 0 44 41 17 38 54 48 18 33 34 35 11 3 26 50 21 20 13 30 6 29 27 53 31 22 19 4 49 25 9 8 15 51 36 23 32 12 52 47 
12 31 35 34 46 13 32 0 27 44 15 16 22 49 24 45 7 26 38 18 37 10 20 29 8 23 43 14 4 11 33 1 40 39 48 41 54 42 25 2 51 30 21 3 6 17 28 5 19 9 50 36 47 52 53 
28 53 44 24 10 8 4 46 52 17 51 34 45 5 16 12 50 29 43 23 27 15 42 38 9 49 19 6 48 47 18 33 31 13 7 22 1 41 32 26 40 14 39 20 30 37 36 0 25 35 21 2 11 3 54 
28 53 44 24 10 8 4 46 52 17 51 34 45 5 16 12 50 29 43 23 27 15 42 38 9 49 19 6 48 47 18 33 31 13 7 22 1 41 32 26 40 14 39 20 30 37 36 0 25 35 21 2 11 3 54 
27 48 22 47 8 30 45 46 54 53 2 6 26 52 7 21 41 1 37 40 38 35 10 39 17 28 12 23 36 34 4 33 51 13 50 43 3 25 19 24 9 49 18 16 20 32 11 5 44 42 15 14 31 29 0 
34 35 33 49 13 4 37 11 29 23 43 44 22 5 39 48 9 0 15 53 7 50 2 19 20 10 31 38 17 45 12 26 51 30 14 41 1 52 42 32 18 21 28 47 6 25 46 16 36 40 54 24 8 3 27 
34 35 33 49 13 4 37 11 29 23 43 44 22 5 39 48 9 0 15 53 7 50 2 19 20 10 31 38 17 45 12 26 51 30 14 41 1 52 42 32 18 21 28 47 6 25 46 16 36 40 54 24 8 3 27 
18 27 40 49 51 41 16 43 12 4 9 23 37 2 7 53 29 6 32 39 35 48 47 11 0 17 38 5 54 42 26 30 13 45 8 50 15 24 36 21 28 10 31 14 34 46 52 33 19 20 25 22 44 1 3 
44 41 48 25 11 42 7 5 18 47 17 39 16 46 35 37 54 1 33 8 22 19 20 34 23 53 4 40 28 52 29 10 36 26 32 21 2 13 38 14 51 27 50 15 0 49 30 31 3 45 43 9 24 12 6 
18 17 38 52 34 13 26 20 15 27 8 39 10 32 40 47 33 30 4 25 41 23 50 29 21 45 0 14 37 51 28 43 53 11 3 36 5 54 48 2 24 35 44 16 31 9 49 6 12 46 22 7 42 19 1 
44 33 4 32 3 21 54 17 35 5 29 14 37 38 11 53 25 46 31 22 52 6 0 26 9 18 41 51 13 12 43 36 8 28 19 50 39 47 10 49 30 48 20 15 1 45 34 42 40 23 27 24 2 16 7 
44 33 4 32 3 21 54 17 35 5 29 14 37 38 11 53 25 46 31 22 52 6 0 26 9 18 41 51 13 12 43 36 8 28 19 50 39 47 10 49 30 48 20 15 1 45 34 42 40 23 27 24 2 16 7 
12 6 4 2 22 3 33 10 47 25 52 43 27 11 49 32 23 8 24 14 44 34 21 40 35 26 36 15 16 5 7 19 48 38 20 9 18 30 1 37 51 39 17 42 13 29 50 53 54 0 41 45 28 31 46 
30 32 5 40 11 27 36 28 0 7 50 52 53 41 46 33 51 34 15 18 14 43 26 42 21 45 29 25 6 19 1 3 12 48 23 13 17 39 35 31 38 9 49 4 44 22 20 8 24 10 2 37 47 54 16 
25 6 41 23 27 0 36 20 50 21 17 16 28 34 2 13 12 31 40 9 18 44 5 37 1 3 45 26 15 51 4 47 48 39 11 33 54 24 30 10 7 46 43 35 22 8 49 29 38 14 19 52 32 42 53 
49 33 48 31 30 42 32 3 22 14 27 35 34 10 6 24 23 4 25 20 13 19 47 38 52 15 51 45 9 8 36 5 37 12 26 54 7 46 43 11 39 40 18 16 28 53 41 17 2 29 50 44 0 21 1 
49 19 17 39 33 9 25 1 52 44 23 6 4 2 37 14 53 50 20 3 45 48 28 5 16 35 29 7 40 26 22 8 36 15 10 31 47 11 46 12 24 13 51 18 34 54 21 27 30 32 43 38 41 42 0 
54 37 33 11 29 31 26 36 48 1 21 53 9 32 14 52 50 12 46 25 5 17 16 24 44 35 22 19 18 23 6 13 2 51 8 49 30 3 40 47 15 42 43 34 45 41 4 39 27 7 38 28 10 20 0 
54 37 33 11 29 31 26 36 48 1 21 53 9 32 14 52 50 12 46 25 5 17 16 24 44 35 22 19 18 23 6 13 2 51 8 49 30 3 40 47 15 42 43 34 45 41 4 39 27 7 38 28 10 20 0 
34 31 43 29 16 9 52 14 32 33 4 1 23 36 11 42 22 19 6 21 7 54 2 50 12 39 38 49 10 8 25 35 15 3 18 30 45 46 53 47 20 44 17 5 13 51 28 40 37 24 48 26 27 41 0 
34 31 43 29 16 9 52 14 32 33 4 1 23 36 11 42 22 19 6 21 7 54 2 50 12 39 38 49 10 8 25 35 15 3 18 30 45 46 53 47 20 44 17 5 13 51 28 40 37 24 48 26 27 41 0 
0 46 7 52 26 28 10 38 15 54 1 41 21 20 24 35 50 53 29 13 23 11 2 4 19 32 45 5 39 48 3 25 51 31 40 16 49 30 22 8 6 12 43 42 9 34 14 18 27 37 17 36 33 47 44 
50 52 33 9 35 48 37 51 4 38 17 20 30 32 6 7 13 11 19 49 29 54 10 46 3 26 43 24 45 18 41 44 22 39 14 12 21 42 53 36 0 47 28 31 23 16 27 25 40 8 1 5 2 34 15 
4 50 32 33 8 43 25 49 16 41 5 19 9 48 0 27 44 36 39 47 14 12 7 46 22 34 52 42 40 11 28 38 24 31 37 54 15 30 18 29 10 26 17 23 13 53 20 6 3 2 51 45 21 35 1 
