21 17 23 45 30 36 27 13 1 22 29 44 18 40 26 19 10 3 8 34 5 16 49 11 4 48 15 12 47 43 7 35 37 28 38 33 6 42 32 2 0 20 9 24 41 46 31 25 39 14 
20 29 36 8 11 45 6 14 34 4 15 1 24 13 33 0 9 44 5 48 22 2 30 16 32 42 26 27 19 23 35 46 17 18 10 40 3 12 47 38 7 37 28 21 43 25 41 39 31 49 
20 29 36 8 11 45 6 14 34 4 15 1 24 13 33 0 9 44 5 48 22 2 30 16 32 42 26 27 19 23 35 46 17 18 10 40 3 12 47 38 7 37 28 21 43 25 41 39 31 49 
12 46 41 27 6 24 45 48 11 26 38 37 9 14 4 23 34 10 36 44 33 28 42 39 30 19 29 8 40 18 22 16 5 17 21 20 35 13 7 32 2 25 0 31 47 15 1 43 3 49 
39 23 45 21 17 37 7 5 44 36 24 9 32 31 10 13 3 12 19 8 34 33 43 48 15 28 41 38 16 40 49 14 20 4 30 11 29 26 27 35 47 42 6 2 1 46 25 18 22 0 
39 23 45 21 17 37 7 5 44 36 24 9 32 31 10 13 3 12 19 8 34 33 43 48 15 28 41 38 16 40 49 14 20 4 30 11 29 26 27 35 47 42 6 2 1 46 25 18 22 0 
18 7 15 23 0 28 8 45 19 4 48 16 12 25 24 41 1 31 47 5 17 22 32 33 46 38 34 2 14 37 44 26 40 3 43 29 6 42 11 30 39 27 36 9 20 35 21 49 10 13 
2 49 15 11 12 36 26 23 21 41 10 9 1 18 28 37 33 29 3 14 48 7 34 47 42 8 38 44 39 40 22 4 46 16 5 45 17 30 24 27 43 35 6 20 32 31 13 25 19 0 
39 4 20 26 30 21 27 13 32 18 24 19 3 45 29 6 33 1 35 22 37 2 17 5 9 36 44 11 7 14 49 12 8 15 23 28 46 25 41 10 48 16 38 42 31 47 43 34 40 0 
39 4 20 26 30 21 27 13 32 18 24 19 3 45 29 6 33 1 35 22 37 2 17 5 9 36 44 11 7 14 49 12 8 15 23 28 46 25 41 10 48 16 38 42 31 47 43 34 40 0 
30 9 44 13 18 17 31 14 37 43 11 47 34 27 6 42 4 23 40 41 0 20 3 28 21 10 38 35 8 24 26 19 16 12 36 1 7 46 32 25 2 45 22 29 5 15 48 33 39 49 
32 16 21 47 4 19 37 35 2 42 14 49 10 40 11 3 41 48 29 36 5 6 27 30 23 15 43 9 24 7 31 22 25 34 13 8 12 46 38 45 17 44 26 18 20 28 0 39 1 33 
27 18 45 40 1 41 49 48 28 0 32 22 13 25 24 44 21 12 15 42 9 8 19 17 36 4 38 3 47 10 20 31 5 2 35 29 39 26 33 46 34 7 16 30 11 23 43 14 37 6 
9 5 21 44 26 22 36 13 24 4 27 20 25 29 31 32 49 47 3 45 34 42 35 37 6 15 40 0 17 46 48 41 2 43 10 12 16 11 28 38 39 7 18 30 8 33 23 14 19 1 
9 5 21 44 26 22 36 13 24 4 27 20 25 29 31 32 49 47 3 45 34 42 35 37 6 15 40 0 17 46 48 41 2 43 10 12 16 11 28 38 39 7 18 30 8 33 23 14 19 1 
41 8 12 21 45 46 7 35 33 38 14 36 1 5 30 2 16 44 42 29 19 22 26 10 6 32 24 40 17 20 28 3 15 31 39 43 4 13 49 34 9 27 23 11 48 18 47 37 25 0 
37 33 25 32 36 7 47 12 21 48 19 4 14 6 35 17 30 28 41 2 11 49 9 15 34 24 1 23 44 45 42 27 18 10 29 22 16 13 3 40 39 43 5 38 8 26 20 31 46 0 
37 33 25 32 36 7 47 12 21 48 19 4 14 6 35 17 30 28 41 2 11 49 9 15 34 24 1 23 44 45 42 27 18 10 29 22 16 13 3 40 39 43 5 38 8 26 20 31 46 0 
14 16 42 20 39 37 31 27 25 44 29 32 12 33 19 43 6 45 36 22 4 5 11 48 21 26 34 24 9 1 8 35 47 15 23 10 30 49 13 28 17 41 0 3 40 46 2 18 7 38 
4 11 36 8 33 22 44 21 13 42 43 14 2 48 16 34 3 26 5 35 9 24 20 38 23 10 27 18 40 29 39 6 31 7 12 19 45 46 47 28 25 1 17 32 41 49 30 15 0 37 
0 2 20 47 45 1 42 18 41 23 13 9 24 34 27 22 26 40 5 7 3 35 39 33 14 4 38 44 36 32 25 46 6 49 11 8 29 21 28 19 10 12 17 16 15 30 43 31 37 48 
0 2 20 47 45 1 42 18 41 23 13 9 24 34 27 22 26 40 5 7 3 35 39 33 14 4 38 44 36 32 25 46 6 49 11 8 29 21 28 19 10 12 17 16 15 30 43 31 37 48 
3 42 38 10 23 15 1 13 18 34 19 2 40 26 21 22 49 4 35 14 27 6 29 30 5 9 33 47 7 37 39 31 43 48 17 45 46 8 11 12 24 28 36 44 16 32 20 25 41 0 
3 42 38 10 23 15 1 13 18 34 19 2 40 26 21 22 49 4 35 14 27 6 29 30 5 9 33 47 7 37 39 31 43 48 17 45 46 8 11 12 24 28 36 44 16 32 20 25 41 0 
3 42 38 10 23 15 1 13 18 34 19 2 40 26 21 22 49 4 35 14 27 6 29 30 5 9 33 47 7 37 39 31 43 48 17 45 46 8 11 12 24 28 36 44 16 32 20 25 41 0 
15 48 13 29 25 10 30 5 23 40 6 21 39 24 1 8 4 41 22 36 44 34 11 19 7 33 31 0 12 47 17 32 3 16 45 38 26 18 9 27 37 14 43 46 20 2 35 42 49 28 
15 48 13 29 25 10 30 5 23 40 6 21 39 24 1 8 4 41 22 36 44 34 11 19 7 33 31 0 12 47 17 32 3 16 45 38 26 18 9 27 37 14 43 46 20 2 35 42 49 28 
43 2 4 38 13 36 22 27 11 6 5 21 9 34 24 35 14 47 31 39 7 10 44 29 30 40 8 25 46 20 12 17 45 23 15 16 37 3 19 42 26 41 28 18 33 48 49 0 32 1 
43 2 4 38 13 36 22 27 11 6 5 21 9 34 24 35 14 47 31 39 7 10 44 29 30 40 8 25 46 20 12 17 45 23 15 16 37 3 19 42 26 41 28 18 33 48 49 0 32 1 
37 20 1 29 27 24 34 46 14 48 19 36 12 15 17 40 45 8 2 42 10 28 23 6 31 25 3 5 18 35 44 32 39 43 4 22 49 9 7 33 38 21 11 47 13 26 16 30 41 0 
26 23 40 9 42 12 44 3 2 24 8 49 6 47 4 25 39 11 34 5 43 14 7 36 27 1 31 33 37 13 19 17 15 35 22 41 16 48 18 29 32 20 45 21 28 10 38 46 0 30 
26 23 40 9 42 12 44 3 2 24 8 49 6 47 4 25 39 11 34 5 43 14 7 36 27 1 31 33 37 13 19 17 15 35 22 41 16 48 18 29 32 20 45 21 28 10 38 46 0 30 
16 6 34 14 19 46 24 20 26 4 22 36 27 44 45 8 31 32 25 23 43 39 37 7 0 33 13 38 48 49 40 47 30 5 1 29 15 2 28 41 18 17 3 42 11 10 9 35 12 21 
16 6 34 14 19 46 24 20 26 4 22 36 27 44 45 8 31 32 25 23 43 39 37 7 0 33 13 38 48 49 40 47 30 5 1 29 15 2 28 41 18 17 3 42 11 10 9 35 12 21 
30 48 43 3 32 33 15 25 13 17 11 23 38 9 42 6 5 4 41 31 0 39 47 8 35 14 37 19 29 27 24 22 36 12 34 1 46 20 26 16 2 21 18 45 7 10 44 28 40 49 
8 4 32 33 28 38 16 13 22 26 48 31 43 34 7 24 35 3 47 5 29 41 30 11 46 15 12 6 36 44 45 27 17 14 42 9 18 40 21 10 39 25 37 20 0 23 19 1 2 49 
8 4 32 33 28 38 16 13 22 26 48 31 43 34 7 24 35 3 47 5 29 41 30 11 46 15 12 6 36 44 45 27 17 14 42 9 18 40 21 10 39 25 37 20 0 23 19 1 2 49 
41 33 7 34 36 1 4 23 22 24 40 13 12 27 28 39 14 42 37 9 2 45 32 3 47 30 16 20 8 48 26 21 5 29 19 6 18 44 35 15 10 11 49 43 17 25 46 31 38 0 
40 29 44 34 4 32 2 13 43 15 12 47 14 26 41 21 28 36 39 37 0 30 38 6 18 25 35 8 5 33 22 23 31 9 27 1 24 46 19 10 3 17 16 11 7 20 48 42 45 49 
40 29 44 34 4 32 2 13 43 15 12 47 14 26 41 21 28 36 39 37 0 30 38 6 18 25 35 8 5 33 22 23 31 9 27 1 24 46 19 10 3 17 16 11 7 20 48 42 45 49 
31 46 38 11 16 18 33 49 36 27 24 7 35 4 34 44 22 9 6 10 1 15 30 47 14 13 28 37 19 25 2 23 21 0 20 5 17 40 8 42 12 45 41 32 26 29 39 43 48 3 
31 46 38 11 16 18 33 49 36 27 24 7 35 4 34 44 22 9 6 10 1 15 30 47 14 13 28 37 19 25 2 23 21 0 20 5 17 40 8 42 12 45 41 32 26 29 39 43 48 3 
31 46 38 11 16 18 33 49 36 27 24 7 35 4 34 44 22 9 6 10 1 15 30 47 14 13 28 37 19 25 2 23 21 0 20 5 17 40 8 42 12 45 41 32 26 29 39 43 48 3 
16 11 18 5 44 35 14 12 4 29 23 9 41 33 6 20 22 1 30 36 31 27 8 28 43 38 39 42 26 10 46 32 13 40 0 3 19 34 21 7 45 25 2 47 48 17 15 37 24 49 
44 45 40 8 15 36 34 19 18 48 28 38 41 1 21 11 25 13 10 4 6 30 29 47 33 37 31 26 20 39 7 32 46 2 22 12 5 17 16 49 23 42 0 14 35 43 3 24 9 27 
44 45 40 8 15 36 34 19 18 48 28 38 41 1 21 11 25 13 10 4 6 30 29 47 33 37 31 26 20 39 7 32 46 2 22 12 5 17 16 49 23 42 0 14 35 43 3 24 9 27 
44 45 40 8 15 36 34 19 18 48 28 38 41 1 21 11 25 13 10 4 6 30 29 47 33 37 31 26 20 39 7 32 46 2 22 12 5 17 16 49 23 42 0 14 35 43 3 24 9 27 
10 40 15 14 19 24 27 25 39 11 38 18 26 46 2 36 13 17 23 16 35 37 33 42 29 20 31 41 0 28 22 49 4 32 47 8 7 3 6 1 5 21 45 43 30 9 44 48 12 34 
19 6 27 13 17 23 5 9 18 48 12 4 15 29 1 49 14 31 41 24 36 10 30 25 38 42 2 37 16 35 28 32 3 26 39 20 47 21 7 34 46 8 11 45 22 44 33 40 43 0 
1 42 24 18 36 29 35 31 49 14 39 37 4 11 48 8 45 27 33 32 16 12 47 13 5 2 46 21 20 44 25 7 43 38 19 30 41 9 40 28 3 34 26 23 22 6 17 15 10 0 
1 42 24 18 36 29 35 31 49 14 39 37 4 11 48 8 45 27 33 32 16 12 47 13 5 2 46 21 20 44 25 7 43 38 19 30 41 9 40 28 3 34 26 23 22 6 17 15 10 0 
1 42 24 18 36 29 35 31 49 14 39 37 4 11 48 8 45 27 33 32 16 12 47 13 5 2 46 21 20 44 25 7 43 38 19 30 41 9 40 28 3 34 26 23 22 6 17 15 10 0 
13 7 29 25 31 3 14 16 27 8 4 26 33 43 5 42 37 0 20 32 9 40 17 44 12 30 10 15 34 1 18 11 21 28 45 22 38 35 23 2 36 39 41 6 47 48 49 19 46 24 
7 20 1 27 13 9 22 16 26 31 24 2 39 47 37 18 46 43 3 25 12 30 10 34 4 17 5 32 42 48 44 23 21 41 6 29 19 8 11 36 40 45 14 38 15 33 28 35 49 0 
7 20 1 27 13 9 22 16 26 31 24 2 39 47 37 18 46 43 3 25 12 30 10 34 4 17 5 32 42 48 44 23 21 41 6 29 19 8 11 36 40 45 14 38 15 33 28 35 49 0 
6 28 11 34 48 18 21 25 41 2 33 47 13 7 46 9 32 12 17 10 29 31 14 35 45 15 23 44 40 30 16 26 43 8 36 1 22 42 39 27 24 38 4 49 20 3 19 5 0 37 
6 28 11 34 48 18 21 25 41 2 33 47 13 7 46 9 32 12 17 10 29 31 14 35 45 15 23 44 40 30 16 26 43 8 36 1 22 42 39 27 24 38 4 49 20 3 19 5 0 37 
17 40 9 28 45 13 29 8 47 27 21 35 46 36 26 44 3 4 14 7 43 19 42 22 1 33 18 38 6 41 39 37 10 11 25 34 32 2 31 15 30 16 5 24 23 20 12 0 49 48 
33 18 39 12 16 48 37 10 29 17 15 41 7 27 35 25 46 32 31 38 20 26 45 47 5 11 23 30 21 4 34 13 14 43 8 44 40 9 1 0 19 42 28 24 3 36 6 22 49 2 
33 18 39 12 16 48 37 10 29 17 15 41 7 27 35 25 46 32 31 38 20 26 45 47 5 11 23 30 21 4 34 13 14 43 8 44 40 9 1 0 19 42 28 24 3 36 6 22 49 2 
36 45 26 47 48 27 18 19 2 46 31 20 44 42 33 17 23 40 11 35 39 24 3 10 6 16 4 43 37 5 13 41 21 1 29 32 8 14 9 30 28 49 12 15 22 7 34 38 0 25 
15 44 45 12 21 43 17 24 1 19 42 41 30 5 40 22 26 6 16 4 39 27 29 38 37 31 36 46 32 2 34 9 33 0 28 25 7 23 20 13 18 14 11 8 10 3 49 47 48 35 
24 9 30 10 20 22 8 49 19 21 4 11 28 6 41 15 43 33 23 37 5 17 34 1 42 48 12 40 25 39 13 47 31 35 38 14 3 29 18 44 26 2 32 16 45 46 0 27 7 36 
24 9 30 10 20 22 8 49 19 21 4 11 28 6 41 15 43 33 23 37 5 17 34 1 42 48 12 40 25 39 13 47 31 35 38 14 3 29 18 44 26 2 32 16 45 46 0 27 7 36 
9 27 24 21 12 49 44 2 6 36 48 15 38 47 46 26 30 23 10 37 45 40 31 43 17 14 42 19 33 7 41 20 39 5 16 35 11 32 34 18 29 28 25 13 22 8 4 3 1 0 
9 27 24 21 12 49 44 2 6 36 48 15 38 47 46 26 30 23 10 37 45 40 31 43 17 14 42 19 33 7 41 20 39 5 16 35 11 32 34 18 29 28 25 13 22 8 4 3 1 0 
13 36 41 38 20 19 45 1 25 26 29 34 23 6 39 42 22 8 35 37 4 49 11 31 2 24 30 44 40 0 9 3 21 5 18 14 28 10 16 33 17 7 48 12 43 46 47 15 32 27 
13 36 41 38 20 19 45 1 25 26 29 34 23 6 39 42 22 8 35 37 4 49 11 31 2 24 30 44 40 0 9 3 21 5 18 14 28 10 16 33 17 7 48 12 43 46 47 15 32 27 
8 16 22 9 6 11 42 28 12 10 37 25 14 30 15 17 41 26 4 34 19 27 20 49 5 23 45 18 38 29 31 32 33 36 7 39 40 13 44 3 47 48 24 1 21 43 0 46 2 35 
8 16 22 9 6 11 42 28 12 10 37 25 14 30 15 17 41 26 4 34 19 27 20 49 5 23 45 18 38 29 31 32 33 36 7 39 40 13 44 3 47 48 24 1 21 43 0 46 2 35 
2 46 27 24 41 18 3 33 45 10 4 15 5 20 37 26 13 6 42 43 7 14 22 34 48 8 9 35 11 40 12 16 29 30 36 17 39 47 19 21 23 49 25 31 28 32 38 44 0 1 
2 46 27 24 41 18 3 33 45 10 4 15 5 20 37 26 13 6 42 43 7 14 22 34 48 8 9 35 11 40 12 16 29 30 36 17 39 47 19 21 23 49 25 31 28 32 38 44 0 1 
6 28 25 16 42 40 13 3 8 19 22 4 32 35 0 11 21 23 41 1 14 15 39 37 34 17 2 38 31 20 46 10 5 44 30 27 29 18 7 12 45 9 24 49 26 36 33 43 47 48 
6 28 25 16 42 40 13 3 8 19 22 4 32 35 0 11 21 23 41 1 14 15 39 37 34 17 2 38 31 20 46 10 5 44 30 27 29 18 7 12 45 9 24 49 26 36 33 43 47 48 
16 6 13 43 17 40 32 26 7 31 46 11 42 4 0 10 15 12 23 14 18 41 37 35 45 33 27 30 19 20 44 36 1 25 39 22 24 38 2 29 34 3 28 49 5 9 8 21 47 48 
22 23 20 39 2 3 42 1 11 30 16 5 0 45 46 49 14 15 9 24 28 25 37 31 10 48 41 21 19 47 12 33 38 27 13 44 26 17 35 36 18 32 29 43 7 40 4 34 6 8 
32 34 42 24 22 7 17 49 47 14 39 46 35 43 19 13 18 23 9 10 36 16 21 45 44 8 30 48 31 40 26 15 38 33 12 11 37 29 4 6 2 28 0 27 25 5 1 20 3 41 
41 11 49 3 23 29 4 47 14 9 38 30 45 15 48 17 22 21 46 18 19 7 24 44 40 32 43 39 5 26 27 36 42 35 37 28 31 25 34 6 1 33 20 12 16 2 13 10 8 0 
41 11 49 3 23 29 4 47 14 9 38 30 45 15 48 17 22 21 46 18 19 7 24 44 40 32 43 39 5 26 27 36 42 35 37 28 31 25 34 6 1 33 20 12 16 2 13 10 8 0 
34 30 36 4 27 20 35 18 17 1 44 38 33 41 12 11 48 26 25 16 6 49 3 19 5 21 23 8 22 42 39 15 31 46 7 13 9 10 45 40 28 2 24 29 43 47 32 14 0 37 
20 17 6 22 30 16 48 15 31 35 39 7 45 8 9 14 42 13 36 37 0 24 21 29 11 43 12 4 47 5 28 41 23 34 25 1 40 27 32 46 2 38 44 19 3 10 33 18 26 49 
20 17 6 22 30 16 48 15 31 35 39 7 45 8 9 14 42 13 36 37 0 24 21 29 11 43 12 4 47 5 28 41 23 34 25 1 40 27 32 46 2 38 44 19 3 10 33 18 26 49 
2 36 0 27 35 47 10 31 1 33 41 9 30 23 34 12 32 46 3 42 19 11 4 45 15 7 5 22 21 6 37 18 24 20 8 44 13 29 14 43 25 40 16 17 26 39 28 38 48 49 
40 45 6 29 25 0 43 37 34 13 36 38 23 18 22 44 17 41 31 5 1 48 4 30 9 27 12 3 35 20 24 7 2 46 19 8 14 21 32 28 10 11 47 26 15 16 42 33 39 49 
24 6 28 7 4 17 13 8 27 9 44 36 41 46 21 49 5 48 39 25 23 15 12 42 0 47 3 14 29 45 34 31 37 16 32 43 20 1 11 40 22 30 18 38 19 35 26 33 2 10 
24 6 28 7 4 17 13 8 27 9 44 36 41 46 21 49 5 48 39 25 23 15 12 42 0 47 3 14 29 45 34 31 37 16 32 43 20 1 11 40 22 30 18 38 19 35 26 33 2 10 
39 10 43 38 32 49 14 44 19 46 9 21 5 42 23 31 6 2 15 47 48 3 28 16 30 26 34 17 27 37 20 11 45 12 25 41 7 13 22 4 40 36 1 24 35 33 8 29 18 0 
7 12 10 28 39 15 34 47 46 35 21 30 41 37 26 45 49 23 11 27 43 36 42 17 16 8 14 22 9 40 38 25 3 48 20 32 31 33 24 18 19 4 1 13 6 5 2 0 44 29 
35 11 16 12 3 34 8 7 47 13 22 23 15 19 4 39 25 31 49 18 29 37 24 27 33 21 38 5 17 45 42 28 6 43 48 0 41 9 14 36 30 20 46 32 26 1 44 2 40 10 
35 11 16 12 3 34 8 7 47 13 22 23 15 19 4 39 25 31 49 18 29 37 24 27 33 21 38 5 17 45 42 28 6 43 48 0 41 9 14 36 30 20 46 32 26 1 44 2 40 10 
32 24 29 47 0 23 37 30 11 21 14 28 43 4 6 25 7 16 45 20 39 2 44 9 42 15 10 1 27 31 35 38 13 17 41 26 40 36 18 49 8 22 33 19 46 12 3 34 5 48 
24 18 48 1 15 5 12 38 6 11 21 16 17 8 34 7 3 23 29 42 10 44 36 13 27 49 46 33 28 14 39 31 19 4 45 22 25 41 43 47 26 30 37 32 35 40 9 2 0 20 
24 18 48 1 15 5 12 38 6 11 21 16 17 8 34 7 3 23 29 42 10 44 36 13 27 49 46 33 28 14 39 31 19 4 45 22 25 41 43 47 26 30 37 32 35 40 9 2 0 20 
27 21 7 42 18 41 3 4 10 47 11 48 16 49 28 12 44 36 13 5 15 26 17 23 25 2 20 38 8 24 29 34 1 43 31 32 33 45 35 14 39 6 46 0 19 30 40 22 37 9 
12 3 38 4 15 47 6 28 30 8 18 29 21 49 35 25 7 24 9 26 22 14 44 45 17 31 32 33 10 5 37 41 19 13 16 43 40 36 0 23 11 42 34 27 1 39 2 20 46 48 
12 3 38 4 15 47 6 28 30 8 18 29 21 49 35 25 7 24 9 26 22 14 44 45 17 31 32 33 10 5 37 41 19 13 16 43 40 36 0 23 11 42 34 27 1 39 2 20 46 48 
9 4 43 16 13 49 17 15 14 12 11 48 42 30 26 5 45 2 38 35 47 23 41 46 44 20 32 24 28 25 21 34 40 36 22 39 31 37 8 3 33 29 1 18 27 19 6 10 7 0 
9 4 43 16 13 49 17 15 14 12 11 48 42 30 26 5 45 2 38 35 47 23 41 46 44 20 32 24 28 25 21 34 40 36 22 39 31 37 8 3 33 29 1 18 27 19 6 10 7 0 
34 3 42 12 14 22 32 31 11 7 30 45 17 4 40 36 24 44 13 18 6 16 46 37 19 21 35 27 10 26 8 38 29 49 25 9 41 33 15 28 20 1 0 39 47 48 2 23 5 43 
34 3 42 12 14 22 32 31 11 7 30 45 17 4 40 36 24 44 13 18 6 16 46 37 19 21 35 27 10 26 8 38 29 49 25 9 41 33 15 28 20 1 0 39 47 48 2 23 5 43 
