17 3 2 10 8 6 11 0 15 1 7 14 13 16 5 12 4 19 9 18 
5 4 12 9 3 17 15 1 7 11 0 6 8 2 10 18 19 14 13 16 
5 4 12 9 3 17 15 1 7 11 0 6 8 2 10 18 19 14 13 16 
5 4 12 9 3 17 15 1 7 11 0 6 8 2 10 18 19 14 13 16 
5 4 12 9 3 17 15 1 7 11 0 6 8 2 10 18 19 14 13 16 
5 4 12 9 3 17 15 1 7 11 0 6 8 2 10 18 19 14 13 16 
5 4 12 9 3 17 15 1 7 11 0 6 8 2 10 18 19 14 13 16 
5 4 12 9 3 17 15 1 7 11 0 6 8 2 10 18 19 14 13 16 
18 9 12 4 19 5 16 13 14 1 15 17 3 7 0 6 11 8 2 10 
18 9 12 4 19 5 16 13 14 1 15 17 3 7 0 6 11 8 2 10 
18 9 12 4 19 5 16 13 14 1 15 17 3 7 0 6 11 8 2 10 
18 9 12 4 19 5 16 13 14 1 15 17 3 7 0 6 11 8 2 10 
9 12 4 19 5 16 13 14 17 15 1 7 11 6 0 3 2 10 8 18 
18 9 12 4 19 5 16 13 14 1 15 17 3 7 0 6 11 8 2 10 
9 12 4 19 5 16 13 14 17 15 1 7 11 6 0 3 2 10 8 18 
0 6 11 15 17 3 10 2 8 18 9 12 5 4 19 16 13 14 1 7 
0 6 11 15 17 3 10 2 8 18 9 12 5 4 19 16 13 14 1 7 
0 6 11 15 17 3 10 2 8 18 9 12 5 4 19 16 13 14 1 7 
0 6 11 15 17 3 10 2 8 18 9 12 5 4 19 16 13 14 1 7 
0 6 11 15 17 3 10 2 8 18 9 12 5 4 19 16 13 14 1 7 
0 6 11 15 17 3 10 2 8 18 9 12 5 4 19 16 13 14 1 7 
0 6 11 15 17 3 10 2 8 18 9 12 5 4 19 16 13 14 1 7 
0 6 11 15 17 3 10 2 8 18 9 12 5 4 19 16 13 14 1 7 
0 6 11 15 17 3 10 2 8 18 9 12 5 4 19 16 13 14 1 7 
17 3 15 1 7 11 0 6 8 10 2 18 9 12 4 19 5 16 13 14 
17 3 15 1 7 11 0 6 8 10 2 18 9 12 4 19 5 16 13 14 
17 3 15 1 7 11 0 6 8 10 2 18 9 12 4 19 5 16 13 14 
17 3 15 1 7 11 0 6 8 10 2 18 9 12 4 19 5 16 13 14 
17 3 15 1 7 11 0 6 8 10 2 18 9 12 4 19 5 16 13 14 
17 3 15 1 7 11 0 6 8 10 2 18 9 12 4 19 5 16 13 14 
17 3 15 1 7 11 0 6 8 10 2 18 9 12 4 19 5 16 13 14 
17 3 15 1 7 11 0 6 8 10 2 18 9 12 4 19 5 16 13 14 
17 3 15 1 7 11 0 6 8 10 2 18 9 12 4 19 5 16 13 14 
17 3 15 1 7 11 0 6 8 10 2 18 9 12 4 19 5 16 13 14 
17 3 15 1 7 11 0 6 8 10 2 18 9 12 4 19 5 16 13 14 
17 3 15 1 7 11 0 6 8 10 2 18 9 12 4 19 5 16 13 14 
17 3 15 1 7 11 0 6 8 10 2 18 9 12 4 19 5 16 13 14 
17 3 15 1 7 11 0 6 8 10 2 18 9 12 4 19 5 16 13 14 
17 3 15 1 7 11 0 6 8 10 2 18 9 12 4 19 5 16 13 14 
17 3 15 1 7 11 0 6 8 10 2 18 9 12 4 19 5 16 13 14 
17 3 15 1 7 11 0 6 8 10 2 18 9 12 4 19 5 16 13 14 
17 3 15 1 7 11 0 6 8 10 2 18 9 12 4 19 5 16 13 14 
12 4 9 5 16 13 14 19 3 17 15 1 7 0 11 6 8 2 10 18 
12 4 9 5 16 13 14 19 3 17 15 1 7 0 11 6 8 2 10 18 
12 4 9 5 16 13 14 19 3 17 15 1 7 0 11 6 8 2 10 18 
12 4 9 5 16 13 14 19 3 17 15 1 7 0 11 6 8 2 10 18 
5 12 4 19 14 13 3 17 15 1 7 0 11 6 8 10 2 18 9 16 
5 12 4 19 14 13 3 17 15 1 7 0 11 6 8 10 2 18 9 16 
5 12 4 19 14 13 3 17 15 1 7 0 11 6 8 10 2 18 9 16 
5 12 4 19 14 13 3 17 15 1 7 0 11 6 8 10 2 18 9 16 
5 12 4 19 14 13 3 17 15 1 7 0 11 6 8 10 2 18 9 16 
5 12 4 19 14 13 3 17 15 1 7 0 11 6 8 10 2 18 9 16 
5 12 4 19 14 13 3 17 15 1 7 0 11 6 8 10 2 18 9 16 
5 12 4 19 14 13 3 17 15 1 7 0 11 6 8 10 2 18 9 16 
5 12 4 19 14 13 3 17 15 1 7 0 11 6 8 10 2 18 9 16 
5 12 4 19 14 13 3 17 15 1 7 0 11 6 8 10 2 18 9 16 
5 12 4 19 14 13 3 17 15 1 7 0 11 6 8 10 2 18 9 16 
5 12 4 19 14 13 3 17 15 1 7 0 11 6 8 10 2 18 9 16 
5 12 4 19 14 13 3 17 15 1 7 0 11 6 8 10 2 18 9 16 
19 4 12 5 9 18 10 2 8 6 11 0 3 17 15 1 7 14 13 16 
19 4 12 5 9 18 10 2 8 6 11 0 3 17 15 1 7 14 13 16 
5 12 4 16 13 14 19 3 17 15 1 7 11 0 6 8 2 10 18 9 
3 17 15 1 7 11 0 6 8 10 2 18 9 12 4 19 5 16 14 13 
3 17 15 1 7 11 0 6 8 10 2 18 9 12 4 19 5 16 14 13 
3 17 15 1 7 11 0 6 8 10 2 18 9 12 4 19 5 16 14 13 
3 17 15 1 7 11 0 6 8 10 2 18 9 12 4 19 5 16 14 13 
3 17 15 1 7 11 0 6 8 10 2 18 9 12 4 19 5 16 14 13 
3 17 15 1 7 11 0 6 8 10 2 18 9 12 4 19 5 16 14 13 
3 17 15 1 7 11 0 6 8 10 2 18 9 12 4 19 5 16 14 13 
3 17 15 1 7 11 0 6 8 10 2 18 9 12 4 19 5 16 14 13 
3 17 15 1 7 11 0 6 8 10 2 18 9 12 4 19 5 16 14 13 
3 17 15 1 7 11 0 6 8 10 2 18 9 12 4 19 5 16 14 13 
3 17 15 1 7 11 0 6 8 10 2 18 9 12 4 19 5 16 14 13 
3 17 15 1 7 11 0 6 8 10 2 18 9 12 4 19 5 16 14 13 
3 17 15 1 7 11 0 6 8 10 2 18 9 12 4 19 5 16 14 13 
3 17 15 1 7 11 0 6 8 10 2 18 9 12 4 19 5 16 14 13 
3 17 15 1 7 11 0 6 8 10 2 18 9 12 4 19 5 16 14 13 
5 4 12 9 18 15 17 3 2 10 8 6 0 11 7 1 14 13 19 16 
5 4 12 9 18 15 17 3 2 10 8 6 0 11 7 1 14 13 19 16 
5 4 12 9 18 15 17 3 2 10 8 6 0 11 7 1 14 13 19 16 
5 4 12 9 18 15 17 3 2 10 8 6 0 11 7 1 14 13 19 16 
5 4 12 9 18 15 17 3 2 10 8 6 0 11 7 1 14 13 19 16 
5 4 12 9 18 15 17 3 2 10 8 6 0 11 7 1 14 13 19 16 
5 4 12 9 18 15 17 3 2 10 8 6 0 11 7 1 14 13 19 16 
5 4 12 9 18 15 17 3 2 10 8 6 0 11 7 1 14 13 19 16 
5 4 12 9 18 15 17 3 2 10 8 6 0 11 7 1 14 13 19 16 
5 4 12 9 18 15 17 3 2 10 8 6 0 11 7 1 14 13 19 16 
5 4 12 9 18 15 17 3 2 10 8 6 0 11 7 1 14 13 19 16 
5 4 12 9 18 15 17 3 2 10 8 6 0 11 7 1 14 13 19 16 
5 4 12 9 18 15 17 3 2 10 8 6 0 11 7 1 14 13 19 16 
5 4 12 9 18 15 17 3 2 10 8 6 0 11 7 1 14 13 19 16 
5 4 12 9 18 15 17 3 2 10 8 6 0 11 7 1 14 13 19 16 
5 4 12 9 18 15 17 3 2 10 8 6 0 11 7 1 14 13 19 16 
3 17 15 1 7 0 11 6 8 2 10 18 9 12 4 19 5 16 13 14 
3 17 15 1 7 0 11 6 8 2 10 18 9 12 4 19 5 16 13 14 
3 17 15 1 7 0 11 6 8 2 10 18 9 12 4 19 5 16 13 14 
3 17 15 1 7 0 11 6 8 2 10 18 9 12 4 19 5 16 13 14 
3 17 15 1 7 0 11 6 8 2 10 18 9 12 4 19 5 16 13 14 
3 17 15 1 7 0 11 6 8 2 10 18 9 12 4 19 5 16 13 14 
3 17 15 1 7 0 11 6 8 2 10 18 9 12 4 19 5 16 13 14 
