1 5 6 2 3 4 0 
1 6 5 2 4 3 0 
1 6 5 2 4 3 0 
1 6 5 2 4 3 0 
1 6 5 2 4 3 0 
1 6 5 2 4 3 0 
1 6 5 2 4 3 0 
1 6 5 2 4 3 0 
1 6 5 2 4 3 0 
1 6 5 2 4 3 0 
1 6 5 2 4 3 0 
1 6 5 2 4 3 0 
1 6 5 2 4 3 0 
1 6 5 2 4 3 0 
1 6 5 2 4 3 0 
1 6 5 2 4 3 0 
1 6 5 2 4 3 0 
1 6 5 2 4 3 0 
1 6 5 2 4 3 0 
1 6 5 2 4 3 0 
1 6 5 2 4 3 0 
1 6 5 2 4 3 0 
1 6 5 2 4 3 0 
1 6 5 2 4 3 0 
1 6 5 2 4 3 0 
1 6 5 2 4 3 0 
1 6 5 2 4 3 0 
1 6 5 2 4 3 0 
1 6 5 2 4 3 0 
1 6 5 2 4 3 0 
1 6 5 2 4 3 0 
1 6 5 2 4 3 0 
1 6 5 2 4 3 0 
1 6 5 2 4 3 0 
1 6 5 2 4 3 0 
1 6 5 2 4 3 0 
1 6 5 2 4 3 0 
1 6 5 2 4 3 0 
1 6 5 2 4 3 0 
1 6 5 2 4 3 0 
1 6 5 2 4 3 0 
1 6 5 2 4 3 0 
1 6 5 2 4 3 0 
1 6 5 2 4 3 0 
1 6 5 2 4 3 0 
1 6 5 2 4 3 0 
1 6 5 2 4 3 0 
1 6 5 2 4 3 0 
1 6 5 2 4 3 0 
1 6 5 2 4 3 0 
1 6 5 2 4 3 0 
1 6 5 2 4 3 0 
1 6 5 2 4 3 0 
1 6 5 2 4 3 0 
1 6 5 2 4 3 0 
1 6 5 2 4 3 0 
1 6 5 2 4 3 0 
1 6 5 2 4 3 0 
1 6 5 2 4 3 0 
1 6 5 2 4 3 0 
1 6 5 2 4 3 0 
1 6 5 2 4 3 0 
1 6 5 2 4 3 0 
1 6 5 2 4 3 0 
1 6 5 2 4 3 0 
1 6 5 2 4 3 0 
1 6 5 2 4 3 0 
1 6 5 2 4 3 0 
1 6 5 2 4 3 0 
1 6 5 2 4 3 0 
1 6 5 2 4 3 0 
1 6 5 2 4 3 0 
1 6 5 2 4 3 0 
1 6 5 2 4 3 0 
1 6 5 2 4 3 0 
1 6 5 2 4 3 0 
1 6 5 2 4 3 0 
1 6 5 2 4 3 0 
1 6 5 2 4 3 0 
1 6 5 2 4 3 0 
1 6 5 2 4 3 0 
1 6 5 2 4 3 0 
1 6 5 2 4 3 0 
1 6 5 2 4 3 0 
1 6 5 2 4 3 0 
1 6 5 2 4 3 0 
1 6 5 2 4 3 0 
1 6 5 2 4 3 0 
1 6 5 2 4 3 0 
1 6 5 2 4 3 0 
1 6 5 2 4 3 0 
1 6 5 2 4 3 0 
1 6 5 2 4 3 0 
1 6 5 2 4 3 0 
1 6 5 2 4 3 0 
1 6 5 2 4 3 0 
1 6 5 2 4 3 0 
1 6 5 2 4 3 0 
1 6 5 2 4 3 0 
1 6 5 2 4 3 0 
