5 0 10 11 9 4 8 1 7 13 14 12 6 2 3 
4 8 7 1 13 14 6 10 0 3 12 5 9 11 2 
4 8 7 1 13 14 6 10 0 3 12 5 9 11 2 
4 8 7 1 13 14 6 10 0 3 12 5 9 11 2 
4 8 7 1 13 14 6 10 0 3 12 5 9 11 2 
4 8 7 1 13 14 6 10 0 3 12 5 9 11 2 
4 8 7 1 13 14 6 10 0 3 12 5 9 11 2 
4 8 7 1 13 14 6 10 0 3 12 5 9 11 2 
4 8 7 1 13 14 6 10 0 3 12 5 9 11 2 
4 8 7 1 13 14 6 10 0 3 12 5 9 11 2 
4 8 7 1 13 14 6 10 0 3 12 5 9 11 2 
4 8 7 1 13 14 6 10 0 3 12 5 9 11 2 
4 8 7 1 13 14 6 10 0 3 12 5 9 11 2 
4 8 7 1 13 14 6 10 0 3 12 5 9 11 2 
4 8 7 1 13 14 6 10 0 3 12 5 9 11 2 
4 8 7 1 13 14 6 10 0 3 12 5 9 11 2 
4 8 7 1 13 14 6 10 0 3 12 5 9 11 2 
4 8 7 1 13 14 6 10 0 3 12 5 9 11 2 
12 14 7 10 13 8 6 5 11 3 2 1 0 9 4 
12 14 7 10 13 8 6 5 11 3 2 1 0 9 4 
12 14 7 10 13 8 6 5 11 3 2 1 0 9 4 
12 14 7 10 13 8 6 5 11 3 2 1 0 9 4 
12 14 7 10 13 8 6 5 11 3 2 1 0 9 4 
12 14 7 10 13 8 6 5 11 3 2 1 0 9 4 
12 14 7 10 13 8 6 5 11 3 2 1 0 9 4 
12 14 7 10 13 8 6 5 11 3 2 1 0 9 4 
12 14 7 10 13 8 6 5 11 3 2 1 0 9 4 
12 14 7 10 13 8 6 5 11 3 2 1 0 9 4 
12 14 7 10 13 8 6 5 11 3 2 1 0 9 4 
12 14 7 10 13 8 6 5 11 3 2 1 0 9 4 
12 14 7 10 13 8 6 5 11 3 2 1 0 9 4 
12 14 7 10 13 8 6 5 11 3 2 1 0 9 4 
12 14 7 10 13 8 6 5 11 3 2 1 0 9 4 
12 14 7 10 13 8 6 5 11 3 2 1 0 9 4 
12 14 7 10 13 8 6 5 11 3 2 1 0 9 4 
12 14 7 10 13 8 6 5 11 3 2 1 0 9 4 
12 14 7 10 13 8 6 5 11 3 2 1 0 9 4 
12 14 7 10 13 8 6 5 11 3 2 1 0 9 4 
12 14 7 10 13 8 6 5 11 3 2 1 0 9 4 
12 14 7 10 13 8 6 5 11 3 2 1 0 9 4 
12 14 7 10 13 8 6 5 11 3 2 1 0 9 4 
12 14 7 10 13 8 6 5 11 3 2 1 0 9 4 
12 14 7 10 13 8 6 5 11 3 2 1 0 9 4 
12 14 7 10 13 8 6 5 11 3 2 1 0 9 4 
12 14 7 10 13 8 6 5 11 3 2 1 0 9 4 
12 14 7 10 13 8 6 5 11 3 2 1 0 9 4 
12 14 7 10 13 8 6 5 11 3 2 1 0 9 4 
12 14 7 10 13 8 6 5 11 3 2 1 0 9 4 
12 14 7 10 13 8 6 5 11 3 2 1 0 9 4 
12 14 7 10 13 8 6 5 11 3 2 1 0 9 4 
12 14 7 10 13 8 6 5 11 3 2 1 0 9 4 
12 14 7 10 13 8 6 5 11 3 2 1 0 9 4 
12 14 7 10 13 8 6 5 11 3 2 1 0 9 4 
12 14 7 10 13 8 6 5 11 3 2 1 0 9 4 
12 14 7 10 13 8 6 5 11 3 2 1 0 9 4 
12 14 7 10 13 8 6 5 11 3 2 1 0 9 4 
4 11 1 6 12 7 8 9 5 13 14 0 3 2 10 
4 11 1 6 12 7 8 9 5 13 14 0 3 2 10 
4 11 1 6 12 7 8 9 5 13 14 0 3 2 10 
4 11 1 6 12 7 8 9 5 13 14 0 3 2 10 
4 11 1 6 12 7 8 9 5 13 14 0 3 2 10 
4 11 1 6 12 7 8 9 5 13 14 0 3 2 10 
4 11 1 6 12 7 8 9 5 13 14 0 3 2 10 
4 11 1 6 12 7 8 9 5 13 14 0 3 2 10 
4 11 1 6 12 7 8 9 5 13 14 0 3 2 10 
4 11 1 6 12 7 8 9 5 13 14 0 3 2 10 
4 11 1 6 12 7 8 9 5 13 14 0 3 2 10 
4 11 1 6 12 7 8 9 5 13 14 0 3 2 10 
4 11 1 6 12 7 8 9 5 13 14 0 3 2 10 
4 11 1 6 12 7 8 9 5 13 14 0 3 2 10 
4 11 1 6 12 7 8 9 5 13 14 0 3 2 10 
4 11 1 6 12 7 8 9 5 13 14 0 3 2 10 
4 11 1 6 12 7 8 9 5 13 14 0 3 2 10 
4 11 1 6 12 7 8 9 5 13 14 0 3 2 10 
4 11 1 6 12 7 8 9 5 13 14 0 3 2 10 
4 11 1 6 12 7 8 9 5 13 14 0 3 2 10 
4 11 1 6 12 7 8 9 5 13 14 0 3 2 10 
4 11 1 6 12 7 8 9 5 13 14 0 3 2 10 
4 11 1 6 12 7 8 9 5 13 14 0 3 2 10 
4 11 1 6 12 7 8 9 5 13 14 0 3 2 10 
4 11 1 6 12 7 8 9 5 13 14 0 3 2 10 
4 11 1 6 12 7 8 9 5 13 14 0 3 2 10 
4 11 1 6 12 7 8 9 5 13 14 0 3 2 10 
4 11 1 6 12 7 8 9 5 13 14 0 3 2 10 
4 11 1 6 12 7 8 9 5 13 14 0 3 2 10 
4 11 1 6 12 7 8 9 5 13 14 0 3 2 10 
4 11 1 6 12 7 8 9 5 13 14 0 3 2 10 
4 11 1 6 12 7 8 9 5 13 14 0 3 2 10 
4 11 1 6 12 7 8 9 5 13 14 0 3 2 10 
4 11 1 6 12 7 8 9 5 13 14 0 3 2 10 
4 11 1 6 12 7 8 9 5 13 14 0 3 2 10 
4 11 1 6 12 7 8 9 5 13 14 0 3 2 10 
13 8 7 4 6 12 5 0 2 11 10 1 9 3 14 
13 8 7 4 6 12 5 0 2 11 10 1 9 3 14 
13 8 7 4 6 12 5 0 2 11 10 1 9 3 14 
13 8 7 4 6 12 5 0 2 11 10 1 9 3 14 
13 8 7 4 6 12 5 0 2 11 10 1 9 3 14 
13 8 7 4 6 12 5 0 2 11 10 1 9 3 14 
13 8 7 4 6 12 5 0 2 11 10 1 9 3 14 
13 8 7 4 6 12 5 0 2 11 10 1 9 3 14 
