64 94 11 61 85 45 38 18 74 37 83 50 21 79 36 70 42 53 8 75 47 88 29 28 69 22 71 54 73 49 1 4 56 51 48 0 46 27 25 9 34 66 63 52 6 20 14 57 87 58 44 77 24 17 23 80 3 68 84 92 31 39 81 78 15 16 65 12 26 55 72 10 91 32 19 5 76 90 60 86 62 30 82 33 40 43 93 89 7 35 41 13 59 2 67 
30 75 15 14 80 0 51 76 10 16 46 7 86 45 55 84 78 31 60 38 58 65 68 71 19 27 85 8 39 69 73 54 40 70 57 44 22 62 48 9 25 32 61 93 11 36 52 12 56 28 1 63 26 17 91 79 64 82 34 47 53 18 42 20 49 2 33 23 77 92 87 24 67 13 35 59 72 3 41 43 4 66 90 74 37 5 6 89 94 21 29 83 50 81 88 
45 41 48 31 90 59 91 88 84 53 5 87 21 43 64 38 85 86 83 8 28 34 77 22 9 82 40 54 49 81 80 24 55 18 69 79 73 29 10 78 76 1 16 75 36 44 65 32 72 58 15 74 11 71 93 68 67 13 61 39 66 7 63 46 33 62 52 60 2 57 0 56 23 51 50 47 20 4 19 14 42 37 35 30 27 26 6 25 17 12 3 94 89 92 70 
86 18 35 29 56 49 16 48 24 12 80 4 58 39 67 91 9 51 14 63 41 81 30 38 2 66 42 28 46 33 1 47 74 59 45 25 68 37 17 7 21 60 71 79 76 11 70 62 40 65 3 0 31 13 84 90 6 32 75 83 36 64 73 89 15 55 82 20 8 57 27 23 34 5 43 88 69 72 26 87 19 52 22 54 10 85 50 78 92 93 53 44 77 61 94 
91 37 12 7 30 23 75 60 34 68 85 71 8 92 3 83 40 19 0 21 29 44 6 54 80 32 46 82 28 51 62 38 35 67 73 81 39 2 25 14 20 9 1 36 79 49 70 78 76 17 52 27 48 56 90 74 43 45 86 11 61 69 4 66 42 65 10 26 16 59 88 63 33 55 5 58 87 22 53 50 47 64 18 31 13 24 72 94 15 84 57 93 41 89 77 
65 3 93 26 0 58 88 19 6 56 40 55 70 2 24 78 81 17 36 82 89 76 69 4 8 47 35 5 37 87 1 72 44 46 62 41 92 53 75 83 85 31 32 23 9 84 7 11 14 52 27 42 22 21 12 63 39 68 64 13 10 16 80 57 91 77 28 71 66 50 74 18 25 73 43 34 49 20 29 30 67 59 15 38 61 60 45 48 33 54 51 86 90 94 79 
92 22 46 90 6 75 14 52 36 47 69 55 70 83 30 85 64 7 58 19 15 44 24 0 38 84 59 39 8 71 48 34 41 21 66 18 37 5 91 81 65 1 73 60 86 25 27 50 45 88 57 10 94 13 74 77 16 40 93 2 72 78 42 67 35 32 12 63 3 26 51 4 80 23 31 61 82 9 62 53 79 43 49 11 33 28 17 20 89 29 68 54 56 76 87 
54 39 38 41 35 29 44 15 24 82 52 42 31 79 21 94 50 46 87 47 34 81 7 65 59 69 86 33 6 85 11 93 83 9 23 92 48 36 61 10 4 78 45 66 77 57 56 91 74 75 60 25 64 73 55 90 80 84 58 18 26 68 67 89 13 88 62 14 51 19 5 76 43 40 37 72 63 28 27 71 70 17 30 53 8 49 2 32 0 22 20 16 12 3 1 
14 22 47 9 8 43 19 56 11 78 25 67 39 64 3 61 15 30 89 45 88 58 5 77 48 41 16 76 75 40 53 28 87 71 1 18 79 20 59 2 86 7 4 44 70 38 34 69 50 26 85 17 63 37 33 29 60 90 23 65 83 57 82 54 49 32 35 6 13 84 80 46 51 27 74 55 81 21 12 10 72 24 73 92 62 94 42 31 36 68 93 52 0 91 66 
26 62 73 21 36 44 84 40 49 43 75 47 39 63 70 22 20 58 60 56 30 90 25 5 31 57 65 72 59 87 27 28 66 10 77 68 80 17 41 15 45 6 46 35 64 1 53 8 24 48 91 85 89 94 19 51 13 12 83 9 14 42 79 69 29 34 54 50 11 82 2 18 92 74 93 3 37 32 86 33 76 88 61 38 23 4 67 71 81 78 7 16 55 52 0 
19 0 51 77 88 36 41 46 48 42 72 80 58 7 93 38 62 70 52 45 63 67 12 40 56 17 33 37 53 92 24 76 9 25 85 55 2 21 29 74 14 91 47 10 23 49 83 69 1 61 75 90 84 64 13 81 39 3 32 89 31 82 87 50 54 11 35 43 86 18 94 28 16 78 26 65 4 73 66 8 22 5 44 71 68 30 60 20 6 59 79 34 27 15 57 
85 88 23 11 49 37 90 89 2 4 40 54 27 20 32 44 74 59 75 60 45 64 33 47 78 7 15 51 55 24 87 5 39 35 31 61 18 56 80 30 86 94 21 83 67 68 19 70 79 17 72 82 6 10 41 81 16 25 34 93 12 1 52 9 69 22 8 65 92 73 43 48 50 71 28 66 46 91 3 26 38 42 62 84 57 53 77 29 63 76 0 58 36 14 13 
82 75 28 1 49 39 33 10 61 15 20 70 17 54 56 69 36 90 93 31 27 74 44 2 32 65 3 24 51 47 72 13 30 91 52 62 77 89 42 58 76 34 86 38 64 88 63 46 55 4 80 16 23 41 8 40 84 66 50 5 26 48 92 21 85 18 83 12 68 78 81 6 7 37 87 73 25 9 0 57 45 35 60 14 79 67 19 22 71 29 53 43 59 94 11 
43 55 3 23 37 52 71 11 4 19 73 49 6 89 79 69 22 60 28 80 42 21 41 88 50 38 64 66 77 81 70 35 30 53 51 26 44 56 36 75 78 16 31 39 17 12 45 87 10 48 5 20 34 0 86 54 24 67 47 85 83 32 65 84 8 62 9 58 46 91 27 76 94 40 1 92 18 68 72 61 14 2 74 57 93 82 25 15 7 13 63 59 29 33 90 
34 6 26 41 75 68 80 28 4 10 78 25 52 11 23 44 81 71 19 46 63 51 0 15 85 89 86 29 62 7 32 54 2 88 35 57 66 9 59 87 12 82 17 16 3 49 72 69 20 79 43 58 24 53 27 84 48 91 5 36 77 55 18 13 76 22 30 74 67 37 94 45 64 31 8 70 83 56 14 33 40 61 50 92 42 47 21 39 38 90 93 65 60 1 73 
17 72 91 89 14 49 70 54 5 82 62 38 73 45 86 30 57 63 8 67 37 74 80 13 44 9 53 29 64 39 35 16 85 40 59 76 28 6 25 58 11 84 1 48 42 15 18 23 51 88 3 20 75 81 0 66 34 46 55 31 22 69 90 33 87 56 19 26 77 4 32 50 79 36 68 41 93 61 27 71 10 52 7 94 65 78 21 43 2 92 47 83 60 24 12 
65 35 5 45 64 37 38 86 94 8 40 54 1 74 93 66 47 42 83 30 62 90 84 92 81 7 24 48 75 49 50 78 32 9 6 55 87 91 14 73 57 89 67 58 59 36 27 34 68 82 69 70 13 11 41 25 79 56 80 88 12 2 4 53 17 18 85 51 77 23 0 76 63 39 20 52 28 72 10 29 22 26 46 71 16 33 61 60 43 44 3 31 21 19 15 
55 7 15 25 74 38 42 21 50 86 29 41 31 90 73 44 48 5 79 69 6 47 2 51 60 52 32 84 35 63 9 27 58 72 43 61 11 23 28 66 57 68 89 62 14 10 16 77 17 53 81 40 82 85 88 87 12 39 93 94 0 70 22 56 37 18 49 24 30 19 20 54 1 83 71 76 91 92 45 13 34 59 36 80 67 46 78 26 3 75 4 65 64 33 8 
30 75 15 14 80 0 51 76 10 16 46 7 86 45 55 84 78 31 60 38 58 65 68 71 19 27 85 8 39 69 73 54 40 70 57 44 22 62 48 9 25 32 61 93 11 36 52 12 56 28 1 63 26 17 91 79 64 82 34 47 53 18 42 20 49 2 33 23 77 92 87 24 67 13 35 59 72 3 41 43 4 66 90 74 37 5 6 89 94 21 29 83 50 81 88 
58 93 45 49 37 51 53 52 21 18 8 82 3 2 35 11 7 31 48 27 81 41 71 67 92 79 68 13 62 72 91 14 44 23 5 77 38 84 65 28 85 55 78 42 76 70 4 46 90 6 10 15 39 66 9 24 60 54 80 32 63 25 43 26 47 61 74 57 16 89 50 0 17 22 40 36 12 75 59 64 29 20 88 1 56 87 34 19 69 30 86 33 73 83 94 
90 73 92 57 32 46 29 21 3 14 88 91 28 82 81 6 19 54 40 42 38 69 20 60 55 34 77 41 24 30 66 7 26 89 43 71 8 4 58 87 16 78 15 80 23 10 39 48 56 25 0 51 35 86 74 12 17 83 52 31 68 79 63 13 85 50 9 84 64 67 22 76 47 94 72 27 62 45 61 33 1 70 44 65 93 37 2 53 49 36 5 18 11 75 59 
92 22 46 90 6 75 14 52 36 47 69 55 70 83 30 85 64 7 58 19 15 44 24 0 38 84 59 39 8 71 48 34 41 21 66 18 37 5 91 81 65 1 73 60 86 25 27 50 45 88 57 10 94 13 74 77 16 40 93 2 72 78 42 67 35 32 12 63 3 26 51 4 80 23 31 61 82 9 62 53 79 43 49 11 33 28 17 20 89 29 68 54 56 76 87 
51 71 7 15 13 81 90 6 1 86 41 93 89 88 5 10 83 74 70 84 72 3 49 30 64 35 48 4 85 39 68 32 57 55 0 67 66 45 23 92 16 12 31 63 36 62 37 43 46 27 61 18 77 91 80 19 56 76 9 53 65 11 78 58 24 44 8 87 21 40 38 82 52 26 79 28 59 22 17 34 14 75 94 69 47 50 33 60 54 42 20 29 25 2 73 
34 56 81 9 12 84 79 36 11 40 71 28 33 90 42 10 0 48 16 67 82 37 14 35 85 55 75 20 32 78 39 15 44 26 88 76 68 63 58 46 74 8 72 65 23 73 60 50 17 19 70 69 83 53 89 21 93 31 62 59 5 30 57 24 49 54 27 91 18 41 51 2 38 47 7 45 86 29 80 61 13 87 92 3 1 94 66 6 52 22 77 25 43 64 4 
4 93 83 43 94 66 18 70 85 79 92 36 49 71 11 86 59 74 62 47 38 52 37 12 78 41 23 65 57 27 91 32 80 25 76 48 72 77 5 51 68 14 28 61 22 56 19 15 89 84 33 40 60 69 44 75 50 6 10 20 90 34 54 67 46 7 58 13 26 31 24 30 81 0 53 63 9 42 88 45 16 29 87 73 1 21 3 17 82 55 64 35 8 2 39 
17 21 88 93 7 2 73 50 70 30 47 16 76 56 55 74 24 26 43 92 60 8 5 51 91 58 62 59 67 3 12 23 84 37 29 4 68 61 32 27 6 39 38 85 18 45 0 34 46 90 10 11 65 40 22 63 54 89 20 13 31 35 14 53 80 15 41 66 79 81 86 69 87 19 72 25 83 28 52 82 33 1 64 42 44 48 49 78 9 71 75 77 94 36 57 
92 17 16 77 48 39 70 3 44 14 54 76 10 24 86 33 74 8 32 46 9 25 15 29 27 91 72 66 90 40 11 45 69 73 89 12 36 21 31 22 82 41 42 13 30 18 57 85 47 63 80 4 37 61 53 67 20 88 52 58 87 43 75 81 55 23 38 49 68 26 28 79 19 5 7 51 84 1 78 65 59 83 60 62 34 71 2 50 64 6 56 94 35 93 0 
8 64 46 80 15 3 31 16 7 10 72 27 55 45 69 19 87 36 47 83 4 56 23 32 82 88 75 42 68 84 77 65 33 67 63 51 66 54 41 34 21 5 22 1 25 9 17 92 38 70 11 35 20 53 90 39 73 74 13 59 81 86 71 43 48 12 26 78 14 2 24 91 44 60 0 62 50 29 79 89 30 57 18 85 37 49 52 76 6 61 93 40 28 94 58 
27 25 73 26 44 17 65 46 56 53 54 47 6 92 84 69 67 49 50 82 60 14 21 20 40 35 2 16 85 62 3 12 94 13 37 30 7 38 15 75 90 33 52 78 88 89 41 80 55 57 34 87 8 93 83 39 4 68 31 45 72 32 22 24 28 61 71 48 64 59 81 70 5 79 91 76 29 86 63 42 9 77 10 23 58 51 74 1 66 43 18 11 36 19 0 
29 48 10 7 20 22 87 27 53 41 16 77 19 33 37 94 59 42 83 84 4 6 1 73 40 57 12 49 30 2 68 52 72 66 47 34 64 31 18 71 63 3 54 62 65 60 81 69 0 17 44 55 85 61 67 93 80 78 14 46 13 90 8 92 32 58 51 36 9 24 23 35 38 11 26 91 70 15 86 89 39 79 45 74 21 88 25 82 56 28 76 75 43 50 5 
29 48 10 7 20 22 87 27 53 41 16 77 19 33 37 94 59 42 83 84 4 6 1 73 40 57 12 49 30 2 68 52 72 66 47 34 64 31 18 71 63 3 54 62 65 60 81 69 0 17 44 55 85 61 67 93 80 78 14 46 13 90 8 92 32 58 51 36 9 24 23 35 38 11 26 91 70 15 86 89 39 79 45 74 21 88 25 82 56 28 76 75 43 50 5 
85 88 23 11 49 37 90 89 2 4 40 54 27 20 32 44 74 59 75 60 45 64 33 47 78 7 15 51 55 24 87 5 39 35 31 61 18 56 80 30 86 94 21 83 67 68 19 70 79 17 72 82 6 10 41 81 16 25 34 93 12 1 52 9 69 22 8 65 92 73 43 48 50 71 28 66 46 91 3 26 38 42 62 84 57 53 77 29 63 76 0 58 36 14 13 
59 41 91 15 36 30 6 12 44 40 88 42 79 69 23 22 20 47 0 75 58 19 45 14 50 70 56 16 26 17 11 33 86 49 89 94 18 13 3 65 78 83 1 67 28 43 2 73 84 37 64 31 80 81 51 53 87 57 39 32 46 34 35 63 85 93 27 24 72 38 74 54 66 55 68 92 7 61 62 9 90 48 71 82 4 77 10 25 5 76 60 52 29 21 8 
29 11 0 4 15 12 66 57 58 55 56 86 14 27 76 72 83 63 48 85 32 69 39 36 38 25 5 22 6 77 94 89 81 47 43 62 1 84 79 33 50 18 60 93 28 92 37 52 21 8 20 17 16 74 51 46 34 73 44 71 54 42 59 82 2 30 75 67 31 91 90 10 13 35 61 88 49 45 80 65 53 24 87 19 64 78 3 26 68 40 70 41 7 23 9 
49 14 5 26 32 48 91 4 46 58 63 10 89 0 33 55 36 83 20 85 59 53 34 62 75 87 67 27 61 38 42 17 12 57 52 73 84 19 18 66 7 45 54 29 39 86 82 90 25 50 94 8 15 21 1 11 74 77 9 28 79 64 76 40 22 47 43 31 93 68 72 80 3 23 41 24 65 51 16 78 92 60 30 70 37 44 88 56 6 35 81 2 71 13 69 
56 70 11 34 28 12 49 72 85 90 1 46 24 84 87 2 31 64 94 45 15 5 73 83 47 55 76 3 89 93 4 26 32 19 43 63 66 33 92 67 37 79 82 6 60 21 75 35 42 62 22 44 80 91 68 7 30 88 10 69 17 8 86 50 36 38 57 41 61 9 40 59 39 81 78 13 77 52 14 16 58 74 18 29 71 20 25 23 65 54 27 48 53 51 0 
62 61 36 17 35 28 31 80 19 84 24 78 3 41 45 69 75 25 77 6 72 59 47 11 44 38 89 7 93 73 67 13 42 8 65 91 63 79 39 68 12 16 55 37 74 14 26 20 30 40 57 64 76 58 83 43 51 9 23 22 82 10 53 29 15 90 60 49 33 86 27 46 81 32 21 88 18 54 34 66 87 94 56 71 52 70 0 2 92 48 5 4 1 85 50 
64 49 42 21 33 9 56 72 46 65 15 92 18 20 66 59 53 55 38 58 48 63 50 10 79 52 27 91 73 28 25 23 26 13 89 11 45 19 80 41 94 47 30 84 88 76 44 69 2 39 14 43 31 87 36 16 7 12 29 24 5 86 70 61 37 34 57 85 0 77 67 40 90 93 81 51 32 60 78 3 68 75 35 74 83 82 1 6 54 22 71 8 4 62 17 
70 76 39 90 64 15 28 67 92 80 63 69 37 72 81 16 19 75 77 57 0 30 83 18 31 45 23 55 26 91 68 94 56 52 46 20 29 88 84 8 47 22 35 13 11 44 51 27 54 85 32 40 62 43 49 33 59 24 65 36 1 14 87 93 12 48 82 10 53 38 2 61 74 79 3 71 60 78 41 89 4 34 73 9 58 25 50 86 5 21 6 66 7 42 17 
32 20 75 68 17 87 16 84 53 40 36 10 12 72 24 74 58 4 56 89 8 51 22 62 11 71 60 93 29 48 27 92 15 65 91 37 43 34 23 66 21 81 64 54 90 59 76 88 39 41 78 70 79 18 45 47 5 80 3 26 44 86 1 85 31 63 57 30 61 9 25 83 77 46 38 6 55 49 82 73 33 52 14 69 2 13 7 67 35 50 28 42 19 0 94 
36 55 81 60 90 47 78 26 25 28 6 66 73 54 20 79 62 40 44 93 17 85 35 11 86 19 77 7 42 4 31 51 57 72 58 71 12 89 92 2 43 80 84 59 69 27 52 64 13 22 1 50 53 33 15 63 83 91 70 23 38 14 9 5 48 46 82 8 67 30 61 37 45 18 75 29 88 49 32 10 3 21 68 87 39 65 16 34 41 76 24 74 56 0 94 
61 67 36 26 57 38 74 6 19 83 75 7 52 8 86 9 91 50 10 53 28 51 25 72 47 11 3 93 60 13 27 14 43 59 35 15 20 34 76 16 17 40 65 81 33 89 82 18 45 62 79 21 71 22 23 24 4 12 5 58 32 92 37 39 31 42 70 44 77 69 87 46 29 49 54 55 41 0 90 64 66 68 48 78 80 84 1 88 94 2 56 73 30 63 85 
44 91 27 0 43 88 73 42 68 70 20 54 6 1 87 76 22 64 77 53 66 90 30 60 83 41 2 48 26 24 79 46 71 89 13 35 67 52 10 81 47 84 94 45 61 8 12 3 85 4 78 82 38 16 5 55 33 18 80 31 93 11 50 7 74 65 21 59 63 15 23 9 14 72 34 29 37 58 25 17 57 49 32 19 69 51 40 28 92 36 86 39 56 62 75 
65 93 11 2 20 84 23 38 74 24 17 83 63 19 61 12 80 53 82 56 28 44 37 35 41 81 3 92 26 78 7 62 77 64 36 76 29 15 13 33 75 48 0 39 59 43 51 54 91 5 72 71 46 70 34 22 10 21 89 68 67 90 60 30 32 58 31 57 94 66 79 6 8 49 47 45 40 42 87 55 18 16 27 9 4 1 88 50 73 52 14 85 86 25 69 
0 90 1 27 86 48 44 50 14 11 2 78 59 10 43 8 37 71 45 73 3 82 60 62 88 75 66 25 35 65 12 55 40 49 6 74 36 69 4 24 81 20 15 17 5 53 42 47 89 57 7 13 29 68 26 22 54 58 77 32 64 56 39 23 9 63 51 61 38 30 16 92 21 19 46 41 18 79 28 70 31 94 76 87 34 83 33 85 93 80 52 72 67 91 84 
28 32 58 76 3 24 56 71 45 4 66 19 48 17 29 88 6 38 13 12 70 92 82 55 91 5 69 59 93 94 7 39 86 40 68 81 85 63 75 27 72 37 53 49 74 8 20 79 57 50 43 41 9 34 31 78 65 21 87 14 10 22 90 67 73 62 35 51 80 11 15 60 18 89 64 47 36 25 33 46 44 16 23 42 84 26 54 1 52 83 61 2 77 30 0 
12 26 16 17 6 32 14 86 23 25 87 36 89 85 55 58 61 56 18 42 15 72 57 82 43 39 22 64 67 81 48 94 41 24 0 46 71 77 20 93 3 78 49 35 13 70 40 31 53 33 62 76 45 65 80 10 9 79 50 73 74 27 68 92 44 88 54 91 59 63 34 51 52 38 11 21 60 30 37 90 75 84 19 5 4 66 1 83 69 28 8 47 2 29 7 
51 71 7 15 13 81 90 6 1 86 41 93 89 88 5 10 83 74 70 84 72 3 49 30 64 35 48 4 85 39 68 32 57 55 0 67 66 45 23 92 16 12 31 63 36 62 37 43 46 27 61 18 77 91 80 19 56 76 9 53 65 11 78 58 24 44 8 87 21 40 38 82 52 26 79 28 59 22 17 34 14 75 94 69 47 50 33 60 54 42 20 29 25 2 73 
29 33 5 9 44 79 3 37 2 60 57 78 16 0 6 77 59 21 69 63 76 43 48 75 51 74 14 46 8 49 24 1 73 58 26 72 54 10 52 71 94 11 61 82 64 67 85 65 66 20 56 80 23 53 4 50 34 28 89 45 42 92 93 7 19 39 15 38 17 55 35 32 36 47 27 25 70 18 90 12 91 87 22 83 88 41 31 13 84 62 86 30 81 40 68 
19 32 13 21 34 84 15 77 23 94 41 89 80 69 18 48 30 54 20 26 63 47 1 8 45 11 31 73 10 72 5 12 33 27 42 39 7 43 44 52 87 79 35 82 67 93 62 16 66 50 75 61 92 85 53 91 6 55 88 22 28 56 51 24 46 65 68 78 59 64 90 25 76 14 71 86 0 37 2 40 29 60 36 58 49 83 74 81 9 4 70 57 17 38 3 
19 40 90 41 66 83 44 32 93 33 20 7 35 50 8 94 49 47 55 23 24 57 70 9 14 69 22 28 76 48 37 21 10 87 6 34 27 53 38 12 16 13 60 26 46 51 15 72 82 84 77 73 74 17 0 92 89 58 5 29 52 63 88 56 80 65 86 30 31 45 75 36 68 43 39 91 1 54 4 85 25 62 79 64 78 81 67 71 2 11 61 59 18 42 3 
87 23 16 31 68 7 4 46 67 90 53 42 43 74 39 69 76 15 36 61 48 60 72 30 82 50 73 17 18 26 79 59 22 75 27 57 91 3 84 12 92 10 80 24 25 66 86 47 44 56 11 89 83 81 45 35 29 21 20 63 2 37 54 28 51 14 6 34 32 55 52 1 33 88 77 85 62 40 71 58 41 65 0 8 78 70 93 9 19 13 49 38 64 94 5 
31 91 50 24 17 16 0 37 93 59 12 61 40 11 82 21 32 5 14 19 78 92 81 26 49 88 2 44 45 18 80 29 76 34 90 30 23 89 56 47 42 35 13 7 60 70 85 39 84 55 41 69 22 27 28 51 8 43 87 54 79 74 36 58 64 62 86 75 63 9 48 67 3 52 53 73 66 83 65 1 6 71 25 33 94 57 72 4 38 68 15 10 46 20 77 
61 42 3 11 39 7 6 60 71 62 35 34 4 51 29 10 55 31 83 56 86 53 81 12 19 24 48 22 91 79 18 37 78 57 76 13 90 59 72 50 38 44 2 93 89 30 20 15 85 25 16 27 32 70 1 21 66 14 9 28 54 49 69 74 17 36 33 8 88 92 68 43 58 63 52 45 40 47 84 64 65 23 87 73 94 75 77 80 26 0 41 67 5 46 82 
29 48 10 7 20 22 87 27 53 41 16 77 19 33 37 94 59 42 83 84 4 6 1 73 40 57 12 49 30 2 68 52 72 66 47 34 64 31 18 71 63 3 54 62 65 60 81 69 0 17 44 55 85 61 67 93 80 78 14 46 13 90 8 92 32 58 51 36 9 24 23 35 38 11 26 91 70 15 86 89 39 79 45 74 21 88 25 82 56 28 76 75 43 50 5 
50 89 83 75 57 72 35 26 13 52 16 79 62 22 70 10 21 4 87 61 90 38 5 44 18 0 40 93 76 7 45 85 12 32 11 20 39 68 54 71 29 60 65 55 92 37 15 24 82 58 51 56 9 66 46 27 8 33 80 91 1 88 17 77 63 34 43 48 28 19 78 42 25 23 41 59 69 86 84 64 67 2 31 81 36 3 74 30 6 73 14 53 49 47 94 
46 27 66 1 59 2 93 67 83 87 8 54 85 80 84 24 25 50 34 78 38 3 56 47 88 28 4 76 57 89 77 73 39 45 17 5 32 72 71 33 12 31 58 29 70 55 51 69 49 6 7 36 81 16 65 44 13 64 9 10 60 63 86 61 14 11 53 75 68 52 22 42 15 82 30 18 40 19 37 35 20 62 41 21 79 23 26 91 0 48 74 90 92 94 43 
56 70 11 34 28 12 49 72 85 90 1 46 24 84 87 2 31 64 94 45 15 5 73 83 47 55 76 3 89 93 4 26 32 19 43 63 66 33 92 67 37 79 82 6 60 21 75 35 42 62 22 44 80 91 68 7 30 88 10 69 17 8 86 50 36 38 57 41 61 9 40 59 39 81 78 13 77 52 14 16 58 74 18 29 71 20 25 23 65 54 27 48 53 51 0 
60 33 1 55 17 27 84 67 38 77 16 43 47 44 8 6 36 70 90 53 13 2 74 82 40 89 11 69 63 88 80 30 24 3 21 42 37 10 41 65 87 15 12 57 93 68 5 75 66 20 54 39 59 85 86 18 45 9 4 71 81 48 79 61 7 78 25 32 29 22 49 56 34 76 73 28 23 50 92 35 64 62 26 14 58 52 91 72 31 19 0 51 83 94 46 
53 18 11 73 30 72 91 62 54 39 93 15 9 20 17 24 5 2 22 46 69 89 41 67 4 42 66 92 75 25 44 77 26 64 45 60 65 83 87 71 6 28 36 3 58 52 70 7 37 50 49 32 82 33 38 47 8 86 85 35 79 90 40 56 29 21 74 51 55 10 13 12 1 68 76 88 80 78 84 16 48 0 23 27 34 81 59 31 14 57 63 61 94 19 43 
9 28 54 74 5 84 13 18 93 19 17 25 61 71 22 94 62 40 35 59 64 34 30 8 60 29 39 47 76 55 68 92 90 33 69 31 83 45 48 80 4 77 14 56 57 91 7 63 51 49 73 27 32 42 44 89 78 16 66 12 50 86 6 88 65 53 85 58 43 11 87 21 2 67 81 82 36 24 72 79 15 23 26 41 20 75 52 70 38 1 46 37 3 10 0 
62 61 36 17 35 28 31 80 19 84 24 78 3 41 45 69 75 25 77 6 72 59 47 11 44 38 89 7 93 73 67 13 42 8 65 91 63 79 39 68 12 16 55 37 74 14 26 20 30 40 57 64 76 58 83 43 51 9 23 22 82 10 53 29 15 90 60 49 33 86 27 46 81 32 21 88 18 54 34 66 87 94 56 71 52 70 0 2 92 48 5 4 1 85 50 
11 44 47 56 54 86 85 88 59 18 63 9 4 69 40 1 10 64 45 62 8 20 39 15 17 73 42 7 78 26 77 2 21 72 50 35 61 43 53 22 49 23 67 51 80 66 79 71 91 16 82 84 34 25 38 3 31 30 36 28 52 14 55 5 57 76 90 33 37 94 27 46 32 75 58 6 70 65 29 12 60 83 93 87 41 13 0 24 68 81 48 74 19 92 89 
43 44 49 3 13 88 90 56 48 17 31 55 84 39 2 5 11 94 52 58 12 37 21 18 28 50 38 19 66 46 63 6 75 76 82 36 61 26 9 34 33 60 64 93 23 70 10 74 87 7 81 20 40 15 83 8 92 22 77 35 89 41 80 14 57 72 54 68 4 91 32 51 24 42 29 25 45 69 71 27 65 53 86 85 67 30 16 59 78 79 62 73 47 1 0 
78 90 40 72 56 76 60 85 93 11 50 59 9 17 84 26 55 65 15 71 70 23 49 69 1 18 33 41 82 19 4 81 83 13 62 64 2 42 63 94 24 32 66 6 52 57 46 14 87 45 53 75 25 29 34 48 36 47 43 44 30 89 31 73 21 37 91 92 67 7 22 20 5 58 61 10 8 3 80 39 86 88 27 54 16 35 12 79 77 28 68 74 38 51 0 
36 55 81 60 90 47 78 26 25 28 6 66 73 54 20 79 62 40 44 93 17 85 35 11 86 19 77 7 42 4 31 51 57 72 58 71 12 89 92 2 43 80 84 59 69 27 52 64 13 22 1 50 53 33 15 63 83 91 70 23 38 14 9 5 48 46 82 8 67 30 61 37 45 18 75 29 88 49 32 10 3 21 68 87 39 65 16 34 41 76 24 74 56 0 94 
63 7 85 50 19 25 61 28 55 81 88 59 44 23 70 38 34 5 31 32 69 71 49 54 9 75 36 87 43 68 22 48 47 29 72 86 8 33 77 41 3 10 94 11 83 4 52 35 15 6 56 60 73 24 53 82 14 66 42 16 57 80 40 1 74 79 76 91 18 20 13 67 17 21 58 65 37 30 64 2 62 90 45 46 27 39 84 12 89 93 78 26 92 51 0 
60 76 74 21 50 90 49 30 26 38 72 55 27 62 68 5 77 58 8 48 31 92 15 16 73 45 93 89 64 9 13 6 75 18 59 39 14 41 36 35 70 54 79 88 56 44 0 78 53 40 85 63 81 12 24 10 23 4 87 33 1 86 22 19 37 82 83 67 17 84 2 51 91 32 34 28 20 66 71 42 61 47 69 7 57 46 43 65 3 25 11 52 80 94 29 
9 72 42 1 37 63 21 84 3 73 6 88 58 78 80 82 18 43 0 14 38 7 35 11 79 66 64 31 29 20 17 81 26 62 91 49 69 52 77 39 75 70 41 19 68 54 65 12 48 4 32 74 50 86 57 67 90 24 10 16 40 56 33 60 30 94 8 76 47 34 22 25 5 53 71 46 51 28 27 44 93 59 85 45 2 92 61 83 13 89 87 23 55 36 15 
15 1 88 75 35 38 77 87 54 36 90 6 3 81 61 74 43 69 30 64 60 85 40 21 79 8 66 39 46 84 26 23 37 83 76 9 93 31 89 52 22 94 16 56 50 45 48 28 2 55 70 73 67 11 63 53 42 29 72 34 12 80 68 44 65 13 59 14 92 19 0 58 17 57 20 24 78 91 51 5 27 32 47 33 25 49 86 7 71 82 4 18 62 41 10 
15 1 88 75 35 38 77 87 54 36 90 6 3 81 61 74 43 69 30 64 60 85 40 21 79 8 66 39 46 84 26 23 37 83 76 9 93 31 89 52 22 94 16 56 50 45 48 28 2 55 70 73 67 11 63 53 42 29 72 34 12 80 68 44 65 13 59 14 92 19 0 58 17 57 20 24 78 91 51 5 27 32 47 33 25 49 86 7 71 82 4 18 62 41 10 
44 27 5 12 49 94 36 53 66 48 38 69 85 82 19 46 55 87 3 78 93 45 13 92 4 77 16 70 18 65 28 58 25 8 42 91 10 1 73 54 26 32 83 35 33 90 7 50 59 23 89 9 0 41 71 88 75 62 2 86 63 47 39 22 20 84 11 17 61 68 81 80 43 21 72 79 31 76 6 40 74 29 51 67 30 64 60 57 34 56 52 37 24 15 14 
74 68 39 14 78 25 70 23 3 5 45 21 59 91 18 64 92 57 13 93 49 32 30 8 47 6 83 34 24 0 16 81 89 15 41 85 38 55 62 77 75 72 37 43 71 28 22 11 48 33 54 52 9 46 87 36 26 90 65 17 10 66 1 69 31 80 12 63 58 84 56 29 61 2 86 73 88 40 35 44 60 27 76 51 4 50 79 82 53 7 94 42 19 20 67 
42 55 34 44 88 56 26 31 74 76 17 80 4 22 40 73 33 70 79 52 86 65 72 93 30 54 21 46 51 75 43 15 8 50 2 32 12 63 6 23 91 61 94 10 64 82 53 90 13 85 14 62 49 60 39 47 38 7 35 89 18 0 58 37 9 71 27 48 24 20 69 87 81 29 28 5 19 84 1 83 57 3 59 78 68 25 77 67 11 66 41 45 36 16 92 
46 57 88 72 20 59 85 2 43 68 74 69 36 91 52 28 79 22 14 55 12 9 78 3 35 8 64 93 15 4 66 18 32 39 44 42 56 23 16 61 82 37 24 86 62 71 27 51 19 50 26 5 47 49 89 67 53 21 25 6 17 92 7 38 80 84 45 30 76 77 48 10 1 13 94 40 58 29 87 70 75 54 63 31 33 73 34 41 90 60 11 81 83 0 65 
15 25 71 32 23 34 13 2 21 91 63 88 79 87 47 59 51 58 70 42 18 62 86 85 64 67 39 50 54 31 48 24 84 56 27 44 19 28 20 83 61 14 45 38 37 77 73 33 49 66 68 3 90 81 80 12 11 89 22 76 36 6 69 52 10 0 57 75 40 82 53 72 17 5 65 41 78 55 9 7 1 46 74 35 16 4 30 29 26 8 43 93 60 92 94 
49 8 50 87 69 89 23 30 92 39 55 26 61 27 77 4 48 80 19 84 67 68 72 14 44 32 18 43 33 7 20 78 3 74 31 40 36 46 54 90 66 17 10 75 28 6 5 73 16 82 85 60 81 56 57 11 64 76 42 34 63 93 15 58 51 79 88 83 37 45 12 41 59 22 9 21 53 65 91 24 52 70 1 0 47 35 29 62 38 2 94 13 25 71 86 
49 8 50 87 69 89 23 30 92 39 55 26 61 27 77 4 48 80 19 84 67 68 72 14 44 32 18 43 33 7 20 78 3 74 31 40 36 46 54 90 66 17 10 75 28 6 5 73 16 82 85 60 81 56 57 11 64 76 42 34 63 93 15 58 51 79 88 83 37 45 12 41 59 22 9 21 53 65 91 24 52 70 1 0 47 35 29 62 38 2 94 13 25 71 86 
50 56 32 62 33 37 69 27 20 55 45 11 79 80 52 41 2 88 75 38 65 49 6 46 9 31 84 29 71 7 68 4 83 1 76 58 22 85 87 18 12 30 15 39 47 53 36 73 17 26 78 63 14 25 66 90 82 81 5 94 67 61 16 10 3 23 70 43 60 74 0 48 57 28 54 86 64 93 35 21 40 89 44 92 42 51 91 24 59 77 8 72 34 19 13 
92 59 61 17 36 60 82 83 62 71 63 22 12 26 34 43 49 9 0 91 52 2 13 29 58 10 87 79 75 46 32 31 33 45 72 90 86 94 88 35 38 5 19 16 11 37 55 44 24 40 25 73 53 51 57 85 20 84 3 64 18 68 1 67 89 80 93 69 8 30 65 77 66 42 4 76 74 15 28 27 70 47 54 56 6 50 23 48 7 41 39 21 14 81 78 
5 10 65 49 92 17 8 60 76 72 0 44 66 91 48 64 13 90 16 53 37 34 4 23 24 36 35 74 51 50 18 12 89 2 29 28 25 22 46 71 1 33 47 54 3 15 31 82 27 7 43 39 62 88 87 52 86 20 77 56 75 59 6 32 11 63 55 57 69 85 30 73 14 67 84 80 40 83 9 58 19 81 79 41 21 68 78 94 61 45 26 93 38 70 42 
45 55 73 40 22 20 89 57 21 82 62 8 25 88 86 24 46 91 9 78 80 6 1 29 7 67 27 5 58 14 52 34 47 64 38 35 77 36 48 65 54 37 60 90 72 76 42 39 13 84 43 16 70 17 83 50 87 66 12 53 33 10 23 63 28 69 71 26 75 85 56 81 68 30 31 0 32 4 18 19 44 61 79 74 92 2 15 51 11 49 3 41 94 59 93 
16 65 15 62 22 6 63 79 89 2 91 53 85 33 80 20 19 87 8 24 9 0 27 37 70 11 82 90 21 12 67 31 13 71 83 56 59 84 92 76 14 69 88 40 51 17 42 1 39 35 23 58 5 26 64 45 77 46 3 61 29 81 30 50 49 32 74 68 54 73 34 4 57 38 41 78 86 43 72 7 47 48 55 10 60 66 75 18 94 25 36 28 44 52 93 
60 33 1 55 17 27 84 67 38 77 16 43 47 44 8 6 36 70 90 53 13 2 74 82 40 89 11 69 63 88 80 30 24 3 21 42 37 10 41 65 87 15 12 57 93 68 5 75 66 20 54 39 59 85 86 18 45 9 4 71 81 48 79 61 7 78 25 32 29 22 49 56 34 76 73 28 23 50 92 35 64 62 26 14 58 52 91 72 31 19 0 51 83 94 46 
60 33 1 55 17 27 84 67 38 77 16 43 47 44 8 6 36 70 90 53 13 2 74 82 40 89 11 69 63 88 80 30 24 3 21 42 37 10 41 65 87 15 12 57 93 68 5 75 66 20 54 39 59 85 86 18 45 9 4 71 81 48 79 61 7 78 25 32 29 22 49 56 34 76 73 28 23 50 92 35 64 62 26 14 58 52 91 72 31 19 0 51 83 94 46 
77 35 71 86 60 69 88 90 59 9 44 32 57 62 33 28 80 7 19 47 45 8 78 89 55 21 49 82 43 87 10 85 41 56 24 11 92 42 1 4 27 53 72 14 46 68 40 83 67 74 38 81 17 65 26 61 15 2 18 79 39 66 76 75 22 20 0 12 16 30 50 73 54 70 37 31 5 64 48 63 36 23 52 58 51 91 29 25 34 6 84 94 13 93 3 
86 56 93 65 38 79 66 72 78 68 31 54 41 88 4 90 73 75 25 53 17 48 23 5 58 89 85 61 42 60 70 34 39 92 7 20 14 67 13 84 76 6 18 21 50 28 83 47 15 33 59 45 40 19 80 82 52 22 9 8 81 35 32 77 91 44 43 71 10 36 55 11 64 2 37 69 46 16 74 62 1 57 94 26 12 49 29 30 27 63 3 0 51 24 87 
54 42 68 26 5 89 85 7 72 52 37 61 15 39 57 65 53 21 77 69 88 0 32 38 81 74 4 46 24 10 64 11 19 8 56 87 18 16 92 93 67 83 49 33 1 82 76 14 84 50 79 17 13 30 75 35 44 41 2 78 51 3 25 27 22 73 34 91 70 62 66 29 20 36 58 63 86 59 6 43 55 90 40 47 48 31 28 80 71 9 94 45 12 23 60 
44 41 64 70 35 94 86 93 2 26 10 39 43 34 9 92 73 45 24 78 17 14 58 91 81 65 59 57 56 90 12 46 51 47 83 89 20 49 71 8 88 60 82 61 38 69 0 87 76 32 85 84 42 68 62 80 74 48 19 79 25 16 77 75 1 72 5 18 22 27 36 67 63 66 37 55 15 54 29 53 52 23 31 50 40 33 30 28 3 21 13 11 7 6 4 
43 90 0 30 73 66 20 49 23 83 9 25 76 75 42 62 64 69 68 6 40 71 4 57 15 87 10 35 39 63 27 8 1 50 33 54 86 36 44 37 45 17 82 12 81 65 72 46 89 59 34 3 77 51 56 28 47 14 52 22 84 78 31 16 2 13 79 80 32 21 38 92 26 7 5 70 41 60 58 48 24 67 55 91 18 53 11 88 19 85 93 61 29 94 74 
78 90 40 72 56 76 60 85 93 11 50 59 9 17 84 26 55 65 15 71 70 23 49 69 1 18 33 41 82 19 4 81 83 13 62 64 2 42 63 94 24 32 66 6 52 57 46 14 87 45 53 75 25 29 34 48 36 47 43 44 30 89 31 73 21 37 91 92 67 7 22 20 5 58 61 10 8 3 80 39 86 88 27 54 16 35 12 79 77 28 68 74 38 51 0 
19 87 37 89 62 56 84 93 67 64 30 18 22 92 81 60 51 71 61 43 45 65 12 70 55 4 85 58 15 53 42 78 24 48 94 82 57 46 0 75 11 27 10 54 20 25 32 8 77 80 16 90 34 36 88 29 44 1 35 41 7 31 23 68 13 74 14 63 66 28 50 21 73 86 79 59 2 3 69 38 49 26 52 40 83 33 5 76 47 6 91 39 9 17 72 
87 6 24 91 84 34 50 90 85 82 8 73 19 66 76 58 62 64 45 81 54 48 72 89 37 14 88 29 57 86 21 26 5 77 52 43 4 32 16 18 11 25 0 9 71 41 74 39 13 83 63 80 69 53 40 28 38 68 12 79 31 60 78 51 61 3 65 35 44 15 92 70 67 59 20 46 42 56 27 17 7 93 23 49 47 10 36 33 75 22 30 1 94 2 55 
60 76 74 21 50 90 49 30 26 38 72 55 27 62 68 5 77 58 8 48 31 92 15 16 73 45 93 89 64 9 13 6 75 18 59 39 14 41 36 35 70 54 79 88 56 44 0 78 53 40 85 63 81 12 24 10 23 4 87 33 1 86 22 19 37 82 83 67 17 84 2 51 91 32 34 28 20 66 71 42 61 47 69 7 57 46 43 65 3 25 11 52 80 94 29 
23 15 93 31 59 46 0 14 16 87 50 57 91 17 92 18 9 54 44 76 56 71 37 80 5 84 70 12 47 22 64 67 10 43 27 25 24 28 6 40 30 51 58 36 82 83 81 32 35 65 90 33 78 13 38 39 7 63 53 72 77 26 45 48 89 49 52 74 88 66 69 55 19 61 21 68 8 34 60 85 86 41 11 2 4 29 79 73 1 20 75 42 62 94 3 
15 1 88 75 35 38 77 87 54 36 90 6 3 81 61 74 43 69 30 64 60 85 40 21 79 8 66 39 46 84 26 23 37 83 76 9 93 31 89 52 22 94 16 56 50 45 48 28 2 55 70 73 67 11 63 53 42 29 72 34 12 80 68 44 65 13 59 14 92 19 0 58 17 57 20 24 78 91 51 5 27 32 47 33 25 49 86 7 71 82 4 18 62 41 10 
5 89 91 51 34 53 94 48 27 4 39 29 28 0 50 82 61 23 83 76 24 9 54 18 80 57 69 25 1 6 33 37 11 88 10 78 56 45 13 92 64 30 65 84 67 41 90 73 79 12 15 7 16 60 2 71 49 62 21 42 20 55 14 70 85 66 86 87 46 72 74 47 22 17 32 44 35 75 8 40 38 81 58 26 31 3 63 77 68 43 19 59 93 36 52 
41 71 83 32 70 68 11 91 51 56 22 13 54 52 88 40 93 48 46 75 82 14 3 16 62 33 10 5 84 26 24 55 19 77 34 59 86 78 4 21 89 81 9 30 39 31 74 67 45 64 43 87 18 27 8 85 6 57 35 36 69 12 53 15 61 23 65 44 76 60 63 47 37 80 50 79 7 66 20 25 38 92 17 0 72 58 29 49 90 1 28 2 42 73 94 
85 14 52 6 75 32 23 42 69 29 28 36 31 80 13 84 78 89 19 82 40 77 8 43 91 44 7 59 39 87 27 34 49 30 47 53 79 58 12 55 5 20 81 86 73 60 88 10 25 11 64 76 57 66 62 68 74 65 56 72 83 17 70 51 48 0 15 3 37 67 18 22 24 63 38 45 41 61 35 26 1 9 54 50 46 2 33 93 21 4 16 92 71 90 94 
46 57 88 72 20 59 85 2 43 68 74 69 36 91 52 28 79 22 14 55 12 9 78 3 35 8 64 93 15 4 66 18 32 39 44 42 56 23 16 61 82 37 24 86 62 71 27 51 19 50 26 5 47 49 89 67 53 21 25 6 17 92 7 38 80 84 45 30 76 77 48 10 1 13 94 40 58 29 87 70 75 54 63 31 33 73 34 41 90 60 11 81 83 0 65 
