19 4 12 5 22 16 13 14 20 1 7 0 11 6 8 24 2 10 23 3 17 15 21 18 9 
24 2 10 3 23 17 15 21 18 9 12 4 19 22 5 16 13 14 20 7 1 0 11 6 8 
24 2 10 3 23 17 15 21 18 9 12 4 19 22 5 16 13 14 20 7 1 0 11 6 8 
24 2 10 3 23 17 15 21 18 9 12 4 19 22 5 16 13 14 20 7 1 0 11 6 8 
24 2 10 3 23 17 15 21 18 9 12 4 19 22 5 16 13 14 20 7 1 0 11 6 8 
24 2 10 3 23 17 15 21 18 9 12 4 19 22 5 16 13 14 20 7 1 0 11 6 8 
19 22 5 4 12 9 18 21 23 2 10 24 8 11 6 0 3 17 15 1 7 20 14 13 16 
19 22 5 4 12 9 18 21 23 2 10 24 8 11 6 0 3 17 15 1 7 20 14 13 16 
19 22 5 4 12 9 18 21 23 2 10 24 8 11 6 0 3 17 15 1 7 20 14 13 16 
19 22 5 4 12 9 18 21 23 2 10 24 8 11 6 0 3 17 15 1 7 20 14 13 16 
19 22 5 4 12 9 18 21 23 2 10 24 8 11 6 0 3 17 15 1 7 20 14 13 16 
19 22 5 4 12 9 18 21 23 2 10 24 8 11 6 0 3 17 15 1 7 20 14 13 16 
16 5 4 19 22 12 9 21 18 15 17 3 23 2 10 24 8 0 11 6 7 1 20 14 13 
16 5 4 19 22 12 9 21 18 15 17 3 23 2 10 24 8 0 11 6 7 1 20 14 13 
16 5 4 19 22 12 9 21 18 15 17 3 23 2 10 24 8 0 11 6 7 1 20 14 13 
16 5 4 19 22 12 9 21 18 15 17 3 23 2 10 24 8 0 11 6 7 1 20 14 13 
16 5 4 19 22 12 9 21 18 15 17 3 23 2 10 24 8 0 11 6 7 1 20 14 13 
16 5 4 19 22 12 9 21 18 15 17 3 23 2 10 24 8 0 11 6 7 1 20 14 13 
16 5 4 19 22 12 9 21 18 15 17 3 23 2 10 24 8 0 11 6 7 1 20 14 13 
16 5 4 19 22 12 9 21 18 15 17 3 23 2 10 24 8 0 11 6 7 1 20 14 13 
23 2 10 24 8 6 11 0 15 17 3 21 18 9 12 4 22 19 5 16 13 14 20 1 7 
23 2 10 24 8 6 11 0 15 17 3 21 18 9 12 4 22 19 5 16 13 14 20 1 7 
23 2 10 24 8 6 11 0 15 17 3 21 18 9 12 4 22 19 5 16 13 14 20 1 7 
23 2 10 24 8 6 11 0 15 17 3 21 18 9 12 4 22 19 5 16 13 14 20 1 7 
23 2 10 24 8 6 11 0 15 17 3 21 18 9 12 4 22 19 5 16 13 14 20 1 7 
23 2 10 24 8 6 11 0 15 17 3 21 18 9 12 4 22 19 5 16 13 14 20 1 7 
23 2 10 24 8 6 11 0 15 17 3 21 18 9 12 4 22 19 5 16 13 14 20 1 7 
23 2 10 24 8 6 11 0 15 17 3 21 18 9 12 4 22 19 5 16 13 14 20 1 7 
16 5 4 19 22 12 9 21 18 15 17 3 23 2 10 24 8 0 11 6 7 1 20 14 13 
5 12 4 19 22 21 9 18 23 2 10 24 8 0 11 6 3 17 15 1 7 20 14 13 16 
5 12 4 19 22 21 9 18 23 2 10 24 8 0 11 6 3 17 15 1 7 20 14 13 16 
5 12 4 19 22 21 9 18 23 2 10 24 8 0 11 6 3 17 15 1 7 20 14 13 16 
5 12 4 19 22 21 9 18 23 2 10 24 8 0 11 6 3 17 15 1 7 20 14 13 16 
5 12 4 19 22 21 9 18 23 2 10 24 8 0 11 6 3 17 15 1 7 20 14 13 16 
5 12 4 19 22 21 9 18 23 2 10 24 8 0 11 6 3 17 15 1 7 20 14 13 16 
5 12 4 19 22 21 9 18 23 2 10 24 8 0 11 6 3 17 15 1 7 20 14 13 16 
5 12 4 19 22 21 9 18 23 2 10 24 8 0 11 6 3 17 15 1 7 20 14 13 16 
5 12 4 19 22 21 9 18 23 2 10 24 8 0 11 6 3 17 15 1 7 20 14 13 16 
5 12 4 19 22 21 9 18 23 2 10 24 8 0 11 6 3 17 15 1 7 20 14 13 16 
5 12 4 19 22 21 9 18 23 2 10 24 8 0 11 6 3 17 15 1 7 20 14 13 16 
5 12 4 19 22 21 9 18 23 2 10 24 8 0 11 6 3 17 15 1 7 20 14 13 16 
5 12 4 19 22 21 9 18 23 2 10 24 8 0 11 6 3 17 15 1 7 20 14 13 16 
5 12 4 19 22 21 9 18 23 2 10 24 8 0 11 6 3 17 15 1 7 20 14 13 16 
5 12 4 19 22 21 9 18 23 2 10 24 8 0 11 6 3 17 15 1 7 20 14 13 16 
5 12 4 19 22 21 9 18 23 2 10 24 8 0 11 6 3 17 15 1 7 20 14 13 16 
5 12 4 19 22 21 9 18 23 2 10 24 8 0 11 6 3 17 15 1 7 20 14 13 16 
16 22 19 4 12 5 9 21 18 10 2 23 3 17 15 1 7 11 0 24 8 6 20 14 13 
16 22 19 4 12 5 9 21 18 10 2 23 3 17 15 1 7 11 0 24 8 6 20 14 13 
16 22 19 4 12 5 9 21 18 10 2 23 3 17 15 1 7 11 0 24 8 6 20 14 13 
16 22 19 4 12 5 9 21 18 10 2 23 3 17 15 1 7 11 0 24 8 6 20 14 13 
16 22 19 4 12 5 9 21 18 10 2 23 3 17 15 1 7 11 0 24 8 6 20 14 13 
16 22 19 4 12 5 9 21 18 10 2 23 3 17 15 1 7 11 0 24 8 6 20 14 13 
16 22 19 4 12 5 9 21 18 10 2 23 3 17 15 1 7 11 0 24 8 6 20 14 13 
16 22 19 4 12 5 9 21 18 10 2 23 3 17 15 1 7 11 0 24 8 6 20 14 13 
16 22 19 4 12 5 9 21 18 10 2 23 3 17 15 1 7 11 0 24 8 6 20 14 13 
16 22 19 4 12 5 9 21 18 10 2 23 3 17 15 1 7 11 0 24 8 6 20 14 13 
16 22 19 4 12 5 9 21 18 10 2 23 3 17 15 1 7 11 0 24 8 6 20 14 13 
16 22 19 4 12 5 9 21 18 10 2 23 3 17 15 1 7 11 0 24 8 6 20 14 13 
16 22 19 4 12 5 9 21 18 10 2 23 3 17 15 1 7 11 0 24 8 6 20 14 13 
16 22 19 4 12 5 9 21 18 10 2 23 3 17 15 1 7 11 0 24 8 6 20 14 13 
16 22 19 4 12 5 9 21 18 10 2 23 3 17 15 1 7 11 0 24 8 6 20 14 13 
16 22 19 4 12 5 9 21 18 10 2 23 3 17 15 1 7 11 0 24 8 6 20 14 13 
19 22 5 4 12 9 21 18 8 24 10 2 23 3 17 15 0 6 11 1 7 20 14 13 16 
20 14 13 22 19 4 12 5 16 9 18 21 23 2 10 24 8 0 6 11 7 1 15 17 3 
19 22 5 4 12 9 21 18 8 24 10 2 23 3 17 15 0 6 11 1 7 20 14 13 16 
20 14 13 22 19 4 12 5 16 9 18 21 23 2 10 24 8 0 6 11 7 1 15 17 3 
19 22 5 4 12 9 21 18 8 24 10 2 23 3 17 15 0 6 11 1 7 20 14 13 16 
20 14 13 22 19 4 12 5 16 9 18 21 23 2 10 24 8 0 6 11 7 1 15 17 3 
19 22 5 4 12 9 21 18 8 24 10 2 23 3 17 15 0 6 11 1 7 20 14 13 16 
20 14 13 22 19 4 12 5 16 9 18 21 23 2 10 24 8 0 6 11 7 1 15 17 3 
19 22 5 4 12 9 21 18 8 24 10 2 23 3 17 15 0 6 11 1 7 20 14 13 16 
20 14 13 22 19 4 12 5 16 9 18 21 23 2 10 24 8 0 6 11 7 1 15 17 3 
20 14 13 22 19 4 12 5 16 9 18 21 23 2 10 24 8 0 6 11 7 1 15 17 3 
19 22 5 4 12 9 21 18 8 24 10 2 23 3 17 15 0 6 11 1 7 20 14 13 16 
19 22 5 4 12 9 21 18 8 24 10 2 23 3 17 15 0 6 11 1 7 20 14 13 16 
19 22 5 4 12 9 21 18 8 24 10 2 23 3 17 15 0 6 11 1 7 20 14 13 16 
19 22 5 4 12 9 21 18 8 24 10 2 23 3 17 15 0 6 11 1 7 20 14 13 16 
19 22 5 4 12 9 21 18 8 24 10 2 23 3 17 15 0 6 11 1 7 20 14 13 16 
19 22 5 4 12 9 21 18 8 24 10 2 23 3 17 15 0 6 11 1 7 20 14 13 16 
21 9 12 4 19 22 5 16 13 14 20 7 1 15 17 3 23 2 10 8 24 0 6 11 18 
21 9 12 4 19 22 5 16 13 14 20 7 1 15 17 3 23 2 10 8 24 0 6 11 18 
21 9 12 4 19 22 5 16 13 14 20 7 1 15 17 3 23 2 10 8 24 0 6 11 18 
21 9 12 4 19 22 5 16 13 14 20 7 1 15 17 3 23 2 10 8 24 0 6 11 18 
21 9 12 4 19 22 5 16 13 14 20 7 1 15 17 3 23 2 10 8 24 0 6 11 18 
21 9 12 4 19 22 5 16 13 14 20 7 1 15 17 3 23 2 10 8 24 0 6 11 18 
21 9 12 4 19 22 5 16 13 14 20 7 1 15 17 3 23 2 10 8 24 0 6 11 18 
21 9 12 4 19 22 5 16 13 14 20 7 1 15 17 3 23 2 10 8 24 0 6 11 18 
21 9 12 4 19 22 5 16 13 14 20 7 1 15 17 3 23 2 10 8 24 0 6 11 18 
21 9 12 4 19 22 5 16 13 14 20 7 1 15 17 3 23 2 10 8 24 0 6 11 18 
21 9 12 4 19 22 5 16 13 14 20 7 1 15 17 3 23 2 10 8 24 0 6 11 18 
21 9 12 4 19 22 5 16 13 14 20 7 1 15 17 3 23 2 10 8 24 0 6 11 18 
21 9 12 4 19 22 5 16 13 14 20 7 1 15 17 3 23 2 10 8 24 0 6 11 18 
21 9 12 4 19 22 5 16 13 14 20 7 1 15 17 3 23 2 10 8 24 0 6 11 18 
21 9 12 4 19 22 5 16 13 14 20 7 1 15 17 3 23 2 10 8 24 0 6 11 18 
21 9 12 4 19 22 5 16 13 14 20 7 1 15 17 3 23 2 10 8 24 0 6 11 18 
21 9 12 4 19 22 5 16 13 14 20 7 1 15 17 3 23 2 10 8 24 0 6 11 18 
9 12 4 19 22 5 16 13 14 20 7 1 15 17 3 23 2 10 24 8 0 11 6 18 21 
9 12 4 19 22 5 16 13 14 20 7 1 15 17 3 23 2 10 24 8 0 11 6 18 21 
9 12 4 19 22 5 16 13 14 20 7 1 15 17 3 23 2 10 24 8 0 11 6 18 21 
9 12 4 19 22 5 16 13 14 20 7 1 15 17 3 23 2 10 24 8 0 11 6 18 21 
