37 31 14 20 44 28 17 3 35 23 2 10 41 33 18 38 21 34 9 5 12 4 19 22 16 13 26 36 39 30 1 25 43 15 27 32 40 0 42 8 24 6 11 7 29 
37 31 14 20 44 28 17 3 35 23 2 10 41 33 18 38 21 34 9 5 12 4 19 22 16 13 26 36 39 30 1 25 43 15 27 32 40 0 42 8 24 6 11 7 29 
37 31 14 20 44 28 17 3 35 23 2 10 41 33 18 38 21 34 9 5 12 4 19 22 16 13 26 36 39 30 1 25 43 15 27 32 40 0 42 8 24 6 11 7 29 
37 31 14 20 44 28 17 3 35 23 2 10 41 33 18 38 21 34 9 5 12 4 19 22 16 13 26 36 39 30 1 25 43 15 27 32 40 0 42 8 24 6 11 7 29 
27 32 17 43 25 15 30 1 39 20 37 31 14 26 13 16 4 5 22 19 12 9 34 38 21 18 33 2 10 41 23 35 3 40 0 42 8 24 6 11 7 29 36 44 28 
28 3 35 23 2 10 41 33 18 38 21 34 9 4 12 5 22 19 16 13 26 14 44 39 15 32 40 0 42 8 24 17 27 6 11 43 25 30 1 7 29 31 37 20 36 
28 3 35 23 2 10 41 33 18 38 21 34 9 4 12 5 22 19 16 13 26 14 44 39 15 32 40 0 42 8 24 17 27 6 11 43 25 30 1 7 29 31 37 20 36 
28 3 35 23 2 10 41 33 18 38 21 34 9 4 12 5 22 19 16 13 26 14 44 39 15 32 40 0 42 8 24 17 27 6 11 43 25 30 1 7 29 31 37 20 36 
2 10 41 33 23 3 35 17 28 15 27 40 32 24 8 42 0 11 6 7 29 36 37 31 14 20 1 30 43 25 39 44 26 13 16 5 4 19 22 12 9 34 38 21 18 
23 2 24 8 42 0 40 27 32 17 15 30 1 39 44 28 25 43 7 29 36 20 31 37 14 26 13 16 5 12 4 22 19 21 38 34 9 18 41 33 35 3 10 11 6 
23 2 24 8 42 0 40 27 32 17 15 30 1 39 44 28 25 43 7 29 36 20 31 37 14 26 13 16 5 12 4 22 19 21 38 34 9 18 41 33 35 3 10 11 6 
1 30 39 44 28 15 25 43 27 40 42 0 8 24 2 10 41 35 3 17 32 33 23 18 38 21 34 9 12 4 19 22 5 16 13 26 14 31 37 20 36 29 7 11 6 
36 20 37 31 14 13 26 16 5 12 4 19 22 9 34 38 21 18 33 41 10 2 23 35 3 17 32 40 0 27 28 44 39 1 30 43 25 42 8 24 6 11 7 29 15 
13 26 14 37 31 20 44 39 36 1 30 25 43 7 29 27 32 40 42 0 6 11 15 28 17 3 35 23 33 41 10 2 24 8 38 18 34 21 9 12 4 5 19 22 16 
8 24 10 2 23 35 33 41 18 38 34 9 12 4 19 22 5 16 26 13 14 37 31 36 20 44 39 1 30 15 25 43 40 27 32 3 17 28 21 29 7 11 6 0 42 
28 17 32 27 0 40 42 24 8 10 2 23 3 35 33 41 18 34 38 21 9 12 4 19 22 5 16 13 26 14 20 37 31 44 15 30 1 43 25 39 36 29 7 11 6 
30 1 25 43 7 29 36 44 39 31 37 20 14 26 13 22 19 4 12 5 16 9 21 38 34 18 41 33 23 35 3 17 28 15 27 40 0 42 11 6 24 8 10 2 32 
30 1 25 43 7 29 36 44 39 31 37 20 14 26 13 22 19 4 12 5 16 9 21 38 34 18 41 33 23 35 3 17 28 15 27 40 0 42 11 6 24 8 10 2 32 
30 1 25 43 7 29 36 44 39 31 37 20 14 26 13 22 19 4 12 5 16 9 21 38 34 18 41 33 23 35 3 17 28 15 27 40 0 42 11 6 24 8 10 2 32 
27 15 28 39 36 20 37 31 14 26 13 16 5 12 4 22 19 9 38 21 34 18 23 2 10 41 33 35 3 17 32 40 42 24 8 0 11 6 29 7 43 25 30 1 44 
27 15 28 39 36 20 37 31 14 26 13 16 5 12 4 22 19 9 38 21 34 18 23 2 10 41 33 35 3 17 32 40 42 24 8 0 11 6 29 7 43 25 30 1 44 
10 33 23 35 3 15 39 20 44 28 17 27 40 0 42 8 24 2 6 11 30 1 25 43 7 29 36 37 31 14 26 13 16 5 22 19 4 12 9 34 38 21 18 41 32 
39 28 20 37 31 14 26 13 19 4 12 22 5 16 9 34 38 21 18 33 41 10 2 8 24 23 35 3 17 32 27 0 11 6 42 40 25 43 1 30 15 44 36 7 29 
17 32 0 40 27 15 30 1 39 44 14 26 13 31 37 20 36 29 7 43 25 11 42 6 8 24 2 10 33 23 3 35 41 18 34 38 21 12 4 5 22 19 9 16 28 
17 32 0 40 27 15 30 1 39 44 14 26 13 31 37 20 36 29 7 43 25 11 42 6 8 24 2 10 33 23 3 35 41 18 34 38 21 12 4 5 22 19 9 16 28 
22 4 12 5 9 34 38 21 35 3 17 27 32 43 25 30 1 7 29 36 20 37 31 14 44 39 28 15 40 42 0 11 6 24 8 2 10 41 33 23 18 19 26 13 16 
22 4 12 5 9 34 38 21 35 3 17 27 32 43 25 30 1 7 29 36 20 37 31 14 44 39 28 15 40 42 0 11 6 24 8 2 10 41 33 23 18 19 26 13 16 
38 34 9 12 4 19 22 5 16 26 13 14 20 37 31 36 39 1 30 15 25 43 7 29 32 42 0 40 27 11 6 24 8 10 2 23 33 41 35 3 17 28 44 21 18 
38 34 9 12 4 19 22 5 16 26 13 14 20 37 31 36 39 1 30 15 25 43 7 29 32 42 0 40 27 11 6 24 8 10 2 23 33 41 35 3 17 28 44 21 18 
38 21 23 35 3 8 24 2 10 41 33 34 9 12 4 19 22 5 16 13 26 14 31 37 20 44 39 28 17 32 0 40 27 15 30 1 36 29 7 43 25 11 6 42 18 
38 21 23 35 3 8 24 2 10 41 33 34 9 12 4 19 22 5 16 13 26 14 31 37 20 44 39 28 17 32 0 40 27 15 30 1 36 29 7 43 25 11 6 42 18 
21 38 34 9 18 41 10 2 24 8 42 0 6 11 43 25 1 30 15 40 32 27 29 7 36 20 37 31 14 26 13 22 19 4 12 5 16 39 44 28 17 3 35 23 33 
9 12 4 5 16 22 19 14 26 13 31 20 37 36 30 1 25 43 11 6 42 0 40 32 17 28 15 39 44 7 29 27 8 24 3 35 23 2 10 41 33 21 38 34 18 
9 12 4 5 16 22 19 14 26 13 31 20 37 36 30 1 25 43 11 6 42 0 40 32 17 28 15 39 44 7 29 27 8 24 3 35 23 2 10 41 33 21 38 34 18 
25 43 1 30 15 28 3 35 17 2 10 23 32 40 42 8 24 41 33 38 21 18 34 9 12 4 19 22 5 16 26 13 31 37 20 36 39 44 14 29 7 11 6 0 27 
39 28 15 30 1 43 25 27 40 0 42 8 24 32 17 3 35 41 10 2 23 33 21 38 18 34 9 12 4 19 22 5 16 31 37 20 36 44 14 26 13 29 7 11 6 
5 19 22 4 12 9 34 21 38 18 33 41 10 2 23 35 3 17 28 44 37 31 20 39 30 1 15 43 25 32 27 40 0 42 8 24 6 11 7 29 36 14 26 13 16 
5 19 22 4 12 9 34 21 38 18 33 41 10 2 23 35 3 17 28 44 37 31 20 39 30 1 15 43 25 32 27 40 0 42 8 24 6 11 7 29 36 14 26 13 16 
9 34 38 21 12 4 5 16 19 22 26 13 14 20 37 31 39 30 15 27 0 40 32 17 3 35 23 2 10 41 33 24 8 42 6 11 25 43 7 29 1 36 28 44 18 
9 34 38 21 12 4 5 16 19 22 26 13 14 20 37 31 39 30 15 27 0 40 32 17 3 35 23 2 10 41 33 24 8 42 6 11 25 43 7 29 1 36 28 44 18 
9 34 38 21 12 4 5 16 19 22 26 13 14 20 37 31 39 30 15 27 0 40 32 17 3 35 23 2 10 41 33 24 8 42 6 11 25 43 7 29 1 36 28 44 18 
21 38 34 9 12 4 19 22 5 16 26 13 14 20 37 31 36 1 30 25 43 27 32 17 15 28 35 23 3 33 41 10 2 24 8 42 0 40 11 6 7 29 39 44 18 
17 3 35 23 2 10 41 33 21 38 18 34 9 12 4 19 22 5 16 26 13 14 31 37 20 36 39 44 1 30 27 40 0 42 6 11 7 43 25 15 28 32 8 24 29 
40 0 1 30 28 15 39 20 31 37 36 14 26 13 22 19 4 12 5 16 9 21 38 34 18 33 10 2 23 3 35 41 24 8 42 6 11 25 43 7 29 44 17 32 27 
40 0 1 30 28 15 39 20 31 37 36 14 26 13 22 19 4 12 5 16 9 21 38 34 18 33 10 2 23 3 35 41 24 8 42 6 11 25 43 7 29 44 17 32 27 
42 0 40 32 27 25 43 7 1 30 39 44 28 17 3 35 24 8 10 2 23 33 41 18 38 21 34 9 12 4 22 19 5 16 26 13 14 20 37 31 36 29 15 11 6 
42 0 40 32 27 25 43 7 1 30 39 44 28 17 3 35 24 8 10 2 23 33 41 18 38 21 34 9 12 4 22 19 5 16 26 13 14 20 37 31 36 29 15 11 6 
42 0 40 32 27 25 43 7 1 30 39 44 28 17 3 35 24 8 10 2 23 33 41 18 38 21 34 9 12 4 22 19 5 16 26 13 14 20 37 31 36 29 15 11 6 
42 0 40 32 27 25 43 7 1 30 39 44 28 17 3 35 24 8 10 2 23 33 41 18 38 21 34 9 12 4 22 19 5 16 26 13 14 20 37 31 36 29 15 11 6 
29 37 31 26 13 14 20 36 39 44 28 3 35 41 10 2 23 33 18 34 38 21 9 12 5 16 22 4 19 32 17 15 30 1 43 25 27 40 0 11 6 42 8 24 7 
21 38 34 9 12 4 19 22 5 16 13 26 14 20 39 44 36 37 31 29 7 43 25 30 1 17 3 35 23 2 10 33 41 8 24 40 0 42 6 11 27 15 28 32 18 
21 38 34 9 12 4 19 22 5 16 13 26 14 20 39 44 36 37 31 29 7 43 25 30 1 17 3 35 23 2 10 33 41 8 24 40 0 42 6 11 27 15 28 32 18 
21 38 34 9 12 4 19 22 5 16 13 26 14 20 39 44 36 37 31 29 7 43 25 30 1 17 3 35 23 2 10 33 41 8 24 40 0 42 6 11 27 15 28 32 18 
21 38 34 9 12 4 19 22 5 16 13 26 14 20 39 44 36 37 31 29 7 43 25 30 1 17 3 35 23 2 10 33 41 8 24 40 0 42 6 11 27 15 28 32 18 
38 21 12 4 5 16 22 19 14 26 13 31 37 20 44 39 1 30 43 25 27 40 32 17 3 35 23 2 10 24 8 42 6 0 11 7 29 36 28 15 41 33 34 9 18 
38 21 12 4 5 16 22 19 14 26 13 31 37 20 44 39 1 30 43 25 27 40 32 17 3 35 23 2 10 24 8 42 6 0 11 7 29 36 28 15 41 33 34 9 18 
4 19 22 5 12 9 34 38 21 18 33 41 10 2 24 8 40 0 42 6 11 43 25 30 1 39 44 14 26 13 20 37 31 36 29 7 15 27 32 35 23 3 17 28 16 
4 19 22 5 12 9 34 38 21 18 33 41 10 2 24 8 40 0 42 6 11 43 25 30 1 39 44 14 26 13 20 37 31 36 29 7 15 27 32 35 23 3 17 28 16 
4 19 22 5 12 9 34 38 21 18 33 41 10 2 24 8 40 0 42 6 11 43 25 30 1 39 44 14 26 13 20 37 31 36 29 7 15 27 32 35 23 3 17 28 16 
30 1 25 43 7 29 36 44 39 31 37 20 14 26 13 22 19 4 12 5 16 9 21 38 34 18 41 33 23 35 3 17 28 15 27 40 0 42 11 6 24 8 10 2 32 
30 1 25 43 7 29 36 44 39 31 37 20 14 26 13 22 19 4 12 5 16 9 21 38 34 18 41 33 23 35 3 17 28 15 27 40 0 42 11 6 24 8 10 2 32 
30 1 25 43 7 29 36 44 39 31 37 20 14 26 13 22 19 4 12 5 16 9 21 38 34 18 41 33 23 35 3 17 28 15 27 40 0 42 11 6 24 8 10 2 32 
17 32 27 15 30 1 39 20 37 31 14 26 13 16 5 22 19 4 12 9 34 38 21 18 35 3 23 2 10 41 33 24 8 42 40 0 11 6 43 25 29 7 28 44 36 
39 28 20 37 31 14 26 13 19 4 12 22 5 16 9 34 38 21 18 33 41 10 2 8 24 23 35 3 17 32 27 0 11 6 42 40 25 43 1 30 15 44 36 7 29 
19 22 5 4 12 9 34 38 21 23 35 3 1 30 25 43 7 29 20 37 31 13 26 14 44 39 36 28 15 27 40 0 11 6 42 8 24 2 10 33 41 18 32 17 16 
0 40 27 32 30 1 39 44 28 36 37 31 20 14 26 13 16 5 22 19 4 12 9 34 21 38 18 41 10 2 24 8 23 35 3 33 17 15 43 25 7 29 42 6 11 
15 17 28 39 44 37 20 36 14 26 13 31 16 5 22 19 4 12 9 34 38 21 18 41 10 2 33 35 3 23 32 27 40 0 11 6 8 24 42 25 43 1 30 7 29 
15 17 28 39 44 37 20 36 14 26 13 31 16 5 22 19 4 12 9 34 38 21 18 41 10 2 33 35 3 23 32 27 40 0 11 6 8 24 42 25 43 1 30 7 29 
15 17 28 39 44 37 20 36 14 26 13 31 16 5 22 19 4 12 9 34 38 21 18 41 10 2 33 35 3 23 32 27 40 0 11 6 8 24 42 25 43 1 30 7 29 
15 17 28 39 44 37 20 36 14 26 13 31 16 5 22 19 4 12 9 34 38 21 18 41 10 2 33 35 3 23 32 27 40 0 11 6 8 24 42 25 43 1 30 7 29 
18 21 38 34 9 4 5 12 22 19 44 39 1 30 43 25 0 40 32 27 15 28 17 3 35 23 33 41 10 2 24 8 42 6 11 29 7 36 20 37 31 13 26 14 16 
43 25 15 17 32 40 0 42 24 8 10 2 23 35 3 33 41 18 38 21 34 9 12 4 19 22 5 16 13 26 31 37 20 36 39 30 1 44 14 28 27 11 6 7 29 
43 25 15 17 32 40 0 42 24 8 10 2 23 35 3 33 41 18 38 21 34 9 12 4 19 22 5 16 13 26 31 37 20 36 39 30 1 44 14 28 27 11 6 7 29 
43 25 15 17 32 40 0 42 24 8 10 2 23 35 3 33 41 18 38 21 34 9 12 4 19 22 5 16 13 26 31 37 20 36 39 30 1 44 14 28 27 11 6 7 29 
39 44 20 37 31 36 29 7 11 6 0 40 27 32 17 15 28 30 1 25 43 42 8 24 2 10 41 33 35 23 3 18 38 21 34 9 12 4 19 22 5 16 13 26 14 
44 39 1 30 36 20 14 26 13 31 37 29 7 43 25 15 27 40 0 8 24 2 10 33 23 35 3 17 32 38 21 9 12 4 19 22 5 16 34 18 41 42 6 11 28 
44 39 1 30 36 20 14 26 13 31 37 29 7 43 25 15 27 40 0 8 24 2 10 33 23 35 3 17 32 38 21 9 12 4 19 22 5 16 34 18 41 42 6 11 28 
27 40 32 35 3 17 15 25 30 1 39 36 20 37 31 13 26 14 44 28 19 4 12 5 16 22 9 34 38 21 18 41 2 10 33 23 24 8 42 0 11 6 7 29 43 
27 40 32 35 3 17 15 25 30 1 39 36 20 37 31 13 26 14 44 28 19 4 12 5 16 22 9 34 38 21 18 41 2 10 33 23 24 8 42 0 11 6 7 29 43 
27 40 32 35 3 17 15 25 30 1 39 36 20 37 31 13 26 14 44 28 19 4 12 5 16 22 9 34 38 21 18 41 2 10 33 23 24 8 42 0 11 6 7 29 43 
7 29 20 36 39 44 30 1 25 43 6 42 0 40 32 15 17 3 35 23 2 10 41 33 18 38 21 34 9 12 4 19 22 5 16 13 26 14 37 31 28 27 24 8 11 
9 34 38 21 3 35 33 41 10 2 23 32 40 15 30 1 25 43 27 0 11 6 42 24 8 17 28 39 44 14 20 37 36 7 29 31 26 13 22 19 4 12 5 16 18 
35 3 17 32 27 40 0 42 8 24 10 2 23 33 41 21 38 34 9 4 12 5 19 22 16 26 13 14 31 37 20 36 1 30 15 28 44 39 25 43 7 29 11 6 18 
35 3 17 32 27 40 0 42 8 24 10 2 23 33 41 21 38 34 9 4 12 5 19 22 16 26 13 14 31 37 20 36 1 30 15 28 44 39 25 43 7 29 11 6 18 
35 3 17 32 27 40 0 42 8 24 10 2 23 33 41 21 38 34 9 4 12 5 19 22 16 26 13 14 31 37 20 36 1 30 15 28 44 39 25 43 7 29 11 6 18 
3 35 23 2 10 33 41 18 38 21 34 9 12 4 19 22 5 16 26 13 14 31 37 20 44 39 28 15 30 1 27 40 0 42 32 17 8 24 6 11 25 43 7 29 36 
3 35 23 2 10 33 41 18 38 21 34 9 12 4 19 22 5 16 26 13 14 31 37 20 44 39 28 15 30 1 27 40 0 42 32 17 8 24 6 11 25 43 7 29 36 
3 35 23 2 10 33 41 18 38 21 34 9 12 4 19 22 5 16 26 13 14 31 37 20 44 39 28 15 30 1 27 40 0 42 32 17 8 24 6 11 25 43 7 29 36 
4 12 9 34 38 21 17 3 35 23 33 41 10 2 24 8 42 40 0 11 6 43 25 30 1 39 36 20 44 28 15 32 27 7 29 37 31 14 26 13 22 19 5 16 18 
4 12 9 34 38 21 17 3 35 23 33 41 10 2 24 8 42 40 0 11 6 43 25 30 1 39 36 20 44 28 15 32 27 7 29 37 31 14 26 13 22 19 5 16 18 
15 30 1 39 44 28 17 32 27 40 0 42 8 24 23 2 35 3 33 41 10 18 21 38 34 9 12 4 22 5 19 16 26 13 14 20 36 37 31 29 7 43 25 11 6 
15 30 1 39 44 28 17 32 27 40 0 42 8 24 23 2 35 3 33 41 10 18 21 38 34 9 12 4 22 5 19 16 26 13 14 20 36 37 31 29 7 43 25 11 6 
0 40 27 32 24 8 2 10 41 33 23 35 3 17 28 15 30 25 43 1 39 31 37 20 14 26 13 16 18 21 38 34 9 12 4 5 22 19 44 36 29 7 11 6 42 
15 30 1 39 44 28 17 32 27 40 0 42 8 24 23 2 35 3 33 41 10 18 21 38 34 9 12 4 22 5 19 16 26 13 14 20 36 37 31 29 7 43 25 11 6 
17 32 3 35 23 2 10 41 33 18 38 21 34 9 12 4 22 19 5 16 13 26 14 31 37 20 36 44 1 30 39 28 15 0 40 27 8 24 42 11 6 25 43 7 29 
17 32 3 35 23 2 10 41 33 18 38 21 34 9 12 4 22 19 5 16 13 26 14 31 37 20 36 44 1 30 39 28 15 0 40 27 8 24 42 11 6 25 43 7 29 
21 38 34 9 12 4 5 16 22 19 13 26 14 20 37 31 29 7 43 25 27 0 40 32 17 28 44 39 36 1 30 15 3 35 23 33 10 2 24 8 42 11 6 18 41 
0 42 40 32 17 28 1 30 15 27 25 43 7 29 36 37 14 26 13 31 20 39 44 3 35 23 2 10 41 33 18 21 38 34 9 12 4 5 22 19 16 24 8 6 11 
32 27 25 43 30 1 15 28 17 3 35 23 2 10 41 33 18 34 38 21 9 12 4 19 22 5 16 26 13 14 20 37 31 36 39 7 29 44 40 0 42 8 24 6 11 
32 27 25 43 30 1 15 28 17 3 35 23 2 10 41 33 18 34 38 21 9 12 4 19 22 5 16 26 13 14 20 37 31 36 39 7 29 44 40 0 42 8 24 6 11 
