31 25 7 35 18 11 9 0 34 39 36 8 24 20 38 29 23 26 30 4 17 21 14 22 32 13 1 6 3 37 10 33 5 19 28 16 27 15 2 12 
12 19 6 25 28 32 23 17 4 37 15 21 30 8 29 36 18 20 5 10 26 11 13 3 9 35 22 16 0 24 7 34 31 39 1 27 2 14 33 38 
12 19 6 25 28 32 23 17 4 37 15 21 30 8 29 36 18 20 5 10 26 11 13 3 9 35 22 16 0 24 7 34 31 39 1 27 2 14 33 38 
17 4 31 2 15 9 10 22 13 7 12 19 33 24 29 14 1 3 16 21 37 27 34 23 28 25 26 11 5 30 36 20 6 0 18 35 32 38 39 8 
17 4 31 2 15 9 10 22 13 7 12 19 33 24 29 14 1 3 16 21 37 27 34 23 28 25 26 11 5 30 36 20 6 0 18 35 32 38 39 8 
7 35 12 10 34 25 5 30 9 27 11 20 22 4 33 37 14 29 3 1 17 24 31 15 19 21 2 28 26 13 36 18 39 6 8 23 38 16 32 0 
7 35 12 10 34 25 5 30 9 27 11 20 22 4 33 37 14 29 3 1 17 24 31 15 19 21 2 28 26 13 36 18 39 6 8 23 38 16 32 0 
7 35 12 10 34 25 5 30 9 27 11 20 22 4 33 37 14 29 3 1 17 24 31 15 19 21 2 28 26 13 36 18 39 6 8 23 38 16 32 0 
12 27 23 39 8 19 18 35 25 38 2 10 33 37 0 11 31 14 30 29 21 5 16 36 7 4 26 1 24 22 9 34 17 15 13 20 3 32 6 28 
30 1 25 0 24 22 6 10 9 18 15 34 11 35 23 33 38 32 31 21 17 8 7 12 16 28 19 3 37 27 2 20 36 39 26 4 14 13 5 29 
30 1 25 0 24 22 6 10 9 18 15 34 11 35 23 33 38 32 31 21 17 8 7 12 16 28 19 3 37 27 2 20 36 39 26 4 14 13 5 29 
30 1 25 0 24 22 6 10 9 18 15 34 11 35 23 33 38 32 31 21 17 8 7 12 16 28 19 3 37 27 2 20 36 39 26 4 14 13 5 29 
30 26 36 38 2 33 13 6 17 29 24 35 3 27 0 1 21 39 25 7 18 31 8 23 34 12 9 4 11 19 5 15 32 16 20 10 28 37 14 22 
30 26 36 38 2 33 13 6 17 29 24 35 3 27 0 1 21 39 25 7 18 31 8 23 34 12 9 4 11 19 5 15 32 16 20 10 28 37 14 22 
8 6 26 36 14 21 15 23 10 3 27 2 7 5 13 18 0 9 35 37 22 17 31 32 25 12 19 28 1 33 38 20 4 30 11 34 16 24 29 39 
34 18 19 14 33 22 21 26 32 25 31 20 38 29 24 9 28 5 12 16 27 39 17 1 15 13 36 7 10 37 6 4 3 30 0 35 11 2 8 23 
34 18 19 14 33 22 21 26 32 25 31 20 38 29 24 9 28 5 12 16 27 39 17 1 15 13 36 7 10 37 6 4 3 30 0 35 11 2 8 23 
34 18 19 14 33 22 21 26 32 25 31 20 38 29 24 9 28 5 12 16 27 39 17 1 15 13 36 7 10 37 6 4 3 30 0 35 11 2 8 23 
20 30 25 7 9 35 0 14 26 13 28 37 22 24 23 21 34 8 1 4 2 12 18 3 15 17 10 16 33 5 6 39 31 27 29 11 19 38 32 36 
20 30 25 7 9 35 0 14 26 13 28 37 22 24 23 21 34 8 1 4 2 12 18 3 15 17 10 16 33 5 6 39 31 27 29 11 19 38 32 36 
28 3 7 19 14 38 10 33 5 35 24 8 18 4 26 22 21 30 31 23 15 12 29 17 9 6 37 11 0 25 36 16 27 34 1 32 2 13 20 39 
39 11 9 32 38 37 19 33 7 20 36 18 35 34 14 12 31 8 10 30 29 16 28 0 15 27 26 24 25 17 23 22 21 13 6 5 4 3 2 1 
26 31 27 35 33 6 25 3 32 23 8 2 10 5 9 24 30 36 21 13 14 16 28 17 22 15 18 11 20 7 34 12 4 39 0 19 37 1 29 38 
26 31 27 35 33 6 25 3 32 23 8 2 10 5 9 24 30 36 21 13 14 16 28 17 22 15 18 11 20 7 34 12 4 39 0 19 37 1 29 38 
26 31 27 35 33 6 25 3 32 23 8 2 10 5 9 24 30 36 21 13 14 16 28 17 22 15 18 11 20 7 34 12 4 39 0 19 37 1 29 38 
26 31 27 35 33 6 25 3 32 23 8 2 10 5 9 24 30 36 21 13 14 16 28 17 22 15 18 11 20 7 34 12 4 39 0 19 37 1 29 38 
15 31 16 1 4 29 30 0 39 18 21 26 14 19 27 2 25 34 20 36 32 33 7 13 38 3 28 10 9 5 22 12 37 23 17 6 35 8 24 11 
37 29 39 8 18 35 25 33 5 1 21 31 34 11 4 12 9 23 14 20 32 38 36 13 10 3 27 7 17 24 26 30 19 16 28 6 2 22 15 0 
37 29 39 8 18 35 25 33 5 1 21 31 34 11 4 12 9 23 14 20 32 38 36 13 10 3 27 7 17 24 26 30 19 16 28 6 2 22 15 0 
37 29 39 8 18 35 25 33 5 1 21 31 34 11 4 12 9 23 14 20 32 38 36 13 10 3 27 7 17 24 26 30 19 16 28 6 2 22 15 0 
8 3 32 13 0 11 19 34 22 1 26 21 14 16 28 31 2 6 33 30 18 25 4 37 5 12 27 15 7 24 38 9 10 20 17 36 23 29 35 39 
8 3 32 13 0 11 19 34 22 1 26 21 14 16 28 31 2 6 33 30 18 25 4 37 5 12 27 15 7 24 38 9 10 20 17 36 23 29 35 39 
3 6 11 16 27 10 33 29 4 14 32 34 22 8 9 23 20 35 1 18 7 24 15 28 12 26 2 21 39 5 19 31 25 13 38 36 37 30 17 0 
3 6 11 16 27 10 33 29 4 14 32 34 22 8 9 23 20 35 1 18 7 24 15 28 12 26 2 21 39 5 19 31 25 13 38 36 37 30 17 0 
3 6 11 16 27 10 33 29 4 14 32 34 22 8 9 23 20 35 1 18 7 24 15 28 12 26 2 21 39 5 19 31 25 13 38 36 37 30 17 0 
21 34 9 4 11 36 14 19 37 16 28 5 25 0 12 27 35 6 29 7 2 22 23 30 33 17 10 24 32 15 3 1 31 20 26 13 18 8 39 38 
36 18 35 11 26 23 10 37 14 29 6 38 0 21 27 16 19 22 12 1 32 31 9 24 30 13 2 15 3 33 25 28 17 4 5 8 7 20 34 39 
36 18 35 11 26 23 10 37 14 29 6 38 0 21 27 16 19 22 12 1 32 31 9 24 30 13 2 15 3 33 25 28 17 4 5 8 7 20 34 39 
36 18 35 11 26 23 10 37 14 29 6 38 0 21 27 16 19 22 12 1 32 31 9 24 30 13 2 15 3 33 25 28 17 4 5 8 7 20 34 39 
21 3 37 30 10 13 25 26 36 20 28 7 35 0 5 11 34 18 39 32 2 31 17 9 29 15 27 8 24 38 4 1 22 19 16 12 14 6 33 23 
8 7 12 16 20 3 9 29 32 17 38 34 35 11 30 22 26 14 0 21 18 24 37 13 23 36 28 19 6 1 33 31 2 15 27 25 4 10 5 39 
8 7 12 16 20 3 9 29 32 17 38 34 35 11 30 22 26 14 0 21 18 24 37 13 23 36 28 19 6 1 33 31 2 15 27 25 4 10 5 39 
8 7 12 16 20 3 9 29 32 17 38 34 35 11 30 22 26 14 0 21 18 24 37 13 23 36 28 19 6 1 33 31 2 15 27 25 4 10 5 39 
38 22 35 28 37 18 29 13 6 32 36 0 23 9 31 4 34 2 5 10 33 26 30 17 14 27 11 21 25 7 24 20 19 15 16 12 8 3 1 39 
38 22 35 28 37 18 29 13 6 32 36 0 23 9 31 4 34 2 5 10 33 26 30 17 14 27 11 21 25 7 24 20 19 15 16 12 8 3 1 39 
15 8 17 25 12 24 1 33 20 36 6 19 39 30 32 14 38 21 27 37 28 29 18 2 35 9 34 16 31 7 11 4 26 23 22 0 13 10 5 3 
13 33 16 1 32 9 14 25 6 19 31 18 2 20 30 5 10 15 22 21 29 36 27 28 11 24 3 23 17 38 8 7 35 4 39 34 12 37 26 0 
13 33 16 1 32 9 14 25 6 19 31 18 2 20 30 5 10 15 22 21 29 36 27 28 11 24 3 23 17 38 8 7 35 4 39 34 12 37 26 0 
20 6 19 37 27 34 2 25 35 38 0 13 22 33 9 8 18 31 16 15 1 39 12 5 29 3 10 23 4 36 7 28 24 17 11 14 21 26 30 32 
28 39 0 12 22 37 5 20 25 7 11 9 18 17 21 31 34 38 10 8 16 1 4 14 15 27 35 36 29 24 32 6 23 30 13 26 2 33 3 19 
28 39 0 12 22 37 5 20 25 7 11 9 18 17 21 31 34 38 10 8 16 1 4 14 15 27 35 36 29 24 32 6 23 30 13 26 2 33 3 19 
28 39 0 12 22 37 5 20 25 7 11 9 18 17 21 31 34 38 10 8 16 1 4 14 15 27 35 36 29 24 32 6 23 30 13 26 2 33 3 19 
27 19 13 14 35 2 16 8 25 12 9 18 34 5 31 11 33 37 15 30 17 28 29 32 4 21 24 20 23 26 36 7 6 3 1 22 39 10 38 0 
27 19 13 14 35 2 16 8 25 12 9 18 34 5 31 11 33 37 15 30 17 28 29 32 4 21 24 20 23 26 36 7 6 3 1 22 39 10 38 0 
35 28 25 11 20 0 39 22 13 30 33 31 8 14 21 6 32 5 36 12 27 10 2 38 24 23 17 4 19 29 16 3 15 1 9 7 37 26 34 18 
35 28 25 11 20 0 39 22 13 30 33 31 8 14 21 6 32 5 36 12 27 10 2 38 24 23 17 4 19 29 16 3 15 1 9 7 37 26 34 18 
26 17 21 5 30 1 3 14 13 28 36 19 33 39 7 25 4 23 0 16 12 6 22 9 31 34 27 15 10 2 32 38 18 11 24 20 35 37 8 29 
26 17 21 5 30 1 3 14 13 28 36 19 33 39 7 25 4 23 0 16 12 6 22 9 31 34 27 15 10 2 32 38 18 11 24 20 35 37 8 29 
33 31 5 15 27 3 16 1 12 2 20 23 26 11 9 17 4 39 6 24 30 14 21 35 28 37 10 19 7 8 22 36 13 29 18 34 25 32 38 0 
33 31 5 15 27 3 16 1 12 2 20 23 26 11 9 17 4 39 6 24 30 14 21 35 28 37 10 19 7 8 22 36 13 29 18 34 25 32 38 0 
33 31 5 15 27 3 16 1 12 2 20 23 26 11 9 17 4 39 6 24 30 14 21 35 28 37 10 19 7 8 22 36 13 29 18 34 25 32 38 0 
8 14 28 1 19 16 10 13 32 22 38 36 29 24 0 37 26 17 18 25 12 11 35 20 21 34 9 2 7 39 31 30 3 33 23 15 4 6 5 27 
8 14 28 1 19 16 10 13 32 22 38 36 29 24 0 37 26 17 18 25 12 11 35 20 21 34 9 2 7 39 31 30 3 33 23 15 4 6 5 27 
1 19 16 3 25 31 18 8 2 17 30 21 9 22 10 36 15 37 33 26 4 34 7 38 5 20 14 23 32 27 6 13 11 35 28 12 24 0 39 29 
1 19 16 3 25 31 18 8 2 17 30 21 9 22 10 36 15 37 33 26 4 34 7 38 5 20 14 23 32 27 6 13 11 35 28 12 24 0 39 29 
18 6 20 14 34 38 11 29 32 31 23 16 37 28 7 19 27 2 3 22 36 39 24 17 21 5 33 12 13 4 30 9 8 26 0 25 15 1 10 35 
22 10 21 2 26 3 6 35 18 38 30 9 4 33 16 20 37 17 12 31 5 1 13 14 36 24 8 32 34 25 11 23 29 15 28 19 27 7 0 39 
22 10 21 2 26 3 6 35 18 38 30 9 4 33 16 20 37 17 12 31 5 1 13 14 36 24 8 32 34 25 11 23 29 15 28 19 27 7 0 39 
22 10 21 2 26 3 6 35 18 38 30 9 4 33 16 20 37 17 12 31 5 1 13 14 36 24 8 32 34 25 11 23 29 15 28 19 27 7 0 39 
13 8 31 34 32 3 6 36 37 15 28 18 23 16 30 4 9 39 12 29 24 20 22 10 33 19 5 25 14 26 7 2 27 17 38 21 1 35 11 0 
14 38 4 22 11 5 6 21 29 25 7 31 27 30 37 15 36 33 26 8 24 9 19 10 16 12 13 35 34 18 17 1 32 23 28 39 3 2 0 20 
14 38 4 22 11 5 6 21 29 25 7 31 27 30 37 15 36 33 26 8 24 9 19 10 16 12 13 35 34 18 17 1 32 23 28 39 3 2 0 20 
26 8 23 16 15 12 28 2 13 0 36 22 29 7 14 30 4 27 5 24 17 9 35 18 32 34 11 31 6 10 33 25 19 37 20 3 38 39 1 21 
6 10 4 38 8 15 12 27 20 29 9 39 26 11 34 1 14 19 22 35 16 7 18 24 36 21 13 31 25 37 28 30 32 17 0 3 23 2 5 33 
20 8 19 37 9 5 2 18 35 7 28 1 21 14 15 27 34 12 29 11 0 39 23 6 32 17 36 26 30 13 3 38 24 31 16 4 10 33 22 25 
20 8 19 37 9 5 2 18 35 7 28 1 21 14 15 27 34 12 29 11 0 39 23 6 32 17 36 26 30 13 3 38 24 31 16 4 10 33 22 25 
20 8 19 37 9 5 2 18 35 7 28 1 21 14 15 27 34 12 29 11 0 39 23 6 32 17 36 26 30 13 3 38 24 31 16 4 10 33 22 25 
39 11 7 22 26 4 23 38 9 31 37 6 16 33 17 36 35 18 34 19 32 12 8 2 15 30 27 28 29 25 24 13 21 10 20 14 5 3 1 0 
19 28 22 29 31 9 33 16 3 25 11 7 35 13 1 23 5 27 30 17 39 4 20 24 8 26 32 2 12 15 38 0 18 14 34 37 36 6 21 10 
19 28 22 29 31 9 33 16 3 25 11 7 35 13 1 23 5 27 30 17 39 4 20 24 8 26 32 2 12 15 38 0 18 14 34 37 36 6 21 10 
19 28 22 29 31 9 33 16 3 25 11 7 35 13 1 23 5 27 30 17 39 4 20 24 8 26 32 2 12 15 38 0 18 14 34 37 36 6 21 10 
21 32 13 4 1 19 22 6 17 38 2 29 14 16 9 3 26 24 31 34 5 30 7 0 36 10 28 20 11 23 12 15 35 25 18 27 33 37 39 8 
2 9 26 10 30 32 19 33 22 1 4 0 12 27 15 37 6 13 11 39 7 17 23 38 8 14 24 29 16 21 18 36 20 35 25 28 31 34 3 5 
2 9 26 10 30 32 19 33 22 1 4 0 12 27 15 37 6 13 11 39 7 17 23 38 8 14 24 29 16 21 18 36 20 35 25 28 31 34 3 5 
2 9 26 10 30 32 19 33 22 1 4 0 12 27 15 37 6 13 11 39 7 17 23 38 8 14 24 29 16 21 18 36 20 35 25 28 31 34 3 5 
36 7 27 16 18 35 34 8 24 14 21 19 33 23 30 1 5 2 32 17 31 12 38 28 9 3 26 20 11 25 22 37 13 10 29 4 0 15 6 39 
37 39 29 35 5 28 10 33 6 27 20 25 16 32 38 9 7 31 12 36 26 17 8 18 11 2 34 30 14 21 22 15 19 24 23 3 1 13 4 0 
37 39 29 35 5 28 10 33 6 27 20 25 16 32 38 9 7 31 12 36 26 17 8 18 11 2 34 30 14 21 22 15 19 24 23 3 1 13 4 0 
37 39 29 35 5 28 10 33 6 27 20 25 16 32 38 9 7 31 12 36 26 17 8 18 11 2 34 30 14 21 22 15 19 24 23 3 1 13 4 0 
33 5 37 25 31 3 39 26 29 20 28 4 21 2 9 7 27 30 1 34 22 35 18 38 16 15 10 13 14 6 12 11 8 23 36 24 17 32 19 0 
33 5 37 25 31 3 39 26 29 20 28 4 21 2 9 7 27 30 1 34 22 35 18 38 16 15 10 13 14 6 12 11 8 23 36 24 17 32 19 0 
3 39 20 4 26 21 1 35 33 28 30 37 14 32 38 24 15 6 11 18 7 0 12 5 27 22 31 36 34 19 10 17 13 23 29 16 25 9 8 2 
28 15 12 9 0 10 17 13 19 27 26 38 11 16 3 5 24 20 37 32 21 30 1 33 34 7 25 6 2 36 35 4 23 14 8 31 18 22 29 39 
28 15 12 9 0 10 17 13 19 27 26 38 11 16 3 5 24 20 37 32 21 30 1 33 34 7 25 6 2 36 35 4 23 14 8 31 18 22 29 39 
28 15 12 9 0 10 17 13 19 27 26 38 11 16 3 5 24 20 37 32 21 30 1 33 34 7 25 6 2 36 35 4 23 14 8 31 18 22 29 39 
35 18 20 38 15 0 29 22 24 10 19 37 8 7 6 26 4 30 13 1 32 2 34 21 11 3 25 17 14 31 27 33 16 5 28 9 39 12 36 23 
38 7 11 18 12 22 25 20 37 13 36 5 27 15 31 35 34 16 28 4 33 19 21 3 32 30 8 17 29 10 26 1 24 14 23 9 6 2 0 39 
38 7 11 18 12 22 25 20 37 13 36 5 27 15 31 35 34 16 28 4 33 19 21 3 32 30 8 17 29 10 26 1 24 14 23 9 6 2 0 39 
38 7 11 18 12 22 25 20 37 13 36 5 27 15 31 35 34 16 28 4 33 19 21 3 32 30 8 17 29 10 26 1 24 14 23 9 6 2 0 39 
24 26 14 29 4 39 7 37 10 2 6 19 30 8 20 16 28 34 36 23 9 31 11 15 21 12 18 38 13 33 17 22 0 35 27 32 1 5 3 25 
