26 13 14 20 28 15 27 25 1 7 29 0 11 6 8 24 2 10 23 3 17 21 18 9 12 4 5 22 19 16 
26 13 14 20 28 15 27 25 1 7 29 0 11 6 8 24 2 10 23 3 17 21 18 9 12 4 5 22 19 16 
26 13 14 20 28 15 27 25 1 7 29 0 11 6 8 24 2 10 23 3 17 21 18 9 12 4 5 22 19 16 
26 13 14 20 28 15 27 25 1 7 29 0 11 6 8 24 2 10 23 3 17 21 18 9 12 4 5 22 19 16 
26 13 14 20 28 15 27 25 1 7 29 0 11 6 8 24 2 10 23 3 17 21 18 9 12 4 5 22 19 16 
26 13 14 20 28 15 27 25 1 7 29 0 11 6 8 24 2 10 23 3 17 21 18 9 12 4 5 22 19 16 
26 13 14 20 28 15 27 25 1 7 29 0 11 6 8 24 2 10 23 3 17 21 18 9 12 4 5 22 19 16 
9 19 4 12 5 22 16 13 26 14 20 28 3 17 15 27 0 6 11 7 1 29 25 8 24 10 2 23 21 18 
27 25 15 28 17 3 23 2 10 24 8 0 6 11 7 1 29 20 14 26 13 16 22 4 12 9 5 21 18 19 
27 25 15 28 17 3 23 2 10 24 8 0 6 11 7 1 29 20 14 26 13 16 22 4 12 9 5 21 18 19 
27 25 15 28 17 3 23 2 10 24 8 0 6 11 7 1 29 20 14 26 13 16 22 4 12 9 5 21 18 19 
27 25 15 28 17 3 23 2 10 24 8 0 6 11 7 1 29 20 14 26 13 16 22 4 12 9 5 21 18 19 
27 25 15 28 17 3 23 2 10 24 8 0 6 11 7 1 29 20 14 26 13 16 22 4 12 9 5 21 18 19 
28 15 17 3 23 2 10 8 24 0 11 6 27 25 1 7 29 20 14 26 13 16 5 4 12 22 19 21 18 9 
28 15 17 3 23 2 10 8 24 0 11 6 27 25 1 7 29 20 14 26 13 16 5 4 12 22 19 21 18 9 
28 15 17 3 23 2 10 8 24 0 11 6 27 25 1 7 29 20 14 26 13 16 5 4 12 22 19 21 18 9 
28 15 17 3 23 2 10 8 24 0 11 6 27 25 1 7 29 20 14 26 13 16 5 4 12 22 19 21 18 9 
10 2 23 3 17 15 1 25 27 28 21 9 12 4 22 19 5 16 13 26 14 20 29 7 0 11 6 8 24 18 
10 2 23 3 17 15 1 25 27 28 21 9 12 4 22 19 5 16 13 26 14 20 29 7 0 11 6 8 24 18 
10 2 23 3 17 15 1 25 27 28 21 9 12 4 22 19 5 16 13 26 14 20 29 7 0 11 6 8 24 18 
10 2 23 3 17 15 1 25 27 28 21 9 12 4 22 19 5 16 13 26 14 20 29 7 0 11 6 8 24 18 
10 2 23 3 17 15 1 25 27 28 21 9 12 4 22 19 5 16 13 26 14 20 29 7 0 11 6 8 24 18 
10 2 24 8 6 0 27 17 15 28 4 12 9 19 22 5 16 13 26 14 20 29 7 1 25 11 3 23 21 18 
10 2 24 8 6 0 27 17 15 28 4 12 9 19 22 5 16 13 26 14 20 29 7 1 25 11 3 23 21 18 
10 2 24 8 6 0 27 17 15 28 4 12 9 19 22 5 16 13 26 14 20 29 7 1 25 11 3 23 21 18 
8 24 2 10 23 3 17 28 1 25 7 29 20 13 26 14 19 4 12 5 22 16 9 21 18 15 27 0 6 11 
8 24 2 10 23 3 17 28 1 25 7 29 20 13 26 14 19 4 12 5 22 16 9 21 18 15 27 0 6 11 
17 15 27 25 1 28 10 2 24 8 6 11 0 7 29 20 14 26 13 16 22 19 4 12 5 9 18 21 3 23 
17 15 27 25 1 28 10 2 24 8 6 11 0 7 29 20 14 26 13 16 22 19 4 12 5 9 18 21 3 23 
8 24 2 10 23 3 17 28 1 25 7 29 20 13 26 14 19 4 12 5 22 16 9 21 18 15 27 0 6 11 
8 24 2 10 23 3 17 28 1 25 7 29 20 13 26 14 19 4 12 5 22 16 9 21 18 15 27 0 6 11 
8 24 2 10 23 3 17 28 1 25 7 29 20 13 26 14 19 4 12 5 22 16 9 21 18 15 27 0 6 11 
3 23 2 10 18 21 19 22 4 12 9 5 16 13 26 14 20 28 17 27 0 6 11 25 7 29 1 15 24 8 
3 23 2 10 18 21 19 22 4 12 9 5 16 13 26 14 20 28 17 27 0 6 11 25 7 29 1 15 24 8 
16 4 12 19 22 5 9 18 21 23 2 10 24 8 3 17 28 15 27 0 6 11 25 1 7 29 20 14 26 13 
16 4 12 19 22 5 9 18 21 23 2 10 24 8 3 17 28 15 27 0 6 11 25 1 7 29 20 14 26 13 
16 4 12 19 22 5 9 18 21 23 2 10 24 8 3 17 28 15 27 0 6 11 25 1 7 29 20 14 26 13 
16 4 12 19 22 5 9 18 21 23 2 10 24 8 3 17 28 15 27 0 6 11 25 1 7 29 20 14 26 13 
16 4 12 19 22 5 9 18 21 23 2 10 24 8 3 17 28 15 27 0 6 11 25 1 7 29 20 14 26 13 
16 4 12 19 22 5 9 18 21 23 2 10 24 8 3 17 28 15 27 0 6 11 25 1 7 29 20 14 26 13 
16 4 12 19 22 5 9 18 21 23 2 10 24 8 3 17 28 15 27 0 6 11 25 1 7 29 20 14 26 13 
16 4 12 19 22 5 9 18 21 23 2 10 24 8 3 17 28 15 27 0 6 11 25 1 7 29 20 14 26 13 
16 4 12 19 22 5 9 18 21 23 2 10 24 8 3 17 28 15 27 0 6 11 25 1 7 29 20 14 26 13 
16 4 12 19 22 5 9 18 21 23 2 10 24 8 3 17 28 15 27 0 6 11 25 1 7 29 20 14 26 13 
18 21 9 12 4 19 22 5 16 13 26 14 20 29 7 1 15 17 8 24 10 2 23 3 0 6 11 27 25 28 
18 21 9 12 4 19 22 5 16 13 26 14 20 29 7 1 15 17 8 24 10 2 23 3 0 6 11 27 25 28 
18 21 9 12 4 19 22 5 16 13 26 14 20 29 7 1 15 17 8 24 10 2 23 3 0 6 11 27 25 28 
18 21 9 12 4 19 22 5 16 13 26 14 20 29 7 1 15 17 8 24 10 2 23 3 0 6 11 27 25 28 
18 21 9 12 4 19 22 5 16 13 26 14 20 29 7 1 15 17 8 24 10 2 23 3 0 6 11 27 25 28 
18 21 9 12 4 19 22 5 16 13 26 14 20 29 7 1 15 17 8 24 10 2 23 3 0 6 11 27 25 28 
18 21 9 12 4 19 22 5 16 13 26 14 20 29 7 1 15 17 8 24 10 2 23 3 0 6 11 27 25 28 
18 21 9 12 4 19 22 5 16 13 26 14 20 29 7 1 15 17 8 24 10 2 23 3 0 6 11 27 25 28 
26 13 14 22 19 4 12 5 16 9 18 21 17 15 27 0 6 11 8 24 10 2 23 3 28 25 1 7 29 20 
12 4 19 22 5 9 18 21 3 23 10 2 24 8 17 15 28 1 25 27 0 11 6 7 29 20 14 13 26 16 
12 4 19 22 5 9 18 21 3 23 10 2 24 8 17 15 28 1 25 27 0 11 6 7 29 20 14 13 26 16 
12 4 19 22 5 9 18 21 3 23 10 2 24 8 17 15 28 1 25 27 0 11 6 7 29 20 14 13 26 16 
12 4 19 22 5 9 18 21 3 23 10 2 24 8 17 15 28 1 25 27 0 11 6 7 29 20 14 13 26 16 
12 4 19 22 5 9 18 21 3 23 10 2 24 8 17 15 28 1 25 27 0 11 6 7 29 20 14 13 26 16 
12 4 19 22 5 9 18 21 3 23 10 2 24 8 17 15 28 1 25 27 0 11 6 7 29 20 14 13 26 16 
12 4 19 22 5 9 18 21 3 23 10 2 24 8 17 15 28 1 25 27 0 11 6 7 29 20 14 13 26 16 
12 4 19 22 5 9 18 21 3 23 10 2 24 8 17 15 28 1 25 27 0 11 6 7 29 20 14 13 26 16 
12 4 19 22 5 9 18 21 3 23 10 2 24 8 17 15 28 1 25 27 0 11 6 7 29 20 14 13 26 16 
12 4 19 22 5 9 18 21 3 23 10 2 24 8 17 15 28 1 25 27 0 11 6 7 29 20 14 13 26 16 
22 5 12 4 19 26 13 14 20 1 25 27 15 28 17 3 21 9 18 23 10 2 24 8 6 0 11 7 29 16 
22 5 12 4 19 26 13 14 20 1 25 27 15 28 17 3 21 9 18 23 10 2 24 8 6 0 11 7 29 16 
22 5 12 4 19 26 13 14 20 1 25 27 15 28 17 3 21 9 18 23 10 2 24 8 6 0 11 7 29 16 
22 5 12 4 19 26 13 14 20 1 25 27 15 28 17 3 21 9 18 23 10 2 24 8 6 0 11 7 29 16 
22 5 12 4 19 26 13 14 20 1 25 27 15 28 17 3 21 9 18 23 10 2 24 8 6 0 11 7 29 16 
22 5 12 4 19 26 13 14 20 1 25 27 15 28 17 3 21 9 18 23 10 2 24 8 6 0 11 7 29 16 
22 5 12 4 19 26 13 14 20 1 25 27 15 28 17 3 21 9 18 23 10 2 24 8 6 0 11 7 29 16 
22 5 12 4 19 26 13 14 20 1 25 27 15 28 17 3 21 9 18 23 10 2 24 8 6 0 11 7 29 16 
20 14 26 13 5 12 4 19 22 16 9 18 21 28 17 3 23 2 10 24 8 27 15 1 25 0 11 6 7 29 
25 0 27 15 17 3 19 22 28 1 7 29 20 14 26 13 16 5 4 12 21 9 18 23 10 2 24 8 6 11 
25 0 27 15 17 3 19 22 28 1 7 29 20 14 26 13 16 5 4 12 21 9 18 23 10 2 24 8 6 11 
25 0 27 15 17 3 19 22 28 1 7 29 20 14 26 13 16 5 4 12 21 9 18 23 10 2 24 8 6 11 
25 0 27 15 17 3 19 22 28 1 7 29 20 14 26 13 16 5 4 12 21 9 18 23 10 2 24 8 6 11 
25 0 27 15 17 3 19 22 28 1 7 29 20 14 26 13 16 5 4 12 21 9 18 23 10 2 24 8 6 11 
25 0 27 15 17 3 19 22 28 1 7 29 20 14 26 13 16 5 4 12 21 9 18 23 10 2 24 8 6 11 
25 0 27 15 17 3 19 22 28 1 7 29 20 14 26 13 16 5 4 12 21 9 18 23 10 2 24 8 6 11 
25 0 27 15 17 3 19 22 28 1 7 29 20 14 26 13 16 5 4 12 21 9 18 23 10 2 24 8 6 11 
25 0 27 15 17 3 19 22 28 1 7 29 20 14 26 13 16 5 4 12 21 9 18 23 10 2 24 8 6 11 
8 24 23 3 17 15 27 25 7 29 1 28 20 14 13 26 16 5 12 4 19 22 9 21 18 2 10 6 11 0 
8 24 23 3 17 15 27 25 7 29 1 28 20 14 13 26 16 5 12 4 19 22 9 21 18 2 10 6 11 0 
8 24 23 3 17 15 27 25 7 29 1 28 20 14 13 26 16 5 12 4 19 22 9 21 18 2 10 6 11 0 
8 24 23 3 17 15 27 25 7 29 1 28 20 14 13 26 16 5 12 4 19 22 9 21 18 2 10 6 11 0 
8 24 23 3 17 15 27 25 7 29 1 28 20 14 13 26 16 5 12 4 19 22 9 21 18 2 10 6 11 0 
8 24 23 3 17 15 27 25 7 29 1 28 20 14 13 26 16 5 12 4 19 22 9 21 18 2 10 6 11 0 
8 24 23 3 17 15 27 25 7 29 1 28 20 14 13 26 16 5 12 4 19 22 9 21 18 2 10 6 11 0 
8 24 23 3 17 15 27 25 7 29 1 28 20 14 13 26 16 5 12 4 19 22 9 21 18 2 10 6 11 0 
8 24 23 3 17 15 27 25 7 29 1 28 20 14 13 26 16 5 12 4 19 22 9 21 18 2 10 6 11 0 
0 11 25 15 27 17 28 3 24 8 2 10 23 21 18 9 12 4 19 22 5 16 26 13 14 20 29 7 1 6 
17 3 23 10 2 24 8 27 0 6 11 25 28 15 1 22 19 4 12 9 18 21 5 16 13 26 14 20 29 7 
17 3 23 10 2 24 8 27 0 6 11 25 28 15 1 22 19 4 12 9 18 21 5 16 13 26 14 20 29 7 
17 3 23 10 2 24 8 27 0 6 11 25 28 15 1 22 19 4 12 9 18 21 5 16 13 26 14 20 29 7 
17 3 23 10 2 24 8 27 0 6 11 25 28 15 1 22 19 4 12 9 18 21 5 16 13 26 14 20 29 7 
17 3 23 10 2 24 8 27 0 6 11 25 28 15 1 22 19 4 12 9 18 21 5 16 13 26 14 20 29 7 
8 24 10 2 23 3 17 28 15 25 1 7 29 20 14 26 13 22 4 12 5 19 16 18 21 9 27 11 0 6 
8 24 10 2 23 3 17 28 15 25 1 7 29 20 14 26 13 22 4 12 5 19 16 18 21 9 27 11 0 6 
8 24 10 2 23 3 17 28 15 25 1 7 29 20 14 26 13 22 4 12 5 19 16 18 21 9 27 11 0 6 
8 24 10 2 23 3 17 28 15 25 1 7 29 20 14 26 13 22 4 12 5 19 16 18 21 9 27 11 0 6 
