4.158173
4.213842
3.729707
3.795582
3.741999
4.765688
4.253465
3.632639
3.928217
3.566185
3.816973
3.798277
4.290831
3.804867
3.905707
4.140978
3.624634
3.891823
3.762497
4.835241
3.832646
3.786762
3.784819
4.138560
3.937880
4.161764
4.018867
3.518679
4.320620
3.609120
4.153309
3.638856
3.830841
4.683560
4.179228
4.080994
4.044680
3.664051
3.841288
4.233365
3.641994
3.772481
3.964663
3.869306
4.030223
4.076948
3.910620
4.778892
3.856523
3.662616
4.350921
3.723420
3.945178
3.545662
3.866872
3.782050
4.243093
4.152563
3.549435
3.742906
3.989430
4.996880
4.007896
3.733601
3.945135
3.837349
3.820686
3.970832
3.892369
4.040187
3.935663
3.691986
4.423204
3.841319
4.201295
4.370891
3.826268
3.838537
4.069125
3.834527
3.928652
4.011080
3.794219
4.366932
3.732699
3.949218
3.554949
3.815411
3.838777
4.938847
4.166266
4.267180
3.730596
3.673753
4.186883
3.869273
4.185480
3.880680
3.888312
3.859878
