3.284708
3.309832
3.307408
3.308731
3.316311
3.242643
3.313030
3.251830
3.314884
3.313763
3.336729
3.330203
3.337064
3.332506
3.339567
3.330228
3.312522
3.315053
3.317034
3.271598
3.151525
3.148097
3.149451
3.154254
3.173580
3.167727
3.287369
3.330608
3.335432
3.330732
3.306748
3.174439
3.178959
3.335987
3.328609
3.195787
3.146985
3.152687
3.297158
3.327379
3.326710
3.325436
3.318050
3.320479
3.213975
3.199980
3.333472
3.313423
3.311793
3.308783
3.328047
3.320578
3.326429
3.324660
3.314340
3.308493
3.307704
3.312016
3.310542
3.308252
3.317181
3.328983
3.335014
3.341881
3.336457
3.331939
3.277950
3.295660
3.314347
3.314721
3.313712
3.310060
3.315771
3.310818
3.306628
3.160486
3.221422
3.274090
3.319519
3.242864
3.179107
3.319987
3.328823
3.217087
3.189744
3.204965
3.285756
3.322938
3.338028
3.333650
3.331927
3.332694
3.279044
3.239044
3.269846
3.335876
3.338391
3.336234
3.316417
3.312032
