3.762018
3.759225
3.938534
3.795039
3.798304
3.794007
3.798794
3.807818
3.798101
3.807299
3.803286
3.800700
3.801216
3.807804
3.806310
3.801071
3.803076
3.803126
3.805011
3.799991
3.805073
3.804037
3.801327
3.808666
3.815051
3.812312
3.806313
3.811484
3.807441
3.806822
3.815573
3.817862
3.809302
3.808868
3.802690
3.795573
3.984512
3.998951
4.001972
3.959249
3.851348
3.764166
3.763462
3.755594
3.741545
3.738495
3.737854
3.754100
3.797045
3.798153
3.817291
3.728145
3.754777
3.737784
3.828152
3.819372
3.822672
3.819978
3.819659
3.816028
3.814589
3.807069
3.807528
3.815193
3.802119
3.799139
3.835091
4.007493
3.877988
3.813192
3.806789
3.842667
3.809209
3.776101
3.761103
3.764918
3.767487
3.758513
3.743328
3.751873
3.899872
4.001755
3.999240
3.998248
4.001414
3.975138
3.817038
3.759845
3.774597
3.789751
3.800259
3.795328
3.784158
3.792741
3.788891
3.791657
3.895958
3.802494
3.819744
3.796294
