41.091672
4.172931
4.107836
4.033789
4.061913
4.155754
4.065451
4.563787
5.559522
4.837814
4.468696
4.478583
4.460981
4.432875
4.445913
4.635657
4.443506
4.451925
4.429029
4.694629
4.461215
4.402849
5.016566
5.193006
4.378526
4.427032
4.450393
4.305127
4.400560
4.469530
4.463913
4.438722
4.583788
4.412973
4.428022
4.468024
4.482939
5.011440
5.064486
4.347079
4.666302
4.400994
4.366466
4.349400
4.387849
4.415972
4.759849
4.414045
4.447052
4.444684
4.418806
4.423634
4.962348
5.575091
4.707118
4.415645
4.466901
4.377685
4.381357
4.451259
4.373793
4.703581
4.451378
4.437820
4.418081
4.556566
4.437503
4.369398
5.275174
4.996201
4.403823
4.449278
4.429130
4.384648
4.480587
4.429489
4.581035
4.422948
4.643416
4.448062
4.446441
4.322765
4.438780
5.526147
4.789773
4.448896
4.461981
4.417590
4.506507
4.377000
4.423735
4.646655
4.411025
4.419488
4.564921
4.387870
4.524804
4.452038
5.248826
5.117583
