6.317920
6.967414
6.667060
6.553880
10.124280
10.918804
6.786652
6.312718
8.056825
9.423525
10.583836
10.518090
12.315997
11.108735
7.637245
6.807061
10.465353
11.776275
8.445847
10.424727
14.040652
14.486936
18.133152
26.035922
21.149504
15.218276
18.878872
14.374937
27.625807
17.178356
19.992667
15.035010
26.905303
15.073109
18.030847
17.132304
22.828022
26.687798
16.591981
22.657427
15.387134
14.714481
27.880570
27.846057
27.174547
22.976163
15.264837
26.453762
21.511174
25.365930
19.489213
20.350919
13.032845
13.048122
6.737562
6.959074
7.158207
7.833284
6.896772
10.372950
6.885904
7.447008
8.784638
9.151035
12.912625
10.791971
10.438370
11.764323
6.765309
6.742989
12.940222
6.709801
7.317105
9.990258
12.348073
6.720906
7.218228
6.816038
7.377590
12.258525
10.192220
8.200749
9.343237
6.634562
11.995485
9.922370
9.046826
7.966395
12.334709
9.192310
6.825745
6.693066
6.946168
6.890880
8.543405
11.284534
10.828875
9.148813
6.633052
12.738449
