7.890023
8.592539
10.613128
8.516828
7.807656
9.395883
8.453951
5.269750
5.096509
4.825279
4.974990
5.151287
5.274332
5.087376
5.127418
4.825945
5.109945
4.872094
5.212490
5.128861
4.842671
5.177663
5.112779
5.301200
4.835748
5.030104
5.779385
4.918922
5.054916
4.908154
5.037901
5.110355
5.094255
5.080227
5.244770
4.998942
5.211800
5.371638
4.860114
5.186752
5.470804
4.766494
4.799866
5.039812
5.103647
4.787005
4.851717
4.975931
4.805999
4.941495
4.925920
5.260550
5.123144
5.311742
5.018721
4.888975
5.367703
4.843941
4.882727
4.948931
5.382972
5.688525
4.797254
5.031043
4.911910
4.979638
5.971979
5.563385
5.261463
4.899530
4.754583
4.944683
4.847319
4.977918
5.422164
4.945944
5.005879
4.951774
5.121002
5.231812
5.020599
5.334713
4.988932
5.031801
5.007902
5.129691
4.898604
5.296349
5.256315
4.820883
5.040738
5.013885
4.794937
4.899776
5.039444
5.302215
5.146895
5.105950
5.369017
5.032434
