4.271170
4.271438
4.273915
4.297103
4.268528
4.343689
4.274905
4.282847
4.269055
4.248974
4.273813
4.256914
4.262541
4.250918
4.272248
4.270535
4.274461
4.441159
4.281153
4.283460
4.285132
4.279678
4.303473
4.317087
4.358342
4.310104
4.296406
4.307270
4.305759
4.293823
4.352337
4.332017
4.281093
4.280704
4.284337
4.301848
4.282994
4.271327
4.307444
4.268440
4.280615
4.300711
4.387494
4.278606
4.282085
4.285011
4.300333
4.306713
4.295808
4.295643
4.299041
4.310169
4.332201
4.287950
4.397711
4.306146
4.296556
4.289345
4.300110
4.317598
4.291949
4.283435
4.275960
4.270284
4.274095
4.276119
4.363300
4.284085
4.291525
4.294974
4.299378
4.305117
4.345319
4.307120
4.296850
4.294068
4.283994
4.288286
4.285087
4.415886
4.303753
4.298259
4.296233
4.295082
4.313039
4.298181
4.298454
4.288500
4.283866
4.282953
4.292933
4.397786
4.285549
4.279886
4.286046
4.287703
4.317616
4.299020
4.298334
4.296519
