2.639345
2.603723
2.579903
2.674987
2.593965
3.229847
3.011370
2.718297
2.589108
2.614248
2.571376
2.585596
2.609535
2.746969
2.615374
2.838692
2.577979
2.582918
2.616333
2.648504
2.620473
2.569244
2.595436
2.586852
2.777521
2.659430
2.793038
3.164723
2.904239
2.791819
2.576106
2.651855
2.566602
2.595192
2.630050
2.651295
2.667958
2.603589
2.775225
2.588262
2.705993
2.594339
2.596779
2.664852
2.645967
2.576986
2.959511
2.585094
3.001439
2.962705
2.628143
2.584970
2.617786
2.674015
2.819420
2.573822
2.592312
2.589037
2.727705
2.597155
2.596264
2.651811
2.838218
2.644958
2.684411
2.624011
2.609028
2.616878
2.698955
3.138423
3.551494
2.591164
2.597331
2.628207
2.674516
2.628586
2.589981
2.593983
2.958793
2.670148
2.646901
2.630909
2.567262
2.579537
2.681889
2.591651
2.741617
2.619514
2.594703
2.622945
2.933845
3.047548
2.604534
2.664194
2.702375
2.815683
2.627061
2.611497
2.587048
2.870626
