5.963648
5.958035
5.683556
5.579148
5.852902
5.907815
5.519274
5.614915
5.515982
5.658557
5.542581
5.789096
5.892526
5.328029
5.938006
5.401409
5.408925
6.362732
5.673918
5.694519
5.563216
5.847554
5.552296
5.815767
5.585776
5.384176
5.719397
5.475830
5.641160
6.003390
5.582932
5.687957
5.445112
5.609312
5.414731
5.469894
5.537812
5.581781
5.577881
5.365803
6.037750
6.034938
5.625970
5.432871
5.456211
5.419135
5.641117
5.509850
5.799623
5.388960
5.380950
5.416939
5.541762
5.491751
6.015920
5.655955
5.229633
5.623511
5.534029
5.703990
5.902501
5.580823
5.503493
5.612701
5.349665
5.388449
6.027306
5.374631
5.826679
5.612915
5.387943
5.591589
5.496818
5.468001
5.373830
5.405987
5.645566
5.397937
5.689513
5.839145
5.279121
5.601450
5.422899
5.362929
5.712477
5.394230
5.495737
5.427948
5.557733
5.510774
5.562902
5.994940
5.559942
5.684775
5.584776
5.344498
5.314102
5.450141
5.312063
5.708162
