28.717641
28.628796
28.465031
28.460042
28.411270
28.535147
28.854673
28.305567
28.653373
28.635883
28.927153
28.288364
28.571067
28.580584
28.749954
28.482914
28.305220
28.798591
28.901869
28.685726
28.796902
28.579089
28.478730
28.649484
28.748364
28.618550
28.545392
28.571343
28.703124
28.635334
28.765876
28.897384
28.511447
28.393042
28.475740
28.333653
28.686959
28.955434
28.383534
28.714855
28.780707
27.514104
18.545402
18.578708
18.622716
18.521020
18.549593
18.525266
18.602910
18.568214
18.540183
18.669995
18.529802
18.548080
18.610529
18.537175
18.532919
18.546778
18.586551
18.598722
19.288093
38.129905
42.393355
42.551011
42.441609
42.439518
42.537835
42.540640
42.619906
42.734275
42.541808
42.579753
42.600309
42.485648
42.505400
42.633086
42.586318
42.637128
42.536447
42.725856
42.751505
42.726587
42.765136
42.544080
42.749561
42.763314
42.859146
42.671081
42.754875
42.544104
42.620998
42.671834
42.636800
42.700195
42.687523
42.700492
42.760261
42.607890
42.527677
42.804113
