6.417454
6.467835
5.614851
4.052331
3.777477
5.170990
3.661043
4.946369
5.847128
5.904733
4.254338
5.484983
3.970945
5.706518
3.614572
4.735126
5.640785
3.636711
5.515604
4.402319
3.769690
6.335577
3.766647
3.623520
6.135497
5.534523
4.611872
5.118799
5.721922
4.874972
4.714252
5.068921
3.680323
4.104149
4.675246
3.631417
4.889223
6.488899
5.641765
4.890042
5.328971
3.632515
4.997561
3.687779
4.141057
5.484112
3.640370
3.728344
3.623568
4.059797
4.020771
4.541685
5.911919
6.283724
5.780174
3.700039
3.635946
3.960380
5.749011
3.646016
5.732773
4.584740
3.771817
4.176913
6.547022
5.363838
3.629485
6.448509
6.049987
3.654554
3.629538
6.561857
6.013787
6.167686
4.201011
4.983021
3.770053
4.497185
3.655521
4.585349
3.633351
3.634225
5.789674
6.383611
3.666001
6.025724
4.966807
3.638338
5.751105
4.977937
3.907002
3.656782
4.230709
3.697105
6.446173
3.723793
3.712068
3.637199
4.308116
3.691354
