5.338211
33.314649
5.715935
5.021946
5.075905
5.029762
4.923941
4.933914
4.615975
4.993878
4.928715
4.645733
4.876976
4.724705
4.771507
5.092898
5.821555
5.159095
4.912948
4.663969
4.816614
5.237894
4.726633
4.793951
4.680420
4.770234
4.666832
4.587033
4.628555
5.331463
5.233306
5.120922
4.833750
4.669947
4.700713
4.738979
4.436807
4.958692
4.965719
4.827870
5.244858
4.926982
5.042935
4.917551
4.969452
4.949860
5.378157
5.196705
4.671941
4.757858
4.897570
4.819231
4.683670
4.884858
4.529759
4.743841
4.734956
4.987898
6.000885
5.067981
4.894212
5.138846
4.730111
4.452941
4.759748
4.932684
4.883773
4.913255
5.131509
4.392964
4.833884
4.944732
5.462914
5.291987
5.202628
4.809669
4.576025
4.662717
4.918915
4.885743
4.947956
4.895921
4.984506
4.480883
5.017954
4.460505
5.211889
5.155986
4.803010
5.582581
4.723921
4.665924
4.773780
4.769143
4.832286
5.050507
4.786070
4.510954
4.625960
4.655876
