5.388205
5.703597
5.993457
5.257394
5.345038
5.351334
5.440631
5.288809
5.259335
5.276676
5.295550
5.213132
5.225351
5.511083
6.014977
5.353777
5.357953
5.320797
5.396101
5.190671
5.256110
5.371676
5.394376
5.143485
5.317386
5.185731
5.440281
5.604018
5.309012
5.478999
5.191473
5.503322
5.335169
5.279592
5.623771
5.242295
5.335833
5.265054
5.209771
5.340288
5.694270
5.358204
5.242966
5.252019
5.251272
5.294592
5.301800
5.362469
5.193151
5.176815
5.242775
5.340715
5.315525
5.680172
5.253099
5.194579
5.116382
5.260794
5.267265
5.196196
5.704161
5.175290
5.141557
5.198519
5.476789
5.281824
5.815386
5.142985
5.282261
5.181740
5.240914
5.202147
5.167394
5.398964
5.177577
5.293074
5.255232
5.161327
5.392738
5.844023
5.545845
5.240197
5.370109
5.211834
5.211108
5.293854
5.332745
5.154441
5.186415
5.176906
5.179126
5.416622
5.483960
5.384707
5.266823
5.257749
5.214803
5.171782
5.159891
5.265454
