5.061203
4.621106
4.560187
4.304946
4.230769
4.328789
62.107630
20.230218
3.932382
4.088899
3.998460
3.962496
4.066491
5.043942
5.592037
3.973959
4.273211
4.485749
4.133535
4.117421
4.119213
4.106946
4.330609
4.114724
4.175308
4.129206
4.160234
3.954987
4.736995
5.437796
5.069400
4.152438
4.246382
3.951887
3.921854
4.022160
3.927638
4.194145
4.504507
4.040589
4.024597
4.102730
4.338490
3.980519
4.009064
4.899528
5.578663
3.994382
4.064012
4.397147
4.074381
4.093220
4.024722
4.116399
4.632296
4.053644
4.589578
4.198820
4.006629
4.142862
3.956923
5.086827
5.439928
4.017678
4.055906
3.889576
4.028156
4.301604
3.967929
4.070276
4.690567
4.134031
4.057484
4.218646
3.928636
4.195386
4.192987
4.868499
5.664771
4.174727
4.055365
4.018712
4.040201
4.067739
4.092146
4.173902
4.372987
4.047915
3.905981
4.332428
4.026299
4.440242
4.194560
4.631991
6.004604
4.254982
4.095814
3.864499
4.003907
4.166656
