3.524578
3.266608
3.177296
3.185837
3.396670
3.301622
3.161025
3.168335
3.246784
3.168870
3.161162
3.278061
3.298209
3.198097
3.170043
3.182244
3.197609
3.239307
3.187648
3.174146
3.284752
3.289894
3.199502
3.181667
3.206124
3.286037
3.167519
3.206106
3.266811
3.219744
3.173968
3.291210
3.197689
3.199743
3.196179
3.174830
3.177708
3.437995
3.253363
3.220827
3.212131
3.193329
3.177890
3.187304
3.210180
3.193547
3.176797
3.225146
3.179789
3.202281
3.187009
3.264068
3.166319
3.374454
3.219629
3.155378
3.169797
3.292559
3.208035
3.164102
3.174412
3.198609
3.279718
3.195367
3.198143
3.209593
3.261786
3.189996
3.169454
3.194190
3.461903
3.171144
3.177796
3.206815
3.236514
3.189101
3.198221
3.354135
3.199683
3.187788
3.182019
3.185175
3.219478
3.244725
3.206672
3.182061
3.436584
3.213539
3.176552
3.180439
3.288336
3.211869
3.182412
3.274944
3.286468
3.207838
3.284293
3.183671
3.236642
3.210750
