2.601138
2.616855
2.613562
2.607229
2.602521
2.546150
2.624048
2.619643
2.617203
2.609520
2.637368
2.624540
2.620959
2.624095
2.636076
2.747497
2.612586
2.612816
2.622616
2.612000
2.612808
2.611430
2.611571
2.602908
2.623733
2.629053
2.626336
2.625241
2.619519
2.617017
2.615609
2.621833
2.618455
2.620828
2.624074
2.634730
2.631619
2.617801
2.618668
2.619070
2.614229
2.615421
2.615038
2.621401
2.619307
2.613563
2.614810
2.618236
2.615933
2.618601
2.619123
2.618722
2.618898
2.616065
2.616910
2.615601
2.623299
2.622118
2.615821
2.614164
2.611683
2.609259
2.614840
2.605053
2.617175
2.608354
2.605207
2.604690
2.611361
2.623739
2.599085
2.593220
2.613465
2.608783
2.602370
2.606852
2.607237
2.637033
2.615022
2.604389
2.628024
2.622046
2.624784
2.621528
2.629199
2.626784
2.622804
2.622757
2.626113
2.624629
2.622247
2.622105
2.621437
2.626659
2.676935
2.619843
2.625433
2.625182
2.738539
2.620782
