0.015931
0.013662
0.013951
0.013689
0.013617
0.013568
0.013572
0.013535
0.013612
0.013587
0.013607
0.013093
0.013007
0.013000
0.013111
0.013026
0.015064
0.012996
0.013345
0.013542
0.013497
0.013540
0.013546
0.013520
0.013548
0.013580
0.013527
0.013527
0.013479
0.013457
0.013490
0.014237
0.013585
0.013577
0.013579
0.013561
0.013545
0.013511
0.013589
0.013593
0.013643
0.013610
0.013591
0.013606
0.013585
0.013558
0.013536
0.013540
0.013515
0.013529
0.013537
0.013776
0.014023
0.013603
0.013547
0.013590
0.013921
0.013532
0.013570
0.013538
0.013495
0.013603
0.013585
0.013518
0.013143
0.013144
0.013205
0.013322
0.013208
0.013205
0.013297
0.013398
0.013366
0.013410
0.013598
0.013576
0.013561
0.014156
0.013562
0.013467
0.013485
0.013476
0.013538
0.013495
0.013533
0.013570
0.013610
0.013527
0.013572
0.013583
0.013513
0.013473
0.013508
0.013472
0.013541
0.013532
0.013566
0.013541
0.013573
0.013549
