0.568841
0.817939
0.739815
0.598146
0.633684
0.618138
0.811236
0.596535
0.630242
0.983752
0.762689
1.044534
0.559201
0.826274
0.616787
0.592975
0.656114
0.651200
0.690319
0.587556
0.624782
0.562892
0.896766
0.635823
0.563041
0.596397
0.634405
0.739089
0.597603
0.763413
0.769555
0.745451
0.699804
0.585329
0.676593
0.832937
0.604174
0.705111
0.741062
0.719315
0.644331
0.583158
0.676226
0.753595
0.945921
0.684579
0.567492
0.813808
0.627715
0.591393
0.580892
0.781516
0.700228
0.619470
0.607901
0.721031
0.774460
0.630468
0.576653
0.634567
0.816829
0.579391
0.590591
0.592040
0.721839
0.635816
0.614720
0.563350
0.633273
0.838540
0.566606
0.606015
0.573023
0.852170
0.603658
0.630505
0.581424
0.861118
0.788202
0.750918
0.565417
0.715146
0.726279
0.582964
0.639795
0.589572
0.792304
0.935935
0.630883
0.696770
0.659574
0.662487
0.572565
0.663198
0.832966
0.567150
0.607947
0.599058
0.742186
0.663321
