0.036815
0.027056
0.023395
0.023411
0.023500
0.023452
0.023519
0.029350
0.030699
0.023582
0.023992
0.023629
0.023714
0.023998
0.024745
0.023922
0.023890
0.024039
0.024363
0.024129
0.024216
0.024391
0.024755
0.024480
0.024585
0.024614
0.024749
0.024793
0.024922
0.025303
0.025101
0.026419
0.025284
0.025298
0.025641
0.025436
0.025477
0.025586
0.025678
0.025761
0.025854
0.025837
0.026188
0.026037
0.026376
0.026204
0.027037
0.026392
0.026461
0.026543
0.026597
0.026647
0.026816
0.026793
0.026899
0.026917
0.027197
0.027072
0.027030
0.027844
0.027286
0.026991
0.027315
0.027326
0.027075
0.027365
0.027021
0.027330
0.028220
0.028617
0.027629
0.028197
0.027100
0.027029
0.027387
0.027045
0.027756
0.027341
0.027006
0.027371
0.027371
0.027545
0.028491
0.027628
0.027565
0.028483
0.027412
0.028715
0.030854
0.027235
0.027064
0.028165
0.027909
0.027052
0.026971
0.026982
0.026957
0.026993
0.027043
0.027098
