1.914707
1.926790
1.915132
1.883846
1.889494
1.899873
1.884745
1.899370
1.910711
1.869645
1.887838
1.894307
1.879152
1.899390
1.937471
1.871050
1.901287
1.903316
1.883488
1.913595
1.916791
1.882038
1.920180
1.920190
1.908792
1.930897
1.941257
1.919768
1.920974
1.927780
1.906082
1.920830
1.942411
1.937857
1.937543
1.927337
1.906888
1.930273
1.942820
1.931828
1.955157
2.054315
1.942095
1.930608
1.945527
1.947406
1.937560
1.949800
1.946917
1.966607
1.939803
1.932177
1.930263
1.946556
1.938908
1.930096
1.929617
1.940531
1.975593
1.938042
1.952666
1.964137
1.961921
1.965619
1.972772
1.964636
1.966958
1.972405
1.969215
1.951572
1.973492
1.976050
1.953045
1.982675
2.069813
1.974865
1.963001
1.944988
1.955763
1.955800
1.954353
1.941053
1.938502
1.953770
1.962670
1.935407
1.942622
1.979874
1.920441
1.988403
1.997859
1.998658
2.003430
2.010093
2.015386
1.996917
1.967795
1.921470
1.929291
1.942663
