5.621615
7.102184
10.660880
5.786368
5.597790
10.843887
8.735595
9.556854
11.088135
5.673776
10.716913
7.442482
11.026510
8.238699
9.778361
10.995821
5.827286
9.400847
11.046050
10.990599
10.958729
10.379018
6.636062
8.110125
7.909319
11.014959
5.725846
5.612526
6.478442
7.108748
6.396372
5.954171
5.872492
5.586673
5.588551
5.751804
6.524805
5.614951
5.621581
5.643465
8.543146
5.830009
5.655470
6.131467
5.594407
5.661409
5.581834
6.198383
6.689139
5.690998
5.617364
5.600215
7.205042
5.604103
5.593085
5.605860
5.941674
5.603000
10.984296
5.691767
9.691683
5.846783
10.518253
5.596754
5.672318
5.597491
5.640437
6.646997
5.689994
5.602856
5.599920
8.382037
5.708245
6.931571
5.721435
5.617962
5.597565
5.734593
5.682473
8.250332
5.675875
5.662525
8.311352
6.681039
5.693325
5.612054
5.616666
8.813828
5.639143
5.649803
5.610673
5.676379
5.853892
5.659892
5.641307
5.701098
6.201824
5.504546
10.715804
6.050451
