0.991601
0.979140
0.979430
0.982178
0.979523
1.029442
0.978641
0.975415
0.973499
0.967969
0.988042
0.976414
0.973645
0.983356
0.978572
0.983137
0.981734
0.980328
0.981299
0.982325
0.981543
0.980756
0.981414
0.981092
0.986562
1.023915
1.024150
1.022594
1.024290
0.993115
0.984545
0.953096
0.978543
0.993902
0.981827
0.980463
1.074594
1.018030
1.001332
0.988588
1.021607
1.048271
1.014907
1.013984
1.006966
0.987297
0.990691
0.989249
0.986393
0.984560
0.986238
1.005278
0.987130
0.989632
0.988792
0.986832
0.994520
0.987527
0.989230
0.993866
0.990886
0.988796
0.988401
0.991396
0.989962
0.986042
0.986499
0.986916
0.986049
0.987869
0.986144
0.989035
0.987607
0.986907
0.987970
0.986901
0.987553
0.987464
0.986811
0.997281
0.987125
0.988150
0.988265
0.986298
1.018018
1.005451
0.995066
0.984923
0.987839
0.991182
0.995577
0.998092
1.093947
0.996113
0.994794
0.992631
0.985496
0.995811
0.992790
0.991997
