0.014065
0.017608
0.017407
0.017898
0.017363
0.017290
0.019191
0.017204
0.016989
0.016915
0.017057
0.016846
0.016879
0.016871
0.016353
0.016779
0.016950
0.017003
0.017191
0.016674
0.016525
0.016447
0.015934
0.016031
0.016959
0.017526
0.017184
0.018886
0.016465
0.016264
0.015315
0.015376
0.011311
0.009762
0.009735
0.009706
0.010676
0.009797
0.009781
0.009761
0.009722
0.012292
0.014957
0.013122
0.015556
0.015514
0.015505
0.015445
0.015362
0.015321
0.015332
0.015345
0.015420
0.015009
0.014624
0.014645
0.014713
0.014712
0.014595
0.014661
0.014897
0.015027
0.015248
0.015324
0.015322
0.015295
0.015321
0.015251
0.015289
0.015256
0.015257
0.015358
0.015336
0.015368
0.015406
0.015431
0.015499
0.015456
0.015424
0.015485
0.015505
0.015493
0.015436
0.015415
0.015367
0.015363
0.015333
0.015354
0.015367
0.015821
0.015705
0.015444
0.015394
0.015434
0.015400
0.015423
0.015367
0.015349
0.015388
0.015400
