1.098513
1.104369
1.114592
1.078059
1.082476
1.083357
1.076896
1.091680
1.086405
1.100461
1.092112
1.088813
1.101049
1.079418
1.090799
1.098699
1.090920
1.107114
1.099490
1.085114
1.095585
1.088652
1.053882
1.231525
1.208348
1.221279
1.091734
1.082857
1.113985
1.078328
1.116873
1.098703
1.108170
1.129529
1.076041
1.094531
1.086698
1.097188
1.104613
1.080132
1.099712
1.096061
1.088283
1.103466
1.094555
1.099317
1.103112
1.090062
1.098792
1.096293
1.095628
1.106727
1.093368
1.119501
1.098746
1.095276
1.104960
1.121204
1.123646
1.100263
1.086378
1.112418
1.099288
1.110564
1.144718
1.094886
1.106026
1.103718
1.115721
1.160570
1.137544
1.128614
1.131069
1.108692
1.124672
1.132519
1.140446
1.150943
1.147374
1.124438
1.116006
1.145646
1.141435
1.138304
1.149514
1.126203
1.156833
1.117334
1.136167
1.137529
1.117311
1.128176
1.129582
1.119767
1.139241
1.146008
1.155910
1.168549
1.138339
1.140063
