0.011218
0.009228
0.009161
0.007951
0.005977
0.005989
0.006126
0.006116
0.006040
0.006267
0.006117
0.006102
0.006150
0.007205
0.006350
0.006243
0.006257
0.006298
0.006336
0.006333
0.006413
0.006412
0.006446
0.006533
0.006589
0.006666
0.006733
0.006849
0.006877
0.006999
0.007059
0.007137
0.007255
0.007305
0.007417
0.007484
0.007595
0.007665
0.007821
0.007837
0.007938
0.008064
0.008109
0.008202
0.008271
0.008376
0.008437
0.008537
0.008625
0.008690
0.008782
0.008875
0.008943
0.009099
0.009077
0.009141
0.009971
0.011678
0.009502
0.009533
0.009832
0.009675
0.009767
0.010024
0.009896
0.010007
0.010035
0.010126
0.010218
0.010286
0.010366
0.010457
0.010463
0.010587
0.010630
0.010711
0.010764
0.010894
0.010908
0.010964
0.011045
0.011112
0.011204
0.011241
0.011331
0.011402
0.011475
0.011595
0.012212
0.012003
0.012084
0.012174
0.012242
0.012343
0.012275
0.012324
0.012699
0.012767
0.012904
0.012954
