2.791806
2.942897
2.609425
2.747544
2.690042
2.851565
3.181891
2.574806
3.115762
2.670490
2.545562
2.661614
2.643015
2.587078
2.650522
2.636056
2.743426
3.198062
2.955581
2.859349
2.597133
2.577484
2.842588
2.611220
2.596530
2.749484
2.755325
2.523290
2.612132
2.566909
2.513863
2.823886
2.693453
2.657959
2.867704
2.746510
2.730540
2.696049
2.547967
2.771545
2.553869
2.621440
2.619184
2.917920
2.890534
2.728436
2.598252
2.562276
2.618243
2.561292
2.499070
2.891512
2.596316
2.640518
2.522286
2.505004
2.686159
2.663940
2.636269
2.655279
2.799571
2.566395
2.628575
2.687365
2.727095
2.517793
2.618292
2.539084
2.863563
2.858669
2.887192
2.845703
2.665158
2.624075
2.575549
2.806499
2.567938
2.915021
2.541321
2.563619
2.622618
2.581620
2.534804
2.679697
2.797313
2.742245
2.821288
2.758602
2.758769
2.743071
2.498009
2.668313
2.618809
2.703107
2.806967
2.970105
2.895782
2.868309
2.732913
2.586612
