1.595283
1.604549
1.599908
1.597202
1.595126
1.605469
1.603472
1.612446
1.590281
1.599575
1.615558
1.595097
1.598507
1.608808
1.634144
1.611527
1.613328
1.599725
1.604999
1.603152
1.613421
1.616662
1.604173
1.609906
1.604869
1.611282
1.608911
1.604117
1.612894
1.607463
1.605768
1.604771
1.617926
1.614985
1.624638
1.630008
1.610297
1.612779
1.601741
1.608342
1.604720
1.604782
1.613521
1.607744
1.612107
1.603788
1.551455
1.585110
1.614683
1.597870
1.593278
1.601597
1.592270
1.600241
1.687154
1.618107
1.612871
1.603902
1.611153
1.606246
1.609840
1.608331
1.621504
1.609481
1.597618
1.608171
1.594737
1.608598
1.603582
1.605420
1.606048
1.604150
1.600396
1.595555
1.597878
1.594338
1.626643
1.609053
1.602601
1.612833
1.590572
1.613877
1.608891
1.620664
1.618789
1.618124
1.607898
1.605875
1.632723
1.604991
1.652249
1.631387
1.642912
1.640333
1.635636
1.653385
1.697897
1.653757
1.641752
1.640882
