5.730808
4.929676
5.211727
5.194220
5.504262
5.274723
9.131089
8.791691
5.480374
5.569768
4.963450
5.409480
5.336638
5.634439
4.954214
5.253155
5.037065
5.166748
5.796301
5.248504
5.202731
5.327979
5.449743
4.941079
5.803411
4.913146
4.946140
5.257759
4.883646
4.717216
5.369244
5.768827
5.205178
4.720050
4.974994
5.747854
5.245165
5.591581
5.572844
5.076952
5.020797
4.701549
4.997966
5.125273
5.333562
5.252789
4.944743
5.400886
5.532884
5.232239
5.690652
4.867976
4.872829
5.212044
4.674955
4.981876
5.094676
5.374707
5.165651
5.186586
5.031871
5.248112
5.164174
5.031474
5.444927
5.525899
5.660033
4.953686
4.742914
4.801629
4.779849
5.269563
5.202171
4.994853
5.179821
4.936864
5.064808
5.798941
5.589129
5.601695
5.081385
5.141176
4.862116
4.744391
5.483446
5.156869
5.449835
5.146998
5.017146
5.860552
5.282513
5.750406
4.901107
5.462741
5.041347
5.460651
5.044653
5.061560
5.493306
5.108420
