3.286363
3.380037
3.625902
3.426234
3.286127
3.332755
3.440608
3.457523
3.809654
3.429921
3.432909
3.252156
3.270442
3.194225
3.421362
3.603469
3.566126
3.734807
3.612685
3.172622
3.202031
3.191996
3.450302
3.158075
3.122482
3.228426
3.151633
3.202592
3.521012
3.532657
3.297533
3.254439
3.277415
3.564046
3.357437
3.145353
3.536736
3.366926
3.556376
3.436326
3.164247
3.223770
3.155158
3.550973
3.186506
3.325274
3.176806
3.176826
3.126152
3.339407
3.477747
3.125571
3.489023
3.162209
3.199072
3.388526
3.113029
3.437518
3.575830
3.491031
3.523233
3.571213
3.139398
3.270339
3.329943
3.400578
3.147535
3.231087
3.127685
3.216895
3.305109
3.525639
3.338054
3.337885
3.153039
3.164337
3.307642
3.180617
3.708466
4.118024
3.474438
3.450026
3.645168
3.234144
3.452401
3.334125
3.296438
3.188886
3.291516
3.243987
3.545928
3.446676
3.140976
3.316679
3.286715
3.526660
3.301669
3.461269
3.697925
3.779261
