0.033150
0.032048
0.030999
0.031028
0.031148
0.031105
0.031952
0.034281
0.032086
0.032875
0.034763
0.033185
0.033284
0.033475
0.036471
0.031817
0.032181
0.032473
0.032124
0.031605
0.030640
0.030652
0.030718
0.030856
0.030832
0.030862
0.030872
0.030903
0.030742
0.031603
0.030857
0.030839
0.030744
0.030719
0.030686
0.030549
0.030519
0.030607
0.030878
0.030784
0.030684
0.030747
0.030307
0.030650
0.029935
0.029930
0.030324
0.031450
0.032159
0.033093
0.031105
0.030803
0.030837
0.030607
0.030651
0.030606
0.030552
0.030982
0.031026
0.030823
0.030811
0.031461
0.031371
0.030792
0.030766
0.031058
0.030769
0.030792
0.030826
0.030827
0.031807
0.030653
0.030639
0.030619
0.030595
0.030378
0.030534
0.030521
0.030531
0.030504
0.030479
0.030608
0.030640
0.031180
0.032411
0.034143
0.031751
0.031258
0.031437
0.031388
0.031425
0.032115
0.032189
0.031450
0.032395
0.031288
0.032148
0.031967
0.030776
0.030538
