3.409288
3.413614
3.416798
3.410642
3.408982
3.410907
3.414193
3.426064
3.414583
3.415474
3.416268
3.417974
3.418487
3.417861
3.441916
3.420212
3.417162
3.415677
3.416956
3.424071
3.426731
3.419832
3.424327
3.418931
3.421246
3.411379
3.414816
3.411987
3.414108
3.410589
3.499326
3.423104
3.415809
3.414563
3.408994
3.414732
3.416965
3.426942
3.419532
3.419770
3.418227
3.415888
3.414462
3.416603
3.417074
3.424436
3.644909
3.475479
3.476149
3.480640
3.458800
3.502283
3.479617
3.481614
3.482009
3.476406
3.478986
3.486102
3.481202
3.473009
3.470131
3.481117
3.493610
3.469991
3.470967
3.474959
3.468251
3.468822
3.478284
3.469474
3.473099
3.469843
3.473064
3.475729
3.472042
3.477280
3.480783
3.477137
3.496026
3.473127
3.483418
3.483934
3.477458
3.481938
3.490278
3.477477
3.477095
3.472818
3.471237
3.473196
3.473842
3.476392
3.475082
3.533442
3.491148
3.492461
3.470310
3.466480
3.469529
3.469266
