0.550920
0.531347
0.532817
0.529793
0.531542
0.536722
0.531593
0.535961
0.532217
0.538468
0.573358
0.536751
0.536404
0.530519
0.534354
0.533445
0.531396
0.530593
0.532655
0.548044
0.527395
0.530292
0.532991
0.534706
0.541494
0.533915
0.534420
0.532840
0.558062
0.542781
0.534209
0.532678
0.538030
0.539757
0.533856
0.535155
0.533167
0.539010
0.557144
0.534070
0.539795
0.543215
0.601388
0.577767
0.545756
0.560893
0.541640
0.558829
0.549557
0.547074
0.557105
0.557287
0.560197
0.542319
0.541236
0.543512
0.562429
0.544865
0.544872
0.543920
0.548636
0.546990
0.546016
0.545718
0.545025
0.548419
0.546902
0.544336
0.546075
0.545547
0.556248
0.545058
0.556322
0.545193
0.549072
0.542297
0.546960
0.546771
0.549587
0.552082
0.544455
0.546242
0.545471
0.564659
0.549575
0.551167
0.545790
0.545530
0.553828
0.551980
0.555184
0.551718
0.549697
0.548165
0.544958
0.521144
0.511339
0.528681
0.530801
0.512956
