0.397884
0.393006
0.388899
0.398726
0.409018
0.404011
0.409055
0.404395
0.398760
0.411869
0.397623
0.395328
0.405212
0.391358
0.391010
0.400887
0.395665
0.394154
0.398641
0.393157
0.396004
0.395898
0.400595
0.395056
0.392406
0.392248
0.395427
0.395568
0.400208
0.394818
0.392236
0.392077
0.401167
0.392934
0.409957
0.397947
0.391599
0.396799
0.391769
0.392659
0.401761
0.402066
0.390274
0.391392
0.390621
0.389714
0.396016
0.397113
0.389588
0.397246
0.390534
0.393520
0.391277
0.398847
0.397108
0.391567
0.391192
0.393598
0.395422
0.447080
0.420991
0.403186
0.409438
0.398395
0.403155
0.407525
0.415076
0.411959
0.403227
0.414148
0.402967
0.405785
0.467857
0.408538
0.468945
0.404951
0.411546
0.407687
0.404362
0.408708
0.401467
0.411790
0.399645
0.400164
0.411103
0.403760
0.401914
0.398186
0.398914
0.397164
0.399718
0.406722
0.397834
0.398557
0.398051
0.397651
0.405863
0.404022
0.398421
0.401001
