0.722553
0.822828
1.032352
0.759651
0.718481
0.925560
0.781162
0.716664
0.972046
1.053556
0.961629
0.719826
1.094615
0.706478
0.810542
1.022254
0.840829
0.862623
0.856375
0.810736
0.725019
0.841425
1.061659
0.791764
0.737036
1.044045
0.869106
0.940434
1.049388
0.746488
0.875675
0.930730
0.851762
0.743640
0.858431
1.142963
0.787750
0.719539
0.822550
0.768500
0.768961
0.792112
0.882508
0.813177
0.713890
0.808622
0.893974
0.745480
0.805239
0.838576
0.720314
0.744759
0.959080
0.798919
0.740748
0.766060
0.915104
0.720893
0.758154
0.855590
0.839093
0.715207
0.856024
0.906785
0.990846
0.717918
0.787829
0.767456
0.711615
0.770315
0.859248
0.710150
0.985896
0.854108
0.860102
0.738931
0.759355
0.813055
0.720455
0.756966
0.903487
0.871559
0.769314
0.825560
0.924820
0.728599
0.761567
0.829242
0.964549
0.787753
0.960230
1.001384
0.959806
0.736053
0.844383
0.811045
0.737123
0.848026
0.850800
0.830691
