2.503383
2.488146
2.479490
2.471360
2.470961
2.488726
2.520371
2.463525
2.463044
2.478220
2.470941
2.466261
2.465090
2.474131
2.512716
2.517699
2.522085
2.516906
2.571879
2.548660
2.537800
2.531918
2.530205
2.553957
2.547053
2.550069
2.557154
2.557316
2.556568
2.560392
2.521570
2.552823
2.663225
2.594602
2.552265
2.534291
2.515428
2.517772
2.530529
2.520936
2.537286
2.530503
2.517606
2.531084
2.527961
2.531772
2.537685
2.530378
2.524222
2.543360
2.517869
2.523933
2.518539
2.587893
2.531133
2.532989
2.526111
2.518213
2.614356
2.556857
2.527482
2.534359
2.535860
2.562464
2.532315
2.538225
2.548405
2.580157
2.532177
2.541569
2.535681
2.532031
2.543256
2.534198
2.540879
2.559932
2.611204
2.579405
2.592741
2.588769
2.595078
2.593945
2.603082
2.608615
2.679382
2.627711
2.574084
2.564647
2.559044
2.551771
2.550372
2.549826
2.526450
2.560874
2.543179
2.549115
2.560358
2.557670
2.548312
2.532484
