0.453925
0.447579
0.445939
0.440625
0.443206
0.442248
0.442825
0.443605
0.446547
0.441928
0.441937
0.441671
0.439906
0.445297
0.446513
0.444215
0.443043
0.443266
0.444045
0.443235
0.446823
0.450006
0.444220
0.445700
0.445091
0.444432
0.448356
0.448434
0.446742
0.444756
0.444866
0.445397
0.446734
0.449756
0.452180
0.444731
0.446250
0.445149
0.445530
0.455799
0.442762
0.441121
0.450262
0.453827
0.453592
0.458219
0.452060
0.450809
0.452049
0.453046
0.455940
0.457964
0.463832
0.458217
0.458364
0.459818
0.434398
0.452205
0.462173
0.461956
0.458574
0.458740
0.458698
0.467176
0.468842
0.466303
0.462150
0.460920
0.463644
0.461866
0.468427
0.459094
0.455473
0.467147
0.466689
0.469565
0.479492
0.482226
0.470736
0.468799
0.473518
0.470926
0.492572
0.484007
0.472879
0.476767
0.472134
0.445174
0.463839
0.480681
0.481257
0.482677
0.482905
0.474902
0.486689
0.486520
0.473514
0.475291
0.477037
0.473008
