0.496221
0.405377
0.404802
0.385100
0.295208
0.236878
0.240751
0.256440
0.219903
0.190663
0.190181
0.188244
0.324538
0.220166
0.190984
0.187093
0.332539
0.415074
0.235892
0.213957
0.190587
0.209853
0.237285
0.192880
0.197899
0.216976
0.182775
0.248870
0.316219
0.255693
0.236690
0.275931
0.199750
0.195071
0.223106
0.193131
0.185544
0.274899
0.218278
0.195740
0.236817
0.430594
0.310961
0.207446
0.201666
0.196456
0.276007
0.198150
0.198551
0.198834
0.203942
0.281858
0.233964
0.315873
0.266741
0.314045
0.193388
0.196064
0.204293
0.225012
0.204521
0.235692
0.200043
0.187974
0.252007
0.350849
0.331751
0.240326
0.197361
0.192782
0.313308
0.196926
0.195456
0.198215
0.194004
0.222670
0.430424
0.331722
0.276628
0.297550
0.187480
0.185248
0.204206
0.197260
0.264163
0.196217
0.192161
0.208356
0.280018
0.434187
0.390533
0.403190
0.377103
0.377987
0.262697
0.198236
0.215308
0.228362
0.400893
0.213366
