0.930037
0.937244
0.938001
0.936810
0.964220
0.946844
0.943868
0.967049
0.955377
0.977419
0.960655
0.951881
0.960922
0.956153
0.955897
0.955424
0.949617
0.937766
0.957074
0.925741
0.930089
0.925857
0.924969
0.931257
0.922446
0.936753
0.927305
0.925268
0.948858
0.925956
0.931339
0.942651
0.941778
0.947734
0.939418
0.939648
0.941987
0.939433
0.939957
0.946294
0.954626
0.958788
0.942140
0.941194
0.942263
0.940630
0.940500
0.941219
0.939165
0.941028
0.947810
0.941021
0.943234
0.940422
0.939609
0.969679
0.942206
0.935341
0.940565
0.940031
0.943972
0.930434
0.938185
0.990922
0.909568
0.910413
0.925960
0.927212
0.944934
0.913774
0.908421
0.910459
0.933214
0.942124
0.951141
0.941968
0.967445
0.943119
0.944737
0.954871
0.943314
0.939841
0.941300
0.939371
0.940305
0.941646
0.941132
0.943842
0.944323
0.942186
0.941338
0.943183
0.940103
0.941244
0.938915
0.940388
0.940152
0.940526
0.941707
0.939692
