7.460340
6.211290
7.490359
4.715777
6.841572
7.832792
8.002003
5.942558
6.698566
6.972053
5.051702
6.675205
7.080247
7.891289
4.400357
6.390756
7.481466
7.552337
7.569798
7.821916
7.624971
7.665011
7.159353
6.004610
6.973728
7.351683
7.260115
6.274748
6.072413
6.600030
6.061373
5.874415
7.357600
6.642197
7.044956
4.301250
5.347219
4.788535
4.568199
5.579838
6.382942
5.561784
4.986633
6.962174
4.562334
4.289334
4.368413
5.801399
6.175139
5.189131
5.011103
5.084518
4.695526
4.859280
5.584581
6.795227
5.410051
5.106451
5.407061
4.309755
4.284709
4.758391
5.661526
4.422621
5.596318
4.711336
4.522232
4.431690
4.586197
4.699367
4.349921
4.346386
4.366394
4.314525
4.307309
4.296881
4.294870
4.338785
4.525985
4.904545
4.279470
4.388255
4.364371
4.318328
4.487708
4.456757
4.455214
4.260614
4.349332
4.297304
4.308445
4.342436
4.332833
4.343029
4.316196
4.428336
4.310050
4.355914
4.552353
4.452687
