32.762187
39.196920
42.315247
42.395425
42.450844
42.415600
42.495496
42.439196
42.377146
42.390348
42.387056
42.374834
42.365369
42.354320
42.446288
42.434796
42.433037
42.473847
42.466912
42.442885
42.517813
42.517543
42.411570
42.462968
42.433723
42.372905
42.420190
42.411079
42.395881
42.415279
42.416780
42.402090
42.532646
42.516920
42.366881
42.405899
42.455251
42.423198
42.474497
42.534606
42.512017
42.520028
42.530460
42.487024
42.544190
42.544375
42.491951
42.562703
42.548284
42.523789
42.545607
42.550140
42.509760
42.565879
42.574407
42.499519
42.516385
42.487600
42.462741
42.490978
42.487761
42.469358
42.482606
42.477828
42.493387
42.508503
42.524065
42.544653
42.536474
42.540996
42.568342
42.572352
42.549805
42.573320
42.567490
42.533061
42.571741
42.581932
42.567864
42.570579
42.577021
42.547851
42.550400
42.569881
42.514351
42.541388
42.564737
42.526265
42.555789
42.560972
42.518295
42.538133
42.538136
42.524579
42.559436
42.577301
42.513598
42.547558
42.567763
42.581976
