0.048313
0.048582
0.048041
0.049943
0.049805
0.050888
0.050284
0.049652
0.057146
0.049406
0.050766
0.050866
0.050215
0.049990
0.092717
0.057805
0.055631
0.064806
0.083916
0.055134
0.061109
0.062082
0.059886
0.055090
0.059854
0.065345
0.059138
0.055731
0.056617
0.057688
0.077100
0.062783
0.096960
0.058516
0.058636
0.059895
0.058388
0.057872
0.058607
0.059446
0.059144
0.065979
0.059130
0.054623
0.052567
0.052121
0.078032
0.053633
0.053435
0.108088
0.091158
0.052578
0.052390
0.055526
0.057710
0.057217
0.057342
0.064104
0.058697
0.072902
0.060859
0.083048
0.062778
0.060245
0.059465
0.058204
0.060574
0.093083
0.066969
0.058974
0.056908
0.056549
0.067731
0.059493
0.059490
0.056539
0.059828
0.083966
0.058104
0.057109
0.059056
0.059424
0.057493
0.059210
0.084269
0.061802
0.063316
0.059230
0.064865
0.057929
0.056670
0.058979
0.058334
0.081212
0.061112
0.060153
0.060014
0.059333
0.059153
0.057237
