6.450616
6.444712
6.507757
6.447862
6.454618
6.487353
6.449756
6.442734
6.524470
6.526618
6.492909
6.519571
6.455197
6.446840
6.474026
6.547788
6.471985
6.453271
6.480595
6.500725
6.443677
6.440973
6.450712
6.458137
6.440927
6.440774
8.193691
6.449467
6.443135
6.445905
6.450657
6.458411
6.458638
6.444769
6.455754
6.519393
6.445489
6.434675
6.491976
6.442462
6.447501
6.490323
6.445784
6.564337
6.465836
6.459026
6.458858
6.453268
6.447072
6.444621
6.437691
6.597896
6.502531
6.446332
6.519248
6.495266
6.508927
6.475534
6.441591
6.495833
6.467351
6.445851
6.450553
6.461476
6.445744
6.443061
6.451819
6.466278
6.432666
6.449159
6.451092
6.453533
6.435827
6.448628
6.483144
6.453469
6.463279
6.455003
6.475146
6.464556
6.440506
6.446439
6.443124
6.469213
6.462575
6.450213
6.477990
6.477014
6.450494
6.348326
6.232225
6.227080
6.222698
6.224965
6.195455
6.204797
6.204092
6.195862
6.191136
6.193930
