0.050564
0.050687
0.050748
0.050503
0.050645
0.050846
0.051673
0.051083
0.051145
0.050797
0.051399
0.053552
0.052370
0.052395
0.052492
0.052901
0.054469
0.052705
0.053030
0.053326
0.053447
0.052887
0.052700
0.052905
0.053450
0.053011
0.053364
0.054198
0.054401
0.057769
0.060109
0.055010
0.055043
0.053835
0.056381
0.055958
0.053233
0.049445
0.041593
0.052794
0.052464
0.052802
0.052968
0.052639
0.052818
0.052584
0.051612
0.052532
0.052646
0.052823
0.052573
0.052412
0.052415
0.052688
0.053245
0.052589
0.052524
0.052900
0.053273
0.052554
0.052567
0.052769
0.052598
0.052675
0.052696
0.053249
0.052757
0.053465
0.051787
0.051952
0.052416
0.052725
0.054928
0.057505
0.053129
0.053282
0.053177
0.053219
0.055269
0.054720
0.053837
0.052945
0.053557
0.053040
0.053008
0.053760
0.053289
0.052911
0.052865
0.052806
0.052819
0.053625
0.053694
0.054324
0.054004
0.052913
0.052827
0.053039
0.053068
0.053302
