5.483451
5.470419
5.476126
5.473710
5.497022
5.464746
5.512908
5.498270
5.515300
5.486606
5.495501
5.487546
5.468318
5.486036
5.485701
5.497161
5.542140
5.495527
5.495857
5.499903
5.539508
5.535300
5.529582
5.508308
5.500769
5.537603
5.523438
5.495217
5.489021
5.489211
5.489851
5.499269
5.496637
5.483635
5.485481
5.497243
5.483969
5.492911
5.467523
5.482857
5.501232
5.499756
5.491193
5.500810
5.492806
5.566727
5.544064
5.490474
5.478543
5.495681
5.488511
5.490460
5.484092
5.483749
5.479419
5.503590
5.524259
5.461094
5.510295
5.498771
5.480494
5.485773
5.472200
5.483056
5.474449
5.492932
5.457224
5.503026
5.489361
5.487351
5.492032
5.486372
5.482704
5.483806
5.481108
5.506397
5.507382
5.495907
5.490963
5.490601
5.485307
5.480493
5.480523
5.500541
5.483062
5.478646
5.510174
5.489869
5.471309
5.473320
5.479137
5.480730
5.476018
5.466832
5.508178
5.504639
5.487138
5.460759
5.428574
5.495060
