0.538186
0.544891
0.546822
0.548374
0.548050
0.551169
0.549663
0.543441
0.537858
0.535089
0.532310
0.536346
0.548579
0.534872
0.534797
0.532760
0.536076
0.540874
0.536853
0.535584
0.539043
0.539237
0.546843
0.536748
0.537080
0.540583
0.544874
0.553489
0.548370
0.546065
0.544294
0.547121
0.554256
0.554064
0.552569
0.554167
0.559214
0.595401
0.572615
0.569565
0.562933
0.561810
0.564015
0.594948
0.565130
0.561256
0.565093
0.562944
0.566062
0.551042
0.554764
0.554014
0.558552
0.564068
0.560427
0.557262
0.560136
0.563102
0.573721
0.562159
0.558630
0.557910
0.564854
0.574025
0.562374
0.562838
0.560985
0.569792
0.574706
0.563316
0.562207
0.560732
0.568888
0.585415
0.570129
0.591780
0.568027
0.578376
0.579294
0.556423
0.548673
0.566429
0.572925
0.593968
0.588015
0.593898
0.569211
0.577721
0.577893
0.570307
0.566002
0.569863
0.577819
0.583454
0.568788
0.576223
0.579526
0.649880
0.591087
0.575685
