0.374746
0.369461
0.374717
0.370991
0.371560
0.373596
0.372250
0.368658
0.380574
0.378679
0.379519
0.381882
0.385008
0.385236
0.383816
0.382143
0.381513
0.381975
0.382015
0.383253
0.386129
0.376025
0.372203
0.373504
0.373091
0.371476
0.373118
0.387236
0.383612
0.386600
0.380177
0.381323
0.381176
0.381257
0.383604
0.386060
0.385531
0.381229
0.381988
0.383712
0.382372
0.383997
0.389581
0.387902
0.383648
0.387706
0.388488
0.388260
0.389360
0.397609
0.391670
0.383695
0.384082
0.384149
0.384117
0.387245
0.387615
0.390084
0.392589
0.384910
0.386040
0.387321
0.370881
0.375114
0.376256
0.377649
0.372056
0.373245
0.372073
0.371859
0.379335
0.378608
0.385336
0.382507
0.374093
0.373930
0.376028
0.373818
0.374758
0.387428
0.381441
0.376455
0.377041
0.378477
0.377578
0.383221
0.385381
0.389772
0.385969
0.377914
0.377442
0.382314
0.378910
0.378729
0.400037
0.389111
0.377673
0.385711
0.377793
0.378854
