0.025230
0.025296
0.025578
0.026159
0.026627
0.109821
0.023178
0.032380
0.033015
0.026724
0.024069
0.032832
0.033538
0.029787
0.034470
0.113624
0.284667
0.034281
0.032809
0.048047
0.032498
0.028018
0.023211
0.022894
0.036454
0.022697
0.022455
0.022713
0.022919
0.023905
0.022438
0.028945
0.022745
0.022807
0.022476
0.022722
0.023444
0.022481
0.022683
0.023072
0.022705
0.022640
0.022976
0.022946
0.022728
0.022752
0.022741
0.023674
0.096921
0.026391
0.030755
0.037029
0.030578
0.030493
0.029845
0.052530
0.027051
0.028422
0.028365
0.027930
0.042723
0.027861
0.028191
0.030109
0.028072
0.037908
0.027061
0.027430
0.027565
0.027915
0.027449
0.028044
0.027714
0.027613
0.027622
0.027645
0.027623
0.027488
0.027895
0.023029
0.022935
0.023694
0.023248
0.022945
0.022860
0.025132
0.032726
0.026057
0.026893
0.026771
0.026838
0.027322
0.046487
0.028707
0.027978
0.035126
0.027228
0.026418
0.027661
0.029190
