12.945489
6.890100
6.889685
12.917548
9.569091
7.855923
7.135964
12.727449
13.080648
10.097196
13.015928
12.976497
8.889687
6.646283
11.546537
7.134299
12.836099
6.783718
12.876595
8.349410
7.661827
12.940470
12.211592
11.193472
7.995805
12.967547
8.182460
12.834266
6.773909
11.577527
9.003127
9.538352
13.176563
6.766118
7.221882
7.226576
10.318189
7.165485
6.822409
7.636224
13.117570
6.748327
6.641381
6.680981
6.832776
7.759152
7.912332
9.931611
8.797894
10.732012
8.436940
8.288661
9.606784
6.726669
6.651658
10.867146
7.522635
6.640865
6.673952
6.720359
6.642924
6.706868
9.647824
6.645273
6.679984
7.537669
6.659900
6.670193
6.693320
6.659631
7.528009
6.725972
7.681431
7.233387
6.867053
6.663885
6.830306
10.484181
7.837370
8.795153
6.732946
6.660002
7.085023
7.299979
7.793180
9.335537
7.580447
6.710744
6.651134
6.671035
7.300877
9.604466
7.221466
6.700721
6.655845
6.665758
6.723123
6.657650
8.013181
10.264073
