0.382453
0.387982
0.379598
0.373814
0.371667
0.371846
0.374303
0.377268
0.387500
0.374184
0.375795
0.382396
0.379578
0.377293
0.382363
0.390007
0.379227
0.388585
0.378753
0.379563
0.382943
0.380516
0.377596
0.377530
0.376938
0.374921
0.377617
0.375980
0.376348
0.376825
0.375182
0.374318
0.376172
0.374696
0.376826
0.397834
0.375175
0.375374
0.377550
0.374715
0.375765
0.389390
0.378604
0.376270
0.375978
0.375251
0.377455
0.380153
0.380182
0.377000
0.378966
0.376172
0.376045
0.377475
0.379542
0.380054
0.379807
0.383457
0.381687
0.382210
0.380991
0.380780
0.377893
0.374899
0.377103
0.377420
0.376387
0.378743
0.385683
0.375088
0.375602
0.375806
0.376284
0.374464
0.384055
0.381816
0.376405
0.390511
0.384916
0.372740
0.377446
0.380050
0.378202
0.379586
0.375817
0.376512
0.377523
0.379704
0.382288
0.377398
0.375875
0.375764
0.377340
0.375538
0.380070
0.385582
0.375234
0.375853
0.376247
0.376821
