0.122719
0.149456
0.093202
0.121912
0.087647
0.083032
0.083304
0.084301
0.083647
0.084162
0.084506
0.176096
0.083865
0.106236
0.084596
0.083114
0.084258
0.084144
0.083976
0.083700
0.084140
0.084229
0.101055
0.106864
0.107784
0.104921
0.163478
0.221321
0.158186
0.098905
0.087534
0.089045
0.101303
0.092928
0.093510
0.092033
0.111610
0.095000
0.169065
0.101233
0.149402
0.150598
0.125336
0.088607
0.091351
0.095212
0.089904
0.093052
0.184683
0.145059
0.116132
0.166470
0.100364
0.203774
0.153699
0.168715
0.114888
0.090550
0.090737
0.141051
0.094643
0.094689
0.091231
0.098127
0.091998
0.090861
0.115675
0.093831
0.089818
0.089481
0.088508
0.136381
0.110621
0.107052
0.267423
0.111277
0.090877
0.091005
0.090496
0.090172
0.195285
0.120174
0.098109
0.119367
0.093232
0.093692
0.092780
0.091357
0.095741
0.092473
0.165511
0.130621
0.138161
0.102564
0.114091
0.113161
0.129010
0.119917
0.139183
0.201885
