6.763931
10.912385
6.758269
6.894458
6.836365
7.129893
7.941198
10.115583
6.771790
6.897854
6.767989
6.838759
6.891952
6.965877
8.055268
7.382479
10.349540
6.782061
6.877723
7.872478
6.776249
6.884948
6.917534
6.791020
7.616825
6.858643
6.771305
6.914728
6.784644
7.606205
7.060161
7.075579
8.088088
6.790924
10.294407
7.040421
6.805794
6.812743
7.498318
8.575328
6.933035
7.113613
6.853375
6.817325
6.975022
8.787297
7.875893
6.784557
7.338645
6.874611
9.092360
6.831650
6.810828
9.767109
8.950426
7.668079
7.016934
8.730533
6.781022
12.050499
12.179113
11.143314
6.829352
13.375594
9.104922
6.861172
6.766498
7.885552
10.771626
6.767922
6.856708
7.048645
13.204040
7.398255
6.751619
6.999418
6.823519
8.054415
10.085330
7.023990
10.853441
6.902807
6.773381
6.777829
6.836001
7.171157
6.781748
6.979230
6.788236
8.911929
6.818153
6.847909
6.934152
9.419122
6.853969
6.829039
7.043237
7.020150
6.991354
6.906952
