1.122202
1.188270
1.046700
1.233134
1.000677
0.994911
1.558902
1.056832
1.468695
1.105236
1.367678
1.210857
1.408145
1.365524
1.027049
1.334992
1.067395
1.200838
1.069150
1.106859
1.185879
0.991806
1.349343
1.026949
0.999525
1.207072
1.054762
1.255927
1.100762
1.090209
1.210468
1.126402
1.392114
1.342330
1.255689
1.050439
1.025317
1.333954
1.044165
1.328059
1.103885
1.037281
1.191201
1.150835
1.300527
1.077193
1.007412
1.275306
1.082470
1.133021
1.109453
1.027965
1.467466
1.216277
1.119764
1.090895
1.046606
1.225025
1.038203
1.163348
1.058556
1.053940
1.279931
0.995771
1.155840
1.243931
1.150670
1.561094
1.128795
1.248689
1.281608
1.603056
1.353330
1.053235
1.117052
1.029076
1.218650
1.057038
1.051150
1.106825
1.010221
1.228490
1.017119
1.055794
1.377150
1.035440
1.485651
1.033530
1.143430
1.093979
1.028866
1.536137
1.278428
1.191356
1.094788
1.060853
1.184391
1.038473
1.281161
1.227779
