2.301007
2.080764
2.084968
2.349329
2.528159
2.154051
2.053044
2.176404
2.289546
2.221485
2.362414
2.145395
2.325966
2.478254
2.391950
2.247916
2.094242
2.210408
2.273559
2.027776
1.964094
2.236165
2.173894
2.060814
2.672700
2.389896
2.411612
2.108567
2.023323
2.103670
2.209113
1.984907
1.981959
2.041932
2.067210
2.179446
2.099111
2.016836
2.156779
1.977583
2.154548
2.271885
2.045866
2.009829
2.054430
2.140107
2.171818
2.068709
2.087039
2.267886
2.006698
2.110659
2.085303
2.059629
2.021436
2.167693
2.209491
2.393349
2.029625
2.242843
2.053320
2.099766
1.995960
2.275722
2.107520
1.978592
2.006539
2.112773
2.420808
2.024267
2.055967
2.018268
2.006175
1.943421
2.130535
2.228797
1.935302
1.991125
2.127550
2.150926
2.009388
2.129606
2.010366
2.271369
1.965678
2.146283
2.035127
2.221977
2.011100
2.315408
2.626236
2.368856
2.276652
1.971292
2.076254
2.139128
1.978895
2.106318
2.111541
2.021817
