3.956798
3.871502
4.097885
3.804091
4.361038
3.891001
3.849086
4.005867
3.894178
3.873547
3.942796
3.516262
3.835765
3.925236
3.874792
3.922186
4.299861
4.574800
3.898244
3.839835
3.831300
4.214181
3.767720
3.741765
3.636374
3.559628
4.103745
4.080876
3.868062
4.248950
4.491119
4.309366
4.362395
4.681450
4.792489
4.412188
4.502252
4.079908
4.418939
4.280787
4.400261
3.947508
4.579674
4.929386
3.898580
4.086141
4.209468
3.971388
4.835562
4.144601
4.413824
4.312272
4.342892
4.152682
4.597917
4.275216
4.053915
3.855698
4.257584
4.311710
4.346052
3.928317
4.444958
4.010928
4.058693
4.465154
4.587716
4.337830
4.269768
4.008933
4.299123
3.995695
4.122765
4.337679
3.933792
4.219860
5.038793
4.328744
4.217722
4.266168
3.992134
4.741528
4.789356
4.389756
3.997592
4.034164
4.149618
4.111336
4.081090
4.211562
3.825268
3.986811
4.502476
3.945460
4.212602
4.102199
4.547750
4.372105
4.368885
4.683502
