10.202602
10.207473
10.242127
10.214998
10.247278
10.237032
10.268472
10.259930
10.281098
10.269196
10.276121
10.272384
10.304856
10.287750
10.298175
10.286011
10.299924
10.285726
10.300063
10.279042
10.282330
10.280494
10.295238
10.274798
10.272517
10.269367
10.283688
10.271338
10.280831
10.263112
10.287965
10.267488
10.270310
10.273246
10.272227
10.267754
10.276744
10.257147
10.286877
10.266029
10.267972
10.266769
10.274102
10.276888
10.273857
10.262670
10.273633
10.266117
10.285564
10.253859
10.281603
10.257235
10.270178
10.261101
10.263272
10.260594
10.273201
10.255808
10.271790
10.247649
10.261583
10.246865
10.269600
10.240483
10.273891
10.251833
10.246161
10.245143
10.254550
10.265622
10.244915
10.253483
10.246238
10.254445
10.265635
10.264591
10.250126
10.258352
10.250563
10.262830
10.258188
10.256755
10.246875
10.266194
10.254029
10.246115
10.238783
10.258509
10.254020
10.271529
10.252145
10.262336
10.252119
10.248875
10.256577
10.250401
10.239268
10.268867
10.245852
10.243447
