4.071572
3.964575
3.523560
3.730583
3.927278
3.635264
3.778291
4.006735
3.485799
3.461965
4.067778
4.354237
4.175487
4.129882
4.421897
4.390915
4.461495
4.412796
3.889067
3.834867
2.610712
3.895274
3.975869
4.088644
4.132882
4.352568
4.257974
4.391702
4.073625
4.104972
4.264251
4.502435
4.579204
3.830931
3.865999
3.913727
3.850498
3.193151
3.799919
3.526323
3.796596
3.821439
3.287069
3.874093
3.376816
3.954668
4.446029
4.054213
4.129917
3.633891
4.287663
3.581755
3.436303
4.092022
3.937445
4.087939
4.278323
4.360738
4.374236
4.439138
4.541126
4.421141
3.619094
3.949943
4.217009
3.240684
4.529025
3.058083
2.874235
2.928000
2.920717
3.650903
3.007548
3.550737
3.325363
3.577253
3.594903
3.265676
2.993248
3.556722
3.128739
2.843632
3.414830
3.103841
4.311718
3.985536
3.154079
4.080135
4.362892
4.469966
4.502446
4.307773
3.356099
2.538228
2.762077
3.178938
3.408834
3.933949
3.179345
2.910128
