0.018159
0.017954
0.018012
0.018104
0.018072
0.018125
0.018062
0.018091
0.018204
0.018264
0.018320
0.018198
0.018325
0.018298
0.018491
0.019277
0.019352
0.019315
0.019568
0.019456
0.019543
0.019574
0.019576
0.019553
0.019659
0.019657
0.019617
0.019646
0.019851
0.019814
0.019937
0.021059
0.020001
0.020109
0.020552
0.021459
0.020267
0.020138
0.019832
0.019889
0.019949
0.020139
0.019967
0.020148
0.020223
0.020164
0.020061
0.020022
0.020116
0.020100
0.020194
0.020303
0.020436
0.020327
0.020345
0.020520
0.019592
0.018470
0.018471
0.019551
0.018575
0.018844
0.019321
0.020048
0.020549
0.020733
0.020695
0.020672
0.020743
0.020908
0.020706
0.020705
0.020688
0.020723
0.020608
0.020773
0.020906
0.020759
0.020740
0.020777
0.020970
0.020844
0.020905
0.020982
0.021022
0.020941
0.020925
0.020901
0.021174
0.021107
0.021034
0.020964
0.020895
0.020960
0.020963
0.020808
0.020988
0.020992
0.021222
0.021428
