5.124155
5.134899
5.251057
5.276790
5.262239
5.260015
5.272696
5.255072
5.137159
5.141604
5.157782
5.161649
5.148122
5.143182
5.150423
5.157440
5.151234
5.148739
5.250624
5.296229
5.287591
5.286952
5.281837
5.280398
5.275828
5.245835
5.254069
5.262493
5.345824
5.163223
5.138988
5.147796
5.123608
5.085659
5.077050
5.089202
5.185042
5.161025
5.199589
5.263095
5.264544
5.258080
5.264795
5.268871
5.266852
5.227396
5.084812
5.133040
5.162670
5.175049
5.127355
5.132575
5.142390
5.121111
5.156215
5.263507
5.210326
5.109817
5.062510
5.178699
5.260446
5.165514
5.149544
5.129011
5.168987
5.160673
5.112418
5.093150
5.099168
5.140905
5.094114
5.198774
5.144365
5.157938
5.118443
5.141291
5.187453
5.139200
5.085047
5.127252
5.162842
5.188108
5.170096
5.168251
5.247104
5.242796
5.260154
5.245419
5.251689
5.248939
5.253697
5.284384
5.216707
5.172607
5.162332
5.151231
5.129725
5.129914
5.073871
5.142728
