5.388339
5.569120
6.384762
6.310244
6.476832
6.100639
6.345832
5.506811
5.586560
7.140598
7.913315
8.946592
8.487701
8.523808
8.774489
9.153272
9.446385
8.669048
6.043634
6.060138
5.575329
5.800956
5.511656
6.769165
5.680737
5.752943
5.582739
5.413982
6.039354
6.457729
6.016668
5.766514
6.259978
5.925548
6.213799
5.998110
5.805529
5.739786
5.289715
5.681798
5.920068
5.914390
5.662107
5.481751
6.392363
5.744536
6.245736
6.148080
6.072570
5.833782
5.886836
5.602671
5.724823
5.818467
5.506190
5.496529
5.882990
5.714598
5.693865
5.405614
6.159720
5.274780
5.521575
5.783077
5.819503
5.694285
6.011166
5.464955
5.814766
5.875073
5.865611
6.440861
5.678918
5.448741
6.379941
5.684547
5.814320
6.093025
5.598810
5.740887
5.942928
5.870917
5.988873
6.474692
5.826830
5.527930
5.691037
5.629865
5.535138
5.630516
5.381412
5.264889
6.063751
6.149362
6.118542
6.301176
5.800240
5.458916
5.287882
5.791901
