5.741949
6.645101
8.767160
9.464567
6.711986
10.186189
7.019773
10.081896
6.147718
7.351581
7.607870
5.887216
5.960256
6.162944
9.150159
5.944222
6.712837
8.410043
6.060696
6.423106
5.799142
7.065609
6.903419
6.027733
5.955838
5.989158
9.243031
5.936681
7.918436
5.892677
5.950271
6.821020
5.870312
5.923765
7.702206
7.428343
5.918553
8.510902
7.361586
5.920509
11.046161
6.805526
5.810791
5.941787
6.556840
5.780556
5.786778
5.795517
5.975390
9.664236
10.967295
5.871973
11.031185
5.792789
5.753497
6.110178
7.927438
5.957131
5.763075
5.735478
5.837614
10.641430
5.945735
7.311125
5.931330
5.847643
9.205597
10.077761
8.344312
7.410394
5.862833
5.906196
5.858725
7.832733
6.087786
5.813455
6.133710
7.953691
5.941925
5.937699
5.894503
8.816600
5.815931
5.896644
5.786847
5.820164
5.924383
5.851513
5.726077
6.146097
5.784045
7.098212
9.473380
8.252581
5.828839
5.862781
5.906581
5.848625
5.915272
7.145114
