6.115885
6.128456
6.216986
6.202528
6.205753
6.285687
6.126171
5.038034
3.936212
3.925180
3.935704
3.946510
4.138300
3.924832
3.920290
3.922849
3.926351
3.918911
3.995370
3.908331
3.902664
3.915242
3.897690
3.919017
3.905409
3.902742
4.082350
3.919469
3.929681
3.898847
3.914176
3.934598
3.922577
3.905518
3.922263
3.890939
3.896717
3.911403
3.896274
4.040670
3.911929
3.907941
3.902108
3.899995
3.880521
3.921372
3.893593
3.896567
3.912441
3.920121
3.883897
3.893433
3.910378
3.983726
3.896007
3.896124
3.892275
3.889688
3.928232
4.146190
3.897281
3.906331
3.921633
3.893529
3.981045
3.890768
4.133602
3.882102
3.891583
3.945628
3.889075
3.878858
3.939408
3.884544
3.889123
3.899400
3.874931
3.872139
3.876587
3.975868
4.030251
3.882857
3.881139
3.885502
3.881766
3.916768
3.891097
3.900866
3.891869
3.886695
3.887890
3.905608
3.897491
3.979322
3.882849
3.881890
3.913895
3.894286
3.900353
3.934165
