0.246139
0.242866
0.249979
0.257246
0.257610
0.248940
0.245592
0.244943
0.249315
0.245429
0.244321
0.246125
0.249333
0.256352
0.254236
0.255645
0.254937
0.254580
0.255306
0.252694
0.250090
0.249124
0.252127
0.264534
0.251743
0.245920
0.249894
0.258410
0.247946
0.246283
0.246159
0.247847
0.260082
0.256470
0.253553
0.281710
0.252334
0.266552
0.247891
0.246239
0.250213
0.248001
0.269908
0.258353
0.247390
0.251844
0.247772
0.246476
0.246348
0.251614
0.249455
0.250352
0.256811
0.254905
0.251190
0.246924
0.246079
0.246653
0.262275
0.243561
0.245692
0.251791
0.264482
0.253845
0.244600
0.245941
0.247769
0.248621
0.245994
0.246570
0.246947
0.249541
0.264211
0.253568
0.247648
0.245408
0.251885
0.245946
0.246638
0.245722
0.245683
0.252415
0.258883
0.253243
0.245596
0.251836
0.246760
0.245722
0.245503
0.246567
0.250131
0.248604
0.254032
0.252361
0.253109
0.246308
0.245678
0.246084
0.247403
0.261103
