0.015184
0.014608
0.010598
0.009303
0.009331
0.009281
0.009316
0.009300
0.009296
0.009329
0.009379
0.009291
0.009377
0.009866
0.013228
0.009527
0.010049
0.009443
0.009477
0.009552
0.009468
0.009700
0.009802
0.009847
0.009965
0.009954
0.010013
0.010011
0.010090
0.010166
0.010448
0.010415
0.010651
0.010682
0.010817
0.011446
0.010990
0.011035
0.010948
0.011036
0.011116
0.011211
0.011417
0.011700
0.011981
0.012058
0.012037
0.011834
0.011779
0.012129
0.011976
0.012053
0.012631
0.013065
0.012699
0.012342
0.012406
0.012491
0.012544
0.012621
0.012762
0.013202
0.015482
0.014972
0.013409
0.013193
0.013329
0.013478
0.013534
0.013496
0.013650
0.013845
0.013629
0.013630
0.013647
0.013779
0.013847
0.013894
0.016497
0.014029
0.014138
0.014211
0.014342
0.014346
0.014365
0.014534
0.014581
0.014590
0.014730
0.015090
0.014904
0.014983
0.015123
0.015096
0.015439
0.015671
0.016260
0.015539
0.016022
0.015752
