0.257894
0.254243
0.291454
0.258080
0.277188
0.247905
0.475470
0.494081
0.513778
0.277799
0.245487
0.246507
0.324291
0.277130
0.326325
0.391232
0.324888
0.246415
0.252705
0.254322
0.294032
0.249393
0.261857
0.277742
0.447042
0.513595
0.262001
0.298734
0.255686
0.278369
0.247095
0.334714
0.251337
0.343030
0.482919
0.276263
0.246665
0.248271
0.277970
0.316261
0.248454
0.247501
0.482663
0.445581
0.281736
0.342847
0.290489
0.259814
0.278863
0.248589
0.309033
0.313862
0.392754
0.353518
0.255250
0.267025
0.246600
0.361211
0.274833
0.251681
0.247126
0.609667
0.772767
0.530482
0.444310
0.269356
0.253660
0.284300
0.371925
0.316167
0.249776
0.384361
0.249671
0.249313
0.263773
0.349407
0.277794
0.312603
0.371158
0.300432
0.249516
0.268400
0.296680
0.298150
0.256997
0.264457
0.335912
0.332735
0.343121
0.251017
0.256950
0.317733
0.301319
0.261770
0.257972
0.396558
0.505636
0.280532
0.387475
0.259662
