0.008100
0.005759
0.005775
0.005792
0.005789
0.005791
0.006592
0.007075
0.005785
0.005801
0.005798
0.005810
0.005807
0.005804
0.005809
0.005806
0.005824
0.005874
0.005243
0.003771
0.003785
0.003779
0.003762
0.003772
0.003779
0.003768
0.003776
0.003783
0.003767
0.003780
0.003769
0.003805
0.003795
0.003779
0.003766
0.003800
0.003795
0.003772
0.003787
0.003795
0.003783
0.003772
0.003811
0.003792
0.003786
0.003793
0.003796
0.003788
0.003786
0.003790
0.003795
0.003783
0.003788
0.003782
0.003806
0.003777
0.003789
0.003790
0.003802
0.003789
0.003806
0.003791
0.004841
0.005879
0.005902
0.005851
0.005881
0.007759
0.004155
0.003750
0.003744
0.003766
0.003760
0.003741
0.003751
0.003767
0.003756
0.003754
0.003759
0.003743
0.003755
0.003748
0.003789
0.003807
0.003755
0.003751
0.003757
0.003740
0.003757
0.003753
0.003753
0.003744
0.003784
0.003752
0.003747
0.003740
0.003751
0.003752
0.003753
0.003748
