0.231474
0.228068
0.225733
0.226442
0.242366
0.225992
0.224351
0.225882
0.234759
0.233697
0.234876
0.233598
0.234371
0.234951
0.233823
0.233371
0.233784
0.235403
0.236322
0.234646
0.234481
0.220524
0.230548
0.234958
0.232109
0.232651
0.232015
0.233262
0.236498
0.233993
0.233443
0.232510
0.232554
0.233755
0.233064
0.233331
0.234577
0.233834
0.236464
0.236615
0.236364
0.237752
0.236050
0.236563
0.236001
0.235914
0.236742
0.237571
0.237054
0.237322
0.237654
0.239596
0.240744
0.236225
0.233432
0.235841
0.238974
0.240558
0.239072
0.239778
0.239306
0.260880
0.283136
0.284634
0.284788
0.280388
0.282324
0.282643
0.281216
0.279192
0.281739
0.279335
0.295933
0.282396
0.275646
0.275592
0.272059
0.274029
0.283866
0.272384
0.273226
0.283325
0.304033
0.286509
0.287807
0.284981
0.296964
0.306889
0.310374
0.288416
0.287821
0.295124
0.295020
0.310002
0.251984
0.273072
0.281195
0.281141
0.281775
0.281305
