10.421007
10.451276
10.395236
5.959078
5.833313
10.394448
8.064261
10.360205
6.748079
10.409717
9.717998
5.993834
7.711913
8.989809
8.020041
9.208506
8.952299
8.780257
7.618834
6.182932
6.271052
8.023331
6.784680
7.012935
6.717540
5.905271
7.684134
5.850616
6.440150
5.882368
6.442903
6.321933
6.064992
6.731454
6.744717
7.017043
6.356416
5.794521
6.028800
7.369326
5.826339
5.810907
5.826075
6.122399
6.394495
6.467246
5.810228
10.673463
6.448366
5.895873
6.361509
5.914214
5.884272
5.687939
5.771850
5.807099
5.831493
6.001625
6.448034
7.725918
5.903970
6.212941
10.106586
5.868512
9.031241
5.793020
5.820992
5.860595
5.862763
6.102755
5.866230
5.841147
6.432269
5.850248
5.847590
5.854823
5.829102
7.097994
5.825380
5.826258
6.035506
5.831684
5.767333
5.867595
5.806868
5.799034
5.815780
6.195265
5.792530
8.991067
5.710836
6.009988
5.866369
5.792430
5.801415
5.821974
5.842377
5.928174
5.931694
7.195095
