1.204417
1.185463
1.185962
1.183230
1.196062
1.210076
1.187328
1.177457
1.161314
1.143946
1.142747
1.152338
1.142631
1.148257
1.142877
1.144258
1.145397
1.171385
1.156441
1.160674
1.224475
1.195408
1.198324
1.191496
1.192545
1.190332
1.192903
1.191109
1.204007
1.191010
1.196268
1.192165
1.196519
1.188945
1.193663
1.192077
1.193040
1.209102
1.193245
1.204818
1.182806
1.191749
1.193004
1.205941
1.203631
1.196757
1.189307
1.194122
1.188747
1.200988
1.192436
1.195799
1.190041
1.196261
1.214557
1.206036
1.200816
1.194410
1.194318
1.197205
1.198237
1.196668
1.218766
1.225940
1.247129
1.195366
1.212644
1.190435
1.188696
1.196927
1.194176
1.192798
1.208831
1.197597
1.207369
1.188008
1.186708
1.179745
1.182082
1.180062
1.184265
1.188896
1.185403
1.226181
1.184502
1.185110
1.178870
1.185139
1.187381
1.189964
1.196761
1.198259
1.190407
1.190723
1.192063
1.187096
1.190835
1.187260
1.188451
1.189351
