0.007066
0.005555
0.005266
0.005315
0.005397
0.005332
0.005354
0.005246
0.005250
0.005352
0.005501
0.005557
0.005266
0.005283
0.006173
0.005228
0.005915
0.005404
0.005147
0.005269
0.005315
0.005233
0.005229
0.005263
0.005359
0.005294
0.005309
0.005179
0.005102
0.005243
0.005192
0.005117
0.005565
0.005080
0.005136
0.005154
0.005102
0.005136
0.005171
0.005135
0.005148
0.006493
0.005152
0.018235
0.005152
0.005119
0.005027
0.005038
0.005059
0.005090
0.005055
0.005016
0.005190
0.005008
0.005120
0.005144
0.007294
0.004956
0.004859
0.004971
0.004878
0.004879
0.004875
0.006157
0.005084
0.005099
0.005388
0.004731
0.005030
0.004896
0.004757
0.004768
0.004747
0.004747
0.004838
0.004814
0.005280
0.005088
0.004847
0.004764
0.004836
0.004805
0.004814
0.004803
0.004954
0.004809
0.004776
0.004732
0.004919
0.004924
0.004926
0.004843
0.004848
0.004705
0.004718
0.004718
0.004739
0.004738
0.004732
0.004753
