0.076797
0.054163
0.052452
0.052632
0.052656
0.052586
0.052522
0.052590
0.065400
0.052676
0.053768
0.052688
0.052756
0.052946
0.053856
0.052547
0.053212
0.053083
0.061242
0.058054
0.052999
0.056141
0.054354
0.052923
0.052917
0.058043
0.052893
0.052944
0.053019
0.053073
0.053361
0.062865
0.054657
0.053805
0.058220
0.056589
0.053437
0.053499
0.053611
0.053259
0.053046
0.053186
0.056216
0.053215
0.056755
0.053950
0.053914
0.053740
0.057070
0.053658
0.053292
0.053695
0.054071
0.057119
0.056546
0.057352
0.053877
0.055314
0.056888
0.054015
0.054084
0.054148
0.053972
0.053819
0.059996
0.059958
0.060757
0.062247
0.054215
0.061999
0.057618
0.058952
0.053876
0.054771
0.055225
0.054153
0.055105
0.053638
0.053809
0.053919
0.053530
0.053576
0.053813
0.053715
0.054251
0.054213
0.053511
0.053366
0.053436
0.053454
0.053481
0.054085
0.057974
0.053985
0.055132
0.053861
0.053593
0.053648
0.053628
0.053670
