0.644393
0.644539
0.646105
0.643755
0.643951
0.644936
0.648277
0.646936
0.648114
0.646233
0.643434
0.641802
0.643191
0.646394
0.647631
0.643308
0.642653
0.646731
0.642294
0.652465
0.643983
0.648756
0.643012
0.641717
0.642745
0.645459
0.642760
0.642431
0.642747
0.646860
0.641960
0.643492
0.635374
0.649697
0.647396
0.645015
0.647922
0.650588
0.647505
0.645167
0.651930
0.654626
0.646800
0.643091
0.644809
0.645989
0.642890
0.644119
0.646432
0.647999
0.644934
0.644728
0.649420
0.653732
0.644859
0.644473
0.652327
0.644593
0.646253
0.645672
0.650219
0.644811
0.647405
0.655593
0.650913
0.646306
0.651321
0.645733
0.665630
0.647226
0.658322
0.645495
0.642055
0.646146
0.650232
0.657295
0.648741
0.650800
0.649330
0.659907
0.648736
0.650283
0.653299
0.651348
0.650833
0.647588
0.647116
0.651975
0.648919
0.648391
0.648752
0.654944
0.648025
0.648626
0.647754
0.665972
0.651845
0.648824
0.653222
0.650789
