6.804509
6.782187
6.842224
6.829612
6.892939
6.851929
6.819010
6.830414
6.845377
6.839496
6.849294
6.847253
6.842651
6.828226
6.837081
6.804249
6.804316
6.818922
6.842043
6.854796
6.884465
6.873144
6.843263
6.843230
6.849964
6.838551
6.843728
6.835502
6.891563
6.822850
6.842952
6.853537
6.848310
6.845384
6.839310
6.852424
6.868542
6.855951
6.842566
6.849961
6.866605
5.466270
4.434868
4.423362
4.429521
4.423656
4.520402
4.423698
4.421567
4.420158
4.411065
4.409230
4.402878
4.397411
4.407264
4.414432
4.400822
4.410608
4.406954
4.399488
4.417689
4.400284
4.409641
4.414000
4.387960
4.409382
4.387910
4.382982
4.405311
4.465757
4.388530
4.385100
4.387803
4.393600
4.387338
4.405986
4.387756
4.405008
4.422861
4.383659
4.387949
4.517252
4.454072
4.387231
4.409659
4.388785
4.376818
4.636180
4.380692
4.386252
4.391356
4.380112
4.399546
4.379940
4.377009
4.368885
4.364307
4.380049
4.392072
4.376478
