2.799455
2.677428
2.681957
2.681063
2.671809
2.667893
2.666734
2.678495
2.677169
2.674664
2.673491
2.674427
2.673800
2.679841
2.693714
2.672729
2.676963
2.674997
2.684511
2.680498
2.771900
2.674460
2.708358
2.733050
2.697395
2.710349
2.716230
2.727001
2.707163
2.712589
2.707820
2.702438
2.695752
2.708279
2.680393
2.683641
2.709468
2.685648
2.704616
2.695296
2.748827
2.729390
2.701980
2.693519
2.686273
2.681677
2.696830
2.748295
2.690127
2.689871
2.689692
2.680387
2.684330
2.680629
2.685756
2.686034
2.688709
2.684197
2.684583
2.681597
2.693475
2.732649
2.693111
2.728362
2.694085
2.675441
2.673327
2.685839
2.679751
2.680611
2.670393
2.695794
2.668654
2.674501
2.672255
2.678953
2.675789
2.675031
2.674814
2.733360
2.675116
2.819648
2.676176
2.673982
2.695120
2.710614
2.718111
2.692986
2.663741
2.697286
2.683060
2.711260
2.695488
2.680405
2.673694
2.699774
2.691335
2.704196
2.686899
2.668553
