3.462843
3.456520
3.449137
3.518878
3.483600
3.468578
3.468911
3.469111
3.465187
3.464394
3.464238
3.493166
3.469384
3.472269
3.511564
3.494039
3.591781
3.619418
3.620237
3.621522
3.628352
3.627466
3.617370
3.629392
3.635071
3.641651
3.628879
3.637584
3.631769
3.645175
3.474726
3.616799
3.639286
3.623926
3.631878
3.624542
3.616342
3.478440
3.487027
3.474030
3.476339
3.467282
3.477336
3.460028
3.457610
3.518513
3.540907
3.458607
3.456007
3.455514
3.456326
3.468084
3.465918
3.454939
3.464798
3.456283
3.454805
3.463645
3.451012
3.468277
3.533892
3.501795
3.539692
3.617790
3.514568
3.626063
3.601040
3.547651
3.468907
3.455838
3.465159
3.475773
3.602392
3.617479
3.622519
3.619234
3.625842
3.530765
3.466362
3.465905
3.466061
3.582891
3.618398
3.635132
3.616558
3.614582
3.584407
3.623889
3.610283
3.634641
3.618298
3.613092
3.463738
3.450144
3.468893
3.461473
3.458134
3.451466
3.453349
3.491254
