0.049731
0.049203
0.049332
0.049345
0.049377
0.049326
0.049374
0.039048
0.032653
0.032268
0.043314
0.049563
0.049489
0.049371
0.050017
0.051287
0.051482
0.050909
0.052462
0.052618
0.050471
0.050130
0.051783
0.049964
0.048845
0.048966
0.048977
0.048853
0.048985
0.048950
0.048856
0.048952
0.048866
0.048887
0.048792
0.049174
0.048853
0.048783
0.047795
0.047821
0.048055
0.051356
0.050523
0.048772
0.048739
0.048687
0.048700
0.048762
0.048850
0.048669
0.048680
0.048648
0.048852
0.048570
0.048743
0.048944
0.048950
0.049007
0.048953
0.048899
0.048951
0.049000
0.049065
0.049753
0.051201
0.050638
0.049430
0.049563
0.050510
0.051085
0.049704
0.050350
0.051411
0.048985
0.034439
0.032783
0.031760
0.036849
0.044641
0.049072
0.049128
0.049150
0.049118
0.049198
0.049156
0.049154
0.049313
0.050491
0.049817
0.049065
0.049101
0.049182
0.049013
0.049087
0.049028
0.049071
0.048975
0.049373
0.049156
0.049141
