2.184704
2.190603
2.215530
2.221065
2.196280
2.194732
2.194050
2.198041
2.212684
2.214174
2.229337
2.223711
2.220431
2.269919
2.168863
2.176964
2.172836
2.176465
2.178529
2.146670
2.142194
2.152310
2.143009
2.170898
2.140238
2.140851
2.154943
2.136762
2.147743
2.116377
2.120373
2.116412
2.137222
2.156693
2.178205
2.161356
2.153604
2.143555
2.173567
2.176344
2.151513
2.176168
2.203327
2.168080
2.194792
2.167613
2.168569
2.179960
2.156136
2.163147
2.172188
2.186049
2.183912
2.148973
2.171110
2.184917
2.181132
2.214240
2.187555
2.190617
2.193835
2.192519
2.190093
2.195973
2.205819
2.208901
2.163517
2.181196
2.199832
2.198128
2.194905
2.189679
2.189609
2.230872
2.202519
2.187396
2.201251
2.166759
2.197662
2.166893
2.186555
2.184387
2.190214
2.202960
2.199644
2.193578
2.210822
2.229274
2.210977
2.208546
2.191113
2.188899
2.161124
2.169554
2.183460
2.219589
2.171005
2.205009
2.216277
2.188412
