8.051793
15.086849
8.258832
12.077284
8.552078
8.041428
8.104168
8.207647
8.094264
15.302905
16.003092
8.573611
12.480473
8.645448
10.591716
11.389011
11.758358
9.946949
9.943356
8.120934
8.286284
14.505796
11.920344
13.148563
8.125226
8.119822
8.069799
12.474390
8.128477
13.186624
8.382124
15.815421
12.231445
8.035162
8.196935
8.324671
8.446615
10.969248
8.713045
8.137455
13.391129
16.086457
8.167888
8.091421
8.066206
8.131527
14.311077
9.036131
8.165166
12.349382
9.280488
8.515784
8.500432
10.134239
8.357746
12.667103
8.227485
11.709173
8.204454
8.111707
15.067842
15.858623
8.176328
8.163546
8.026022
8.121889
8.235888
8.458744
11.630320
15.035814
13.753599
8.067160
11.176348
8.040145
12.232365
9.308190
8.491506
8.284610
8.463135
8.315357
11.930086
9.735248
8.059017
8.282844
8.152541
9.888558
10.420463
13.340760
8.127262
8.133410
8.152996
11.499593
10.730136
8.017844
8.481660
8.112427
12.115411
11.805292
8.292641
8.269766
