0.005257
0.004747
0.004747
0.004760
0.004790
0.004796
0.004873
0.004872
0.004892
0.004905
0.004939
0.004986
0.005015
0.005059
0.005067
0.005688
0.006620
0.004963
0.005028
0.005545
0.003548
0.003578
0.003841
0.003652
0.003646
0.003648
0.003651
0.003646
0.003649
0.003669
0.003683
0.003714
0.003697
0.003698
0.003697
0.003682
0.003691
0.003698
0.003734
0.003702
0.003696
0.004305
0.005589
0.003713
0.003711
0.003686
0.003679
0.003677
0.003675
0.003673
0.003670
0.003669
0.003670
0.003675
0.003681
0.003667
0.003671
0.003678
0.003701
0.003678
0.003667
0.003668
0.003691
0.003677
0.003665
0.003677
0.003679
0.003734
0.003709
0.003680
0.003686
0.003677
0.003684
0.003684
0.003689
0.003700
0.003703
0.003693
0.003704
0.003689
0.003706
0.003735
0.003679
0.003690
0.003688
0.003699
0.003691
0.003681
0.003683
0.003707
0.003709
0.003699
0.003701
0.003703
0.003702
0.003692
0.003705
0.003702
0.003699
0.003697
