6.929619
6.957900
7.663268
7.051278
7.038500
7.073846
7.175966
7.407621
7.501660
6.905992
7.501266
7.057923
6.889328
9.151144
10.582116
6.898102
7.728915
6.889427
7.358301
13.175345
9.595317
11.922902
13.530864
9.786124
7.448735
6.900504
10.095270
8.923453
6.907057
6.936534
6.877324
7.345043
12.685300
8.642754
11.653967
6.972643
7.221719
6.873949
7.528041
11.083111
13.084585
7.804022
10.791767
7.360688
8.003100
13.117970
7.315601
8.550494
6.861186
13.475657
6.944607
9.444742
13.653881
13.569829
7.215051
8.064957
7.567144
13.546388
6.934211
11.314767
7.018439
7.343115
8.944706
7.232773
10.000491
6.871689
8.189384
13.486031
8.994369
12.857512
12.762955
13.550378
7.118856
6.938095
9.256634
12.920994
6.906150
10.658321
7.116007
13.689051
7.004981
10.841746
13.514070
6.930367
7.056027
7.006157
12.327924
6.872241
11.098495
13.512650
9.921525
11.897207
8.909643
6.871994
12.290780
7.958141
7.494109
11.043161
13.531388
6.961170
