3.625641
3.092274
2.676033
2.961421
3.228867
3.386615
3.329431
3.416441
3.228124
2.973361
3.221018
3.265491
3.325138
3.058471
2.972632
2.929719
1.988328
3.168065
3.128871
3.147377
3.044522
3.265727
3.184068
3.056322
2.968741
2.812652
3.232819
3.240577
3.750775
3.663422
3.434673
3.486647
3.316042
3.635119
3.648558
3.276842
3.227857
3.051758
2.784607
2.648320
2.258610
2.574334
2.206792
2.167285
2.441236
2.249096
2.393241
2.592573
2.219930
2.610526
3.191372
3.130977
3.144930
3.620874
3.339530
2.455462
3.414942
3.062352
3.035237
3.168869
3.101524
3.478576
3.517925
3.498566
3.206272
3.143272
2.594878
2.585757
2.864409
2.944568
2.375535
2.513383
2.507271
2.705747
2.929934
3.453769
2.622890
2.319767
2.664848
2.300793
2.933672
2.247929
2.298518
2.407143
2.545184
2.385801
3.716804
2.785322
2.060393
2.037556
2.097777
2.134711
2.542431
2.077348
2.227038
2.112241
1.970827
2.140542
2.302446
2.349188
