0.163973
0.165448
0.166588
0.165817
0.166018
0.168040
0.168125
0.168552
0.165422
0.169288
0.166835
0.167072
0.163924
0.167811
0.169215
0.169517
0.170186
0.169310
0.169168
0.169367
0.168861
0.168660
0.170510
0.170467
0.171901
0.172395
0.171526
0.171434
0.170890
0.174924
0.170561
0.171171
0.170357
0.170612
0.170664
0.171698
0.171549
0.171462
0.170954
0.170917
0.171727
0.176031
0.197166
0.177362
0.171479
0.171227
0.174218
0.172855
0.173266
0.173451
0.172737
0.172572
0.172958
0.173065
0.177136
0.199594
0.203330
0.206374
0.202316
0.203515
0.202284
0.203095
0.203930
0.202611
0.200941
0.200808
0.201161
0.201822
0.200037
0.200556
0.204753
0.206098
0.287040
0.203809
0.198833
0.198394
0.199879
0.200469
0.225090
0.198508
0.198374
0.199887
0.204382
0.204007
0.270764
0.201828
0.212793
0.199124
0.227038
0.211570
0.205321
0.204985
0.200141
0.196149
0.196006
0.195922
0.199254
0.200835
0.197975
0.199066
