0.113680
0.114609
0.113702
0.114854
0.114264
0.114903
0.114668
0.116386
0.116229
0.115848
0.116184
0.117050
0.116951
0.115659
0.114798
0.116135
0.114927
0.115257
0.116052
0.116191
0.116013
0.115426
0.104036
0.115212
0.115338
0.115265
0.115406
0.116239
0.115392
0.116708
0.115359
0.115837
0.115884
0.116605
0.115932
0.116375
0.116441
0.118771
0.116535
0.118497
0.118091
0.116975
0.119680
0.117508
0.116375
0.116773
0.118180
0.118231
0.116566
0.117200
0.117102
0.117191
0.117710
0.116749
0.116673
0.116842
0.118233
0.119168
0.118154
0.118251
0.119971
0.118268
0.118187
0.117954
0.118808
0.118346
0.118968
0.119474
0.118999
0.118217
0.119439
0.118793
0.120763
0.119079
0.118328
0.121326
0.118045
0.118520
0.119407
0.119422
0.119833
0.121832
0.118401
0.119468
0.118955
0.125890
0.126626
0.124964
0.125003
0.124620
0.124814
0.126236
0.124807
0.127193
0.125357
0.125397
0.126554
0.125481
0.127628
0.126995
