6.037699
6.051931
5.871316
5.496469
5.364407
3.861969
5.810085
5.127964
5.138403
5.705427
5.724729
5.933349
4.653037
5.993518
4.038281
4.562292
5.775440
5.934266
4.132465
3.173719
5.834491
5.484335
3.168326
4.380938
3.112046
3.350552
5.732525
3.136199
6.051272
3.191412
3.162517
3.116642
3.139989
3.352866
3.271947
4.263164
4.186183
5.974723
3.192274
3.160394
3.172680
5.950723
3.188509
3.159452
4.611382
3.333685
4.059412
4.219083
3.188788
6.083329
3.282899
3.197350
4.089113
4.598160
3.166514
3.177415
3.186968
3.198921
3.177818
5.867117
3.200089
3.171157
3.182993
6.039545
3.611305
3.160064
3.166355
4.693913
3.252534
3.219589
3.195412
3.212467
3.253551
3.171777
3.175661
3.189597
3.226638
3.181637
5.943531
3.385981
3.475427
6.108389
6.147835
3.203111
3.195900
3.366928
3.214787
3.251691
3.321257
5.830210
3.231088
3.256252
3.204598
3.214306
4.076968
6.006161
4.045326
3.205107
3.305513
3.238747
