0.012428
0.012195
0.012171
0.012172
0.012665
0.012183
0.012405
0.012150
0.012184
0.012229
0.012278
0.012307
0.012690
0.012398
0.012253
0.012236
0.012334
0.012254
0.034840
0.013078
0.013056
0.047772
0.012187
0.012193
0.012506
0.012459
0.012186
0.012267
0.012483
0.012186
0.012370
0.012223
0.012292
0.013280
0.012283
0.012281
0.012303
0.012483
0.012341
0.012313
0.012783
0.012885
0.019553
0.012355
0.012562
0.012304
0.012344
0.012332
0.012765
0.012803
0.012450
0.012429
0.012542
0.012360
0.012082
0.012374
0.012352
0.012238
0.012323
0.012272
0.012474
0.012691
0.013853
0.012553
0.035758
0.047820
0.014995
0.041261
0.012531
0.012658
0.012705
0.014439
0.013430
0.012750
0.012657
0.012644
0.022525
0.012708
0.013459
0.014122
0.015073
0.045080
0.013213
0.013134
0.022249
0.012657
0.012834
0.012903
0.028154
0.017869
0.063484
0.012558
0.012690
0.013422
0.013273
0.013150
0.013518
0.013824
0.018860
0.013465
