0.214867
0.210071
0.214668
0.208575
0.207903
0.193758
0.205719
0.207822
0.213768
0.212794
0.212888
0.214831
0.215481
0.215943
0.214687
0.213157
0.212503
0.211734
0.212447
0.211795
0.211548
0.210654
0.210392
0.210899
0.212096
0.213794
0.213771
0.214125
0.212720
0.213018
0.212329
0.211713
0.211857
0.212323
0.214734
0.212220
0.211665
0.212484
0.217563
0.214698
0.214146
0.212685
0.213019
0.213609
0.213594
0.214664
0.213228
0.213593
0.212306
0.217960
0.244797
0.247753
0.248646
0.250634
0.243444
0.244575
0.248358
0.247844
0.243634
0.244705
0.244769
0.242151
0.247901
0.249853
0.248737
0.262579
0.249457
0.247252
0.256246
0.269029
0.248216
0.249024
0.252316
0.282939
0.272113
0.251102
0.252252
0.251773
0.247082
0.248488
0.251416
0.250802
0.245766
0.246214
0.247510
0.255845
0.246456
0.216989
0.229178
0.241288
0.243672
0.241776
0.242511
0.244610
0.241664
0.242525
0.246870
0.246175
0.244840
0.244194
