7.405291
4.199343
7.333872
3.922271
3.838137
3.912008
4.675735
4.616257
4.378402
5.487269
4.230466
6.966479
3.875389
5.642701
7.035480
4.455274
7.228904
3.861875
3.872136
4.677418
4.219012
3.869886
6.248295
6.664525
7.534752
4.013990
3.952291
4.075726
3.965042
4.305977
3.987410
3.960008
3.940999
4.431364
7.521267
4.002299
6.507440
6.236578
4.300044
3.854618
4.971398
7.510316
3.887855
3.946149
5.408478
4.392546
3.832293
3.835333
3.843092
5.576544
3.935511
5.706515
3.836932
3.875433
6.398476
5.218972
4.002841
3.868378
3.864117
3.872015
3.861313
3.937611
7.429397
5.529425
3.949967
3.903680
3.849717
6.102261
5.769266
4.049523
4.065611
3.939404
3.963689
3.976535
4.007980
3.963754
3.911440
3.910573
7.206280
3.914489
4.597054
3.810643
4.439756
5.837090
5.666437
4.090911
4.028024
3.917057
4.890007
3.973883
5.857845
3.943937
3.940976
4.736061
3.952805
3.936593
3.972417
3.972228
4.004877
4.009832
