2.957998
2.971456
2.980908
2.973073
2.966514
2.862285
2.917851
2.942933
2.952861
2.938307
2.931203
2.935612
2.978457
2.978226
2.924332
2.940854
2.929190
2.934495
2.937597
2.974933
2.963099
2.973205
2.970226
2.980126
2.978587
2.959513
2.965797
2.947021
2.908234
2.915334
2.918541
2.926675
3.016973
2.928748
2.985554
3.103381
2.975725
2.965365
2.970413
2.974844
2.983572
2.976849
2.997425
2.977696
2.978588
2.983256
2.986006
2.986893
2.966704
2.971746
2.979029
2.968184
3.023435
2.966991
2.941079
2.954550
2.931139
3.154063
2.950553
2.987250
2.981410
2.971208
2.981585
2.979065
2.984971
2.987738
2.975588
2.982508
2.981774
2.994438
2.979167
2.981716
2.985152
2.977566
2.967523
2.966400
2.972747
2.970584
2.969874
3.028677
3.032429
2.980705
2.944429
2.972202
2.978005
2.981035
2.976520
2.996888
2.978642
2.979900
2.982640
2.986036
2.919394
2.913446
2.940744
2.995031
2.977903
2.986741
2.984583
2.994489
