0.064109
0.058951
0.058616
0.058732
0.058744
0.058796
0.058663
0.060978
0.062896
0.058280
0.058195
0.058370
0.058496
0.058499
0.058403
0.058498
0.058894
0.058587
0.057537
0.059561
0.058249
0.058313
0.058221
0.058137
0.058178
0.058532
0.061107
0.058213
0.058527
0.059706
0.059063
0.059806
0.061080
0.063354
0.060303
0.060879
0.060154
0.060732
0.058764
0.058172
0.058006
0.058090
0.057959
0.058002
0.058078
0.058200
0.057882
0.059374
0.059930
0.058314
0.058835
0.058088
0.057774
0.057995
0.057719
0.057951
0.057803
0.057853
0.057696
0.057766
0.057754
0.057770
0.058177
0.057812
0.057834
0.057739
0.059845
0.061509
0.058078
0.057452
0.057361
0.058033
0.058992
0.060283
0.060777
0.060284
0.060964
0.060554
0.060422
0.063260
0.058283
0.058251
0.058439
0.058534
0.060458
0.062102
0.059939
0.058698
0.058726
0.058728
0.058612
0.058498
0.058632
0.058710
0.058721
0.058615
0.058950
0.058745
0.058701
0.058627
