1.871717
1.991761
2.189048
1.808094
1.786011
2.169596
1.913994
1.669084
2.004719
1.882615
1.778959
1.904420
1.606774
1.795567
2.006394
1.886094
1.950068
2.766923
1.934082
1.624957
1.906492
1.747313
1.839199
1.834521
1.753172
1.813835
1.906729
1.627931
1.851902
2.059651
1.653896
1.780961
1.604790
1.755383
1.952394
1.597039
2.127099
1.895624
1.748498
1.779521
1.744661
1.738752
2.087752
1.663320
1.709821
1.678232
1.717228
1.965336
1.660777
1.898929
1.866766
1.594408
1.927144
1.915279
1.842874
2.150047
1.902642
1.663812
1.791945
1.755307
1.741171
1.753514
1.655906
1.868533
1.921128
1.633932
1.891961
1.886582
1.856083
1.825623
1.621828
1.819540
1.760176
1.637808
1.971327
1.922217
1.688950
1.770587
1.703886
1.666669
1.979415
1.807818
1.784061
1.979358
1.667405
1.844094
1.823650
1.787755
1.858932
1.633886
1.831878
1.920034
1.891443
2.294024
2.076525
1.695933
1.792221
1.971611
1.605712
1.764177
