0.466763
0.448722
0.716484
0.451354
0.425125
0.498722
0.424653
0.393900
0.782403
0.503446
0.474352
0.461843
0.445331
0.893358
0.448331
0.384310
0.489495
0.380722
0.414343
0.687720
0.593267
0.748488
0.460359
0.408401
0.490318
0.548388
0.399316
0.477266
0.376395
0.398477
0.449851
0.548845
0.462477
0.385933
0.436986
0.419859
0.389282
0.587704
0.443178
0.429604
0.402425
0.422062
0.432081
0.512546
0.496043
0.468576
0.393956
0.466503
0.387476
0.462667
0.553336
0.417500
0.401872
0.457550
0.424353
0.494900
0.663587
0.519735
0.422436
0.387406
0.470908
0.413485
0.686888
0.385433
0.393451
0.450026
0.390057
0.480101
0.548704
0.816397
0.672335
0.426281
0.455964
0.538181
0.441175
0.475619
0.425808
0.391888
0.435062
0.513321
0.754739
0.409240
0.479446
0.396878
0.408766
0.550873
0.525533
0.669065
0.433644
0.492199
0.472631
0.672279
0.421607
0.398943
0.439341
0.419627
0.510481
0.568020
0.395707
0.437053
