11.751461
10.179012
10.932942
10.980185
11.666743
11.833380
6.394120
11.711022
6.129860
6.124792
9.526230
10.651622
11.733425
6.213489
7.372468
6.137538
6.206258
7.345062
6.098452
8.649436
10.212837
6.422674
7.971744
6.507328
6.109075
6.318554
11.578942
11.960143
6.367228
7.315517
6.564133
7.892436
6.544197
11.774080
6.427422
6.135932
9.306531
11.867524
7.173736
9.102992
7.765800
11.487466
10.982211
8.147933
7.284946
6.293826
6.191187
6.107757
6.168558
9.208382
10.762339
6.143354
6.880921
7.085630
10.974214
11.276393
6.631871
8.933230
7.610372
8.065098
8.037685
6.634605
6.801398
6.142218
8.620444
7.582014
6.168998
6.422742
11.942828
10.021551
6.150871
10.254547
7.124220
6.196478
6.163750
7.622856
6.195167
6.151760
9.984879
11.244146
10.827037
11.509638
10.017646
9.666093
6.096783
6.182699
7.986433
11.919680
6.302115
7.837806
11.728202
6.395777
9.272089
6.167314
6.186128
7.187049
8.277419
9.742634
6.237365
8.332875
