1.416177
1.345462
1.378078
1.342742
1.222344
1.460462
1.225117
1.620451
1.237321
1.871310
1.285671
1.393125
1.248065
1.441043
1.224902
1.501235
1.241589
1.589958
1.253017
1.415672
1.529794
1.572981
1.361967
1.652641
1.660320
1.756110
1.198403
1.376982
1.228065
1.316476
1.221546
1.485948
1.220758
1.419435
1.284912
1.300647
1.254933
1.312215
1.535605
1.458786
1.427219
1.709576
1.493945
1.205062
1.374504
1.280085
1.517768
1.352415
1.497650
1.337255
1.440992
1.233760
1.496056
1.256843
1.475960
1.236965
1.541559
1.278397
1.710010
1.581516
1.483620
1.244016
1.378299
1.244215
1.611803
1.238327
1.445825
1.234247
1.420755
1.318467
1.501600
1.584973
1.766091
1.542821
1.617607
1.193166
1.371062
1.238583
1.406893
1.258201
1.508372
1.292406
1.480371
1.320326
1.328814
1.281512
1.369252
1.281683
1.193329
1.458702
1.492098
1.701355
1.196786
1.400968
1.203738
1.508949
1.242704
1.527739
1.381556
1.432511
