0.728618
0.747157
0.716965
0.717176
0.718229
0.716795
0.713523
0.713590
0.726917
0.718318
0.718912
0.720836
0.719822
0.719342
0.716008
0.720911
0.716001
0.716795
0.716990
0.715891
0.715604
0.719655
0.726498
0.719964
0.715004
0.719022
0.721514
0.718721
0.717273
0.719256
0.720650
0.721700
0.736335
0.816172
0.725880
0.718558
0.731371
0.717450
0.715700
0.730481
0.722533
0.715163
0.719688
0.720217
0.717958
0.720065
0.720029
0.720884
0.716327
0.717914
0.722398
0.719324
0.720541
0.744913
0.716825
0.719030
0.712063
0.726526
0.717152
0.717768
0.720244
0.718504
0.717914
0.718306
0.758337
0.718887
0.726420
0.719300
0.711222
0.711244
0.713288
0.722087
0.722900
0.720014
0.738775
0.722586
0.718866
0.722827
0.726013
0.720846
0.721739
0.726738
0.730376
0.725554
0.722327
0.725002
0.722255
0.721712
0.747282
0.725437
0.720618
0.719515
0.722669
0.720642
0.719754
0.738516
0.726178
0.720732
0.721941
0.746462
