0.171783
0.161916
0.159784
0.159391
0.159323
0.160584
0.160312
0.159834
0.157913
0.157746
0.158872
0.161045
0.157967
0.164092
0.164995
0.163576
0.161635
0.161939
0.161799
0.159469
0.158502
0.158355
0.158085
0.158069
0.159847
0.161393
0.158900
0.158384
0.159530
0.165296
0.165631
0.170329
0.165054
0.159331
0.159123
0.158937
0.159384
0.159178
0.164192
0.161056
0.159001
0.159476
0.159939
0.159225
0.166331
0.179440
0.170704
0.163463
0.158867
0.158495
0.159457
0.158524
0.163867
0.158581
0.158516
0.158854
0.159992
0.159206
0.159017
0.166208
0.167373
0.167489
0.163645
0.159150
0.158757
0.158806
0.163438
0.159050
0.158554
0.159357
0.158513
0.158529
0.158625
0.164324
0.163083
0.170331
0.179358
0.164627
0.160945
0.162351
0.165280
0.161671
0.160775
0.160473
0.160723
0.160883
0.162624
0.169483
0.161059
0.164444
0.169618
0.169838
0.163966
0.165818
0.162806
0.163021
0.165958
0.164791
0.164148
0.161858
