5.516287
5.130119
4.341420
5.501449
5.499308
5.545462
5.631595
5.538382
4.969996
5.741478
5.304806
4.895323
5.592021
5.587158
5.276092
4.720120
4.900894
4.907949
5.282951
4.278465
4.413015
3.448521
4.161189
4.450772
4.649120
4.398620
4.426708
3.868427
3.622854
5.328465
3.381479
3.697937
4.007252
3.685259
3.617379
3.460126
3.521436
3.368571
3.334549
3.907944
3.869375
3.704809
3.733556
3.767872
3.359244
3.708916
3.244533
3.339785
3.861474
3.385358
3.501698
3.055420
3.501656
3.844444
3.981094
3.996960
3.993752
3.249238
4.096981
3.836696
3.920682
3.813743
3.677387
3.486980
3.736025
3.739176
3.252328
3.446205
3.183098
3.107306
3.943440
3.239373
3.212213
3.276558
3.381679
3.351932
3.264946
3.106358
3.448813
3.602643
3.910531
3.679204
3.466842
3.463524
3.430796
3.862281
3.211981
3.430613
3.516966
3.439977
3.501641
3.175021
3.074127
3.102774
3.051485
3.426389
3.805995
3.076398
3.574832
3.174740
