0.491813
0.484237
0.494478
0.496913
0.506401
0.484942
0.482589
0.491739
0.482040
0.491953
0.486705
0.484703
0.495383
0.492336
0.491705
0.489996
0.485857
0.484047
0.485302
0.487047
0.493970
0.491044
0.492216
0.510050
0.490978
0.492501
0.500717
0.494990
0.485469
0.486130
0.498617
0.500308
0.498923
0.500908
0.498794
0.520816
0.497785
0.502136
0.497738
0.505641
0.504133
0.499826
0.500189
0.499094
0.499917
0.506074
0.499783
0.499096
0.500331
0.499051
0.507530
0.499214
0.498748
0.500173
0.489074
0.497302
0.486855
0.490579
0.486741
0.488184
0.495643
0.488877
0.493481
0.489421
0.490195
0.513979
0.510708
0.510434
0.500804
0.500520
0.502614
0.501100
0.501109
0.500408
0.501019
0.509044
0.504703
0.504072
0.502175
0.502038
0.506409
0.507184
0.501975
0.502441
0.501867
0.509706
0.502459
0.503504
0.502241
0.502787
0.505873
0.492705
0.489254
0.502883
0.509945
0.514281
0.503847
0.500985
0.495167
0.493282
