9.293544
8.413765
6.742860
9.241363
9.145416
9.324378
8.881187
9.341066
9.155958
9.131790
9.328272
7.926856
8.545673
8.862391
8.660374
6.661153
7.104266
8.945341
8.904962
5.404906
8.310594
5.046698
5.006482
5.011320
5.303504
5.098287
5.110061
5.140014
6.367570
5.019761
5.014401
5.045607
4.949978
5.068423
8.943164
5.056875
5.176967
6.116626
7.409367
6.524786
6.260364
5.044922
4.996899
5.675079
5.790348
9.280510
5.022834
5.114162
6.017825
4.962276
5.660633
6.668976
5.259810
5.006875
6.329460
5.128697
7.670119
4.976779
5.051622
5.054002
6.666327
5.004253
4.979485
7.453222
5.166961
5.031899
5.000571
5.070835
6.230392
5.013821
4.999024
5.728933
5.041979
5.028905
5.031493
5.077503
5.055684
5.084121
5.020159
6.538063
7.521007
4.988850
8.159709
4.991186
5.022720
5.007818
5.006859
4.989504
5.034710
5.041566
8.467249
5.071017
5.301825
5.017949
8.875491
8.533901
5.015063
4.954419
4.949141
5.787122
