6.666167
6.516675
7.308206
7.967228
7.093584
6.939440
6.054946
6.637717
6.883640
6.839552
6.706453
6.801328
6.659058
6.852388
7.799590
7.245990
6.504260
6.663929
6.807986
6.464207
6.333637
6.544517
6.261826
6.081243
6.507183
6.854051
6.626611
6.707190
6.329795
6.188849
6.548562
6.166666
6.417450
6.511727
6.327395
6.693368
6.704888
6.380948
6.469802
6.683487
6.111675
6.497895
6.547963
6.382921
6.014533
6.241007
7.415801
6.366252
6.749314
6.416599
6.454105
6.304495
6.778173
6.090902
6.452260
5.875151
7.213065
5.946235
6.553171
6.050058
5.872485
6.150510
6.593661
6.214478
6.126678
5.908712
6.361815
7.013812
6.366144
6.002315
6.508586
6.375064
7.023700
6.813569
6.445228
6.248086
6.372335
6.132395
6.716990
7.332454
6.165566
7.190775
6.376532
6.295623
6.909844
6.292130
6.680185
6.086517
7.221100
7.080548
6.420311
6.291256
6.292865
6.069861
6.209580
6.102621
6.088977
6.120623
6.135691
6.444719
