0.003760
0.002181
0.002191
0.002149
0.002145
0.002151
0.002151
0.002156
0.002245
0.002212
0.002169
0.002168
0.002143
0.002174
0.002141
0.002138
0.002142
0.002162
0.002144
0.002151
0.002148
0.002147
0.002154
0.002149
0.002151
0.002163
0.002158
0.002158
0.002158
0.002203
0.002164
0.002187
0.002199
0.002154
0.002194
0.002150
0.002183
0.002183
0.002169
0.002152
0.002213
0.002170
0.002187
0.002244
0.002160
0.002181
0.002160
0.002236
0.002176
0.002165
0.002181
0.002161
0.002169
0.002168
0.002161
0.002228
0.002187
0.002167
0.002193
0.002172
0.002158
0.002169
0.002158
0.002176
0.002177
0.002168
0.002159
0.002163
0.002179
0.002150
0.002168
0.002147
0.002177
0.002150
0.002169
0.002161
0.002288
0.002164
0.002187
0.002162
0.002167
0.002166
0.002159
0.002148
0.002160
0.002149
0.002153
0.002167
0.002161
0.002156
0.002172
0.002172
0.004853
0.002220
0.002207
0.002214
0.002201
0.002214
0.002219
0.002256
