0.010157
0.007555
0.007704
0.007626
0.007611
0.007743
0.007634
0.007684
0.007685
0.007729
0.007780
0.007783
0.007817
0.007813
0.007847
0.007850
0.007910
0.007913
0.007975
0.008023
0.008038
0.008078
0.008102
0.008173
0.008214
0.008323
0.008377
0.008462
0.008588
0.008646
0.008744
0.008829
0.008939
0.009017
0.009108
0.009215
0.009283
0.009382
0.009468
0.009561
0.009633
0.009729
0.009808
0.010248
0.010003
0.010014
0.010137
0.010202
0.010296
0.010372
0.010444
0.010557
0.010594
0.010702
0.012799
0.010935
0.010988
0.011082
0.011148
0.011207
0.011300
0.011390
0.011475
0.011549
0.011893
0.011750
0.011811
0.011825
0.011876
0.012011
0.012196
0.012175
0.012249
0.012356
0.012418
0.012496
0.012614
0.012746
0.012736
0.012805
0.012892
0.012965
0.013039
0.013133
0.013199
0.013274
0.013374
0.013451
0.013523
0.013600
0.013716
0.013819
0.013912
0.014069
0.014214
0.014184
0.016014
0.014713
0.014833
0.014578
